theta 2pi*dcos S11 S12 S13 S14 S21 S22 S23 S24 S31 S32 S33 S34 S41 S42 S43 S44 S12_norm S13_norm S14_norm S21_norm S22_norm S23_norm S24_norm S31_norm S32_norm S33_norm S34_norm S41_norm S42_norm S43_norm S44_norm
0 2.39246e-06 149.82 1.30168e-15 -1.2571e-16 0.318473 1.31075e-15 149.711 0.699266 2.98513e-18 -1.26124e-16 -0.699266 149.711 3.24188e-17 0.318474 4.95198e-18 -4.18098e-17 149.679 8.6883e-18 -8.3907e-19 0.0021257 8.74879e-18 0.999271 0.00466736 1.99247e-20 -8.41836e-19 -0.00466736 0.999271 2.16384e-19 0.0021257 3.30528e-20 -2.79066e-19 0.999059
0.1 1.91397e-05 149.806 0.000124194 -3.68097e-06 0.318438 0.000124681 149.697 0.699165 -1.99518e-07 -2.09703e-06 -0.699165 149.697 0.00103712 0.318438 4.75982e-06 -0.00103762 149.665 8.29031e-07 -2.45715e-08 0.00212566 8.32279e-07 0.999271 0.00466713 -1.33184e-09 -1.39983e-08 -0.00466713 0.999271 6.92306e-06 0.00212567 3.17732e-08 -6.92641e-06 0.999059
0.2 3.82793e-05 149.764 0.000496721 -1.47191e-05 0.318333 0.000498666 149.655 0.698863 -8.00123e-07 -8.38578e-06 -0.698863 149.655 0.00414742 0.318332 1.90324e-05 -0.00414942 149.623 3.31668e-06 -9.82816e-08 0.00212556 3.32967e-06 0.999271 0.00466641 -5.34255e-09 -5.59932e-08 -0.00466641 0.999271 2.7693e-05 0.00212555 1.27082e-07 -2.77063e-05 0.999059
0.3 5.74188e-05 149.694 0.00111742 -3.31e-05 0.318157 0.00112179 149.585 0.698358 -1.80796e-06 -1.88592e-05 -0.698358 149.585 0.00932773 0.318154 4.27971e-05 -0.00933223 149.553 7.46464e-06 -2.21117e-07 0.00212538 7.49384e-06 0.999271 0.00466523 -1.20777e-08 -1.25985e-07 -0.00466523 0.999271 6.23118e-05 0.00212536 2.85896e-07 -6.23419e-05 0.999058
0.4 7.65581e-05 149.597 0.001986 -5.87998e-05 0.317912 0.00199376 149.487 0.697653 -3.23326e-06 -3.35056e-05 -0.697653 149.487 0.0165728 0.317906 7.60195e-05 -0.0165808 149.456 1.32757e-05 -3.93055e-07 0.00212513 1.33276e-05 0.99927 0.00466356 -2.16132e-08 -2.23973e-07 -0.00466356 0.99927 0.000110783 0.00212509 5.08163e-07 -0.000110836 0.999057
0.5 9.56972e-05 149.471 0.00310208 -9.1785e-05 0.317598 0.00311419 149.362 0.696747 -5.0903e-06 -5.23086e-05 -0.696747 149.362 0.0258751 0.317587 0.000118652 -0.0258876 149.33 2.07538e-05 -6.14066e-07 0.00212481 2.08347e-05 0.999269 0.00466142 -3.40555e-08 -3.49958e-07 -0.00466142 0.999269 0.000173112 0.00212474 7.9381e-07 -0.000173195 0.999056
0.6 0.000114836 149.317 0.00446517 -0.000132013 0.317213 0.00448257 149.208 0.695641 -7.39739e-06 -7.52472e-05 -0.695641 149.208 0.0372254 0.317197 0.000170632 -0.0372433 149.176 2.99039e-05 -8.84109e-07 0.00212442 3.00204e-05 0.999268 0.00465881 -4.95414e-08 -5.03941e-07 -0.00465881 0.999268 0.000249304 0.00212432 1.14274e-06 -0.000249424 0.999054
0.7 0.000133974 149.136 0.00607466 -0.000179431 0.316759 0.00609827 149.027 0.694336 -1.01768e-05 -0.000102296 -0.694336 149.027 0.0506119 0.316737 0.000231884 -0.0506363 148.995 4.07323e-05 -1.20313e-06 0.00212396 4.08906e-05 0.999267 0.00465572 -6.82382e-08 -6.85922e-07 -0.00465572 0.999267 0.000339367 0.00212381 1.55485e-06 -0.000339531 0.999052
0.8 0.000153112 148.927 0.00792982 -0.000233977 0.316236 0.00796057 148.818 0.692832 -1.34546e-05 -0.000133424 -0.692832 148.818 0.066021 0.316207 0.000302321 -0.0660528 148.786 5.32463e-05 -1.57109e-06 0.00212343 5.34528e-05 0.999265 0.00465215 -9.03438e-08 -8.959e-07 -0.00465215 0.999265 0.000443311 0.00212323 2.02999e-06 -0.000443524 0.99905
0.9 0.00017225 148.691 0.0100298 -0.000295582 0.315643 0.0100686 148.581 0.691131 -1.7261e-05 -0.000168597 -0.691131 148.581 0.0834371 0.315607 0.00038184 -0.0834772 148.549 6.74543e-05 -1.9879e-06 0.00212282 6.77152e-05 0.999264 0.00464811 -1.16087e-07 -1.13388e-06 -0.00464811 0.999264 0.000561145 0.00212257 2.56802e-06 -0.000561415 0.999048
1 0.000191387 148.427 0.0123737 -0.000364163 0.314982 0.0124214 148.317 0.689234 -2.16297e-05 -0.000207776 -0.689233 148.317 0.102842 0.314937 0.000470327 -0.102892 148.285 8.33659e-05 -2.45349e-06 0.00212214 8.36874e-05 0.999262 0.00464359 -1.45726e-07 -1.39986e-06 -0.00464359 0.999262 0.000692883 0.00212184 3.16874e-06 -0.000693216 0.999045
1.1 0.000210523 148.136 0.0149605 -0.000439634 0.314252 0.015018 148.026 0.687141 -2.65981e-05 -0.000250917 -0.687141 148.026 0.124217 0.314198 0.000567652 -0.124277 147.994 0.000100992 -2.96778e-06 0.00212138 0.00010138 0.99926 0.0046386 -1.79553e-07 -1.69383e-06 -0.00463859 0.999259 0.000838536 0.00212102 3.83198e-06 -0.000838939 0.999042
1.2 0.000229659 147.817 0.017789 -0.000521895 0.313455 0.0178571 147.708 0.684856 -3.22074e-05 -0.000297972 -0.684855 147.708 0.147539 0.31339 0.000673676 -0.14761 147.675 0.000120344 -3.53067e-06 0.00212055 0.000120805 0.999258 0.00463312 -2.17886e-07 -2.01582e-06 -0.00463312 0.999257 0.00099812 0.00212012 4.55749e-06 -0.000998599 0.999038
1.3 0.000248794 147.472 0.0208579 -0.000610839 0.312589 0.0209374 147.362 0.682378 -3.85019e-05 -0.00034889 -0.682378 147.362 0.172786 0.312513 0.000788246 -0.172869 147.33 0.000141436 -4.14207e-06 0.00211965 0.000141976 0.999255 0.00462717 -2.61079e-07 -2.3658e-06 -0.00462717 0.999254 0.00117165 0.00211914 5.34505e-06 -0.00117221 0.999034
1.4 0.000267929 147.1 0.0241659 -0.000706352 0.311655 0.0242576 146.99 0.67971 -4.55296e-05 -0.000403612 -0.67971 146.99 0.199931 0.311568 0.000911195 -0.200026 146.957 0.000164282 -4.80185e-06 0.00211866 0.000164906 0.999252 0.00462074 -3.09515e-07 -2.74379e-06 -0.00462073 0.999252 0.00135915 0.00211807 6.19439e-06 -0.0013598 0.99903
1.5 0.000287062 146.701 0.0277114 -0.000808309 0.310655 0.0278161 146.591 0.676854 -5.33417e-05 -0.000462079 -0.676853 146.591 0.228946 0.310556 0.00104235 -0.229055 146.558 0.000188897 -5.5099e-06 0.0021176 0.000189611 0.99925 0.00461383 -3.63607e-07 -3.14979e-06 -0.00461382 0.999248 0.00156063 0.00211693 7.10523e-06 -0.00156137 0.999026
1.6 0.000306195 146.276 0.031493 -0.000916577 0.309588 0.0316114 146.166 0.673811 -6.19922e-05 -0.000524226 -0.673811 146.166 0.259802 0.309476 0.00118151 -0.259926 146.133 0.000215298 -6.26608e-06 0.00211646 0.000216108 0.999247 0.00460643 -4.23802e-07 -3.58381e-06 -0.00460643 0.999245 0.00177611 0.0021157 8.07725e-06 -0.00177695 0.999021
1.7 0.000325327 145.825 0.0355088 -0.00103102 0.308455 0.0356416 145.714 0.670584 -7.15383e-05 -0.000589984 -0.670583 145.714 0.292469 0.308329 0.00132848 -0.292608 145.681 0.000243503 -7.07025e-06 0.00211524 0.000244414 0.999243 0.00459856 -4.90577e-07 -4.04584e-06 -0.00459856 0.999241 0.00200562 0.00211438 9.11014e-06 -0.00200657 0.999016
1.8 0.000344457 145.347 0.0397572 -0.00115148 0.307256 0.039905 145.237 0.667175 -8.204e-05 -0.00065928 -0.667174 145.237 0.326912 0.307117 0.00148306 -0.327067 145.204 0.000273532 -7.92227e-06 0.00211394 0.000274549 0.99924 0.00459021 -5.64441e-07 -4.53589e-06 -0.0045902 0.999237 0.00224918 0.00211298 1.02035e-05 -0.00225024 0.99901
1.9 0.000363587 144.844 0.0442361 -0.00127781 0.305992 0.0443995 144.734 0.663586 -9.35599e-05 -0.000732039 -0.663585 144.733 0.363097 0.305838 0.00164501 -0.363269 144.7 0.000305404 -8.82196e-06 0.00211256 0.000306532 0.999236 0.00458137 -6.45934e-07 -5.05396e-06 -0.00458136 0.999233 0.00250681 0.00211149 1.13571e-05 -0.00250799 0.999004
2 0.000382716 144.316 0.0489435 -0.00140985 0.304664 0.0491232 144.205 0.65982 -0.000106163 -0.000808179 -0.659818 144.205 0.400987 0.304495 0.0018141 -0.401176 144.171 0.000339142 -9.76917e-06 0.00211109 0.000340387 0.999232 0.00457205 -7.3563e-07 -5.60007e-06 -0.00457204 0.999228 0.00277854 0.00210992 1.25703e-05 -0.00277985 0.998998
2.1 0.000401843 143.762 0.0538774 -0.00154741 0.303271 0.0540739 143.651 0.655879 -0.000119917 -0.000887619 -0.655876 143.65 0.440544 0.303087 0.00199009 -0.440751 143.617 0.000374768 -1.07637e-05 0.00210954 0.000376135 0.999228 0.00456225 -8.34134e-07 -6.17422e-06 -0.00456223 0.999223 0.0030644 0.00210825 1.38429e-05 -0.00306584 0.998991
2.2 0.000420969 143.183 0.0590356 -0.00169034 0.301815 0.0592493 143.072 0.651765 -0.000134891 -0.00097027 -0.651763 143.071 0.481728 0.301615 0.00217273 -0.481954 143.038 0.000412308 -1.18054e-05 0.00210789 0.0004138 0.999224 0.00455196 -9.42084e-07 -6.77641e-06 -0.00455194 0.999218 0.00336441 0.0021065 1.51744e-05 -0.00336599 0.998983
2.3 0.000440094 142.58 0.0644156 -0.00183843 0.300297 0.0646471 142.469 0.647482 -0.000151156 -0.00105604 -0.647479 142.468 0.524497 0.30008 0.00236174 -0.524742 142.434 0.000451786 -1.2894e-05 0.00210616 0.000453409 0.999219 0.00454119 -1.06015e-06 -7.40667e-06 -0.00454117 0.999212 0.00367861 0.00210465 1.65643e-05 -0.00368034 0.998975
2.4 0.000459218 141.952 0.0700151 -0.0019915 0.298716 0.0702647 141.841 0.643033 -0.000168786 -0.00114484 -0.643029 141.839 0.568808 0.298483 0.00255687 -0.569073 141.806 0.00049323 -1.40294e-05 0.00210434 0.000494989 0.999214 0.00452992 -1.18904e-06 -8.06498e-06 -0.0045299 0.999206 0.00400704 0.0021027 1.80122e-05 -0.0040089 0.998967
2.5 0.00047834 141.3 0.0758316 -0.00214935 0.297074 0.0760997 141.189 0.63842 -0.000187856 -0.00123657 -0.638416 141.187 0.614616 0.296825 0.00275782 -0.614901 141.153 0.000536669 -1.52112e-05 0.00210243 0.000538567 0.999209 0.00451817 -1.32948e-06 -8.75138e-06 -0.00451815 0.999199 0.00434971 0.00210067 1.95174e-05 -0.00435173 0.998958
2.6 0.000497461 140.625 0.0818623 -0.00231178 0.295371 0.0821492 140.513 0.633646 -0.000208441 -0.00133114 -0.633642 140.511 0.661875 0.295105 0.00296431 -0.662182 140.477 0.000582133 -1.64394e-05 0.00210042 0.000584173 0.999204 0.00450594 -1.48225e-06 -9.46587e-06 -0.0045059 0.999193 0.00470667 0.00209853 2.10795e-05 -0.00470885 0.998949
2.7 0.00051658 139.926 0.0881046 -0.00247858 0.293609 0.0884106 139.814 0.628716 -0.000230619 -0.00142843 -0.62871 139.812 0.710538 0.293326 0.00317604 -0.710866 139.777 0.000629652 -1.77135e-05 0.00209832 0.000631839 0.999198 0.00449321 -1.64815e-06 -1.02085e-05 -0.00449317 0.999185 0.00507796 0.0020963 2.2698e-05 -0.0050803 0.998939
2.8 0.000535698 139.204 0.0945557 -0.00264953 0.291787 0.094881 139.091 0.623631 -0.000254467 -0.00152834 -0.623624 139.089 0.760555 0.291488 0.0033927 -0.760905 139.055 0.000679261 -1.90335e-05 0.00209611 0.000681598 0.999193 0.00447998 -1.82802e-06 -1.09792e-05 -0.00447994 0.999177 0.00546361 0.00209396 2.43722e-05 -0.00546612 0.998928
2.9 0.000554814 138.459 0.101213 -0.00282442 0.289906 0.101557 138.346 0.618395 -0.000280066 -0.00163078 -0.618388 138.344 0.811876 0.289591 0.00361399 -0.812248 138.309 0.000730993 -2.0399e-05 0.00209381 0.000733483 0.999187 0.00446627 -2.02273e-06 -1.17781e-05 -0.00446622 0.999169 0.00586366 0.00209153 2.61015e-05 -0.00586635 0.998917
3 0.000573928 137.692 0.108072 -0.00300301 0.287969 0.108437 137.579 0.613013 -0.000307493 -0.00173562 -0.613005 137.576 0.864451 0.287636 0.00383959 -0.864845 137.541 0.000784884 -2.18097e-05 0.0020914 0.000787531 0.99918 0.00445206 -2.2332e-06 -1.26051e-05 -0.004452 0.99916 0.00627815 0.00208898 2.78853e-05 -0.00628102 0.998905
3.1 0.00059304 136.903 0.115132 -0.00318509 0.285974 0.115516 136.79 0.607487 -0.000336829 -0.00184275 -0.607477 136.787 0.918225 0.285626 0.00406916 -0.918643 136.751 0.000840972 -2.32653e-05 0.00208888 0.000843778 0.999174 0.00443736 -2.46035e-06 -1.34603e-05 -0.00443729 0.99915 0.00670713 0.00208634 2.9723e-05 -0.00671018 0.998892
3.2 0.000612151 136.092 0.122387 -0.0033704 0.283924 0.122791 135.979 0.601821 -0.000368152 -0.00195207 -0.60181 135.975 0.973145 0.283559 0.00430239 -0.973586 135.94 0.000899297 -2.47656e-05 0.00208626 0.000902264 0.999167 0.00442215 -2.70517e-06 -1.43437e-05 -0.00442208 0.999141 0.00715063 0.00208358 3.16138e-05 -0.00715387 0.998879
3.3 0.00063126 135.26 0.129836 -0.00355873 0.281819 0.13026 135.147 0.596018 -0.000401544 -0.00206345 -0.596007 135.143 1.02916 0.281438 0.00453894 -1.02962 135.107 0.000959899 -2.63102e-05 0.00208353 0.000963029 0.99916 0.00440645 -2.96867e-06 -1.52554e-05 -0.00440637 0.99913 0.00760872 0.00208071 3.3557e-05 -0.00761215 0.998865
3.4 0.000650367 134.408 0.137475 -0.00374982 0.279659 0.137918 134.294 0.590084 -0.000437082 -0.00217678 -0.590071 134.289 1.0862 0.279263 0.00477846 -1.08669 134.253 0.00102282 -2.78989e-05 0.00208068 0.00102612 0.999152 0.00439025 -3.25191e-06 -1.61954e-05 -0.00439016 0.999119 0.00808142 0.00207773 3.5552e-05 -0.00808505 0.998851
3.5 0.000669472 133.535 0.1453 -0.00394344 0.277447 0.145762 133.42 0.58402 -0.000474844 -0.00229194 -0.584006 133.415 1.14423 0.277036 0.00502061 -1.14474 133.379 0.00108811 -2.95312e-05 0.00207772 0.00109157 0.999145 0.00437355 -3.55596e-06 -1.71636e-05 -0.00437344 0.999107 0.00856879 0.00207464 3.75978e-05 -0.00857262 0.998835
3.6 0.000688575 132.642 0.153307 -0.00413933 0.275182 0.153789 132.527 0.577833 -0.000514909 -0.0024088 -0.577816 132.521 1.20318 0.274757 0.00526505 -1.20371 132.485 0.0011558 -3.12069e-05 0.00207463 0.00115943 0.999137 0.00435635 -3.88196e-06 -1.81602e-05 -0.00435622 0.999094 0.00907089 0.00207142 3.96939e-05 -0.00907492 0.998819
3.7 0.000707676 131.729 0.161494 -0.00433724 0.272867 0.161994 131.614 0.571524 -0.000557353 -0.00252725 -0.571506 131.608 1.26299 0.272427 0.00551143 -1.26354 131.571 0.00122595 -3.29255e-05 0.00207143 0.00122975 0.999129 0.00433864 -4.23106e-06 -1.91852e-05 -0.0043385 0.999081 0.00958776 0.00206809 4.18392e-05 -0.009592 0.998802
3.8 0.000726775 130.797 0.169856 -0.00453693 0.270501 0.170375 130.682 0.565099 -0.000602251 -0.00264716 -0.565079 130.675 1.3236 0.270048 0.00575939 -1.32418 130.638 0.00129862 -3.46867e-05 0.00206809 0.00130258 0.99912 0.00432042 -4.60446e-06 -2.02387e-05 -0.00432027 0.999067 0.0101195 0.00206463 4.40329e-05 -0.0101239 0.998784
3.9 0.000745871 129.847 0.178389 -0.00473813 0.268086 0.178926 129.732 0.558562 -0.000649675 -0.00276841 -0.55854 129.724 1.38495 0.26762 0.00600858 -1.38556 129.687 0.00137384 -3.64901e-05 0.00206463 0.00137798 0.999111 0.00430169 -5.00339e-06 -2.13206e-05 -0.00430152 0.999052 0.010666 0.00206104 4.62743e-05 -0.0106707 0.998765
4 0.000764965 128.878 0.187089 -0.0049406 0.265623 0.187644 128.763 0.551916 -0.000699699 -0.00289087 -0.551892 128.754 1.44699 0.265145 0.00625864 -1.44762 128.717 0.00145167 -3.83353e-05 0.00206104 0.00145598 0.999102 0.00428245 -5.42914e-06 -2.2431e-05 -0.00428227 0.999037 0.0112275 0.00205733 4.85623e-05 -0.0112324 0.998745
4.1 0.000784057 127.892 0.195953 -0.00514406 0.263113 0.196526 127.776 0.545166 -0.000752391 -0.00301442 -0.54514 127.767 1.50964 0.262624 0.00650921 -1.5103 127.729 0.00153217 -4.02219e-05 0.0020573 0.00153665 0.999092 0.00426271 -5.88301e-06 -2.35701e-05 -0.0042625 0.99902 0.0118041 0.00205348 5.08961e-05 -0.0118092 0.998724
4.2 0.000803147 126.888 0.204976 -0.00534828 0.260557 0.205566 126.772 0.538317 -0.000807819 -0.00313894 -0.538288 126.762 1.57286 0.260057 0.00675993 -1.57354 126.724 0.00161541 -4.21494e-05 0.00205343 0.00162005 0.999082 0.00424244 -6.36637e-06 -2.47378e-05 -0.00424222 0.999003 0.0123956 0.0020495 5.32746e-05 -0.012401 0.998702
4.3 0.000822234 125.868 0.214155 -0.00555298 0.257956 0.21476 125.751 0.531372 -0.000866048 -0.00326429 -0.531341 125.74 1.63657 0.257447 0.00701046 -1.63727 125.702 0.00170142 -4.41175e-05 0.00204942 0.00170623 0.999072 0.00422166 -6.8806e-06 -2.59342e-05 -0.00422141 0.998985 0.0130023 0.00204537 5.56969e-05 -0.0130079 0.998679
4.4 0.000841318 124.831 0.223484 -0.00575791 0.255312 0.224105 124.714 0.524337 -0.00092714 -0.00339034 -0.524303 124.702 1.70072 0.254794 0.00726042 -1.70144 124.663 0.00179029 -4.61256e-05 0.00204526 0.00179526 0.999062 0.00420036 -7.42715e-06 -2.71594e-05 -0.00420009 0.998966 0.0136242 0.00204111 5.81619e-05 -0.01363 0.998655
4.5 0.0008604 123.779 0.23296 -0.00596281 0.252625 0.233596 123.661 0.517214 -0.000991155 -0.00351699 -0.517178 123.648 1.76524 0.252099 0.00750947 -1.76599 123.609 0.00188207 -4.81732e-05 0.00204094 0.00188721 0.999051 0.00417854 -8.00749e-06 -2.84135e-05 -0.00417825 0.998946 0.0142613 0.0020367 6.06686e-05 -0.0142673 0.99863
4.6 0.00087948 122.71 0.242578 -0.00616742 0.249896 0.243228 122.593 0.51001 -0.00105815 -0.00364409 -0.50997 122.579 1.83007 0.249364 0.00775724 -1.83083 122.539 0.00197683 -5.02599e-05 0.00203647 0.00198213 0.999039 0.0041562 -8.62314e-06 -2.96966e-05 -0.00415588 0.998925 0.0149137 0.00203214 6.32158e-05 -0.0149199 0.998604
4.7 0.000898556 121.628 0.252333 -0.00637148 0.247127 0.252996 121.509 0.502728 -0.00112818 -0.00377152 -0.502685 121.494 1.89514 0.24659 0.00800339 -1.89593 121.454 0.00207464 -5.23852e-05 0.00203184 0.00208009 0.999028 0.00413334 -9.27566e-06 -3.10087e-05 -0.00413299 0.998902 0.0155815 0.00202742 6.58024e-05 -0.015588 0.998576
4.8 0.00091763 120.53 0.262222 -0.00657474 0.244319 0.262897 120.412 0.495372 -0.00120128 -0.00389916 -0.495326 120.395 1.96039 0.243778 0.00824756 -1.9612 120.355 0.00217557 -5.45485e-05 0.00202704 0.00218117 0.999016 0.00410994 -9.96666e-06 -3.235e-05 -0.00410956 0.998879 0.0162647 0.00202255 6.84274e-05 -0.0162715 0.998547
4.9 0.000936701 119.419 0.272239 -0.00677694 0.241474 0.272926 119.3 0.487948 -0.00127752 -0.00402688 -0.487899 119.282 2.02576 0.24093 0.00848941 -2.0266 119.242 0.00227969 -5.67493e-05 0.00202207 0.00228545 0.999003 0.00408602 -1.06978e-05 -3.37206e-05 -0.00408561 0.998855 0.0169635 0.00201752 7.10893e-05 -0.0169705 0.998516
5 0.00095577 118.294 0.282379 -0.00697783 0.238591 0.283077 118.175 0.48046 -0.00135692 -0.00415456 -0.480407 118.156 2.09119 0.238045 0.00872859 -2.09204 118.115 0.00238709 -5.8987e-05 0.00201693 0.00239299 0.99899 0.00406156 -1.14707e-05 -3.51205e-05 -0.00406112 0.998829 0.0176779 0.00201232 7.37871e-05 -0.0176851 0.998485
5.1 0.000974835 117.157 0.292639 -0.00717715 0.235673 0.293346 117.037 0.472912 -0.00143954 -0.00428208 -0.472855 117.016 2.15661 0.235127 0.00896477 -2.15748 116.975 0.00249784 -6.12611e-05 0.00201161 0.00250388 0.998977 0.00403657 -1.22873e-05 -3.655e-05 -0.00403609 0.998802 0.0184079 0.00200695 7.65194e-05 -0.0184153 0.998451
5.2 0.000993897 116.007 0.303013 -0.00737466 0.232721 0.303729 115.887 0.465308 -0.00152539 -0.00440931 -0.465248 115.865 2.22196 0.232176 0.0091976 -2.22285 115.823 0.00261203 -6.35709e-05 0.0020061 0.0026182 0.998963 0.00401104 -1.31491e-05 -3.8009e-05 -0.00401052 0.998774 0.0191537 0.0020014 7.9285e-05 -0.0191614 0.998417
5.3 0.00101296 114.845 0.313496 -0.00757012 0.229736 0.314219 114.724 0.457655 -0.00161452 -0.00453614 -0.457591 114.701 2.28717 0.229193 0.00942676 -2.28808 114.659 0.00272973 -6.59159e-05 0.0020004 0.00273603 0.998949 0.00398498 -1.40582e-05 -3.94979e-05 -0.00398442 0.998744 0.0199153 0.00199567 8.20824e-05 -0.0199232 0.998381
5.4 0.00103201 113.672 0.324083 -0.00776327 0.226719 0.324813 113.551 0.449955 -0.00170694 -0.00466244 -0.449887 113.526 2.35219 0.22618 0.00965192 -2.35311 113.484 0.00285104 -6.82954e-05 0.00199451 0.00285746 0.998935 0.00395837 -1.50163e-05 -4.10167e-05 -0.00395777 0.998713 0.0206928 0.00198977 8.49103e-05 -0.0207009 0.998343
5.5 0.00105107 112.488 0.33477 -0.00795388 0.223672 0.335504 112.366 0.442214 -0.00180267 -0.00478811 -0.442141 112.34 2.41694 0.223138 0.00987276 -2.41789 112.297 0.00297605 -7.07087e-05 0.00198841 0.00298258 0.998919 0.00393121 -1.60255e-05 -4.25655e-05 -0.00393057 0.99868 0.0214862 0.00198367 8.77673e-05 -0.0214946 0.998303
5.6 0.00107012 111.294 0.345551 -0.00814171 0.220596 0.346289 111.172 0.434436 -0.00190174 -0.00491302 -0.434359 111.143 2.48138 0.220069 0.010089 -2.48234 111.1 0.00310485 -7.31552e-05 0.00198211 0.00311149 0.998904 0.00390351 -1.70876e-05 -4.41446e-05 -0.00390282 0.998646 0.0222958 0.00197737 9.06518e-05 -0.0223044 0.998262
5.7 0.00108916 110.09 0.35642 -0.00832653 0.217492 0.357161 109.967 0.426625 -0.00200415 -0.00503706 -0.426544 109.937 2.54543 0.216973 0.0103003 -2.54641 109.893 0.00323755 -7.56341e-05 0.00197559 0.00324428 0.998888 0.00387525 -1.82047e-05 -4.57542e-05 -0.00387451 0.998611 0.0231215 0.00197088 9.35624e-05 -0.0231303 0.998218
5.8 0.00110821 108.876 0.367374 -0.00850812 0.214361 0.368116 108.753 0.418787 -0.00210991 -0.00516012 -0.418701 108.721 2.60905 0.213852 0.0105063 -2.61004 108.677 0.00337423 -7.81448e-05 0.00196885 0.00338105 0.998871 0.00384645 -1.9379e-05 -4.73943e-05 -0.00384566 0.998573 0.0239634 0.00196418 9.64976e-05 -0.0239725 0.998173
5.9 0.00112725 107.654 0.378406 -0.00868624 0.211205 0.379148 107.531 0.410925 -0.00221901 -0.00528209 -0.410834 107.496 2.67216 0.210708 0.0107068 -2.67316 107.452 0.00351502 -8.06865e-05 0.00196188 0.00352191 0.998854 0.00381708 -2.06124e-05 -4.90654e-05 -0.00381624 0.998534 0.0248217 0.00195726 9.94556e-05 -0.024831 0.998126
6 0.00172656 106.424 0.389512 -0.00886069 0.208025 0.390252 106.3 0.403044 -0.00233146 -0.00540287 -0.402948 106.264 2.7347 0.207541 0.0109015 -2.73572 106.219 0.00366 -8.32585e-05 0.00195468 0.00366696 0.998836 0.00378716 -2.19073e-05 -5.07674e-05 -0.00378626 0.998494 0.0256963 0.00195013 0.000102435 -0.0257059 0.998077
6.2 0.00236869 103.941 0.411922 -0.00919771 0.201598 0.412655 103.816 0.387243 -0.00256634 -0.00564042 -0.387138 103.775 2.85788 0.201145 0.0112724 -2.85892 103.73 0.00396304 -8.84899e-05 0.00193955 0.00397009 0.998799 0.00372562 -2.46904e-05 -5.42657e-05 -0.0037246 0.998407 0.0274953 0.00193519 0.00010845 -0.0275053 0.997973
6.4 0.00244479 101.431 0.434561 -0.00951752 0.195092 0.43528 101.305 0.37142 -0.00281439 -0.00587197 -0.371303 101.26 2.97811 0.194676 0.0116169 -2.97917 101.214 0.0042843 -9.38324e-05 0.0019234 0.00429139 0.99876 0.0036618 -2.77468e-05 -5.78913e-05 -0.00366065 0.998312 0.029361 0.0019193 0.00011453 -0.0293714 0.997859
6.6 0.00252085 98.8988 0.457384 -0.00981858 0.188517 0.458084 98.772 0.355608 -0.00307537 -0.00609675 -0.35548 98.7216 3.09496 0.188145 0.011933 -3.09603 98.6749 0.00462477 -9.92791e-05 0.00190616 0.00463184 0.998718 0.00359568 -3.10962e-05 -6.16464e-05 -0.00359439 0.998208 0.0312942 0.0019024 0.000120658 -0.0313051 0.997736
6.8 0.00259689 96.3483 0.480349 -0.0100995 0.181883 0.481022 96.2205 0.339842 -0.00334897 -0.00631405 -0.339703 96.1648 3.20799 0.181562 0.0122189 -3.20908 96.1173 0.00498554 -0.000104822 0.00188777 0.00499253 0.998673 0.00352723 -3.4759e-05 -6.55336e-05 -0.00352578 0.998096 0.0332958 0.00188444 0.00012682 -0.033307 0.997602
7 0.00267289 93.7836 0.503409 -0.0103588 0.175202 0.504049 93.6548 0.324155 -0.00363475 -0.00652321 -0.324004 93.5936 3.3168 0.174939 0.0124731 -3.31789 93.5452 0.00536777 -0.000110454 0.00186815 0.0053746 0.998626 0.00345641 -3.87568e-05 -6.95559e-05 -0.0034548 0.997973 0.0353665 0.00186534 0.000132998 -0.0353781 0.997457
7.2 0.00274886 91.2089 0.526519 -0.0105954 0.168483 0.52712 91.0789 0.308579 -0.00393221 -0.00672361 -0.308415 91.0119 3.42099 0.168284 0.0126941 -3.42208 90.9627 0.00577267 -0.000116166 0.00184723 0.00577927 0.998575 0.00338321 -4.31122e-05 -7.37166e-05 -0.00338142 0.997841 0.0375072 0.00184504 0.000139176 -0.0375192 0.997301
7.4 0.0028248 88.628 0.549634 -0.0108082 0.161739 0.550189 88.4969 0.293145 -0.00424075 -0.00691469 -0.292969 88.4238 3.52019 0.16161 0.0128806 -3.52128 88.3737 0.00620159 -0.00012195 0.00182492 0.00620785 0.998522 0.00330759 -4.78489e-05 -7.80193e-05 -0.0033056 0.997696 0.0397187 0.00182347 0.000145333 -0.039731 0.997131
7.6 0.00290071 86.0449 0.572709 -0.0109961 0.154979 0.57321 85.9128 0.277883 -0.00455968 -0.00709596 -0.277695 85.8333 3.61406 0.154927 0.0130316 -3.61514 85.7823 0.00665593 -0.000127794 0.00180114 0.00666176 0.998464 0.00322951 -5.29919e-05 -8.24681e-05 -0.00322732 0.99754 0.042002 0.00180054 0.000151451 -0.0420145 0.996948
7.8 0.00297657 83.4636 0.595696 -0.0111583 0.148215 0.596138 83.3303 0.262822 -0.00488822 -0.00726696 -0.262621 83.2442 3.70226 0.148245 0.0131462 -3.70333 83.1923 0.00713719 -0.000133691 0.0017758 0.00714249 0.998403 0.00314895 -5.85671e-05 -8.70674e-05 -0.00314654 0.997371 0.0443578 0.00177617 0.000157509 -0.0443706 0.99675
8 0.00305241 80.8877 0.61855 -0.0112941 0.141456 0.618925 80.7533 0.247991 -0.00522551 -0.00742732 -0.247777 80.6603 3.78451 0.141574 0.0132238 -3.78556 80.6076 0.00764701 -0.000139627 0.00174879 0.00765165 0.998338 0.00306586 -6.4602e-05 -9.18225e-05 -0.00306322 0.997188 0.0467872 0.00175026 0.000163484 -0.0468002 0.996536
8.2 0.0031282 78.3211 0.641224 -0.011403 0.134713 0.641526 78.1855 0.233415 -0.00557061 -0.0075767 -0.233188 78.0854 3.86052 0.134925 0.0132639 -3.86155 78.0318 0.00818712 -0.000145593 0.00172001 0.00819097 0.998269 0.00298023 -7.11253e-05 -9.67389e-05 -0.00297734 0.996991 0.049291 0.00172272 0.000169353 -0.0493041 0.996306
8.4 0.00320396 75.7673 0.663674 -0.0114844 0.127997 0.663895 75.6305 0.219119 -0.00592251 -0.00771484 -0.21888 75.5231 3.93005 0.128307 0.0132662 -3.93105 75.4685 0.00875937 -0.000151575 0.00168934 0.00876229 0.998196 0.002892 -7.81671e-05 -0.000101823 -0.00288885 0.996777 0.0518701 0.00169344 0.000175092 -0.0518832 0.996057
8.6 0.00327968 73.2297 0.685852 -0.0115381 0.121317 0.685986 73.0918 0.205128 -0.00628011 -0.00784153 -0.204876 72.9768 3.99288 0.12173 0.0132307 -3.99384 72.9214 0.00936576 -0.00015756 0.00165666 0.0093676 0.998117 0.00280115 -8.57591e-05 -0.000107081 -0.00279772 0.996547 0.0545254 0.0016623 0.000180673 -0.0545385 0.99579
8.8 0.00335535 70.7118 0.707714 -0.0115638 0.114683 0.707755 70.5728 0.191462 -0.00664228 -0.00795664 -0.191198 70.4501 4.04881 0.115203 0.0131574 -4.04973 70.3937 0.0100084 -0.000163535 0.00162184 0.010009 0.998033 0.00270764 -9.39344e-05 -0.000112522 -0.00270391 0.996298 0.0572578 0.00162919 0.00018607 -0.0572709 0.995501
9 0.00343099 68.2169 0.729213 -0.0115616 0.108106 0.729155 68.0767 0.178143 -0.00700779 -0.00806006 -0.177868 67.9461 4.09767 0.108735 0.0130467 -4.09855 67.8889 0.0106896 -0.000169483 0.00158474 0.0106888 0.997944 0.00261142 -0.000102728 -0.000118153 -0.00260739 0.99603 0.0600683 0.00159396 0.000191253 -0.0600812 0.995191
9.2 0.00350659 65.7481 0.750306 -0.0115316 0.101594 0.750143 65.6067 0.16519 -0.00737538 -0.00815177 -0.164903 65.4681 4.13934 0.102336 0.0128992 -4.14017 65.4099 0.0114118 -0.00017539 0.0015452 0.0114094 0.997849 0.00251247 -0.000112176 -0.000123985 -0.00250811 0.995741 0.0629576 0.00155649 0.000196191 -0.0629702 0.994857
9.4 0.00358214 63.3083 0.770948 -0.0114739 0.0951566 0.770674 63.1657 0.15262 -0.00774375 -0.00823179 -0.152322 63.019 4.1737 0.0960143 0.0127155 -4.17447 62.96 0.0121777 -0.000181238 0.00150307 0.0121733 0.997748 0.00241074 -0.000122318 -0.000130027 -0.00240604 0.99543 0.0659265 0.00151661 0.00020085 -0.0659388 0.994497
9.6 0.00365765 60.9005 0.791096 -0.0113889 0.0888031 0.790706 60.7568 0.140449 -0.00811155 -0.00830021 -0.140141 60.6019 4.20066 0.0897776 0.0124965 -4.20138 60.5419 0.01299 -0.000187009 0.00145817 0.0129836 0.997639 0.0023062 -0.000133193 -0.000136291 -0.00230114 0.995095 0.0689758 0.00147417 0.000205196 -0.0689876 0.994111
9.8 0.00373311 58.5275 0.810706 -0.0112772 0.0825419 0.810195 58.3825 0.128691 -0.0084774 -0.00835715 -0.128373 58.2193 4.22019 0.0836342 0.0122434 -4.22085 58.1585 0.0138517 -0.000192682 0.00141031 0.013843 0.997523 0.00219881 -0.000144845 -0.00014279 -0.00219337 0.994735 0.0721062 0.00142897 0.00020919 -0.0721174 0.993696
10 0.00380853 56.1917 0.829736 -0.0111393 0.0763814 0.8291 56.0455 0.117358 -0.00883991 -0.0084028 -0.11703 55.8741 4.23226 0.0775919 0.0119572 -4.23285 55.8123 0.0147662 -0.000198238 0.0013593 0.0147549 0.997399 0.00208853 -0.000157317 -0.000149538 -0.0020827 0.994348 0.0753183 0.00138084 0.000212793 -0.0753288 0.993249
10.2 0.0038839 53.8956 0.848146 -0.010976 0.0703296 0.84738 53.7483 0.106462 -0.00919766 -0.00843739 -0.106125 53.5685 4.23687 0.0716581 0.0116395 -4.23739 53.5059 0.0157368 -0.000203653 0.00130492 0.0157226 0.997267 0.00197533 -0.000170657 -0.000156551 -0.00196909 0.993931 0.0786126 0.00132957 0.000215963 -0.0786222 0.99277
10.4 0.00395923 51.6416 0.865895 -0.0107881 0.0643942 0.864996 51.4931 0.0960108 -0.00954925 -0.00846118 -0.0956665 51.3051 4.23406 0.0658396 0.0112917 -4.2345 51.2416 0.0167674 -0.000208903 0.00124695 0.01675 0.997125 0.00185918 -0.000184914 -0.000163844 -0.00185251 0.993484 0.0819894 0.00127493 0.000218655 -0.081998 0.992254
10.6 0.0040345 49.4317 0.882943 -0.0105766 0.0585826 0.881908 49.2821 0.0860128 -0.00989325 -0.00847451 -0.0856614 49.0858 4.22388 0.0601433 0.0109155 -4.22425 49.0215 0.0178619 -0.000213963 0.00118512 0.0178409 0.996973 0.00174003 -0.00020014 -0.000171439 -0.00173292 0.993002 0.0854489 0.00121669 0.00022082 -0.0854563 0.991701
10.8 0.00410973 47.268 0.899253 -0.0103424 0.0529018 0.898078 47.1173 0.0764737 -0.0102283 -0.00847771 -0.0761159 46.9128 4.20643 0.0545753 0.0105127 -4.20672 46.8476 0.0190246 -0.000218804 0.00111919 0.0189997 0.996811 0.00161787 -0.000216389 -0.000179354 -0.0016103 0.992486 0.088991 0.00115459 0.000222407 -0.0889971 0.991107
11 0.00418491 45.1523 0.914788 -0.0100869 0.0473583 0.913471 45.0004 0.0673978 -0.010553 -0.00847118 -0.0670344 44.788 4.18181 0.0491416 0.0100853 -4.18201 44.7219 0.02026 -0.000223397 0.00104886 0.0202309 0.996637 0.00149268 -0.000233719 -0.000187614 -0.00148463 0.991931 0.0926157 0.00108835 0.000223361 -0.0926201 0.990469
11.2 0.00426003 43.0863 0.929511 -0.00981116 0.0419583 0.928052 42.9333 0.0587878 -0.010866 -0.00845534 -0.0584198 42.7129 4.15016 0.0438477 0.00963512 -4.15028 42.6461 0.0215733 -0.00022771 0.00097382 0.0215394 0.99645 0.00136442 -0.000252191 -0.000196242 -0.00135588 0.991335 0.0963222 0.00101767 0.000223624 -0.0963249 0.989784
11.4 0.00433511 41.0714 0.943389 -0.00951654 0.0367076 0.941786 40.9174 0.0506451 -0.011166 -0.00843063 -0.050273 40.6893 4.11165 0.0386988 0.00916441 -4.11168 40.6216 0.0229695 -0.000231707 0.00089375 0.0229304 0.996249 0.0012331 -0.000271867 -0.000205267 -0.00122404 0.990695 0.10011 0.000942231 0.000223133 -0.10011 0.989048
11.6 0.00441013 39.1092 0.95639 -0.00920443 0.0316117 0.954641 38.9541 0.0429692 -0.0114517 -0.00839752 -0.042594 38.7184 4.06645 0.0336996 0.00867529 -4.06639 38.65 0.0244544 -0.000235352 0.000808294 0.0244096 0.996034 0.0010987 -0.000292815 -0.00021472 -0.00108911 0.990008 0.103977 0.00086168 0.000221822 -0.103975 0.988259
11.8 0.0044851 37.2007 0.96848 -0.00887628 0.0266755 0.966586 37.0445 0.0357585 -0.0117221 -0.0083565 -0.0353809 36.8015 4.01477 0.0288545 0.00817001 -4.01461 36.7324 0.0260339 -0.000238605 0.000717069 0.025983 0.995803 0.000961231 -0.000315103 -0.000224633 -0.000951082 0.989271 0.107922 0.000775644 0.00021962 -0.107918 0.987411
12 0.0139046 35.347 0.979632 -0.0085336 0.0219035 0.977593 35.1899 0.0290097 -0.0119758 -0.00830808 -0.0286305 34.9398 3.95684 0.0241674 0.00765083 -3.95659 34.8699 0.0277147 -0.000241424 0.00061967 0.027657 0.995554 0.000820712 -0.000338806 -0.000235043 -0.000809984 0.98848 0.111943 0.000683719 0.000216449 -0.111936 0.986501
13 0.0246683 26.9278 1.02038 -0.00665781 0.000636219 1.01764 26.7661 0.00199571 -0.0129618 -0.00797316 -0.00161777 26.4853 3.5825 0.00321387 0.00492804 -3.58177 26.412 0.0378931 -0.000247247 2.36268e-05 0.0377915 0.993994 7.41132e-05 -0.000481353 -0.000296094 -6.00781e-05 0.983566 0.133041 0.000119352 0.00018301 -0.133014 0.980846
14 0.0265294 19.9539 1.03419 -0.0046616 -0.0160926 1.03084 19.7885 -0.0146377 -0.0134128 -0.00753114 0.0150063 19.4867 3.09489 -0.01342 0.00220345 -3.09371 19.4109 0.0518287 -0.000233618 -0.000806486 0.0516612 0.991709 -0.000733572 -0.000672188 -0.000377426 0.000752047 0.976584 0.155102 -0.000672548 0.000110427 -0.155042 0.972785
15 0.0283823 14.4019 1.01944 -0.00274415 -0.0282005 1.01564 14.2337 -0.0224712 -0.0132956 -0.00704063 0.0228372 13.9225 2.53654 -0.0256712 -0.000264247 -2.53495 13.845 0.0707852 -0.000190541 -0.00195812 0.0705214 0.988326 -0.0015603 -0.000923185 -0.000488869 0.00158571 0.966716 0.176126 -0.00178249 -1.83481e-05 -0.176015 0.961336
16 0.0302266 10.1796 0.975837 -0.00107775 -0.0358552 0.971777 10.0099 -0.0234382 -0.0126479 -0.00654542 0.0238264 9.7014 1.95168 -0.0336896 -0.00227725 -1.94976 9.62325 0.0958622 -0.000105874 -0.00352227 0.0954634 0.98333 -0.00230247 -0.00124248 -0.000642995 0.00234061 0.953026 0.191725 -0.00330953 -0.000223708 -0.191537 0.945349
17 0.0320617 7.14384 0.904462 0.000210601 -0.0394386 0.900356 6.97367 -0.0195915 -0.0115725 -0.00606953 0.0200447 6.67942 1.38189 -0.0378051 -0.00371963 -1.37975 6.60165 0.126607 2.94801e-05 -0.00552064 0.126032 0.976179 -0.00274243 -0.00161993 -0.000849617 0.00280586 0.93499 0.193438 -0.00529198 -0.000520676 -0.193139 0.924103
18 0.0338871 5.11838 0.807754 0.00104994 -0.0394995 0.803819 4.94874 -0.012897 -0.0102214 -0.00561648 0.0134714 4.67831 0.862512 -0.0384874 -0.00456391 -0.860263 4.60194 0.157814 0.000205132 -0.00771718 0.157045 0.966856 -0.00251974 -0.001997 -0.00109732 0.00263197 0.914021 0.168513 -0.00751944 -0.00089167 -0.168073 0.899101
19 0.0357021 3.91121 0.689436 0.00142782 -0.0366986 0.685866 3.74294 -0.00507306 -0.00877119 -0.00517253 0.00583022 3.50315 0.420204 -0.0363044 -0.0048634 -0.417949 3.42912 0.176272 0.000365058 -0.00938293 0.175359 0.956978 -0.00129706 -0.00224258 -0.00132249 0.00149064 0.895669 0.107436 -0.00928214 -0.00124345 -0.106859 0.876744
20 0.0375062 3.32993 0.554369 0.00138491 -0.0317524 0.551323 3.16368 0.00251516 -0.00739604 -0.0047131 -0.00151979 2.95806 0.0716991 -0.0318808 -0.00473266 -0.069531 2.88717 0.166481 0.000415898 -0.00953544 0.165566 0.950074 0.000755317 -0.00222108 -0.00141537 -0.000456401 0.888323 0.0215317 -0.00957401 -0.00142125 -0.0208806 0.867035
21 0.0392989 3.19411 0.408354 0.00100349 -0.0253805 0.405933 3.03028 0.00890355 -0.00624146 -0.00421088 -0.00763308 2.85901 -0.176235 -0.0258608 -0.0043205 0.178241 2.79183 0.127846 0.000314169 -0.00794605 0.127088 0.948709 0.00278749 -0.00195405 -0.00131833 -0.00238974 0.895088 -0.0551749 -0.00809643 -0.00135265 0.0558031 0.874056
22 0.0410797 3.34408 0.257855 0.000391911 -0.018261 0.256105 3.18284 0.0135256 -0.00540396 -0.00364402 -0.0119732 3.04314 -0.325824 -0.0188752 -0.00378067 0.327615 2.98 0.0771078 0.000117195 -0.00546069 0.0765845 0.951782 0.00404462 -0.00161598 -0.00108969 -0.0035804 0.910008 -0.0974331 -0.00564436 -0.00113056 0.0979687 0.891126
23 0.0428479 3.64649 0.109683 -0.000332194 -0.0109958 0.108586 3.48776 0.0161678 -0.00491992 -0.00300301 -0.0143649 3.37459 -0.386597 -0.0115144 -0.00324553 0.38814 3.31554 0.0300791 -9.10997e-05 -0.00301544 0.0297783 0.956472 0.00443381 -0.00134922 -0.000823536 -0.00393938 0.925435 -0.106019 -0.00315767 -0.000890043 0.106442 0.909242
24 0.0446031 3.99652 -0.0293809 -0.00105767 -0.00408763 -0.029897 3.84007 0.0168997 -0.00476494 -0.0022949 -0.0149185 3.74698 -0.373272 -0.00430726 -0.00280702 0.374553 3.69183 -0.00735162 -0.000264647 -0.0010228 -0.00748075 0.960854 0.0042286 -0.00119227 -0.000574225 -0.00373288 0.937561 -0.0933992 -0.00107775 -0.000702366 0.0937198 0.923762
25 0.0463447 4.31765 -0.152989 -0.00169245 0.00207215 -0.153045 4.1631 0.0159902 -0.00486341 -0.00154429 -0.0139404 4.08324 -0.303545 0.00229592 -0.00250755 0.304568 4.03156 -0.0354335 -0.000391985 0.000479925 -0.0354463 0.964205 0.00370344 -0.0011264 -0.000357669 -0.00322869 0.945709 -0.0703034 0.000531752 -0.000580767 0.0705402 0.933739
26 0.0480722 4.55937 -0.255646 -0.0021719 0.00720708 -0.255393 4.40626 0.0138263 -0.00510603 -0.000791033 -0.0118442 4.33322 -0.196047 0.00793615 -0.00234153 0.196827 4.2844 -0.0560704 -0.000476361 0.00158072 -0.0560151 0.966419 0.0030325 -0.0011199 -0.000173496 -0.00259776 0.950398 -0.0429986 0.00174062 -0.000513563 0.0431697 0.939691
27 0.049785 4.69367 -0.333099 -0.0024622 0.0111519 -0.332711 4.54153 0.0108416 -0.00537183 -8.50465e-05 -0.00907387 4.46998 -0.0686294 0.0123553 -0.00226616 0.069195 4.42332 -0.0709677 -0.000524578 0.00237594 -0.0708851 0.967585 0.00230984 -0.00114448 -1.81194e-05 -0.00193321 0.952343 -0.0146217 0.00263233 -0.000482811 0.0147422 0.942401
28 0.0514827 4.71088 -0.382682 -0.00255923 0.0138443 -0.382334 4.55924 0.00746061 -0.0055504 0.000520718 -0.00604445 4.48539 0.0628853 0.0154024 -0.00221846 -0.062498 4.44014 -0.0812338 -0.000543261 0.0029388 -0.0811599 0.967811 0.0015837 -0.00117821 0.000110535 -0.00128308 0.952135 0.013349 0.00326954 -0.000470923 -0.0132667 0.94253
29 0.0531646 4.6153 -0.403555 -0.00248382 0.0153145 -0.40341 4.46377 0.00406053 -0.00556063 0.000977992 -0.00310314 4.38543 0.185505 0.0170361 -0.00213459 -0.185252 4.3409 -0.0874385 -0.00053817 0.00331819 -0.0874071 0.967168 0.000879798 -0.00120482 0.000211902 -0.000672358 0.950193 0.0401935 0.00369123 -0.000462502 -0.0401386 0.940544
30 0.0548304 4.42116 -0.396816 -0.00227447 0.0156719 -0.397013 4.26943 0.000949722 -0.00536276 0.00125034 -0.000510105 4.18586 0.28944 0.0173229 -0.0019672 -0.289271 4.14147 -0.0897539 -0.00051445 0.00354475 -0.0897984 0.965681 0.000214813 -0.00121298 0.000282807 -0.000115378 0.946779 0.065467 0.00391818 -0.000444951 -0.0654287 0.936737
31 0.0564795 4.14889 -0.365458 -0.00197918 0.0150923 -0.366099 3.99674 -0.00164211 -0.00496222 0.00131862 0.00156536 3.90837 0.368141 0.0164288 -0.00169748 -0.368002 3.86369 -0.0880857 -0.000477038 0.00363768 -0.0882403 0.963326 -0.000395796 -0.00119604 0.000317825 0.000377296 0.942029 0.0887324 0.00395981 -0.00040914 -0.0886989 0.931259
32 0.0581114 3.82205 -0.314149 -0.00164751 0.0138018 -0.315296 3.66933 -0.00356512 -0.00440508 0.0011841 0.00303797 3.57734 0.418101 0.0146049 -0.00133945 -0.417937 3.53214 -0.0821938 -0.000431055 0.00361111 -0.0824939 0.960043 -0.000932778 -0.00115254 0.000309808 0.000794853 0.935973 0.109392 0.00382121 -0.000350452 -0.109349 0.924149
33 0.0597256 3.46481 -0.248857 -0.001324 0.0120596 -0.250524 3.31146 -0.00474612 -0.00376668 0.000868743 0.00389387 3.2173 0.438514 0.0121651 -0.000936174 -0.438271 3.17157 -0.0718242 -0.000382128 0.00348061 -0.0723053 0.95574 -0.00136981 -0.00108712 0.000250733 0.00112383 0.928564 0.126562 0.00351103 -0.000270195 -0.126492 0.915366
34 0.0613216 3.1 -0.176336 -0.00104352 0.0101382 -0.178492 2.946 -0.00518345 -0.00313593 0.000412857 0.00417633 2.8511 0.430858 0.00945764 -0.000548988 -0.430492 2.80498 -0.0568827 -0.00033662 0.0032704 -0.0575779 0.950323 -0.00167208 -0.00101159 0.00013318 0.0013472 0.919709 0.138986 0.00305085 -0.000177093 -0.138868 0.904833
35 0.0628989 2.74766 -0.103518 -0.000828862 0.00830128 -0.106088 2.59304 -0.0049408 -0.00259832 -0.00012942 0.00397219 2.49853 0.398457 0.0068317 -0.000242332 -0.397935 2.45232 -0.0376749 -0.000301661 0.00302122 -0.0386104 0.943726 -0.00179818 -0.000945649 -4.71019e-05 0.00144566 0.909328 0.145017 0.00248637 -8.81956e-05 -0.144827 0.892512
36 0.064457 2.42408 -0.0368833 -0.000690395 0.00678066 -0.0397619 2.26888 -0.00413954 -0.00222089 -0.000696152 0.00339983 2.17549 0.346038 0.00460175 -6.77433e-05 -0.345344 2.12959 -0.0152154 -0.000284807 0.00279721 -0.0164029 0.935976 -0.00170768 -0.00091618 -0.000287182 0.00140253 0.89745 0.14275 0.00189835 -2.7946e-05 -0.142464 0.878514
37 0.0659956 2.14119 0.0181285 -0.000627402 0.00575439 0.0150713 1.98548 -0.00294836 -0.00204138 -0.00122425 0.00259834 1.89356 0.279283 0.00301442 -5.05388e-05 -0.278422 1.84839 0.00846655 -0.000293015 0.00268747 0.00703875 0.927276 -0.00137697 -0.000953383 -0.00057176 0.0012135 0.884349 0.130433 0.00140782 -2.36031e-05 -0.130031 0.863253
38 0.067514 1.90642 0.0576009 -0.000630546 0.00532808 0.0545048 1.75026 -0.00156884 -0.00206327 -0.00165593 0.00171675 1.65987 0.204382 0.00222142 -0.000182157 -0.20338 1.61585 0.0302142 -0.000330749 0.00279481 0.0285902 0.918086 -0.000822925 -0.00108228 -0.000868605 0.00090051 0.870677 0.107207 0.00116523 -9.55493e-05 -0.106682 0.847584
39 0.0690118 1.72273 0.0794548 -0.000684888 0.00552284 0.0764557 1.56621 -0.000216445 -0.00225697 -0.00194426 0.000902239 1.47726 0.127577 0.00226273 -0.000419913 -0.126481 1.43474 0.0461213 -0.000397559 0.00320585 0.0443804 0.909139 -0.00012564 -0.00131011 -0.00112859 0.000523725 0.857511 0.0740549 0.00131345 -0.000243748 -0.0734186 0.832826
40 0.10628 1.58912 0.0835601 -0.000772955 0.00627211 0.0807764 1.43231 0.000902494 -0.00256635 -0.0020574 0.000286996 1.34469 0.0547135 0.00306313 -0.000694326 -0.053584 1.30392 0.0525828 -0.000486405 0.00394691 0.050831 0.901325 0.000567922 -0.00161495 -0.00129468 0.000180601 0.846186 0.0344301 0.00192757 -0.000436926 -0.0337194 0.820533
42 0.146749 1.45195 0.0469241 -0.000983388 0.00878393 0.0448023 1.29489 0.00180815 -0.00323934 -0.0017192 2.43706e-05 1.20979 -0.0602677 0.00614493 -0.00102546 0.0612558 1.17288 0.032318 -0.00067729 0.00604976 0.0308567 0.891828 0.00124533 -0.00223103 -0.00118407 1.67848e-05 0.833221 -0.0415082 0.0042322 -0.000706265 0.0421887 0.807802
44 0.152348 1.43472 -0.0229865 -0.00115933 0.011107 -0.0244032 1.27782 0.000558585 -0.00352604 -0.000739861 0.00118789 1.19535 -0.116004 0.00930635 -0.000653497 0.116625 1.16211 -0.0160216 -0.000808055 0.00774163 -0.0170091 0.890647 0.000389335 -0.00245765 -0.000515685 0.00082796 0.833165 -0.0808552 0.00648655 -0.000455489 0.0812881 0.809992
46 0.157761 1.46563 -0.0888093 -0.0012664 0.0114615 -0.0897763 1.30921 -0.00217401 -0.00312444 0.000551356 0.0031721 1.22863 -0.112031 0.0103834 0.000453175 0.112229 1.19841 -0.0605944 -0.000864062 0.00782017 -0.0612542 0.89327 -0.00148333 -0.0021318 0.000376189 0.00216432 0.838292 -0.0764385 0.00708456 0.000309201 0.0765735 0.817674
48 0.162982 1.48602 -0.122063 -0.00133748 0.00902794 -0.122991 1.33002 -0.00474054 -0.00211893 0.0017195 0.00472993 1.24865 -0.0689154 0.00840117 0.00175098 0.0688464 1.22085 -0.0821409 -0.000900044 0.00607526 -0.0827654 0.895026 -0.0031901 -0.00142591 0.00115712 0.00318296 0.840265 -0.0463759 0.00565348 0.00117831 0.0463294 0.821555
50 0.168004 1.46393 -0.113685 -0.00144477 0.00445915 -0.114927 1.30792 -0.00542778 -0.000890919 0.00238427 0.00463526 1.2215 -0.0171433 0.00411511 0.00247064 0.0171049 1.19582 -0.0776576 -0.00098691 0.00304602 -0.0785059 0.893431 -0.00370768 -0.00060858 0.00162867 0.00316631 0.834398 -0.0117105 0.002811 0.00168767 0.0116842 0.816853
52 0.172821 1.39478 -0.0741316 -0.00165615 -0.000409926 -0.0758011 1.238 -0.00351193 0.000100069 0.00236502 0.00246394 1.14279 0.0168548 -0.000422047 0.00215791 -0.0165792 1.11924 -0.0531493 -0.00118739 -0.000293901 -0.0543463 0.887598 -0.00251791 7.17454e-05 0.00169563 0.00176655 0.819333 0.0120842 -0.000302591 0.00154714 -0.0118866 0.802452
54 0.177428 1.29238 -0.0246153 -0.00199079 -0.00352717 -0.026528 1.13409 0.000202671 0.000529931 0.00175604 -0.000994932 1.02918 0.02085 -0.00302339 0.00101379 -0.0201462 1.00791 -0.0190465 -0.00154041 -0.00272921 -0.0205265 0.877523 0.00015682 0.000410043 0.00135877 -0.000769846 0.796347 0.016133 -0.0023394 0.000784442 -0.0155885 0.779889
56 0.181819 1.17696 0.0147588 -0.00239447 -0.00372667 0.0129925 1.01675 0.00374427 0.000319681 0.00089231 -0.00402341 0.905001 -0.00117903 -0.00258533 -0.000218316 0.0021845 0.886036 0.0125398 -0.00203446 -0.00316637 0.0110391 0.863883 0.00318132 0.000271617 0.000758151 -0.00341849 0.768934 -0.00100177 -0.00219663 -0.000185492 0.00185606 0.752821
58 0.185988 1.06586 0.0336699 -0.00275319 -0.00134135 0.0324457 0.903805 0.00506458 -0.000385173 0.000209246 -0.00486444 0.790529 -0.0348326 0.000339316 -0.000747226 0.035826 0.773724 0.0315896 -0.00258308 -0.00125847 0.030441 0.847962 0.00475165 -0.000361375 0.000196318 -0.00456388 0.741684 -0.0326804 0.000318351 -0.000701058 0.0336124 0.725918
60 0.286303 0.969452 0.0335711 -0.00294685 0.00201682 0.0330851 0.805974 0.00322083 -0.00132658 5.38786e-05 -0.00272677 0.696165 -0.0645842 0.0039119 -0.000269417 0.0652147 0.681317 0.0346289 -0.00303971 0.00208037 0.0341276 0.83137 0.00332232 -0.00136838 5.55763e-05 -0.00281269 0.718101 -0.0666192 0.00403516 -0.000277907 0.0672696 0.702785
64 0.394175 0.831981 0.0139595 -0.0027194 0.00438658 0.0143688 0.666748 -0.00575439 -0.00304209 0.00149442 0.00649544 0.566269 -0.0845747 0.00557475 0.00169153 0.0840588 0.555383 0.0167787 -0.00326859 0.00527245 0.0172706 0.801398 -0.00691649 -0.00365644 0.00179622 0.00780719 0.680627 -0.101655 0.00670057 0.00203314 0.101034 0.667543
68 0.406626 0.757987 0.013931 -0.00239594 -0.00132571 0.0137091 0.590786 -0.00849135 -0.00385296 0.00339724 0.00951617 0.48366 -0.0761023 -0.00132818 0.000411587 0.0752335 0.478013 0.0183789 -0.00316093 -0.00174898 0.0180862 0.779414 -0.0112025 -0.00508315 0.00448192 0.0125545 0.638085 -0.100401 -0.00175224 0.000543 0.0992543 0.630634
72 0.417095 0.718992 0.0237879 -0.00281514 -0.00529595 0.0229692 0.550013 -0.00148719 -0.00311174 0.00334156 0.00225197 0.423781 -0.0807006 -0.0061316 -0.00290656 0.0803251 0.423976 0.033085 -0.0039154 -0.00736579 0.0319463 0.764977 -0.00206844 -0.00432792 0.00464755 0.00313212 0.589409 -0.112241 -0.00852804 -0.00404254 0.111719 0.589681
76 0.425533 0.67645 0.0176696 -0.0033206 -0.0021765 0.0177583 0.507776 0.00279723 -0.000719048 0.00141889 -0.00301005 0.369281 -0.0891152 -0.00365527 -0.00288896 0.0887132 0.375254 0.0261211 -0.00490887 -0.00321754 0.0262522 0.750648 0.00413516 -0.00106297 0.00209755 -0.00444978 0.54591 -0.131739 -0.0054036 -0.00427076 0.131145 0.55474
80 0.431897 0.608558 0.00674608 -0.00310839 0.000771905 0.0078739 0.439885 -0.00148169 0.00068928 5.06067e-05 0.00106018 0.301634 -0.0777636 -0.000672751 -0.000506916 0.0766782 0.315422 0.0110853 -0.00510779 0.00126842 0.0129386 0.722831 -0.00243475 0.00113264 8.31584e-05 0.00174211 0.495654 -0.127783 -0.00110548 -0.000832978 0.126 0.518311
84 0.436158 0.536345 0.0154775 -0.00287116 -0.0020996 0.0159986 0.363848 -0.00587999 -0.00122849 0.00121122 0.00668722 0.22667 -0.0594662 -0.00265065 -0.000281939 0.0583473 0.250463 0.0288574 -0.00535319 -0.00391464 0.029829 0.678384 -0.0109631 -0.00229048 0.00225828 0.0124681 0.422619 -0.110873 -0.00494206 -0.000525667 0.108787 0.466982
88 0.328636 0.497011 0.0370238 -0.00300382 -0.00530419 0.0364386 0.318747 -0.00404118 -0.00302496 0.0031034 0.00597416 0.171567 -0.0660142 -0.00564768 -0.00118077 0.0658148 0.203526 0.0744929 -0.00604376 -0.0106722 0.0733155 0.641328 -0.00813096 -0.00608631 0.00624413 0.0120202 0.345197 -0.132822 -0.0113633 -0.00237573 0.132421 0.409499
90 0.219313 0.491581 0.0414529 -0.00280342 -0.00461192 0.0408474 0.310765 -0.00220244 -0.00223622 0.00298412 0.00416345 0.155162 -0.0796098 -0.00540886 -0.000682623 0.0799038 0.190186 0.0843258 -0.00570287 -0.00938181 0.083094 0.632174 -0.00448033 -0.00454903 0.00607046 0.00846951 0.31564 -0.161946 -0.011003 -0.00138863 0.162545 0.386886
92 0.328636 0.490403 0.0369606 -0.00217572 -0.00234957 0.0367542 0.307129 -0.00127228 -0.000329473 0.00179537 0.00291994 0.143219 -0.0940426 -0.0037126 0.000641057 0.0947052 0.181592 0.0753678 -0.0044366 -0.0047911 0.0749469 0.626278 -0.00259436 -0.000671841 0.00366102 0.00595417 0.292043 -0.191766 -0.0075705 0.0013072 0.193117 0.370292
96 0.436158 0.482169 0.00836231 0.000161419 0.00270152 0.00918122 0.29238 -0.00415467 0.00367873 -0.00225674 0.00491232 0.117482 -0.103692 0.00120419 0.00376867 0.104746 0.166955 0.0173431 0.000334776 0.00560285 0.0190415 0.606384 -0.00861664 0.00762956 -0.00468039 0.010188 0.243654 -0.215052 0.00249744 0.00781609 0.217239 0.346259
100 0.431897 0.458842 -0.0089954 0.0024702 0.00194086 -0.00831941 0.260087 -0.0101656 0.00384125 -0.00447438 0.0106897 0.0783869 -0.0830885 0.0019744 0.00419356 0.0842362 0.14424 -0.0196046 0.00538356 0.0042299 -0.0181313 0.566835 -0.022155 0.00837163 -0.00975148 0.0232972 0.170836 -0.181083 0.004303 0.00913946 0.183585 0.314357
104 0.425533 0.437443 0.00640957 0.0042456 -0.00264186 0.00644629 0.230783 -0.0131837 0.00273027 -0.00434904 0.0138465 0.0395255 -0.0672749 -0.00184027 0.00319288 0.0678252 0.11956 0.0146524 0.00970551 -0.00603932 0.0147363 0.527573 -0.030138 0.00624142 -0.00994197 0.0316534 0.0903559 -0.153791 -0.00420689 0.00729898 0.155049 0.273316
108 0.417095 0.425573 0.0204778 0.00655808 -0.0029174 0.0205892 0.209972 -0.0128497 0.00452197 -0.00547359 0.0132298 0.0131459 -0.0745262 -0.00303193 0.0041579 0.0737592 0.105793 0.0481181 0.01541 -0.00685522 0.0483798 0.493387 -0.0301938 0.0106256 -0.0128617 0.031087 0.0308899 -0.17512 -0.00712434 0.00977012 0.173317 0.248589
112 0.406626 0.421435 0.00985019 0.00745769 0.000150678 0.00997457 0.189194 -0.0117177 0.00533571 -0.00654986 0.0120015 -0.0131112 -0.0844758 -0.000243861 0.00415261 0.0830177 0.100029 0.023373 0.0176959 0.000357536 0.0236681 0.448928 -0.0278043 0.0126608 -0.0155418 0.0284776 -0.0311108 -0.200448 -0.000578643 0.0098535 0.196988 0.237352
116 0.394175 0.434904 0.00182991 0.00320701 -0.00149738 0.00162258 0.183992 -0.00877614 0.000528427 -0.00275724 0.00990592 -0.0492262 -0.0893662 -0.000866557 -0.000796097 0.0886221 0.0888345 0.00420761 0.00737407 -0.003443 0.00373089 0.423064 -0.0201795 0.00121504 -0.00633988 0.0227773 -0.113189 -0.205485 -0.00199252 -0.00183051 0.203774 0.204262
120 0.379804 0.462 0.00956183 -0.00248738 -0.00647383 0.00969835 0.201004 -0.00324969 -0.00524883 0.00265488 0.00483162 -0.0809839 -0.0980355 -0.00570415 -0.00552773 0.0978871 0.0736621 0.0206966 -0.00538394 -0.0140126 0.0209921 0.435073 -0.00703396 -0.0113611 0.00574649 0.0104581 -0.17529 -0.212198 -0.0123467 -0.0119648 0.211877 0.159442
124 0.363583 0.480684 0.00546679 -0.00023482 -0.00562677 0.00573686 0.205044 0.0010866 -0.00626756 0.00048089 -0.000752015 -0.097952 -0.100075 -0.00630078 -0.00444752 0.0993753 0.0743727 0.0113729 -0.000488511 -0.0117058 0.0119348 0.426567 0.00226054 -0.0130388 0.00100043 -0.00156447 -0.203776 -0.208193 -0.0131079 -0.00925249 0.206737 0.154723
128 0.34559 0.502106 -0.0119189 0.00847492 -0.000643236 -0.0129609 0.18545 0.00177471 -0.00680752 -0.0078841 -0.00274196 -0.116175 -0.0912623 -0.00282794 -0.00416672 0.0908169 0.0970678 -0.0237378 0.0168787 -0.00128108 -0.0258131 0.369344 0.00353454 -0.0135579 -0.015702 -0.00546091 -0.231375 -0.181759 -0.00563216 -0.00829848 0.180872 0.193321
132 0.325914 0.554461 -0.0106733 0.0100146 -0.00173889 -0.0121431 0.185962 0.00105619 -0.0125392 -0.00979337 -0.00167826 -0.15168 -0.0935041 -0.00458325 -0.0112453 0.0945412 0.114493 -0.0192499 0.018062 -0.00313619 -0.0219007 0.335392 0.0019049 -0.0226152 -0.0176629 -0.00302683 -0.273563 -0.16864 -0.00826613 -0.0202816 0.17051 0.206495
136 0.304649 0.618411 0.00577883 0.0011395 -0.00597782 0.00666725 0.21904 0.000143544 -0.0182536 -0.00205041 2.81279e-05 -0.196435 -0.104216 -0.00875789 -0.0174743 0.103898 0.104673 0.00934464 0.00184262 -0.00966642 0.0107813 0.354199 0.000232118 -0.029517 -0.00331561 4.54843e-05 -0.317645 -0.168523 -0.0141619 -0.0282567 0.168008 0.169262
140 0.281901 0.671475 0.00755593 -0.0041423 -0.000302859 0.0106208 0.247969 -0.0019631 -0.016572 0.00271491 0.00218841 -0.236202 -0.0972469 -0.00275321 -0.0144735 0.0922361 0.0926253 0.0112527 -0.00616895 -0.000451035 0.0158172 0.36929 -0.00292356 -0.02468 0.0040432 0.00325911 -0.351766 -0.144826 -0.00410025 -0.0215548 0.137363 0.137943
144 0.257779 0.737108 -0.00383182 0.00215255 0.0129962 -0.00117697 0.266197 -0.0038816 -0.0111217 -0.00329619 0.00370232 -0.271257 -0.078411 0.0109243 -0.00900738 0.0724837 0.105224 -0.00519845 0.00292027 0.0176314 -0.00159674 0.361137 -0.00526598 -0.0150883 -0.00447179 0.00502277 -0.368002 -0.106377 0.0148205 -0.0122199 0.0983352 0.142752
148 0.232401 0.796496 -0.0182628 0.00942787 0.0178429 -0.0163154 0.284079 -0.00359677 -0.0087328 -0.0104465 0.00240994 -0.309461 -0.053122 0.0170136 -0.00862633 0.0525978 0.108105 -0.0229289 0.0118367 0.0224018 -0.0204839 0.356661 -0.00451574 -0.010964 -0.0131155 0.00302568 -0.388528 -0.0666946 0.0213605 -0.0108304 0.0660365 0.135725
152 0.205891 0.794787 -0.0391459 0.00540166 0.0110441 -0.0368778 0.288872 -0.00251665 -0.00762365 -0.0060621 0.000365495 -0.347109 -0.00316505 0.0123861 -0.00873636 0.00634949 0.0675243 -0.0492533 0.00679636 0.0138957 -0.0463997 0.363459 -0.00316645 -0.00959207 -0.00762732 0.000459866 -0.436732 -0.00398226 0.0155842 -0.0109921 0.00798892 0.084959
156 0.178378 0.791285 -0.0330549 -0.00805338 0.00482128 -0.0316518 0.314401 -0.00237877 -0.0042316 0.00859832 0.000803746 -0.357627 0.0302751 0.00675291 -0.00501754 -0.0295879 0.034805 -0.0417737 -0.0101776 0.00609297 -0.0400005 0.39733 -0.00300621 -0.00534776 0.0108663 0.00101575 -0.451958 0.0382607 0.00853411 -0.00634101 -0.0373922 0.0439854
160 0.0971232 0.860561 0.0418297 -0.0178775 0.00543566 0.041113 0.412425 -0.00194955 -0.000947058 0.0191631 0.00142414 -0.314665 -0.00151614 0.00504586 -0.00127503 -0.000929454 0.0512462 0.0486075 -0.0207743 0.00631642 0.0477747 0.479251 -0.00226545 -0.00110051 0.0222682 0.00165489 -0.365652 -0.0017618 0.00586346 -0.00148162 -0.00108006 0.0595498
161 0.0357021 0.878471 0.067206 -0.0181657 0.00609484 0.0661362 0.442424 -0.00161091 -0.000439095 0.019397 0.0011681 -0.297766 -0.0106737 0.00498012 -0.00067784 0.00789331 0.0550889 0.0765033 -0.0206788 0.00693801 0.0752855 0.503629 -0.00183376 -0.00049984 0.0220804 0.0013297 -0.33896 -0.0121503 0.00566908 -0.000771613 0.00898528 0.06271
162 0.0338871 0.890648 0.0917901 -0.0173603 0.00667184 0.0905345 0.470322 -0.00118742 -1.3673e-05 0.0184491 0.000747836 -0.28096 -0.0148998 0.00492164 -0.000149527 0.0119135 0.054659 0.10306 -0.0194918 0.007491 0.10165 0.528067 -0.00133321 -1.53518e-05 0.0207143 0.000839654 -0.315456 -0.0167292 0.00552591 -0.000167885 0.0133762 0.0613699
163 0.0320617 0.894977 0.113553 -0.0154781 0.00702567 0.112297 0.494057 -0.000706709 0.000384728 0.0163621 0.000219201 -0.266221 -0.0117073 0.00479396 0.000377678 0.00856619 0.0481204 0.126878 -0.0172944 0.00785011 0.125474 0.552033 -0.000789639 0.000429875 0.0182821 0.000244923 -0.297461 -0.0130811 0.00535652 0.000421997 0.00957141 0.0537672
164 0.0302266 0.890846 0.130675 -0.0126257 0.00702679 0.129597 0.512273 -0.00020471 0.000811549 0.0132748 -0.000342436 -0.255783 0.000496767 0.00451287 0.000965641 -0.00382157 0.0342617 0.146686 -0.0141727 0.00788778 0.145477 0.575041 -0.000229792 0.000910986 0.0149014 -0.000384394 -0.287124 0.000557635 0.00506582 0.00108396 -0.00428982 0.0384597
165 0.0283823 0.87955 0.141775 -0.0089977 0.00655959 0.141028 0.52466 0.00027957 0.0013079 0.00941596 -0.000856319 -0.251981 0.0220277 0.00398318 0.00165401 -0.0256276 0.012711 0.161191 -0.0102299 0.0074579 0.160341 0.596509 0.000317856 0.00148701 0.0107054 -0.000973589 -0.286489 0.0250444 0.00452866 0.00188052 -0.0291371 0.0144517
166 0.0265294 0.864395 0.146085 -0.00486599 0.00552397 0.145776 0.532125 0.000709415 0.00188918 0.00508713 -0.00125114 -0.257049 0.0517207 0.0030984 0.00244845 -0.0557162 -0.0159646 0.169003 -0.00562936 0.00639056 0.168645 0.615603 0.000820707 0.00218555 0.00588519 -0.00144742 -0.297374 0.0598345 0.00358447 0.00283256 -0.0644569 -0.018469
167 0.0246683 0.850457 0.143535 -0.000558097 0.00383802 0.143715 0.536767 0.00105504 0.00253893 0.000636872 -0.00147771 -0.272904 0.0869618 0.00174503 0.00331585 -0.0914618 -0.0502946 0.168774 -0.000656232 0.00451289 0.168985 0.631151 0.00124056 0.00298538 0.000748859 -0.00173754 -0.320891 0.102253 0.00205187 0.00389891 -0.107544 -0.0591384
168 0.0172754 0.843979 0.134743 0.00357293 0.00144283 0.135404 0.541621 0.0012969 0.00320952 -0.0035724 -0.00151695 -0.300927 0.123969 -0.000187361 0.00418756 -0.129029 -0.0880766 0.159652 0.00423343 0.00170956 0.160436 0.641747 0.00153665 0.00380284 -0.00423281 -0.00179737 -0.356557 0.146887 -0.000221998 0.00496169 -0.152882 -0.104359
168.5 0.0109315 0.845595 0.128364 0.00546369 -3.10731e-05 0.129246 0.545226 0.00137602 0.00353088 -0.0054787 -0.00146923 -0.319735 0.141754 -0.0014007 0.0045964 -0.147089 -0.107441 0.151803 0.00646136 -3.6747e-05 0.152846 0.644784 0.00162728 0.00417561 -0.00647911 -0.00173751 -0.378118 0.167639 -0.00165647 0.0054357 -0.173948 -0.12706
169 0.0104622 0.85149 0.120911 0.00718485 -0.00169011 0.121992 0.550211 0.00142721 0.00382942 -0.00720133 -0.00138194 -0.341759 0.158295 -0.00279095 0.00497024 -0.163886 -0.126658 0.141999 0.00843798 -0.00198489 0.143269 0.646175 0.00167613 0.00449732 -0.00845733 -0.00162296 -0.401366 0.185904 -0.00327772 0.00583711 -0.192469 -0.148748
169.5 0.00999215 0.862353 0.112596 0.00870162 -0.00353159 0.11385 0.556999 0.00145131 0.00409462 -0.00870747 -0.00126102 -0.366938 0.173039 -0.00436372 0.00529628 -0.178852 -0.145382 0.130568 0.0100905 -0.00409529 0.132023 0.645906 0.00168297 0.00474819 -0.0100973 -0.0014623 -0.425508 0.200659 -0.00506025 0.00614166 -0.2074 -0.168587
170 0.0095213 0.878759 0.10364 0.0099845 -0.0055497 0.105037 0.565963 0.00144979 0.00431626 -0.00997007 -0.00111359 -0.395151 0.185476 -0.00612115 0.00556242 -0.191467 -0.163287 0.117939 0.011362 -0.00631538 0.119529 0.644048 0.00164981 0.00491177 -0.0113456 -0.00126723 -0.449669 0.211066 -0.00696568 0.00632986 -0.217883 -0.185816
170.5 0.00904972 0.901138 0.0942689 0.0110103 -0.00773532 0.0957748 0.577414 0.00142463 0.00448501 -0.0109686 -0.000947551 -0.426212 0.195163 -0.00806136 0.00575789 -0.201274 -0.180076 0.104611 0.0122182 -0.00858395 0.106282 0.640761 0.00158092 0.00497705 -0.012172 -0.0010515 -0.472971 0.216574 -0.00894576 0.00638958 -0.223355 -0.199832
171 0.00857745 0.929748 0.0847023 0.0117629 -0.0100758 0.0862823 0.591581 0.00137827 0.00459286 -0.0116898 -0.000771159 -0.459875 0.201738 -0.010178 0.00587378 -0.207903 -0.195489 0.0911024 0.0126517 -0.0108371 0.0928019 0.636281 0.00148242 0.0049399 -0.0125731 -0.000829428 -0.494624 0.216982 -0.010947 0.0063176 -0.223612 -0.21026
171.5 0.00810453 0.964657 0.0751494 0.0122336 -0.0125546 0.076768 0.608595 0.00131351 0.00463365 -0.0121279 -0.000592613 -0.495832 0.204943 -0.0124598 0.00590358 -0.211086 -0.209312 0.0779027 0.0126818 -0.0130146 0.0795806 0.630893 0.00136163 0.00480342 -0.0125722 -0.000614325 -0.513998 0.212451 -0.0129163 0.00611987 -0.21882 -0.21698
172 0.00763099 1.00573 0.0658016 0.012422 -0.0151518 0.0674235 0.628483 0.00123333 0.00460343 -0.0122849 -0.000419641 -0.533717 0.204631 -0.0148907 0.00584355 -0.210672 -0.221387 0.0654268 0.0123512 -0.0150655 0.0670395 0.624904 0.00122631 0.00457721 -0.012215 -0.000417251 -0.530677 0.203465 -0.0148059 0.00581027 -0.209472 -0.220126
172.5 0.00715688 1.05261 0.0568271 0.0123354 -0.0178433 0.058419 0.651157 0.0011409 0.00450073 -0.0121708 -0.000259128 -0.573115 0.200779 -0.0174494 0.00569306 -0.206636 -0.231612 0.0539869 0.0117189 -0.0169515 0.0554992 0.618612 0.00108388 0.00427578 -0.0115625 -0.000246177 -0.544471 0.190744 -0.0165773 0.00540853 -0.196309 -0.220037
173 0.00668221 1.10474 0.0483676 0.0119894 -0.020602 0.0498985 0.676411 0.00103936 0.00432677 -0.0118027 -0.000116804 -0.613562 0.193489 -0.0201098 0.00545472 -0.199081 -0.239949 0.0437821 0.0108527 -0.0186488 0.0451678 0.612283 0.000940826 0.00391657 -0.0106837 -0.00010573 -0.555392 0.175145 -0.0182033 0.00493757 -0.180207 -0.2172
173.5 0.00620704 1.16134 0.0405348 0.0114067 -0.0233972 0.0419771 0.703924 0.000931835 0.00408554 -0.011205 2.99528e-06 -0.654555 0.18299 -0.0228411 0.00513438 -0.18824 -0.246417 0.0349035 0.00982199 -0.0201468 0.0361455 0.606131 0.00080238 0.00351795 -0.00964835 2.57916e-06 -0.563621 0.157568 -0.0196679 0.00442108 -0.162089 -0.212183
174 0.0057314 1.22146 0.0334096 0.010617 -0.0261956 0.0347402 0.733269 0.00082128 0.0037837 -0.0104083 9.74877e-05 -0.695563 0.169628 -0.0256083 0.00474109 -0.174467 -0.251095 0.0273522 0.00869208 -0.0214461 0.0284415 0.600321 0.000672375 0.00309768 -0.00852116 7.98124e-05 -0.569452 0.138873 -0.0209653 0.00388149 -0.142835 -0.205569
174.5 0.00525531 1.28398 0.0270423 0.0096561 -0.0289615 0.0282425 0.763919 0.000710467 0.00343044 -0.00944837 0.000165508 -0.736033 0.153861 -0.0283732 0.00428677 -0.15823 -0.254115 0.0210613 0.00752046 -0.0225561 0.0219961 0.594963 0.000553333 0.00267173 -0.00735867 0.000128902 -0.573244 0.119831 -0.0220979 0.00333866 -0.123234 -0.197912
175 0.00477883 1.34763 0.0214537 0.00856432 -0.0316577 0.0225103 0.795267 0.000601922 0.00303716 -0.00836545 0.000207479 -0.7754 0.136236 -0.0310946 0.00378587 -0.140091 -0.255656 0.0159196 0.00635509 -0.0234914 0.0167036 0.590122 0.000446652 0.0022537 -0.00620752 0.000153958 -0.57538 0.101093 -0.0230736 0.00280928 -0.103954 -0.189708
175.5 0.00430199 1.41106 0.0166384 0.00738568 -0.034246 0.0175433 0.82664 0.000497893 0.00261707 -0.00720266 0.000225297 -0.813101 0.117376 -0.0337299 0.00325487 -0.120689 -0.255936 0.0117914 0.00523413 -0.0242697 0.0124327 0.585828 0.00035285 0.00185468 -0.00510442 0.000159665 -0.576234 0.0831825 -0.0239039 0.00230668 -0.0855305 -0.181378
176 0.00382481 1.47285 0.0125681 0.0061663 -0.0366883 0.0133189 0.857326 0.000400337 0.0021847 -0.00600481 0.000222132 -0.848583 0.0979547 -0.0362355 0.00271164 -0.100714 -0.2552 0.00853315 0.00418663 -0.0249097 0.00904292 0.582085 0.00027181 0.00148331 -0.00407699 0.000150817 -0.576149 0.0665067 -0.0246022 0.00184108 -0.0683802 -0.173269
176.5 0.00334735 1.53158 0.00919662 0.0049529 -0.0389473 0.00979637 0.886595 0.000310922 0.00175534 -0.00481701 0.00020216 -0.881315 0.0786729 -0.0385684 0.00217483 -0.0808858 -0.253711 0.00600467 0.00323386 -0.0254295 0.00639627 0.578877 0.000203008 0.0011461 -0.00314513 0.000131995 -0.57543 0.0513673 -0.0251821 0.00141999 -0.0528121 -0.165653
177 0.00286963 1.58583 0.00646515 0.00379131 -0.0409873 0.00692203 0.913724 0.00023103 0.00134442 -0.00368316 0.000170248 -0.910799 0.0602304 -0.0406872 0.00166314 -0.0619226 -0.251738 0.00407683 0.00239075 -0.025846 0.00436493 0.576181 0.000145684 0.000847773 -0.00232255 0.000107356 -0.574337 0.0379804 -0.0256568 0.00104875 -0.0390475 -0.158742
177.5 0.00239169 1.63428 0.00430771 0.00272493 -0.0427753 0.00463473 0.938022 0.000161782 0.000966935 -0.00264468 0.0001316 -0.93658 0.0433007 -0.0425532 0.0011946 -0.0445162 -0.249543 0.00263584 0.00166736 -0.0261737 0.00283594 0.573965 9.89927e-05 0.000591657 -0.00161825 8.05246e-05 -0.573084 0.0264952 -0.0260379 0.000730965 -0.027239 -0.152693
178 0.00191357 1.67573 0.00265685 0.00179329 -0.0442816 0.00287133 0.958856 0.00010406 0.000636781 -0.00173911 9.13992e-05 -0.958256 0.0285049 -0.0441316 0.000785872 -0.0293046 -0.247371 0.00158548 0.00107015 -0.0264252 0.00171348 0.572201 6.2098e-05 0.000380001 -0.00103782 5.45428e-05 -0.571843 0.0170104 -0.0263357 0.000468972 -0.0174877 -0.147619
178.5 0.00143531 1.70913 0.00144897 0.0010307 -0.045481 0.00157192 0.975676 5.85334e-05 0.000366218 -0.000998952 5.4453e-05 -0.975483 0.0163881 -0.0453921 0.000451586 -0.0168477 -0.245437 0.00084778 0.000603056 -0.0266106 0.000919718 0.570861 3.42475e-05 0.000214271 -0.00058448 3.186e-05 -0.570748 0.00958856 -0.0265586 0.00026422 -0.00985746 -0.143603
179 0.000956932 1.73362 0.000629121 0.000465162 -0.0463528 0.000684504 0.988028 2.56906e-05 0.000165356 -0.000450636 2.48739e-05 -0.987989 0.0073978 -0.0463106 0.00020378 -0.00760521 -0.243921 0.000362894 0.000268318 -0.0267375 0.00039484 0.569921 1.4819e-05 9.53815e-05 -0.000259939 1.43479e-05 -0.569898 0.00426725 -0.0267132 0.000117546 -0.00438689 -0.1407
179.5 0.000478484 1.74858 0.000155008 0.000117361 -0.046882 0.000168965 0.995576 5.85939e-06 4.17321e-05 -0.000113666 5.80794e-06 -0.995574 0.00186676 -0.046869 5.14114e-05 -0.00191909 -0.242957 8.86483e-05 6.71181e-05 -0.0268115 9.66302e-05 0.569364 3.35095e-06 2.38663e-05 -6.50051e-05 3.32153e-06 -0.569362 0.00106759 -0.0268041 2.94018e-05 -0.00109751 -0.138946
180 5.98114e-05 1.75361 6.65351e-17 -7.06926e-17 -0.0470594 1.09055e-16 0.998116 -7.71499e-07 8.85552e-17 1.34546e-17 -7.71499e-07 -0.998116 -5.80592e-17 -0.0470564 1.12959e-16 6.63741e-17 -0.242626 3.79419e-17 -4.03127e-17 -0.0268358 6.21892e-17 0.569179 -4.3995e-07 5.04989e-17 7.67252e-18 -4.3995e-07 -0.569179 -3.31085e-17 -0.0268341 6.44155e-17 3.78501e-17 -0.138358
