theta 2pi*dcos S11 S12 S13 S14 S21 S22 S23 S24 S31 S32 S33 S34 S41 S42 S43 S44 S12_norm S13_norm S14_norm S21_norm S22_norm S23_norm S24_norm S31_norm S32_norm S33_norm S34_norm S41_norm S42_norm S43_norm S44_norm
0 2.39246e-06 19.1345 1.58398e-16 2.47788e-17 0.0264436 1.6178e-16 19.0671 -0.0476027 -5.75833e-18 2.14918e-17 0.0476027 19.0671 -1.03195e-17 0.0264435 6.00279e-18 1.04913e-17 19.0215 8.27815e-18 1.29498e-18 0.00138199 8.45488e-18 0.996478 -0.00248779 -3.00939e-19 1.1232e-18 0.00248779 0.996478 -5.39313e-19 0.00138198 3.13715e-19 5.48294e-19 0.994094
0.1 1.91397e-05 19.1333 -3.5948e-05 -6.80675e-08 0.0264411 -3.59891e-05 19.0659 -0.0475994 -1.58954e-07 7.36361e-08 0.0475994 19.0659 0.000104605 0.0264409 -1.06849e-07 -0.000104471 19.0203 -1.87882e-06 -3.55754e-09 0.00138194 -1.88096e-06 0.996478 -0.00248778 -8.30771e-09 3.84858e-09 0.00248778 0.996478 5.46716e-06 0.00138193 -5.58444e-09 -5.46016e-06 0.994094
0.2 3.82793e-05 19.1298 -0.000143775 -2.72214e-07 0.0264334 -0.000143939 19.0624 -0.0475896 -6.35692e-07 2.94475e-07 0.0475896 19.0624 0.000418357 0.0264334 -4.27321e-07 -0.000417822 19.0168 -7.51577e-06 -1.42298e-08 0.00138179 -7.52435e-06 0.996478 -0.00248772 -3.32305e-08 1.53935e-08 0.00248772 0.996478 2.18694e-05 0.00138179 -2.2338e-08 -2.18414e-05 0.994094
0.3 5.74188e-05 19.1239 -0.00032343 -6.12273e-07 0.0264205 -0.0003238 19.0566 -0.0475733 -1.42984e-06 6.62308e-07 0.0475733 19.0566 0.000941068 0.0264209 -9.61193e-07 -0.000939863 19.011 -1.69123e-05 -3.20161e-08 0.00138154 -1.69316e-05 0.996478 -0.00248763 -7.47671e-08 3.46324e-08 0.00248763 0.996478 4.92089e-05 0.00138156 -5.02612e-08 -4.91459e-05 0.994093
0.4 7.65581e-05 19.1157 -0.000574829 -1.08797e-06 0.0264026 -0.000575485 19.0484 -0.0475504 -2.54079e-06 1.17679e-06 0.0475504 19.0484 0.00167242 0.0264034 -1.70809e-06 -0.00167028 19.0028 -3.0071e-05 -5.69147e-08 0.00138119 -3.01053e-05 0.996477 -0.0024875 -1.32916e-07 6.15612e-08 0.0024875 0.996477 8.74893e-05 0.00138124 -8.93552e-08 -8.73774e-05 0.994093
0.5 9.56972e-05 19.1052 -0.000897851 -1.6989e-06 0.0263795 -0.000898876 19.0379 -0.047521 -3.96765e-06 1.83743e-06 0.047521 19.0379 0.00261199 0.0263809 -2.66749e-06 -0.00260864 18.9923 -4.69951e-05 -8.89237e-08 0.00138075 -4.70487e-05 0.996476 -0.00248733 -2.07674e-07 9.61743e-08 0.00248733 0.996476 0.000136716 0.00138082 -1.39621e-07 -0.000136541 0.994092
0.6 0.000114836 19.0923 -0.00129235 -2.44459e-06 0.0263513 -0.00129382 19.025 -0.047485 -5.70933e-06 2.64361e-06 0.047485 19.025 0.00375919 0.0263534 -3.83873e-06 -0.00375438 18.9795 -6.76893e-05 -1.2804e-07 0.0013802 -6.77665e-05 0.996475 -0.00248713 -2.99038e-07 1.38465e-07 0.00248713 0.996475 0.000196895 0.00138032 -2.01061e-07 -0.000196643 0.994092
0.7 0.000133974 19.0771 -0.00175812 -3.32441e-06 0.026318 -0.00176013 19.0098 -0.0474426 -7.76447e-06 3.59456e-06 0.0474426 19.0098 0.00511335 0.026321 -5.22098e-06 -0.0051068 18.9644 -9.21588e-05 -1.74262e-07 0.00137956 -9.22639e-05 0.996474 -0.00248689 -4.07004e-07 1.88423e-07 0.00248689 0.996474 0.000268036 0.00137972 -2.73678e-07 -0.000267693 0.994091
0.8 0.000153112 19.0596 -0.00229497 -4.33764e-06 0.0262796 -0.00229758 18.9923 -0.0473937 -1.01314e-05 4.6894e-06 0.0473937 18.9923 0.00667364 0.0262836 -6.81328e-06 -0.0066651 18.9469 -0.00012041 -2.27583e-07 0.00137882 -0.000120548 0.996473 -0.00248661 -5.31568e-07 2.46039e-07 0.00248661 0.996473 0.000350147 0.00137902 -3.57473e-07 -0.000349698 0.99409
0.9 0.00017225 19.0397 -0.00290262 -5.48346e-06 0.0262362 -0.00290593 18.9725 -0.0473383 -1.28084e-05 5.92707e-06 0.0473383 18.9725 0.00843914 0.0262412 -8.61451e-06 -0.00842834 18.9272 -0.000152451 -2.88001e-07 0.00137797 -0.000152625 0.996472 -0.00248629 -6.72722e-07 3.11301e-07 0.00248629 0.996472 0.000443239 0.00137824 -4.5245e-07 -0.000442672 0.994089
1 0.000191387 19.0175 -0.0035808 -6.76092e-06 0.0261877 -0.00358488 18.9504 -0.0472765 -1.57933e-05 7.30642e-06 0.0472765 18.9504 0.0104088 0.0261939 -1.06234e-05 -0.0103955 18.9051 -0.00018829 -3.5551e-07 0.00137703 -0.000188504 0.996471 -0.00248594 -8.30461e-07 3.84194e-07 0.00248594 0.99647 0.000547326 0.00137736 -5.58612e-07 -0.000546625 0.994087
1.1 0.000210523 18.9931 -0.00432919 -8.16899e-06 0.0261342 -0.00433411 18.926 -0.0472082 -1.90838e-05 8.82614e-06 0.0472082 18.926 0.0125814 0.0261418 -1.28386e-05 -0.0125653 18.8807 -0.000227935 -4.30104e-07 0.00137599 -0.000228195 0.996469 -0.00248555 -1.00478e-06 4.64704e-07 0.00248555 0.996469 0.000662421 0.00137639 -6.75962e-07 -0.000661573 0.994086
1.2 0.000229659 18.9663 -0.00514743 -9.7065e-06 0.0260757 -0.00515328 18.8993 -0.0471335 -2.26773e-05 1.04848e-05 0.0471335 18.8993 0.0149557 0.0260847 -1.52585e-05 -0.0149365 18.8541 -0.000271399 -5.11777e-07 0.00137484 -0.000271708 0.996467 -0.00248512 -1.19566e-06 5.52813e-07 0.00248512 0.996467 0.00078854 0.00137532 -8.04506e-07 -0.00078753 0.994084
1.3 0.000248794 18.9372 -0.00603513 -1.13722e-05 0.0260122 -0.00604199 18.8703 -0.0470525 -2.6571e-05 1.22808e-05 0.0470525 18.8703 0.0175302 0.0260228 -1.78814e-05 -0.0175077 18.8251 -0.000318692 -6.00522e-07 0.0013736 -0.000319054 0.996465 -0.00248466 -1.40311e-06 6.48502e-07 0.00248466 0.996465 0.000925699 0.00137416 -9.44246e-07 -0.000924515 0.994082
1.4 0.000267929 18.9059 -0.00699189 -1.31647e-05 0.0259437 -0.00699982 18.839 -0.0469651 -3.07618e-05 1.42125e-05 0.0469651 18.839 0.0203033 0.025956 -2.07055e-05 -0.0202774 18.7939 -0.000369827 -6.96331e-07 0.00137226 -0.000370246 0.996463 -0.00248415 -1.62711e-06 7.51751e-07 0.00248415 0.996462 0.00107392 0.00137291 -1.09519e-06 -0.00107254 0.99408
1.5 0.000287062 18.8722 -0.00801725 -1.50826e-05 0.0258704 -0.00802634 18.8054 -0.0468713 -3.52466e-05 1.6278e-05 0.0468713 18.8054 0.0232735 0.0258844 -2.37287e-05 -0.0232438 18.7605 -0.000424817 -7.99196e-07 0.00137082 -0.000425299 0.996461 -0.00248361 -1.86764e-06 8.62538e-07 0.00248361 0.99646 0.00123322 0.00137156 -1.25734e-06 -0.00123164 0.994078
1.6 0.000306195 18.8364 -0.00911073 -1.71243e-05 0.0257921 -0.00912104 18.7696 -0.0467713 -4.00218e-05 1.84754e-05 0.0467713 18.7696 0.026439 0.0258081 -2.69491e-05 -0.0264052 18.7248 -0.000483678 -9.09108e-07 0.00136927 -0.000484225 0.996458 -0.00248303 -2.12471e-06 9.80837e-07 0.00248303 0.996457 0.00140362 0.00137012 -1.4307e-06 -0.00140182 0.994076
1.7 0.000325327 18.7982 -0.0102718 -1.9288e-05 0.025709 -0.0102834 18.7316 -0.0466651 -4.50836e-05 2.08026e-05 0.0466651 18.7316 0.0297978 0.025727 -3.03643e-05 -0.0297597 18.6868 -0.000546424 -1.02606e-06 0.00136763 -0.000547042 0.996456 -0.00248242 -2.39829e-06 1.10662e-06 0.00248242 0.996454 0.00158514 0.00136859 -1.61527e-06 -0.00158311 0.994073
1.8 0.000344457 18.7579 -0.0115 -2.15721e-05 0.025621 -0.011513 18.6913 -0.0465526 -5.04281e-05 2.32574e-05 0.0465526 18.6913 0.0333479 0.0256412 -3.39719e-05 -0.0333052 18.6467 -0.000613074 -1.15003e-06 0.00136588 -0.000613766 0.996453 -0.00248176 -2.68837e-06 1.23987e-06 0.00248176 0.996451 0.00177781 0.00136696 -1.81107e-06 -0.00177553 0.994071
1.9 0.000363587 18.7153 -0.0127946 -2.39747e-05 0.0255282 -0.012809 18.6489 -0.0464339 -5.60512e-05 2.58374e-05 0.0464339 18.6488 0.0370872 0.0255507 -3.77693e-05 -0.0370398 18.6043 -0.000683644 -1.28102e-06 0.00136403 -0.000684416 0.99645 -0.00248107 -2.99494e-06 1.38055e-06 0.00248107 0.996448 0.00198165 0.00136523 -2.0181e-06 -0.00197912 0.994068
2 0.000382716 18.6705 -0.0141551 -2.64937e-05 0.0254307 -0.0141711 18.6042 -0.0463091 -6.19484e-05 2.85402e-05 0.0463091 18.6041 0.0410135 0.0254556 -4.1754e-05 -0.040961 18.5597 -0.000758154 -1.41901e-06 0.00136208 -0.000759009 0.996447 -0.00248034 -3.31798e-06 1.52863e-06 0.00248034 0.996444 0.0021967 0.00136341 -2.23636e-06 -0.00219389 0.994065
2.1 0.000401843 18.6235 -0.0155809 -2.91272e-05 0.0253285 -0.0155984 18.5573 -0.0461782 -6.81151e-05 3.13633e-05 0.0461782 18.5572 0.0451244 0.0253558 -4.5923e-05 -0.0450666 18.5129 -0.000836625 -1.564e-06 0.00136003 -0.000837566 0.996444 -0.00247956 -3.65747e-06 1.68407e-06 0.00247956 0.99644 0.00242298 0.00136149 -2.46586e-06 -0.00241987 0.994061
2.2 0.000420969 18.5744 -0.0170713 -3.18729e-05 0.0252217 -0.0170905 18.5083 -0.0460413 -7.45465e-05 3.4304e-05 0.0460413 18.5082 0.0494174 0.0252515 -5.02735e-05 -0.0493541 18.464 -0.000919076 -1.71596e-06 0.00135787 -0.000920109 0.996441 -0.00247875 -4.01341e-06 1.84684e-06 0.00247875 0.996436 0.00266051 0.00135948 -2.7066e-06 -0.00265711 0.994058
2.3 0.000440094 18.5231 -0.0186255 -3.47285e-05 0.0251102 -0.0186464 18.4571 -0.0458984 -8.12377e-05 3.73594e-05 0.0458984 18.457 0.0538899 0.0251427 -5.48023e-05 -0.053821 18.4129 -0.00100553 -1.87488e-06 0.00135562 -0.00100666 0.996437 -0.0024779 -4.38576e-06 2.01691e-06 0.0024779 0.996432 0.00290934 0.00135737 -2.9586e-06 -0.00290562 0.994054
2.4 0.000459218 18.4696 -0.020243 -3.76919e-05 0.0249941 -0.0202657 18.4037 -0.0457495 -8.81832e-05 4.05266e-05 0.0457495 18.4036 0.0585394 0.0250294 -5.95063e-05 -0.0584645 18.3597 -0.00109602 -2.04075e-06 0.00135326 -0.00109724 0.996433 -0.00247701 -4.7745e-06 2.19423e-06 0.00247702 0.996427 0.0031695 0.00135516 -3.22185e-06 -0.00316544 0.994049
2.5 0.00047834 18.414 -0.0219229 -4.07604e-05 0.0248735 -0.0219474 18.3483 -0.0455947 -9.53778e-05 4.38027e-05 0.0455947 18.3481 0.0633629 0.0249116 -6.43822e-05 -0.0632818 18.3044 -0.00119055 -2.21355e-06 0.00135079 -0.00119188 0.996429 -0.00247609 -5.17963e-06 2.37877e-06 0.00247609 0.996422 0.00344101 0.00135286 -3.49637e-06 -0.00343661 0.994045
2.6 0.000497461 18.3563 -0.0236644 -4.39316e-05 0.0247484 -0.0236908 18.2907 -0.0454341 -0.000102816 4.71844e-05 0.0454341 18.2906 0.0683577 0.0247895 -6.94264e-05 -0.0682702 18.2469 -0.00128917 -2.39326e-06 0.00134822 -0.00129061 0.996425 -0.00247512 -5.60111e-06 2.57047e-06 0.00247512 0.996417 0.00372393 0.00135046 -3.78215e-06 -0.00371916 0.99404
2.7 0.00051658 18.2966 -0.0254668 -4.72028e-05 0.0246189 -0.0254951 18.2311 -0.0452677 -0.000110491 5.06687e-05 0.0452677 18.2309 0.0735206 0.024663 -7.46354e-05 -0.0734265 18.1874 -0.00139189 -2.57987e-06 0.00134555 -0.00139344 0.996421 -0.00247411 -6.03892e-06 2.7693e-06 0.00247411 0.996411 0.00401827 0.00134796 -4.0792e-06 -0.00401313 0.994035
2.8 0.000535698 18.2347 -0.0273292 -5.05714e-05 0.024485 -0.0273596 18.1694 -0.0450956 -0.000118399 5.4252e-05 0.0450956 18.1692 0.0788486 0.0245323 -8.00056e-05 -0.0787477 18.1258 -0.00149874 -2.77336e-06 0.00134277 -0.00150041 0.996416 -0.00247306 -6.49303e-06 2.9752e-06 0.00247306 0.996405 0.00432409 0.00134536 -4.38754e-06 -0.00431856 0.994029
2.9 0.000554814 18.1708 -0.0292507 -5.40346e-05 0.0243469 -0.0292832 18.1056 -0.0449177 -0.000126531 5.79311e-05 0.0449178 18.1054 0.0843386 0.0243973 -8.5533e-05 -0.0842307 18.0622 -0.00160976 -2.9737e-06 0.00133989 -0.00161155 0.996412 -0.00247197 -6.96342e-06 3.18814e-06 0.00247197 0.996399 0.00464143 0.00134266 -4.70716e-06 -0.00463549 0.994024
3 0.000573928 18.1049 -0.0312306 -5.75895e-05 0.0242044 -0.0312652 18.0398 -0.0447343 -0.000134883 6.17023e-05 0.0447343 18.0396 0.0899872 0.0242581 -9.12137e-05 -0.0898721 17.9966 -0.00172498 -3.18088e-06 0.0013369 -0.00172689 0.996407 -0.00247084 -7.45006e-06 3.40805e-06 0.00247084 0.996392 0.00497032 0.00133987 -5.03806e-06 -0.00496396 0.994017
3.1 0.00059304 18.037 -0.0332679 -6.12331e-05 0.0240578 -0.0333046 17.9721 -0.0445454 -0.000143447 6.55622e-05 0.0445454 17.9718 0.095791 0.0241148 -9.70437e-05 -0.0956685 17.929 -0.00184443 -3.39486e-06 0.0013338 -0.00184646 0.996402 -0.00246967 -7.95292e-06 3.63487e-06 0.00246967 0.996385 0.00531081 0.00133697 -5.38026e-06 -0.00530402 0.994011
3.2 0.000612151 17.9671 -0.0353616 -6.49625e-05 0.023907 -0.0354006 17.9023 -0.0443509 -0.000152216 6.95068e-05 0.0443509 17.902 0.101747 0.0239675 -0.000103019 -0.101616 17.8593 -0.00196813 -3.61564e-06 0.0013306 -0.0019703 0.996396 -0.00246846 -8.47197e-06 3.86857e-06 0.00246846 0.996377 0.00566295 0.00133397 -5.73376e-06 -0.00565571 0.994004
3.3 0.00063126 17.8952 -0.0375108 -6.87746e-05 0.0237521 -0.0375521 17.8306 -0.044151 -0.000161185 7.35325e-05 0.0441511 17.8302 0.10785 0.0238161 -0.000109135 -0.107712 17.7878 -0.00209614 -3.84319e-06 0.00132729 -0.00209844 0.996391 -0.0024672 -9.00717e-06 4.10907e-06 0.0024672 0.996369 0.00602678 0.00133087 -6.09855e-06 -0.00601907 0.993997
3.4 0.000650367 17.8214 -0.0397146 -7.26662e-05 0.0235933 -0.0397582 17.757 -0.0439458 -0.000170346 7.76354e-05 0.0439459 17.7565 0.114099 0.0236608 -0.000115387 -0.113953 17.7143 -0.00222848 -4.07747e-06 0.00132387 -0.00223092 0.996385 -0.0024659 -9.55849e-06 4.35631e-06 0.00246591 0.99636 0.00640235 0.00132766 -6.47465e-06 -0.00639416 0.993989
3.5 0.000669472 17.7457 -0.0419719 -7.66341e-05 0.0234304 -0.0420178 17.6814 -0.0437354 -0.000179691 8.18116e-05 0.0437354 17.6809 0.120488 0.0235016 -0.000121772 -0.120334 17.6389 -0.00236519 -4.31846e-06 0.00132035 -0.00236778 0.996379 -0.00246457 -1.01259e-05 4.61023e-06 0.00246457 0.996351 0.00678971 0.00132436 -6.86204e-06 -0.00678103 0.993981
3.6 0.000688575 17.6681 -0.0442817 -8.06749e-05 0.0232637 -0.0443301 17.604 -0.0435197 -0.000189213 8.60569e-05 0.0435197 17.6034 0.127014 0.0233386 -0.000128283 -0.126852 17.5616 -0.00250631 -4.56614e-06 0.00131671 -0.00250905 0.996373 -0.00246318 -1.07093e-05 4.87076e-06 0.00246319 0.996342 0.00718891 0.00132095 -7.26075e-06 -0.00717972 0.993972
3.7 0.000707676 17.5886 -0.046643 -8.47854e-05 0.0230932 -0.0466938 17.5247 -0.0432989 -0.000198906 9.03672e-05 0.0432989 17.5241 0.133673 0.0231718 -0.000134918 -0.133502 17.4824 -0.00265189 -4.82048e-06 0.00131297 -0.00265478 0.996367 -0.00246176 -1.13088e-05 5.13783e-06 0.00246176 0.996332 0.00760001 0.00131743 -7.67075e-06 -0.00759028 0.993963
3.8 0.000726775 17.5073 -0.0490548 -8.89621e-05 0.022919 -0.0491081 17.4436 -0.043073 -0.00020876 9.47385e-05 0.0430731 17.4429 0.140462 0.0230013 -0.00014167 -0.140282 17.4014 -0.00280197 -5.08143e-06 0.00130911 -0.00280501 0.99636 -0.00246029 -1.19242e-05 5.41138e-06 0.00246029 0.996321 0.00802304 0.00131382 -8.09206e-06 -0.00801278 0.993953
3.9 0.000745871 17.4242 -0.0515159 -9.32014e-05 0.022741 -0.0515717 17.3606 -0.0428422 -0.00021877 9.91664e-05 0.0428422 17.3599 0.147375 0.0228272 -0.000148535 -0.147187 17.3186 -0.00295658 -5.34898e-06 0.00130514 -0.00295978 0.996354 -0.00245878 -1.25555e-05 5.69132e-06 0.00245878 0.99631 0.00845809 0.00131009 -8.52467e-06 -0.00844727 0.993942
4 0.000764965 17.3393 -0.0540253 -9.75e-05 0.0225595 -0.0540837 17.2759 -0.0426064 -0.000228926 0.000103647 0.0426065 17.2751 0.154409 0.0226496 -0.000155509 -0.154212 17.234 -0.00311578 -5.62308e-06 0.00130106 -0.00311915 0.996346 -0.00245722 -1.32027e-05 5.97758e-06 0.00245723 0.996299 0.00890519 0.00130626 -8.96858e-06 -0.0088938 0.993931
4.1 0.000784057 17.2526 -0.0565819 -0.000101854 0.0223744 -0.0566428 17.1894 -0.0423659 -0.00023922 0.000108175 0.042366 17.1885 0.16156 0.0224684 -0.000162585 -0.161354 17.1477 -0.00327962 -5.90371e-06 0.00129687 -0.00328315 0.996339 -0.00245562 -1.38658e-05 6.27007e-06 0.00245563 0.996286 0.0093644 0.00130232 -9.42379e-06 -0.00935243 0.99392
4.2 0.000803147 17.1642 -0.0591845 -0.00010626 0.0221859 -0.059248 17.1012 -0.0421206 -0.000249645 0.000112747 0.0421207 17.1002 0.168824 0.0222839 -0.000169759 -0.168608 17.0596 -0.00344814 -6.19081e-06 0.00129257 -0.00345184 0.996332 -0.00245398 -1.45445e-05 6.56871e-06 0.00245399 0.996273 0.0098358 0.00129828 -9.89028e-06 -0.00982322 0.993908
4.3 0.000822234 17.0741 -0.061832 -0.000110715 0.021994 -0.0618982 17.0113 -0.0418707 -0.000260193 0.000117358 0.0418708 17.0102 0.176195 0.022096 -0.000177025 -0.17597 16.9699 -0.00362139 -6.48437e-06 0.00128815 -0.00362527 0.996324 -0.00245229 -1.5239e-05 6.87343e-06 0.0024523 0.99626 0.0103194 0.00129412 -1.03681e-05 -0.0103062 0.993895
4.4 0.000841318 16.9823 -0.0645232 -0.000115214 0.0217988 -0.0645921 16.9198 -0.0416162 -0.000270855 0.000122003 0.0416163 16.9186 0.18367 0.0219048 -0.000184379 -0.183435 16.8784 -0.00379943 -6.78432e-06 0.00128362 -0.00380348 0.996316 -0.00245056 -1.59492e-05 7.18411e-06 0.00245056 0.996245 0.0108154 0.00128986 -1.08571e-05 -0.0108015 0.993881
4.5 0.0008604 16.8889 -0.067257 -0.000119753 0.0216004 -0.0673285 16.8266 -0.0413572 -0.000281622 0.000126678 0.0413573 16.8253 0.191244 0.0217104 -0.000191815 -0.191 16.7854 -0.00398231 -7.09064e-06 0.00127897 -0.00398655 0.996308 -0.00244877 -1.66749e-05 7.50067e-06 0.00244878 0.99623 0.0113237 0.00128548 -1.13574e-05 -0.0113092 0.993867
4.6 0.00087948 16.7939 -0.0700322 -0.00012433 0.0213989 -0.0701064 16.7318 -0.0410938 -0.000292486 0.000131379 0.0410939 16.7303 0.198913 0.0215129 -0.000199327 -0.198659 16.6907 -0.00417009 -7.40328e-06 0.00127421 -0.00417451 0.996299 -0.00244695 -1.74162e-05 7.82302e-06 0.00244695 0.996214 0.0118444 0.00128099 -1.1869e-05 -0.0118292 0.993852
4.7 0.000898556 16.6973 -0.0728475 -0.00012894 0.0211943 -0.0729244 16.6354 -0.0408261 -0.000303439 0.000136101 0.0408263 16.6338 0.206672 0.0213123 -0.000206909 -0.206408 16.5944 -0.00436283 -7.72219e-06 0.00126932 -0.00436744 0.996291 -0.00244507 -1.8173e-05 8.15105e-06 0.00244508 0.996198 0.0123776 0.00127639 -1.23918e-05 -0.0123618 0.993836
4.8 0.00091763 16.5991 -0.0757018 -0.000133579 0.0209867 -0.0757815 16.5374 -0.0405542 -0.000314473 0.000140838 0.0405544 16.5357 0.214517 0.0211088 -0.000214558 -0.214243 16.4966 -0.00456059 -8.04732e-06 0.00126432 -0.00456539 0.996282 -0.00244315 -1.89451e-05 8.48466e-06 0.00244316 0.99618 0.0129234 0.00127168 -1.29258e-05 -0.0129068 0.99382
4.9 0.000936701 16.4995 -0.0785939 -0.000138243 0.0207762 -0.0786763 16.438 -0.0402782 -0.000325577 0.000145587 0.0402784 16.4361 0.222442 0.0209024 -0.000222265 -0.222158 16.3972 -0.00476342 -8.37862e-06 0.0012592 -0.00476841 0.996272 -0.00244118 -1.97326e-05 8.82373e-06 0.00244119 0.996162 0.0134818 0.00126685 -1.3471e-05 -0.0134645 0.993802
5 0.00095577 16.3983 -0.0815225 -0.000142928 0.0205629 -0.0816076 16.337 -0.0399982 -0.000336744 0.000150342 0.0399984 16.335 0.230443 0.0206931 -0.000230027 -0.230149 16.2964 -0.0049714 -8.71605e-06 0.00125397 -0.00497659 0.996263 -0.00243917 -2.05353e-05 9.16816e-06 0.00243918 0.996143 0.0140529 0.00126191 -1.40275e-05 -0.0140349 0.993784
5.1 0.000974835 16.2957 -0.0844863 -0.000147631 0.0203469 -0.0845742 16.2346 -0.0397142 -0.000347964 0.0001551 0.0397144 16.2325 0.238516 0.0204812 -0.000237836 -0.238211 16.1941 -0.00518459 -9.05953e-06 0.00124861 -0.00518998 0.996253 -0.0024371 -2.13532e-05 9.51784e-06 0.00243711 0.996123 0.0146368 0.00125685 -1.4595e-05 -0.0146181 0.993765
5.2 0.000993897 16.1916 -0.0874842 -0.000152347 0.0201282 -0.0875749 16.1308 -0.0394264 -0.00035923 0.000159854 0.0394266 16.1285 0.246655 0.0202666 -0.000245688 -0.24634 16.0903 -0.00540306 -9.40903e-06 0.00124312 -0.00540865 0.996243 -0.00243499 -2.21861e-05 9.87263e-06 0.002435 0.996102 0.0152335 0.00125167 -1.51738e-05 -0.015214 0.993744
5.3 0.00101296 16.0862 -0.0905149 -0.000157073 0.0199069 -0.0906083 16.0256 -0.0391349 -0.000370531 0.000164601 0.0391351 16.0231 0.254856 0.0200494 -0.000253576 -0.25453 15.9852 -0.00562687 -9.76447e-06 0.00123752 -0.00563268 0.996233 -0.00243283 -2.30341e-05 1.02324e-05 0.00243284 0.99608 0.0158432 0.00124637 -1.57636e-05 -0.0158229 0.993723
5.4 0.00103201 15.9794 -0.0935771 -0.000161804 0.0196832 -0.0936732 15.919 -0.0388397 -0.000381859 0.000169335 0.0388399 15.9164 0.263113 0.0198297 -0.000261494 -0.262777 15.8787 -0.00585612 -1.01258e-05 0.00123179 -0.00586213 0.996222 -0.00243061 -2.3897e-05 1.05971e-05 0.00243063 0.996057 0.0164658 0.00124095 -1.63645e-05 -0.0164448 0.993701
5.5 0.00105107 15.8712 -0.0966695 -0.000166536 0.0194571 -0.0967683 15.8111 -0.0385409 -0.000393205 0.000174051 0.0385412 15.8083 0.271422 0.0196076 -0.000269437 -0.271075 15.7709 -0.00609086 -1.0493e-05 0.00122594 -0.00609709 0.996211 -0.00242835 -2.47747e-05 1.09665e-05 0.00242837 0.996032 0.0171015 0.00123542 -1.69764e-05 -0.0170797 0.993678
5.6 0.00107012 15.7618 -0.0997908 -0.000171266 0.0192287 -0.0998925 15.7019 -0.0382387 -0.000404559 0.000178746 0.038239 15.6989 0.279778 0.0193832 -0.000277398 -0.279421 15.6618 -0.00633117 -1.08659e-05 0.00121996 -0.00633762 0.996199 -0.00242604 -2.5667e-05 1.13404e-05 0.00242605 0.996007 0.0177504 0.00122975 -1.75994e-05 -0.0177277 0.993653
5.7 0.00108916 15.6511 -0.10294 -0.000175988 0.0189981 -0.103044 15.5915 -0.0379332 -0.000415914 0.000183414 0.0379335 15.5882 0.288176 0.0191565 -0.000285371 -0.287808 15.5514 -0.00657715 -1.12444e-05 0.00121385 -0.00658382 0.996188 -0.00242367 -2.6574e-05 1.17189e-05 0.00242369 0.995981 0.0184125 0.00122397 -1.82333e-05 -0.0183889 0.993628
5.8 0.00110821 15.5392 -0.106115 -0.0001807 0.0187654 -0.106222 15.4798 -0.0376244 -0.00042726 0.00018805 0.0376247 15.4763 0.296611 0.0189277 -0.000293351 -0.296232 15.4398 -0.00682887 -1.16286e-05 0.00120761 -0.00683576 0.996176 -0.00242125 -2.74955e-05 1.21016e-05 0.00242127 0.995953 0.0190879 0.00121806 -1.88781e-05 -0.0190635 0.993601
5.9 0.00112725 15.4261 -0.109316 -0.000185397 0.0185306 -0.109426 15.3669 -0.0373125 -0.000438587 0.000192649 0.0373128 15.3633 0.305077 0.0186968 -0.000301331 -0.304688 15.327 -0.00708641 -1.20184e-05 0.00120125 -0.00709352 0.996163 -0.00241878 -2.84314e-05 1.24885e-05 0.0024188 0.995924 0.0197767 0.00121202 -1.95338e-05 -0.0197514 0.993573
6 0.00172656 15.3119 -0.11254 -0.000190075 0.0182939 -0.112653 15.2529 -0.0369975 -0.000449887 0.000197208 0.0369979 15.249 0.313571 0.0184639 -0.000309305 -0.31317 15.213 -0.00734987 -1.24135e-05 0.00119475 -0.00735721 0.99615 -0.00241626 -2.93815e-05 1.28794e-05 0.00241628 0.995894 0.0204789 0.00120586 -2.02003e-05 -0.0204528 0.993543
6.2 0.00236869 15.0801 -0.119055 -0.000199357 0.017815 -0.119173 15.0216 -0.0363589 -0.000472369 0.000206181 0.0363592 15.0172 0.330617 0.0179926 -0.00032521 -0.330195 14.9817 -0.00789489 -1.32199e-05 0.00118136 -0.0079027 0.996124 -0.00241106 -3.13241e-05 1.36725e-05 0.00241108 0.995829 0.0219242 0.00119314 -2.15656e-05 -0.0218962 0.99348
6.4 0.00244479 14.844 -0.12565 -0.000208515 0.0173294 -0.125773 14.7861 -0.0357093 -0.000494633 0.000214933 0.0357097 14.7811 0.347711 0.0175143 -0.000341017 -0.347267 14.7462 -0.00846471 -1.4047e-05 0.00116743 -0.00847299 0.996096 -0.00240563 -3.3322e-05 1.44795e-05 0.00240566 0.995759 0.0234243 0.00117989 -2.29733e-05 -0.0233944 0.993411
6.6 0.00252085 14.6041 -0.132315 -0.000217516 0.0168378 -0.132443 14.5466 -0.0350496 -0.000516609 0.000223426 0.0350501 14.541 0.364809 0.0170298 -0.000356676 -0.364344 14.5068 -0.00906013 -1.48942e-05 0.00115295 -0.00906889 0.996066 -0.00239999 -3.53743e-05 1.52989e-05 0.00240002 0.995682 0.02498 0.0011661 -2.44231e-05 -0.0249481 0.993336
6.8 0.00259689 14.3605 -0.139039 -0.000226328 0.016341 -0.139172 14.3036 -0.0343808 -0.000538225 0.000231624 0.0343813 14.2973 0.381873 0.0165398 -0.000372138 -0.381386 14.2636 -0.00968201 -1.57605e-05 0.00113791 -0.00969126 0.996035 -0.00239412 -3.74795e-05 1.61292e-05 0.00239416 0.995599 0.0265919 0.00115175 -2.5914e-05 -0.026558 0.993254
7 0.00267289 14.1136 -0.145812 -0.000234921 0.0158396 -0.145949 14.0572 -0.0337036 -0.000559411 0.000239489 0.0337042 14.0502 0.398862 0.0160449 -0.000387354 -0.398353 14.0171 -0.0103313 -1.6645e-05 0.00112229 -0.010341 0.996002 -0.00238802 -3.96363e-05 1.69687e-05 0.00238806 0.995508 0.0282608 0.00113684 -2.74454e-05 -0.0282248 0.993165
7.2 0.00274886 13.8637 -0.152624 -0.000243264 0.0153345 -0.152766 13.8078 -0.0330188 -0.000580099 0.000246988 0.0330195 13.8 0.415735 0.0155459 -0.000402273 -0.415205 13.7676 -0.0110089 -1.75468e-05 0.00110609 -0.0110191 0.995967 -0.00238168 -4.18431e-05 1.78155e-05 0.00238173 0.99541 0.0299873 0.00112134 -2.90163e-05 -0.0299491 0.993068
7.4 0.0028248 13.611 -0.159465 -0.000251325 0.0148263 -0.159611 13.5556 -0.0323275 -0.000600221 0.000254087 0.0323283 13.5471 0.432452 0.0150435 -0.000416848 -0.431901 13.5152 -0.0117159 -1.84649e-05 0.00108929 -0.0117267 0.99593 -0.0023751 -4.40983e-05 1.86678e-05 0.00237516 0.995304 0.0317723 0.00110524 -3.06258e-05 -0.0317318 0.992962
7.6 0.00290071 13.3558 -0.166325 -0.000259077 0.0143157 -0.166476 13.301 -0.0316304 -0.00061971 0.000260751 0.0316313 13.2916 0.448973 0.0145383 -0.000431029 -0.448402 13.2603 -0.0124534 -1.9398e-05 0.00107187 -0.0124647 0.995891 -0.00236828 -4.63999e-05 1.95234e-05 0.00236835 0.995188 0.0336162 0.00108853 -3.22727e-05 -0.0335734 0.992847
7.8 0.00297657 13.0985 -0.173196 -0.000266489 0.0138035 -0.17335 13.0442 -0.0309285 -0.000638503 0.00026695 0.0309294 13.0339 0.46526 0.014031 -0.000444769 -0.464668 13.0032 -0.0132225 -2.0345e-05 0.00105382 -0.0132343 0.99585 -0.00236121 -4.87461e-05 2.03801e-05 0.00236128 0.995063 0.03552 0.00107119 -3.39556e-05 -0.0354748 0.992723
8 0.00305241 12.8394 -0.180066 -0.000273535 0.0132904 -0.180224 12.7855 -0.0302225 -0.000656536 0.000272653 0.0302235 12.7743 0.481274 0.0135224 -0.000458022 -0.480662 12.7442 -0.0140245 -2.13044e-05 0.00103513 -0.0140368 0.995806 -0.00235389 -5.11346e-05 2.12357e-05 0.00235397 0.994928 0.0374842 0.00105319 -3.56732e-05 -0.0374365 0.992588
8.2 0.0031282 12.5786 -0.186928 -0.000280188 0.012777 -0.187089 12.5253 -0.0295134 -0.00067375 0.00027783 0.0295145 12.513 0.496977 0.013013 -0.00047074 -0.496345 12.4836 -0.0148607 -2.22749e-05 0.00101577 -0.0148736 0.99576 -0.00234631 -5.3563e-05 2.20874e-05 0.0023464 0.994782 0.0395096 0.00103453 -3.74237e-05 -0.0394593 0.992442
8.4 0.00320396 12.3166 -0.193772 -0.000286421 0.0122641 -0.193936 12.2638 -0.028802 -0.000690085 0.000282454 0.0288032 12.2504 0.512332 0.0125036 -0.000482879 -0.511681 12.2216 -0.0157325 -2.32548e-05 0.000995731 -0.0157459 0.995712 -0.00233847 -5.60287e-05 2.29327e-05 0.00233856 0.994624 0.0415967 0.00101518 -3.92054e-05 -0.0415439 0.992284
8.6 0.00327968 12.0536 -0.200589 -0.00029221 0.0117523 -0.200756 12.0013 -0.0280893 -0.000705485 0.000286498 0.0280906 11.9868 0.527302 0.0119948 -0.000494395 -0.526633 11.9586 -0.0166413 -2.42425e-05 0.000974996 -0.0166552 0.995661 -0.00233036 -5.85288e-05 2.37686e-05 0.00233046 0.994454 0.0437463 0.000995115 -4.10162e-05 -0.0436907 0.992114
8.8 0.00335535 11.7899 -0.207371 -0.000297533 0.0112422 -0.20754 11.7382 -0.027376 -0.000719898 0.000289939 0.0273774 11.7224 0.541853 0.0114872 -0.000505245 -0.541165 11.6948 -0.0175888 -2.52361e-05 0.000953544 -0.0176032 0.995607 -0.00232198 -6.10604e-05 2.4592e-05 0.00232209 0.99427 0.0459589 0.000974321 -4.28538e-05 -0.0459006 0.991929
9 0.00343099 11.5258 -0.21411 -0.000302366 0.0107346 -0.214281 11.4746 -0.0266629 -0.000733273 0.000292752 0.0266645 11.4575 0.555949 0.0109815 -0.000515387 -0.555244 11.4305 -0.0185765 -2.62337e-05 0.000931354 -0.0185914 0.99555 -0.00231332 -6.36199e-05 2.53997e-05 0.00231345 0.994073 0.048235 0.000952773 -4.47158e-05 -0.0481739 0.99173
9.2 0.00350659 11.2616 -0.220797 -0.000306688 0.0102301 -0.22097 11.2108 -0.0259511 -0.000745561 0.000294918 0.0259527 11.1925 0.569558 0.0104783 -0.000524781 -0.568837 11.1661 -0.0196062 -2.72331e-05 0.000908407 -0.0196216 0.99549 -0.00230439 -6.62038e-05 2.6188e-05 0.00230453 0.99386 0.0505753 0.000930446 -4.65992e-05 -0.0505112 0.991516
9.4 0.00358214 10.9975 -0.227426 -0.000310482 0.00972928 -0.227601 10.9472 -0.0252412 -0.000756717 0.000296417 0.0252429 10.9275 0.582648 0.00997822 -0.00053339 -0.581911 10.9017 -0.0206798 -2.8232e-05 0.00088468 -0.0206957 0.995427 -0.00229517 -6.8808e-05 2.69531e-05 0.00229533 0.993631 0.05298 0.000907316 -4.8501e-05 -0.0529129 0.991285
9.6 0.00365765 10.7338 -0.23399 -0.000313728 0.00923273 -0.234165 10.684 -0.024534 -0.000766699 0.000297232 0.0245359 10.6628 0.595188 0.00948181 -0.000541177 -0.594435 10.6376 -0.0217992 -2.92279e-05 0.000860151 -0.0218156 0.99536 -0.00228567 -7.14282e-05 2.76911e-05 0.00228585 0.993384 0.0554496 0.000883356 -5.04178e-05 -0.0553795 0.991036
9.8 0.00373311 10.4709 -0.24048 -0.00031641 0.00874103 -0.240656 10.4216 -0.0238305 -0.000775469 0.000297348 0.0238325 10.3988 0.607147 0.00898965 -0.000548106 -0.60638 10.3742 -0.0229666 -3.02181e-05 0.000834794 -0.0229834 0.995289 -0.00227588 -7.40596e-05 2.83976e-05 0.00227608 0.99312 0.0579843 0.000858538 -5.23458e-05 -0.0579111 0.990768
10 0.00380853 10.2089 -0.246892 -0.000318514 0.00825476 -0.247068 10.16 -0.0231313 -0.000782991 0.000296751 0.0231335 10.1357 0.618499 0.0085023 -0.000554145 -0.617718 10.1117 -0.024184 -3.11997e-05 0.000808587 -0.0242013 0.995214 -0.0022658 -7.66971e-05 2.9068e-05 0.00226602 0.992835 0.0605844 0.000832834 -5.42807e-05 -0.060508 0.99048
10.2 0.0038839 9.94809 -0.253218 -0.000320027 0.00777445 -0.253393 9.8997 -0.0224372 -0.000789233 0.000295431 0.0224396 9.87378 0.629216 0.00802029 -0.000559263 -0.628423 9.8503 -0.0254539 -3.21697e-05 0.000781502 -0.0254716 0.995135 -0.00225543 -7.93351e-05 2.96972e-05 0.00225567 0.99253 0.0632499 0.000806214 -5.62181e-05 -0.0631702 0.99017
10.4 0.00395923 9.68878 -0.259453 -0.000320937 0.00730062 -0.259628 9.64085 -0.0217491 -0.000794166 0.000293377 0.0217517 9.61324 0.639273 0.00754413 -0.000563431 -0.638468 9.59032 -0.0267787 -3.31245e-05 0.000753512 -0.0267967 0.995052 -0.00224477 -8.19676e-05 3.02801e-05 0.00224504 0.992202 0.0659807 0.000778646 -5.81529e-05 -0.0658977 0.989837
10.6 0.0040345 9.43121 -0.265592 -0.000321234 0.00683376 -0.265765 9.38371 -0.0210676 -0.000797765 0.000290585 0.0210703 9.35435 0.648646 0.00707432 -0.000566623 -0.647831 9.33199 -0.0281609 -3.40607e-05 0.000724591 -0.0281794 0.994964 -0.00223382 -8.45878e-05 3.0811e-05 0.00223411 0.991851 0.0687766 0.000750097 -6.00796e-05 -0.0686902 0.98948
10.8 0.00410973 9.1756 -0.271629 -0.00032091 0.00637435 -0.271801 9.12854 -0.0203934 -0.000800008 0.000287048 0.0203964 9.09737 0.657314 0.00661134 -0.000568814 -0.656489 9.07555 -0.0296034 -3.49743e-05 0.000694707 -0.0296222 0.994871 -0.00222257 -8.71886e-05 3.12839e-05 0.00222289 0.991475 0.0716372 0.000720535 -6.1992e-05 -0.0715473 0.989096
11 0.00418491 8.92219 -0.27756 -0.00031996 0.00592284 -0.27773 8.87556 -0.0197273 -0.000800877 0.000282765 0.0197304 8.84253 0.665256 0.00615562 -0.000569982 -0.664423 8.82124 -0.031109 -3.58611e-05 0.000663832 -0.031128 0.994773 -0.00221104 -8.97623e-05 3.16923e-05 0.00221139 0.991071 0.074562 0.000689922 -6.38836e-05 -0.0744685 0.988685
11.2 0.00426003 8.67123 -0.283381 -0.000318379 0.00547964 -0.283549 8.625 -0.0190699 -0.000800358 0.000277734 0.0190732 8.59006 0.672453 0.00570761 -0.000570108 -0.671612 8.56929 -0.0326807 -3.67167e-05 0.000631934 -0.0327 0.994669 -0.00219922 -9.23005e-05 3.20294e-05 0.0021996 0.99064 0.07755 0.000658223 -6.57471e-05 -0.077453 0.988245
11.4 0.00433511 8.42292 -0.289089 -0.000316164 0.00504516 -0.289253 8.37709 -0.0184219 -0.000798441 0.000271958 0.0184254 8.34019 0.678889 0.00526769 -0.000569175 -0.678041 8.31993 -0.0343217 -3.75361e-05 0.00059898 -0.0343412 0.99456 -0.00218712 -9.47939e-05 3.22879e-05 0.00218754 0.990178 0.0806002 0.0006254 -6.75745e-05 -0.0804995 0.987772
11.6 0.00441013 8.17748 -0.294678 -0.000313314 0.00461977 -0.294839 8.13205 -0.0177839 -0.000795118 0.000265441 0.0177876 8.09312 0.684547 0.00483627 -0.000567168 -0.683694 8.07336 -0.0360353 -3.83142e-05 0.000564938 -0.036055 0.994444 -0.00217474 -9.72326e-05 3.246e-05 0.0021752 0.989683 0.0837112 0.000591413 -6.93573e-05 -0.0836069 0.987267
11.8 0.0044851 7.93513 -0.300148 -0.000309831 0.00420382 -0.300305 7.89007 -0.0171565 -0.000790387 0.000258189 0.0171604 7.84907 0.689415 0.00441369 -0.000564077 -0.688558 7.8298 -0.0378252 -3.90455e-05 0.000529773 -0.037845 0.994321 -0.00216209 -9.96061e-05 3.25375e-05 0.00216259 0.989155 0.0868814 0.000556222 -7.1086e-05 -0.0867734 0.986726
12 0.0139046 7.69605 -0.305494 -0.000305718 0.00379762 -0.305647 7.65135 -0.0165402 -0.000784248 0.000250211 0.0165444 7.60824 0.693481 0.00400029 -0.000559891 -0.692621 7.58944 -0.0396949 -3.9724e-05 0.000493451 -0.0397147 0.994192 -0.00214918 -0.000101903 3.25116e-05 0.00214973 0.98859 0.0901087 0.000519784 -7.27504e-05 -0.0899969 0.986147
13 0.0246683 6.55622 -0.330316 -0.000275924 0.00192232 -0.33044 6.51311 -0.0136451 -0.000732713 0.000199855 0.0136507 6.45882 0.701505 0.00208086 -0.000522425 -0.700647 6.44216 -0.0503821 -4.20858e-05 0.000293206 -0.0504011 0.993425 -0.00208125 -0.000111759 3.04834e-05 0.0020821 0.985144 0.106998 0.000317387 -7.96839e-05 -0.106868 0.982604
14 0.0265294 5.5232 -0.351884 -0.000231835 0.000323489 -0.351969 5.4813 -0.0111004 -0.000648171 0.000133756 0.0111076 5.41507 0.688807 0.000426424 -0.000457854 -0.68798 5.40018 -0.0637102 -4.19747e-05 5.85691e-05 -0.0637256 0.992415 -0.00200978 -0.000117354 2.42172e-05 0.00201108 0.980423 0.124712 7.7206e-05 -8.28966e-05 -0.124562 0.977728
15 0.0283823 4.61174 -0.370259 -0.000175748 -0.000989 -0.370296 4.57066 -0.00894596 -0.000534646 5.51067e-05 0.00895506 4.49215 0.656021 -0.000949582 -0.000368212 -0.655255 4.47863 -0.0802862 -3.81087e-05 -0.000214453 -0.0802943 0.991093 -0.00193982 -0.000115931 1.19492e-05 0.0019418 0.974069 0.14225 -0.000205905 -7.98424e-05 -0.142084 0.971136
16 0.0302266 3.83067 -0.385662 -0.000110839 -0.00202089 -0.385645 3.79 -0.00720229 -0.000397982 -3.19971e-05 0.00721358 3.69939 0.604872 -0.00204865 -0.000257228 -0.604194 3.6868 -0.100677 -2.89347e-05 -0.000527555 -0.100673 0.989384 -0.00188017 -0.000103894 -8.35288e-06 0.00188311 0.965729 0.157903 -0.000534801 -6.71498e-05 -0.157726 0.962443
17 0.0320617 3.18297 -0.398413 -4.09423e-05 -0.0027916 -0.398338 3.14233 -0.00587063 -0.000245432 -0.000122849 0.00588439 3.0403 0.538048 -0.00288555 -0.000130138 -0.53748 3.02824 -0.12517 -1.28629e-05 -0.000877043 -0.125147 0.987232 -0.00184439 -7.71079e-05 -3.85959e-05 0.00184871 0.955177 0.16904 -0.000906561 -4.08856e-05 -0.168861 0.95139
18 0.0338871 2.66619 -0.408869 2.97279e-05 -0.00333154 -0.408735 2.62522 -0.00493405 -8.51548e-05 -0.000212461 0.00495054 2.51298 0.459016 -0.00348607 6.61861e-06 -0.458577 2.50109 -0.153353 1.115e-05 -0.00124955 -0.153303 0.984634 -0.0018506 -3.19388e-05 -7.96873e-05 0.00185679 0.942537 0.172162 -0.00130751 2.48242e-06 -0.171997 0.938078
19 0.0357021 2.27304 -0.417357 9.68739e-05 -0.00367888 -0.417166 2.23143 -0.0043594 7.43231e-05 -0.000295894 0.00437883 2.11068 0.371801 -0.00388411 0.000145786 -0.371503 2.09864 -0.183612 4.26187e-05 -0.00161849 -0.183528 0.981695 -0.00191788 3.26977e-05 -0.000130175 0.00192642 0.928575 0.16357 -0.00170878 6.41369e-05 -0.163439 0.923274
20 0.0375062 1.9922 -0.424117 0.000156421 -0.00387614 -0.423876 1.94969 -0.00410001 0.000224656 -0.000368573 0.00412248 1.82257 0.28073 -0.00411861 0.000279755 -0.280576 1.81009 -0.212889 7.8517e-05 -0.00194566 -0.212768 0.978666 -0.00205804 0.000112768 -0.000185008 0.00206931 0.914853 0.140915 -0.00206737 0.000140426 -0.140838 0.90859
21 0.0392989 1.80924 -0.429259 0.000204803 -0.00396666 -0.428976 1.76565 -0.00409894 0.000358197 -0.000426564 0.00412444 1.63459 0.190173 -0.00423034 0.000401064 -0.190162 1.62148 -0.237259 0.000113198 -0.00219245 -0.237103 0.975906 -0.00226556 0.000197982 -0.00023577 0.00227965 0.903467 0.105112 -0.00233818 0.000221675 -0.105106 0.896223
22 0.0410797 1.70765 -0.432726 0.000239206 -0.00399145 -0.432413 1.66283 -0.00429266 0.00046845 -0.000466788 0.004321 1.53051 0.104284 -0.00425889 0.000502885 -0.104407 1.51664 -0.253404 0.000140079 -0.0023374 -0.253221 0.973754 -0.00251378 0.000274325 -0.000273351 0.00253038 0.896266 0.0610689 -0.00249401 0.00029449 -0.0611407 0.888146
23 0.0428479 1.66982 -0.434291 0.000257751 -0.00398637 -0.433962 1.6237 -0.0046149 0.00055044 -0.00048717 0.00464569 1.49286 0.0267728 -0.00424003 0.00057949 -0.0270137 1.47817 -0.260082 0.000154359 -0.00238731 -0.259885 0.972381 -0.00276371 0.00032964 -0.00029175 0.00278215 0.894023 0.0160333 -0.00253921 0.000347037 -0.0161776 0.885229
24 0.0446031 1.67805 -0.433562 0.000259608 -0.00398005 -0.433231 1.63061 -0.0050004 0.000600968 -0.000486713 0.00503302 1.50393 -0.0392993 -0.00420352 0.000626627 0.0389606 1.48843 -0.258373 0.000154708 -0.00237184 -0.258176 0.971732 -0.00297989 0.000358135 -0.000290047 0.00299933 0.896235 -0.0234196 -0.00250501 0.000373426 0.0232178 0.887003
25 0.0463447 1.71541 -0.430014 0.000245019 -0.00399248 -0.429697 1.66669 -0.0053885 0.000618753 -0.000465502 0.00542207 1.54664 -0.0916675 -0.00417167 0.00064181 0.0912559 1.53041 -0.250678 0.000142834 -0.00232742 -0.250493 0.9716 -0.00314124 0.000360703 -0.000271365 0.0031608 0.901615 -0.0534378 -0.00243188 0.000374144 0.0531978 0.892154
26 0.0480722 1.7665 -0.423035 0.000215244 -0.00403438 -0.422745 1.71658 -0.00572614 0.000604446 -0.000424637 0.00575951 1.60531 -0.128962 -0.00415848 0.000624472 0.128505 1.58847 -0.239476 0.000121848 -0.00228382 -0.239312 0.971738 -0.00324151 0.000342171 -0.000240383 0.0032604 0.90875 -0.0730043 -0.00235408 0.000353508 0.0727455 0.899216
27 0.049785 1.81806 -0.411984 0.000172434 -0.00410744 -0.411736 1.76704 -0.00597035 0.000560526 -0.00036612 0.00600216 1.66626 -0.150748 -0.00416963 0.000575989 0.150273 1.64898 -0.226606 9.48446e-05 -0.00225924 -0.22647 0.971935 -0.0032839 0.000308309 -0.000201379 0.0033014 0.916504 -0.0829166 -0.00229344 0.000316814 0.0826557 0.906997
28 0.0514827 1.85937 -0.396265 0.000119425 -0.00420519 -0.39607 1.80738 -0.00608998 0.000491089 -0.000292685 0.00611866 1.71828 -0.157503 -0.00420295 0.000499569 0.157039 1.70075 -0.213118 6.42289e-05 -0.00226162 -0.213013 0.972039 -0.00327529 0.000264116 -0.000157411 0.00329072 0.924118 -0.0847076 -0.00226042 0.000268676 0.0844582 0.914691
29 0.0531646 1.88246 -0.375393 5.95044e-05 -0.0043145 -0.375259 1.82965 -0.00606661 0.000401537 -0.00020762 0.00609048 1.75283 -0.150546 -0.00424969 0.000400009 0.150119 1.73527 -0.199416 3.16099e-05 -0.00229195 -0.199345 0.971944 -0.0032227 0.000213304 -0.000110292 0.00323538 0.931137 -0.079973 -0.00225752 0.000212493 0.0797459 0.92181
30 0.0548304 1.88221 -0.349061 -3.86554e-06 -0.00441751 -0.348994 1.82872 -0.00589462 0.000298205 -0.000114554 0.00591194 1.7642 -0.131916 -0.00429603 0.000283357 0.131546 1.74684 -0.185453 -2.05372e-06 -0.00234698 -0.185417 0.97158 -0.00313175 0.000158433 -6.08613e-05 0.00314095 0.937302 -0.0700854 -0.00228244 0.000150545 0.0698892 0.928078
31 0.0564795 1.85621 -0.317202 -6.73156e-05 -0.00449385 -0.317203 1.80218 -0.00558048 0.000187934 -1.72592e-05 0.0055896 1.74939 -0.104207 -0.00432503 0.000156484 0.103913 1.73244 -0.170887 -3.62651e-05 -0.00242099 -0.170887 0.970892 -0.00300639 0.000101246 -9.2981e-06 0.0030113 0.942453 -0.0561395 -0.00233003 8.43028e-05 0.0559814 0.933323
32 0.0581114 1.8045 -0.280025 -0.000127821 -0.00452291 -0.280091 1.75006 -0.00514138 7.76247e-05 8.05447e-05 0.0051408 1.7079 -0.0703865 -0.00431865 2.66225e-05 0.0701804 1.69157 -0.155182 -7.08349e-05 -0.00250646 -0.155218 0.96983 -0.0028492 4.30173e-05 4.46355e-05 0.00284888 0.946467 -0.0390062 -0.00239327 1.47534e-05 0.038892 0.937417
33 0.0597256 1.72923 -0.238039 -0.000182914 -0.00448597 -0.238164 1.67448 -0.00460313 -2.61939e-05 0.000175367 0.00459169 1.6414 -0.0335932 -0.00425974 -9.91049e-05 0.0334806 1.62587 -0.137656 -0.000105778 -0.0025942 -0.137729 0.968342 -0.00266196 -1.51478e-05 0.000101413 0.00265534 0.94921 -0.0194267 -0.00246337 -5.73117e-05 0.0193616 0.940227
34 0.0613216 1.63421 -0.192058 -0.00023083 -0.00436812 -0.192233 1.57925 -0.00399779 -0.000117767 0.000264094 0.00397474 1.55333 0.00306524 -0.00413385 -0.000214134 -0.00308406 1.53874 -0.117523 -0.000141249 -0.00267293 -0.11763 0.966369 -0.00244632 -7.20639e-05 0.000161604 0.00243221 0.950508 0.00187567 -0.00252958 -0.000131032 -0.00188719 0.941584
35 0.0628989 1.52442 -0.143173 -0.000270602 -0.00415973 -0.143386 1.46931 -0.00336094 -0.000192455 0.000344117 0.00332604 1.44841 0.0366994 -0.00393076 -0.000312842 -0.0366298 1.43489 -0.0939195 -0.000177511 -0.00272873 -0.0940591 0.963847 -0.00220473 -0.000126248 0.000225736 0.00218183 0.950134 0.0240743 -0.00257852 -0.00020522 -0.0240286 0.941266
36 0.064457 1.40554 -0.0927157 -0.000302062 -0.00385739 -0.092952 1.35031 -0.0027289 -0.000246986 0.000413413 0.00268251 1.33217 0.0648047 -0.00364547 -0.000390853 -0.0646569 1.3198 -0.0659645 -0.000214908 -0.00274442 -0.0661326 0.960707 -0.00194153 -0.000175723 0.000294131 0.00190852 0.947796 0.0461066 -0.00259364 -0.00027808 -0.0460015 0.938996
37 0.0659956 1.28343 -0.0421903 -0.000325792 -0.0034643 -0.0424344 1.2281 -0.00213609 -0.000279624 0.000470611 0.0020792 1.21048 0.0853947 -0.00327887 -0.000445233 -0.0851828 1.1993 -0.0328731 -0.000253845 -0.00269925 -0.0330632 0.95689 -0.00166436 -0.000217872 0.000366682 0.00162004 0.943157 0.0665363 -0.00255477 -0.000346909 -0.0663712 0.934451
38 0.067514 1.16375 0.0068006 -0.000342999 -0.00299017 0.00656488 1.10831 -0.00161267 -0.000290215 0.000515011 0.00154692 1.08911 0.0970957 -0.00283779 -0.000474587 -0.0968362 1.07915 0.0058437 -0.000294737 -0.00256944 0.00564115 0.952365 -0.00138576 -0.00024938 0.000442546 0.00132926 0.935865 0.0834336 -0.00243849 -0.000407809 -0.0832107 0.927303
39 0.0690118 1.05156 0.0526443 -0.000355349 -0.0024505 0.0524325 0.995998 -0.00118261 -0.000280134 0.000546578 0.0011102 0.973373 0.0991978 -0.00233458 -0.000479027 -0.098909 0.964601 0.0500628 -0.000337924 -0.00233034 0.0498614 0.947158 -0.00112462 -0.000266398 0.000519776 0.00105576 0.925643 0.0943335 -0.0022201 -0.000455537 -0.0940589 0.917301
40 0.10628 0.951093 0.0938088 -0.00036477 -0.00186545 0.093635 0.895357 -0.000862248 -0.000252126 0.000565897 0.000785909 0.867802 0.091663 -0.00178629 -0.000460058 -0.0913631 0.860178 0.0986325 -0.000383527 -0.00196137 0.0984498 0.941398 -0.000906586 -0.00026509 0.000594996 0.000826321 0.912426 0.0963764 -0.00187814 -0.000483715 -0.0960611 0.90441
42 0.146749 0.796788 0.1569 -0.000382579 -0.000654121 0.156835 0.740562 -0.000573897 -0.000158536 0.00057282 0.000499151 0.70028 0.0506442 -0.000638773 -0.000363543 -0.0503722 0.694734 0.196916 -0.000480151 -0.000820947 0.196834 0.929434 -0.000720263 -0.000198968 0.000718911 0.000626453 0.878878 0.0635604 -0.000801685 -0.000456261 -0.063219 0.871918
44 0.152348 0.712329 0.188551 -0.000409402 0.000449162 0.188616 0.655396 -0.000711503 -4.74404e-05 0.000549672 0.000651413 0.60154 -0.0150281 0.000425194 -0.0002155 0.0152226 0.597685 0.264696 -0.000574737 0.000630554 0.264788 0.920075 -0.00099884 -6.6599e-05 0.000771654 0.000914483 0.844469 -0.0210971 0.000596906 -0.000302529 0.0213702 0.839057
46 0.157761 0.692112 0.186887 -0.00045114 0.00127907 0.187073 0.634282 -0.00112787 4.29751e-05 0.000513539 0.00109338 0.569284 -0.0891591 0.001243 -5.06603e-05 0.0892528 0.566676 0.270024 -0.000651832 0.00184807 0.270294 0.916445 -0.00162961 6.20927e-05 0.000741988 0.00157978 0.822532 -0.128822 0.00179595 -7.31967e-05 0.128957 0.818764
48 0.162982 0.717996 0.156135 -0.000504715 0.0017415 0.156405 0.659153 -0.00161363 8.58921e-05 0.000480193 0.00161096 0.587763 -0.154691 0.00171134 0.000101374 0.154686 0.585957 0.21746 -0.00070295 0.0024255 0.217836 0.918046 -0.00224741 0.000119628 0.000668797 0.00224369 0.818617 -0.215448 0.0023835 0.000141191 0.215442 0.816101
50 0.168004 0.76589 0.105655 -0.000559451 0.00183323 0.105948 0.706008 -0.00195824 7.3661e-05 0.000460132 0.00198753 0.633921 -0.197826 0.00181058 0.000222564 0.197745 0.632507 0.137951 -0.000730458 0.0023936 0.138333 0.921814 -0.00255682 9.6177e-05 0.000600781 0.00259506 0.827692 -0.258295 0.00236402 0.000290595 0.25819 0.825846
52 0.172821 0.812352 0.04781 -0.000601008 0.00163561 0.0480576 0.751496 -0.00200609 1.9673e-05 0.000456227 0.0020617 0.683923 -0.21093 0.00160544 0.000308622 0.210804 0.682557 0.0588538 -0.000739837 0.00201343 0.0591586 0.925086 -0.00246949 2.42173e-05 0.000561613 0.00253794 0.841905 -0.259653 0.00197628 0.000379912 0.259498 0.840223
54 0.177428 0.839646 -0.00475467 -0.000616443 0.00128603 -0.0046133 0.777948 -0.00169355 -4.60946e-05 0.000463741 0.00176597 0.718471 -0.193661 0.0012235 0.000367039 0.19352 0.7169 -0.00566271 -0.00073417 0.00153163 -0.00549434 0.926519 -0.00201698 -5.48977e-05 0.000552306 0.00210324 0.855683 -0.230646 0.00145716 0.000437135 0.230478 0.853812
56 0.181819 0.838405 -0.0417599 -0.000598819 0.000936984 -0.0417654 0.776028 -0.00105934 -8.63636e-05 0.000472767 0.00113801 0.725961 -0.152275 0.000818588 0.000412147 0.152145 0.724054 -0.0498087 -0.000714236 0.00111758 -0.0498154 0.925601 -0.00126352 -0.000103009 0.000563889 0.00135735 0.865884 -0.181625 0.000976364 0.000491585 0.181469 0.863609
58 0.185988 0.807803 -0.0572394 -0.000550098 0.000714941 -0.0574027 0.744893 -0.000228051 -6.77963e-05 0.000472354 0.000304056 0.703236 -0.0974861 0.000529947 0.000459093 0.0973841 0.701013 -0.0708582 -0.000680981 0.000885044 -0.0710603 0.922122 -0.00028231 -8.39268e-05 0.00058474 0.000376398 0.870554 -0.120681 0.000656035 0.000568323 0.120554 0.867802
60 0.286303 0.753751 -0.0503796 -0.000481598 0.000689957 -0.0506782 0.690383 0.000626437 2.91445e-05 0.000455002 -0.000558674 0.654301 -0.0415661 0.000448114 0.000518596 0.0415051 0.651962 -0.0668386 -0.000638936 0.000915366 -0.0672347 0.91593 0.000831094 3.8666e-05 0.000603651 -0.000741192 0.86806 -0.0551457 0.000594512 0.00068802 0.0550648 0.864958
64 0.394175 0.615013 0.0111194 -0.0003627 0.00117446 0.0107229 0.550495 0.00173495 0.000438727 0.000374511 -0.00168784 0.513933 0.0334256 0.00092846 0.00068068 -0.0333776 0.5127 0.0180799 -0.000589743 0.00190965 0.0174352 0.895095 0.00282099 0.000713362 0.000608948 -0.0027444 0.835645 0.0543494 0.00150966 0.00110677 -0.0542713 0.833641
68 0.406626 0.495305 0.0824166 -0.000394885 0.00180601 0.0822043 0.428555 0.00148052 0.000942962 0.000307321 -0.0014543 0.379262 0.0329141 0.00174486 0.000846983 -0.0327477 0.381714 0.166396 -0.000797258 0.00364626 0.165967 0.865236 0.00298911 0.0019038 0.000620469 -0.00293616 0.765714 0.0664523 0.00352281 0.00171002 -0.0661162 0.770664
72 0.417095 0.425464 0.110692 -0.00061235 0.00187439 0.110815 0.355268 0.000210279 0.00126413 0.000354507 -0.000212716 0.29114 -0.0181602 0.00206886 0.000937249 0.0183804 0.29944 0.260168 -0.00143925 0.00440551 0.260457 0.835012 0.000494235 0.00297118 0.000833224 -0.000499962 0.684288 -0.0426832 0.0048626 0.00220289 0.0432008 0.703797
76 0.425533 0.393094 0.0881327 -0.00084232 0.00127847 0.0885001 0.31959 -0.00104252 0.00129925 0.00050266 0.00101613 0.246876 -0.0676401 0.00159865 0.000930213 0.0677697 0.260998 0.224203 -0.0021428 0.00325233 0.225137 0.813012 -0.00265208 0.0033052 0.00127873 0.00258497 0.628033 -0.172071 0.00406683 0.00236639 0.172401 0.663958
80 0.431897 0.372932 0.0447697 -0.00079528 0.000561864 0.0451284 0.298382 -0.00150892 0.00117937 0.000577468 0.00150672 0.224731 -0.0823159 0.000796603 0.000870907 0.0822334 0.242061 0.120048 -0.00213251 0.00150661 0.12101 0.800097 -0.00404609 0.00316244 0.00154846 0.00404022 0.602606 -0.220726 0.00213606 0.0023353 0.220505 0.649076
84 0.436158 0.349663 0.0144998 -0.000304491 0.000319213 0.0146328 0.277013 -0.00127616 0.0010961 0.000369855 0.00136288 0.206347 -0.0640133 0.000372537 0.000816995 0.0637499 0.2238 0.041468 -0.000870813 0.000912916 0.0418484 0.792229 -0.00364968 0.00313472 0.00105775 0.00389769 0.59013 -0.183072 0.00106542 0.00233652 0.182318 0.640044
88 0.328636 0.320383 0.00943792 0.000474762 0.000615795 0.00930691 0.25008 -0.00107716 0.001086 -0.000143085 0.00124455 0.181844 -0.0342649 0.000570796 0.000793305 0.034009 0.199352 0.0294582 0.00148186 0.00192206 0.0290493 0.780564 -0.0033621 0.00338968 -0.000446607 0.00388457 0.567582 -0.10695 0.0017816 0.00247611 0.106151 0.622231
90 0.219313 0.304414 0.0138794 0.000840952 0.000820928 0.0136582 0.234019 -0.00120904 0.00106315 -0.000437151 0.0013739 0.165785 -0.0215658 0.000781028 0.000787471 0.0213946 0.184795 0.0455939 0.00276253 0.00269675 0.0448673 0.768751 -0.0039717 0.00349244 -0.00143604 0.00451326 0.544602 -0.0708437 0.00256567 0.00258684 0.0702813 0.607051
92 0.328636 0.288479 0.0203965 0.00110987 0.000951895 0.0201297 0.21648 -0.00152958 0.000992639 -0.000686103 0.00164823 0.147075 -0.0123607 0.000940806 0.000776397 0.0123092 0.169182 0.0707035 0.0038473 0.0032997 0.0697787 0.750419 -0.00530223 0.00344094 -0.00237834 0.00571351 0.509829 -0.0428477 0.00326126 0.00269135 0.0426694 0.58646
96 0.436158 0.260549 0.0334727 0.00119248 0.00073517 0.0332504 0.180576 -0.00250838 0.000638538 -0.000853324 0.00242202 0.104608 -0.00647575 0.000770931 0.000693899 0.00666605 0.137529 0.12847 0.00457678 0.00282161 0.127616 0.693059 -0.00962725 0.00245074 -0.00327509 0.0092958 0.40149 -0.0248542 0.00295887 0.00266321 0.0255846 0.527842
100 0.431897 0.244565 0.0421962 0.000673076 -0.000196041 0.0421487 0.153823 -0.00321516 2.44364e-05 -0.000482208 0.00291688 0.0657591 -0.0164833 -0.000230232 0.000451164 0.0167612 0.111425 0.172536 0.00275214 -0.000801594 0.172342 0.628967 -0.0131465 9.9918e-05 -0.0019717 0.0119268 0.268882 -0.0673985 -0.000941397 0.00184476 0.0685349 0.455605
104 0.425533 0.243673 0.0464471 -5.06811e-05 -0.00140427 0.0466065 0.14654 -0.00291336 -0.000650153 0.00010633 0.00260101 0.0440515 -0.0368591 -0.00159428 2.2349e-06 0.0370105 0.0969692 0.190612 -0.000207988 -0.00576292 0.191266 0.601379 -0.011956 -0.00266813 0.000436364 0.0106742 0.180781 -0.151264 -0.00654269 9.1717e-06 0.151886 0.397948
108 0.417095 0.250195 0.0459255 -0.000385222 -0.00211909 0.0462087 0.154271 -0.00167193 -0.00116476 0.000298641 0.0015759 0.0413181 -0.0564631 -0.00237747 -0.000595229 0.0563935 0.0934113 0.183559 -0.00153969 -0.00846976 0.184691 0.616605 -0.00668252 -0.00465542 0.00119363 0.00629868 0.165144 -0.225677 -0.00950249 -0.00237906 0.225398 0.373354
112 0.406626 0.250715 0.0391737 4.15238e-05 -0.00174893 0.0394109 0.156585 -0.000381118 -0.00148421 -0.000299739 0.000528361 0.0416752 -0.0625288 -0.00187276 -0.00123998 0.0623389 0.0929376 0.156248 0.000165622 -0.00697577 0.157194 0.624554 -0.00152013 -0.0059199 -0.00119554 0.00210742 0.166225 -0.249402 -0.00746968 -0.00494579 0.248645 0.370691
116 0.394175 0.24194 0.0286256 0.00109917 -0.000326363 0.0286754 0.136388 4.03857e-05 -0.00181005 -0.00149154 0.000148533 0.0246741 -0.0518523 -0.000217647 -0.00193072 0.0517399 0.0894274 0.118317 0.00454315 -0.00134894 0.118522 0.563724 0.000166924 -0.00748137 -0.0061649 0.000613925 0.101984 -0.214318 -0.000899591 -0.00798015 0.213854 0.369626
120 0.379804 0.239601 0.0227211 0.00220823 0.00143269 0.0226036 0.102066 -0.000502412 -0.00242125 -0.00259044 0.000531741 -0.0127211 -0.0381099 0.0016242 -0.00279058 0.0381841 0.0866426 0.0948287 0.00921627 0.00597947 0.0943383 0.425984 -0.00209687 -0.0101053 -0.0108115 0.00221928 -0.0530929 -0.159055 0.00677874 -0.0116468 0.159365 0.361612
124 0.363583 0.264611 0.0293942 0.00267664 0.00258252 0.0292843 0.0846196 -0.00123794 -0.00339205 -0.00287646 0.00112436 -0.050193 -0.0419263 0.00258988 -0.00384556 0.042113 0.0936132 0.111085 0.0101154 0.00975967 0.110669 0.319788 -0.00467834 -0.012819 -0.0108705 0.00424912 -0.189686 -0.158445 0.00978749 -0.0145329 0.159151 0.353777
128 0.34559 0.31693 0.0467474 0.00208107 0.00263669 0.0467908 0.105915 -0.00134533 -0.00439378 -0.00201482 0.00127675 -0.0651228 -0.0686244 0.00239009 -0.0047667 0.068756 0.110266 0.147501 0.00656635 0.00831948 0.147638 0.334192 -0.00424488 -0.0138636 -0.00635731 0.00402849 -0.20548 -0.216529 0.00754138 -0.0150403 0.216944 0.347919
132 0.325914 0.368659 0.0620189 0.000471504 0.00192916 0.0621668 0.149834 -0.000761009 -0.00482194 -0.000193489 0.000856324 -0.0605001 -0.0977477 0.00171494 -0.00497271 0.0977335 0.122244 0.168228 0.00127897 0.00523292 0.16863 0.406429 -0.00206426 -0.0130797 -0.000524846 0.00232281 -0.164109 -0.265144 0.00465182 -0.0134887 0.265105 0.33159
136 0.304649 0.391772 0.0619631 -0.00166462 0.00129564 0.0620303 0.172098 -0.000120059 -0.00428351 0.00200064 0.000288671 -0.0670556 -0.101108 0.00151476 -0.00416354 0.101 0.116351 0.158161 -0.00424894 0.00330712 0.158333 0.43928 -0.000306452 -0.0109337 0.00510663 0.000736835 -0.17116 -0.258078 0.00386644 -0.0106274 0.257804 0.296986
140 0.281901 0.392897 0.0450905 -0.00361988 0.00132498 0.0449787 0.144882 4.92081e-05 -0.00306106 0.00385346 2.36084e-06 -0.11223 -0.074038 0.00202515 -0.00277498 0.0739506 0.100508 0.114764 -0.00921331 0.00337233 0.11448 0.368752 0.000125244 -0.00779101 0.00980781 6.0088e-06 -0.285647 -0.188441 0.00515442 -0.00706288 0.188219 0.255812
144 0.257779 0.409493 0.0232737 -0.00477411 0.00184518 0.0230965 0.0899331 -7.05924e-05 -0.00199578 0.00483906 -7.31229e-05 -0.186882 -0.043903 0.0025235 -0.00173975 0.0439031 0.09899 0.0568353 -0.0116586 0.00450601 0.0564027 0.219621 -0.00017239 -0.00487379 0.0118172 -0.00017857 -0.456375 -0.107213 0.0061625 -0.00424856 0.107213 0.241738
148 0.232401 0.461664 0.0107998 -0.0048692 0.00211152 0.0107594 0.0609013 0.000138999 -0.0017222 0.00483223 -0.000368515 -0.247574 -0.0407831 0.00209042 -0.00162088 0.0408649 0.119798 0.0233933 -0.0105471 0.00457372 0.0233057 0.131917 0.000301083 -0.00373041 0.010467 -0.000798231 -0.536263 -0.0883394 0.00452802 -0.00351094 0.0885165 0.259492
152 0.205891 0.514143 0.0117812 -0.00409591 0.00152987 0.0119343 0.0903965 0.000938638 -0.00197531 0.00407639 -0.00107624 -0.256012 -0.059927 0.000613447 -0.00198018 0.060041 0.131751 0.0229143 -0.00796649 0.00297557 0.0232119 0.17582 0.00182564 -0.00384196 0.00792852 -0.00209328 -0.49794 -0.116557 0.00119314 -0.00385142 0.116779 0.256253
156 0.178378 0.506669 0.0181681 -0.00292236 0.000261179 0.0183345 0.15898 0.00186248 -0.0018038 0.00295093 -0.00183078 -0.216465 -0.0615587 -0.000987142 -0.00175953 0.0616355 0.0903996 0.0358579 -0.00576779 0.000515482 0.0361863 0.313776 0.00367594 -0.00356011 0.00582418 -0.00361338 -0.427231 -0.121497 -0.0019483 -0.00347273 0.121649 0.178419
160 0.0971232 0.435946 0.0192839 -0.00179609 -0.000838008 0.0191978 0.220232 0.00218949 -0.000603845 0.0017709 -0.00206138 -0.172988 -0.0149828 -0.00153192 -0.000405352 0.0149559 -0.00178664 0.0442345 -0.00411998 -0.00192228 0.0440372 0.505183 0.00502239 -0.00138514 0.00406219 -0.00472852 -0.396811 -0.0343684 -0.00351401 -0.000929822 0.0343067 -0.0040983
161 0.0357021 0.41785 0.0181676 -0.0015547 -0.000971525 0.0179922 0.230754 0.00213428 -0.000179426 0.00149516 -0.00200305 -0.16738 0.00308592 -0.00142651 5.7702e-05 -0.00314441 -0.0250026 0.0434789 -0.00372073 -0.00232506 0.043059 0.552241 0.00510776 -0.000429403 0.00357823 -0.00479372 -0.400574 0.00738524 -0.00341394 0.000138093 -0.00752522 -0.0598364
162 0.0338871 0.403762 0.0165555 -0.00133336 -0.00102619 0.0162885 0.239298 0.00202801 0.000262061 0.00123357 -0.00190176 -0.164958 0.0222926 -0.0012257 0.000533299 -0.0223826 -0.0450061 0.0410033 -0.00330234 -0.00254158 0.040342 0.592673 0.0050228 0.000649049 0.0030552 -0.0047101 -0.408553 0.0552122 -0.0030357 0.00132083 -0.0554352 -0.111467
163 0.0320617 0.395937 0.0145443 -0.00113263 -0.000996199 0.0141887 0.246167 0.00187782 0.000699346 0.000989166 -0.00176349 -0.165974 0.0416456 -0.000937661 0.000998366 -0.0417657 -0.0600488 0.0367339 -0.00286064 -0.00251605 0.0358357 0.621733 0.00474272 0.00176631 0.00249829 -0.00445397 -0.419194 0.105182 -0.00236821 0.00252153 -0.105486 -0.151663
164 0.0302266 0.396484 0.0122553 -0.000952518 -0.000879321 0.0118189 0.251801 0.00169299 0.00111056 0.000764835 -0.00159605 -0.170497 0.0600968 -0.00057405 0.00142965 -0.060244 -0.0685024 0.03091 -0.00240241 -0.00221779 0.0298092 0.635083 0.00427001 0.00280101 0.00192904 -0.0040255 -0.430021 0.151574 -0.00144785 0.00360583 -0.151945 -0.172775
165 0.0283823 0.407206 0.00982398 -0.000792532 -0.000676986 0.00931895 0.256731 0.00148432 0.00147477 0.000563209 -0.00140842 -0.178418 0.0766171 -0.000149163 0.00180535 -0.0767871 -0.0689783 0.0241253 -0.00194627 -0.00166252 0.0228851 0.630471 0.00364514 0.00362167 0.00138311 -0.00345874 -0.438152 0.188153 -0.000366309 0.00443352 -0.188571 -0.169394
166 0.0265294 0.429446 0.00738831 -0.000651853 -0.000394146 0.00683085 0.261525 0.00126322 0.00177353 0.000386514 -0.00121012 -0.18947 0.0902738 0.000320998 0.00210662 -0.0904612 -0.060438 0.0172043 -0.00151789 -0.000917801 0.0159062 0.608982 0.00294151 0.0041298 0.00090003 -0.00281786 -0.441196 0.21021 0.00074747 0.00490544 -0.210646 -0.140735
167 0.0246683 0.463964 0.00507832 -0.000529413 -3.89876e-05 0.00448749 0.266722 0.00104092 0.00199221 0.000236413 -0.00101051 -0.203248 0.100302 0.000819697 0.00231893 -0.1005 -0.0422879 0.0109455 -0.00114106 -8.40315e-05 0.00967205 0.574876 0.00224353 0.00429388 0.000509549 -0.00217799 -0.438068 0.216184 0.00176672 0.00499809 -0.216612 -0.0911448
168 0.0172754 0.510838 0.00300632 -0.000423983 0.000377493 0.0024029 0.272781 0.000827664 0.00212111 0.000113836 -0.000818174 -0.219242 0.106164 0.00133039 0.00243316 -0.106367 -0.0144488 0.00588507 -0.000829975 0.000738968 0.00470385 0.533988 0.00162021 0.00415222 0.000222841 -0.00160163 -0.42918 0.207824 0.00260433 0.00476307 -0.20822 -0.0282846
168.5 0.0109315 0.538732 0.00208784 -0.000377234 0.000604653 0.00148614 0.276244 0.000727207 0.00215042 6.29258e-05 -0.000727061 -0.227888 0.10744 0.00158533 0.00245229 -0.107641 0.0029777 0.00387548 -0.000700225 0.00112236 0.00275859 0.512767 0.00134985 0.00399162 0.000116803 -0.00134958 -0.423009 0.199431 0.00294271 0.00455197 -0.199805 0.00552724
169 0.0104622 0.569409 0.0012591 -0.000334234 0.000842018 0.000664388 0.280035 0.000632091 0.00215624 1.88471e-05 -0.000640358 -0.236866 0.107598 0.00183757 0.00244626 -0.107797 0.0226044 0.00221123 -0.000586984 0.00147876 0.0011668 0.491799 0.00111008 0.0037868 3.30994e-05 -0.0011246 -0.415985 0.188964 0.00322715 0.00429613 -0.189314 0.0396979
169.5 0.00999215 0.60267 0.000526072 -0.000294809 0.00108767 -5.65159e-05 0.284169 0.000543057 0.00213904 -1.85438e-05 -0.000558697 -0.246094 0.106653 0.00208544 0.00241567 -0.106848 0.0442844 0.000872902 -0.000489171 0.00180475 -9.37759e-05 0.471517 0.000901086 0.00354927 -3.07694e-05 -0.000927037 -0.40834 0.176967 0.00346034 0.00400828 -0.177291 0.0734804
170 0.0095213 0.638271 -0.000107335 -0.000258782 0.00133962 -0.000672908 0.28865 0.000460697 0.00209962 -4.94533e-05 -0.000482589 -0.255494 0.104637 0.00232742 0.00236154 -0.104826 0.0678379 -0.000168165 -0.000405443 0.00209883 -0.00105427 0.452238 0.000721789 0.00328955 -7.74801e-05 -0.000756088 -0.400291 0.163938 0.00364644 0.0036999 -0.164234 0.106284
170.5 0.00904972 0.675927 -0.000639354 -0.000225978 0.00159585 -0.00118333 0.293471 0.000385441 0.00203919 -7.41501e-05 -0.000412417 -0.264986 0.101601 0.00256211 0.00228526 -0.101783 0.0930535 -0.000945892 -0.000334323 0.00236098 -0.00175067 0.434176 0.000570241 0.00301688 -0.000109701 -0.000610149 -0.392034 0.150314 0.00379052 0.00338092 -0.150583 0.137668
171 0.00857745 0.715313 -0.0010703 -0.000196219 0.00185429 -0.00158847 0.298612 0.000317566 0.00195927 -9.29631e-05 -0.000348434 -0.274492 0.0976155 0.00278831 0.00218856 -0.0977889 0.119691 -0.00149626 -0.000274312 0.00259227 -0.00222067 0.417456 0.000443954 0.00273904 -0.000129961 -0.000487107 -0.383736 0.136465 0.00389802 0.00305958 -0.136708 0.167326
171.5 0.00810453 0.75607 -0.00140249 -0.00016933 0.00211288 -0.00189112 0.304043 0.000257192 0.00186171 -0.000106278 -0.000290772 -0.283934 0.0927652 0.00300492 0.0020735 -0.0929286 0.147483 -0.00185497 -0.000223961 0.00279455 -0.00250125 0.402135 0.000340169 0.00246235 -0.000140567 -0.000384583 -0.375539 0.122694 0.0039744 0.00274247 -0.12291 0.195065
172 0.00763099 0.797808 -0.00164014 -0.000145136 0.00236957 -0.002096 0.309721 0.00020429 0.00174864 -0.000114535 -0.000239438 -0.29324 0.0871509 0.00321105 0.00194245 -0.0873033 0.176141 -0.0020558 -0.000181918 0.00297009 -0.0026272 0.388215 0.000256064 0.00219181 -0.000143562 -0.00030012 -0.367557 0.109238 0.00402485 0.00243473 -0.109429 0.220781
172.5 0.00715688 0.840111 -0.00178919 -0.000123463 0.00262232 -0.00220962 0.315595 0.000158693 0.00162246 -0.000118218 -0.00019433 -0.302337 0.0808868 0.00340595 0.00179801 -0.0810273 0.205357 -0.00212971 -0.000146961 0.0031214 -0.00263016 0.375659 0.000188895 0.00193124 -0.000140717 -0.000231315 -0.359878 0.0962811 0.00405416 0.0021402 -0.0964484 0.24444
173 0.00668221 0.882543 -0.00185714 -0.000104142 0.00286917 -0.0022401 0.321606 0.000120107 0.00148575 -0.000117854 -0.000155241 -0.31116 0.0740983 0.00358899 0.00164299 -0.0742263 0.234808 -0.00210431 -0.000118003 0.00325103 -0.00253823 0.364408 0.000136092 0.00168349 -0.00013354 -0.000175902 -0.352572 0.08396 0.00406664 0.00186166 -0.084105 0.266058
173.5 0.00620704 0.924655 -0.0018528 -8.70066e-05 0.00310819 -0.00219689 0.327685 8.81246e-05 0.00134128 -0.000114002 -0.000121873 -0.319644 0.06692 0.00375971 0.00148038 -0.0670349 0.26416 -0.00200378 -9.40963e-05 0.00336146 -0.0023759 0.354386 9.53053e-05 0.00145057 -0.000123291 -0.000131804 -0.34569 0.0723729 0.00406607 0.00160101 -0.0724972 0.285685
174 0.0057314 0.965991 -0.00178607 -7.18936e-05 0.00333753 -0.00209056 0.333758 6.22441e-05 0.00119191 -0.000107242 -9.38493e-05 -0.327731 0.0594929 0.00391777 0.00131326 -0.0595946 0.293074 -0.00184895 -7.44248e-05 0.00345504 -0.00216416 0.345509 6.44355e-05 0.00123388 -0.000111018 -9.71534e-05 -0.339269 0.0615875 0.00405571 0.00135949 -0.0616928 0.303393
174.5 0.00525531 1.00609 -0.00166765 -5.86466e-05 0.00355545 -0.0019325 0.339747 4.18858e-05 0.0010406 -9.8172e-05 -7.07314e-05 -0.335366 0.0519624 0.00406296 0.00114476 -0.0520508 0.321212 -0.00165756 -5.82915e-05 0.00353392 -0.0019208 0.33769 4.16322e-05 0.0010343 -9.75776e-05 -7.03031e-05 -0.333336 0.0516477 0.00403836 0.00113783 -0.0517357 0.319267
175 0.00477883 1.04451 -0.0015088 -4.71151e-05 0.00376028 -0.00173465 0.345572 2.64131e-05 0.000890276 -8.73908e-05 -5.20328e-05 -0.342499 0.0444749 0.00419513 0.000978048 -0.0445503 0.348237 -0.00144451 -4.51076e-05 0.00360006 -0.00166073 0.330847 2.52876e-05 0.000852342 -8.36671e-05 -4.98158e-05 -0.327906 0.0425799 0.00401638 0.000936375 -0.0426521 0.333399
175.5 0.00430199 1.08079 -0.001321 -3.71563e-05 0.00395048 -0.00150916 0.35115 1.51528e-05 0.000743862 -7.54923e-05 -3.72368e-05 -0.349085 0.0371757 0.00431426 0.000816204 -0.0372386 0.373823 -0.00122225 -3.43788e-05 0.00365517 -0.00139635 0.324901 1.40201e-05 0.000688257 -6.98491e-05 -3.44533e-05 -0.32299 0.0343968 0.00399176 0.000755191 -0.0344549 0.345879
176 0.00382481 1.11453 -0.00111571 -2.86362e-05 0.00412462 -0.00126817 0.3564 7.41646e-06 0.000604174 -6.30535e-05 -2.58123e-05 -0.355084 0.0302062 0.00442037 0.000662223 -0.0302571 0.397658 -0.00100106 -2.56936e-05 0.00370078 -0.00113785 0.319776 6.65435e-06 0.00054209 -5.65741e-05 -2.31599e-05 -0.318595 0.0271022 0.00396613 0.000594173 -0.0271479 0.356795
176.5 0.00334735 1.14532 -0.000904101 -2.14307e-05 0.00428142 -0.00102342 0.361245 2.5207e-06 0.000473888 -5.06239e-05 -1.72311e-05 -0.360458 0.0237008 0.00451354 0.000518937 -0.0237406 0.419448 -0.000789387 -1.87116e-05 0.00373818 -0.00089357 0.315409 2.20087e-06 0.00041376 -4.42006e-05 -1.50447e-05 -0.314723 0.0206936 0.00394085 0.000453093 -0.0207283 0.366227
177 0.00286963 1.1728 -0.000696717 -1.54271e-05 0.0044197 -0.000786067 0.36561 -1.92231e-07 0.000355492 -3.87158e-05 -1.09832e-05 -0.365178 0.017785 0.00459388 0.000388977 -0.0178148 0.438921 -0.000594062 -1.3154e-05 0.0037685 -0.000670246 0.31174 -1.63908e-07 0.000303113 -3.30114e-05 -9.36492e-06 -0.311372 0.0151645 0.00391701 0.000331665 -0.0151899 0.37425
177.5 0.00239169 1.19664 -0.000503283 -1.05246e-05 0.00453846 -0.000566335 0.369427 -1.33551e-06 0.000251239 -2.77947e-05 -6.59283e-06 -0.369216 0.0125727 0.00466154 0.000274722 -0.0125938 0.455835 -0.000420579 -8.79506e-06 0.00379265 -0.000473269 0.308719 -1.11605e-06 0.000209953 -2.32272e-05 -5.50944e-06 -0.308543 0.0105066 0.00389551 0.000229577 -0.0105242 0.380928
178 0.00191357 1.21656 -0.000332449 -6.63611e-06 0.00463682 -0.000373334 0.372638 -1.46023e-06 0.000163108 -1.82707e-05 -3.63166e-06 -0.372551 0.00816429 0.00471666 0.000178258 -0.00817793 0.469976 -0.00027327 -5.45482e-06 0.00381142 -0.000306877 0.306305 -1.2003e-06 0.000134073 -1.50183e-05 -2.98519e-06 -0.306233 0.00671096 0.00387705 0.000146526 -0.00672218 0.386316
178.5 0.00143531 1.23231 -0.000191587 -3.68895e-06 0.00471408 -0.00021482 0.37519 -1.03985e-06 9.27713e-05 -1.04903e-05 -1.73137e-06 -0.375162 0.00464445 0.00475936 0.000101346 -0.0046522 0.481165 -0.00015547 -2.99353e-06 0.00382541 -0.000174323 0.304462 -8.43825e-07 7.52826e-05 -8.51277e-06 -1.40498e-06 -0.304439 0.00376891 0.00386216 8.22409e-05 -0.0037752 0.390459
179 0.000956932 1.24369 -8.66189e-05 -1.62554e-06 0.00476966 -9.70195e-05 0.377043 -4.56935e-07 4.15587e-05 -4.73055e-06 -5.94163e-07 -0.377038 0.00208085 0.00478978 4.53866e-05 -0.00208432 0.489261 -6.96464e-05 -1.30702e-06 0.00383508 -7.80092e-05 0.303164 -3.67401e-07 3.34155e-05 -3.80363e-06 -4.77741e-07 -0.30316 0.00167312 0.00385125 3.64934e-05 -0.00167591 0.393393
179.5 0.000478484 1.25058 -2.18765e-05 -4.04278e-07 0.00480317 -2.44879e-05 0.378167 7.45157e-09 1.0439e-05 -1.19292e-06 -1.14903e-09 -0.378167 0.000522721 0.00480799 1.13985e-05 -0.000523593 0.49416 -1.7493e-05 -3.23272e-07 0.00384075 -1.95812e-05 0.302393 5.95848e-09 8.34729e-06 -9.53888e-07 -9.188e-10 -0.302393 0.000417982 0.0038446 9.11453e-06 -0.000418679 0.395144
180 5.98114e-05 1.25289 -6.27986e-17 1.62267e-17 0.00481437 -6.71674e-17 0.378544 1.81512e-07 2.92916e-17 -3.0141e-17 1.81512e-07 -0.378544 9.21158e-18 0.00481405 3.09748e-17 -1.0098e-17 0.4958 -5.01231e-17 1.29514e-17 0.00384262 -5.361e-17 0.302137 1.44875e-07 2.33792e-17 -2.40572e-17 1.44875e-07 -0.302137 7.35228e-18 0.00384236 2.47227e-17 -8.05981e-18 0.395726
