theta 2pi*dcos S11 S12 S13 S14 S21 S22 S23 S24 S31 S32 S33 S34 S41 S42 S43 S44 S12_norm S13_norm S14_norm S21_norm S22_norm S23_norm S24_norm S31_norm S32_norm S33_norm S34_norm S41_norm S42_norm S43_norm S44_norm
0 2.39246e-06 0.302863 7.21052e-19 0 6.18275e-06 1.17299e-18 0.302299 3.69625e-06 0 0 -3.69625e-06 0.302299 0 6.18115e-06 0 1.50645e-19 0.301736 2.38079e-18 0 2.04144e-05 3.873e-18 0.998138 1.22044e-05 0 0 -1.22044e-05 0.998138 0 2.04091e-05 0 4.97402e-19 0.996279
0.1 1.91397e-05 0.302862 -2.33657e-07 -4.88568e-12 6.18273e-06 -2.33657e-07 0.302298 3.69623e-06 -1.13291e-12 5.50154e-12 -3.69623e-06 0.302298 1.39855e-07 6.18113e-06 -2.65312e-12 -1.39855e-07 0.301735 -7.71498e-07 -1.61317e-11 2.04144e-05 -7.71497e-07 0.998138 1.22043e-05 -3.74067e-12 1.81652e-11 -1.22043e-05 0.998138 4.61779e-07 2.04091e-05 -8.76019e-12 -4.61778e-07 0.996279
0.2 3.82793e-05 0.302858 -9.34617e-07 -1.95425e-11 6.18266e-06 -9.34616e-07 0.302294 3.69617e-06 -4.53157e-12 2.2006e-11 -3.69617e-06 0.302294 5.59416e-07 6.18106e-06 -1.06124e-11 -5.59415e-07 0.301731 -3.08599e-06 -6.45269e-11 2.04144e-05 -3.08598e-06 0.998138 1.22043e-05 -1.49627e-11 7.26609e-11 -1.22043e-05 0.998138 1.84712e-06 2.04091e-05 -3.50407e-11 -1.84712e-06 0.996279
0.3 5.74188e-05 0.302853 -2.10284e-06 -4.39699e-11 6.18255e-06 -2.10284e-06 0.302289 3.69608e-06 -1.01958e-11 4.95126e-11 -3.69608e-06 0.302289 1.25867e-06 6.18095e-06 -2.38774e-11 -1.25867e-06 0.301726 -6.94346e-06 -1.45186e-10 2.04144e-05 -6.94345e-06 0.998138 1.22042e-05 -3.36658e-11 1.63488e-10 -1.22042e-05 0.998138 4.15605e-06 2.04091e-05 -7.88415e-11 -4.15604e-06 0.996279
0.4 7.65581e-05 0.302845 -3.73828e-06 -7.8167e-11 6.1824e-06 -3.73828e-06 0.302281 3.69595e-06 -1.81252e-11 8.80206e-11 -3.69595e-06 0.302281 2.2376e-06 6.18081e-06 -4.24475e-11 -2.23759e-06 0.301718 -1.23439e-05 -2.58109e-10 2.04144e-05 -1.23439e-05 0.998138 1.22041e-05 -5.98497e-11 2.90646e-10 -1.22041e-05 0.998138 7.38859e-06 2.04091e-05 -1.40163e-10 -7.38857e-06 0.996279
0.5 9.56972e-05 0.302835 -5.84085e-06 -1.22132e-10 6.18221e-06 -5.84085e-06 0.302271 3.69578e-06 -2.83192e-11 1.37528e-10 -3.69578e-06 0.302271 3.49617e-06 6.18061e-06 -6.6322e-11 -3.49615e-06 0.301708 -1.92873e-05 -4.03297e-10 2.04145e-05 -1.92872e-05 0.998138 1.2204e-05 -9.35137e-11 4.54136e-10 -1.2204e-05 0.998138 1.15448e-05 2.04092e-05 -2.19004e-10 -1.15448e-05 0.996279
0.6 0.000114836 0.302823 -8.41045e-06 -1.75864e-10 6.18197e-06 -8.41044e-06 0.302259 3.69558e-06 -4.07773e-11 1.98034e-10 -3.69558e-06 0.302259 5.03434e-06 6.18038e-06 -9.54998e-11 -5.03432e-06 0.301696 -2.77735e-05 -5.80751e-10 2.04145e-05 -2.77735e-05 0.998138 1.22038e-05 -1.34658e-10 6.5396e-10 -1.22038e-05 0.998138 1.66247e-05 2.04092e-05 -3.15366e-10 -1.66246e-05 0.996278
0.7 0.000133974 0.302808 -1.14469e-05 -2.39361e-10 6.18169e-06 -1.14469e-05 0.302244 3.69534e-06 -5.54987e-11 2.69535e-10 -3.69534e-06 0.302244 6.85206e-06 6.1801e-06 -1.2998e-10 -6.85204e-06 0.301681 -3.78026e-05 -7.90471e-10 2.04145e-05 -3.78026e-05 0.998138 1.22036e-05 -1.8328e-10 8.90119e-10 -1.22036e-05 0.998138 2.26284e-05 2.04093e-05 -4.29247e-10 -2.26283e-05 0.996278
0.8 0.000153112 0.302791 -1.49502e-05 -3.12619e-10 6.18136e-06 -1.49502e-05 0.302227 3.69506e-06 -7.24824e-11 3.5203e-10 -3.69506e-06 0.302227 8.94929e-06 6.17978e-06 -1.6976e-10 -8.94926e-06 0.301664 -4.93746e-05 -1.03246e-09 2.04146e-05 -4.93745e-05 0.998137 1.22033e-05 -2.39381e-10 1.16261e-09 -1.22033e-05 0.998137 2.9556e-05 2.04094e-05 -5.60649e-10 -2.95559e-05 0.996278
0.9 0.00017225 0.302772 -1.892e-05 -3.95637e-10 6.181e-06 -1.892e-05 0.302208 3.69475e-06 -9.17273e-11 4.45514e-10 -3.69475e-06 0.302208 1.1326e-05 6.17942e-06 -2.14838e-10 -1.13259e-05 0.301646 -6.24893e-05 -1.30671e-09 2.04147e-05 -6.24892e-05 0.998137 1.22031e-05 -3.02958e-10 1.47145e-09 -1.22031e-05 0.998137 3.74075e-05 2.04094e-05 -7.09571e-10 -3.74074e-05 0.996278
1 0.000191387 0.302751 -2.33562e-05 -4.88411e-10 6.18059e-06 -2.33562e-05 0.302187 3.6944e-06 -1.13232e-10 5.49985e-10 -3.6944e-06 0.302187 1.3982e-05 6.17901e-06 -2.65214e-10 -1.39819e-05 0.301624 -7.71466e-05 -1.61324e-09 2.04147e-05 -7.71466e-05 0.998137 1.22027e-05 -3.74011e-10 1.81662e-09 -1.22027e-05 0.998137 4.61831e-05 2.04095e-05 -8.76012e-10 -4.61829e-05 0.996278
1.1 0.000210523 0.302728 -2.82586e-05 -5.90937e-10 6.18013e-06 -2.82586e-05 0.302164 3.69401e-06 -1.36996e-10 6.65439e-10 -3.69401e-06 0.302164 1.69173e-05 6.17856e-06 -3.20884e-10 -1.69172e-05 0.301601 -9.33466e-05 -1.95204e-09 2.04148e-05 -9.33465e-05 0.998137 1.22024e-05 -4.52539e-10 2.19814e-09 -1.22024e-05 0.998137 5.58828e-05 2.04096e-05 -1.05997e-09 -5.58826e-05 0.996278
1.2 0.000229659 0.302702 -3.36269e-05 -7.03212e-10 6.17963e-06 -3.36269e-05 0.302138 3.69358e-06 -1.63017e-10 7.91871e-10 -3.69358e-06 0.302138 2.01318e-05 6.17807e-06 -3.81845e-10 -2.01317e-05 0.301576 -0.000111089 -2.32311e-09 2.04149e-05 -0.000111089 0.998137 1.2202e-05 -5.38539e-10 2.61601e-09 -1.2202e-05 0.998137 6.65069e-05 2.04097e-05 -1.26145e-09 -6.65067e-05 0.996278
1.3 0.000248794 0.302674 -3.94609e-05 -8.25231e-10 6.17909e-06 -3.94609e-05 0.30211 3.69312e-06 -1.91294e-10 9.29276e-10 -3.69312e-06 0.30211 2.36254e-05 6.17754e-06 -4.48096e-10 -2.36253e-05 0.301548 -0.000130374 -2.72646e-09 2.0415e-05 -0.000130374 0.998136 1.22016e-05 -6.32011e-10 3.07022e-09 -1.22016e-05 0.998136 7.80554e-05 2.04098e-05 -1.48045e-09 -7.80552e-05 0.996277
1.4 0.000267929 0.302644 -4.57603e-05 -9.56988e-10 6.17851e-06 -4.57602e-05 0.30208 3.69262e-06 -2.21824e-10 1.07765e-09 -3.69262e-06 0.30208 2.7398e-05 6.17696e-06 -5.19633e-10 -2.73979e-05 0.301518 -0.000151201 -3.16209e-09 2.04151e-05 -0.000151201 0.998136 1.22012e-05 -7.32952e-10 3.56078e-09 -1.22012e-05 0.998136 9.05286e-05 2.041e-05 -1.71697e-09 -9.05283e-05 0.996277
1.5 0.000287062 0.302612 -5.25247e-05 -1.09848e-09 6.17788e-06 -5.25246e-05 0.302048 3.69209e-06 -2.54606e-10 1.23699e-09 -3.69209e-06 0.302048 3.14494e-05 6.17634e-06 -5.96452e-10 -3.14493e-05 0.301485 -0.000173571 -3.63e-09 2.04152e-05 -0.000173571 0.998136 1.22007e-05 -8.41361e-10 4.0877e-09 -1.22007e-05 0.998136 0.000103927 2.04101e-05 -1.97101e-09 -0.000103926 0.996277
1.6 0.000306195 0.302578 -5.97538e-05 -1.2497e-09 6.17721e-06 -5.97538e-05 0.302013 3.69151e-06 -2.89638e-10 1.40728e-09 -3.69151e-06 0.302013 3.57796e-05 6.17568e-06 -6.78552e-10 -3.57795e-05 0.301451 -0.000197483 -4.13019e-09 2.04153e-05 -0.000197483 0.998136 1.22002e-05 -9.57236e-10 4.65098e-09 -1.22002e-05 0.998136 0.000118249 2.04102e-05 -2.24257e-09 -0.000118249 0.996277
1.7 0.000325327 0.302541 -6.74474e-05 -1.41065e-09 6.1765e-06 -6.74473e-05 0.301977 3.69091e-06 -3.26918e-10 1.58853e-09 -3.69091e-06 0.301977 4.03884e-05 6.17497e-06 -7.65927e-10 -4.03883e-05 0.301414 -0.000222936 -4.66266e-09 2.04154e-05 -0.000222936 0.998135 1.21997e-05 -1.08057e-09 5.25062e-09 -1.21997e-05 0.998135 0.000133497 2.04104e-05 -2.53165e-09 -0.000133497 0.996277
1.8 0.000344457 0.302502 -7.56049e-05 -1.58131e-09 6.17574e-06 -7.56048e-05 0.301938 3.69026e-06 -3.66443e-10 1.78072e-09 -3.69026e-06 0.301938 4.52757e-05 6.17423e-06 -8.58574e-10 -4.52756e-05 0.301375 -0.000249932 -5.22742e-09 2.04155e-05 -0.000249932 0.998135 1.21991e-05 -1.21137e-09 5.88663e-09 -1.21991e-05 0.998135 0.000149671 2.04105e-05 -2.83824e-09 -0.00014967 0.996276
1.9 0.000363587 0.302461 -8.42261e-05 -1.76168e-09 6.17494e-06 -8.4226e-05 0.301897 3.68958e-06 -4.0821e-10 1.98384e-09 -3.68958e-06 0.301897 5.04413e-05 6.17344e-06 -9.56489e-10 -5.04412e-05 0.301334 -0.000278469 -5.82448e-09 2.04157e-05 -0.000278469 0.998135 1.21985e-05 -1.34963e-09 6.55901e-09 -1.21985e-05 0.998135 0.00016677 2.04107e-05 -3.16236e-09 -0.000166769 0.996276
2 0.000382716 0.302417 -9.33104e-05 -1.95175e-09 6.1741e-06 -9.33103e-05 0.301853 3.68886e-06 -4.52218e-10 2.1979e-09 -3.68886e-06 0.301853 5.58851e-05 6.1726e-06 -1.05967e-09 -5.58849e-05 0.301291 -0.000308548 -6.45383e-09 2.04158e-05 -0.000308548 0.998134 1.21979e-05 -1.49535e-09 7.26776e-09 -1.21979e-05 0.998134 0.000184795 2.04109e-05 -3.50399e-09 -0.000184794 0.996276
2.1 0.000401843 0.302372 -0.000102857 -2.15152e-09 6.17321e-06 -0.000102857 0.301808 3.6881e-06 -4.98464e-10 2.42287e-09 -3.6881e-06 0.301807 6.16069e-05 6.17173e-06 -1.1681e-09 -6.16067e-05 0.301245 -0.000340169 -7.11548e-09 2.0416e-05 -0.000340169 0.998134 1.21972e-05 -1.64851e-09 8.0129e-09 -1.21972e-05 0.998134 0.000203746 2.04111e-05 -3.86314e-09 -0.000203745 0.996275
2.2 0.000420969 0.302324 -0.000112867 -2.36098e-09 6.17228e-06 -0.000112867 0.30176 3.6873e-06 -5.46944e-10 2.65876e-09 -3.6873e-06 0.30176 6.76065e-05 6.17081e-06 -1.28179e-09 -6.76062e-05 0.301198 -0.000373331 -7.80942e-09 2.04161e-05 -0.00037333 0.998134 1.21965e-05 -1.80913e-09 8.79442e-09 -1.21965e-05 0.998134 0.000223623 2.04113e-05 -4.23981e-09 -0.000223622 0.996275
2.3 0.000440094 0.302274 -0.000123338 -2.58011e-09 6.17131e-06 -0.000123338 0.30171 3.68647e-06 -5.97655e-10 2.90556e-09 -3.68647e-06 0.30171 7.38837e-05 6.16985e-06 -1.40073e-09 -7.38834e-05 0.301148 -0.000408034 -8.53568e-09 2.04163e-05 -0.000408033 0.998133 1.21958e-05 -1.9772e-09 9.61234e-09 -1.21958e-05 0.998133 0.000244426 2.04115e-05 -4.63399e-09 -0.000244426 0.996275
2.4 0.000459218 0.302222 -0.00013427 -2.80892e-09 6.1703e-06 -0.00013427 0.301657 3.68561e-06 -6.50595e-10 3.16325e-09 -3.68561e-06 0.301657 8.04384e-05 6.16885e-06 -1.52492e-09 -8.04381e-05 0.301096 -0.000444277 -9.29424e-09 2.04165e-05 -0.000444277 0.998133 1.21951e-05 -2.15271e-09 1.04666e-08 -1.21951e-05 0.998133 0.000266157 2.04117e-05 -5.04569e-09 -0.000266156 0.996274
2.5 0.00047834 0.302167 -0.000145663 -3.04739e-09 6.16924e-06 -0.000145663 0.301603 3.6847e-06 -7.05759e-10 3.43182e-09 -3.6847e-06 0.301603 8.72703e-05 6.16781e-06 -1.65434e-09 -8.727e-05 0.301041 -0.000482062 -1.00851e-08 2.04167e-05 -0.000482062 0.998133 1.21943e-05 -2.33566e-09 1.13574e-08 -1.21943e-05 0.998132 0.000288815 2.04119e-05 -5.47491e-09 -0.000288814 0.996274
2.6 0.000497461 0.30211 -0.000157517 -3.29551e-09 6.16814e-06 -0.000157516 0.301546 3.68376e-06 -7.63146e-10 3.71127e-09 -3.68376e-06 0.301546 9.43793e-05 6.16672e-06 -1.78899e-09 -9.4379e-05 0.300985 -0.000521388 -1.09083e-08 2.04168e-05 -0.000521387 0.998132 1.21934e-05 -2.52605e-09 1.22845e-08 -1.21934e-05 0.998132 0.0003124 2.04121e-05 -5.92165e-09 -0.000312399 0.996274
2.7 0.00051658 0.302051 -0.000169829 -3.55328e-09 6.16699e-06 -0.000169829 0.301487 3.68279e-06 -8.2275e-10 4.00159e-09 -3.68279e-06 0.301487 0.000101765 6.16559e-06 -1.92887e-09 -0.000101765 0.300926 -0.000562253 -1.17638e-08 2.0417e-05 -0.000562253 0.998132 1.21926e-05 -2.72387e-09 1.3248e-08 -1.21926e-05 0.998131 0.000336913 2.04124e-05 -6.3859e-09 -0.000336912 0.996273
2.8 0.000535698 0.30199 -0.000182601 -3.82068e-09 6.16581e-06 -0.000182601 0.301426 3.68177e-06 -8.84568e-10 4.30276e-09 -3.68177e-06 0.301426 0.000109427 6.16442e-06 -2.07397e-09 -0.000109427 0.300865 -0.000604659 -1.26517e-08 2.04172e-05 -0.000604659 0.998131 1.21917e-05 -2.92913e-09 1.4248e-08 -1.21917e-05 0.998131 0.000362354 2.04126e-05 -6.86767e-09 -0.000362353 0.996273
2.9 0.000554814 0.301927 -0.000195831 -4.09771e-09 6.16458e-06 -0.000195831 0.301363 3.68072e-06 -9.48597e-10 4.61477e-09 -3.68072e-06 0.301363 0.000117366 6.1632e-06 -2.22428e-09 -0.000117366 0.300802 -0.000648605 -1.35718e-08 2.04174e-05 -0.000648604 0.998131 1.21908e-05 -3.14181e-09 1.52844e-08 -1.21908e-05 0.99813 0.000388724 2.04129e-05 -7.36695e-09 -0.000388722 0.996272
3 0.000573928 0.301862 -0.000209519 -4.38434e-09 6.16331e-06 -0.000209519 0.301297 3.67964e-06 -1.01483e-09 4.93761e-09 -3.67964e-06 0.301297 0.000125581 6.16195e-06 -2.3798e-09 -0.000125581 0.300736 -0.000694091 -1.45243e-08 2.04177e-05 -0.00069409 0.99813 1.21898e-05 -3.36191e-09 1.63572e-08 -1.21898e-05 0.99813 0.000416022 2.04132e-05 -7.88375e-09 -0.000416021 0.996272
3.1 0.00059304 0.301794 -0.000223664 -4.68058e-09 6.16199e-06 -0.000223664 0.301229 3.67851e-06 -1.08327e-09 5.27128e-09 -3.67851e-06 0.301229 0.000134072 6.16065e-06 -2.54052e-09 -0.000134071 0.300669 -0.000741116 -1.55092e-08 2.04179e-05 -0.000741115 0.99813 1.21888e-05 -3.58943e-09 1.74665e-08 -1.21888e-05 0.998129 0.000444249 2.04134e-05 -8.41806e-09 -0.000444248 0.996271
3.2 0.000612151 0.301724 -0.000238265 -4.98641e-09 6.16063e-06 -0.000238265 0.301159 3.67735e-06 -1.1539e-09 5.61575e-09 -3.67735e-06 0.301159 0.000142838 6.15931e-06 -2.70643e-09 -0.000142838 0.300599 -0.000789681 -1.65264e-08 2.04181e-05 -0.00078968 0.998129 1.21878e-05 -3.82437e-09 1.86122e-08 -1.21878e-05 0.998129 0.000473407 2.04137e-05 -8.96989e-09 -0.000473405 0.996271
3.3 0.00063126 0.301652 -0.000253322 -5.30181e-09 6.15923e-06 -0.000253322 0.301087 3.67616e-06 -1.22673e-09 5.97101e-09 -3.67616e-06 0.301087 0.00015188 6.15792e-06 -2.87753e-09 -0.000151879 0.300527 -0.000839784 -1.75759e-08 2.04184e-05 -0.000839783 0.998129 1.21868e-05 -4.06672e-09 1.97944e-08 -1.21868e-05 0.998128 0.000503494 2.0414e-05 -9.53923e-09 -0.000503492 0.99627
3.4 0.000650367 0.301577 -0.000268834 -5.62678e-09 6.15779e-06 -0.000268834 0.301013 3.67492e-06 -1.30175e-09 6.33706e-09 -3.67492e-06 0.301013 0.000161196 6.1565e-06 -3.0538e-09 -0.000161196 0.300452 -0.000891427 -1.86578e-08 2.04186e-05 -0.000891426 0.998128 1.21857e-05 -4.31647e-09 2.1013e-08 -1.21857e-05 0.998127 0.000534511 2.04143e-05 -1.01261e-08 -0.000534509 0.99627
3.5 0.000669472 0.301501 -0.0002848 -5.96131e-09 6.1563e-06 -0.0002848 0.300936 3.67366e-06 -1.37895e-09 6.71387e-09 -3.67366e-06 0.300936 0.000170788 6.15503e-06 -3.23524e-09 -0.000170787 0.300376 -0.000944608 -1.97721e-08 2.04189e-05 -0.000944607 0.998127 1.21846e-05 -4.57363e-09 2.22682e-08 -1.21846e-05 0.998127 0.000566459 2.04146e-05 -1.07305e-08 -0.000566457 0.996269
3.6 0.000688575 0.301422 -0.000301219 -6.30537e-09 6.15477e-06 -0.000301219 0.300858 3.67235e-06 -1.45833e-09 7.10144e-09 -3.67235e-06 0.300857 0.000180654 6.15352e-06 -3.42185e-09 -0.000180653 0.300297 -0.000999327 -2.09187e-08 2.04191e-05 -0.000999326 0.998127 1.21834e-05 -4.83818e-09 2.35598e-08 -1.21834e-05 0.998126 0.000599338 2.0415e-05 -1.13523e-08 -0.000599336 0.996269
3.7 0.000707676 0.301341 -0.000318091 -6.65897e-09 6.1532e-06 -0.000318091 0.300777 3.67101e-06 -1.53989e-09 7.49975e-09 -3.67101e-06 0.300776 0.000190794 6.15197e-06 -3.6136e-09 -0.000190793 0.300217 -0.00105558 -2.20978e-08 2.04194e-05 -0.00105558 0.998126 1.21822e-05 -5.11012e-09 2.48879e-08 -1.21822e-05 0.998125 0.000633149 2.04153e-05 -1.19917e-08 -0.000633147 0.996268
3.8 0.000726775 0.301258 -0.000335415 -7.02207e-09 6.15159e-06 -0.000335414 0.300693 3.66963e-06 -1.62362e-09 7.90878e-09 -3.66963e-06 0.300693 0.000201208 6.15037e-06 -3.8105e-09 -0.000201207 0.300134 -0.00111338 -2.33092e-08 2.04197e-05 -0.00111338 0.998125 1.2181e-05 -5.38945e-09 2.62525e-08 -1.2181e-05 0.998125 0.000667892 2.04156e-05 -1.26486e-08 -0.00066789 0.996267
3.9 0.000745871 0.301173 -0.000353189 -7.39468e-09 6.14993e-06 -0.000353189 0.300608 3.66822e-06 -1.70951e-09 8.32852e-09 -3.66822e-06 0.300608 0.000211896 6.14874e-06 -4.01254e-09 -0.000211895 0.300048 -0.00117271 -2.45529e-08 2.04199e-05 -0.00117271 0.998125 1.21798e-05 -5.67616e-09 2.76536e-08 -1.21798e-05 0.998124 0.000703568 2.0416e-05 -1.33231e-08 -0.000703566 0.996267
4 0.000764965 0.301085 -0.000371413 -7.77677e-09 6.14823e-06 -0.000371413 0.300521 3.66677e-06 -1.79755e-09 8.75896e-09 -3.66677e-06 0.30052 0.000222856 6.14706e-06 -4.2197e-09 -0.000222856 0.299961 -0.00123358 -2.58291e-08 2.04202e-05 -0.00123358 0.998124 1.21785e-05 -5.97025e-09 2.90913e-08 -1.21785e-05 0.998123 0.000740177 2.04163e-05 -1.4015e-08 -0.000740174 0.996266
4.1 0.000784057 0.300996 -0.000390087 -8.16833e-09 6.14649e-06 -0.000390086 0.300431 3.66528e-06 -1.88776e-09 9.20007e-09 -3.66528e-06 0.30043 0.00023409 6.14534e-06 -4.43199e-09 -0.000234089 0.299872 -0.00129599 -2.71377e-08 2.04205e-05 -0.00129599 0.998123 1.21772e-05 -6.2717e-09 3.05655e-08 -1.21772e-05 0.998122 0.000777719 2.04167e-05 -1.47244e-08 -0.000777716 0.996265
4.2 0.000803147 0.300904 -0.000409209 -8.56934e-09 6.14471e-06 -0.000409208 0.300339 3.66376e-06 -1.98011e-09 9.65185e-09 -3.66376e-06 0.300339 0.000245596 6.14358e-06 -4.64937e-09 -0.000245595 0.29978 -0.00135993 -2.84787e-08 2.04208e-05 -0.00135993 0.998123 1.21758e-05 -6.58053e-09 3.20762e-08 -1.21758e-05 0.998121 0.000816195 2.04171e-05 -1.54514e-08 -0.000816192 0.996265
4.3 0.000822234 0.30081 -0.000428777 -8.9798e-09 6.14288e-06 -0.000428777 0.300245 3.6622e-06 -2.0746e-09 1.01143e-08 -3.6622e-06 0.300244 0.000257375 6.14178e-06 -4.87186e-09 -0.000257374 0.299686 -0.00142541 -2.98521e-08 2.04212e-05 -0.00142541 0.998122 1.21745e-05 -6.89671e-09 3.36235e-08 -1.21745e-05 0.998121 0.000855606 2.04175e-05 -1.61958e-08 -0.000855603 0.996264
4.4 0.000841318 0.300714 -0.000448793 -9.39968e-09 6.14101e-06 -0.000448792 0.300149 3.6606e-06 -2.17122e-09 1.05873e-08 -3.66061e-06 0.300148 0.000269425 6.13993e-06 -5.09944e-09 -0.000269424 0.29959 -0.00149243 -3.12579e-08 2.04215e-05 -0.00149242 0.998121 1.21731e-05 -7.22024e-09 3.52073e-08 -1.21731e-05 0.99812 0.000895952 2.04179e-05 -1.69578e-08 -0.000895949 0.996263
4.5 0.0008604 0.300615 -0.000469253 -9.82896e-09 6.1391e-06 -0.000469253 0.30005 3.65897e-06 -2.26998e-09 1.1071e-08 -3.65898e-06 0.30005 0.000281747 6.13804e-06 -5.33209e-09 -0.000281746 0.299492 -0.00156098 -3.26962e-08 2.04218e-05 -0.00156098 0.99812 1.21716e-05 -7.55113e-09 3.68277e-08 -1.21716e-05 0.998119 0.000937234 2.04183e-05 -1.77373e-08 -0.00093723 0.996262
4.6 0.00087948 0.300515 -0.000490158 -1.02676e-08 6.13715e-06 -0.000490158 0.299949 3.65731e-06 -2.37087e-09 1.15652e-08 -3.65731e-06 0.299949 0.000294339 6.13612e-06 -5.56981e-09 -0.000294338 0.299391 -0.00163106 -3.41669e-08 2.04221e-05 -0.00163106 0.99812 1.21702e-05 -7.88935e-09 3.84847e-08 -1.21702e-05 0.998118 0.000979451 2.04187e-05 -1.85343e-08 -0.000979448 0.996262
4.7 0.000898556 0.300412 -0.000511506 -1.07157e-08 6.13516e-06 -0.000511506 0.299847 3.65561e-06 -2.47387e-09 1.207e-08 -3.65561e-06 0.299846 0.000307203 6.13415e-06 -5.81259e-09 -0.000307202 0.299288 -0.00170268 -3.567e-08 2.04225e-05 -0.00170268 0.998119 1.21687e-05 -8.23491e-09 4.01783e-08 -1.21687e-05 0.998117 0.00102261 2.04191e-05 -1.93487e-08 -0.0010226 0.996261
4.8 0.00091763 0.300307 -0.000533297 -1.11731e-08 6.13312e-06 -0.000533296 0.299742 3.65387e-06 -2.57898e-09 1.25854e-08 -3.65387e-06 0.299741 0.000320337 6.13213e-06 -6.06041e-09 -0.000320335 0.299184 -0.00177584 -3.72056e-08 2.04228e-05 -0.00177584 0.998118 1.21671e-05 -8.58781e-09 4.19085e-08 -1.21671e-05 0.998116 0.0010667 2.04196e-05 -2.01807e-08 -0.00106669 0.99626
4.9 0.000936701 0.3002 -0.000555528 -1.16398e-08 6.13104e-06 -0.000555528 0.299635 3.65209e-06 -2.68619e-09 1.31113e-08 -3.6521e-06 0.299634 0.00033374 6.13008e-06 -6.31327e-09 -0.000333739 0.299077 -0.00185053 -3.87737e-08 2.04232e-05 -0.00185053 0.998117 1.21655e-05 -8.94802e-09 4.36754e-08 -1.21656e-05 0.998115 0.00111173 2.042e-05 -2.10302e-08 -0.00111172 0.996259
5 0.00095577 0.30009 -0.0005782 -1.21159e-08 6.12892e-06 -0.000578199 0.299525 3.65028e-06 -2.79551e-09 1.36478e-08 -3.65029e-06 0.299524 0.000347413 6.12798e-06 -6.57116e-09 -0.000347412 0.298968 -0.00192675 -4.03742e-08 2.04236e-05 -0.00192675 0.998116 1.21639e-05 -9.31555e-09 4.54788e-08 -1.2164e-05 0.998114 0.0011577 2.04205e-05 -2.18973e-08 -0.00115769 0.996258
5.1 0.000974835 0.299979 -0.00060131 -1.26013e-08 6.12676e-06 -0.00060131 0.299414 3.64844e-06 -2.90691e-09 1.41947e-08 -3.64844e-06 0.299413 0.000361356 6.12585e-06 -6.83405e-09 -0.000361354 0.298856 -0.00200451 -4.20072e-08 2.04239e-05 -0.00200451 0.998116 1.21623e-05 -9.69039e-09 4.73189e-08 -1.21623e-05 0.998113 0.0012046 2.04209e-05 -2.27818e-08 -0.0012046 0.996257
5.2 0.000993897 0.299866 -0.000624859 -1.30959e-08 6.12455e-06 -0.000624858 0.2993 3.64656e-06 -3.0204e-09 1.47521e-08 -3.64656e-06 0.299299 0.000375567 6.12367e-06 -7.10195e-09 -0.000375565 0.298743 -0.0020838 -4.36727e-08 2.04243e-05 -0.0020838 0.998115 1.21606e-05 -1.00725e-08 4.91957e-08 -1.21607e-05 0.998112 0.00125245 2.04214e-05 -2.36838e-08 -0.00125245 0.996256
5.3 0.00101296 0.29975 -0.000648844 -1.35999e-08 6.1223e-06 -0.000648843 0.299184 3.64464e-06 -3.13597e-09 1.53199e-08 -3.64465e-06 0.299183 0.000390046 6.12145e-06 -7.37484e-09 -0.000390044 0.298627 -0.00216462 -4.53707e-08 2.04247e-05 -0.00216462 0.998114 1.2159e-05 -1.0462e-08 5.11091e-08 -1.2159e-05 0.99811 0.00130124 2.04219e-05 -2.46033e-08 -0.00130123 0.996255
5.4 0.00103201 0.299632 -0.000673265 -1.4113e-08 6.12002e-06 -0.000673264 0.299066 3.64269e-06 -3.25361e-09 1.58982e-08 -3.64269e-06 0.299065 0.000404793 6.11919e-06 -7.6527e-09 -0.000404791 0.29851 -0.00224697 -4.71012e-08 2.04251e-05 -0.00224697 0.998113 1.21572e-05 -1.08587e-08 5.30592e-08 -1.21572e-05 0.998109 0.00135097 2.04224e-05 -2.55403e-08 -0.00135096 0.996254
5.5 0.00105107 0.299512 -0.00069812 -1.46354e-08 6.11768e-06 -0.000698119 0.298946 3.6407e-06 -3.37331e-09 1.64869e-08 -3.64071e-06 0.298945 0.000419807 6.11689e-06 -7.93552e-09 -0.000419805 0.29839 -0.00233086 -4.88642e-08 2.04255e-05 -0.00233086 0.998112 1.21555e-05 -1.12627e-08 5.50461e-08 -1.21555e-05 0.998108 0.00140164 2.04229e-05 -2.64949e-08 -0.00140163 0.996253
5.6 0.00107012 0.29939 -0.000723408 -1.5167e-08 6.11531e-06 -0.000723407 0.298824 3.63868e-06 -3.49507e-09 1.7086e-08 -3.63869e-06 0.298823 0.000435088 6.11455e-06 -8.2233e-09 -0.000435086 0.298268 -0.00241628 -5.06598e-08 2.04259e-05 -0.00241627 0.998111 1.21537e-05 -1.1674e-08 5.70696e-08 -1.21537e-05 0.998107 0.00145325 2.04234e-05 -2.74669e-08 -0.00145324 0.996252
5.7 0.00108916 0.299265 -0.000749128 -1.57078e-08 6.1129e-06 -0.000749127 0.2987 3.63662e-06 -3.61888e-09 1.76955e-08 -3.63663e-06 0.298698 0.000450635 6.11216e-06 -8.51602e-09 -0.000450634 0.298143 -0.00250322 -5.24879e-08 2.04264e-05 -0.00250322 0.99811 1.21518e-05 -1.20925e-08 5.91299e-08 -1.21519e-05 0.998105 0.00150581 2.04239e-05 -2.84564e-08 -0.0015058 0.996251
5.8 0.00110821 0.299139 -0.000775279 -1.62577e-08 6.11044e-06 -0.000775278 0.298573 3.63453e-06 -3.74473e-09 1.83153e-08 -3.63454e-06 0.298572 0.000466449 6.10974e-06 -8.81366e-09 -0.000466447 0.298017 -0.0025917 -5.43485e-08 2.04268e-05 -0.0025917 0.998109 1.215e-05 -1.25184e-08 6.12268e-08 -1.215e-05 0.998104 0.00155931 2.04244e-05 -2.94634e-08 -0.0015593 0.99625
5.9 0.00112725 0.29901 -0.000801859 -1.68168e-08 6.10795e-06 -0.000801858 0.298444 3.6324e-06 -3.87261e-09 1.89455e-08 -3.63241e-06 0.298443 0.000482528 6.10727e-06 -9.11621e-09 -0.000482526 0.297889 -0.00268171 -5.62417e-08 2.04272e-05 -0.00268171 0.998108 1.21481e-05 -1.29514e-08 6.33606e-08 -1.21481e-05 0.998103 0.00161375 2.0425e-05 -3.0488e-08 -0.00161374 0.996249
6 0.00172656 0.298879 -0.000828867 -1.73851e-08 6.10541e-06 -0.000828866 0.298314 3.63024e-06 -4.00251e-09 1.95859e-08 -3.63024e-06 0.298312 0.000498871 6.10476e-06 -9.42367e-09 -0.00049887 0.297758 -0.00277325 -5.81674e-08 2.04277e-05 -0.00277325 0.998107 1.21462e-05 -1.33917e-08 6.55311e-08 -1.21462e-05 0.998101 0.00166914 2.04255e-05 -3.153e-08 -0.00166913 0.996247
6.2 0.00236869 0.298612 -0.000884162 -1.85488e-08 6.10021e-06 -0.000884161 0.298046 3.62581e-06 -4.26837e-09 2.08976e-08 -3.62581e-06 0.298044 0.000532352 6.09963e-06 -1.00532e-08 -0.00053235 0.29749 -0.00296091 -6.21167e-08 2.04286e-05 -0.00296091 0.998105 1.21422e-05 -1.4294e-08 6.99825e-08 -1.21422e-05 0.998099 0.00178276 2.04266e-05 -3.36665e-08 -0.00178275 0.996245
6.4 0.00244479 0.298335 -0.000941153 -1.97487e-08 6.09484e-06 -0.000941152 0.297769 3.62124e-06 -4.54222e-09 2.22502e-08 -3.62124e-06 0.297767 0.000566886 6.09433e-06 -1.07022e-08 -0.000566884 0.297214 -0.00315468 -6.61963e-08 2.04295e-05 -0.00315468 0.998102 1.21381e-05 -1.52252e-08 7.45812e-08 -1.21382e-05 0.998096 0.00190016 2.04278e-05 -3.58731e-08 -0.00190016 0.996242
6.6 0.00252085 0.29805 -0.000999829 -2.09846e-08 6.08931e-06 -0.000999828 0.297484 3.61653e-06 -4.82402e-09 2.36435e-08 -3.61653e-06 0.297482 0.00060247 6.08887e-06 -1.13705e-08 -0.000602467 0.296929 -0.00335457 -7.04064e-08 2.04305e-05 -0.00335456 0.9981 1.21339e-05 -1.61852e-08 7.93272e-08 -1.2134e-05 0.998092 0.00202137 2.0429e-05 -3.81496e-08 -0.00202136 0.996239
6.8 0.00259689 0.297757 -0.00106018 -2.22565e-08 6.08362e-06 -0.00106018 0.297191 3.61168e-06 -5.11368e-09 2.50773e-08 -3.61168e-06 0.297188 0.000639098 6.08324e-06 -1.2058e-08 -0.000639096 0.296636 -0.00356055 -7.47471e-08 2.04315e-05 -0.00356055 0.998098 1.21296e-05 -1.7174e-08 8.42208e-08 -1.21296e-05 0.998089 0.00214638 2.04302e-05 -4.0496e-08 -0.00214637 0.996236
7 0.00267289 0.297455 -0.00112219 -2.35639e-08 6.07776e-06 -0.00112219 0.296889 3.60669e-06 -5.41114e-09 2.65514e-08 -3.6067e-06 0.296886 0.000676768 6.07746e-06 -1.27645e-08 -0.000676765 0.296335 -0.00377264 -7.92184e-08 2.04325e-05 -0.00377263 0.998095 1.21252e-05 -1.81914e-08 8.92619e-08 -1.21252e-05 0.998086 0.00227519 2.04315e-05 -4.29125e-08 -0.00227518 0.996233
7.2 0.00274886 0.297145 -0.00118585 -2.49069e-08 6.07174e-06 -0.00118585 0.296578 3.60156e-06 -5.71632e-09 2.80656e-08 -3.60157e-06 0.296575 0.000715473 6.07151e-06 -1.349e-08 -0.000715471 0.296025 -0.00399082 -8.38206e-08 2.04336e-05 -0.00399081 0.998093 1.21206e-05 -1.92375e-08 9.44509e-08 -1.21206e-05 0.998082 0.00240783 2.04328e-05 -4.53989e-08 -0.00240782 0.99623
7.4 0.0028248 0.296826 -0.00125115 -2.6285e-08 6.06556e-06 -0.00125115 0.29626 3.5963e-06 -6.02916e-09 2.96197e-08 -3.59631e-06 0.296256 0.00075521 6.0654e-06 -1.42344e-08 -0.000755207 0.295706 -0.00421509 -8.85535e-08 2.04347e-05 -0.00421509 0.99809 1.21158e-05 -2.03121e-08 9.97878e-08 -1.21159e-05 0.998078 0.00254428 2.04342e-05 -4.79552e-08 -0.00254427 0.996227
7.6 0.00290071 0.296499 -0.00131807 -2.76982e-08 6.05922e-06 -0.00131807 0.295932 3.5909e-06 -6.34956e-09 3.12133e-08 -3.59092e-06 0.295928 0.000795973 6.05914e-06 -1.49974e-08 -0.00079597 0.29538 -0.00444545 -9.34175e-08 2.04358e-05 -0.00444544 0.998088 1.2111e-05 -2.14151e-08 1.05273e-07 -1.2111e-05 0.998074 0.00268457 2.04356e-05 -5.05815e-08 -0.00268456 0.996223
7.8 0.00297657 0.296164 -0.00138661 -2.91463e-08 6.05271e-06 -0.00138661 0.295597 3.58537e-06 -6.67747e-09 3.28464e-08 -3.58538e-06 0.295593 0.000837758 6.05271e-06 -1.5779e-08 -0.000837755 0.295045 -0.00468189 -9.84125e-08 2.0437e-05 -0.00468188 0.998085 1.2106e-05 -2.25465e-08 1.10906e-07 -1.21061e-05 0.99807 0.00282869 2.0437e-05 -5.32777e-08 -0.00282868 0.996219
8 0.00305241 0.295821 -0.00145674 -3.06289e-08 6.04605e-06 -0.00145674 0.295253 3.5797e-06 -7.01279e-09 3.45186e-08 -3.57971e-06 0.295248 0.000880559 6.04612e-06 -1.65789e-08 -0.000880556 0.294701 -0.0049244 -1.03539e-07 2.04382e-05 -0.0049244 0.998082 1.21009e-05 -2.37062e-08 1.16688e-07 -1.2101e-05 0.998065 0.00297667 2.04385e-05 -5.60439e-08 -0.00297665 0.996215
8.2 0.0031282 0.295469 -0.00152846 -3.21459e-08 6.03922e-06 -0.00152846 0.294902 3.5739e-06 -7.35546e-09 3.62297e-08 -3.57391e-06 0.294896 0.000924372 6.03938e-06 -1.73972e-08 -0.000924369 0.29435 -0.00517299 -1.08796e-07 2.04394e-05 -0.00517298 0.998079 1.20957e-05 -2.48942e-08 1.22618e-07 -1.20957e-05 0.998061 0.00312849 2.044e-05 -5.88799e-08 -0.00312848 0.996211
8.4 0.00320396 0.295109 -0.00160174 -3.3697e-08 6.03224e-06 -0.00160174 0.294541 3.56796e-06 -7.70537e-09 3.79795e-08 -3.56798e-06 0.294535 0.00096919 6.03248e-06 -1.82336e-08 -0.000969187 0.29399 -0.00542764 -1.14185e-07 2.04407e-05 -0.00542763 0.998077 1.20903e-05 -2.61103e-08 1.28696e-07 -1.20904e-05 0.998056 0.00328418 2.04415e-05 -6.17859e-08 -0.00328416 0.996207
8.6 0.00327968 0.294741 -0.00167659 -3.52821e-08 6.0251e-06 -0.00167659 0.294173 3.56189e-06 -8.06246e-09 3.97676e-08 -3.56191e-06 0.294166 0.00101501 6.02543e-06 -1.90879e-08 -0.00101501 0.293622 -0.00568835 -1.19705e-07 2.0442e-05 -0.00568834 0.998073 1.20848e-05 -2.73544e-08 1.34924e-07 -1.20849e-05 0.998051 0.00344373 2.04431e-05 -6.47617e-08 -0.00344372 0.996202
8.8 0.00335535 0.294365 -0.00175297 -3.69008e-08 6.0178e-06 -0.00175297 0.293797 3.55569e-06 -8.42664e-09 4.15939e-08 -3.55571e-06 0.293789 0.00106182 6.01821e-06 -1.99601e-08 -0.00106182 0.293245 -0.00595511 -1.25358e-07 2.04433e-05 -0.00595511 0.99807 1.20792e-05 -2.86265e-08 1.41301e-07 -1.20793e-05 0.998046 0.00360717 2.04448e-05 -6.78075e-08 -0.00360715 0.996198
9 0.00343099 0.29398 -0.00183089 -3.8553e-08 6.01034e-06 -0.00183089 0.293412 3.54935e-06 -8.79781e-09 4.34581e-08 -3.54938e-06 0.293404 0.00110963 6.01085e-06 -2.085e-08 -0.00110962 0.292861 -0.00622793 -1.31141e-07 2.04447e-05 -0.00622792 0.998067 1.20734e-05 -2.99265e-08 1.47826e-07 -1.20735e-05 0.99804 0.00377449 2.04464e-05 -7.09231e-08 -0.00377448 0.996193
9.2 0.00350659 0.293588 -0.00191031 -4.02383e-08 6.00273e-06 -0.00191031 0.293019 3.54289e-06 -9.1759e-09 4.53598e-08 -3.54291e-06 0.293011 0.00115841 6.00332e-06 -2.17574e-08 -0.00115841 0.292469 -0.00650678 -1.37057e-07 2.04461e-05 -0.00650678 0.998064 1.20676e-05 -3.12543e-08 1.54502e-07 -1.20676e-05 0.998035 0.00394571 2.04481e-05 -7.41086e-08 -0.00394569 0.996188
9.4 0.00358214 0.293187 -0.00199123 -4.19566e-08 5.99496e-06 -0.00199123 0.292619 3.53629e-06 -9.5608e-09 4.72988e-08 -3.53632e-06 0.292609 0.00120817 5.99565e-06 -2.26821e-08 -0.00120817 0.292068 -0.00679168 -1.43105e-07 2.04475e-05 -0.00679167 0.998061 1.20615e-05 -3.26099e-08 1.61326e-07 -1.20616e-05 0.998029 0.00412083 2.04499e-05 -7.73639e-08 -0.00412081 0.996182
9.6 0.00365765 0.292779 -0.00207364 -4.37075e-08 5.98704e-06 -0.00207363 0.29221 3.52957e-06 -9.95244e-09 4.92749e-08 -3.5296e-06 0.2922 0.00125891 5.98782e-06 -2.36241e-08 -0.00125891 0.291659 -0.0070826 -1.49285e-07 2.0449e-05 -0.00708259 0.998057 1.20554e-05 -3.3993e-08 1.68301e-07 -1.20555e-05 0.998022 0.00429987 2.04517e-05 -8.06891e-08 -0.00429985 0.996177
9.8 0.00373311 0.292362 -0.0021575 -4.54908e-08 5.97896e-06 -0.0021575 0.291793 3.52271e-06 -1.03507e-08 5.12877e-08 -3.52275e-06 0.291782 0.00131061 5.97984e-06 -2.4583e-08 -0.0013106 0.291243 -0.00737955 -1.55597e-07 2.04505e-05 -0.00737954 0.998054 1.20491e-05 -3.54037e-08 1.75425e-07 -1.20493e-05 0.998016 0.00448283 2.04535e-05 -8.40841e-08 -0.00448281 0.996171
10 0.00380853 0.291938 -0.00224282 -4.73062e-08 5.97073e-06 -0.00224281 0.291369 3.51573e-06 -1.07555e-08 5.3337e-08 -3.51577e-06 0.291357 0.00136327 5.97171e-06 -2.55589e-08 -0.00136326 0.290818 -0.00768251 -1.62042e-07 2.0452e-05 -0.00768251 0.99805 1.20427e-05 -3.68418e-08 1.827e-07 -1.20429e-05 0.998009 0.00466972 2.04554e-05 -8.7549e-08 -0.0046697 0.996164
10.2 0.0038839 0.291506 -0.00232956 -4.91535e-08 5.96235e-06 -0.00232956 0.290936 3.50862e-06 -1.11668e-08 5.54223e-08 -3.50866e-06 0.290923 0.00141688 5.96342e-06 -2.65514e-08 -0.00141687 0.290386 -0.00799149 -1.68619e-07 2.04536e-05 -0.00799148 0.998047 1.20362e-05 -3.83073e-08 1.90124e-07 -1.20363e-05 0.998002 0.00486056 2.04573e-05 -9.10836e-08 -0.00486054 0.996158
10.4 0.00395923 0.291066 -0.00241773 -5.10323e-08 5.95381e-06 -0.00241772 0.290496 3.50139e-06 -1.15844e-08 5.75436e-08 -3.50143e-06 0.290482 0.00147144 5.95499e-06 -2.75604e-08 -0.00147143 0.289945 -0.00830647 -1.75329e-07 2.04552e-05 -0.00830646 0.998043 1.20295e-05 -3.98e-08 1.977e-07 -1.20297e-05 0.997995 0.00505534 2.04593e-05 -9.46881e-08 -0.00505533 0.996151
10.6 0.0040345 0.290618 -0.00250729 -5.29424e-08 5.94513e-06 -0.00250729 0.290048 3.49403e-06 -1.20083e-08 5.97003e-08 -3.49408e-06 0.290033 0.00152693 5.9464e-06 -2.85858e-08 -0.00152693 0.289497 -0.00862744 -1.82172e-07 2.04569e-05 -0.00862744 0.998039 1.20228e-05 -4.13199e-08 2.05426e-07 -1.20229e-05 0.997987 0.0052541 2.04613e-05 -9.83623e-08 -0.00525408 0.996144
10.8 0.00410973 0.290162 -0.00259823 -5.48836e-08 5.93629e-06 -0.00259823 0.289592 3.48654e-06 -1.24383e-08 6.18923e-08 -3.48659e-06 0.289576 0.00158336 5.93767e-06 -2.96274e-08 -0.00158336 0.289041 -0.00895441 -1.89148e-07 2.04585e-05 -0.0089544 0.998035 1.20158e-05 -4.28669e-08 2.13302e-07 -1.2016e-05 0.997979 0.00545682 2.04633e-05 -1.02106e-07 -0.0054568 0.996137
11 0.00418491 0.289699 -0.00269053 -5.68554e-08 5.92731e-06 -0.00269053 0.289128 3.47893e-06 -1.28744e-08 6.41191e-08 -3.47899e-06 0.289111 0.00164072 5.92879e-06 -3.06849e-08 -0.00164071 0.288577 -0.00928736 -1.96257e-07 2.04603e-05 -0.00928735 0.998032 1.20088e-05 -4.44408e-08 2.2133e-07 -1.2009e-05 0.997971 0.00566353 2.04654e-05 -1.0592e-07 -0.00566351 0.99613
11.2 0.00426003 0.289228 -0.00278418 -5.88577e-08 5.91818e-06 -0.00278418 0.288657 3.4712e-06 -1.33165e-08 6.63805e-08 -3.47126e-06 0.288638 0.00169899 5.91977e-06 -3.17582e-08 -0.00169899 0.288106 -0.00962628 -2.035e-07 2.0462e-05 -0.00962627 0.998028 1.20016e-05 -4.60416e-08 2.2951e-07 -1.20018e-05 0.997963 0.00587424 2.04675e-05 -1.09804e-07 -0.00587422 0.996122
11.4 0.00433511 0.288749 -0.00287916 -6.08901e-08 5.9089e-06 -0.00287916 0.288178 3.46335e-06 -1.37644e-08 6.86761e-08 -3.46341e-06 0.288158 0.00175818 5.9106e-06 -3.28472e-08 -0.00175817 0.287627 -0.00997117 -2.10876e-07 2.04638e-05 -0.00997116 0.998023 1.19943e-05 -4.76691e-08 2.3784e-07 -1.19946e-05 0.997954 0.00608895 2.04697e-05 -1.13757e-07 -0.00608893 0.996114
11.6 0.00441013 0.288263 -0.00297545 -6.29524e-08 5.89947e-06 -0.00297545 0.287692 3.45537e-06 -1.42181e-08 7.10057e-08 -3.45544e-06 0.28767 0.00181827 5.90128e-06 -3.39515e-08 -0.00181826 0.28714 -0.010322 -2.18385e-07 2.04656e-05 -0.010322 0.998019 1.19869e-05 -4.93233e-08 2.46323e-07 -1.19871e-05 0.997945 0.00630768 2.04719e-05 -1.1778e-07 -0.00630766 0.996105
11.8 0.0044851 0.287769 -0.00307303 -6.50441e-08 5.8899e-06 -0.00307303 0.287198 3.44728e-06 -1.46774e-08 7.33688e-08 -3.44735e-06 0.287175 0.00187926 5.89182e-06 -3.50711e-08 -0.00187925 0.286645 -0.0106788 -2.26029e-07 2.04675e-05 -0.0106788 0.998015 1.19793e-05 -5.10041e-08 2.54957e-07 -1.19796e-05 0.997935 0.00653044 2.04741e-05 -1.21873e-07 -0.00653041 0.996096
12 0.0139046 0.287267 -0.00317188 -6.7165e-08 5.88018e-06 -0.00317188 0.286696 3.43907e-06 -1.51422e-08 7.57651e-08 -3.43914e-06 0.286671 0.00194113 5.88221e-06 -3.62057e-08 -0.00194113 0.286143 -0.0110416 -2.33807e-07 2.04694e-05 -0.0110415 0.998011 1.19717e-05 -5.27113e-08 2.63744e-07 -1.19719e-05 0.997925 0.00675723 2.04764e-05 -1.26035e-07 -0.00675721 0.996087
13 0.0246683 0.28465 -0.00368453 -7.81965e-08 5.82946e-06 -0.00368453 0.284077 3.39624e-06 -1.7546e-08 8.82325e-08 -3.39635e-06 0.284044 0.0022636 5.83207e-06 -4.20974e-08 -0.0022636 0.283522 -0.0129441 -2.74711e-07 2.04794e-05 -0.0129441 0.997988 1.19313e-05 -6.16408e-08 3.09968e-07 -1.19317e-05 0.99787 0.00795224 2.04886e-05 -1.47892e-07 -0.00795221 0.996036
14 0.0265294 0.281852 -0.00422604 -8.99093e-08 5.77527e-06 -0.00422604 0.281278 3.35057e-06 -2.00724e-08 1.01476e-07 -3.35071e-06 0.281233 0.00260716 5.77849e-06 -4.83344e-08 -0.00260715 0.280718 -0.0149938 -3.18994e-07 2.04904e-05 -0.0149938 0.997963 1.18877e-05 -7.12162e-08 3.60033e-07 -1.18882e-05 0.997805 0.00925009 2.05018e-05 -1.71488e-07 -0.00925006 0.995975
15 0.0283823 0.27888 -0.00479382 -1.0226e-07 5.71773e-06 -0.00479382 0.278305 3.30219e-06 -2.27076e-08 1.15448e-07 -3.30238e-06 0.278247 0.00297076 5.72159e-06 -5.48901e-08 -0.00297075 0.277738 -0.0171895 -3.66682e-07 2.05024e-05 -0.0171895 0.997936 1.18409e-05 -8.14242e-08 4.1397e-07 -1.18416e-05 0.997727 0.0106524 2.05163e-05 -1.96823e-07 -0.0106524 0.995902
16 0.0302266 0.275741 -0.00538517 -1.15205e-07 5.65697e-06 -0.00538516 0.275164 3.25122e-06 -2.54376e-08 1.30098e-07 -3.25147e-06 0.27509 0.00335332 5.66149e-06 -6.17365e-08 -0.0033533 0.274588 -0.0195298 -4.17801e-07 2.05155e-05 -0.0195298 0.997907 1.17908e-05 -9.22517e-08 4.71812e-07 -1.17917e-05 0.997637 0.0121611 2.05319e-05 -2.23893e-07 -0.012161 0.995816
17 0.0320617 0.272442 -0.00599729 -1.28697e-07 5.59315e-06 -0.00599728 0.271863 3.19782e-06 -2.82483e-08 1.45374e-07 -3.19813e-06 0.27177 0.00375368 5.59834e-06 -6.88449e-08 -0.00375367 0.271275 -0.0220131 -4.72382e-07 2.05297e-05 -0.022013 0.997875 1.17376e-05 -1.03686e-07 5.33596e-07 -1.17387e-05 0.997531 0.0137779 2.05487e-05 -2.52695e-07 -0.0137779 0.995716
18 0.0338871 0.26899 -0.0066273 -1.42688e-07 5.52639e-06 -0.0066273 0.268409 3.14211e-06 -3.11257e-08 1.61221e-07 -3.1425e-06 0.268293 0.00417066 5.53228e-06 -7.61855e-08 -0.00417065 0.267806 -0.0246377 -5.30458e-07 2.0545e-05 -0.0246377 0.997841 1.16811e-05 -1.15713e-07 5.99358e-07 -1.16826e-05 0.997409 0.0155049 2.05669e-05 -2.83228e-07 -0.0155048 0.995599
19 0.0357021 0.265392 -0.00727226 -1.57129e-07 5.45685e-06 -0.00727225 0.26481 3.08425e-06 -3.4056e-08 1.77584e-07 -3.08474e-06 0.264667 0.00460301 5.46344e-06 -8.37281e-08 -0.004603 0.264189 -0.0274019 -5.92064e-07 2.05614e-05 -0.0274019 0.997805 1.16215e-05 -1.28323e-07 6.69138e-07 -1.16233e-05 0.997268 0.0173442 2.05863e-05 -3.15488e-07 -0.0173441 0.995465
20 0.0375062 0.261657 -0.00792916 -1.71971e-07 5.38468e-06 -0.00792915 0.261072 3.0244e-06 -3.70255e-08 1.94404e-07 -3.02499e-06 0.2609 0.00504946 5.39199e-06 -9.14417e-08 -0.00504944 0.26043 -0.0303037 -6.57238e-07 2.05792e-05 -0.0303037 0.997766 1.15586e-05 -1.41504e-07 7.42974e-07 -1.15609e-05 0.997107 0.019298 2.06071e-05 -3.49472e-07 -0.019298 0.99531
21 0.0392989 0.257791 -0.00859497 -1.87161e-07 5.31004e-06 -0.00859496 0.257205 2.96269e-06 -4.00212e-08 2.11623e-07 -2.96341e-06 0.256998 0.00550867 5.31807e-06 -9.92954e-08 -0.00550865 0.256537 -0.0333408 -7.26019e-07 2.05982e-05 -0.0333408 0.997725 1.14926e-05 -1.55246e-07 8.2091e-07 -1.14954e-05 0.996924 0.0213687 2.06294e-05 -3.85177e-07 -0.0213686 0.995134
22 0.0410797 0.253804 -0.00926662 -2.02651e-07 5.2331e-06 -0.00926661 0.253216 2.8993e-06 -4.30306e-08 2.29182e-07 -2.90016e-06 0.252971 0.0059793 5.24184e-06 -1.07258e-07 -0.00597928 0.252518 -0.0365109 -7.98452e-07 2.06186e-05 -0.0365109 0.997681 1.14234e-05 -1.69542e-07 9.02986e-07 -1.14267e-05 0.996716 0.0235587 2.06531e-05 -4.226e-07 -0.0235586 0.994933
23 0.0428479 0.249704 -0.00994107 -2.18387e-07 5.154e-06 -0.00994106 0.249113 2.83437e-06 -4.60418e-08 2.47019e-07 -2.83539e-06 0.248825 0.00645997 5.16346e-06 -1.15298e-07 -0.00645995 0.248382 -0.0398114 -8.74584e-07 2.06405e-05 -0.0398114 0.997634 1.13509e-05 -1.84386e-07 9.89248e-07 -1.1355e-05 0.996482 0.0258705 2.06783e-05 -4.61738e-07 -0.0258704 0.994707
24 0.0446031 0.245498 -0.0106152 -2.34319e-07 5.07292e-06 -0.0106152 0.244905 2.76807e-06 -4.9044e-08 2.65074e-07 -2.76928e-06 0.24457 0.00694928 5.08308e-06 -1.23384e-07 -0.00694925 0.244136 -0.0432396 -9.54462e-07 2.06638e-05 -0.0432395 0.997584 1.12753e-05 -1.99773e-07 1.07974e-06 -1.12802e-05 0.996219 0.0283068 2.07052e-05 -5.02587e-07 -0.0283067 0.994452
25 0.0463447 0.241196 -0.0112861 -2.50395e-07 4.99002e-06 -0.0112861 0.240601 2.70056e-06 -5.20269e-08 2.83286e-07 -2.70197e-06 0.240213 0.0074458 5.00088e-06 -1.31487e-07 -0.00744577 0.239789 -0.0467924 -1.03814e-06 2.06887e-05 -0.0467923 0.997532 1.11965e-05 -2.15704e-07 1.1745e-06 -1.12024e-05 0.995924 0.0308703 2.07336e-05 -5.45145e-07 -0.0308702 0.994166
26 0.0480722 0.236806 -0.0119508 -2.66566e-07 4.90548e-06 -0.0119508 0.236208 2.632e-06 -5.49813e-08 3.01593e-07 -2.63363e-06 0.235763 0.0079481 4.917e-06 -1.39576e-07 -0.00794807 0.235349 -0.0504666 -1.12567e-06 2.07152e-05 -0.0504665 0.997476 1.11146e-05 -2.32179e-07 1.27359e-06 -1.11215e-05 0.995596 0.0335638 2.07639e-05 -5.8941e-07 -0.0335637 0.993847
27 0.049785 0.232336 -0.0126062 -2.82781e-07 4.81944e-06 -0.0126062 0.231735 2.56254e-06 -5.78993e-08 3.19934e-07 -2.56442e-06 0.231228 0.00845473 4.83162e-06 -1.47621e-07 -0.0084547 0.230824 -0.0542586 -1.21712e-06 2.07434e-05 -0.0542586 0.997416 1.10295e-05 -2.49205e-07 1.37703e-06 -1.10376e-05 0.995231 0.0363901 2.07959e-05 -6.35379e-07 -0.03639 0.993491
28 0.0514827 0.227795 -0.0132496 -2.98992e-07 4.73208e-06 -0.0132496 0.227192 2.49235e-06 -6.07739e-08 3.3825e-07 -2.4945e-06 0.226616 0.00896425 4.74489e-06 -1.55595e-07 -0.00896422 0.226222 -0.0581647 -1.31255e-06 2.07735e-05 -0.0581647 0.997354 1.09412e-05 -2.66793e-07 1.48489e-06 -1.09507e-05 0.994827 0.0393523 2.08297e-05 -6.83051e-07 -0.0393522 0.993098
29 0.0531646 0.223191 -0.0138782 -3.1515e-07 4.64356e-06 -0.0138782 0.222585 2.42157e-06 -6.35992e-08 3.56481e-07 -2.42402e-06 0.221937 0.0094752 4.65698e-06 -1.63471e-07 -0.00947517 0.221553 -0.0621808 -1.41202e-06 2.08054e-05 -0.0621808 0.997287 1.08498e-05 -2.84955e-07 1.5972e-06 -1.08608e-05 0.994382 0.0424534 2.08655e-05 -7.32426e-07 -0.0424532 0.992663
30 0.0548304 0.218533 -0.0144893 -3.3121e-07 4.55405e-06 -0.0144893 0.217924 2.35036e-06 -6.63707e-08 3.74568e-07 -2.35314e-06 0.217198 0.00998615 4.56804e-06 -1.71221e-07 -0.00998611 0.216825 -0.0663026 -1.51561e-06 2.08392e-05 -0.0663025 0.997217 1.07552e-05 -3.03711e-07 1.71401e-06 -1.07679e-05 0.993892 0.0456964 2.09032e-05 -7.83504e-07 -0.0456962 0.992184
31 0.0564795 0.213828 -0.0150803 -3.47126e-07 4.4637e-06 -0.0150803 0.213218 2.27887e-06 -6.90851e-08 3.92453e-07 -2.28201e-06 0.212407 0.0104956 4.47822e-06 -1.78822e-07 -0.0104956 0.212045 -0.0705253 -1.62338e-06 2.08751e-05 -0.0705252 0.997143 1.06575e-05 -3.23087e-07 1.83536e-06 -1.06721e-05 0.993354 0.0490844 2.09431e-05 -8.36286e-07 -0.0490843 0.991658
32 0.0581114 0.209087 -0.0156488 -3.62854e-07 4.37267e-06 -0.0156488 0.208473 2.20725e-06 -7.17403e-08 4.10081e-07 -2.21076e-06 0.207574 0.0110023 4.38769e-06 -1.8625e-07 -0.0110022 0.207222 -0.0748438 -1.73543e-06 2.09132e-05 -0.0748438 0.997065 1.05566e-05 -3.43113e-07 1.9613e-06 -1.05734e-05 0.992766 0.0526207 2.0985e-05 -8.90777e-07 -0.0526205 0.991082
33 0.0597256 0.204315 -0.0161926 -3.78354e-07 4.28111e-06 -0.0161926 0.203699 2.13563e-06 -7.43353e-08 4.27397e-07 -2.13954e-06 0.202706 0.0115047 4.29659e-06 -1.93482e-07 -0.0115046 0.202365 -0.0792529 -1.85182e-06 2.09535e-05 -0.0792529 0.996983 1.04526e-05 -3.63827e-07 2.09185e-06 -1.04718e-05 0.992125 0.0563084 2.10292e-05 -9.4698e-07 -0.0563082 0.990454
34 0.0613216 0.199522 -0.0167093 -3.93585e-07 4.18918e-06 -0.0167093 0.198903 2.06414e-06 -7.68706e-08 4.44349e-07 -2.06849e-06 0.197811 0.0120014 4.20507e-06 -2.005e-07 -0.0120013 0.197481 -0.0837467 -1.97264e-06 2.09961e-05 -0.0837467 0.996896 1.03455e-05 -3.85274e-07 2.22707e-06 -1.03673e-05 0.991428 0.0601507 2.10757e-05 -1.0049e-06 -0.0601505 0.989769
35 0.0628989 0.194715 -0.017197 -4.08509e-07 4.09702e-06 -0.017197 0.194092 1.99294e-06 -7.93476e-08 4.60886e-07 -1.99774e-06 0.192898 0.0124911 4.11327e-06 -2.07285e-07 -0.012491 0.192578 -0.0883191 -2.09799e-06 2.10412e-05 -0.088319 0.996805 1.02352e-05 -4.07507e-07 2.36698e-06 -1.02599e-05 0.99067 0.0641507 2.11246e-05 -1.06456e-06 -0.0641505 0.989026
36 0.064457 0.189901 -0.0176538 -4.23091e-07 4.00477e-06 -0.0176538 0.189276 1.92212e-06 -8.17691e-08 4.76959e-07 -1.92742e-06 0.187973 0.0129725 4.02133e-06 -2.1382e-07 -0.0129724 0.187664 -0.0929634 -2.22796e-06 2.10887e-05 -0.0929634 0.996708 1.01217e-05 -4.30588e-07 2.51162e-06 -1.01496e-05 0.989851 0.0683118 2.11759e-05 -1.12595e-06 -0.0683115 0.98822
37 0.0659956 0.185088 -0.0180781 -4.37297e-07 3.91256e-06 -0.018078 0.18446 1.85183e-06 -8.41388e-08 4.92522e-07 -1.85763e-06 0.183045 0.0134442 3.92938e-06 -2.2009e-07 -0.0134442 0.182746 -0.0976728 -2.36264e-06 2.11389e-05 -0.0976727 0.996607 1.00051e-05 -4.54588e-07 2.66102e-06 -1.00365e-05 0.988965 0.0726369 2.12298e-05 -1.18911e-06 -0.0726367 0.987349
38 0.067514 0.180283 -0.0184681 -4.51094e-07 3.82054e-06 -0.0184681 0.179652 1.78217e-06 -8.64614e-08 5.07532e-07 -1.7885e-06 0.178121 0.0139051 3.83755e-06 -2.26083e-07 -0.0139051 0.177833 -0.10244 -2.50214e-06 2.11919e-05 -0.10244 0.9965 9.88539e-06 -4.79587e-07 2.8152e-06 -9.92049e-06 0.98801 0.0771293 2.12863e-05 -1.25404e-06 -0.0771291 0.986409
39 0.0690118 0.175493 -0.0188227 -4.64454e-07 3.72882e-06 -0.0188227 0.174859 1.71325e-06 -8.87427e-08 5.21948e-07 -1.72012e-06 0.173209 0.0143539 3.74597e-06 -2.31787e-07 -0.0143539 0.17293 -0.107256 -2.64657e-06 2.12477e-05 -0.107256 0.996387 9.76248e-06 -5.05677e-07 2.97418e-06 -9.80166e-06 0.986983 0.0817919 2.13454e-05 -1.32078e-06 -0.0817917 0.985397
40 0.10628 0.170724 -0.0191405 -4.7735e-07 3.63752e-06 -0.0191405 0.170087 1.64516e-06 -9.09892e-08 5.3573e-07 -1.65261e-06 0.168314 0.0147894 3.65475e-06 -2.37195e-07 -0.0147894 0.168046 -0.112114 -2.79603e-06 2.13064e-05 -0.112114 0.996269 9.63637e-06 -5.3296e-07 3.13799e-06 -9.67998e-06 0.985881 0.0866277 2.14074e-05 -1.38935e-06 -0.0866274 0.984311
42 0.146749 0.161276 -0.0196622 -5.01649e-07 3.45665e-06 -0.0196622 0.160633 1.51188e-06 -9.54075e-08 5.61256e-07 -1.52051e-06 0.158605 0.0156163 3.47385e-06 -2.47095e-07 -0.0156163 0.158357 -0.121916 -3.1105e-06 2.14332e-05 -0.121916 0.996014 9.37451e-06 -5.91579e-07 3.4801e-06 -9.428e-06 0.983437 0.09683 2.15398e-05 -1.53213e-06 -0.0968296 0.9819
44 0.152348 0.151985 -0.020027 -5.23817e-07 3.27877e-06 -0.020027 0.151336 1.383e-06 -9.97812e-08 5.83859e-07 -1.39285e-06 0.149045 0.0163774 3.29567e-06 -2.55751e-07 -0.0163774 0.148816 -0.13177 -3.4465e-06 2.1573e-05 -0.13177 0.995732 9.09961e-06 -6.5652e-07 3.84156e-06 -9.16439e-06 0.980655 0.107757 2.16841e-05 -1.68274e-06 -0.107756 0.979151
46 0.157761 0.142894 -0.0202319 -5.43713e-07 3.1046e-06 -0.0202319 0.14224 1.25909e-06 -1.04182e-07 6.03338e-07 -1.27016e-06 0.13968 0.0170653 3.12093e-06 -2.63162e-07 -0.0170652 0.13947 -0.141587 -3.80501e-06 2.17266e-05 -0.141587 0.99542 8.81134e-06 -7.29083e-07 4.22228e-06 -8.88882e-06 0.977509 0.119426 2.18409e-05 -1.84166e-06 -0.119426 0.976039
48 0.162982 0.13404 -0.0202764 -5.61227e-07 2.93479e-06 -0.0202764 0.13338 1.14058e-06 -1.08682e-07 6.1954e-07 -1.15285e-06 0.130552 0.0176733 2.95026e-06 -2.69355e-07 -0.0176733 0.130359 -0.151272 -4.18701e-06 2.18949e-05 -0.151271 0.995076 8.50927e-06 -8.10821e-07 4.62205e-06 -8.60082e-06 0.973978 0.131851 2.20103e-05 -2.00951e-06 -0.131851 0.972542
50 0.168004 0.125455 -0.0201628 -5.76281e-07 2.76986e-06 -0.0201628 0.12479 1.02783e-06 -1.13355e-07 6.32359e-07 -1.04123e-06 0.121697 0.0181961 2.78419e-06 -2.74382e-07 -0.018196 0.121521 -0.160718 -4.59352e-06 2.20785e-05 -0.160717 0.994697 8.19283e-06 -9.03552e-07 5.04052e-06 -8.29965e-06 0.970041 0.145041 2.21927e-05 -2.18709e-06 -0.14504 0.968638
52 0.172821 0.117167 -0.0198959 -5.88821e-07 2.61023e-06 -0.0198959 0.116496 9.21079e-07 -1.18266e-07 6.41743e-07 -9.35494e-07 0.113146 0.0186291 2.62316e-06 -2.78317e-07 -0.018629 0.112985 -0.169808 -5.0255e-06 2.2278e-05 -0.169808 0.994279 7.86127e-06 -1.00938e-06 5.47718e-06 -7.98431e-06 0.965682 0.158997 2.23883e-05 -2.3754e-06 -0.158996 0.964308
54 0.177428 0.109197 -0.0194825 -5.98818e-07 2.45623e-06 -0.0194825 0.108522 8.20466e-07 -1.23471e-07 6.47682e-07 -8.35734e-07 0.104925 0.0189689 2.46748e-06 -2.81251e-07 -0.0189688 0.104778 -0.178417 -5.48385e-06 2.24937e-05 -0.178417 0.993819 7.51366e-06 -1.13072e-06 5.93134e-06 -7.65348e-06 0.960886 0.173713 2.25967e-05 -2.57564e-06 -0.173713 0.959539
56 0.181819 0.101562 -0.0189318 -6.06263e-07 2.30809e-06 -0.0189318 0.100883 7.26051e-07 -1.29013e-07 6.50213e-07 -7.4196e-07 0.0970574 0.0192132 2.31743e-06 -2.83287e-07 -0.0192131 0.0969228 -0.186406 -5.96937e-06 2.27258e-05 -0.186406 0.993313 7.14882e-06 -1.27028e-06 6.40211e-06 -7.30547e-06 0.955643 0.189176 2.28178e-05 -2.78929e-06 -0.189176 0.954318
58 0.185988 0.0942769 -0.0182545 -6.11166e-07 2.16594e-06 -0.0182546 0.0935941 6.37815e-07 -1.34919e-07 6.49417e-07 -6.54105e-07 0.0895583 0.0193607 2.17315e-06 -2.84534e-07 -0.0193606 0.0894347 -0.193627 -6.48267e-06 2.29743e-05 -0.193627 0.992758 6.76534e-06 -1.4311e-06 6.8884e-06 -6.93813e-06 0.94995 0.20536 2.30507e-05 -3.01807e-06 -0.205359 0.948638
60 0.286303 0.0873486 -0.0174629 -6.13551e-07 2.02985e-06 -0.0174629 0.0866628 5.5567e-07 -1.41199e-07 6.45409e-07 -5.72034e-07 0.0824403 0.019411 2.03475e-06 -2.85106e-07 -0.019411 0.082326 -0.199922 -7.02416e-06 2.32385e-05 -0.199922 0.992148 6.36152e-06 -1.61649e-06 7.38888e-06 -6.54886e-06 0.943807 0.222225 2.32945e-05 -3.264e-06 -0.222224 0.942499
64 0.394175 0.0745786 -0.0155911 -6.10927e-07 1.77571e-06 -0.0155912 0.0738886 4.09027e-07 -1.54808e-07 6.28398e-07 -4.24453e-07 0.0693736 0.0192246 1.7756e-06 -2.84652e-07 -0.0192245 0.0692734 -0.209057 -8.19172e-06 2.381e-05 -0.209057 0.990748 5.48451e-06 -2.07577e-06 8.42599e-06 -5.69135e-06 0.930208 0.257776 2.38084e-05 -3.81681e-06 -0.257776 0.928865
68 0.406626 0.0632479 -0.013432 -5.98818e-07 1.54481e-06 -0.013432 0.0625568 2.84473e-07 -1.69496e-07 6.00725e-07 -2.9731e-07 0.057871 0.0186712 1.53953e-06 -2.82679e-07 -0.0186711 0.0577786 -0.21237 -9.46779e-06 2.44247e-05 -0.212371 0.989073 4.49775e-06 -2.67986e-06 9.49795e-06 -4.70071e-06 0.914988 0.295206 2.43412e-05 -4.46939e-06 -0.295205 0.913526
72 0.417095 0.0533067 -0.0111051 -5.77803e-07 1.33552e-06 -0.0111052 0.052618 1.79944e-07 -1.84586e-07 5.64258e-07 -1.88433e-07 0.0478908 0.0177816 1.32541e-06 -2.79689e-07 -0.0177815 0.0477998 -0.208325 -1.08392e-05 2.50534e-05 -0.208326 0.98708 3.37563e-06 -3.46271e-06 1.05851e-05 -3.53488e-06 0.8984 0.333571 2.48638e-05 -5.24679e-06 -0.33357 0.896694
76 0.425533 0.0446724 -0.00872622 -5.48617e-07 1.1457e-06 -0.00872626 0.0439899 9.32403e-08 -1.99119e-07 5.21036e-07 -9.5703e-08 0.039347 0.016598 1.13165e-06 -2.75849e-07 -0.016598 0.0392518 -0.195338 -1.22809e-05 2.56468e-05 -0.195339 0.984722 2.0872e-06 -4.45732e-06 1.16635e-05 -2.14233e-06 0.88079 0.37155 2.53322e-05 -6.17493e-06 -0.371548 0.878659
80 0.431897 0.0372407 -0.00639965 -5.12167e-07 9.72973e-07 -0.00639968 0.0365685 2.22411e-08 -2.11937e-07 4.73131e-07 -1.72788e-08 0.0321218 0.0151711 9.56417e-07 -2.70968e-07 -0.0151711 0.0320172 -0.171845 -1.37529e-05 2.61266e-05 -0.171846 0.98195 5.97226e-07 -5.691e-06 1.27047e-05 -4.63975e-07 0.862545 0.40738 2.5682e-05 -7.27613e-06 -0.407378 0.859738
84 0.436158 0.0308964 -0.00421374 -4.69558e-07 8.14873e-07 -0.00421377 0.0302387 -3.49574e-08 -2.21786e-07 4.22522e-07 4.82859e-08 0.0260764 0.0135574 7.97742e-07 -2.64536e-07 -0.0135574 0.0259583 -0.136383 -1.51978e-05 2.63743e-05 -0.136384 0.978713 -1.13144e-06 -7.17836e-06 1.36754e-05 1.56283e-06 0.843993 0.438802 2.58199e-05 -8.56202e-06 -0.4388 0.84017
88 0.328636 0.0255217 -0.00223759 -4.22109e-07 6.69029e-07 -0.00223761 0.0248827 -7.99783e-08 -2.27442e-07 3.71009e-07 1.02029e-07 0.0210613 0.0118165 6.53615e-07 -2.55814e-07 -0.0118165 0.0209265 -0.0876738 -1.65392e-05 2.62141e-05 -0.087675 0.974962 -3.13374e-06 -8.91171e-06 1.4537e-05 3.99773e-06 0.825232 0.463 2.56102e-05 -1.00234e-05 -0.462998 0.819949
90 0.219313 0.023162 -0.00134416 -3.97036e-07 6.00007e-07 -0.00134419 0.0225339 -9.83514e-08 -2.28355e-07 3.45412e-07 1.24696e-07 0.0188928 0.0109172 5.86378e-07 -2.50333e-07 -0.0109172 0.0187488 -0.0580331 -1.71417e-05 2.59048e-05 -0.0580342 0.972882 -4.24624e-06 -9.85902e-06 1.49129e-05 5.38366e-06 0.815681 0.471341 2.53164e-05 -1.08079e-05 -0.47134 0.809463
92 0.328636 0.0210025 -0.000519814 -3.71335e-07 5.33242e-07 -0.000519835 0.0203862 -1.14163e-07 -2.27837e-07 3.20157e-07 1.44652e-07 0.0169254 0.0100085 5.2202e-07 -2.43971e-07 -0.0100084 0.0167719 -0.0247501 -1.76805e-05 2.53895e-05 -0.0247511 0.970659 -5.4357e-06 -1.08481e-05 1.52438e-05 6.88736e-06 0.805878 0.476538 2.48552e-05 -1.16163e-05 -0.476536 0.798567
96 0.436158 0.0172328 0.00091107 -3.18901e-07 4.05525e-07 0.000911059 0.0166432 -1.38619e-07 -2.22175e-07 2.71265e-07 1.76647e-07 0.0135226 0.00819124 4.0093e-07 -2.28242e-07 -0.00819121 0.0133496 0.0528683 -1.85054e-05 2.35321e-05 0.0528676 0.965781 -8.04386e-06 -1.28926e-05 1.57412e-05 1.02506e-05 0.784699 0.475327 2.32655e-05 -1.32446e-05 -0.475325 0.77466
100 0.431897 0.0141176 0.00204502 -2.66543e-07 2.84107e-07 0.00204502 0.0135579 -1.54291e-07 -2.1003e-07 2.25368e-07 1.98449e-07 0.0107171 0.00641869 2.88302e-07 -2.08081e-07 -0.00641867 0.0105253 0.144856 -1.88802e-05 2.01242e-05 0.144856 0.960352 -1.09289e-05 -1.48771e-05 1.59636e-05 1.40568e-05 0.759132 0.454658 2.04214e-05 -1.47391e-05 -0.454657 0.74554
104 0.425533 0.0115734 0.00288789 -2.15961e-07 1.67401e-07 0.0028879 0.0110465 -1.62051e-07 -1.91417e-07 1.83244e-07 2.10576e-07 0.00838749 0.00473887 1.82056e-07 -1.83298e-07 -0.00473886 0.00817851 0.249529 -1.86602e-05 1.44643e-05 0.24953 0.954473 -1.40021e-05 -1.65395e-05 1.58333e-05 1.81949e-05 0.724724 0.409464 1.57306e-05 -1.58379e-05 -0.409463 0.706667
108 0.417095 0.00952802 0.00345831 -1.68707e-07 5.39692e-08 0.00345833 0.00903624 -1.62777e-07 -1.66833e-07 1.45439e-07 2.13739e-07 0.00642815 0.00319259 8.00848e-08 -1.54148e-07 -0.00319259 0.00620502 0.362963 -1.77064e-05 5.66426e-06 0.362964 0.948387 -1.70841e-05 -1.75097e-05 1.52644e-05 2.24327e-05 0.674658 0.335074 8.40519e-06 -1.61784e-05 -0.335074 0.651239
112 0.406626 0.00791995 0.00378435 -1.26074e-07 -5.75117e-08 0.00378438 0.00746493 -1.57412e-07 -1.37251e-07 1.12291e-07 2.08897e-07 0.00475059 0.00181249 -1.97206e-08 -1.21371e-07 -0.0018125 0.00451726 0.477825 -1.59185e-05 -7.26162e-06 0.477829 0.942546 -1.98753e-05 -1.73298e-05 1.41782e-05 2.6376e-05 0.599825 0.228851 -2.48999e-06 -1.53247e-05 -0.228852 0.570364
116 0.394175 0.00669623 0.00390025 -8.90123e-08 -1.68268e-07 0.00390029 0.00627886 -1.47e-07 -1.04077e-07 8.39451e-08 1.97264e-07 0.00328299 0.000622477 -1.19406e-07 -8.61676e-08 -0.000622496 0.00304425 0.582455 -1.32929e-05 -2.51287e-05 0.58246 0.93767 -2.19526e-05 -1.55427e-05 1.25362e-05 2.94589e-05 0.490274 0.0929593 -1.78318e-05 -1.28681e-05 -0.0929621 0.454621
120 0.379804 0.00581076 0.0038434 -5.80799e-08 -2.79414e-07 0.00384344 0.00543122 -1.32694e-07 -6.9059e-08 6.0375e-08 1.80265e-07 0.00196933 -0.000362485 -2.20861e-07 -5.01172e-08 0.000362457 0.00173055 0.661429 -9.99524e-06 -4.80856e-05 0.661435 0.934684 -2.28359e-05 -1.18847e-05 1.03902e-05 3.10226e-05 0.338912 -0.0623817 -3.80089e-05 -8.6249e-06 0.0623768 0.297819
124 0.363583 0.00522239 0.00365176 -3.3429e-08 -3.91907e-07 0.0036518 0.00488019 -1.15726e-07 -3.41583e-08 4.13952e-08 1.59455e-07 0.000767881 -0.00113623 -3.25697e-07 -1.50394e-08 0.00113619 0.00053476 0.699252 -6.40111e-06 -7.50437e-05 0.699259 0.934475 -2.21597e-05 -6.54075e-06 7.92649e-06 3.05329e-05 0.147036 -0.217568 -6.23655e-05 -2.8798e-06 0.217561 0.102398
128 0.34559 0.00489324 0.00336176 -1.48357e-08 -5.06471e-07 0.00336179 0.00458722 -9.73598e-08 -1.39149e-09 2.6678e-08 1.36416e-07 -0.00035059 -0.00170094 -4.35116e-07 1.71771e-08 0.0017009 -0.00057229 0.687021 -3.03188e-06 -0.000103504 0.687028 0.937461 -1.98968e-05 -2.84369e-07 5.45201e-06 2.78784e-05 -0.0716478 -0.34761 -8.89218e-05 3.51037e-06 0.347601 -0.116955
132 0.325914 0.0047873 0.00300674 -1.76104e-09 -6.23496e-07 0.00300677 0.00451572 -7.88169e-08 2.73493e-08 1.57747e-08 1.12652e-07 -0.0014047 -0.00206648 -5.49772e-07 4.47658e-08 0.00206643 -0.00160946 0.628065 -3.67857e-07 -0.00013024 0.628072 0.943272 -1.64638e-05 5.71288e-06 3.29511e-06 2.35315e-05 -0.293423 -0.431659 -0.00011484 9.35096e-06 0.431649 -0.336193
136 0.304649 0.00486936 0.00261589 6.56426e-09 -7.42931e-07 0.00261592 0.00463 -6.12023e-08 5.04735e-08 8.14431e-09 8.94941e-08 -0.00240441 -0.00224943 -6.69659e-07 6.6269e-08 0.00224939 -0.0025872 0.537215 1.34807e-06 -0.000152573 0.53722 0.950844 -1.25688e-05 1.03655e-05 1.67256e-06 1.8379e-05 -0.493783 -0.461956 -0.000137525 1.36094e-05 0.461947 -0.531323
140 0.281901 0.00510444 0.00221372 1.10438e-08 -8.6419e-07 0.00221374 0.00489469 -4.54281e-08 6.68515e-08 3.19002e-09 6.80217e-08 -0.00335282 -0.00227204 -7.9402e-07 8.06979e-08 0.00227199 -0.00350941 0.433685 2.16357e-06 -0.000169302 0.433689 0.958909 -8.89973e-06 1.30967e-05 6.24951e-07 1.3326e-05 -0.656844 -0.44511 -0.000155555 1.58094e-05 0.445101 -0.687522
144 0.257779 0.00545749 0.00181982 1.26208e-08 -9.86087e-07 0.00181984 0.00527446 -3.21537e-08 7.59335e-08 3.00887e-10 4.90181e-08 -0.00424789 -0.00216093 -9.21317e-07 8.76472e-08 0.00216088 -0.00437504 0.333454 2.31256e-06 -0.000180685 0.333458 0.966463 -5.89167e-06 1.39136e-05 5.51329e-08 8.9818e-06 -0.77836 -0.395956 -0.000168817 1.606e-05 0.395948 -0.801658
148 0.232401 0.00589353 0.00144911 1.21939e-08 -1.10682e-06 0.00144912 0.00573418 -2.17476e-08 7.78133e-08 -1.10538e-09 3.29526e-08 -0.00508389 -0.00194581 -1.04926e-06 8.73491e-08 0.00194577 -0.00517954 0.245881 2.06903e-06 -0.000187802 0.245883 0.972961 -3.69007e-06 1.32032e-05 -1.87558e-07 5.59132e-06 -0.862622 -0.330161 -0.000178035 1.48212e-05 0.330154 -0.878852
152 0.205891 0.00637809 0.00111219 1.05531e-08 -1.224e-06 0.0011122 0.00623929 -1.42793e-08 7.32259e-08 -1.54401e-09 1.99934e-08 -0.00585274 -0.00165812 -1.17487e-06 8.06615e-08 0.00165809 -0.00591615 0.174377 1.65459e-06 -0.000191908 0.174379 0.978237 -2.2388e-06 1.14808e-05 -2.4208e-07 3.13469e-06 -0.917632 -0.259971 -0.000184204 1.26466e-05 0.259966 -0.927574
156 0.178378 0.00687781 0.000816016 8.33824e-09 -1.3348e-06 0.000816022 0.00675644 -9.54158e-09 6.34758e-08 -1.43462e-09 1.00451e-08 -0.00654508 -0.00132958 -1.29468e-06 6.89874e-08 0.00132956 -0.00657688 0.118645 1.21234e-06 -0.000194074 0.118646 0.982354 -1.3873e-06 9.22908e-06 -2.08586e-07 1.46051e-06 -0.951624 -0.193315 -0.000188241 1.00304e-05 0.193311 -0.956247
160 0.0971232 0.00736124 0.000564541 6.02307e-09 -1.43606e-06 0.000564546 0.00725429 -7.10133e-09 5.03034e-08 -1.0865e-09 2.80763e-09 -0.00715119 -0.000990919 -1.4049e-06 5.41377e-08 0.000990899 -0.00715338 0.076691 8.18214e-07 -0.000195083 0.0766916 0.985472 -9.64692e-07 6.83356e-06 -1.47597e-07 3.81408e-07 -0.971465 -0.134613 -0.00019085 7.35443e-06 0.13461 -0.971763
161 0.0357021 0.00747613 0.000508901 5.46865e-09 -1.4595e-06 0.000508904 0.00737233 -6.78375e-09 4.67066e-08 -9.87809e-10 1.3728e-09 -0.00728813 -0.000908068 -1.4305e-06 5.01658e-08 0.000908049 -0.00728339 0.0680701 7.31482e-07 -0.000195221 0.0680706 0.986116 -9.07388e-07 6.24744e-06 -1.32128e-07 1.83625e-07 -0.974853 -0.121462 -0.000191342 6.71013e-06 0.12146 -0.974219
162 0.0338871 0.00758778 0.000456181 4.93175e-09 -1.48209e-06 0.000456184 0.00748694 -6.56335e-09 4.30527e-08 -8.89265e-10 7.29111e-11 -0.00741895 -0.00082679 -1.45519e-06 4.61553e-08 0.000826774 -0.0074075 0.0601204 6.4996e-07 -0.000195326 0.0601209 0.986711 -8.64989e-07 5.67395e-06 -1.17197e-07 9.60902e-09 -0.977749 -0.108963 -0.000191781 6.08285e-06 0.108961 -0.976242
163 0.0320617 0.00769579 0.000406386 4.41534e-09 -1.50379e-06 0.000406389 0.00759775 -6.42983e-09 3.9374e-08 -7.92624e-10 -1.09982e-09 -0.00754352 -0.000747487 -1.47893e-06 4.21391e-08 0.000747472 -0.00752562 0.0528063 5.73735e-07 -0.000195404 0.0528067 0.98726 -8.355e-07 5.1163e-06 -1.02994e-07 -1.42912e-07 -0.980213 -0.0971293 -0.000192174 5.4756e-06 0.0971274 -0.977887
164 0.0302266 0.00779979 0.000359519 3.92194e-09 -1.52453e-06 0.000359521 0.00770436 -6.37284e-09 3.57025e-08 -6.99319e-10 -2.15325e-09 -0.00766171 -0.000670542 -1.50166e-06 3.81494e-08 0.000670529 -0.00763761 0.0460934 5.02826e-07 -0.000195458 0.0460937 0.987765 -8.17054e-07 4.57737e-06 -8.96587e-08 -2.76065e-07 -0.982297 -0.0859693 -0.000192526 4.89108e-06 0.0859676 -0.979208
165 0.0283823 0.0078994 0.000315574 3.45362e-09 -1.54429e-06 0.000315576 0.00780641 -6.38203e-09 3.20699e-08 -6.10481e-10 -3.09521e-09 -0.00777339 -0.000596323 -1.52331e-06 3.4218e-08 0.000596311 -0.00774339 0.0399491 4.37201e-07 -0.000195494 0.0399494 0.988228 -8.07913e-07 4.05979e-06 -7.72819e-08 -3.91829e-07 -0.984049 -0.0754896 -0.000192839 4.33172e-06 0.0754881 -0.98025
166 0.0265294 0.00799428 0.000274547 3.01209e-09 -1.563e-06 0.000274549 0.00790356 -6.44714e-09 2.85071e-08 -5.26967e-10 -3.93349e-09 -0.00787845 -0.000525179 -1.54384e-06 3.03759e-08 0.000525168 -0.00784284 0.0343429 3.76781e-07 -0.000195515 0.0343432 0.988652 -8.06469e-07 3.56594e-06 -6.59181e-08 -4.92039e-07 -0.985512 -0.0656944 -0.000193119 3.7997e-06 0.065693 -0.981057
167 0.0246683 0.00808409 0.000236428 2.59869e-09 -1.58063e-06 0.00023643 0.00799548 -6.55811e-09 2.5044e-08 -4.49392e-10 -4.67573e-09 -0.00797678 -0.000457442 -1.5632e-06 2.66532e-08 0.000457433 -0.00793587 0.0292461 3.21457e-07 -0.000195523 0.0292463 0.989038 -8.11237e-07 3.09794e-06 -5.55897e-08 -5.78386e-07 -0.986725 -0.0565855 -0.000193367 3.29699e-06 0.0565843 -0.981664
168 0.0172754 0.00816854 0.000201207 2.21446e-09 -1.59713e-06 0.000201208 0.00808187 -6.70518e-09 2.17096e-08 -3.78156e-10 -5.32935e-09 -0.00806827 -0.000393426 -1.58133e-06 2.30788e-08 0.000393418 -0.00802238 0.0246319 2.71096e-07 -0.000195522 0.0246321 0.989389 -8.20854e-07 2.65771e-06 -4.62942e-08 -6.52423e-07 -0.987724 -0.0481635 -0.000193588 2.82532e-06 0.0481626 -0.982107
168.5 0.0109315 0.00820866 0.000184679 2.03354e-09 -1.60495e-06 0.00018468 0.00812289 -6.78929e-09 2.00994e-08 -3.4499e-10 -5.62517e-09 -0.00811141 -0.000362905 -1.58992e-06 2.13559e-08 0.000362897 -0.00806317 0.0224981 2.47731e-07 -0.000195519 0.0224982 0.989551 -8.27089e-07 2.44855e-06 -4.20276e-08 -6.85273e-07 -0.988153 -0.04421 -0.000193688 2.60163e-06 0.0442091 -0.982276
169 0.0104622 0.00824733 0.000168871 1.86018e-09 -1.61247e-06 0.000168872 0.00816243 -6.87893e-09 1.85315e-08 -3.13477e-10 -5.9015e-09 -0.00815281 -0.000333422 -1.59819e-06 1.96804e-08 0.000333415 -0.0081023 0.0204758 2.25549e-07 -0.000195514 0.020476 0.989706 -8.34079e-07 2.24697e-06 -3.80096e-08 -7.15565e-07 -0.988539 -0.0404278 -0.000193783 2.38627e-06 0.040427 -0.982415
169.5 0.00999215 0.00828452 0.000153781 1.69444e-09 -1.61969e-06 0.000153782 0.00820044 -6.97298e-09 1.70093e-08 -2.83622e-10 -6.15917e-09 -0.00819245 -0.00030501 -1.60613e-06 1.80553e-08 0.000305004 -0.00813976 0.0185625 2.04531e-07 -0.000195509 0.0185626 0.989851 -8.41688e-07 2.05314e-06 -3.42352e-08 -7.43456e-07 -0.988887 -0.0368169 -0.000193872 2.17941e-06 0.0368161 -0.982527
170 0.0095213 0.00832019 0.000139408 1.53638e-09 -1.62661e-06 0.000139408 0.0082369 -7.07036e-09 1.55358e-08 -2.5542e-10 -6.39901e-09 -0.00823032 -0.000277702 -1.61374e-06 1.6484e-08 0.000277696 -0.00817554 0.0167553 1.84657e-07 -0.000195502 0.0167554 0.98999 -8.49784e-07 1.86725e-06 -3.06988e-08 -7.69094e-07 -0.989199 -0.0333769 -0.000193955 1.9812e-06 0.0333762 -0.982615
170.5 0.00904972 0.00835432 0.000125749 1.38603e-09 -1.63322e-06 0.000125749 0.00827177 -7.17005e-09 1.41141e-08 -2.28861e-10 -6.6218e-09 -0.00826641 -0.000251528 -1.62101e-06 1.49692e-08 0.000251523 -0.00820964 0.0150519 1.65906e-07 -0.000195494 0.015052 0.99012 -8.58245e-07 1.68944e-06 -2.73943e-08 -7.9262e-07 -0.989478 -0.0301075 -0.000194032 1.7918e-06 0.0301069 -0.982682
171 0.00857745 0.00838687 0.000112803 1.24342e-09 -1.63951e-06 0.000112803 0.00830503 -7.27102e-09 1.27471e-08 -2.03927e-10 -6.82831e-09 -0.00830071 -0.000226517 -1.62793e-06 1.3514e-08 0.000226512 -0.00824203 0.0134499 1.48258e-07 -0.000195485 0.01345 0.990242 -8.66953e-07 1.51989e-06 -2.43151e-08 -8.14167e-07 -0.989727 -0.0270085 -0.000194105 1.61133e-06 0.027008 -0.982731
171.5 0.00810453 0.00841782 0.000100568 1.10857e-09 -1.64549e-06 0.000100568 0.00833665 -7.37232e-09 1.14375e-08 -1.80599e-10 -7.01927e-09 -0.00833321 -0.000202697 -1.63451e-06 1.21212e-08 0.000202693 -0.00827273 0.011947 1.31693e-07 -0.000195477 0.0119471 0.990358 -8.75799e-07 1.35873e-06 -2.14543e-08 -8.33858e-07 -0.989949 -0.0240795 -0.000194173 1.43994e-06 0.0240791 -0.982763
172 0.00763099 0.00844715 8.90425e-05 9.81488e-10 -1.65114e-06 8.9043e-05 0.00836661 -7.47302e-09 1.0188e-08 -1.58848e-10 -7.19538e-09 -0.00836391 -0.000180095 -1.64074e-06 1.07932e-08 0.000180092 -0.00830171 0.0105411 1.16192e-07 -0.000195467 0.0105412 0.990465 -8.8468e-07 1.20609e-06 -1.8805e-08 -8.51812e-07 -0.990145 -0.0213203 -0.000194236 1.27773e-06 0.0213198 -0.982782
172.5 0.00715688 0.00847482 7.82251e-05 8.62187e-10 -1.65647e-06 7.82256e-05 0.00839487 -7.57223e-09 9.00113e-09 -1.38648e-10 -7.35732e-09 -0.00839278 -0.000158736 -1.64661e-06 9.53272e-09 0.000158733 -0.00832897 0.00923029 1.01735e-07 -0.000195458 0.00923035 0.990566 -8.93498e-07 1.0621e-06 -1.636e-08 -8.68139e-07 -0.99032 -0.0187303 -0.000194294 1.12483e-06 0.01873 -0.98279
173 0.00668221 0.00850082 6.8114e-05 7.50663e-10 -1.66148e-06 6.81144e-05 0.00842142 -7.66912e-09 7.87927e-09 -1.19966e-10 -7.50572e-09 -0.00841983 -0.000138644 -1.65212e-06 8.34207e-09 0.000138641 -0.00835451 0.00801264 8.83048e-08 -0.000195449 0.00801269 0.990659 -9.02162e-07 9.26883e-07 -1.41123e-08 -8.82941e-07 -0.990473 -0.0163094 -0.000194348 9.81326e-07 0.0163091 -0.982788
173.5 0.00620704 0.00852512 5.87076e-05 6.46913e-10 -1.66615e-06 5.8708e-05 0.00844623 -7.76289e-09 6.82469e-09 -1.02769e-10 -7.64119e-09 -0.00844505 -0.000119839 -1.65726e-06 7.22352e-09 0.000119837 -0.00837831 0.00688642 7.58832e-08 -0.00019544 0.00688647 0.990746 -9.1059e-07 8.00539e-07 -1.20549e-08 -8.96314e-07 -0.990608 -0.0140572 -0.000194397 8.47322e-07 0.0140569 -0.982779
174 0.0057314 0.00854771 5.00045e-05 5.50929e-10 -1.67049e-06 5.00048e-05 0.00846929 -7.85279e-09 5.83952e-09 -8.7023e-11 -7.76428e-09 -0.00846843 -0.000102344 -1.66204e-06 6.17917e-09 0.000102342 -0.00840038 0.00585005 6.44534e-08 -0.000195431 0.00585008 0.990826 -9.18701e-07 6.83168e-07 -1.01809e-08 -9.08347e-07 -0.990726 -0.0119733 -0.000194443 7.22904e-07 0.0119731 -0.982764
174.5 0.00525531 0.00856856 4.20032e-05 4.62699e-10 -1.67449e-06 4.20034e-05 0.00849057 -7.93813e-09 4.92573e-09 -7.2693e-11 -7.87554e-09 -0.00848997 -8.61778e-05 -1.66645e-06 5.21099e-09 8.61761e-05 -0.0084207 0.00490201 5.39997e-08 -0.000195422 0.00490204 0.990899 -9.26425e-07 5.74861e-07 -8.4837e-09 -9.19121e-07 -0.990828 -0.0100574 -0.000194484 6.08153e-07 0.0100572 -0.982744
175 0.00477883 0.00858765 3.47023e-05 3.82211e-10 -1.67815e-06 3.47026e-05 0.00851006 -8.01825e-09 4.08515e-09 -5.9745e-11 -7.97545e-09 -0.00850965 -7.13573e-05 -1.67048e-06 4.3208e-09 7.13559e-05 -0.00843927 0.00404096 4.4507e-08 -0.000195414 0.00404098 0.990965 -9.33696e-07 4.75701e-07 -6.95709e-09 -9.28711e-07 -0.990917 -0.0083093 -0.000194522 5.03141e-07 0.00830913 -0.982721
175.5 0.00430199 0.00860497 2.81008e-05 3.09449e-10 -1.68147e-06 2.81009e-05 0.00852774 -8.09258e-09 3.31948e-09 -4.81455e-11 -8.06446e-09 -0.00852747 -5.78992e-05 -1.67414e-06 3.51027e-09 5.7898e-05 -0.00845608 0.00326564 3.59617e-08 -0.000195407 0.00326566 0.991025 -9.40454e-07 3.85763e-07 -5.59508e-09 -9.37186e-07 -0.990993 -0.00672857 -0.000194555 4.07935e-07 0.00672844 -0.982697
176 0.00382481 0.00862051 2.21973e-05 2.44399e-10 -1.68445e-06 2.21974e-05 0.0085436 -8.16055e-09 2.63024e-09 -3.78626e-11 -8.14298e-09 -0.00854343 -4.58181e-05 -1.67742e-06 2.78093e-09 4.58172e-05 -0.00847114 0.00257494 2.83509e-08 -0.0001954 0.00257495 0.991078 -9.46644e-07 3.05114e-07 -4.39215e-09 -9.44605e-07 -0.991059 -0.00531501 -0.000194585 3.22595e-07 0.0053149 -0.982673
176.5 0.00334735 0.00863425 1.69909e-05 1.87046e-10 -1.68708e-06 1.6991e-05 0.00855763 -8.22169e-09 2.01881e-09 -2.88663e-11 -8.21138e-09 -0.00855753 -3.51272e-05 -1.68032e-06 2.13415e-09 3.51265e-05 -0.00848444 0.00196784 2.16633e-08 -0.000195393 0.00196786 0.991125 -9.52218e-07 2.33815e-07 -3.34323e-09 -9.51024e-07 -0.991114 -0.00406835 -0.000194611 2.47173e-07 0.00406827 -0.982648
177 0.00286963 0.00864619 1.24806e-05 1.37374e-10 -1.68936e-06 1.24806e-05 0.0085698 -8.27556e-09 1.48642e-09 -2.1129e-11 -8.26999e-09 -0.00856975 -2.58381e-05 -1.68284e-06 1.57113e-09 2.58376e-05 -0.00849597 0.00144348 1.58884e-08 -0.000195388 0.00144349 0.991166 -9.57134e-07 1.71917e-07 -2.44374e-09 -9.5649e-07 -0.991159 -0.00298838 -0.000194634 1.81714e-07 0.00298832 -0.982626
177.5 0.00239169 0.0086563 8.66558e-06 9.53705e-11 -1.69129e-06 8.66563e-06 0.00858012 -8.32179e-09 1.03413e-09 -1.46261e-11 -8.3191e-09 -0.0085801 -1.7961e-05 -1.68497e-06 1.09294e-09 1.79606e-05 -0.00850573 0.00100107 1.10175e-08 -0.000195383 0.00100108 0.9912 -9.61356e-07 1.19465e-07 -1.68964e-09 -9.61046e-07 -0.991197 -0.00207491 -0.000194652 1.2626e-07 0.00207486 -0.982605
178 0.00191357 0.00866459 5.54519e-06 6.1022e-11 -1.69288e-06 5.54522e-06 0.00858858 -8.36005e-09 6.62832e-10 -9.33591e-12 -8.35895e-09 -0.00858857 -1.15044e-05 -1.68672e-06 7.00465e-10 1.15042e-05 -0.00851372 0.000639983 7.04269e-09 -0.000195379 0.000639987 0.991228 -9.64852e-07 7.6499e-08 -1.07748e-09 -9.64725e-07 -0.991226 -0.00132775 -0.000194668 8.08422e-08 0.00132772 -0.982588
178.5 0.00143531 0.00867104 3.11883e-06 3.43182e-11 -1.69411e-06 3.11885e-06 0.00859516 -8.39008e-09 3.73277e-10 -5.24054e-12 -8.38973e-09 -0.00859516 -6.47533e-06 -1.68808e-06 3.94442e-10 6.4752e-06 -0.00851993 0.000359683 3.95779e-09 -0.000195376 0.000359685 0.991249 -9.67598e-07 4.30487e-08 -6.04373e-10 -9.67558e-07 -0.991249 -0.000746776 -0.00019468 4.54896e-08 0.000746761 -0.982573
179 0.000956932 0.00867565 1.38604e-06 1.52504e-11 -1.69499e-06 1.38604e-06 0.00859987 -8.41168e-09 1.66039e-10 -2.32564e-12 -8.41161e-09 -0.00859987 -2.87922e-06 -1.68905e-06 1.75444e-10 2.87917e-06 -0.00852437 0.000159762 1.75784e-09 -0.000195374 0.000159763 0.991265 -9.69573e-07 1.91385e-08 -2.68066e-10 -9.69565e-07 -0.991265 -0.000331874 -0.000194688 2.02226e-08 0.000331867 -0.982563
179.5 0.000478484 0.00867842 3.46493e-07 3.81227e-12 -1.69552e-06 3.46495e-07 0.00860269 -8.4247e-09 4.15304e-11 -5.80886e-13 -8.42469e-09 -0.00860269 -7.20001e-07 -1.68963e-06 4.38816e-11 7.19987e-07 -0.00852704 3.99258e-05 4.39281e-10 -0.000195372 3.9926e-05 0.991274 -9.70764e-07 4.78547e-09 -6.69345e-11 -9.70763e-07 -0.991274 -8.29645e-05 -0.000194694 5.0564e-09 8.29628e-05 -0.982556
180 5.98114e-05 0.00867934 0 0 -1.6957e-06 0 0.00860364 -8.42905e-09 0 0 -8.42905e-09 -0.00860364 0 -1.68983e-06 0 0 -0.00852793 0 0 -0.000195372 0 0.991277 -9.71161e-07 0 0 -9.71161e-07 -0.991277 0 -0.000194695 0 0 -0.982554
