theta 2pi*dcos S11 S12 S13 S14 S21 S22 S23 S24 S31 S32 S33 S34 S41 S42 S43 S44 S12_norm S13_norm S14_norm S21_norm S22_norm S23_norm S24_norm S31_norm S32_norm S33_norm S34_norm S41_norm S42_norm S43_norm S44_norm
0 2.39246e-06 61.46 2.9884e-16 5.81773e-17 0.101111 3.14884e-16 61.3369 -0.188599 -5.77124e-17 6.4862e-17 0.188599 61.3369 9.28654e-17 0.10111 6.39181e-17 -1.07949e-16 61.263 4.86235e-18 9.46589e-19 0.00164515 5.12339e-18 0.997998 -0.00306865 -9.39025e-19 1.05535e-18 0.00306865 0.997998 1.51099e-18 0.00164513 1.04e-18 -1.75641e-18 0.996796
0.1 1.91397e-05 61.4561 -0.000128829 -5.29572e-07 0.101102 -0.00012878 61.3331 -0.188583 -8.72938e-07 -5.76437e-07 0.188583 61.3331 0.000212862 0.101101 -4.0804e-07 -0.000213103 61.2592 -2.09628e-06 -8.61708e-09 0.00164511 -2.09548e-06 0.997998 -0.00306858 -1.42042e-08 -9.37966e-09 0.00306858 0.997998 3.46365e-06 0.00164509 -6.63953e-09 -3.46757e-06 0.996796
0.2 3.82793e-05 61.4446 -0.000515229 -2.11777e-06 0.101076 -0.000515031 61.3215 -0.188535 -3.49093e-06 -2.30515e-06 0.188535 61.3215 0.000851307 0.101074 -1.63188e-06 -0.00085227 61.2477 -8.38527e-06 -3.44663e-08 0.001645 -8.38205e-06 0.997998 -0.00306837 -5.68144e-08 -3.7516e-08 0.00306837 0.997998 1.38549e-05 0.00164496 -2.65585e-08 -1.38706e-05 0.996796
0.3 5.74188e-05 61.4253 -0.00115893 -4.76303e-06 0.101033 -0.00115849 61.3023 -0.188454 -7.85154e-06 -5.18435e-06 0.188454 61.3023 0.0019149 0.101029 -3.67066e-06 -0.00191707 61.2285 -1.88673e-05 -7.75418e-08 0.00164481 -1.88601e-05 0.997998 -0.00306802 -1.27823e-07 -8.44009e-08 0.00306802 0.997998 3.11745e-05 0.00164475 -5.97581e-08 -3.12098e-05 0.996796
0.4 7.65581e-05 61.3983 -0.00205949 -8.46276e-06 0.100973 -0.0020587 61.2754 -0.188341 -1.39507e-05 -9.21105e-06 0.188341 61.2754 0.00340293 0.100966 -6.52297e-06 -0.00340679 61.2016 -3.35431e-05 -1.37834e-07 0.00164455 -3.35303e-05 0.997997 -0.00306753 -2.27216e-07 -1.50021e-07 0.00306753 0.997997 5.54239e-05 0.00164445 -1.0624e-07 -5.54866e-05 0.996796
0.5 9.56972e-05 61.3637 -0.00321629 -1.32133e-05 0.100895 -0.00321506 61.2408 -0.188196 -2.17826e-05 -1.43811e-05 0.188196 61.2408 0.0053144 0.100886 -1.01868e-05 -0.00532042 61.1671 -5.24136e-05 -2.15328e-07 0.00164421 -5.23935e-05 0.997997 -0.00306689 -3.54976e-07 -2.34358e-07 0.00306689 0.997997 8.66049e-05 0.00164406 -1.66007e-07 -8.6703e-05 0.996796
0.6 0.000114836 61.3214 -0.00462853 -1.901e-05 0.1008 -0.00462676 61.1985 -0.188019 -3.13401e-05 -2.06891e-05 0.188019 61.1985 0.00764801 0.100787 -1.46597e-05 -0.00765667 61.1249 -7.54799e-05 -3.10006e-07 0.0016438 -7.5451e-05 0.997997 -0.00306612 -5.1108e-07 -3.37387e-07 0.00306612 0.997997 0.00012472 0.00164359 -2.39063e-07 -0.000124861 0.996795
0.7 0.000133974 61.2714 -0.00629524 -2.58472e-05 0.100689 -0.00629283 61.1487 -0.18781 -4.26141e-05 -2.81285e-05 0.18781 61.1487 0.0104022 0.100671 -1.99384e-05 -0.010414 61.0751 -0.000102743 -4.21848e-07 0.00164332 -0.000102704 0.997996 -0.00306521 -6.95498e-07 -4.5908e-07 0.00306521 0.997996 0.000169772 0.00164304 -3.25412e-07 -0.000169965 0.996795
0.8 0.000153112 61.2138 -0.00821526 -3.37181e-05 0.10056 -0.00821212 61.0911 -0.187568 -5.55942e-05 -3.66916e-05 0.187568 61.0911 0.0135751 0.100537 -2.60194e-05 -0.0135905 61.0176 -0.000134206 -5.50826e-07 0.00164276 -0.000134155 0.997996 -0.00306415 -9.08197e-07 -5.99401e-07 0.00306415 0.997996 0.000221766 0.0016424 -4.25058e-07 -0.000222017 0.996795
0.9 0.00017225 61.1486 -0.0103873 -4.26151e-05 0.100414 -0.0103833 61.026 -0.187295 -7.02681e-05 -4.63696e-05 0.187295 61.026 0.0171646 0.100386 -3.28984e-05 -0.0171841 60.9526 -0.000169869 -6.9691e-07 0.00164213 -0.000169804 0.997995 -0.00306295 -1.14914e-06 -7.5831e-07 0.00306295 0.997995 0.000280703 0.00164167 -5.38008e-07 -0.000281021 0.996795
1 0.000191387 61.0758 -0.0128098 -5.25294e-05 0.100251 -0.0128049 60.9533 -0.186991 -8.66222e-05 -5.71524e-05 0.186991 60.9533 0.0211683 0.100217 -4.05707e-05 -0.0211923 60.88 -0.000209736 -8.60068e-07 0.00164142 -0.000209656 0.997994 -0.00306162 -1.41827e-06 -9.35762e-07 0.00306162 0.997994 0.000346591 0.00164086 -6.64268e-07 -0.000346983 0.996795
1.1 0.000210523 60.9954 -0.0154811 -6.34512e-05 0.100071 -0.0154752 60.873 -0.186654 -0.000104641 -6.90289e-05 0.186654 60.873 0.0255835 0.10003 -4.90308e-05 -0.0256124 60.7999 -0.000253808 -1.04026e-06 0.00164064 -0.000253711 0.997994 -0.00306014 -1.71556e-06 -1.13171e-06 0.00306014 0.997994 0.000419433 0.00163996 -8.03844e-07 -0.000419907 0.996794
1.2 0.000229659 60.9075 -0.0183995 -7.53698e-05 0.0998749 -0.0183924 60.7853 -0.186287 -0.000124308 -8.19867e-05 0.186287 60.7853 0.0304072 0.0998264 -5.8273e-05 -0.0304416 60.7122 -0.000302088 -1.23745e-06 0.00163978 -0.000301973 0.997993 -0.00305852 -2.04093e-06 -1.34609e-06 0.00305852 0.997993 0.000499235 0.00163898 -9.56746e-07 -0.0004998 0.996794
1.3 0.000248794 60.8121 -0.0215628 -8.82736e-05 0.0996617 -0.0215546 60.69 -0.185888 -0.000145605 -9.60125e-05 0.185888 60.69 0.0356361 0.0996051 -6.82909e-05 -0.0356765 60.6171 -0.00035458 -1.45158e-06 0.00163885 -0.000354445 0.997992 -0.00305676 -2.39434e-06 -1.57884e-06 0.00305675 0.997992 0.000586004 0.00163792 -1.12298e-06 -0.000586667 0.996794
1.4 0.000267929 60.7092 -0.0249689 -0.00010215 0.0994319 -0.0249594 60.5872 -0.185458 -0.000168511 -0.000111092 0.185457 60.5872 0.0412668 0.0993666 -7.90774e-05 -0.0413136 60.5145 -0.000411287 -1.68261e-06 0.00163784 -0.00041113 0.997991 -0.00305485 -2.77571e-06 -1.8299e-06 0.00305485 0.997991 0.000679746 0.00163676 -1.30256e-06 -0.000680516 0.996793
1.5 0.000287062 60.5989 -0.0286155 -0.000116985 0.0991857 -0.0286046 60.4771 -0.184997 -0.000193006 -0.000127209 0.184997 60.4771 0.0472956 0.0991111 -9.06252e-05 -0.0473491 60.4045 -0.000472211 -1.93048e-06 0.00163676 -0.000472032 0.99799 -0.00305281 -3.18497e-06 -2.09919e-06 0.0030528 0.99799 0.000780469 0.00163553 -1.49549e-06 -0.000781353 0.996793
1.6 0.000306195 60.4812 -0.0325 -0.000132765 0.0989231 -0.0324877 60.3596 -0.184505 -0.000219066 -0.000144347 0.184505 60.3595 0.0537182 0.0988386 -0.000102926 -0.053779 60.2872 -0.000537357 -2.19514e-06 0.0016356 -0.000537153 0.997989 -0.00305062 -3.62205e-06 -2.38664e-06 0.00305062 0.997988 0.000888181 0.0016342 -1.70179e-06 -0.000889186 0.996792
1.7 0.000325327 60.3561 -0.0366198 -0.000149473 0.0986442 -0.036606 60.2347 -0.183983 -0.000246667 -0.000162488 0.183983 60.2346 0.0605305 0.0985493 -0.000115972 -0.060599 60.1625 -0.000606729 -2.47652e-06 0.00163437 -0.000606499 0.997988 -0.0030483 -4.08686e-06 -2.69216e-06 0.00304829 0.997987 0.00100289 0.0016328 -1.92146e-06 -0.00100402 0.996792
1.8 0.000344457 60.2238 -0.0409721 -0.000167094 0.0983491 -0.0409566 60.1025 -0.183431 -0.000275783 -0.000181614 0.18343 60.1025 0.0677279 0.0982432 -0.000129753 -0.0678046 60.0305 -0.000680331 -2.77455e-06 0.00163306 -0.000680074 0.997986 -0.00304582 -4.57931e-06 -3.01566e-06 0.00304581 0.997986 0.0011246 0.0016313 -2.15452e-06 -0.00112588 0.996791
1.9 0.000363587 60.0842 -0.0455539 -0.00018561 0.0980381 -0.0455367 59.9631 -0.182849 -0.000306388 -0.000201706 0.182848 59.963 0.0753055 0.0979207 -0.000144261 -0.0753908 59.8913 -0.000758168 -3.08917e-06 0.00163168 -0.000757882 0.997985 -0.00304321 -5.09931e-06 -3.35705e-06 0.0030432 0.997984 0.00125333 0.00162973 -2.40098e-06 -0.00125475 0.99679
2 0.000382716 59.9373 -0.050362 -0.000205003 0.0977112 -0.050343 59.8165 -0.182237 -0.000338452 -0.000222741 0.182236 59.8164 0.0832583 0.0975817 -0.000159485 -0.0833526 59.7449 -0.000840244 -3.42029e-06 0.00163022 -0.000839928 0.997984 -0.00304046 -5.64676e-06 -3.71623e-06 0.00304044 0.997982 0.00138909 0.00162806 -2.66086e-06 -0.00139066 0.996789
2.1 0.000401843 59.7834 -0.0553932 -0.000225255 0.0973687 -0.0553723 59.6627 -0.181596 -0.000371945 -0.000244698 0.181594 59.6626 0.0915809 0.0972265 -0.000175414 -0.0916847 59.5914 -0.000926565 -3.76785e-06 0.00162869 -0.000926216 0.997982 -0.00303756 -6.22155e-06 -4.09308e-06 0.00303754 0.997981 0.00153188 0.00162631 -2.93417e-06 -0.00153361 0.996789
2.2 0.000420969 59.6223 -0.060644 -0.000246345 0.0970105 -0.0606212 59.5019 -0.180925 -0.000406837 -0.000267556 0.180923 59.5018 0.100268 0.0968553 -0.000192039 -0.100381 59.4308 -0.00101714 -4.13175e-06 0.00162708 -0.00101675 0.997981 -0.00303452 -6.82357e-06 -4.48751e-06 0.00303449 0.997979 0.00168172 0.00162448 -3.22092e-06 -0.00168362 0.996788
2.3 0.000440094 59.4542 -0.0661107 -0.000268252 0.096637 -0.066086 59.334 -0.180226 -0.000443094 -0.000291289 0.180224 59.3339 0.109313 0.0964681 -0.000209346 -0.109437 59.2631 -0.00111196 -4.51192e-06 0.0016254 -0.00111154 0.997979 -0.00303134 -7.45269e-06 -4.89939e-06 0.0030313 0.997977 0.00183861 0.00162256 -3.52113e-06 -0.0018407 0.996787
2.4 0.000459218 59.2791 -0.0717898 -0.000290956 0.0962482 -0.071763 59.1592 -0.179498 -0.000480683 -0.000315874 0.179495 59.159 0.118711 0.0960653 -0.000227325 -0.118846 59.0886 -0.00121105 -4.90825e-06 0.00162364 -0.00121059 0.997977 -0.00302801 -8.10881e-06 -5.32859e-06 0.00302797 0.997974 0.00200258 0.00162056 -3.83482e-06 -0.00200485 0.996785
2.5 0.00047834 59.0971 -0.0776773 -0.000314435 0.0958443 -0.0776483 58.9775 -0.178741 -0.000519568 -0.000341286 0.178739 58.9773 0.128455 0.0956469 -0.000245962 -0.128601 58.9071 -0.0013144 -5.32064e-06 0.00162181 -0.00131391 0.997975 -0.00302454 -8.79177e-06 -5.775e-06 0.00302449 0.997972 0.00217363 0.00161847 -4.162e-06 -0.00217609 0.996784
2.6 0.000497461 58.9083 -0.0837693 -0.000338664 0.0954256 -0.0837381 58.7889 -0.177957 -0.000559714 -0.000367497 0.177954 58.7887 0.138539 0.0952133 -0.000265246 -0.138696 58.7188 -0.00142203 -5.74901e-06 0.0016199 -0.0014215 0.997973 -0.00302092 -9.50146e-06 -6.23846e-06 0.00302087 0.997969 0.00235178 0.0016163 -4.5027e-06 -0.00235444 0.996783
2.7 0.00051658 58.7127 -0.0900614 -0.000363622 0.0949922 -0.090028 58.5935 -0.177146 -0.000601083 -0.000394482 0.177142 58.5933 0.148956 0.0947645 -0.000285163 -0.149125 58.5237 -0.00153394 -6.19324e-06 0.00161792 -0.00153337 0.997971 -0.00301717 -1.02377e-05 -6.71886e-06 0.0030171 0.997967 0.00253703 0.00161404 -4.85692e-06 -0.00253991 0.996781
2.8 0.000535698 58.5103 -0.0965496 -0.000389282 0.0945444 -0.0965138 58.3915 -0.176307 -0.000643636 -0.000422212 0.176303 58.3912 0.159699 0.0943009 -0.000305699 -0.15988 58.3219 -0.00165013 -6.65322e-06 0.00161586 -0.00164952 0.997969 -0.00301326 -1.10004e-05 -7.21603e-06 0.00301319 0.997964 0.00272941 0.0016117 -5.2247e-06 -0.00273251 0.99678
2.9 0.000554814 58.3014 -0.103229 -0.000415621 0.0940822 -0.103191 58.1828 -0.175441 -0.000687334 -0.000450659 0.175436 58.1825 0.170761 0.0938225 -0.00032684 -0.170954 58.1135 -0.00177062 -7.12885e-06 0.00161372 -0.00176996 0.997967 -0.00300922 -1.17893e-05 -7.72982e-06 0.00300913 0.997961 0.00292893 0.00160927 -5.60604e-06 -0.00293225 0.996778
3 0.000573928 58.0858 -0.110096 -0.000442613 0.0936059 -0.110056 57.9676 -0.174549 -0.000732135 -0.000479793 0.174543 57.9672 0.182134 0.0933297 -0.000348571 -0.18234 57.8985 -0.00189541 -7.61999e-06 0.00161151 -0.00189471 0.997965 -0.00300502 -1.26044e-05 -8.26008e-06 0.00300492 0.997958 0.0031356 0.00160676 -6.00097e-06 -0.00313916 0.996776
3.1 0.00059304 57.8638 -0.117145 -0.000470232 0.0931157 -0.117102 57.7459 -0.173631 -0.000777998 -0.000509585 0.173625 57.7454 0.193812 0.0928227 -0.000370879 -0.194031 57.6771 -0.0020245 -8.12652e-06 0.00160922 -0.00202376 0.997962 -0.00300069 -1.34453e-05 -8.80663e-06 0.00300057 0.997954 0.00334944 0.00160416 -6.40952e-06 -0.00335324 0.996774
3.2 0.000612151 57.6354 -0.124372 -0.00049845 0.0926119 -0.124327 57.5178 -0.172687 -0.00082488 -0.000540004 0.17268 57.5173 0.205785 0.0923017 -0.000393747 -0.206018 57.4493 -0.00215792 -8.64833e-06 0.00160686 -0.00215712 0.99796 -0.0029962 -1.4312e-05 -9.36932e-06 0.00299607 0.997951 0.00357047 0.00160148 -6.8317e-06 -0.00357451 0.996771
3.3 0.00063126 57.4006 -0.131772 -0.00052724 0.0920946 -0.131724 57.2833 -0.171718 -0.000872737 -0.000571019 0.17171 57.2828 0.218047 0.0917669 -0.000417161 -0.218294 57.2152 -0.00229565 -9.18527e-06 0.00160442 -0.00229481 0.997957 -0.00299157 -1.52043e-05 -9.94796e-06 0.00299143 0.997947 0.00379869 0.00159871 -7.26753e-06 -0.003803 0.996769
3.4 0.000650367 57.1596 -0.139339 -0.000556575 0.0915641 -0.139288 57.0427 -0.170724 -0.000921526 -0.000602598 0.170715 57.042 0.23059 0.0912187 -0.000441103 -0.230851 56.9748 -0.00243772 -9.7372e-06 0.0016019 -0.00243683 0.997954 -0.0029868 -1.6122e-05 -1.05424e-05 0.00298664 0.997943 0.00403414 0.00159586 -7.71704e-06 -0.00403871 0.996766
3.5 0.000669472 56.9125 -0.147069 -0.000586426 0.0910206 -0.147016 56.7959 -0.169706 -0.000971199 -0.000634709 0.169696 56.7952 0.243404 0.0906571 -0.000465558 -0.24368 56.7283 -0.00258413 -1.0304e-05 0.00159931 -0.00258319 0.997951 -0.00298188 -1.70648e-05 -1.11524e-05 0.00298169 0.997939 0.00427682 0.00159292 -8.18025e-06 -0.00428166 0.996764
3.6 0.000688575 56.6592 -0.154957 -0.000616763 0.0904643 -0.154901 56.543 -0.168664 -0.00102171 -0.000667318 0.168652 56.5422 0.256482 0.0900826 -0.00049051 -0.256773 56.4757 -0.00273489 -1.08855e-05 0.00159664 -0.0027339 0.997948 -0.00297681 -1.80326e-05 -1.17777e-05 0.0029766 0.997934 0.00452675 0.0015899 -8.65719e-06 -0.00453188 0.996761
3.7 0.000707676 56.4 -0.162997 -0.000647559 0.0898956 -0.162938 56.2841 -0.167598 -0.00107302 -0.000700393 0.167585 56.2832 0.269815 0.0894954 -0.00051594 -0.270121 56.2171 -0.00289001 -1.14815e-05 0.00159389 -0.00288897 0.997945 -0.00297159 -1.90251e-05 -1.24183e-05 0.00297137 0.997929 0.00478396 0.0015868 -9.14787e-06 -0.00478938 0.996757
3.8 0.000726775 56.1349 -0.171183 -0.000678782 0.0893145 -0.171122 56.0194 -0.166509 -0.00112506 -0.000733899 0.166495 56.0184 0.283395 0.0888956 -0.000541833 -0.283716 55.9527 -0.00304949 -1.2092e-05 0.00159107 -0.0030484 0.997942 -0.00296623 -2.00421e-05 -1.30738e-05 0.00296598 0.997924 0.00504845 0.00158361 -9.65233e-06 -0.00505417 0.996754
3.9 0.000745871 55.864 -0.179511 -0.000710403 0.0887215 -0.179447 55.7489 -0.165398 -0.00117781 -0.000767803 0.165382 55.7478 0.297211 0.0882837 -0.00056817 -0.297548 55.6825 -0.00321336 -1.27166e-05 0.00158817 -0.00321221 0.997939 -0.00296072 -2.10835e-05 -1.37441e-05 0.00296044 0.997919 0.00532026 0.00158033 -1.01706e-05 -0.00532629 0.99675
4 0.000764965 55.5874 -0.187975 -0.000742391 0.0881166 -0.187908 55.4727 -0.164264 -0.0012312 -0.000802069 0.164247 55.4714 0.311256 0.0876599 -0.000594935 -0.311609 55.4065 -0.0033816 -1.33554e-05 0.00158519 -0.0033804 0.997935 -0.00295506 -2.21488e-05 -1.4429e-05 0.00295475 0.997913 0.0055994 0.00157697 -1.07027e-05 -0.00560574 0.996746
4.1 0.000784057 55.3052 -0.196569 -0.000774716 0.0875003 -0.196499 55.1908 -0.163109 -0.00128518 -0.000836663 0.16309 55.1895 0.32552 0.0870244 -0.000622107 -0.325889 55.125 -0.00355425 -1.4008e-05 0.00158213 -0.00355299 0.997932 -0.00294925 -2.3238e-05 -1.51281e-05 0.00294891 0.997907 0.00588588 0.00157353 -1.12486e-05 -0.00589255 0.996742
4.2 0.000803147 55.0175 -0.205287 -0.000807345 0.0868727 -0.205214 54.9035 -0.161933 -0.00133972 -0.00087155 0.161912 54.902 0.339994 0.0863776 -0.000649671 -0.340379 54.838 -0.0037313 -1.46743e-05 0.001579 -0.00372998 0.997928 -0.00294329 -2.43507e-05 -1.58413e-05 0.00294292 0.997901 0.00617974 0.00157 -1.18084e-05 -0.00618674 0.996737
4.3 0.000822234 54.7244 -0.214124 -0.000840249 0.0862342 -0.214048 54.6107 -0.160736 -0.00139474 -0.000906693 0.160713 54.6091 0.354667 0.0857197 -0.000677606 -0.355069 54.5455 -0.00391277 -1.53542e-05 0.00157579 -0.00391139 0.997924 -0.00293719 -2.54867e-05 -1.65684e-05 0.00293677 0.997895 0.00648098 0.00156639 -1.23822e-05 -0.00648832 0.996732
4.4 0.000841318 54.4259 -0.223073 -0.000873395 0.0855849 -0.222995 54.3127 -0.159518 -0.00145022 -0.000942058 0.159494 54.3109 0.369532 0.0850511 -0.000705895 -0.369951 54.2478 -0.00409866 -1.60474e-05 0.0015725 -0.00409722 0.99792 -0.00293093 -2.66457e-05 -1.7309e-05 0.00293048 0.997888 0.00678964 0.00156269 -1.29698e-05 -0.00679733 0.996727
4.5 0.0008604 54.1223 -0.23213 -0.00090675 0.0849252 -0.232049 54.0094 -0.158282 -0.00150608 -0.000977608 0.158255 54.0075 0.384578 0.0843719 -0.000734518 -0.385014 53.9448 -0.00428899 -1.67537e-05 0.00156914 -0.00428749 0.997916 -0.00292452 -2.78274e-05 -1.8063e-05 0.00292403 0.997881 0.00710573 0.00155891 -1.35715e-05 -0.00711378 0.996721
4.6 0.00087948 53.8135 -0.241287 -0.000940285 0.0842553 -0.241203 53.7011 -0.157026 -0.00156229 -0.00101331 0.156997 53.699 0.399795 0.0836826 -0.000763456 -0.400248 53.6367 -0.00448377 -1.7473e-05 0.00156569 -0.00448221 0.997911 -0.00291796 -2.90315e-05 -1.883e-05 0.00291742 0.997873 0.00742927 0.00155505 -1.41871e-05 -0.00743769 0.996715
4.7 0.000898556 53.4997 -0.25054 -0.000973965 0.0835755 -0.250453 53.3877 -0.155751 -0.00161878 -0.00104912 0.15572 53.3855 0.415174 0.0829834 -0.00079269 -0.415644 53.3237 -0.00468301 -1.8205e-05 0.00156217 -0.00468138 0.997907 -0.00291125 -3.02577e-05 -1.96098e-05 0.00291067 0.997865 0.0077603 0.0015511 -1.48167e-05 -0.00776909 0.996709
4.8 0.00091763 53.1811 -0.259881 -0.00100776 0.0828861 -0.259791 53.0695 -0.154459 -0.00167551 -0.00108501 0.154425 53.0671 0.430704 0.0822747 -0.000822201 -0.431192 53.0057 -0.00488671 -1.89496e-05 0.00155856 -0.00488503 0.997902 -0.00290439 -3.15057e-05 -2.04022e-05 0.00290375 0.997857 0.00809882 0.00154707 -1.54604e-05 -0.00810799 0.996702
4.9 0.000936701 52.8576 -0.269304 -0.00104163 0.0821874 -0.269212 52.7465 -0.153148 -0.00173242 -0.00112094 0.153112 52.7439 0.446376 0.0815566 -0.000851969 -0.446881 52.683 -0.0050949 -1.97064e-05 0.00155488 -0.00509315 0.997897 -0.00289738 -3.27752e-05 -2.12068e-05 0.00289669 0.997848 0.00844487 0.00154295 -1.61182e-05 -0.00845443 0.996695
5 0.00095577 52.5295 -0.278805 -0.00107556 0.0814796 -0.27871 52.4188 -0.151821 -0.00178946 -0.00115687 0.151782 52.416 0.462179 0.0808297 -0.000881974 -0.462702 52.3555 -0.00530758 -2.04753e-05 0.00155112 -0.00530577 0.997893 -0.00289021 -3.40658e-05 -2.20233e-05 0.00288946 0.997839 0.00879846 0.00153875 -1.67901e-05 -0.00880842 0.996688
5.1 0.000974835 52.1968 -0.288375 -0.0011095 0.0807631 -0.288278 52.0866 -0.150478 -0.00184658 -0.00119278 0.150435 52.0835 0.478103 0.080094 -0.000912197 -0.478645 52.0235 -0.00552477 -2.12561e-05 0.00154728 -0.00552289 0.997887 -0.00288289 -3.53772e-05 -2.28515e-05 0.00288208 0.997829 0.00915963 0.00153446 -1.74761e-05 -0.00917 0.99668
5.2 0.000993897 51.8597 -0.29801 -0.00114343 0.0800382 -0.29791 51.7498 -0.149118 -0.00190372 -0.00122861 0.149073 51.7466 0.494139 0.0793501 -0.000942617 -0.494698 51.6871 -0.00574647 -2.20485e-05 0.00154336 -0.00574453 0.997882 -0.00287541 -3.6709e-05 -2.3691e-05 0.00287454 0.997819 0.00952838 0.00153009 -1.81763e-05 -0.00953917 0.996672
5.3 0.00101296 51.5182 -0.307703 -0.0011773 0.0793051 -0.3076 51.4088 -0.147743 -0.00196083 -0.00126434 0.147695 51.4053 0.510275 0.0785981 -0.000973215 -0.510853 51.3463 -0.00597271 -2.28522e-05 0.00153936 -0.0059707 0.997877 -0.00286779 -3.80609e-05 -2.45416e-05 0.00286685 0.997808 0.00990476 0.00152564 -1.88907e-05 -0.00991597 0.996663
5.4 0.00103201 51.1725 -0.317447 -0.0012111 0.0785641 -0.317341 51.0635 -0.146353 -0.00201786 -0.00129993 0.146302 51.0598 0.526502 0.0778384 -0.00100397 -0.527098 51.0012 -0.00620348 -2.3667e-05 0.00153528 -0.00620141 0.997871 -0.00286 -3.94325e-05 -2.54029e-05 0.00285899 0.997797 0.0102888 0.0015211 -1.96194e-05 -0.0103004 0.996653
5.5 0.00105107 50.8226 -0.327237 -0.00124479 0.0778155 -0.327128 50.7141 -0.144949 -0.00207475 -0.00133534 0.144894 50.7101 0.54281 0.0770713 -0.00103486 -0.543424 50.6521 -0.0064388 -2.44927e-05 0.00153112 -0.00643667 0.997865 -0.00285206 -4.08233e-05 -2.62745e-05 0.00285098 0.997786 0.0106805 0.00151648 -2.03623e-05 -0.0106926 0.996644
5.6 0.00107012 50.4688 -0.337066 -0.00127833 0.0770596 -0.336955 50.3608 -0.143532 -0.00213145 -0.00137054 0.143473 50.3564 0.559187 0.0762972 -0.00106588 -0.559819 50.2989 -0.0066787 -2.5329e-05 0.00152688 -0.00667649 0.997859 -0.00284397 -4.2233e-05 -2.71562e-05 0.0028428 0.997773 0.0110799 0.00151177 -2.11195e-05 -0.0110924 0.996633
5.7 0.00108916 50.1111 -0.346927 -0.00131169 0.0762968 -0.346814 50.0035 -0.142101 -0.00218791 -0.0014055 0.142038 49.9989 0.575624 0.0755164 -0.00109698 -0.576275 49.9418 -0.00692317 -2.61756e-05 0.00152255 -0.00692089 0.997853 -0.00283572 -4.36613e-05 -2.80476e-05 0.00283447 0.997761 0.011487 0.00150698 -2.1891e-05 -0.0114999 0.996622
5.8 0.00110821 49.7496 -0.356815 -0.00134485 0.0755272 -0.356699 49.6424 -0.140658 -0.00224408 -0.00144017 0.140591 49.6375 0.592109 0.0747291 -0.00112817 -0.592779 49.581 -0.00717223 -2.70323e-05 0.00151815 -0.00716989 0.997846 -0.00282731 -4.51075e-05 -2.89484e-05 0.00282597 0.997747 0.0119018 0.0015021 -2.2677e-05 -0.0119153 0.996611
5.9 0.00112725 49.3844 -0.366723 -0.00137776 0.0747513 -0.366605 49.2778 -0.139202 -0.0022999 -0.00147453 0.139132 49.2725 0.608634 0.0739357 -0.00115941 -0.609322 49.2165 -0.00742589 -2.78987e-05 0.00151366 -0.00742349 0.99784 -0.00281875 -4.65713e-05 -2.98581e-05 0.00281731 0.997734 0.0123244 0.00149714 -2.34773e-05 -0.0123383 0.996599
6 0.00172656 49.0158 -0.376646 -0.00141041 0.0739693 -0.376524 48.9095 -0.137735 -0.00235532 -0.00150853 0.13766 48.904 0.625187 0.0731365 -0.00119069 -0.625894 48.8484 -0.00768417 -2.87746e-05 0.00150909 -0.0076817 0.997833 -0.00281002 -4.80523e-05 -3.07765e-05 0.00280849 0.997719 0.0127548 0.0014921 -2.4292e-05 -0.0127692 0.996586
6.2 0.00236869 48.2683 -0.396506 -0.00147476 0.0723882 -0.396381 48.163 -0.13477 -0.00246476 -0.00157536 0.134686 48.1567 0.658337 0.0715221 -0.00125328 -0.65908 48.1022 -0.00821464 -3.05535e-05 0.0014997 -0.00821203 0.997818 -0.0027921 -5.10638e-05 -3.26376e-05 0.00279036 0.997688 0.0136391 0.00148176 -2.5965e-05 -0.0136545 0.996559
6.4 0.00244479 47.5081 -0.416348 -0.00153767 0.0707863 -0.416218 47.4037 -0.131765 -0.002572 -0.00164039 0.131672 47.3966 0.691476 0.0698885 -0.00131578 -0.692256 47.3431 -0.00876373 -3.23666e-05 0.00148999 -0.00876099 0.997803 -0.00277353 -5.41381e-05 -3.45286e-05 0.00277157 0.997655 0.0145549 0.00147109 -2.7696e-05 -0.0145713 0.996528
6.6 0.00252085 46.7361 -0.43612 -0.0015989 0.0691661 -0.435986 46.6326 -0.128726 -0.00267662 -0.00170335 0.128623 46.6248 0.724522 0.0682381 -0.00137804 -0.72534 46.5723 -0.00933155 -3.42111e-05 0.00147993 -0.00932868 0.997786 -0.00275432 -5.7271e-05 -3.64462e-05 0.00275211 0.997618 0.0155024 0.00146007 -2.94855e-05 -0.0155199 0.996495
6.8 0.00259689 45.9533 -0.455775 -0.0016582 0.0675299 -0.455637 45.8508 -0.125658 -0.00277825 -0.00176401 0.125544 45.8421 0.757395 0.0665736 -0.00143989 -0.758249 45.7906 -0.00991821 -3.60845e-05 0.00146953 -0.00991521 0.997769 -0.00273446 -6.04582e-05 -3.83871e-05 0.00273198 0.997579 0.0164818 0.00144872 -3.13337e-05 -0.0165004 0.996459
7 0.00267289 45.1607 -0.475263 -0.00171537 0.0658802 -0.475122 45.0591 -0.122564 -0.00287651 -0.00182213 0.122438 45.0494 0.790013 0.0648975 -0.00150118 -0.790903 44.999 -0.0105238 -3.79836e-05 0.00145879 -0.0105207 0.99775 -0.00271395 -6.36949e-05 -4.03477e-05 0.00271117 0.997536 0.0174934 0.00143703 -3.32408e-05 -0.0175131 0.996419
7.2 0.00274886 44.3592 -0.494538 -0.00177018 0.0642192 -0.494394 44.2585 -0.119449 -0.00297102 -0.00187748 0.119312 44.2479 0.822299 0.0632122 -0.00156176 -0.823224 44.1984 -0.0111485 -3.99056e-05 0.00144771 -0.0111452 0.99773 -0.00269278 -6.69763e-05 -4.23244e-05 0.00268968 0.99749 0.0185373 0.00142501 -3.52071e-05 -0.0185581 0.996376
7.4 0.0028248 43.5498 -0.513554 -0.00182243 0.0625493 -0.513406 43.4501 -0.116319 -0.00306143 -0.00192984 0.116169 43.4383 0.854173 0.0615203 -0.00162149 -0.855133 43.3899 -0.0117923 -4.1847e-05 0.00143627 -0.0117889 0.997709 -0.00267094 -7.02971e-05 -4.43134e-05 0.0026675 0.99744 0.0196137 0.00141264 -3.7233e-05 -0.0196357 0.996328
7.6 0.00290071 42.7335 -0.532263 -0.00187193 0.0608728 -0.532114 42.6346 -0.113176 -0.0031474 -0.00197902 0.113014 42.6217 0.88556 0.0598241 -0.00168022 -0.886554 42.5744 -0.0124554 -4.38047e-05 0.00142448 -0.0124519 0.997687 -0.00264842 -7.3652e-05 -4.63107e-05 0.00264461 0.997386 0.0207229 0.00139994 -3.93186e-05 -0.0207461 0.996277
7.8 0.00297657 41.9111 -0.550624 -0.00191848 0.0591921 -0.550473 41.8132 -0.110027 -0.00322862 -0.00202482 0.10985 41.7991 0.916387 0.0581261 -0.00173781 -0.917414 41.7527 -0.0131379 -4.5775e-05 0.00141232 -0.0131343 0.997663 -0.00262524 -7.7035e-05 -4.83122e-05 0.00262103 0.997327 0.021865 0.00138689 -4.14642e-05 -0.0218895 0.996221
8 0.00305241 41.0837 -0.568593 -0.00196192 0.0575092 -0.56844 40.9866 -0.106874 -0.00330478 -0.00206707 0.106683 40.9713 0.946581 0.0564285 -0.00179413 -0.94764 40.9259 -0.0138399 -4.77542e-05 0.00139981 -0.0138361 0.997637 -0.00260136 -8.04401e-05 -5.03136e-05 0.00259673 0.997265 0.0230403 0.0013735 -4.36702e-05 -0.0230661 0.99616
8.2 0.0031282 40.2522 -0.586128 -0.00200208 0.0558264 -0.585974 40.156 -0.103722 -0.00337558 -0.00210561 0.103517 40.1393 0.976072 0.0547338 -0.00184905 -0.977162 40.0949 -0.0145614 -4.97384e-05 0.00138692 -0.0145576 0.99761 -0.0025768 -8.38608e-05 -5.23106e-05 0.00257172 0.997197 0.0242489 0.00135977 -4.59368e-05 -0.024276 0.996094
8.4 0.00320396 39.4174 -0.60319 -0.0020388 0.0541459 -0.603036 39.3221 -0.100575 -0.00344076 -0.0021403 0.100356 39.3041 1.00479 0.053044 -0.00190245 -1.00591 39.2606 -0.0153026 -5.17233e-05 0.00137365 -0.0152987 0.997582 -0.00255155 -8.72903e-05 -5.42985e-05 0.00254598 0.997125 0.0254911 0.0013457 -4.82642e-05 -0.0255195 0.996023
8.6 0.00327968 38.5804 -0.61974 -0.00207195 0.0524698 -0.619587 38.4859 -0.0974384 -0.00350007 -0.00217102 0.0972038 38.4665 1.03268 0.0513613 -0.0019542 -1.03383 38.424 -0.0160636 -5.37048e-05 0.00136001 -0.0160596 0.997552 -0.00252559 -9.07215e-05 -5.62726e-05 0.00251951 0.997047 0.026767 0.00133128 -5.06527e-05 -0.0267967 0.995946
8.8 0.00335535 37.742 -0.635743 -0.0021014 0.0508 -0.63559 37.6484 -0.0943147 -0.00355328 -0.00219764 0.0940646 37.6274 1.05967 0.0496879 -0.0020042 -1.06085 37.5858 -0.0168445 -5.56782e-05 0.00134598 -0.0168404 0.997519 -0.00249893 -9.41467e-05 -5.8228e-05 0.00249231 0.996964 0.0280767 0.00131651 -5.31026e-05 -0.0281079 0.995863
9 0.00343099 36.9031 -0.651164 -0.00212704 0.0491385 -0.651012 36.8103 -0.0912081 -0.00360019 -0.00222008 0.0909423 36.7877 1.0857 0.0480257 -0.00205233 -1.08691 36.7471 -0.0176453 -5.76387e-05 0.00133156 -0.0176411 0.997485 -0.00247156 -9.75581e-05 -6.01597e-05 0.00246436 0.996875 0.0294204 0.0013014 -5.56141e-05 -0.029453 0.995774
9.2 0.00350659 36.0645 -0.66597 -0.00214877 0.0474874 -0.66582 35.9725 -0.0881224 -0.00364061 -0.00223825 0.0878407 35.9484 1.11073 0.0463768 -0.0020985 -1.11195 35.9086 -0.0184661 -5.95812e-05 0.00131673 -0.0184619 0.997449 -0.00244347 -0.000100947 -6.20623e-05 0.00243565 0.996779 0.0307983 0.00128594 -5.81875e-05 -0.0308323 0.995678
9.4 0.00358214 35.2272 -0.68013 -0.00216649 0.0458484 -0.679982 35.136 -0.0850612 -0.00367438 -0.0022521 0.0847634 35.1101 1.13468 0.044743 -0.00214262 -1.13593 35.0713 -0.019307 -6.15005e-05 0.00130151 -0.0193028 0.997411 -0.00241465 -0.000104305 -6.39306e-05 0.00240619 0.996677 0.0322105 0.00127013 -6.0823e-05 -0.032246 0.995575
9.6 0.00365765 34.3919 -0.693616 -0.00218014 0.0442233 -0.693471 34.3014 -0.082028 -0.00370136 -0.00226157 0.0817141 34.2739 1.15753 0.043126 -0.0021846 -1.1588 34.2359 -0.020168 -6.3391e-05 0.00128586 -0.0201638 0.99737 -0.0023851 -0.000107623 -6.57589e-05 0.00237597 0.996568 0.033657 0.00125396 -6.35208e-05 -0.033694 0.995464
9.8 0.00373311 33.5594 -0.706401 -0.00218964 0.0426139 -0.706259 33.4697 -0.0790261 -0.00372143 -0.00226666 0.0786961 33.4404 1.17921 0.0415277 -0.00222436 -1.1805 33.4032 -0.0210492 -6.52467e-05 0.0012698 -0.021045 0.997327 -0.00235481 -0.000110891 -6.75416e-05 0.00234498 0.996452 0.035138 0.00123744 -6.62813e-05 -0.0351765 0.995345
10 0.00380853 32.7306 -0.718461 -0.00219496 0.0410217 -0.718323 32.6417 -0.0760588 -0.00373451 -0.00226734 0.0757127 32.6104 1.19969 0.0399495 -0.00226184 -1.201 32.5741 -0.0219507 -6.70614e-05 0.00125331 -0.0219465 0.997281 -0.00232378 -0.000114098 -6.92726e-05 0.00231321 0.996328 0.0366536 0.00122055 -6.91046e-05 -0.0366935 0.995218
10.2 0.0038839 31.9062 -0.729773 -0.00219607 0.0394484 -0.72964 31.818 -0.0731291 -0.00374052 -0.00226362 0.0727671 31.7849 1.21894 0.0383932 -0.00229696 -1.22026 31.7493 -0.0228724 -6.88287e-05 0.00123639 -0.0228682 0.997233 -0.002292 -0.000117235 -7.09459e-05 0.00228065 0.996195 0.0382036 0.00120331 -7.19909e-05 -0.0382452 0.995081
10.4 0.00395923 31.087 -0.740318 -0.00219293 0.0378955 -0.74019 30.9994 -0.0702399 -0.00373943 -0.00225553 0.0698621 30.9643 1.2369 0.0368601 -0.00232968 -1.23824 30.9295 -0.0238144 -7.05417e-05 0.00121902 -0.0238103 0.997182 -0.00225946 -0.000120289 -7.25553e-05 0.00224731 0.996054 0.0397883 0.00118571 -7.49406e-05 -0.0398313 0.994935
10.6 0.0040345 30.2736 -0.750078 -0.00218554 0.0363644 -0.749955 30.1866 -0.0673939 -0.0037312 -0.0022431 0.0670007 30.1496 1.25355 0.0353517 -0.00235994 -1.2549 30.1156 -0.0247766 -7.2193e-05 0.00120119 -0.0247726 0.997127 -0.00222616 -0.000123249 -7.40943e-05 0.00221317 0.995905 0.0414075 0.00116774 -7.79537e-05 -0.0414521 0.99478
10.8 0.00410973 29.4667 -0.759037 -0.00217391 0.0348565 -0.75892 29.3804 -0.0645939 -0.00371586 -0.0022264 0.0641856 29.3414 1.26887 0.0338691 -0.00238771 -1.27023 29.308 -0.0257591 -7.37752e-05 0.00118291 -0.0257551 0.99707 -0.0021921 -0.000126103 -7.55565e-05 0.00217824 0.995745 0.0430612 0.0011494 -8.10306e-05 -0.0431073 0.994613
11 0.00418491 28.6671 -0.767181 -0.00215806 0.033373 -0.767071 28.5813 -0.0618423 -0.00369341 -0.0022055 0.0614193 28.5403 1.28283 0.0324137 -0.00241295 -1.2842 28.5076 -0.0267617 -7.52801e-05 0.00116416 -0.0267579 0.997009 -0.00215726 -0.000128838 -7.6935e-05 0.0021425 0.995576 0.0447492 0.00113069 -8.41714e-05 -0.0447969 0.994436
11.2 0.00426003 27.8753 -0.7745 -0.00213802 0.0319151 -0.774397 27.7901 -0.0591412 -0.00366393 -0.00218049 0.058704 27.7469 1.29541 0.0309864 -0.00243564 -1.29678 27.7149 -0.0277845 -7.66994e-05 0.00114492 -0.0277808 0.996945 -0.00212164 -0.00013144 -7.8223e-05 0.00210595 0.995396 0.0464715 0.00111161 -8.73764e-05 -0.0465208 0.994247
11.4 0.00433511 27.0919 -0.780985 -0.00211382 0.0304839 -0.78089 27.0073 -0.056493 -0.00362748 -0.00215146 0.0560422 26.962 1.30659 0.0295884 -0.00245577 -1.30796 26.9306 -0.0288272 -7.8024e-05 0.0011252 -0.0288237 0.996877 -0.00208523 -0.000133895 -7.94135e-05 0.00206859 0.995205 0.0482279 0.00109215 -9.06458e-05 -0.0482788 0.994046
11.6 0.00441013 26.3176 -0.786629 -0.00208553 0.0290805 -0.786543 26.2335 -0.0538994 -0.00358416 -0.00211854 0.0534357 26.1861 1.31636 0.0282205 -0.00247332 -1.31774 26.1552 -0.0298899 -7.92448e-05 0.00110499 -0.0298866 0.996805 -0.00204804 -0.000136189 -8.04992e-05 0.00203042 0.995003 0.0500182 0.00107231 -9.39798e-05 -0.0500706 0.993832
11.8 0.0044851 25.5528 -0.791429 -0.00205321 0.0277059 -0.791351 25.4692 -0.0513625 -0.00353409 -0.00208186 0.0508865 25.4196 1.32471 0.0268837 -0.0024883 -1.32609 25.3894 -0.0309723 -8.03517e-05 0.00108426 -0.0309692 0.996728 -0.00201005 -0.000138306 -8.14729e-05 0.00199143 0.994788 0.051842 0.00105208 -9.73787e-05 -0.0518959 0.993605
12 0.0139046 24.7981 -0.795381 -0.00201694 0.0263609 -0.795312 24.715 -0.0488837 -0.00347742 -0.00204156 0.0483963 24.6632 1.33163 0.0255786 -0.00250071 -1.33301 24.6335 -0.0320742 -8.13344e-05 0.00106302 -0.0320715 0.996648 -0.00197127 -0.000140229 -8.23271e-05 0.00195161 0.994561 0.053699 0.00103147 -0.000100843 -0.0537545 0.993363
13 0.0246683 21.1921 -0.802504 -0.00177974 0.020106 -0.802488 21.1109 -0.0374087 -0.00310141 -0.00179154 0.0368787 21.0483 1.34499 0.0195501 -0.00252498 -1.34632 21.0208 -0.037868 -8.39813e-05 0.00094875 -0.0378673 0.99617 -0.00176522 -0.000146347 -8.45381e-05 0.00174021 0.993215 0.0634666 0.000922519 -0.000119147 -0.0635294 0.991915
14 0.0265294 17.8988 -0.789296 -0.00146086 0.0146822 -0.789341 17.819 -0.0275425 -0.00259286 -0.00147837 0.0269996 17.7458 1.32404 0.0143823 -0.00249015 -1.32527 17.7197 -0.0440977 -8.16178e-05 0.000820287 -0.0441002 0.995539 -0.00153879 -0.000144862 -8.25958e-05 0.00150846 0.991452 0.0739736 0.000803533 -0.000139124 -0.0740426 0.989995
15 0.0283823 14.9493 -0.757625 -0.00107932 0.0101205 -0.757735 14.8702 -0.0193167 -0.00198905 -0.00112899 0.0187962 14.7875 1.27192 0.0100835 -0.00240432 -1.27302 14.7622 -0.0506798 -7.21987e-05 0.000676991 -0.0506871 0.99471 -0.00129215 -0.000133053 -7.55216e-05 0.00125733 0.989179 0.0850827 0.000674516 -0.000160832 -0.085156 0.987487
16 0.0302266 12.357 -0.710232 -0.000656973 0.00641585 -0.710404 12.2782 -0.0126815 -0.00133351 -0.000771313 0.0122207 12.1876 1.19339 0.00662531 -0.00227833 -1.19431 12.1625 -0.057476 -5.3166e-05 0.000519207 -0.05749 0.993625 -0.00102626 -0.000107916 -6.24191e-05 0.000988972 0.986289 0.0965762 0.000536159 -0.000184376 -0.0966507 0.984258
17 0.0320617 10.1199 -0.650436 -0.000216858 0.00353357 -0.650666 10.0411 -0.00752273 -0.000672046 -0.000431147 0.00715676 9.94455 1.0943 0.00395152 -0.00212452 -1.09503 9.91921 -0.0642727 -2.14288e-05 0.000349169 -0.0642954 0.992209 -0.000743357 -6.64081e-05 -4.26037e-05 0.000707193 0.982669 0.108133 0.000390468 -0.000209934 -0.108205 0.980165
18 0.0338871 8.22309 -0.581842 0.000218291 0.00141681 -0.582116 8.14392 -0.00368053 -4.87706e-05 -0.000129635 0.00343812 8.04389 0.981081 0.00198765 -0.00195542 -0.981605 8.01801 -0.0707571 2.65461e-05 0.000172296 -0.0707904 0.990372 -0.000447585 -5.93093e-06 -1.57647e-05 0.000418106 0.978207 0.119308 0.000241716 -0.000237796 -0.119372 0.97506
19 0.0357021 6.64156 -0.508055 0.000627158 -7.21805e-06 -0.508355 6.56191 -0.000968963 0.000497474 0.000118634 0.000868714 6.46097 0.860189 0.000648941 -0.00178256 -0.860522 6.4344 -0.0764964 9.44293e-05 -1.0868e-06 -0.0765415 0.988007 -0.000145894 7.49032e-05 1.78624e-05 0.0001308 0.97281 0.129516 9.77091e-05 -0.000268395 -0.129566 0.968809
20 0.0375062 5.34378 -0.432443 0.000990653 -0.000822006 -0.432745 5.26357 0.000805984 0.000936065 0.000306628 -0.000758554 5.16432 0.737641 -0.000153503 -0.00161549 -0.737807 5.13703 -0.0809244 0.000185384 -0.000153825 -0.0809811 0.98499 0.000150826 0.000175169 5.73803e-05 -0.000141951 0.966416 0.138037 -2.87256e-05 -0.000302313 -0.138068 0.961309
21 0.0392989 4.29456 -0.357959 0.00129244 -0.00111793 -0.358237 4.21377 0.00183127 0.00124664 0.000434919 -0.00164527 4.11858 0.618604 -0.000508505 -0.00146106 -0.618639 4.09066 -0.0833516 0.000300947 -0.000260312 -0.0834165 0.981188 0.000426415 0.000290283 0.000101272 -0.000383106 0.959022 0.144043 -0.000118407 -0.000340212 -0.144052 0.95252
22 0.0410797 3.45778 -0.287031 0.00151926 -0.0009896 -0.287255 3.37643 0.00227553 0.0014201 0.000510842 -0.0019747 3.2873 0.507125 -0.000502646 -0.00132307 -0.507076 3.25893 -0.0830101 0.000439375 -0.000286195 -0.0830749 0.976473 0.00065809 0.000410696 0.000147737 -0.000571087 0.950697 0.146662 -0.000145366 -0.000382634 -0.146648 0.942493
23 0.0428479 2.79868 -0.221515 0.00166124 -0.000534168 -0.221654 2.71679 0.00228226 0.00145857 0.000546904 -0.00190324 2.63524 0.405988 -0.000219614 -0.00120231 -0.405905 2.60666 -0.0791499 0.000593579 -0.000190864 -0.0791997 0.970742 0.000815479 0.000521164 0.000195415 -0.000680052 0.941602 0.145064 -7.84708e-05 -0.000429599 -0.145035 0.93139
24 0.0446031 2.28549 -0.162711 0.0017121 0.000150031 -0.162737 2.2031 0.00196731 0.00137439 0.000558691 -0.00155651 2.13004 0.316696 0.000259512 -0.00109695 -0.316629 2.1015 -0.0711934 0.000749118 6.56451e-05 -0.0712045 0.963951 0.000860785 0.000601355 0.000244452 -0.00068104 0.931985 0.138569 0.000113548 -0.000479964 -0.138539 0.919501
25 0.0463447 1.89053 -0.111425 0.00166955 0.000964837 -0.111311 1.80764 0.00142028 0.00118826 0.000562534 -0.00102943 1.74338 0.239584 0.000855746 -0.00100318 -0.239576 1.71515 -0.0589383 0.000883114 0.000510353 -0.058878 0.956154 0.00075126 0.00062853 0.000297554 -0.00054452 0.922163 0.126728 0.000452649 -0.000530636 -0.126724 0.907235
26 0.0480722 1.59069 -0.0680505 0.00153566 0.00181415 -0.0677784 1.50728 0.000708877 0.000926812 0.000573242 -0.000389966 1.45152 0.174018 0.00149207 -0.000916058 -0.174106 1.42384 -0.0427804 0.0009654 0.00114048 -0.0426093 0.947561 0.00044564 0.000582646 0.000360372 -0.000245155 0.912509 0.109397 0.000938 -0.000575886 -0.109453 0.895107
27 0.049785 1.36741 -0.0326776 0.00131719 0.00260656 -0.032237 1.28343 -0.000114867 0.000619907 0.000602147 0.000314905 1.23536 0.118673 0.0020942 -0.000830384 -0.118879 1.2084 -0.0238974 0.000963269 0.0019062 -0.0235752 0.938582 -8.40034e-05 0.000453343 0.000440355 0.000230293 0.903428 0.0867866 0.0015315 -0.000607267 -0.086937 0.883715
28 0.0514827 1.20625 -0.00517997 0.00102589 0.00325875 -0.00457126 1.12162 -0.00100781 0.00029782 0.000655678 0.00105193 1.08001 0.0718299 0.00259246 -0.000741579 -0.0721594 1.05391 -0.0042943 0.000850482 0.00270157 -0.00378966 0.929846 -0.000835494 0.000246898 0.00054357 0.000872071 0.89535 0.0595484 0.0021492 -0.000614783 -0.0598215 0.873712
29 0.0531646 1.0962 0.0147069 0.000678462 0.00369957 0.0154713 1.01085 -0.00192945 -1.12802e-05 0.000734597 0.00179439 0.974204 0.0316751 0.00292479 -0.000646352 -0.032119 0.949022 0.0134163 0.000618924 0.00337492 0.0141136 0.922147 -0.00176013 -1.02903e-05 0.000670134 0.00163693 0.888714 0.0288955 0.00266813 -0.000589632 -0.0293004 0.865742
30 0.0548304 1.02887 0.0273369 0.000296126 0.00387428 0.0282319 0.942726 -0.00283719 -0.000283428 0.000833942 0.00251598 0.909425 -0.00343708 0.00304052 -0.000543148 0.00290299 0.885167 0.0265698 0.000287817 0.00376557 0.0274397 0.916274 -0.00275758 -0.000275476 0.000810542 0.00244538 0.883907 -0.00334064 0.00295521 -0.000527907 0.00282153 0.86033
31 0.0564795 0.997629 0.0331327 -9.62761e-05 0.00374855 0.034121 0.910614 -0.00368386 -0.00050035 0.000943645 0.00318663 0.879081 -0.0347826 0.00290446 -0.0004323 0.0341949 0.8557 0.0332114 -9.6505e-05 0.00375746 0.0342021 0.912779 -0.00369262 -0.00050154 0.000945888 0.00319421 0.88117 -0.0348653 0.00291136 -0.000433328 0.0342761 0.857733
32 0.0581114 0.996815 0.0325914 -0.000471725 0.00331162 0.0336249 0.908879 -0.00441765 -0.000650259 0.00104972 0.00377077 0.877701 -0.063144 0.00250061 -0.000315885 0.0625474 0.855108 0.0326955 -0.000473232 0.0033222 0.0337323 0.911784 -0.00443176 -0.000652337 0.00105308 0.00378282 0.880505 -0.0633458 0.0025086 -0.000316894 0.0627472 0.85784
33 0.0597256 1.02113 0.0263085 -0.000802939 0.00257794 0.0273309 0.932257 -0.00498446 -0.00072796 0.00113588 0.00422801 0.900289 -0.0887697 0.00183494 -0.000197301 0.0882124 0.878371 0.025764 -0.000786321 0.00252459 0.0267652 0.912962 -0.0048813 -0.000712894 0.00111237 0.0041405 0.881656 -0.0869325 0.00179696 -0.000193218 0.0863867 0.860192
34 0.0613216 1.06524 0.015011 -0.00106463 0.00158702 0.0159613 0.975433 -0.00533227 -0.000734339 0.00118534 0.00451618 0.941866 -0.111414 0.00093646 -8.06556e-05 0.110943 0.920504 0.0140917 -0.000999429 0.00148982 0.0149838 0.915693 -0.0050057 -0.000689364 0.00111274 0.00423959 0.884181 -0.104591 0.000879107 -7.57159e-05 0.104148 0.864128
35 0.0628989 1.12353 -0.000412983 -0.0012359 0.00040109 0.000404359 1.03284 -0.00541666 -0.000675354 0.00118265 0.00459598 0.997223 -0.130448 -0.000143627 2.99758e-05 0.130102 0.976305 -0.000367574 -0.00110001 0.00035699 0.000359899 0.919278 -0.00482109 -0.000601098 0.00105262 0.00409065 0.887577 -0.116105 -0.000127835 2.66799e-05 0.115797 0.868959
36 0.064457 1.19016 -0.0188975 -0.00130246 -0.000899262 -0.0182693 1.09865 -0.00520673 -0.000560723 0.00111545 0.00443652 1.06088 -0.145014 -0.00133503 0.000131279 0.144822 1.04031 -0.0158781 -0.00109435 -0.00075558 -0.0153503 0.923112 -0.00437482 -0.000471133 0.000937229 0.00372766 0.891373 -0.121844 -0.00112173 0.000110304 0.121683 0.874095
37 0.0659956 1.25917 -0.0392044 -0.00125845 -0.00222139 -0.0388116 1.16694 -0.00469046 -0.000402472 0.00097578 0.0040208 1.12719 -0.154214 -0.00255352 0.000221333 0.154189 1.10692 -0.0311352 -0.000999434 -0.00176418 -0.0308232 0.926752 -0.00372505 -0.000319634 0.000774941 0.00319322 0.895187 -0.122473 -0.00202795 0.000175777 0.122453 0.879092
38 0.067514 1.32479 -0.0599557 -0.00110759 -0.00346821 -0.0598301 1.23193 -0.00387856 -0.000213546 0.000761068 0.00335028 1.19062 -0.157291 -0.00370776 0.000300031 0.157431 1.17064 -0.0452569 -0.000836052 -0.00261794 -0.0451621 0.929913 -0.00292769 -0.000161193 0.000574484 0.00252893 0.898727 -0.11873 -0.00279877 0.000226475 0.118835 0.883643
39 0.0690118 1.38176 -0.0796936 -0.000863329 -0.00454647 -0.0798488 1.2884 -0.00280624 -6.63131e-06 0.000474618 0.00244774 1.24604 -0.153798 -0.00470726 0.000369227 0.154083 1.22637 -0.0576754 -0.000624804 -0.00329035 -0.0577878 0.932431 -0.00203092 -4.79918e-06 0.000343488 0.00177147 0.901776 -0.111306 -0.00340671 0.000267215 0.111512 0.88754
40 0.10628 1.42568 -0.0969643 -0.000548131 -0.00537494 -0.0973932 1.3319 -0.00153241 0.000206716 0.000125577 0.0013578 1.28905 -0.143714 -0.00547058 0.000432559 0.14411 1.26977 -0.0680126 -0.000384469 -0.00377008 -0.0683135 0.93422 -0.00107486 0.000144994 8.80821e-05 0.000952389 0.904166 -0.100804 -0.00383717 0.000303405 0.101081 0.890639
42 0.146749 1.46256 -0.118912 0.000171765 -0.00605942 -0.119782 1.36816 0.00128859 0.000614771 -0.000697859 -0.00111042 1.32567 -0.106181 -0.00605292 0.0005619 0.106649 1.30752 -0.0813044 0.000117441 -0.00414304 -0.0818993 0.935461 0.00088105 0.00042034 -0.00047715 -0.000759232 0.906408 -0.0725994 -0.00413859 0.00038419 0.0729193 0.893993
44 0.152348 1.42536 -0.118082 0.000778872 -0.00534106 -0.119131 1.3305 0.00382492 0.000951432 -0.0015477 -0.00339148 1.28902 -0.0541064 -0.00523697 0.000728211 0.0544199 1.27262 -0.0828439 0.00054644 -0.00374717 -0.0835798 0.93345 0.00268348 0.000667505 -0.00108584 -0.00237939 0.904352 -0.0379599 -0.00367415 0.000510898 0.0381799 0.892842
46 0.157761 1.32493 -0.0927395 0.00103184 -0.00348087 -0.0936286 1.22958 0.00535172 0.0011776 -0.00223593 -0.00480823 1.18822 -0.00193182 -0.00324894 0.000949618 0.00189836 1.17419 -0.0699957 0.000778786 -0.00262721 -0.0706668 0.928032 0.00403924 0.000888798 -0.00168758 -0.00362904 0.896815 -0.00145805 -0.00245216 0.00071673 0.00143279 0.886226
48 0.162982 1.18707 -0.0481165 0.000814082 -0.00108688 -0.048538 1.09109 0.00544039 0.00126373 -0.00259783 -0.00492211 1.04784 0.0357343 -0.000689793 0.00119793 -0.0362099 1.03664 -0.0405338 0.000685791 -0.000915599 -0.0408889 0.919144 0.00458304 0.00106458 -0.00218844 -0.00414643 0.882712 0.0301029 -0.000581088 0.00100914 -0.0305036 0.873273
50 0.168004 1.04262 0.00495385 0.000177884 0.00110004 0.00517035 0.945866 0.00412341 0.00118743 -0.00253646 -0.00371437 0.898593 0.0491777 0.00166931 0.00139456 -0.050067 0.890347 0.00475136 0.000170613 0.00105508 0.00495901 0.907204 0.00395487 0.00113889 -0.00243278 -0.00356254 0.861863 0.0471676 0.00160108 0.00133756 -0.0480205 0.853954
52 0.172821 0.917621 0.0533919 -0.000679682 0.00245766 0.0542137 0.820034 0.00189296 0.000943627 -0.00205015 -0.00161664 0.767407 0.0367447 0.00314889 0.00143427 -0.0379134 0.761886 0.0581851 -0.000740701 0.0026783 0.0590807 0.893652 0.0020629 0.00102834 -0.0022342 -0.00176178 0.836301 0.0400434 0.00343158 0.00156303 -0.0413171 0.830285
54 0.177428 0.826859 0.086017 -0.00149721 0.00267942 0.0872093 0.728474 -0.000469003 0.000561357 -0.00123556 0.000627544 0.670485 0.00493061 0.00338333 0.00123072 -0.0061892 0.66713 0.104029 -0.00181072 0.00324048 0.105471 0.881014 -0.00056721 0.000678902 -0.00149428 0.000758948 0.810881 0.00596305 0.00409178 0.00148843 -0.00748519 0.806824
56 0.181819 0.772283 0.0969478 -0.00204904 0.00185159 0.0981444 0.673224 -0.00216467 0.000113969 -0.000264673 0.00222038 0.61105 -0.0344647 0.00242637 0.000765578 0.0333001 0.609087 0.125534 -0.00265323 0.00239755 0.127083 0.871732 -0.00280295 0.000147575 -0.000342715 0.00287509 0.791224 -0.044627 0.00314182 0.000991317 0.0431191 0.788683
58 0.185988 0.745861 0.0870386 -0.00222139 0.000393597 0.087859 0.646283 -0.00265477 -0.000288849 0.000658805 0.00259023 0.581621 -0.0688176 0.000710414 0.000116923 0.067877 0.580233 0.116695 -0.00297828 0.000527708 0.117795 0.866492 -0.00355933 -0.000387269 0.000883281 0.0034728 0.779798 -0.0922659 0.000952475 0.000156763 0.0910049 0.777937
60 0.286303 0.734849 0.0629382 -0.00203516 -0.00110617 0.0631091 0.634866 -0.0018331 -0.00052981 0.00135175 0.00159114 0.569088 -0.0889729 -0.00111649 -0.000550769 0.0883122 0.56761 0.0856478 -0.0027695 -0.0015053 0.0858804 0.863941 -0.00249453 -0.000720979 0.0018395 0.00216526 0.774428 -0.121076 -0.00151935 -0.0007495 0.120177 0.772417
64 0.394175 0.714441 0.0102309 -0.00111185 -0.00222975 0.00907061 0.613523 0.00206359 -0.00025439 0.00167134 -0.00285093 0.545645 -0.080115 -0.00274499 -0.00117946 0.0799502 0.543449 0.0143201 -0.00155625 -0.00312097 0.0126961 0.858746 0.0028884 -0.000356069 0.00233937 -0.00399043 0.763738 -0.112137 -0.00384216 -0.00165089 0.111906 0.760664
68 0.406626 0.666074 -0.00535454 -0.000318604 -7.07702e-05 -0.00677402 0.56304 0.00449406 0.000768331 0.000837614 -0.00569092 0.488239 -0.0414875 -0.00046119 -0.000329647 0.0416305 0.4877 -0.00803895 -0.00047833 -0.00010625 -0.0101701 0.845312 0.00674709 0.00115352 0.00125754 -0.00854397 0.733009 -0.0622866 -0.0006924 -0.00049491 0.0625012 0.732201
72 0.417095 0.599596 0.0127726 6.46483e-05 0.0028444 0.0122751 0.492663 0.00260325 0.00154841 -7.56436e-05 -0.00348728 0.408496 -0.0215333 0.00310116 0.00106581 0.02186 0.414146 0.0213019 0.00010782 0.00474386 0.0204723 0.821658 0.00434168 0.00258243 -0.000126157 -0.00581605 0.681285 -0.035913 0.00517208 0.00177755 0.0364579 0.690707
76 0.425533 0.53125 0.0304164 0.000244083 0.00341765 0.0309974 0.419868 -0.00135736 0.00144976 -0.000238921 0.00135768 0.330125 -0.025719 0.00420654 0.00156432 0.0260291 0.344611 0.0572544 0.00045945 0.00643322 0.0583481 0.790339 -0.00255502 0.00272895 -0.000449733 0.00255564 0.621412 -0.0484123 0.00791818 0.0029446 0.048996 0.648679
80 0.431897 0.467861 0.0337958 0.000321363 0.00161178 0.0347682 0.354026 -0.00349698 0.00088598 0.000174899 0.00408916 0.26163 -0.0342715 0.00235271 0.00113288 0.0342526 0.283168 0.0722346 0.000686876 0.00344499 0.0743131 0.756691 -0.0074744 0.00189368 0.000373828 0.00874011 0.559205 -0.0732514 0.00502865 0.0024214 0.0732112 0.605239
84 0.436158 0.418548 0.0322163 0.000517193 0.000150546 0.0329321 0.304872 -0.00306851 0.00069567 0.000303442 0.00351019 0.206874 -0.0416408 0.000423443 0.000883657 0.0412405 0.232015 0.0769716 0.00123568 0.000359687 0.0786817 0.728403 -0.00733132 0.0016621 0.000724987 0.00838658 0.494267 -0.0994887 0.00101169 0.00211124 0.0985323 0.554333
88 0.328636 0.390444 0.0294242 0.00113561 0.000900889 0.0297276 0.275696 -0.00276546 0.00107495 -0.000344284 0.00280476 0.169402 -0.0533926 0.000817409 0.0011679 0.0530603 0.198802 0.0753607 0.00290851 0.00230734 0.076138 0.70611 -0.00708285 0.00275315 -0.000881774 0.00718351 0.43387 -0.136748 0.00209354 0.00299121 0.135897 0.509168
90 0.219313 0.382437 0.0254039 0.00151589 0.00178749 0.0255651 0.264987 -0.0034891 0.00127349 -0.000803953 0.00343642 0.155566 -0.0594252 0.00166761 0.00124296 0.0593425 0.189169 0.0664263 0.00396378 0.00467394 0.0668478 0.692891 -0.00912334 0.00332993 -0.00210218 0.00898558 0.406776 -0.155386 0.00436048 0.00325009 0.155169 0.494641
92 0.328636 0.375823 0.0190811 0.00177793 0.00253087 0.0191726 0.253885 -0.00483236 0.00130995 -0.00115785 0.0047795 0.14272 -0.0630774 0.00244064 0.00110296 0.0633118 0.182215 0.0507714 0.00473075 0.00673419 0.051015 0.675545 -0.0128581 0.00348556 -0.00308083 0.0127174 0.379754 -0.167838 0.00649411 0.00293478 0.168462 0.484843
96 0.436158 0.360672 0.00478964 0.00149658 0.00237064 0.00496762 0.226918 -0.00814715 0.000574863 -0.00108883 0.00815813 0.114086 -0.0588964 0.00226647 0.000135782 0.0595693 0.167615 0.0132797 0.00414943 0.00657283 0.0137732 0.629154 -0.0225888 0.00159387 -0.0030189 0.0226192 0.316315 -0.163296 0.00628402 0.000376468 0.165162 0.464729
100 0.431897 0.342486 0.00195769 0.000397959 -5.5471e-05 0.00240687 0.201016 -0.00969477 -0.00106994 -0.000203291 0.00957107 0.0812517 -0.0461866 -0.000611485 -0.00102891 0.0466629 0.14376 0.00571611 0.00116197 -0.000161966 0.00702765 0.586932 -0.0283071 -0.00312404 -0.000593575 0.0279459 0.237241 -0.134857 -0.00178543 -0.00300425 0.136248 0.419753
104 0.425533 0.326972 0.0150053 9.86879e-05 -0.00243254 0.0156398 0.186572 -0.00823046 -0.00271331 4.1756e-05 0.00796183 0.0525657 -0.0410341 -0.00365918 -0.00161643 0.0410674 0.114915 0.0458918 0.000301823 -0.00743959 0.0478321 0.570606 -0.0251717 -0.00829828 0.000127705 0.0243501 0.160765 -0.125497 -0.0111911 -0.00494363 0.125599 0.351451
108 0.417095 0.31438 0.0290616 0.00154066 -0.00263265 0.0296109 0.17385 -0.00543416 -0.00380464 -0.00131116 0.00536777 0.029308 -0.0450812 -0.00401647 -0.00216042 0.0452155 0.0931918 0.0924411 0.00490062 -0.00837409 0.0941884 0.552992 -0.0172853 -0.012102 -0.00417062 0.0170741 0.0932248 -0.143397 -0.0127758 -0.006872 0.143824 0.29643
112 0.406626 0.304757 0.0316918 0.00313425 -0.00141991 0.0319486 0.147169 -0.00341572 -0.00497231 -0.00304005 0.00370599 0.00319229 -0.0474801 -0.00212451 -0.00392779 0.0482951 0.0862452 0.10399 0.0102844 -0.00465916 0.104833 0.482905 -0.011208 -0.0163156 -0.00997533 0.0121605 0.0104749 -0.155796 -0.00697116 -0.0128883 0.158471 0.282996
116 0.394175 0.309022 0.0295512 0.00245215 -0.00150676 0.0293943 0.119024 -0.00221803 -0.0070751 -0.00291389 0.0025667 -0.0248611 -0.0491642 -0.00124829 -0.00712125 0.0504343 0.0932325 0.0956281 0.0079352 -0.00487588 0.0951205 0.385165 -0.00717758 -0.0228951 -0.00942938 0.00830586 -0.0804507 -0.159096 -0.00403949 -0.0230444 0.163206 0.301701
120 0.379804 0.334039 0.0335355 -0.000460476 -0.0039094 0.0328426 0.119105 -0.000576474 -0.00959967 -0.000528855 0.000727971 -0.041676 -0.0608365 -0.00321491 -0.0101991 0.0618035 0.104587 0.100394 -0.00137851 -0.0117034 0.0983196 0.356558 -0.00172577 -0.0287382 -0.00158321 0.0021793 -0.124764 -0.182124 -0.00962435 -0.0305328 0.185019 0.313098
124 0.363583 0.363276 0.0387815 -0.0027348 -0.00593954 0.0376504 0.143985 0.00159354 -0.0108175 0.00186891 -0.00149823 -0.0473251 -0.0755901 -0.00551729 -0.0112366 0.0758237 0.107161 0.106755 -0.00752817 -0.0163499 0.103641 0.396351 0.0043866 -0.0297777 0.00514459 -0.00412423 -0.130273 -0.208079 -0.0151876 -0.0309312 0.208722 0.294986
128 0.34559 0.379838 0.03346 -0.00186331 -0.0038917 0.0324063 0.152738 0.00276944 -0.00984199 0.00172312 -0.00257238 -0.0648172 -0.0721781 -0.00390309 -0.00991036 0.0717829 0.101049 0.0880901 -0.00490554 -0.0102457 0.0853162 0.402113 0.00729111 -0.025911 0.00453647 -0.00677232 -0.170644 -0.190024 -0.0102757 -0.026091 0.188983 0.266031
132 0.325914 0.403729 0.0203517 0.00157967 0.00209901 0.0198937 0.129761 0.00194659 -0.00786471 -0.00112787 -0.00184761 -0.107052 -0.0534864 0.00205443 -0.00790191 0.0527342 0.10731 0.0504092 0.0039127 0.00519905 0.0492748 0.321406 0.00482153 -0.0194802 -0.00279363 -0.00457636 -0.265157 -0.132481 0.00508863 -0.0195723 0.130618 0.265798
136 0.304649 0.465976 0.013112 0.00464506 0.00726089 0.0132379 0.115354 0.000100003 -0.00673956 -0.00431906 -0.000346684 -0.151094 -0.0494653 0.00754588 -0.00708864 0.0487047 0.139084 0.0281387 0.00996846 0.0155821 0.028409 0.247555 0.00021461 -0.0144633 -0.00926886 -0.000743995 -0.324253 -0.106154 0.0161937 -0.0152125 0.104522 0.29848
140 0.281901 0.542533 0.0131372 0.0048188 0.0073412 0.0134837 0.142679 -0.00101212 -0.00674255 -0.00512329 0.000545086 -0.17006 -0.065381 0.00787673 -0.00748884 0.0650661 0.168022 0.0242145 0.00888205 0.0135314 0.0248532 0.262986 -0.00186555 -0.0124279 -0.00944329 0.00100471 -0.313455 -0.120511 0.0145184 -0.0138035 0.11993 0.309699
144 0.257779 0.569883 0.00783707 0.00184166 0.00356188 0.00816855 0.179373 -0.000816992 -0.00654457 -0.00252692 0.000413618 -0.177103 -0.0637622 0.00404714 -0.00748582 0.0640329 0.15294 0.0137521 0.00323164 0.0062502 0.0143337 0.314753 -0.00143361 -0.0114841 -0.0044341 0.000725795 -0.31077 -0.111886 0.0071017 -0.0131357 0.112361 0.268371
148 0.232401 0.548056 -0.00471072 -0.0026755 0.000949451 -0.00450446 0.179165 -5.31187e-05 -0.00531756 0.002286 -0.000290816 -0.204282 -0.0270934 0.00122281 -0.00607993 0.0274975 0.108878 -0.00859533 -0.0048818 0.0017324 -0.00821897 0.326909 -9.69221e-05 -0.00970258 0.0041711 -0.000530633 -0.372739 -0.0494355 0.00223117 -0.0110936 0.0501727 0.198663
152 0.205891 0.55875 -0.00714025 -0.00665838 0.00233785 -0.0071693 0.16389 0.000597948 -0.00386304 0.00683512 -0.00105938 -0.243073 0.000919131 0.00234832 -0.0041318 -0.000841349 0.100647 -0.012779 -0.0119166 0.00418408 -0.012831 0.293315 0.00107015 -0.00691372 0.0122329 -0.00189598 -0.435031 0.00164498 0.00420281 -0.00739472 -0.00150577 0.18013
156 0.178378 0.630965 0.0109251 -0.00849676 0.00567802 0.0107822 0.19216 0.00115418 -0.00317098 0.00885702 -0.00160721 -0.247242 -0.0151604 0.00533852 -0.00291564 0.0150257 0.139678 0.017315 -0.0134663 0.00899895 0.0170885 0.30455 0.00182923 -0.00502561 0.0140373 -0.00254722 -0.391848 -0.0240273 0.00846089 -0.00462092 0.0238138 0.221372
160 0.0971232 0.668929 0.0319488 -0.00742781 0.00705448 0.0320342 0.261831 0.00168048 -0.0027581 0.00767254 -0.00168327 -0.20662 -0.0273076 0.00640958 -0.00223885 0.0271779 0.141977 0.0477611 -0.011104 0.0105459 0.0478889 0.391419 0.00251219 -0.00412316 0.0114699 -0.00251637 -0.308881 -0.0408228 0.00958186 -0.00334691 0.040629 0.212246
161 0.0357021 0.661835 0.0343418 -0.00673961 0.00680542 0.0345118 0.278788 0.00177076 -0.00254742 0.00699027 -0.00160496 -0.195649 -0.0202675 0.00612922 -0.00201572 0.0201103 0.127064 0.0518888 -0.0101832 0.0102826 0.0521456 0.421235 0.00267554 -0.00384902 0.0105619 -0.00242502 -0.295616 -0.0306232 0.00926094 -0.00304565 0.0303856 0.191988
162 0.0338871 0.648625 0.0350215 -0.0059255 0.006306 0.0352694 0.293788 0.00182963 -0.00226722 0.00621568 -0.00148811 -0.187035 -0.00797766 0.0056252 -0.00174205 0.00776354 0.1059 0.0539934 -0.00913548 0.00972211 0.0543757 0.45294 0.00282078 -0.00349543 0.00958286 -0.00229425 -0.288356 -0.0122993 0.00867251 -0.00268576 0.0119692 0.163269
163 0.0320617 0.631365 0.0339499 -0.00501868 0.00556955 0.0342604 0.30648 0.00185123 -0.00191789 0.00538508 -0.00133684 -0.182104 0.00920368 0.00491223 -0.00141538 -0.00950709 0.0797646 0.0537722 -0.00794894 0.00882144 0.054264 0.485425 0.0029321 -0.00303768 0.00852926 -0.00211738 -0.288429 0.0145774 0.00778033 -0.00224178 -0.015058 0.126337
164 0.0302266 0.613065 0.0312466 -0.00405766 0.00461767 0.031597 0.316939 0.00183204 -0.00150895 0.00453467 -0.00115768 -0.181995 0.0303124 0.00401088 -0.00104187 -0.0307356 0.0506319 0.0509678 -0.00661864 0.0075321 0.0515394 0.516975 0.00298833 -0.00246133 0.00739672 -0.00188835 -0.296861 0.0494441 0.00654234 -0.00169945 -0.0501343 0.0825881
165 0.0283823 0.597424 0.0271738 -0.0030843 0.00347805 0.0275374 0.325657 0.00177137 -0.00105839 0.00369867 -0.000959261 -0.187565 0.053852 0.00294539 -0.000635864 -0.0544183 0.0210086 0.0454849 -0.00516267 0.00582174 0.0460935 0.545102 0.00296502 -0.00177159 0.00619103 -0.00160566 -0.313956 0.0901402 0.00493015 -0.00106434 -0.0910883 0.0351653
166 0.0265294 0.588482 0.022108 -0.00214145 0.00218245 0.022457 0.333481 0.00167156 -0.000590821 0.00290756 -0.000751781 -0.199318 0.0779339 0.00174194 -0.000218396 -0.0786553 -0.00629502 0.0375678 -0.00363894 0.00370862 0.0381609 0.566681 0.00284046 -0.00100398 0.00494079 -0.00127749 -0.338698 0.132432 0.00296005 -0.000371117 -0.133658 -0.010697
167 0.0246683 0.590192 0.0164987 -0.00127008 0.000765035 0.016808 0.341493 0.00153774 -0.000134853 0.00218669 -0.000546223 -0.217366 0.100472 0.000427431 0.000185208 -0.101346 -0.0284436 0.0279547 -0.00215198 0.00129625 0.0284789 0.578613 0.0026055 -0.00022849 0.00370505 -0.0009255 -0.368297 0.170237 0.000724223 0.000313809 -0.171717 -0.0481938
168 0.0172754 0.60597 0.0108206 -0.000506367 -0.000738956 0.0110709 0.350853 0.00137739 0.000280083 0.00155516 -0.000353425 -0.241424 0.119412 -0.000970982 0.000548338 -0.120418 -0.0428747 0.0178566 -0.00083563 -0.00121946 0.0182697 0.578993 0.00227302 0.000462205 0.00256639 -0.000583239 -0.398409 0.197059 -0.00160236 0.000904892 -0.198719 -0.0707538
168.5 0.0109315 0.619948 0.00809879 -0.000174173 -0.00151233 0.0083148 0.356381 0.00129003 0.000463579 0.00127701 -0.000264921 -0.255512 0.126955 -0.00169312 0.000706861 -0.128015 -0.0465411 0.0130637 -0.000280948 -0.00243944 0.0134121 0.574856 0.00208086 0.00074777 0.00205987 -0.000427328 -0.41215 0.204783 -0.00273107 0.00114019 -0.206493 -0.0750727
169 0.0104622 0.638263 0.00552431 0.000121121 -0.00229407 0.00570421 0.362631 0.00119947 0.000627121 0.00102527 -0.000183116 -0.270825 0.132958 -0.00242596 0.000846357 -0.134062 -0.0475847 0.00865522 0.000189767 -0.00359423 0.00893708 0.568153 0.00187928 0.000982543 0.00160634 -0.000286897 -0.424316 0.208313 -0.00380087 0.00132603 -0.210042 -0.0745534
169.5 0.00999215 0.661012 0.00314215 0.000377514 -0.0030798 0.00328531 0.369694 0.00110694 0.000768271 0.00080037 -0.000108902 -0.28723 0.137274 -0.00316598 0.000964563 -0.13841 -0.045882 0.00475355 0.000571116 -0.00465923 0.00497012 0.559285 0.00167462 0.00116227 0.00121083 -0.000164751 -0.434531 0.207673 -0.0047896 0.00145922 -0.209391 -0.0694118
170 0.0095213 0.688189 0.000990595 0.000593733 -0.00386521 0.00109749 0.377636 0.00101364 0.000885111 0.000602337 -4.2997e-05 -0.304576 0.139796 -0.00390962 0.0010597 -0.14095 -0.0413712 0.00143942 0.000862747 -0.0056165 0.00159475 0.548739 0.0014729 0.00128615 0.00087525 -6.24785e-05 -0.442576 0.203136 -0.00568104 0.00153984 -0.204813 -0.0601161
170.5 0.00904972 0.719686 -0.000899719 0.00076926 -0.00464602 -0.000827569 0.386494 0.000920698 0.00097631 0.000430795 1.40737e-05 -0.322697 0.140459 -0.00465325 0.00113055 -0.141618 -0.0340548 -0.00125016 0.00106888 -0.00645562 -0.0011499 0.537032 0.00127931 0.00135658 0.000598588 1.95553e-05 -0.448387 0.195167 -0.00646567 0.00157089 -0.196778 -0.047319
171 0.00857745 0.755289 -0.00250642 0.000904349 -0.005418 -0.00246655 0.396275 0.000829212 0.00104116 0.00028499 6.19882e-05 -0.341419 0.139249 -0.00539313 0.00117645 -0.140398 -0.0240017 -0.00331849 0.00119735 -0.00717341 -0.0032657 0.524666 0.00109787 0.00137849 0.000377325 8.20722e-05 -0.452038 0.184365 -0.00714048 0.00155762 -0.185886 -0.0317781
171.5 0.00810453 0.79468 -0.0038158 0.00100001 -0.00617701 -0.00380492 0.40695 0.000740165 0.00107961 0.000163823 0.000100636 -0.360556 0.136196 -0.00612544 0.00119741 -0.137321 -0.0113468 -0.00480168 0.00125838 -0.00777295 -0.00478799 0.512092 0.0009314 0.00135854 0.00020615 0.000126637 -0.453712 0.171385 -0.00770805 0.00150678 -0.172801 -0.0142784
172 0.00763099 0.837439 -0.00482294 0.00105801 -0.00691896 -0.00483712 0.418458 0.000654437 0.00109225 6.58873e-05 0.000130119 -0.379918 0.131382 -0.00684626 0.00119402 -0.132469 0.0037107 -0.00575915 0.00126339 -0.00826205 -0.00577609 0.499688 0.000781474 0.00130428 7.86771e-05 0.000155377 -0.453667 0.156885 -0.00817523 0.00142579 -0.158183 0.004431
172.5 0.00715688 0.883051 -0.0055316 0.0010808 -0.00763985 -0.00556645 0.430706 0.000572783 0.00108034 -1.04946e-05 0.000150746 -0.399311 0.124932 -0.00755161 0.00116751 -0.125967 0.0209108 -0.00626419 0.00122394 -0.00865166 -0.00630366 0.487748 0.000648641 0.00122342 -1.18845e-05 0.000170711 -0.452195 0.141478 -0.00855172 0.00132213 -0.14265 0.0236802
173 0.00668221 0.930914 -0.00595383 0.00107147 -0.00833577 -0.00600469 0.443567 0.000495832 0.00104573 -6.72251e-05 0.000163024 -0.418541 0.117017 -0.0082374 0.00111971 -0.117988 0.039938 -0.00639568 0.00115099 -0.00895439 -0.00645031 0.476486 0.000532629 0.00112334 -7.22141e-05 0.000175122 -0.449602 0.125701 -0.00884872 0.00120281 -0.126744 0.0429019
173.5 0.00620704 0.980354 -0.00610937 0.0010337 -0.0090029 -0.0061715 0.456887 0.000424076 0.000990837 -0.000106387 0.000167639 -0.437414 0.107845 -0.00889952 0.00105298 -0.108742 0.0604277 -0.0062318 0.00105441 -0.00918332 -0.00629517 0.466043 0.000432575 0.00101069 -0.000108519 0.000170999 -0.44618 0.110006 -0.00907787 0.00107409 -0.110922 0.0616387
174 0.0057314 1.03063 -0.00602481 0.000971613 -0.00963756 -0.00609359 0.470486 0.000357877 0.000918569 -0.000130195 0.000165439 -0.455743 0.0976616 -0.00953383 0.000970175 -0.0984756 0.0819743 -0.00584574 0.000942735 -0.00935112 -0.00591248 0.456502 0.00034724 0.000891267 -0.000126326 0.000160522 -0.442198 0.0947589 -0.00925047 0.00094134 -0.0955488 0.0795379
174.5 0.00525531 1.08097 -0.00573257 0.000889742 -0.0102362 -0.0058037 0.484161 0.000297469 0.000832244 -0.000140948 0.000157403 -0.473345 0.0867373 -0.0101362 0.00087453 -0.0874617 0.10414 -0.0053032 0.000823099 -0.00946949 -0.005369 0.447897 0.000275188 0.000769908 -0.000130391 0.000145614 -0.437891 0.0802406 -0.00937698 0.000809027 -0.0809108 0.0963402
175 0.00477883 1.13054 -0.00526972 0.000792867 -0.0107954 -0.00533936 0.497695 0.000242972 0.000735495 -0.000140979 0.000144618 -0.490047 0.0753646 -0.0107026 0.000769607 -0.0759953 0.126467 -0.00466123 0.000701317 -0.00954889 -0.00472283 0.440228 0.000214917 0.00065057 -0.000124701 0.000127919 -0.433463 0.0666625 -0.00946676 0.000680742 -0.0672203 0.111864
175.5 0.00430199 1.17853 -0.00467663 0.00068592 -0.011312 -0.00474155 0.510862 0.000194404 0.000632165 -0.000132609 0.000128237 -0.505685 0.0638489 -0.011229 0.000659168 -0.0643842 0.148484 -0.00396818 0.000582012 -0.00959836 -0.00402326 0.433473 0.000164954 0.0005364 -0.00011252 0.000108811 -0.42908 0.0541766 -0.00952791 0.000559312 -0.0546308 0.125991
176 0.00382481 1.22412 -0.00399564 0.000573853 -0.0117829 -0.00405332 0.523429 0.000151696 0.000526192 -0.000118097 0.000109453 -0.520106 0.0525 -0.0117116 0.000547075 -0.0529409 0.169723 -0.00326408 0.000468787 -0.0096256 -0.0033112 0.427596 0.000123922 0.000429853 -9.64745e-05 8.94132e-05 -0.42488 0.0428878 -0.00956732 0.000446912 -0.043248 0.138648
176.5 0.00334735 1.26652 -0.00326957 0.000461515 -0.0122054 -0.00331828 0.535167 0.000114713 0.000421499 -9.95983e-05 8.94567e-05 -0.533171 0.0416241 -0.0121468 0.000437177 -0.0419742 0.189724 -0.00258155 0.000364398 -0.009637 -0.00262001 0.422551 9.05734e-05 0.000332802 -7.86396e-05 7.06321e-05 -0.420974 0.032865 -0.00959074 0.000345181 -0.0331414 0.1498
177 0.00286963 1.30496 -0.00254034 0.000353533 -0.012577 -0.00257915 0.545855 8.32715e-05 0.000321877 -7.91228e-05 6.94039e-05 -0.544755 0.0315151 -0.0125314 0.000333194 -0.0317806 0.208053 -0.00194668 0.000270914 -0.00963781 -0.00197642 0.418292 6.38115e-05 0.000246656 -6.06323e-05 5.31846e-05 -0.417449 0.0241503 -0.00960287 0.000255329 -0.0243537 0.159432
177.5 0.00239169 1.33877 -0.0018475 0.000254186 -0.0128953 -0.00187631 0.555287 5.71633e-05 0.000230871 -5.84941e-05 5.03782e-05 -0.554747 0.0224471 -0.0128622 0.000238611 -0.0226363 0.224308 -0.00138 0.000189865 -0.00963222 -0.00140152 0.414775 4.26984e-05 0.00017245 -4.36925e-05 3.76303e-05 -0.414371 0.0167669 -0.00960749 0.000178232 -0.0169083 0.167548
178 0.00191357 1.36732 -0.00122703 0.000167303 -0.0131585 -0.00124646 0.563278 3.61717e-05 0.000151681 -3.9317e-05 3.33595e-05 -0.563054 0.0146657 -0.0131367 0.000156572 -0.0147895 0.238131 -0.000897395 0.000122358 -0.00962357 -0.000911609 0.411957 2.64544e-05 0.000110933 -2.87547e-05 2.43976e-05 -0.411793 0.0107259 -0.0096076 0.00011451 -0.0108164 0.174159
178.5 0.00143531 1.3901 -0.00071007 9.61588e-05 -0.013365 -0.000721451 0.569668 2.00914e-05 8.70648e-05 -2.29467e-05 1.91933e-05 -0.569596 0.00838255 -0.0133526 8.97881e-05 -0.00845337 0.249215 -0.000510805 6.9174e-05 -0.00961439 -0.000518992 0.409804 1.44532e-05 6.26321e-05 -1.65073e-05 1.38072e-05 -0.409752 0.00603018 -0.00960547 6.45911e-05 -0.00608112 0.179278
179 0.000956932 1.40668 -0.000321976 4.33952e-05 -0.0135133 -0.000327179 0.574328 8.74452e-06 3.92558e-05 -1.04643e-05 8.56596e-06 -0.574313 0.0037683 -0.0135081 4.04573e-05 -0.00380015 0.257314 -0.000228891 3.08494e-05 -0.00960656 -0.00023259 0.408286 6.21643e-06 2.79067e-05 -7.439e-06 6.08949e-06 -0.408276 0.00267887 -0.00960281 2.87609e-05 -0.00270151 0.182923
179.5 0.000478484 1.41675 -8.14607e-05 1.09482e-05 -0.0136027 -8.27835e-05 0.577162 1.99411e-06 9.89868e-06 -2.65613e-06 1.98291e-06 -0.577161 0.000948532 -0.0136019 1.01977e-05 -0.000956552 0.262246 -5.74982e-05 7.72766e-06 -0.00960137 -5.84319e-05 0.407384 1.40753e-06 6.98688e-06 -1.8748e-06 1.39962e-06 -0.407384 0.000669512 -0.00960076 7.19796e-06 -0.000675173 0.185104
180 5.98114e-05 1.42013 -1.04823e-17 7.62416e-17 -0.0136326 1.7066e-17 0.578113 -2.46196e-07 7.60311e-18 -9.30797e-17 -2.46196e-07 -0.578113 8.81435e-17 -0.0136333 1.07924e-17 -3.85504e-17 0.263903 -7.38123e-18 5.36864e-17 -0.00959955 1.20172e-17 0.407085 -1.73362e-07 5.35381e-18 -6.55431e-17 -1.73362e-07 -0.407085 6.20672e-17 -0.0096 7.59959e-18 -2.71457e-17 0.18583
