theta 2pi*dcos S11 S12 S13 S14 S21 S22 S23 S24 S31 S32 S33 S34 S41 S42 S43 S44 S12_norm S13_norm S14_norm S21_norm S22_norm S23_norm S24_norm S31_norm S32_norm S33_norm S34_norm S41_norm S42_norm S43_norm S44_norm
0 2.39246e-06 0.0400503 0 0 1.52341e-07 0 0.0399154 1.72966e-08 0 0 -1.72966e-08 0.0399154 0 1.51899e-07 0 0 0.0397805 0 0 3.80373e-06 0 0.996631 4.31871e-07 0 0 -4.31871e-07 0.996631 0 3.7927e-06 0 0 0.993263
0.1 1.91397e-05 0.0400502 -4.38573e-08 -2.2765e-14 1.5234e-07 -4.38573e-08 0.0399153 1.72966e-08 -1.03848e-13 5.03912e-14 -1.72966e-08 0.0399153 -1.00458e-09 1.51899e-07 -2.11755e-13 1.00458e-09 0.0397804 -1.09506e-06 -5.68411e-13 3.80373e-06 -1.09506e-06 0.996631 4.31873e-07 -2.59295e-12 1.2582e-12 -4.31873e-07 0.996631 -2.5083e-08 3.7927e-06 -5.28722e-12 2.50831e-08 0.993263
0.2 3.82793e-05 0.0400499 -1.75428e-07 -9.10616e-14 1.52339e-07 -1.75428e-07 0.039915 1.72967e-08 -4.15394e-13 2.01571e-13 -1.72967e-08 0.039915 -4.01832e-09 1.51897e-07 -8.47011e-13 4.01833e-09 0.0397801 -4.38023e-06 -2.2737e-12 3.80372e-06 -4.38023e-06 0.996631 4.31878e-07 -1.03719e-11 5.03299e-12 -4.31878e-07 0.996631 -1.00333e-07 3.79269e-06 -2.11489e-11 1.00333e-07 0.993263
0.3 5.74188e-05 0.0400494 -3.94709e-07 -2.04892e-13 1.52336e-07 -3.94708e-07 0.0399145 1.72968e-08 -9.34621e-13 4.53528e-13 -1.72968e-08 0.0399145 -9.04122e-09 1.51895e-07 -1.90575e-12 9.04125e-09 0.0397796 -9.85554e-06 -5.11599e-12 3.80371e-06 -9.85553e-06 0.996631 4.31886e-07 -2.33367e-11 1.13242e-11 -4.31886e-07 0.996631 -2.25752e-07 3.79269e-06 -4.75851e-11 2.25752e-07 0.993262
0.4 7.65581e-05 0.0400487 -7.01693e-07 -3.64258e-13 1.52333e-07 -7.01693e-07 0.0399138 1.72969e-08 -1.66151e-12 8.06262e-13 -1.72969e-08 0.0399138 -1.60733e-08 1.51892e-07 -3.38795e-12 1.60733e-08 0.0397789 -1.7521e-05 -9.09537e-12 3.8037e-06 -1.7521e-05 0.996631 4.31898e-07 -4.14873e-11 2.0132e-11 -4.31898e-07 0.996631 -4.01343e-07 3.79268e-06 -8.45959e-11 4.01345e-07 0.993262
0.5 9.56972e-05 0.0400478 -1.09637e-06 -5.69161e-13 1.52329e-07 -1.09637e-06 0.0399128 1.72971e-08 -2.59603e-12 1.25977e-12 -1.72971e-08 0.0399128 -2.51145e-08 1.51888e-07 -5.29357e-12 2.51146e-08 0.0397779 -2.73767e-05 -1.42121e-11 3.80368e-06 -2.73766e-05 0.996631 4.31912e-07 -6.48235e-11 3.14566e-11 -4.31912e-07 0.996631 -6.27114e-07 3.79266e-06 -1.32181e-10 6.27116e-07 0.993262
0.6 0.000114836 0.0400466 -1.57874e-06 -8.1961e-13 1.52324e-07 -1.57874e-06 0.0399117 1.72974e-08 -3.73815e-12 1.81402e-12 -1.72974e-08 0.0399117 -3.61649e-08 1.51883e-07 -7.62255e-12 3.6165e-08 0.0397768 -3.94225e-05 -2.04664e-11 3.80366e-06 -3.94225e-05 0.996631 4.31931e-07 -9.3345e-11 4.52977e-11 -4.31931e-07 0.996631 -9.0307e-07 3.79264e-06 -1.90342e-10 9.03072e-07 0.993262
0.7 0.000133974 0.0400453 -2.14878e-06 -1.11561e-12 1.52317e-07 -2.14878e-06 0.0399104 1.72976e-08 -5.08783e-12 2.46902e-12 -1.72976e-08 0.0399104 -4.92245e-08 1.51877e-07 -1.03748e-11 4.92246e-08 0.0397755 -5.36587e-05 -2.78586e-11 3.80363e-06 -5.36587e-05 0.99663 4.31952e-07 -1.27052e-10 6.16558e-11 -4.31952e-07 0.99663 -1.22922e-06 3.79262e-06 -2.59077e-10 1.22922e-06 0.993262
0.8 0.000153112 0.0400437 -2.80648e-06 -1.45716e-12 1.5231e-07 -2.80648e-06 0.0399088 1.7298e-08 -6.645e-12 3.22476e-12 -1.7298e-08 0.0399088 -6.42932e-08 1.5187e-07 -1.35503e-11 6.42934e-08 0.0397739 -7.00853e-05 -3.63892e-11 3.8036e-06 -7.00852e-05 0.99663 4.31977e-07 -1.65944e-10 8.05309e-11 -4.31977e-07 0.99663 -1.60557e-06 3.7926e-06 -3.38389e-10 1.60558e-06 0.993262
0.9 0.00017225 0.040042 -3.55181e-06 -1.84427e-12 1.52302e-07 -3.55181e-06 0.0399071 1.72983e-08 -8.40961e-12 4.0812e-12 -1.72983e-08 0.0399071 -8.13711e-08 1.51862e-07 -1.7149e-11 8.13714e-08 0.0397722 -8.87022e-05 -4.60585e-11 3.80356e-06 -8.87022e-05 0.99663 4.32005e-07 -2.1002e-10 1.01923e-10 -4.32005e-07 0.99663 -2.03215e-06 3.79257e-06 -4.28275e-10 2.03215e-06 0.993262
1 0.000191387 0.04004 -4.38477e-06 -2.27697e-12 1.52293e-07 -4.38477e-06 0.0399051 1.72987e-08 -1.03816e-11 5.03833e-12 -1.72987e-08 0.0399051 -1.00458e-07 1.51853e-07 -2.11707e-11 1.00459e-07 0.0397702 -0.00010951 -5.68673e-11 3.80352e-06 -0.00010951 0.99663 4.32036e-07 -2.5928e-10 1.25832e-10 -4.32036e-07 0.99663 -2.50895e-06 3.79254e-06 -5.28738e-10 2.50895e-06 0.993261
1.1 0.000210523 0.0400379 -5.30533e-06 -2.75524e-12 1.52283e-07 -5.30533e-06 0.0399029 1.72992e-08 -1.25609e-11 6.09614e-12 -1.72992e-08 0.0399029 -1.21555e-07 1.51844e-07 -2.56153e-11 1.21555e-07 0.039768 -0.000132508 -6.88159e-11 3.80348e-06 -0.000132508 0.99663 4.32071e-07 -3.13725e-10 1.52259e-10 -4.32071e-07 0.99663 -3.03599e-06 3.7925e-06 -6.39777e-10 3.036e-06 0.993261
1.2 0.000229659 0.0400355 -6.31346e-06 -3.27911e-12 1.52272e-07 -6.31346e-06 0.0399006 1.72997e-08 -1.49473e-11 7.25459e-12 -1.72997e-08 0.0399006 -1.4466e-07 1.51833e-07 -3.04828e-11 1.4466e-07 0.0397657 -0.000157697 -8.19051e-11 3.80343e-06 -0.000157697 0.99663 4.32109e-07 -3.73352e-10 1.81204e-10 -4.32109e-07 0.99663 -3.6133e-06 3.79247e-06 -7.61393e-10 3.61331e-06 0.993261
1.3 0.000248794 0.0400329 -7.40914e-06 -3.84859e-12 1.5226e-07 -7.40913e-06 0.039898 1.73002e-08 -1.75409e-11 8.51366e-12 -1.73002e-08 0.039898 -1.69775e-07 1.51822e-07 -3.57729e-11 1.69775e-07 0.0397631 -0.000185076 -9.61356e-11 3.80338e-06 -0.000185076 0.99663 4.3215e-07 -4.38163e-10 2.12666e-10 -4.3215e-07 0.99663 -4.24088e-06 3.79242e-06 -8.93587e-10 4.24089e-06 0.993261
1.4 0.000267929 0.0400301 -8.59233e-06 -4.46368e-12 1.52248e-07 -8.59233e-06 0.0398952 1.73008e-08 -2.03415e-11 9.87332e-12 -1.73008e-08 0.0398952 -1.96899e-07 1.51809e-07 -4.14855e-11 1.96899e-07 0.0397603 -0.000214647 -1.11508e-10 3.80333e-06 -0.000214647 0.99663 4.32194e-07 -5.08156e-10 2.46647e-10 -4.32194e-07 0.99663 -4.91876e-06 3.79238e-06 -1.03636e-09 4.91878e-06 0.99326
1.5 0.000287062 0.0400271 -9.86302e-06 -5.12441e-12 1.52234e-07 -9.86302e-06 0.0398922 1.73014e-08 -2.3349e-11 1.13335e-11 -1.73014e-08 0.0398922 -2.26032e-07 1.51796e-07 -4.76206e-11 2.26032e-07 0.0397573 -0.000246408 -1.28023e-10 3.80327e-06 -0.000246408 0.996629 4.32242e-07 -5.8333e-10 2.83146e-10 -4.32242e-07 0.996629 -5.64696e-06 3.79233e-06 -1.18971e-09 5.64698e-06 0.99326
1.6 0.000306195 0.0400239 -1.12212e-05 -5.83079e-12 1.52219e-07 -1.12212e-05 0.039889 1.73021e-08 -2.65633e-11 1.28943e-11 -1.73021e-08 0.039889 -2.57174e-07 1.51782e-07 -5.41778e-11 2.57175e-07 0.0397542 -0.000280361 -1.45682e-10 3.8032e-06 -0.000280361 0.996629 4.32293e-07 -6.63686e-10 3.22164e-10 -4.32293e-07 0.996629 -6.42551e-06 3.79228e-06 -1.35364e-09 6.42553e-06 0.99326
1.7 0.000325327 0.0400205 -1.26667e-05 -6.58283e-12 1.52203e-07 -1.26667e-05 0.0398856 1.73028e-08 -2.99843e-11 1.45555e-11 -1.73028e-08 0.0398856 -2.90326e-07 1.51767e-07 -6.11571e-11 2.90327e-07 0.0397508 -0.000316505 -1.64486e-10 3.80313e-06 -0.000316505 0.996629 4.32348e-07 -7.49222e-10 3.63701e-10 -4.32348e-07 0.996629 -7.25442e-06 3.79223e-06 -1.52814e-09 7.25444e-06 0.993259
1.8 0.000344457 0.0400169 -1.41997e-05 -7.38055e-12 1.52187e-07 -1.41996e-05 0.039882 1.73035e-08 -3.36117e-11 1.63172e-11 -1.73035e-08 0.039882 -3.25487e-07 1.51751e-07 -6.85583e-11 3.25487e-07 0.0397472 -0.000354841 -1.84436e-10 3.80306e-06 -0.000354841 0.996629 4.32406e-07 -8.39938e-10 4.07757e-10 -4.32406e-07 0.996629 -8.13372e-06 3.79217e-06 -1.71323e-09 8.13375e-06 0.993259
1.9 0.000363587 0.0400131 -1.58199e-05 -8.22397e-12 1.52169e-07 -1.58199e-05 0.0398782 1.73043e-08 -3.74456e-11 1.81793e-11 -1.73043e-08 0.0398782 -3.62657e-07 1.51734e-07 -7.63811e-11 3.62658e-07 0.0397433 -0.000395369 -2.05532e-10 3.80298e-06 -0.000395369 0.996629 4.32467e-07 -9.35833e-10 4.54333e-10 -4.32467e-07 0.996629 -9.06345e-06 3.79211e-06 -1.9089e-09 9.06347e-06 0.993258
2 0.000382716 0.0400091 -1.75275e-05 -9.11311e-12 1.52151e-07 -1.75275e-05 0.0398742 1.73052e-08 -4.14857e-11 2.01417e-11 -1.73052e-08 0.0398742 -4.01836e-07 1.51716e-07 -8.46253e-11 4.01837e-07 0.0397393 -0.000438088 -2.27776e-10 3.8029e-06 -0.000438088 0.996628 4.32531e-07 -1.03691e-09 5.03429e-10 -4.32531e-07 0.996628 -1.00436e-05 3.79205e-06 -2.11515e-09 1.00437e-05 0.993258
2.1 0.000401843 0.0400048 -1.93223e-05 -1.0048e-11 1.52131e-07 -1.93223e-05 0.03987 1.7306e-08 -4.57318e-11 2.22045e-11 -1.7306e-08 0.03987 -4.43025e-07 1.51698e-07 -9.32907e-11 4.43026e-07 0.0397351 -0.000483 -2.51169e-10 3.80282e-06 -0.000482999 0.996628 4.32598e-07 -1.14316e-09 5.55046e-10 -4.32599e-07 0.996628 -1.10743e-05 3.79198e-06 -2.33199e-09 1.10743e-05 0.993258
2.2 0.000420969 0.0400004 -2.12043e-05 -1.10286e-11 1.52111e-07 -2.12043e-05 0.0398655 1.7307e-08 -5.01839e-11 2.43676e-11 -1.7307e-08 0.0398655 -4.86223e-07 1.51678e-07 -1.02377e-10 4.86224e-07 0.0397307 -0.000530103 -2.75713e-10 3.80273e-06 -0.000530103 0.996628 4.32669e-07 -1.25458e-09 6.09183e-10 -4.32669e-07 0.996628 -1.21554e-05 3.79191e-06 -2.5594e-09 1.21555e-05 0.993257
2.3 0.000440094 0.0399958 -2.31735e-05 -1.20551e-11 1.52089e-07 -2.31735e-05 0.0398609 1.73079e-08 -5.48417e-11 2.66309e-11 -1.73079e-08 0.0398609 -5.3143e-07 1.51657e-07 -1.11884e-10 5.31431e-07 0.0397261 -0.000579399 -3.01408e-10 3.80264e-06 -0.000579399 0.996628 4.32744e-07 -1.37119e-09 6.65842e-10 -4.32744e-07 0.996628 -1.32872e-05 3.79184e-06 -2.7974e-09 1.32872e-05 0.993257
2.4 0.000459218 0.0399909 -2.52298e-05 -1.31273e-11 1.52067e-07 -2.52298e-05 0.0398561 1.73089e-08 -5.9705e-11 2.89943e-11 -1.73089e-08 0.0398561 -5.78646e-07 1.51636e-07 -1.21812e-10 5.78648e-07 0.0397212 -0.000630888 -3.28257e-10 3.80254e-06 -0.000630888 0.996627 4.32821e-07 -1.49296e-09 7.25022e-10 -4.32821e-07 0.996627 -1.44694e-05 3.79176e-06 -3.04599e-09 1.44695e-05 0.993256
2.5 0.00047834 0.0399859 -2.73731e-05 -1.42454e-11 1.52044e-07 -2.73731e-05 0.039851 1.731e-08 -6.47737e-11 3.14579e-11 -1.731e-08 0.039851 -6.27872e-07 1.51614e-07 -1.3216e-10 6.27874e-07 0.0397162 -0.00068457 -3.5626e-10 3.80244e-06 -0.00068457 0.996627 4.32902e-07 -1.61991e-09 7.86724e-10 -4.32902e-07 0.996627 -1.57024e-05 3.79168e-06 -3.30516e-09 1.57024e-05 0.993255
2.6 0.000497461 0.0399806 -2.96035e-05 -1.54093e-11 1.5202e-07 -2.96035e-05 0.0398458 1.7311e-08 -7.00476e-11 3.40215e-11 -1.73111e-08 0.0398458 -6.79108e-07 1.5159e-07 -1.42927e-10 6.7911e-07 0.0397109 -0.000740445 -3.85419e-10 3.80233e-06 -0.000740445 0.996627 4.32986e-07 -1.75204e-09 8.5095e-10 -4.32986e-07 0.996627 -1.69859e-05 3.7916e-06 -3.57492e-09 1.6986e-05 0.993255
2.7 0.00051658 0.0399752 -3.19207e-05 -1.66191e-11 1.51995e-07 -3.19207e-05 0.0398403 1.73122e-08 -7.55264e-11 3.66851e-11 -1.73122e-08 0.0398403 -7.32352e-07 1.51566e-07 -1.54115e-10 7.32354e-07 0.0397055 -0.000798514 -4.15735e-10 3.80222e-06 -0.000798514 0.996627 4.33073e-07 -1.88933e-09 9.17698e-10 -4.33073e-07 0.996626 -1.83202e-05 3.79151e-06 -3.85527e-09 1.83202e-05 0.993254
2.8 0.000535698 0.0399695 -3.43249e-05 -1.78748e-11 1.51968e-07 -3.43248e-05 0.0398347 1.73133e-08 -8.12099e-11 3.94487e-11 -1.73134e-08 0.0398346 -7.87606e-07 1.51541e-07 -1.65722e-10 7.87608e-07 0.0396998 -0.000858776 -4.47211e-10 3.80211e-06 -0.000858776 0.996626 4.33164e-07 -2.0318e-09 9.8697e-10 -4.33164e-07 0.996626 -1.97052e-05 3.79142e-06 -4.1462e-09 1.97052e-05 0.993253
2.9 0.000554814 0.0399636 -3.68158e-05 -1.91765e-11 1.51941e-07 -3.68158e-05 0.0398288 1.73146e-08 -8.7098e-11 4.23122e-11 -1.73146e-08 0.0398288 -8.4487e-07 1.51515e-07 -1.77747e-10 8.44872e-07 0.039694 -0.000921232 -4.79848e-10 3.80199e-06 -0.000921232 0.996626 4.33258e-07 -2.17943e-09 1.05877e-09 -4.33258e-07 0.996625 -2.1141e-05 3.79133e-06 -4.44773e-09 2.1141e-05 0.993253
3 0.000573928 0.0399576 -3.93935e-05 -2.05241e-11 1.51913e-07 -3.93935e-05 0.0398227 1.73158e-08 -9.31904e-11 4.52754e-11 -1.73158e-08 0.0398227 -9.04142e-07 1.51488e-07 -1.90192e-10 9.04145e-07 0.0396879 -0.000985883 -5.13647e-10 3.80187e-06 -0.000985883 0.996626 4.33355e-07 -2.33223e-09 1.13309e-09 -4.33355e-07 0.996625 -2.26276e-05 3.79123e-06 -4.75984e-09 2.26276e-05 0.993252
3.1 0.00059304 0.0399513 -4.20578e-05 -2.19177e-11 1.51885e-07 -4.20578e-05 0.0398164 1.73171e-08 -9.94868e-11 4.83384e-11 -1.73171e-08 0.0398164 -9.65425e-07 1.5146e-07 -2.03054e-10 9.65427e-07 0.0396817 -0.00105273 -5.48611e-10 3.80175e-06 -0.00105273 0.996625 4.33456e-07 -2.4902e-09 1.20993e-09 -4.33456e-07 0.996625 -2.41651e-05 3.79113e-06 -5.08255e-09 2.41651e-05 0.993251
3.2 0.000612151 0.0399448 -4.48088e-05 -2.33574e-11 1.51855e-07 -4.48088e-05 0.03981 1.73184e-08 -1.05987e-10 5.15011e-11 -1.73185e-08 0.0398099 -1.02872e-06 1.51432e-07 -2.16335e-10 1.02872e-06 0.0396752 -0.00112177 -5.84742e-10 3.80162e-06 -0.00112177 0.996625 4.33559e-07 -2.65334e-09 1.28931e-09 -4.3356e-07 0.996624 -2.57535e-05 3.79103e-06 -5.41585e-09 2.57535e-05 0.993251
3.3 0.00063126 0.0399381 -4.76463e-05 -2.48431e-11 1.51824e-07 -4.76462e-05 0.0398033 1.73198e-08 -1.12691e-10 5.47634e-11 -1.73198e-08 0.0398033 -1.09402e-06 1.51402e-07 -2.30034e-10 1.09402e-06 0.0396685 -0.001193 -6.2204e-10 3.80148e-06 -0.001193 0.996624 4.33666e-07 -2.82164e-09 1.37121e-09 -4.33667e-07 0.996624 -2.73928e-05 3.79092e-06 -5.75975e-09 2.73929e-05 0.99325
3.4 0.000650367 0.0399312 -5.05702e-05 -2.63749e-11 1.51792e-07 -5.05702e-05 0.0397964 1.73212e-08 -1.19598e-10 5.81252e-11 -1.73213e-08 0.0397964 -1.16133e-06 1.51372e-07 -2.44149e-10 1.16133e-06 0.0396616 -0.00126643 -6.60509e-10 3.80134e-06 -0.00126643 0.996624 4.33777e-07 -2.9951e-09 1.45563e-09 -4.33777e-07 0.996623 -2.90832e-05 3.79081e-06 -6.11424e-09 2.90833e-05 0.993249
3.5 0.000669472 0.0399241 -5.35805e-05 -2.79529e-11 1.5176e-07 -5.35805e-05 0.0397893 1.73227e-08 -1.26708e-10 6.15864e-11 -1.73227e-08 0.0397893 -1.23065e-06 1.5134e-07 -2.58682e-10 1.23065e-06 0.0396545 -0.00134206 -7.0015e-10 3.8012e-06 -0.00134206 0.996624 4.33891e-07 -3.17372e-09 1.54259e-09 -4.33891e-07 0.996623 -3.08247e-05 3.7907e-06 -6.47933e-09 3.08248e-05 0.993248
3.6 0.000688575 0.0399168 -5.66771e-05 -2.9577e-11 1.51726e-07 -5.66771e-05 0.039782 1.73242e-08 -1.34021e-10 6.5147e-11 -1.73242e-08 0.039782 -1.30198e-06 1.51308e-07 -2.73631e-10 1.30198e-06 0.0396473 -0.00141988 -7.40966e-10 3.80105e-06 -0.00141988 0.996623 4.34007e-07 -3.3575e-09 1.63207e-09 -4.34008e-07 0.996622 -3.26173e-05 3.79058e-06 -6.85502e-09 3.26174e-05 0.993247
3.7 0.000707676 0.0399093 -5.986e-05 -3.12473e-11 1.51691e-07 -5.986e-05 0.0397745 1.73257e-08 -1.41536e-10 6.88069e-11 -1.73258e-08 0.0397745 -1.37532e-06 1.51275e-07 -2.88996e-10 1.37532e-06 0.0396398 -0.0014999 -7.82959e-10 3.8009e-06 -0.0014999 0.996623 4.34128e-07 -3.54644e-09 1.72408e-09 -4.34129e-07 0.996622 -3.44611e-05 3.79046e-06 -7.24131e-09 3.44611e-05 0.993246
3.8 0.000726775 0.0399016 -6.3129e-05 -3.29639e-11 1.51656e-07 -6.31289e-05 0.0397668 1.73273e-08 -1.49253e-10 7.2566e-11 -1.73273e-08 0.0397668 -1.45066e-06 1.51241e-07 -3.04776e-10 1.45067e-06 0.0396321 -0.00158212 -8.2613e-10 3.80075e-06 -0.00158212 0.996622 4.34251e-07 -3.74054e-09 1.81863e-09 -4.34252e-07 0.996621 -3.63561e-05 3.79034e-06 -7.6382e-09 3.63562e-05 0.993245
3.9 0.000745871 0.0398937 -6.6484e-05 -3.47267e-11 1.51619e-07 -6.6484e-05 0.0397589 1.73289e-08 -1.57173e-10 7.64242e-11 -1.7329e-08 0.0397589 -1.52802e-06 1.51206e-07 -3.20972e-10 1.52803e-06 0.0396242 -0.00166653 -8.70482e-10 3.80059e-06 -0.00166653 0.996622 4.34378e-07 -3.93979e-09 1.9157e-09 -4.34379e-07 0.996621 -3.83024e-05 3.79022e-06 -8.0457e-09 3.83025e-05 0.993244
4 0.000764965 0.0398855 -6.9925e-05 -3.65359e-11 1.51582e-07 -6.99249e-05 0.0397508 1.73306e-08 -1.65294e-10 8.03815e-11 -1.73306e-08 0.0397507 -1.60739e-06 1.5117e-07 -3.37583e-10 1.6074e-06 0.0396161 -0.00175314 -9.16019e-10 3.80043e-06 -0.00175314 0.996622 4.34508e-07 -4.1442e-09 2.0153e-09 -4.34509e-07 0.99662 -4.03001e-05 3.79009e-06 -8.4638e-09 4.03002e-05 0.993243
4.1 0.000784057 0.0398772 -7.34518e-05 -3.83914e-11 1.51544e-07 -7.34518e-05 0.0397425 1.73323e-08 -1.73616e-10 8.44376e-11 -1.73323e-08 0.0397424 -1.68877e-06 1.51133e-07 -3.54608e-10 1.68877e-06 0.0396077 -0.00184195 -9.62741e-10 3.80026e-06 -0.00184195 0.996621 4.34641e-07 -4.35375e-09 2.11744e-09 -4.34643e-07 0.996619 -4.23492e-05 3.78996e-06 -8.8925e-09 4.23493e-05 0.993242
4.2 0.000803147 0.0398687 -7.70644e-05 -4.02934e-11 1.51505e-07 -7.70644e-05 0.039734 1.7334e-08 -1.82139e-10 8.85927e-11 -1.73341e-08 0.0397339 -1.77215e-06 1.51095e-07 -3.72047e-10 1.77216e-06 0.0395992 -0.00193296 -1.01065e-09 3.80009e-06 -0.00193295 0.996621 4.34778e-07 -4.56846e-09 2.22211e-09 -4.34779e-07 0.996619 -4.44498e-05 3.78982e-06 -9.33181e-09 4.44499e-05 0.993241
4.3 0.000822234 0.03986 -8.07627e-05 -4.22418e-11 1.51465e-07 -8.07627e-05 0.0397252 1.73358e-08 -1.90862e-10 9.28464e-11 -1.73359e-08 0.0397252 -1.85755e-06 1.51057e-07 -3.899e-10 1.85756e-06 0.0395905 -0.00202616 -1.05975e-09 3.79992e-06 -0.00202616 0.99662 4.34918e-07 -4.78832e-09 2.32931e-09 -4.34919e-07 0.996618 -4.66019e-05 3.78968e-06 -9.78173e-09 4.66021e-05 0.99324
4.4 0.000841318 0.039851 -8.45466e-05 -4.42366e-11 1.51423e-07 -8.45466e-05 0.0397163 1.73376e-08 -1.99786e-10 9.71988e-11 -1.73377e-08 0.0397162 -1.94496e-06 1.51017e-07 -4.08165e-10 1.94496e-06 0.0395816 -0.00212157 -1.11005e-09 3.79974e-06 -0.00212157 0.99662 4.35061e-07 -5.01332e-09 2.43905e-09 -4.35063e-07 0.996617 -4.88057e-05 3.78954e-06 -1.02423e-08 4.88058e-05 0.993239
4.5 0.0008604 0.0398419 -8.8416e-05 -4.6278e-11 1.51381e-07 -8.8416e-05 0.0397072 1.73395e-08 -2.0891e-10 1.0165e-10 -1.73396e-08 0.0397071 -2.03437e-06 1.50977e-07 -4.26843e-10 2.03438e-06 0.0395725 -0.00221917 -1.16154e-09 3.79955e-06 -0.00221917 0.996619 4.35208e-07 -5.24346e-09 2.55133e-09 -4.35209e-07 0.996617 -5.10611e-05 3.78939e-06 -1.07134e-08 5.10613e-05 0.993238
4.6 0.00087948 0.0398326 -9.23707e-05 -4.8366e-11 1.51338e-07 -9.23707e-05 0.0396979 1.73414e-08 -2.18233e-10 1.06199e-10 -1.73415e-08 0.0396978 -2.1258e-06 1.50935e-07 -4.45932e-10 2.1258e-06 0.0395631 -0.00231898 -1.21423e-09 3.79937e-06 -0.00231897 0.996619 4.35357e-07 -5.47875e-09 2.66614e-09 -4.35359e-07 0.996616 -5.33684e-05 3.78925e-06 -1.11952e-08 5.33685e-05 0.993236
4.7 0.000898556 0.039823 -9.64108e-05 -5.05006e-11 1.51295e-07 -9.64107e-05 0.0396883 1.73433e-08 -2.27755e-10 1.10847e-10 -1.73434e-08 0.0396882 -2.21923e-06 1.50893e-07 -4.65433e-10 2.21924e-06 0.0395536 -0.00242098 -1.26813e-09 3.79917e-06 -0.00242098 0.996618 4.3551e-07 -5.71918e-09 2.78349e-09 -4.35513e-07 0.996615 -5.57274e-05 3.7891e-06 -1.16875e-08 5.57276e-05 0.993235
4.8 0.00091763 0.0398133 -0.000100536 -5.26819e-11 1.5125e-07 -0.000100536 0.0396786 1.73453e-08 -2.37476e-10 1.15593e-10 -1.73454e-08 0.0396785 -2.31468e-06 1.5085e-07 -4.85345e-10 2.31468e-06 0.0395439 -0.00252519 -1.32322e-09 3.79898e-06 -0.00252519 0.996617 4.35667e-07 -5.96475e-09 2.90337e-09 -4.35669e-07 0.996614 -5.81383e-05 3.78894e-06 -1.21905e-08 5.81385e-05 0.993234
4.9 0.000936701 0.0398033 -0.000104746 -5.49099e-11 1.51204e-07 -0.000104746 0.0396687 1.73473e-08 -2.47396e-10 1.20437e-10 -1.73474e-08 0.0396685 -2.41213e-06 1.50806e-07 -5.05668e-10 2.41214e-06 0.039534 -0.00263159 -1.37953e-09 3.79878e-06 -0.00263159 0.996617 4.35826e-07 -6.21546e-09 3.0258e-09 -4.35829e-07 0.996613 -6.06013e-05 3.78878e-06 -1.27042e-08 6.06014e-05 0.993232
5 0.00095577 0.0397932 -0.000109041 -5.71846e-11 1.51157e-07 -0.000109041 0.0396585 1.73494e-08 -2.57514e-10 1.25379e-10 -1.73495e-08 0.0396584 -2.5116e-06 1.50761e-07 -5.264e-10 2.5116e-06 0.0395238 -0.0027402 -1.43705e-09 3.79858e-06 -0.0027402 0.996616 4.35989e-07 -6.4713e-09 3.15076e-09 -4.35992e-07 0.996613 -6.31163e-05 3.78862e-06 -1.32284e-08 6.31164e-05 0.993231
5.1 0.000974835 0.0397828 -0.000113421 -5.95062e-11 1.5111e-07 -0.000113421 0.0396482 1.73515e-08 -2.67829e-10 1.30419e-10 -1.73516e-08 0.039648 -2.61307e-06 1.50716e-07 -5.47541e-10 2.61308e-06 0.0395135 -0.00285102 -1.49578e-09 3.79837e-06 -0.00285101 0.996616 4.36155e-07 -6.73228e-09 3.27827e-09 -4.36158e-07 0.996612 -6.56834e-05 3.78846e-06 -1.37632e-08 6.56836e-05 0.99323
5.2 0.000993897 0.0397723 -0.000117886 -6.18747e-11 1.51061e-07 -0.000117886 0.0396377 1.73536e-08 -2.78342e-10 1.35557e-10 -1.73537e-08 0.0396375 -2.71655e-06 1.50669e-07 -5.69091e-10 2.71656e-06 0.0395029 -0.00296403 -1.55572e-09 3.79816e-06 -0.00296403 0.996615 4.36325e-07 -6.99838e-09 3.40832e-09 -4.36328e-07 0.996611 -6.83027e-05 3.78829e-06 -1.43087e-08 6.83029e-05 0.993228
5.3 0.00101296 0.0397615 -0.000122436 -6.42901e-11 1.51012e-07 -0.000122436 0.0396269 1.73558e-08 -2.89051e-10 1.40792e-10 -1.73559e-08 0.0396267 -2.82205e-06 1.50621e-07 -5.91048e-10 2.82206e-06 0.0394922 -0.00307925 -1.61689e-09 3.79794e-06 -0.00307925 0.996614 4.36497e-07 -7.26961e-09 3.54091e-09 -4.36501e-07 0.99661 -7.09743e-05 3.78812e-06 -1.48648e-08 7.09745e-05 0.993227
5.4 0.00103201 0.0397506 -0.000127069 -6.67524e-11 1.50962e-07 -0.000127069 0.039616 1.7358e-08 -2.99957e-10 1.46125e-10 -1.73582e-08 0.0396158 -2.92955e-06 1.50573e-07 -6.13414e-10 2.92956e-06 0.0394813 -0.00319667 -1.67928e-09 3.79772e-06 -0.00319667 0.996614 4.36673e-07 -7.54597e-09 3.67605e-09 -4.36677e-07 0.996609 -7.36983e-05 3.78795e-06 -1.54316e-08 7.36985e-05 0.993225
5.5 0.00105107 0.0397394 -0.000131788 -6.92618e-11 1.5091e-07 -0.000131788 0.0396048 1.73603e-08 -3.11059e-10 1.51555e-10 -1.73604e-08 0.0396046 -3.03906e-06 1.50524e-07 -6.36186e-10 3.03907e-06 0.0394701 -0.0033163 -1.7429e-09 3.7975e-06 -0.0033163 0.996613 4.36852e-07 -7.82746e-09 3.81373e-09 -4.36856e-07 0.996608 -7.64748e-05 3.78777e-06 -1.60089e-08 7.6475e-05 0.993223
5.6 0.00107012 0.0397281 -0.00013659 -7.18183e-11 1.50858e-07 -0.00013659 0.0395935 1.73625e-08 -3.22356e-10 1.57083e-10 -1.73627e-08 0.0395932 -3.15059e-06 1.50474e-07 -6.59364e-10 3.1506e-06 0.0394588 -0.00343813 -1.80775e-09 3.79727e-06 -0.00343813 0.996613 4.37035e-07 -8.11406e-09 3.95396e-09 -4.37039e-07 0.996607 -7.93038e-05 3.78759e-06 -1.65969e-08 7.9304e-05 0.993222
5.7 0.00108916 0.0397165 -0.000141477 -7.44219e-11 1.50805e-07 -0.000141477 0.0395819 1.73649e-08 -3.33848e-10 1.62708e-10 -1.7365e-08 0.0395817 -3.26412e-06 1.50422e-07 -6.82948e-10 3.26413e-06 0.0394472 -0.00356217 -1.87383e-09 3.79704e-06 -0.00356216 0.996612 4.3722e-07 -8.40579e-09 4.09673e-09 -4.37225e-07 0.996606 -8.21855e-05 3.78741e-06 -1.71956e-08 8.21857e-05 0.99322
5.8 0.00110821 0.0397047 -0.000146447 -7.70728e-11 1.50751e-07 -0.000146447 0.0395702 1.73672e-08 -3.45536e-10 1.6843e-10 -1.73674e-08 0.0395699 -3.37966e-06 1.50371e-07 -7.06937e-10 3.37967e-06 0.0394355 -0.00368841 -1.94115e-09 3.7968e-06 -0.00368841 0.996611 4.37409e-07 -8.70263e-09 4.24205e-09 -4.37414e-07 0.996604 -8.51199e-05 3.78722e-06 -1.78049e-08 8.51201e-05 0.993218
5.9 0.00112725 0.0396928 -0.000151502 -7.97708e-11 1.50696e-07 -0.000151502 0.0395582 1.73696e-08 -3.57417e-10 1.74248e-10 -1.73698e-08 0.0395579 -3.49721e-06 1.50318e-07 -7.3133e-10 3.49722e-06 0.0394235 -0.00381686 -2.00971e-09 3.79656e-06 -0.00381686 0.996611 4.37602e-07 -9.00459e-09 4.38992e-09 -4.37607e-07 0.996603 -8.81071e-05 3.78703e-06 -1.84248e-08 8.81073e-05 0.993217
6 0.00172656 0.0396806 -0.00015664 -8.25162e-11 1.5064e-07 -0.00015664 0.0395461 1.73721e-08 -3.69492e-10 1.80164e-10 -1.73723e-08 0.0395458 -3.61678e-06 1.50264e-07 -7.56127e-10 3.61679e-06 0.0394114 -0.00394752 -2.07951e-09 3.79632e-06 -0.00394751 0.99661 4.37797e-07 -9.31166e-09 4.54035e-09 -4.37803e-07 0.996602 -9.11472e-05 3.78684e-06 -1.90553e-08 9.11474e-05 0.993215
6.2 0.00236869 0.0396557 -0.000167167 -8.81492e-11 1.50526e-07 -0.000167167 0.0395212 1.7377e-08 -3.94222e-10 1.92284e-10 -1.73773e-08 0.0395208 -3.86193e-06 1.50154e-07 -8.06929e-10 3.86194e-06 0.0393865 -0.00421545 -2.22286e-09 3.79582e-06 -0.00421545 0.996609 4.38198e-07 -9.94112e-09 4.84885e-09 -4.38204e-07 0.9966 -9.73865e-05 3.78644e-06 -2.03484e-08 9.73868e-05 0.993211
6.4 0.00244479 0.03963 -0.000178027 -9.39722e-11 1.50408e-07 -0.000178027 0.0394955 1.73822e-08 -4.19721e-10 2.04791e-10 -1.73824e-08 0.0394951 -4.11512e-06 1.5004e-07 -8.59337e-10 4.11513e-06 0.0393608 -0.00449223 -2.37124e-09 3.79531e-06 -0.00449223 0.996607 4.38611e-07 -1.0591e-08 5.16757e-09 -4.38619e-07 0.996597 -0.000103839 3.78603e-06 -2.1684e-08 0.000103839 0.993207
6.6 0.00252085 0.0396035 -0.000189219 -9.99857e-11 1.50286e-07 -0.000189219 0.039469 1.73874e-08 -4.45986e-10 2.17681e-10 -1.73877e-08 0.0394686 -4.37635e-06 1.49923e-07 -9.13346e-10 4.37637e-06 0.0393343 -0.00477784 -2.52467e-09 3.79477e-06 -0.00477784 0.996606 4.39038e-07 -1.12613e-08 5.49651e-09 -4.39046e-07 0.996594 -0.000110504 3.78561e-06 -2.30623e-08 0.000110505 0.993203
6.8 0.00259689 0.0395761 -0.000200742 -1.0619e-10 1.50161e-07 -0.000200742 0.0394417 1.73928e-08 -4.73012e-10 2.30954e-10 -1.73932e-08 0.0394412 -4.64563e-06 1.49803e-07 -9.68949e-10 4.64564e-06 0.0393069 -0.0050723 -2.68319e-09 3.79423e-06 -0.0050723 0.996604 4.39478e-07 -1.1952e-08 5.83569e-09 -4.39487e-07 0.996591 -0.000117385 3.78518e-06 -2.44832e-08 0.000117385 0.993198
7 0.00267289 0.039548 -0.000212595 -1.12586e-10 1.50032e-07 -0.000212595 0.0394137 1.73984e-08 -5.00795e-10 2.44609e-10 -1.73988e-08 0.0394131 -4.92294e-06 1.49679e-07 -1.02614e-09 4.92295e-06 0.0392788 -0.00537561 -2.84682e-09 3.79366e-06 -0.00537561 0.996602 4.3993e-07 -1.2663e-08 6.18512e-09 -4.39941e-07 0.996588 -0.00012448 3.78473e-06 -2.59467e-08 0.00012448 0.993193
7.2 0.00274886 0.0395191 -0.000224776 -1.19174e-10 1.49899e-07 -0.000224776 0.0393848 1.74041e-08 -5.29332e-10 2.58645e-10 -1.74045e-08 0.0393842 -5.20829e-06 1.49551e-07 -1.08492e-09 5.2083e-06 0.03925 -0.00568778 -3.01561e-09 3.79309e-06 -0.00568778 0.996601 4.40396e-07 -1.33943e-08 6.5448e-09 -4.40408e-07 0.996584 -0.000131792 3.78428e-06 -2.74529e-08 0.000131792 0.993189
7.4 0.0028248 0.0394894 -0.000237285 -1.25955e-10 1.49763e-07 -0.000237285 0.0393551 1.74099e-08 -5.58617e-10 2.7306e-10 -1.74104e-08 0.0393544 -5.50168e-06 1.4942e-07 -1.14527e-09 5.50169e-06 0.0392203 -0.00600881 -3.18959e-09 3.79249e-06 -0.00600881 0.996599 4.40875e-07 -1.4146e-08 6.91475e-09 -4.40887e-07 0.996581 -0.00013932 3.78381e-06 -2.90018e-08 0.000139321 0.993183
7.6 0.00290071 0.039459 -0.000250119 -1.32929e-10 1.49624e-07 -0.000250119 0.0393247 1.74158e-08 -5.88645e-10 2.87852e-10 -1.74164e-08 0.0393239 -5.80311e-06 1.49286e-07 -1.20719e-09 5.80313e-06 0.0391898 -0.00633871 -3.36879e-09 3.79188e-06 -0.00633871 0.996597 4.41366e-07 -1.49179e-08 7.29498e-09 -4.4138e-07 0.996577 -0.000147067 3.78332e-06 -3.05934e-08 0.000147067 0.993178
7.8 0.00297657 0.0394277 -0.000263278 -1.40097e-10 1.4948e-07 -0.000263278 0.0392935 1.74219e-08 -6.19414e-10 3.03022e-10 -1.74226e-08 0.0392926 -6.11258e-06 1.49148e-07 -1.27067e-09 6.11259e-06 0.0391585 -0.00667748 -3.55325e-09 3.79125e-06 -0.00667748 0.996595 4.4187e-07 -1.57101e-08 7.6855e-09 -4.41886e-07 0.996573 -0.000155033 3.78283e-06 -3.22278e-08 0.000155033 0.993172
8 0.00305241 0.0393957 -0.00027676 -1.47459e-10 1.49334e-07 -0.00027676 0.0392615 1.74282e-08 -6.50917e-10 3.18566e-10 -1.74288e-08 0.0392605 -6.43009e-06 1.49007e-07 -1.33571e-09 6.4301e-06 0.0391265 -0.00702513 -3.74302e-09 3.79061e-06 -0.00702513 0.996594 4.42388e-07 -1.65226e-08 8.08632e-09 -4.42405e-07 0.996569 -0.000163218 3.78232e-06 -3.39049e-08 0.000163219 0.993166
8.2 0.0031282 0.0393628 -0.000290564 -1.55016e-10 1.49183e-07 -0.000290563 0.0392287 1.74345e-08 -6.8315e-10 3.34484e-10 -1.74353e-08 0.0392276 -6.75563e-06 1.48862e-07 -1.40229e-09 6.75565e-06 0.0390936 -0.00738167 -3.93813e-09 3.78995e-06 -0.00738167 0.996592 4.42918e-07 -1.73552e-08 8.49745e-09 -4.42937e-07 0.996564 -0.000171625 3.7818e-06 -3.56248e-08 0.000171625 0.99316
8.4 0.00320396 0.0393292 -0.000304688 -1.62769e-10 1.4903e-07 -0.000304687 0.0391951 1.7441e-08 -7.16108e-10 3.50774e-10 -1.74418e-08 0.0391939 -7.08922e-06 1.48714e-07 -1.47042e-09 7.08924e-06 0.03906 -0.0077471 -4.13862e-09 3.78928e-06 -0.0077471 0.99659 4.43461e-07 -1.8208e-08 8.91891e-09 -4.43482e-07 0.99656 -0.000180253 3.78127e-06 -3.73875e-08 0.000180254 0.993154
8.6 0.00327968 0.0392949 -0.00031913 -1.70718e-10 1.48872e-07 -0.00031913 0.0391608 1.74476e-08 -7.49786e-10 3.67435e-10 -1.74485e-08 0.0391595 -7.43084e-06 1.48563e-07 -1.54008e-09 7.43086e-06 0.0390256 -0.00812143 -4.34454e-09 3.78859e-06 -0.00812143 0.996588 4.44017e-07 -1.9081e-08 9.35071e-09 -4.4404e-07 0.996555 -0.000189105 3.78072e-06 -3.9193e-08 0.000189105 0.993147
8.8 0.00335535 0.0392597 -0.00033389 -1.78864e-10 1.48711e-07 -0.00033389 0.0391257 1.74543e-08 -7.84179e-10 3.84465e-10 -1.74553e-08 0.0391242 -7.78051e-06 1.48408e-07 -1.61127e-09 7.78053e-06 0.0389904 -0.00850466 -4.55591e-09 3.78789e-06 -0.00850466 0.996586 4.44585e-07 -1.99741e-08 9.79285e-09 -4.44611e-07 0.996549 -0.00019818 3.78016e-06 -4.10413e-08 0.000198181 0.99314
9 0.00343099 0.0392238 -0.000348966 -1.87207e-10 1.48547e-07 -0.000348966 0.0390898 1.74611e-08 -8.19281e-10 4.01862e-10 -1.74622e-08 0.0390882 -8.13821e-06 1.4825e-07 -1.68398e-09 8.13823e-06 0.0389544 -0.00889681 -4.7728e-09 3.78717e-06 -0.0088968 0.996584 4.45167e-07 -2.08874e-08 1.02454e-08 -4.45195e-07 0.996544 -0.000207482 3.77959e-06 -4.29325e-08 0.000207482 0.993132
9.2 0.00350659 0.0391871 -0.000364356 -1.95749e-10 1.48379e-07 -0.000364356 0.0390531 1.74681e-08 -8.55088e-10 4.19625e-10 -1.74693e-08 0.0390514 -8.50394e-06 1.48088e-07 -1.75819e-09 8.50397e-06 0.0389176 -0.00929787 -4.99525e-09 3.78643e-06 -0.00929787 0.996582 4.45761e-07 -2.18207e-08 1.07083e-08 -4.45792e-07 0.996538 -0.000217009 3.77901e-06 -4.48667e-08 0.00021701 0.993125
9.4 0.00358214 0.0391496 -0.000380059 -2.0449e-10 1.48208e-07 -0.000380059 0.0390157 1.74751e-08 -8.91594e-10 4.37752e-10 -1.74765e-08 0.0390138 -8.87772e-06 1.47924e-07 -1.83391e-09 8.87774e-06 0.0388801 -0.00970786 -5.22329e-09 3.78568e-06 -0.00970786 0.996579 4.46368e-07 -2.2774e-08 1.11815e-08 -4.46402e-07 0.996532 -0.000226764 3.77842e-06 -4.68437e-08 0.000226765 0.993117
9.6 0.00365765 0.0391114 -0.000396072 -2.1343e-10 1.48033e-07 -0.000396072 0.0389775 1.74823e-08 -9.28792e-10 4.56242e-10 -1.74837e-08 0.0389755 -9.25953e-06 1.47755e-07 -1.91113e-09 9.25956e-06 0.0388418 -0.0101268 -5.45699e-09 3.78492e-06 -0.0101268 0.996577 4.46988e-07 -2.37474e-08 1.16652e-08 -4.47024e-07 0.996526 -0.000236748 3.77781e-06 -4.88637e-08 0.000236748 0.993108
9.8 0.00373311 0.0390724 -0.000412395 -2.22571e-10 1.47855e-07 -0.000412395 0.0389386 1.74896e-08 -9.66679e-10 4.75093e-10 -1.74911e-08 0.0389364 -9.64938e-06 1.47584e-07 -1.98982e-09 9.64941e-06 0.0388028 -0.0105546 -5.69638e-09 3.78414e-06 -0.0105546 0.996575 4.47621e-07 -2.47407e-08 1.21593e-08 -4.4766e-07 0.996519 -0.000246962 3.77719e-06 -5.09266e-08 0.000246962 0.993099
10 0.00380853 0.0390326 -0.000429025 -2.31913e-10 1.47674e-07 -0.000429025 0.0388989 1.7497e-08 -1.00525e-09 4.94303e-10 -1.74987e-08 0.0388965 -1.00473e-05 1.47409e-07 -2.07e-09 1.00473e-05 0.0387629 -0.0109915 -5.94151e-09 3.78334e-06 -0.0109915 0.996573 4.48266e-07 -2.5754e-08 1.26638e-08 -4.48309e-07 0.996512 -0.000257407 3.77656e-06 -5.30326e-08 0.000257407 0.99309
10.2 0.0038839 0.0389921 -0.000445962 -2.41456e-10 1.47489e-07 -0.000445962 0.0388584 1.75045e-08 -1.04449e-09 5.1387e-10 -1.75063e-08 0.0388558 -1.04532e-05 1.47231e-07 -2.15164e-09 1.04532e-05 0.0387223 -0.0114372 -6.19244e-09 3.78253e-06 -0.0114372 0.99657 4.48924e-07 -2.67873e-08 1.31788e-08 -4.4897e-07 0.996504 -0.000268084 3.77592e-06 -5.51815e-08 0.000268085 0.993081
10.4 0.00395923 0.0389509 -0.000463202 -2.51202e-10 1.47301e-07 -0.000463202 0.0388172 1.75121e-08 -1.08441e-09 5.33792e-10 -1.7514e-08 0.0388144 -1.08671e-05 1.4705e-07 -2.23475e-09 1.08672e-05 0.038681 -0.011892 -6.44921e-09 3.7817e-06 -0.0118919 0.996568 4.49595e-07 -2.78404e-08 1.37042e-08 -4.49644e-07 0.996497 -0.000278996 3.77527e-06 -5.73735e-08 0.000278997 0.993071
10.6 0.0040345 0.0389089 -0.000480744 -2.61152e-10 1.47109e-07 -0.000480744 0.0387752 1.75198e-08 -1.12499e-09 5.54068e-10 -1.75219e-08 0.0387722 -1.12891e-05 1.46866e-07 -2.3193e-09 1.12892e-05 0.0386388 -0.0123557 -6.71189e-09 3.78086e-06 -0.0123556 0.996565 4.50278e-07 -2.89134e-08 1.42402e-08 -4.50332e-07 0.996488 -0.000290143 3.7746e-06 -5.96086e-08 0.000290144 0.99306
10.8 0.00410973 0.0388661 -0.000498587 -2.71305e-10 1.46914e-07 -0.000498587 0.0387325 1.75276e-08 -1.16622e-09 5.74696e-10 -1.75298e-08 0.0387293 -1.17191e-05 1.46678e-07 -2.4053e-09 1.17192e-05 0.038596 -0.0128283 -6.98051e-09 3.78001e-06 -0.0128283 0.996563 4.50974e-07 -3.00062e-08 1.47866e-08 -4.51032e-07 0.99648 -0.000301526 3.77393e-06 -6.18867e-08 0.000301527 0.993049
11 0.00418491 0.0388226 -0.000516729 -2.81663e-10 1.46716e-07 -0.000516729 0.038689 1.75355e-08 -1.20811e-09 5.95673e-10 -1.75379e-08 0.0386856 -1.21572e-05 1.46487e-07 -2.49272e-09 1.21572e-05 0.0385523 -0.01331 -7.25514e-09 3.77913e-06 -0.01331 0.99656 4.51683e-07 -3.11188e-08 1.53435e-08 -4.51745e-07 0.996471 -0.000313148 3.77324e-06 -6.4208e-08 0.000313148 0.993038
11.2 0.00426003 0.0387783 -0.000535167 -2.92227e-10 1.46514e-07 -0.000535167 0.0386449 1.75435e-08 -1.25065e-09 6.16998e-10 -1.75461e-08 0.0386411 -1.26033e-05 1.46293e-07 -2.58157e-09 1.26033e-05 0.0385079 -0.0138007 -7.53584e-09 3.77825e-06 -0.0138007 0.996558 4.52404e-07 -3.22512e-08 1.59109e-08 -4.5247e-07 0.996462 -0.000325008 3.77254e-06 -6.65725e-08 0.000325009 0.993027
11.4 0.00433511 0.0387334 -0.0005539 -3.02997e-10 1.46309e-07 -0.0005539 0.0385999 1.75515e-08 -1.29382e-09 6.38668e-10 -1.75543e-08 0.0385959 -1.30574e-05 1.46095e-07 -2.67183e-09 1.30574e-05 0.0384628 -0.0143003 -7.82265e-09 3.77735e-06 -0.0143003 0.996555 4.53138e-07 -3.34033e-08 1.64888e-08 -4.53209e-07 0.996452 -0.00033711 3.77182e-06 -6.89801e-08 0.000337111 0.993014
11.6 0.00441013 0.0386876 -0.000572926 -3.13975e-10 1.46101e-07 -0.000572926 0.0385542 1.75597e-08 -1.33763e-09 6.60683e-10 -1.75627e-08 0.03855 -1.35195e-05 1.45895e-07 -2.76349e-09 1.35196e-05 0.0384169 -0.014809 -8.11564e-09 3.77643e-06 -0.014809 0.996552 4.53884e-07 -3.45751e-08 1.70774e-08 -4.5396e-07 0.996442 -0.000349454 3.7711e-06 -7.14309e-08 0.000349455 0.993002
11.8 0.0044851 0.0386412 -0.000592242 -3.2516e-10 1.4589e-07 -0.000592242 0.0385078 1.75679e-08 -1.38206e-09 6.83039e-10 -1.75711e-08 0.0385033 -1.39897e-05 1.45691e-07 -2.85655e-09 1.39898e-05 0.0383702 -0.0153267 -8.41486e-09 3.7755e-06 -0.0153267 0.996549 4.54643e-07 -3.57665e-08 1.76764e-08 -4.54725e-07 0.996431 -0.000362042 3.77036e-06 -7.39249e-08 0.000362043 0.992989
12 0.0139046 0.038594 -0.000611848 -3.36554e-10 1.45675e-07 -0.000611848 0.0384607 1.75762e-08 -1.42711e-09 7.05734e-10 -1.75796e-08 0.0384558 -1.44679e-05 1.45485e-07 -2.95098e-09 1.4468e-05 0.0383229 -0.0158535 -8.72038e-09 3.77456e-06 -0.0158534 0.996547 4.55414e-07 -3.69776e-08 1.82861e-08 -4.55501e-07 0.99642 -0.000374875 3.76962e-06 -7.64622e-08 0.000374876 0.992975
13 0.0246683 0.0383472 -0.000714137 -3.96686e-10 1.44554e-07 -0.000714136 0.0382142 1.76189e-08 -1.66144e-09 8.24227e-10 -1.76235e-08 0.0382075 -1.69793e-05 1.44404e-07 -3.44352e-09 1.69793e-05 0.0380749 -0.0186229 -1.03446e-08 3.76962e-06 -0.0186229 0.996532 4.59457e-07 -4.33263e-08 2.14938e-08 -4.59577e-07 0.996357 -0.000442778 3.76571e-06 -8.97984e-08 0.000442779 0.992899
14 0.0265294 0.0380826 -0.00082333 -4.62164e-10 1.43355e-07 -0.00082333 0.0379499 1.76631e-08 -1.91023e-09 9.50873e-10 -1.76691e-08 0.037941 -1.96911e-05 1.43249e-07 -3.96897e-09 1.96911e-05 0.0378087 -0.0216196 -1.21358e-08 3.76432e-06 -0.0216196 0.996516 4.63809e-07 -5.01601e-08 2.49687e-08 -4.63969e-07 0.996281 -0.000517062 3.76152e-06 -1.0422e-07 0.000517063 0.992807
15 0.0283823 0.0378007 -0.000939149 -5.33099e-10 1.42081e-07 -0.000939148 0.0376684 1.77083e-08 -2.17257e-09 1.08537e-09 -1.77162e-08 0.0376566 -2.26031e-05 1.4202e-07 -4.5259e-09 2.26032e-05 0.0375248 -0.0248447 -1.41029e-08 3.75868e-06 -0.0248447 0.996499 4.68466e-07 -5.74744e-08 2.87129e-08 -4.68674e-07 0.996188 -0.000597954 3.75707e-06 -1.1973e-07 0.000597955 0.992699
16 0.0302266 0.037502 -0.00106129 -6.09602e-10 1.40734e-07 -0.00106129 0.03737 1.77543e-08 -2.44753e-09 1.2274e-09 -1.77644e-08 0.0373549 -2.5715e-05 1.4072e-07 -5.11275e-09 2.5715e-05 0.0372234 -0.0282997 -1.62552e-08 3.75271e-06 -0.0282997 0.99648 4.73423e-07 -6.52641e-08 3.27289e-08 -4.73692e-07 0.996077 -0.000685696 3.75234e-06 -1.36333e-07 0.000685698 0.992571
17 0.0320617 0.0371868 -0.00118946 -6.91789e-10 1.39317e-07 -0.00118946 0.0370552 1.78005e-08 -2.73413e-09 1.37662e-09 -1.78131e-08 0.037036 -2.90263e-05 1.39353e-07 -5.7279e-09 2.90264e-05 0.036905 -0.031986 -1.86031e-08 3.74641e-06 -0.0319859 0.99646 4.78677e-07 -7.35241e-08 3.70191e-08 -4.79017e-07 0.995945 -0.000780554 3.74737e-06 -1.5403e-07 0.000780555 0.992422
18 0.0338871 0.0368558 -0.00132331 -7.79774e-10 1.37833e-07 -0.00132331 0.0367246 1.78465e-08 -3.03136e-09 1.53268e-09 -1.7862e-08 0.0367007 -3.25366e-05 1.3792e-07 -6.36963e-09 3.25367e-05 0.0365701 -0.035905 -2.11574e-08 3.73979e-06 -0.035905 0.996439 4.84224e-07 -8.22491e-08 4.15858e-08 -4.84647e-07 0.99579 -0.000882808 3.74215e-06 -1.72826e-07 0.00088281 0.992247
19 0.0357021 0.0365095 -0.00146251 -8.73674e-10 1.36285e-07 -0.00146251 0.0363786 1.78918e-08 -3.3382e-09 1.69519e-09 -1.79107e-08 0.0363491 -3.62453e-05 1.36424e-07 -7.03615e-09 3.62454e-05 0.0362191 -0.0400585 -2.39301e-08 3.73287e-06 -0.0400585 0.996416 4.90058e-07 -9.14337e-08 4.64316e-08 -4.90577e-07 0.995609 -0.000992764 3.73669e-06 -1.92721e-07 0.000992766 0.992046
20 0.0375062 0.0361483 -0.00160672 -9.73601e-10 1.34676e-07 -0.00160672 0.0360179 1.79359e-08 -3.6536e-09 1.86377e-09 -1.79587e-08 0.035982 -4.01516e-05 1.34869e-07 -7.7256e-09 4.01517e-05 0.0358524 -0.0444481 -2.69335e-08 3.72566e-06 -0.0444481 0.996393 4.96174e-07 -1.01073e-07 5.1559e-08 -4.96805e-07 0.995398 -0.00111075 3.731e-06 -2.1372e-07 0.00111075 0.991814
21 0.0392989 0.035773 -0.00175558 -1.07967e-09 1.3301e-07 -0.00175558 0.035643 1.79783e-08 -3.97652e-09 2.03801e-09 -1.80054e-08 0.0355996 -4.42547e-05 1.33258e-07 -8.43603e-09 4.42548e-05 0.0354706 -0.0490755 -3.01811e-08 3.71817e-06 -0.0490755 0.996367 5.02567e-07 -1.1116e-07 5.69706e-08 -5.03325e-07 0.995155 -0.0012371 3.7251e-06 -2.35821e-07 0.0012371 0.991548
22 0.0410797 0.035384 -0.0019087 -1.19198e-09 1.31289e-07 -0.0019087 0.0352545 1.80186e-08 -4.3059e-09 2.21747e-09 -1.80505e-08 0.0352027 -4.85536e-05 1.31593e-07 -9.16545e-09 4.85537e-05 0.0350742 -0.0539426 -3.36869e-08 3.71041e-06 -0.0539426 0.996341 5.09231e-07 -1.21691e-07 6.26687e-08 -5.10132e-07 0.994876 -0.00137219 3.71899e-06 -2.59028e-07 0.00137219 0.991245
23 0.0428479 0.034982 -0.00206573 -1.31063e-09 1.29517e-07 -0.00206573 0.034853 1.80562e-08 -4.64068e-09 2.40172e-09 -1.80934e-08 0.0347916 -5.30472e-05 1.29877e-07 -9.91178e-09 5.30473e-05 0.0346637 -0.0590512 -3.74659e-08 3.70239e-06 -0.0590512 0.996313 5.16158e-07 -1.32659e-07 6.8656e-08 -5.1722e-07 0.994557 -0.00151642 3.71268e-06 -2.8334e-07 0.00151642 0.990901
24 0.0446031 0.0345676 -0.00222627 -1.43573e-09 1.27697e-07 -0.00222627 0.0344391 1.80907e-08 -4.9798e-09 2.59031e-09 -1.81336e-08 0.0343669 -5.77342e-05 1.28114e-07 -1.06729e-08 5.77343e-05 0.0342396 -0.0644033 -4.15339e-08 3.69413e-06 -0.0644033 0.996283 5.23344e-07 -1.4406e-07 7.49347e-08 -5.24584e-07 0.994194 -0.00167018 3.70619e-06 -3.08755e-07 0.00167019 0.990512
25 0.0463447 0.0341414 -0.00238993 -1.56735e-09 1.25833e-07 -0.00238993 0.0340135 1.81216e-08 -5.32222e-09 2.78277e-09 -1.81707e-08 0.0339292 -6.26131e-05 1.26307e-07 -1.14467e-08 6.26132e-05 0.0338025 -0.0700008 -4.59075e-08 3.68564e-06 -0.0700008 0.996252 5.3078e-07 -1.55887e-07 8.15072e-08 -5.32217e-07 0.993783 -0.00183393 3.69953e-06 -3.35272e-07 0.00183394 0.990074
26 0.0480722 0.0337041 -0.00255632 -1.70557e-09 1.23928e-07 -0.00255632 0.0335767 1.81483e-08 -5.66691e-09 2.97863e-09 -1.8204e-08 0.033479 -6.76823e-05 1.2446e-07 -1.22309e-08 6.76824e-05 0.033353 -0.0758458 -5.06043e-08 3.67693e-06 -0.0758458 0.99622 5.38459e-07 -1.68137e-07 8.83757e-08 -5.40112e-07 0.993321 -0.00200813 3.69271e-06 -3.62889e-07 0.00200813 0.989583
27 0.049785 0.0332564 -0.00272504 -1.85046e-09 1.21985e-07 -0.00272504 0.0331295 1.81704e-08 -6.01285e-09 3.17739e-09 -1.82332e-08 0.033017 -7.29399e-05 1.22574e-07 -1.30232e-08 7.294e-05 0.0328917 -0.0819404 -5.56424e-08 3.66802e-06 -0.0819404 0.996186 5.46374e-07 -1.80803e-07 9.55423e-08 -5.48261e-07 0.992801 -0.00219326 3.68573e-06 -3.91601e-07 0.00219326 0.989033
28 0.0514827 0.0327988 -0.0028957 -2.00208e-09 1.20008e-07 -0.0028957 0.0326726 1.81875e-08 -6.35906e-09 3.37856e-09 -1.82576e-08 0.0325436 -7.83838e-05 1.20654e-07 -1.38215e-08 7.83839e-05 0.032419 -0.0882867 -6.10411e-08 3.65892e-06 -0.0882866 0.996151 5.54516e-07 -1.93881e-07 1.03009e-07 -5.56655e-07 0.99222 -0.00238984 3.67862e-06 -4.21402e-07 0.00238984 0.988421
29 0.0531646 0.0323321 -0.00306789 -2.16045e-09 1.18001e-07 -0.00306788 0.0322064 1.8199e-08 -6.70457e-09 3.58165e-09 -1.82769e-08 0.0320596 -8.40117e-05 1.18704e-07 -1.46233e-08 8.40118e-05 0.0319357 -0.0948867 -6.68205e-08 3.64964e-06 -0.0948867 0.996113 5.62877e-07 -2.07366e-07 1.10777e-07 -5.65285e-07 0.991571 -0.0025984 3.67139e-06 -4.52285e-07 0.0025984 0.98774
30 0.0548304 0.0318569 -0.00324121 -2.3256e-09 1.15965e-07 -0.0032412 0.0317318 1.82045e-08 -7.04844e-09 3.78613e-09 -1.82904e-08 0.0315654 -8.98213e-05 1.16725e-07 -1.54264e-08 8.98214e-05 0.0314423 -0.101743 -7.30015e-08 3.6402e-06 -0.101743 0.996075 5.71447e-07 -2.21253e-07 1.18848e-07 -5.74141e-07 0.99085 -0.00281952 3.66403e-06 -4.84241e-07 0.00281953 0.986986
31 0.0564795 0.0313739 -0.00341526 -2.49754e-09 1.13906e-07 -0.00341526 0.0312495 1.82037e-08 -7.38976e-09 3.9915e-09 -1.82976e-08 0.0310618 -9.58096e-05 1.14721e-07 -1.62284e-08 9.58097e-05 0.0309394 -0.108857 -7.96058e-08 3.6306e-06 -0.108857 0.996034 5.80217e-07 -2.35538e-07 1.27223e-07 -5.83212e-07 0.990051 -0.0030538 3.65658e-06 -5.17259e-07 0.0030538 0.986152
32 0.0581114 0.0308838 -0.00358966 -2.67627e-09 1.11826e-07 -0.00358965 0.03076 1.8196e-08 -7.72767e-09 4.19724e-09 -1.82982e-08 0.0305492 -0.000101974 1.12696e-07 -1.7027e-08 0.000101974 0.0304277 -0.116231 -8.66561e-08 3.62087e-06 -0.116231 0.995992 5.89178e-07 -2.50218e-07 1.35904e-07 -5.92487e-07 0.989167 -0.00330185 3.64903e-06 -5.51326e-07 0.00330186 0.985232
33 0.0597256 0.0303872 -0.003764 -2.86174e-09 1.09729e-07 -0.003764 0.0302641 1.81813e-08 -8.06132e-09 4.40283e-09 -1.82916e-08 0.0300284 -0.00010831 1.10652e-07 -1.78199e-08 0.00010831 0.0299077 -0.123868 -9.41758e-08 3.61102e-06 -0.123868 0.995949 5.9832e-07 -2.65287e-07 1.44891e-07 -6.01951e-07 0.988193 -0.00356434 3.6414e-06 -5.86428e-07 0.00356434 0.98422
34 0.0613216 0.0298848 -0.0039379 -3.05391e-09 1.07617e-07 -0.0039379 0.0297624 1.8159e-08 -8.38992e-09 4.60776e-09 -1.82773e-08 0.0295 -0.000114816 1.08592e-07 -1.86047e-08 0.000114816 0.0293801 -0.131769 -1.02189e-07 3.60105e-06 -0.131769 0.995903 6.07631e-07 -2.80742e-07 1.54184e-07 -6.11593e-07 0.987121 -0.00384195 3.6337e-06 -6.22546e-07 0.00384195 0.98311
35 0.0628989 0.0293773 -0.00411098 -3.2527e-09 1.05493e-07 -0.00411098 0.0292556 1.81288e-08 -8.71271e-09 4.81152e-09 -1.8255e-08 0.0289645 -0.000121487 1.0652e-07 -1.93791e-08 0.000121487 0.0288454 -0.139937 -1.10721e-07 3.59097e-06 -0.139937 0.995856 6.17102e-07 -2.96579e-07 1.63783e-07 -6.21396e-07 0.985945 -0.00413539 3.62593e-06 -6.59661e-07 0.00413539 0.981894
36 0.064457 0.0288654 -0.00428287 -3.45803e-09 1.03362e-07 -0.00428286 0.0287444 1.80906e-08 -9.02897e-09 5.01359e-09 -1.8224e-08 0.0284225 -0.000128319 1.04438e-07 -2.01408e-08 0.000128319 0.0283044 -0.148374 -1.19798e-07 3.58081e-06 -0.148374 0.995807 6.26721e-07 -3.12796e-07 1.73689e-07 -6.31345e-07 0.984657 -0.00444541 3.61811e-06 -6.97748e-07 0.00444542 0.980565
37 0.0659956 0.0283497 -0.00445319 -3.66976e-09 1.01225e-07 -0.00445319 0.0282294 1.80439e-08 -9.33802e-09 5.21347e-09 -1.81841e-08 0.0278748 -0.000135307 1.02349e-07 -2.08876e-08 0.000135307 0.0277576 -0.157081 -1.29446e-07 3.57057e-06 -0.157081 0.995756 6.36477e-07 -3.29387e-07 1.83899e-07 -6.41423e-07 0.98325 -0.0047728 3.61025e-06 -7.36783e-07 0.0047728 0.979114
38 0.067514 0.0278308 -0.0046216 -3.88777e-09 9.90852e-08 -0.0046216 0.0277112 1.79887e-08 -9.63921e-09 5.41067e-09 -1.81349e-08 0.0273219 -0.000142448 1.00256e-07 -2.16172e-08 0.000142448 0.0272056 -0.16606 -1.39693e-07 3.56027e-06 -0.16606 0.995703 6.46357e-07 -3.4635e-07 1.94413e-07 -6.51611e-07 0.981714 -0.00511835 3.60235e-06 -7.76735e-07 0.00511835 0.977535
39 0.0690118 0.0273095 -0.00478774 -4.11187e-09 9.69458e-08 -0.00478774 0.0271906 1.79246e-08 -9.93195e-09 5.60469e-09 -1.80759e-08 0.0267644 -0.000149736 9.81614e-08 -2.23275e-08 0.000149736 0.0266491 -0.175314 -1.50566e-07 3.5499e-06 -0.175314 0.995648 6.56351e-07 -3.63682e-07 2.05229e-07 -6.6189e-07 0.980042 -0.00548292 3.59441e-06 -8.17573e-07 0.00548292 0.975818
40 0.10628 0.0267862 -0.00495128 -4.34188e-09 9.48093e-08 -0.00495128 0.0266681 1.78515e-08 -1.02157e-08 5.79506e-09 -1.80068e-08 0.026203 -0.000157165 9.60673e-08 -2.30163e-08 0.000157165 0.0260886 -0.184844 -1.62094e-07 3.53948e-06 -0.184844 0.995591 6.66445e-07 -3.81378e-07 2.16345e-07 -6.72239e-07 0.978226 -0.00586739 3.58644e-06 -8.5926e-07 0.00586739 0.973955
42 0.146749 0.0257366 -0.00526927 -4.81869e-09 9.05548e-08 -0.00526927 0.02562 1.76781e-08 -1.0754e-08 6.163e-09 -1.78369e-08 0.0250705 -0.000172427 9.18907e-08 -2.43215e-08 0.000172427 0.0249581 -0.204738 -1.87231e-07 3.51852e-06 -0.204738 0.995471 6.86886e-07 -4.17848e-07 2.39464e-07 -6.93055e-07 0.974119 -0.00669967 3.57043e-06 -9.45015e-07 0.00669966 0.969751
44 0.152348 0.0246868 -0.0055731 -5.3161e-09 8.63404e-08 -0.00557309 0.0245718 1.74679e-08 -1.12504e-08 6.51099e-09 -1.76229e-08 0.0239293 -0.000188184 8.77441e-08 -2.5517e-08 0.000188184 0.0238189 -0.225752 -2.15342e-07 3.49743e-06 -0.225752 0.995342 7.07581e-07 -4.55725e-07 2.63744e-07 -7.1386e-07 0.969315 -0.00762287 3.55429e-06 -1.03363e-06 0.00762286 0.964845
46 0.157761 0.0236413 -0.00586052 -5.83157e-09 8.2183e-08 -0.00586052 0.023528 1.7221e-08 -1.17017e-08 6.83577e-09 -1.7363e-08 0.0227838 -0.000204384 8.36429e-08 -2.65885e-08 0.000204384 0.0226756 -0.247893 -2.46668e-07 3.47624e-06 -0.247893 0.995204 7.28426e-07 -4.94965e-07 2.89145e-07 -7.34432e-07 0.963726 -0.00864519 3.53799e-06 -1.12466e-06 0.00864519 0.959149
48 0.162982 0.0226046 -0.00612954 -6.36214e-09 7.80975e-08 -0.00612953 0.0224928 1.69381e-08 -1.2105e-08 7.13447e-09 -1.70556e-08 0.0216384 -0.000220968 7.96005e-08 -2.7523e-08 0.000220968 0.0215325 -0.271164 -2.81454e-07 3.45494e-06 -0.271163 0.995057 7.49322e-07 -5.3551e-07 3.15621e-07 -7.5452e-07 0.957259 -0.00977536 3.52143e-06 -1.21759e-06 0.00977535 0.952571
50 0.168004 0.0215805 -0.00637836 -6.9044e-09 7.40966e-08 -0.00637836 0.0214705 1.66207e-08 -1.2458e-08 7.40457e-09 -1.67e-08 0.0204975 -0.000237872 7.56281e-08 -2.83094e-08 0.000237872 0.0203938 -0.295561 -3.19937e-07 3.4335e-06 -0.295561 0.9949 7.7017e-07 -5.77278e-07 3.43114e-07 -7.73845e-07 0.949814 -0.0110226 3.50446e-06 -1.3118e-06 0.0110225 0.945008
52 0.172821 0.0205729 -0.00660547 -7.45458e-09 7.01911e-08 -0.00660547 0.0204645 1.62706e-08 -1.27586e-08 7.64398e-09 -1.62957e-08 0.0193648 -0.00025503 7.17346e-08 -2.8938e-08 0.000255029 0.0192635 -0.321077 -3.6235e-07 3.41183e-06 -0.321077 0.994733 7.90876e-07 -6.20164e-07 3.71556e-07 -7.92097e-07 0.941279 -0.0123964 3.48685e-06 -1.40661e-06 0.0123964 0.936353
54 0.177428 0.0195851 -0.00680961 -8.00855e-09 6.63897e-08 -0.00680961 0.0194785 1.58904e-08 -1.30049e-08 7.85109e-09 -1.58431e-08 0.0182443 -0.000272367 6.7927e-08 -2.94013e-08 0.000272367 0.0181454 -0.347693 -4.0891e-07 3.38981e-06 -0.347693 0.994555 8.11353e-07 -6.64022e-07 4.00871e-07 -8.08937e-07 0.93154 -0.0139069 3.4683e-06 -1.50121e-06 0.0139069 0.926488
56 0.181819 0.0186202 -0.00698976 -8.56185e-09 6.26991e-08 -0.00698976 0.0185153 1.54832e-08 -1.31955e-08 8.02475e-09 -1.5343e-08 0.0171394 -0.000289809 6.42099e-08 -2.96938e-08 0.000289809 0.0170429 -0.375385 -4.59814e-07 3.36726e-06 -0.375385 0.994365 8.31526e-07 -7.08663e-07 4.30969e-07 -8.23996e-07 0.920469 -0.0155642 3.44839e-06 -1.59471e-06 0.0155642 0.915289
58 0.185988 0.017681 -0.00714517 -9.10981e-09 5.91238e-08 -0.00714517 0.0175779 1.50524e-08 -1.33287e-08 8.16432e-09 -1.47968e-08 0.0160533 -0.000307275 6.0586e-08 -2.98122e-08 0.000307275 0.0159593 -0.404115 -5.1523e-07 3.34391e-06 -0.404115 0.994165 8.51329e-07 -7.53841e-07 4.61756e-07 -8.36875e-07 0.907936 -0.0173788 3.42661e-06 -1.68611e-06 0.0173788 0.902624
60 0.286303 0.0167699 -0.00727535 -9.64757e-09 5.56666e-08 -0.00727535 0.0166685 1.46018e-08 -1.34032e-08 8.26965e-09 -1.42066e-08 0.0149889 -0.000324682 5.7056e-08 -2.97551e-08 0.000324681 0.0148976 -0.433834 -5.75291e-07 3.31944e-06 -0.433833 0.993952 8.70711e-07 -7.99241e-07 4.93124e-07 -8.47146e-07 0.8938 -0.019361 3.40228e-06 -1.77431e-06 0.0193609 0.888354
64 0.394175 0.0150398 -0.0074592 -1.06727e-08 4.9108e-08 -0.00745919 0.0149419 1.36577e-08 -1.3371e-08 8.37948e-09 -1.29048e-08 0.0129362 -0.000358969 5.02717e-08 -2.91199e-08 0.000358968 0.0128502 -0.495964 -7.09631e-07 3.2652e-06 -0.495963 0.993488 9.08102e-07 -8.89042e-07 5.57153e-07 -8.58046e-07 0.860131 -0.0238679 3.34258e-06 -1.93619e-06 0.0238679 0.854415
68 0.406626 0.0134426 -0.00754196 -1.15981e-08 4.30088e-08 -0.00754195 0.0133481 1.26853e-08 -1.30899e-08 8.36261e-09 -1.1465e-08 0.0109992 -0.000391957 4.38294e-08 -2.78202e-08 0.000391956 0.0109188 -0.561051 -8.62789e-07 3.19945e-06 -0.561051 0.992971 9.43668e-07 -9.73767e-07 6.221e-07 -8.52889e-07 0.818235 -0.029158 3.2605e-06 -2.06956e-06 0.0291579 0.812254
72 0.417095 0.0119859 -0.00752756 -1.23873e-08 3.73287e-08 -0.00752756 0.0118948 1.17187e-08 -1.25536e-08 8.234e-09 -9.9219e-09 0.00919144 -0.000422919 3.76806e-08 -2.59184e-08 0.000422917 0.00911679 -0.628037 -1.03349e-06 3.11439e-06 -0.628036 0.992401 9.77706e-07 -1.04737e-06 6.86976e-07 -8.278e-07 0.766857 -0.0352848 3.14375e-06 -2.16241e-06 0.0352847 0.760628
76 0.425533 0.010673 -0.00742268 -1.30096e-08 3.20047e-08 -0.00742268 0.0105852 1.07884e-08 -1.17605e-08 8.0136e-09 -8.31619e-09 0.00752224 -0.00045113 3.17612e-08 -2.35034e-08 0.000451128 0.0074535 -0.695466 -1.21893e-06 2.99868e-06 -0.695466 0.991778 1.01081e-06 -1.1019e-06 7.50832e-07 -7.79183e-07 0.704794 -0.0422685 2.97586e-06 -2.20214e-06 0.0422683 0.698354
80 0.431897 0.00950317 -0.00723611 -1.34421e-08 2.69544e-08 -0.0072361 0.00941862 9.91907e-09 -1.07163e-08 7.72436e-09 -6.69228e-09 0.00599674 -0.000475895 2.59973e-08 -2.06842e-08 0.000475893 0.00593408 -0.761442 -1.41448e-06 2.83636e-06 -0.761441 0.991103 1.04376e-06 -1.12766e-06 8.12819e-07 -7.04216e-07 0.631025 -0.0500775 2.73565e-06 -2.17656e-06 0.0500772 0.624432
84 0.436158 0.0084726 -0.00697815 -1.36716e-08 2.20797e-08 -0.00697814 0.00839111 9.12747e-09 -9.43687e-09 7.3901e-09 -5.09581e-09 0.0046165 -0.00049657 2.03103e-08 -1.75828e-08 0.000496568 0.00456004 -0.823614 -1.61363e-06 2.60601e-06 -0.823613 0.990383 1.07729e-06 -1.11381e-06 8.72236e-07 -6.01447e-07 0.544874 -0.058609 2.39718e-06 -2.07525e-06 0.0586087 0.538211
88 0.328636 0.00757477 -0.00666005 -1.36957e-08 1.72718e-08 -0.00666004 0.0074962 8.42138e-09 -7.94965e-09 7.03338e-09 -3.57103e-09 0.00337986 -0.000512588 1.46212e-08 -1.43266e-08 0.000512585 0.00332972 -0.879241 -1.80807e-06 2.28017e-06 -0.87924 0.989627 1.11177e-06 -1.04949e-06 9.28526e-07 -4.71437e-07 0.446199 -0.0676703 1.93025e-06 -1.89135e-06 0.06767 0.439581
90 0.219313 0.00717308 -0.00648207 -1.36327e-08 1.48572e-08 -0.00648206 0.0070959 8.1004e-09 -7.14024e-09 6.85283e-09 -2.84834e-09 0.00281413 -0.000518696 1.1752e-08 -1.268e-08 0.000518694 0.00276719 -0.903666 -1.90054e-06 2.07124e-06 -0.903665 0.98924 1.12928e-06 -9.95421e-07 9.55353e-07 -3.97087e-07 0.392318 -0.0723115 1.63835e-06 -1.76771e-06 0.0723111 0.385774
92 0.328636 0.00680132 -0.00629341 -1.35221e-08 1.24162e-08 -0.0062934 0.00672548 7.79978e-09 -6.29499e-09 6.67361e-09 -2.15826e-09 0.0022825 -0.000523471 8.85439e-09 -1.10412e-08 0.000523468 0.00223878 -0.925322 -1.98815e-06 1.82556e-06 -0.92532 0.988849 1.1468e-06 -9.25554e-07 9.81222e-07 -3.17329e-07 0.335596 -0.076966 1.30186e-06 -1.62339e-06 0.0769656 0.329168
96 0.436158 0.00614256 -0.00588975 -1.31676e-08 7.39875e-09 -0.00588974 0.00606926 7.25391e-09 -4.52524e-09 6.32566e-09 -8.91672e-10 0.00131793 -0.000528857 2.94101e-09 -7.84378e-09 0.000528854 0.0012807 -0.958843 -2.14367e-06 1.20451e-06 -0.958841 0.988067 1.18093e-06 -7.36704e-07 1.02981e-06 -1.45163e-07 0.214557 -0.0860972 4.78792e-07 -1.27696e-06 0.0860967 0.208496
100 0.431897 0.00558801 -0.00546007 -1.26564e-08 2.11179e-09 -0.00546006 0.00551706 6.7691e-09 -2.70258e-09 5.99901e-09 2.0243e-10 0.000478021 -0.00052851 -3.17866e-09 -4.8373e-09 0.000528507 0.000447322 -0.977104 -2.26491e-06 3.77915e-07 -0.977101 0.987302 1.21136e-06 -4.8364e-07 1.07355e-06 3.62258e-08 0.085544 -0.0945792 -5.68836e-07 -8.65656e-07 0.0945786 0.0800502
104 0.425533 0.00512693 -0.0050146 -1.20168e-08 -3.53893e-09 -0.00501459 0.00505811 6.32713e-09 -8.95382e-10 5.69752e-09 1.10674e-09 -0.00024654 -0.000522331 -9.55275e-09 -2.10691e-09 0.000522328 -0.000270685 -0.97809 -2.34385e-06 -6.90262e-07 -0.978087 0.986575 1.2341e-06 -1.74643e-07 1.11129e-06 2.15869e-07 -0.0480872 -0.10188 -1.86325e-06 -4.10949e-07 0.101879 -0.0527966
108 0.417095 0.00474861 -0.00456257 -1.12792e-08 -9.62818e-09 -0.00456255 0.0046817 5.90884e-09 8.26364e-10 5.41981e-09 1.81336e-09 -0.000865793 -0.000510368 -1.62158e-08 2.82681e-10 0.000510364 -0.000883389 -0.960821 -2.37527e-06 -2.02758e-06 -0.960818 0.985909 1.24433e-06 1.74022e-07 1.14135e-06 3.81871e-07 -0.182325 -0.107477 -3.41485e-06 5.95293e-08 0.107477 -0.186031
112 0.406626 0.00444269 -0.00411205 -1.04733e-08 -1.62057e-08 -0.00411204 0.00437748 5.49648e-09 2.39598e-09 5.16014e-09 2.32346e-09 -0.00139012 -0.000492811 -2.31867e-08 2.28806e-09 0.000492807 -0.00140121 -0.925577 -2.35741e-06 -3.64772e-06 -0.925573 0.985322 1.23719e-06 5.39309e-07 1.16149e-06 5.22983e-07 -0.3129 -0.110926 -5.21907e-06 5.15016e-07 0.110925 -0.315396
116 0.394175 0.00419939 -0.00366998 -9.62553e-09 -2.32921e-08 -0.00366996 0.00413567 5.07565e-09 3.75492e-09 4.90966e-09 2.64641e-09 -0.00182992 -0.000469998 -3.04675e-08 3.88662e-09 0.000469994 -0.00183457 -0.873931 -2.29213e-06 -5.54655e-06 -0.873928 0.984826 1.20866e-06 8.94159e-07 1.16914e-06 6.30189e-07 -0.435759 -0.11192 -7.25521e-06 9.25521e-07 0.11192 -0.436865
120 0.379804 0.0040096 -0.00324208 -8.7585e-09 -3.08762e-08 -0.00324207 0.00394716 4.63669e-09 4.85674e-09 4.65786e-09 2.79839e-09 -0.00219534 -0.000442402 -3.80412e-08 5.07502e-09 0.000442399 -0.00219365 -0.808579 -2.18438e-06 -7.70057e-06 -0.808576 0.984428 1.1564e-06 1.21128e-06 1.16168e-06 6.97921e-07 -0.54752 -0.110336 -9.48752e-06 1.26572e-06 0.110335 -0.547098
124 0.363583 0.00386502 -0.002833 -7.88966e-09 -3.89144e-08 -0.00283298 0.00380366 4.17521e-09 5.67006e-09 4.39412e-09 2.80066e-09 -0.00249604 -0.000410626 -4.58716e-08 5.86674e-09 0.000410622 -0.00248815 -0.732985 -2.0413e-06 -1.00684e-05 -0.732981 0.984126 1.08026e-06 1.46702e-06 1.1369e-06 7.24618e-07 -0.645803 -0.106242 -1.18684e-05 1.51791e-06 0.106241 -0.643762
128 0.34559 0.00375812 -0.00244634 -7.03177e-09 -4.73317e-08 -0.00244633 0.00369767 3.69203e-09 6.18006e-09 4.10913e-09 2.67779e-09 -0.00274107 -0.00037538 -5.39025e-08 6.28932e-09 0.000375377 -0.00272717 -0.650949 -1.87109e-06 -1.25945e-05 -0.650945 0.983914 9.82416e-07 1.64446e-06 1.0934e-06 7.12536e-07 -0.729374 -0.0998852 -1.4343e-05 1.67353e-06 0.0998844 -0.725674
132 0.325914 0.0036822 -0.00208483 -6.19362e-09 -5.60245e-08 -0.00208482 0.00362247 3.19252e-09 6.38874e-09 3.79609e-09 2.45589e-09 -0.00293875 -0.000337474 -6.20583e-08 6.38131e-09 0.000337471 -0.00291905 -0.566193 -1.68205e-06 -1.5215e-05 -0.56619 0.983781 8.67016e-07 1.73504e-06 1.03093e-06 6.66963e-07 -0.798096 -0.0916502 -1.68536e-05 1.73302e-06 0.0916494 -0.792746
136 0.304649 0.00363131 -0.00175042 -5.38114e-09 -6.4865e-08 -0.00175041 0.00357216 2.68548e-09 6.31389e-09 3.45164e-09 2.16103e-09 -0.00309658 -0.000297788 -7.02452e-08 6.18928e-09 0.000297786 -0.00307134 -0.482036 -1.48187e-06 -1.78627e-05 -0.482033 0.983712 7.39534e-07 1.73874e-06 9.50522e-07 5.95111e-07 -0.852744 -0.0820058 -1.93443e-05 1.70442e-06 0.082005 -0.845795
140 0.281901 0.00360024 -0.00144441 -4.59886e-09 -7.37061e-08 -0.00144441 0.00354153 2.18184e-09 5.98716e-09 3.0764e-09 1.81803e-09 -0.00322126 -0.000257256 -7.83533e-08 5.76518e-09 0.000257254 -0.0031908 -0.4012 -1.27738e-06 -2.04726e-05 -0.401197 0.983693 6.06026e-07 1.66299e-06 8.54499e-07 5.04975e-07 -0.894735 -0.0714553 -2.17634e-05 1.60133e-06 0.0714546 -0.886274
144 0.257779 0.00358443 -0.00116762 -3.85117e-09 -8.23874e-08 -0.00116762 0.00352604 1.69339e-09 5.45142e-09 2.67515e-09 1.44951e-09 -0.00331866 -0.000216838 -8.62596e-08 5.16382e-09 0.000216836 -0.00328331 -0.325749 -1.07442e-06 -2.29848e-05 -0.325746 0.98371 4.72428e-07 1.52086e-06 7.46324e-07 4.04392e-07 -0.925854 -0.0604945 -2.40651e-05 1.44062e-06 0.0604939 -0.915993
148 0.232401 0.00357994 -0.000920456 -3.14339e-09 -9.07412e-08 -0.00092045 0.00352177 1.23157e-09 4.75777e-09 2.25661e-09 1.07536e-09 -0.00339386 -0.000177499 -9.38321e-08 4.44084e-09 0.000177497 -0.00335401 -0.257115 -8.78055e-07 -2.53471e-05 -0.257113 0.983751 3.4402e-07 1.32901e-06 6.30348e-07 3.00385e-07 -0.948021 -0.0495816 -2.62105e-05 1.24048e-06 0.0495811 -0.93689
152 0.205891 0.00358339 -0.000703043 -2.48244e-09 -9.85988e-08 -0.000703038 0.00352536 8.06622e-10 3.96243e-09 1.83292e-09 7.12447e-10 -0.00345119 -0.000140182 -1.00934e-07 3.65092e-09 0.000140181 -0.00340727 -0.196195 -6.92764e-07 -2.75155e-05 -0.196194 0.983806 2.251e-07 1.10578e-06 5.11504e-07 1.98819e-07 -0.963108 -0.03912 -2.81671e-05 1.01885e-06 0.0391196 -0.950851
156 0.178378 0.00359188 -0.000515314 -1.87708e-09 -1.05796e-07 -0.00051531 0.00353393 4.26963e-10 3.12361e-09 1.41877e-09 3.7466e-10 -0.00349427 -0.000105785 -1.07428e-07 2.84622e-09 0.000105784 -0.00344674 -0.143466 -5.22591e-07 -2.94542e-05 -0.143465 0.983866 1.18869e-07 8.69632e-07 3.94995e-07 1.04307e-07 -0.972827 -0.0294511 -2.99086e-05 7.92404e-07 0.0294508 -0.959592
160 0.0971232 0.00360299 -0.000357081 -1.33761e-09 -1.12178e-07 -0.000357079 0.00354507 9.89954e-11 2.29856e-09 1.0304e-09 7.30762e-11 -0.0035261 -7.5137e-05 -1.13183e-07 2.07503e-09 7.51362e-05 -0.00347545 -0.099107 -3.71249e-07 -3.11348e-05 -0.0991063 0.983925 2.74759e-08 6.37959e-07 2.85985e-07 2.02821e-08 -0.978661 -0.0208541 -3.14136e-05 5.75919e-07 0.0208539 -0.964602
161 0.0357021 0.00360593 -0.000322104 -1.21434e-09 -1.1363e-07 -0.000322101 0.00354802 2.56387e-11 2.10084e-09 9.39285e-10 4.39161e-12 -0.0035326 -6.815e-05 -1.14491e-07 1.89266e-09 6.81493e-05 -0.00348124 -0.0893261 -3.36762e-07 -3.15119e-05 -0.0893254 0.983939 7.11015e-09 5.82608e-07 2.60483e-07 1.21788e-09 -0.979663 -0.0188994 -3.17508e-05 5.24874e-07 0.0188992 -0.965422
162 0.0338871 0.00360889 -0.00028895 -1.09607e-09 -1.1502e-07 -0.000288948 0.00355097 -4.41511e-11 1.90815e-09 8.51072e-10 -6.13726e-11 -0.00353857 -6.14548e-05 -1.15744e-07 1.71574e-09 6.14541e-05 -0.00348655 -0.0800663 -3.03714e-07 -3.18712e-05 -0.0800657 0.983952 -1.2234e-08 5.28738e-07 2.35827e-07 -1.7006e-08 -0.980517 -0.0170287 -3.2072e-05 4.7542e-07 0.0170286 -0.966103
163 0.0320617 0.00361182 -0.000257616 -9.82978e-10 -1.16346e-07 -0.000257614 0.00355391 -1.10329e-10 1.72125e-09 7.66014e-10 -1.24113e-10 -0.00354406 -5.50615e-05 -1.1694e-07 1.54485e-09 5.50609e-05 -0.00349141 -0.0713259 -2.72156e-07 -3.22124e-05 -0.0713253 0.983966 -3.05466e-08 4.7656e-07 2.12085e-07 -3.4363e-08 -0.981239 -0.0152448 -3.2377e-05 4.27721e-07 0.0152446 -0.966661
164 0.0302266 0.00361472 -0.000228098 -8.75238e-10 -1.17606e-07 -0.000228097 0.00355681 -1.72856e-10 1.54086e-09 6.84354e-10 -1.83734e-10 -0.00354909 -4.89799e-05 -1.18077e-07 1.38057e-09 4.89794e-05 -0.00349584 -0.0631027 -2.42132e-07 -3.25354e-05 -0.0631022 0.983978 -4.782e-08 4.26274e-07 1.89324e-07 -5.08295e-08 -0.981844 -0.0135501 -3.26655e-05 3.81931e-07 0.01355 -0.967113
165 0.0283823 0.00361755 -0.000200392 -7.73024e-10 -1.188e-07 -0.000200391 0.00355964 -2.31699e-10 1.36769e-09 6.06328e-10 -2.40148e-10 -0.00355369 -4.32191e-05 -1.19153e-07 1.22344e-09 4.32186e-05 -0.00349987 -0.0553944 -2.13687e-07 -3.28398e-05 -0.055394 0.98399 -6.40484e-08 3.78071e-07 1.67607e-07 -6.63841e-08 -0.982345 -0.011947 -3.29373e-05 3.38197e-07 0.0119469 -0.96747
166 0.0265294 0.0036203 -0.000174494 -6.76506e-10 -1.19924e-07 -0.000174493 0.00356238 -2.86828e-10 1.20241e-09 5.32166e-10 -2.93273e-10 -0.00355788 -3.77879e-05 -1.20167e-07 1.07397e-09 3.77875e-05 -0.00350353 -0.0481987 -1.86864e-07 -3.31254e-05 -0.0481984 0.984002 -7.92276e-08 3.32128e-07 1.46995e-07 -8.10079e-08 -0.982756 -0.0104378 -3.31924e-05 2.96653e-07 0.0104377 -0.967746
167 0.0246683 0.00362295 -0.0001504 -5.85847e-10 -1.20978e-07 -0.000150399 0.00356503 -3.3822e-10 1.04564e-09 4.62087e-10 -3.43035e-10 -0.00356168 -3.26946e-05 -1.21117e-07 9.32649e-10 3.26942e-05 -0.00350684 -0.0415131 -1.61704e-07 -3.33922e-05 -0.0415128 0.984012 -9.33549e-08 2.88616e-07 1.27544e-07 -9.4684e-08 -0.983088 -0.00902429 -3.34305e-05 2.57428e-07 0.0090242 -0.967952
168 0.0172754 0.00362547 -0.000128106 -5.01205e-10 -1.2196e-07 -0.000128105 0.00356755 -3.85855e-10 8.97992e-10 3.963e-10 -3.89367e-10 -0.00356512 -2.79468e-05 -1.22003e-07 7.99923e-10 2.79465e-05 -0.00350982 -0.0353351 -1.38245e-07 -3.36398e-05 -0.0353348 0.984022 -1.06429e-07 2.4769e-07 1.0931e-07 -1.07398e-07 -0.983353 -0.00770846 -3.36515e-05 2.2064e-07 0.00770838 -0.968101
168.5 0.0109315 0.00362668 -0.000117634 -4.61188e-10 -1.22424e-07 -0.000117633 0.00356875 -4.08258e-10 8.27765e-10 3.65079e-10 -4.11227e-10 -0.00356671 -2.57048e-05 -1.22421e-07 7.36918e-10 2.57045e-05 -0.0035112 -0.0324356 -1.27165e-07 -3.37564e-05 -0.0324354 0.984027 -1.12571e-07 2.28243e-07 1.00665e-07 -1.13389e-07 -0.983463 -0.00708769 -3.37555e-05 2.03193e-07 0.00708761 -0.968157
169 0.0104622 0.00362785 -0.00010761 -4.22731e-10 -1.22869e-07 -0.000107609 0.00356992 -4.29716e-10 7.60024e-10 3.35004e-10 -4.32207e-10 -0.00356821 -2.35518e-05 -1.22822e-07 6.7622e-10 2.35516e-05 -0.00351249 -0.0296621 -1.16524e-07 -3.38682e-05 -0.0296619 0.984032 -1.18449e-07 2.09497e-07 9.23421e-08 -1.19136e-07 -0.98356 -0.00649194 -3.38553e-05 1.86397e-07 0.00649187 -0.968202
169.5 0.00999215 0.00362899 -9.80343e-05 -3.85853e-10 -1.23295e-07 -9.80336e-05 0.00357106 -4.50228e-10 6.94834e-10 3.06098e-10 -4.52299e-10 -0.00356964 -2.14887e-05 -1.23207e-07 6.17876e-10 2.14885e-05 -0.00351372 -0.0270142 -1.06325e-07 -3.39751e-05 -0.027014 0.984036 -1.24064e-07 1.91468e-07 8.4348e-08 -1.24635e-07 -0.983645 -0.00592141 -3.39507e-05 1.70261e-07 0.00592135 -0.968237
170 0.0095213 0.00363008 -8.89069e-05 -3.50569e-10 -1.23703e-07 -8.89062e-05 0.00357215 -4.69791e-10 6.32256e-10 2.78383e-10 -4.71499e-10 -0.00357098 -1.95163e-05 -1.23574e-07 5.61933e-10 1.95161e-05 -0.00351487 -0.0244917 -9.65732e-08 -3.40771e-05 -0.0244915 0.984041 -1.29416e-07 1.74171e-07 7.66879e-08 -1.29887e-07 -0.983719 -0.00537627 -3.40417e-05 1.54799e-07 0.00537622 -0.968263
170.5 0.00904972 0.00363113 -8.02272e-05 -3.16896e-10 -1.24091e-07 -8.02266e-05 0.0035732 -4.88405e-10 5.72349e-10 2.51881e-10 -4.89798e-10 -0.00357225 -1.76353e-05 -1.23925e-07 5.08435e-10 1.76351e-05 -0.00351596 -0.0220943 -8.7272e-08 -3.41743e-05 -0.0220941 0.984045 -1.34505e-07 1.57623e-07 6.93672e-08 -1.34889e-07 -0.983783 -0.00485669 -3.41284e-05 1.40021e-07 0.00485664 -0.968282
171 0.00857745 0.00363214 -7.19949e-05 -2.84851e-10 -1.24461e-07 -7.19943e-05 0.0035742 -5.06068e-10 5.1517e-10 2.26612e-10 -5.07193e-10 -0.00357344 -1.58464e-05 -1.24258e-07 4.57424e-10 1.58462e-05 -0.00351698 -0.0198216 -7.84252e-08 -3.42666e-05 -0.0198215 0.984048 -1.39331e-07 1.41837e-07 6.23909e-08 -1.3964e-07 -0.983838 -0.00436283 -3.42107e-05 1.25938e-07 0.00436278 -0.968294
171.5 0.00810453 0.0036331 -6.42095e-05 -2.54448e-10 -1.24811e-07 -6.4209e-05 0.00357516 -5.22781e-10 4.60772e-10 2.02596e-10 -5.23677e-10 -0.00357455 -1.41503e-05 -1.24574e-07 4.0894e-10 1.41502e-05 -0.00351793 -0.0176735 -7.00361e-08 -3.43539e-05 -0.0176733 0.984052 -1.43894e-07 1.26826e-07 5.57638e-08 -1.4414e-07 -0.983884 -0.00389483 -3.42886e-05 1.12559e-07 0.00389479 -0.968301
172 0.00763099 0.00363402 -5.68708e-05 -2.25702e-10 -1.25142e-07 -5.68704e-05 0.00357607 -5.38541e-10 4.09206e-10 1.79849e-10 -5.39245e-10 -0.0035756 -1.25477e-05 -1.24873e-07 3.63021e-10 1.25475e-05 -0.00351883 -0.0156496 -6.21082e-08 -3.44363e-05 -0.0156495 0.984056 -1.48194e-07 1.12604e-07 4.94905e-08 -1.48388e-07 -0.983924 -0.00345284 -3.43622e-05 9.98953e-08 0.0034528 -0.968302
172.5 0.00715688 0.00363488 -4.99784e-05 -1.98627e-10 -1.25454e-07 -4.99781e-05 0.00357694 -5.53348e-10 3.60521e-10 1.58392e-10 -5.53893e-10 -0.00357657 -1.10391e-05 -1.25154e-07 3.19704e-10 1.1039e-05 -0.00351965 -0.0137497 -5.46446e-08 -3.45138e-05 -0.0137496 0.984059 -1.52233e-07 9.91836e-08 4.35755e-08 -1.52383e-07 -0.983957 -0.00303698 -3.44313e-05 8.79543e-08 0.00303695 -0.9683
173 0.00668221 0.0036357 -4.35322e-05 -1.73235e-10 -1.25746e-07 -4.35318e-05 0.00357775 -5.67202e-10 3.14761e-10 1.38239e-10 -5.67616e-10 -0.00357747 -9.6251e-06 -1.25417e-07 2.79021e-10 9.625e-06 -0.00352042 -0.0119735 -4.76484e-08 -3.45864e-05 -0.0119735 0.984062 -1.56009e-07 8.65751e-08 3.80226e-08 -1.56123e-07 -0.983985 -0.00264739 -3.4496e-05 7.67448e-08 0.00264736 -0.968294
173.5 0.00620704 0.00363646 -3.75317e-05 -1.49539e-10 -1.26018e-07 -3.75314e-05 0.00357851 -5.80102e-10 2.7197e-10 1.19407e-10 -5.8041e-10 -0.00357831 -8.30631e-06 -1.25663e-07 2.41005e-10 8.30622e-06 -0.00352113 -0.0103209 -4.11222e-08 -3.4654e-05 -0.0103209 0.984065 -1.59524e-07 7.47896e-08 3.28359e-08 -1.59608e-07 -0.984008 -0.00228417 -3.45563e-05 6.62746e-08 0.00228415 -0.968285
174 0.0057314 0.00363718 -3.19767e-05 -1.27551e-10 -1.2627e-07 -3.19765e-05 0.00357923 -5.92047e-10 2.32186e-10 1.0191e-10 -5.92272e-10 -0.00357907 -7.08318e-06 -1.25891e-07 2.05686e-10 7.0831e-06 -0.00352178 -0.00879164 -3.50688e-08 -3.47166e-05 -0.00879157 0.984067 -1.62777e-07 6.3837e-08 2.80189e-08 -1.62838e-07 -0.984026 -0.00194744 -3.46122e-05 5.6551e-08 0.00194742 -0.968275
174.5 0.00525531 0.00363784 -2.68671e-05 -1.07282e-10 -1.26503e-07 -2.68669e-05 0.00357988 -6.03038e-10 1.95449e-10 8.57615e-11 -6.03197e-10 -0.00357978 -5.95618e-06 -1.261e-07 1.7309e-10 5.95612e-06 -0.00352238 -0.00738545 -2.94906e-08 -3.47742e-05 -0.0073854 0.98407 -1.65768e-07 5.37266e-08 2.35749e-08 -1.65812e-07 -0.984041 -0.00163729 -3.46636e-05 4.75806e-08 0.00163727 -0.968263
175 0.00477883 0.00363844 -2.22025e-05 -8.87409e-11 -1.26716e-07 -2.22023e-05 0.00358049 -6.13074e-10 1.6179e-10 7.09749e-11 -6.13182e-10 -0.00358041 -4.92574e-06 -1.26292e-07 1.43244e-10 4.92569e-06 -0.00352292 -0.00610219 -2.43898e-08 -3.48269e-05 -0.00610215 0.984072 -1.68499e-07 4.44669e-08 1.9507e-08 -1.68529e-07 -0.984052 -0.0013538 -3.47105e-05 3.93696e-08 0.00135379 -0.96825
175.5 0.00430199 0.00363899 -1.79827e-05 -7.19375e-11 -1.26908e-07 -1.79826e-05 0.00358104 -6.22155e-10 1.31243e-10 5.75613e-11 -6.22226e-10 -0.00358099 -3.99225e-06 -1.26466e-07 1.1617e-10 3.99221e-06 -0.00352341 -0.00494168 -1.97685e-08 -3.48746e-05 -0.00494164 0.984074 -1.70969e-07 3.60657e-08 1.58179e-08 -1.70989e-07 -0.984061 -0.00109708 -3.47531e-05 3.19236e-08 0.00109707 -0.968237
176 0.00382481 0.00363949 -1.42077e-05 -5.68801e-11 -1.27081e-07 -1.42076e-05 0.00358153 -6.3028e-10 1.03834e-10 4.55313e-11 -6.30324e-10 -0.0035815 -3.15607e-06 -1.26622e-07 9.18892e-11 3.15604e-06 -0.00352384 -0.00390376 -1.56286e-08 -3.49172e-05 -0.00390373 0.984076 -1.73178e-07 2.85299e-08 1.25104e-08 -1.7319e-07 -0.984068 -0.000867175 -3.47911e-05 2.52478e-08 0.000867166 -0.968224
176.5 0.00334735 0.00363992 -1.08772e-05 -4.35764e-11 -1.27233e-07 -1.08771e-05 0.00358197 -6.37449e-10 7.95902e-11 3.48942e-11 -6.37475e-10 -0.00358195 -2.41752e-06 -1.26759e-07 7.04207e-11 2.41749e-06 -0.00352422 -0.00298829 -1.19718e-08 -3.49549e-05 -0.00298827 0.984078 -1.75127e-07 2.18659e-08 9.58652e-09 -1.75134e-07 -0.984073 -0.000664167 -3.48247e-05 1.93467e-08 0.00066416 -0.968212
177 0.00286963 0.0036403 -7.99099e-06 -3.20328e-11 -1.27365e-07 -7.99093e-06 0.00358235 -6.43663e-10 5.85331e-11 2.56584e-11 -6.43677e-10 -0.00358234 -1.77687e-06 -1.26879e-07 5.1781e-11 1.77685e-06 -0.00352455 -0.00219514 -8.79949e-09 -3.49875e-05 -0.00219513 0.984079 -1.76816e-07 1.60792e-08 7.04843e-09 -1.7682e-07 -0.984076 -0.000488109 -3.48538e-05 1.42244e-08 0.000488104 -0.968201
177.5 0.00239169 0.00364063 -5.54907e-06 -2.22554e-11 -1.27477e-07 -5.54903e-06 0.00358267 -6.48921e-10 4.06825e-11 1.78312e-11 -6.48928e-10 -0.00358267 -1.23437e-06 -1.2698e-07 3.59845e-11 1.23435e-06 -0.00352482 -0.00152421 -6.11305e-09 -3.50152e-05 -0.0015242 0.98408 -1.78244e-07 1.11746e-08 4.89784e-09 -1.78246e-07 -0.984079 -0.000339053 -3.48785e-05 9.88415e-09 0.000339049 -0.96819
178 0.00191357 0.00364089 -3.55129e-06 -1.42488e-11 -1.27569e-07 -3.55126e-06 0.00358293 -6.53223e-10 2.60549e-11 1.14187e-11 -6.53226e-10 -0.00358293 -7.90219e-07 -1.27062e-07 2.30434e-11 7.90211e-07 -0.00352505 -0.000975389 -3.91355e-09 -3.50378e-05 -0.000975382 0.984081 -1.79413e-07 7.15617e-09 3.13624e-09 -1.79414e-07 -0.984081 -0.00021704 -3.48986e-05 6.32906e-09 0.000217038 -0.968182
178.5 0.00143531 0.0036411 -1.99755e-06 -8.01734e-12 -1.2764e-07 -1.99753e-06 0.00358314 -6.56569e-10 1.46638e-11 6.42598e-12 -6.5657e-10 -0.00358314 -4.44597e-07 -1.27127e-07 1.29678e-11 4.44592e-07 -0.00352522 -0.000548611 -2.2019e-09 -3.50554e-05 -0.000548607 0.984082 -1.80322e-07 4.02729e-09 1.76485e-09 -1.80322e-07 -0.984082 -0.000122105 -3.49143e-05 3.5615e-09 0.000122104 -0.968175
179 0.000956932 0.00364125 -8.87783e-07 -3.56402e-12 -1.27691e-07 -8.87776e-07 0.00358329 -6.58959e-10 6.51974e-12 2.85693e-12 -6.58959e-10 -0.00358329 -1.9763e-07 -1.27173e-07 5.76531e-12 1.97628e-07 -0.00352535 -0.000243813 -9.78789e-10 -3.50679e-05 -0.000243811 0.984082 -1.80971e-07 1.79052e-09 7.84602e-10 -1.80971e-07 -0.984082 -5.42753e-05 -3.49255e-05 1.58333e-09 5.42748e-05 -0.96817
179.5 0.000478484 0.00364134 -2.21943e-07 -8.91116e-13 -1.27722e-07 -2.21942e-07 0.00358338 -6.60393e-10 1.63031e-12 7.14374e-13 -6.60393e-10 -0.00358338 -4.94122e-08 -1.272e-07 1.44161e-12 4.94117e-08 -0.00352542 -6.0951e-05 -2.44722e-10 -3.50755e-05 -6.09506e-05 0.984083 -1.8136e-07 4.47724e-10 1.96184e-10 -1.8136e-07 -0.984083 -1.35698e-05 -3.49323e-05 3.959e-10 1.35696e-05 -0.968167
180 5.98114e-05 0.00364137 0 0 -1.27732e-07 0 0.00358341 -6.60871e-10 0 0 -6.60871e-10 -0.00358341 0 -1.27209e-07 0 0 -0.00352545 0 0 -3.5078e-05 0 0.984083 -1.8149e-07 0 0 -1.8149e-07 -0.984083 0 -3.49345e-05 0 0 -0.968166
