theta 2pi*dcos S11 S12 S13 S14 S21 S22 S23 S24 S31 S32 S33 S34 S41 S42 S43 S44 S12_norm S13_norm S14_norm S21_norm S22_norm S23_norm S24_norm S31_norm S32_norm S33_norm S34_norm S41_norm S42_norm S43_norm S44_norm
0 2.39246e-06 9.94661 6.45563e-17 6.56301e-18 -0.00143618 6.3508e-17 9.93445 0.00174694 -5.7459e-18 7.94901e-18 -0.00174694 9.93445 1.55898e-17 -0.0014362 6.16201e-18 -1.58657e-17 9.92338 6.49029e-18 6.59824e-19 -0.000144389 6.38489e-18 0.998778 0.000175632 -5.77674e-19 7.99168e-19 -0.000175632 0.998778 1.56735e-18 -0.000144391 6.19508e-19 -1.59509e-18 0.997664
0.1 1.91397e-05 9.94641 1.42062e-06 8.43704e-10 -0.00143613 1.42065e-06 9.93425 0.00174694 3.15909e-09 -1.07294e-09 -0.00174694 9.93425 1.77822e-05 -0.00143615 4.18209e-09 -1.77822e-05 9.92318 1.42827e-07 8.4825e-11 -0.000144387 1.42831e-07 0.998778 0.000175635 3.17611e-10 -1.07872e-10 -0.000175635 0.998778 1.7878e-06 -0.000144389 4.20462e-10 -1.7878e-06 0.997664
0.2 3.82793e-05 9.94581 5.68314e-06 3.37439e-09 -0.00143597 5.68328e-06 9.93366 0.00174693 1.26361e-08 -4.29122e-09 -0.00174693 9.93366 7.11252e-05 -0.00143599 1.67279e-08 -7.11251e-05 9.92258 5.7141e-07 3.39277e-10 -0.00014438 5.71425e-07 0.998778 0.000175645 1.27049e-09 -4.3146e-10 -0.000175645 0.998778 7.15128e-06 -0.000144382 1.6819e-09 -7.15126e-06 0.997664
0.3 5.74188e-05 9.94481 1.27896e-05 7.59077e-09 -0.00143571 1.27899e-05 9.93266 0.00174692 2.84301e-08 -9.65321e-09 -0.00174692 9.93266 0.000160018 -0.00143573 3.76359e-08 -0.000160018 9.92159 1.28605e-06 7.6329e-10 -0.000144368 1.28609e-06 0.998778 0.000175661 2.85879e-09 -9.70678e-10 -0.000175661 0.998778 1.60906e-05 -0.00014437 3.78447e-09 -1.60906e-05 0.997664
0.4 7.65581e-05 9.94341 2.27432e-05 1.34907e-08 -0.00143535 2.27438e-05 9.93126 0.0017469 5.05398e-08 -1.71562e-08 -0.0017469 9.93126 0.000284444 -0.00143537 6.69037e-08 -0.000284443 9.92019 2.28727e-06 1.35675e-09 -0.000144352 2.28732e-06 0.998778 0.000175684 5.08274e-09 -1.72539e-09 -0.000175684 0.998778 2.86062e-05 -0.000144354 6.72845e-09 -2.86062e-05 0.997664
0.5 9.56972e-05 9.94162 3.55488e-05 2.10713e-08 -0.00143488 3.55497e-05 9.92947 0.00174687 7.8963e-08 -2.67965e-08 -0.00174687 9.92947 0.000444376 -0.0014349 1.04528e-07 -0.000444376 9.9184 3.57576e-06 2.1195e-09 -0.000144331 3.57585e-06 0.998778 0.000175713 7.94267e-09 -2.69539e-09 -0.000175713 0.998778 4.46986e-05 -0.000144333 1.05142e-08 -4.46985e-05 0.997665
0.6 0.000114836 9.93943 5.12123e-05 3.03285e-08 -0.00143431 5.12136e-05 9.92728 0.00174684 1.13697e-07 -3.85692e-08 -0.00174684 9.92728 0.000639784 -0.00143433 1.50504e-07 -0.000639783 9.91621 5.15244e-06 3.05134e-09 -0.000144305 5.15257e-06 0.998778 0.000175749 1.1439e-08 -3.88043e-09 -0.000175749 0.998778 6.43683e-05 -0.000144307 1.51422e-08 -6.43682e-05 0.997665
0.7 0.000133974 9.93683 6.9741e-05 4.12579e-08 -0.00143363 6.97428e-05 9.92469 0.00174681 1.5474e-07 -5.24684e-08 -0.00174681 9.92469 0.000870627 -0.00143365 2.04828e-07 -0.000870626 9.91363 7.01844e-06 4.15202e-09 -0.000144274 7.01861e-06 0.998778 0.000175791 1.55723e-08 -5.28019e-09 -0.000175791 0.998778 8.76162e-05 -0.000144277 2.0613e-08 -8.7616e-05 0.997665
0.8 0.000153112 9.93384 9.11437e-05 5.38538e-08 -0.00143285 9.1146e-05 9.9217 0.00174677 2.02086e-07 -6.8487e-08 -0.00174677 9.9217 0.00113686 -0.00143287 2.67492e-07 -0.00113686 9.91064 9.17507e-06 5.42124e-09 -0.000144239 9.1753e-06 0.998777 0.00017584 2.03432e-08 -6.89432e-09 -0.00017584 0.998777 0.000114443 -0.000144241 2.69273e-08 -0.000114443 0.997665
0.9 0.00017225 9.93045 0.00011543 6.81098e-08 -0.00143197 0.000115433 9.91831 0.00174672 2.55732e-07 -8.66172e-08 -0.00174672 9.91831 0.00143843 -0.00143199 3.38489e-07 -0.00143843 9.90726 1.16239e-05 6.85867e-09 -0.0001442 1.16241e-05 0.998777 0.000175895 2.57523e-08 -8.72238e-09 -0.000175895 0.998777 0.00014485 -0.000144202 3.40859e-08 -0.00014485 0.997665
1 0.000191387 9.92667 0.000142612 8.40187e-08 -0.00143098 0.000142615 9.91453 0.00174667 3.15674e-07 -1.0685e-07 -0.00174667 9.91453 0.00177527 -0.001431 4.17811e-07 -0.00177527 9.90349 1.43665e-05 8.46393e-09 -0.000144155 1.43669e-05 0.998777 0.000175957 3.18006e-08 -1.07639e-08 -0.000175957 0.998777 0.000178839 -0.000144157 4.20897e-08 -0.000178838 0.997665
1.1 0.000210523 9.92249 0.000172701 1.01572e-07 -0.00142989 0.000172705 9.91035 0.00174661 3.81905e-07 -1.29174e-07 -0.00174661 9.91035 0.00214732 -0.00142991 5.05449e-07 -0.00214732 9.89931 1.7405e-05 1.02366e-08 -0.000144106 1.74055e-05 0.998777 0.000176026 3.84888e-08 -1.30183e-08 -0.000176026 0.998777 0.00021641 -0.000144108 5.09398e-08 -0.00021641 0.997665
1.2 0.000229659 9.91791 0.000205712 1.20762e-07 -0.0014287 0.000205717 9.90577 0.00174655 4.5442e-07 -1.53579e-07 -0.00174655 9.90577 0.00255451 -0.00142872 6.01394e-07 -0.0025545 9.89474 2.07415e-05 1.21762e-08 -0.000144052 2.0742e-05 0.998777 0.000176101 4.58181e-08 -1.54851e-08 -0.000176101 0.998777 0.000257565 -0.000144054 6.06371e-08 -0.000257565 0.997665
1.3 0.000248794 9.91293 0.00024166 1.41578e-07 -0.0014274 0.000241666 9.9008 0.00174648 5.33212e-07 -1.80053e-07 -0.00174648 9.9008 0.00299674 -0.00142742 7.05633e-07 -0.00299674 9.88978 2.43783e-05 1.42821e-08 -0.000143994 2.43789e-05 0.998776 0.000176182 5.37895e-08 -1.81635e-08 -0.000176182 0.998776 0.000302307 -0.000143995 7.1183e-08 -0.000302306 0.997665
1.4 0.000267929 9.90756 0.000280561 1.64009e-07 -0.001426 0.000280568 9.89544 0.0017464 6.18274e-07 -2.08582e-07 -0.0017464 9.89544 0.00347394 -0.00142602 8.18154e-07 -0.00347394 9.88442 2.83179e-05 1.6554e-08 -0.00014393 2.83186e-05 0.998776 0.00017627 6.24042e-08 -2.10528e-08 -0.00017627 0.998776 0.000350635 -0.000143932 8.25788e-08 -0.000350635 0.997665
1.5 0.000287062 9.9018 0.000322434 1.88045e-07 -0.0014245 0.000322441 9.88968 0.00174632 7.09598e-07 -2.39152e-07 -0.00174632 9.88967 0.00398601 -0.00142451 9.38946e-07 -0.003986 9.87867 3.25631e-05 1.8991e-08 -0.000143863 3.25639e-05 0.998776 0.000176364 7.16635e-08 -2.41524e-08 -0.000176364 0.998776 0.000402554 -0.000143864 9.48258e-08 -0.000402553 0.997665
1.6 0.000306195 9.89564 0.000367296 2.13673e-07 -0.00142289 0.000367305 9.88352 0.00174623 8.07176e-07 -2.71747e-07 -0.00174623 9.88352 0.00453283 -0.00142291 1.06799e-06 -0.00453282 9.87253 3.7117e-05 2.15926e-08 -0.00014379 3.71179e-05 0.998776 0.000176465 8.15689e-08 -2.74613e-08 -0.000176465 0.998775 0.000458064 -0.000143791 1.07926e-07 -0.000458063 0.997665
1.7 0.000325327 9.88908 0.000415169 2.40879e-07 -0.00142118 0.000415179 9.87697 0.00174614 9.11e-07 -3.06351e-07 -0.00174614 9.87697 0.00511431 -0.0014212 1.20528e-06 -0.0051143 9.86599 4.19825e-05 2.43581e-08 -0.000143712 4.19836e-05 0.998775 0.000176572 9.21218e-08 -3.09787e-08 -0.000176572 0.998775 0.000517167 -0.000143714 1.2188e-07 -0.000517167 0.997665
1.8 0.000344457 9.88214 0.000466074 2.6965e-07 -0.00141937 0.000466085 9.87003 0.00174604 1.02106e-06 -3.42946e-07 -0.00174604 9.87003 0.00573033 -0.00141939 1.3508e-06 -0.00573032 9.85906 4.71632e-05 2.72866e-08 -0.00014363 4.71644e-05 0.998775 0.000176686 1.03324e-07 -3.47036e-08 -0.000176686 0.998775 0.000579867 -0.000143631 1.36691e-07 -0.000579866 0.997665
1.9 0.000363587 9.8748 0.000520033 2.99972e-07 -0.00141746 0.000520046 9.8627 0.00174593 1.13734e-06 -3.81513e-07 -0.00174593 9.8627 0.00638076 -0.00141747 1.50452e-06 -0.00638075 9.85174 5.26627e-05 3.03775e-08 -0.000143543 5.26639e-05 0.998775 0.000176807 1.15177e-07 -3.8635e-08 -0.000176807 0.998774 0.000646166 -0.000143544 1.52359e-07 -0.000646165 0.997665
2 0.000382716 9.86707 0.000577072 3.31828e-07 -0.00141545 0.000577086 9.85497 0.00174582 1.25985e-06 -4.22034e-07 -0.00174582 9.85497 0.00706547 -0.00141546 1.66643e-06 -0.00706546 9.84403 5.84846e-05 3.36299e-08 -0.000143452 5.8486e-05 0.998774 0.000176934 1.27682e-07 -4.27719e-08 -0.000176934 0.998774 0.000716066 -0.000143453 1.68888e-07 -0.000716064 0.997664
2.1 0.000401843 9.85895 0.000637215 3.65203e-07 -0.00141333 0.00063723 9.84686 0.0017457 1.38855e-06 -4.64486e-07 -0.0017457 9.84686 0.00778433 -0.00141334 1.83652e-06 -0.00778431 9.83592 6.46331e-05 3.70428e-08 -0.000143355 6.46346e-05 0.998774 0.000177067 1.40842e-07 -4.71132e-08 -0.000177067 0.998773 0.00078957 -0.000143356 1.86279e-07 -0.000789568 0.997664
2.2 0.000420969 9.85044 0.000700488 4.00079e-07 -0.00141111 0.000700504 9.83836 0.00174557 1.52345e-06 -5.0885e-07 -0.00174557 9.83835 0.00853718 -0.00141112 2.01476e-06 -0.00853717 9.82743 7.11123e-05 4.06154e-08 -0.000143254 7.1114e-05 0.998773 0.000177207 1.54658e-07 -5.16576e-08 -0.000177207 0.998773 0.00086668 -0.000143255 2.04535e-07 -0.000866679 0.997664
2.3 0.000440094 9.84154 0.000766919 4.36439e-07 -0.0014088 0.000766937 9.82947 0.00174543 1.66453e-06 -5.55102e-07 -0.00174543 9.82946 0.00932389 -0.0014088 2.20113e-06 -0.00932387 9.81856 7.79267e-05 4.43466e-08 -0.000143148 7.79285e-05 0.998773 0.000177353 1.69133e-07 -5.64039e-08 -0.000177353 0.998772 0.000947401 -0.000143149 2.23657e-07 -0.0009474 0.997664
2.4 0.000459218 9.83226 0.000836538 4.74263e-07 -0.00140638 0.000836557 9.82019 0.00174529 1.81177e-06 -6.03217e-07 -0.00174529 9.82018 0.0101443 -0.00140638 2.39561e-06 -0.0101443 9.80929 8.50809e-05 4.82354e-08 -0.000143037 8.50829e-05 0.998772 0.000177506 1.84268e-07 -6.13509e-08 -0.000177506 0.998772 0.00103174 -0.000143038 2.43648e-07 -0.00103173 0.997664
2.5 0.00047834 9.82258 0.000909373 5.13532e-07 -0.00140386 0.000909394 9.81052 0.00174514 1.96518e-06 -6.53173e-07 -0.00174514 9.81052 0.0109982 -0.00140386 2.59818e-06 -0.0109982 9.79964 9.25798e-05 5.22807e-08 -0.000142921 9.2582e-05 0.998772 0.000177666 2.00067e-07 -6.64971e-08 -0.000177666 0.998771 0.00111969 -0.000142922 2.6451e-07 -0.00111968 0.997664
2.6 0.000497461 9.81253 0.000985457 5.54226e-07 -0.00140124 0.00098548 9.80047 0.00174498 2.12472e-06 -7.04943e-07 -0.00174498 9.80046 0.0118855 -0.00140124 2.80881e-06 -0.0118855 9.78961 0.000100429 5.64815e-08 -0.000142801 0.000100431 0.998771 0.000177832 2.16531e-07 -7.18411e-08 -0.000177832 0.998771 0.00121126 -0.000142801 2.86247e-07 -0.00121125 0.997664
2.7 0.00051658 9.80208 0.00106482 5.96324e-07 -0.00139852 0.00106485 9.79004 0.00174481 2.29039e-06 -7.585e-07 -0.00174481 9.79003 0.0128059 -0.00139852 3.02748e-06 -0.0128059 9.77919 0.000108632 6.08364e-08 -0.000142676 0.000108635 0.998771 0.000178004 2.33663e-07 -7.73815e-08 -0.000178004 0.99877 0.00130645 -0.000142676 3.08861e-07 -0.00130645 0.997664
2.8 0.000535698 9.79126 0.0011475 6.39803e-07 -0.0013957 0.00114753 9.77922 0.00174464 2.46217e-06 -8.13817e-07 -0.00174464 9.77921 0.0137594 -0.0013957 3.25417e-06 -0.0137594 9.76838 0.000117196 6.53444e-08 -0.000142546 0.000117199 0.99877 0.000178183 2.51466e-07 -8.31167e-08 -0.000178183 0.998769 0.00140527 -0.000142545 3.32355e-07 -0.00140527 0.997664
2.9 0.000554814 9.78005 0.00123353 6.84643e-07 -0.00139278 0.00123355 9.76802 0.00174446 2.64004e-06 -8.70865e-07 -0.00174446 9.76801 0.0147456 -0.00139278 3.48885e-06 -0.0147456 9.7572 0.000126127 7.0004e-08 -0.000142411 0.00012613 0.99877 0.000178369 2.69941e-07 -8.9045e-08 -0.000178369 0.998769 0.00150773 -0.00014241 3.56732e-07 -0.00150772 0.997664
3 0.000573928 9.76846 0.00132294 7.30818e-07 -0.00138976 0.00132297 9.75644 0.00174427 2.824e-06 -9.29615e-07 -0.00174426 9.75642 0.0157645 -0.00138976 3.7315e-06 -0.0157644 9.74564 0.00013543 7.4814e-08 -0.000142271 0.000135433 0.998769 0.000178561 2.89093e-07 -9.51649e-08 -0.000178561 0.998768 0.00161381 -0.00014227 3.81994e-07 -0.00161381 0.997664
3.1 0.00059304 9.75649 0.00141577 7.78305e-07 -0.00138665 0.0014158 9.74448 0.00174407 3.01401e-06 -9.90036e-07 -0.00174406 9.74446 0.0168157 -0.00138664 3.98207e-06 -0.0168157 9.73369 0.000145111 7.9773e-08 -0.000142126 0.000145114 0.998769 0.000178759 3.08924e-07 -1.01475e-07 -0.000178759 0.998767 0.00172354 -0.000142125 4.08146e-07 -0.00172354 0.997663
3.2 0.000612151 9.74414 0.00151206 8.27079e-07 -0.00138344 0.00151209 9.73214 0.00174386 3.21008e-06 -1.0521e-06 -0.00174385 9.73212 0.0178991 -0.00138343 4.24055e-06 -0.0178991 9.72137 0.000155177 8.48796e-08 -0.000141976 0.00015518 0.998768 0.000178965 3.29437e-07 -1.07972e-07 -0.000178964 0.998766 0.00183691 -0.000141975 4.3519e-07 -0.00183691 0.997663
3.3 0.00063126 9.73142 0.00161185 8.77114e-07 -0.00138012 0.00161188 9.71942 0.00174364 3.41217e-06 -1.11577e-06 -0.00174364 9.7194 0.0190146 -0.00138011 4.50691e-06 -0.0190145 9.70868 0.000165634 9.01322e-08 -0.000141821 0.000165637 0.998767 0.000179176 3.50634e-07 -1.14656e-07 -0.000179176 0.998765 0.00195393 -0.00014182 4.6313e-07 -0.00195393 0.997663
3.4 0.000650367 9.71832 0.00171518 9.28385e-07 -0.00137672 0.00171521 9.70633 0.00174341 3.62027e-06 -1.18101e-06 -0.00174341 9.70631 0.0201617 -0.0013767 4.78112e-06 -0.0201617 9.6956 0.000176489 9.55294e-08 -0.000141662 0.000176493 0.998767 0.000179394 3.72521e-07 -1.21524e-07 -0.000179394 0.998764 0.00207461 -0.00014166 4.9197e-07 -0.0020746 0.997663
3.5 0.000669472 9.70484 0.00182208 9.80864e-07 -0.00137321 0.00182212 9.69287 0.00174317 3.83437e-06 -1.24779e-06 -0.00174317 9.69284 0.0213404 -0.00137319 5.06313e-06 -0.0213403 9.68216 0.00018775 1.0107e-07 -0.000141497 0.000187753 0.998766 0.000179619 3.95098e-07 -1.28574e-07 -0.000179618 0.998763 0.00219894 -0.000141496 5.21712e-07 -0.00219893 0.997663
3.6 0.000688575 9.691 0.0019326 1.03452e-06 -0.00136961 0.00193264 9.67903 0.00174292 4.05443e-06 -1.31608e-06 -0.00174292 9.679 0.0225503 -0.00136959 5.35293e-06 -0.0225503 9.66834 0.000199423 1.06751e-07 -0.000141328 0.000199427 0.998765 0.00017985 4.18371e-07 -1.35804e-07 -0.00017985 0.998762 0.00232693 -0.000141326 5.52362e-07 -0.00232693 0.997662
3.7 0.000707676 9.67678 0.00204679 1.08933e-06 -0.00136591 0.00204683 9.66482 0.00174267 4.28045e-06 -1.38584e-06 -0.00174266 9.66479 0.0237913 -0.00136589 5.65048e-06 -0.0237912 9.65415 0.000211516 1.12572e-07 -0.000141153 0.00021152 0.998764 0.000180087 4.42343e-07 -1.43212e-07 -0.000180087 0.998761 0.00245859 -0.000141151 5.83922e-07 -0.00245859 0.997662
3.8 0.000726775 9.66219 0.00216468 1.14527e-06 -0.00136212 0.00216473 9.65024 0.0017424 4.5124e-06 -1.45702e-06 -0.00174239 9.65021 0.025063 -0.00136209 5.95574e-06 -0.025063 9.63959 0.000224037 1.18531e-07 -0.000140974 0.000224041 0.998764 0.000180332 4.67017e-07 -1.50796e-07 -0.000180331 0.99876 0.00259393 -0.000140971 6.16397e-07 -0.00259392 0.997662
3.9 0.000745871 9.64723 0.00228633 1.2023e-06 -0.00135823 0.00228637 9.6353 0.00174212 4.75026e-06 -1.52961e-06 -0.00174211 9.63526 0.0263653 -0.0013582 6.26868e-06 -0.0263653 9.62467 0.000236993 1.24626e-07 -0.000140789 0.000236998 0.998763 0.000180582 4.92397e-07 -1.58554e-07 -0.000180582 0.998759 0.00273294 -0.000140786 6.49791e-07 -0.00273294 0.997661
4 0.000764965 9.63191 0.00241177 1.26039e-06 -0.00135424 0.00241181 9.61998 0.00174183 4.99401e-06 -1.60355e-06 -0.00174182 9.61994 0.0276979 -0.00135421 6.58927e-06 -0.0276978 9.60938 0.000250394 1.30855e-07 -0.0001406 0.000250398 0.998762 0.000180839 5.18486e-07 -1.66483e-07 -0.000180839 0.998758 0.00287564 -0.000140597 6.84108e-07 -0.00287563 0.997661
4.1 0.000784057 9.61622 0.00254105 1.31951e-06 -0.00135016 0.0025411 9.6043 0.00174153 5.24363e-06 -1.6788e-06 -0.00174152 9.60426 0.0290605 -0.00135013 6.91745e-06 -0.0290604 9.59372 0.000264247 1.37217e-07 -0.000140405 0.000264252 0.998761 0.000181103 5.4529e-07 -1.7458e-07 -0.000181102 0.998756 0.00302203 -0.000140402 7.19353e-07 -0.00302202 0.99766
4.2 0.000803147 9.60016 0.00267423 1.37963e-06 -0.00134599 0.00267428 9.58826 0.00174121 5.49909e-06 -1.75533e-06 -0.00174121 9.58821 0.0304527 -0.00134596 7.25321e-06 -0.0304527 9.5777 0.00027856 1.43709e-07 -0.000140205 0.000278566 0.99876 0.000181373 5.72812e-07 -1.82844e-07 -0.000181373 0.998755 0.00317211 -0.000140202 7.5553e-07 -0.0031721 0.99766
4.3 0.000822234 9.58375 0.00281134 1.44072e-06 -0.00134173 0.00281139 9.57186 0.00174089 5.76038e-06 -1.8331e-06 -0.00174088 9.57181 0.0318745 -0.00134169 7.5965e-06 -0.0318744 9.56132 0.000293344 1.50329e-07 -0.00014 0.00029335 0.998759 0.00018165 6.01057e-07 -1.91272e-07 -0.000181649 0.998754 0.00332589 -0.000139996 7.92644e-07 -0.00332588 0.997659
4.4 0.000841318 9.56698 0.00295244 1.50274e-06 -0.00133737 0.00295249 9.5551 0.00174055 6.02746e-06 -1.91206e-06 -0.00174054 9.55504 0.0333254 -0.00133733 7.94728e-06 -0.0333253 9.54458 0.000308607 1.57076e-07 -0.00013979 0.000308613 0.998759 0.000181933 6.30028e-07 -1.9986e-07 -0.000181932 0.998752 0.00348338 -0.000139786 8.30699e-07 -0.00348337 0.997659
4.5 0.0008604 9.54984 0.00309757 1.56566e-06 -0.00133292 0.00309763 9.53798 0.0017402 6.30032e-06 -1.99217e-06 -0.00174019 9.53791 0.0348052 -0.00133288 8.30551e-06 -0.0348051 9.52748 0.000324359 1.63947e-07 -0.000139575 0.000324364 0.998758 0.000182223 6.5973e-07 -2.08608e-07 -0.000182222 0.998751 0.00364458 -0.00013957 8.69701e-07 -0.00364458 0.997658
4.6 0.00087948 9.53236 0.0032468 1.62945e-06 -0.00132838 0.00324685 9.5205 0.00173984 6.57892e-06 -2.07339e-06 -0.00173983 9.52043 0.0363136 -0.00132833 8.67115e-06 -0.0363135 9.51003 0.000340608 1.70939e-07 -0.000139355 0.000340614 0.998757 0.000182519 6.90168e-07 -2.17511e-07 -0.000182518 0.998749 0.0038095 -0.00013935 9.09654e-07 -0.0038095 0.997658
4.7 0.000898556 9.51451 0.00340016 1.69407e-06 -0.00132375 0.00340021 9.50268 0.00173946 6.86325e-06 -2.15567e-06 -0.00173945 9.5026 0.0378502 -0.00132369 9.04416e-06 -0.0378501 9.49222 0.000357365 1.78052e-07 -0.000139129 0.000357371 0.998756 0.000182822 7.21346e-07 -2.26566e-07 -0.000182821 0.998747 0.00397815 -0.000139124 9.50564e-07 -0.00397815 0.997657
4.8 0.00091763 9.49632 0.00355771 1.75949e-06 -0.00131902 0.00355777 9.48449 0.00173907 7.15328e-06 -2.23897e-06 -0.00173906 9.48441 0.0394148 -0.00131897 9.42449e-06 -0.0394147 9.47406 0.000374641 1.85281e-07 -0.000138898 0.000374647 0.998755 0.000183131 7.53269e-07 -2.35772e-07 -0.00018313 0.998745 0.00415053 -0.000138893 9.92436e-07 -0.00415053 0.997656
4.9 0.000936701 9.47777 0.0037195 1.82567e-06 -0.00131421 0.00371956 9.46596 0.00173867 7.44899e-06 -2.32324e-06 -0.00173866 9.46587 0.0410071 -0.00131415 9.8121e-06 -0.041007 9.45555 0.000392445 1.92626e-07 -0.000138662 0.000392451 0.998754 0.000183447 7.85943e-07 -2.45125e-07 -0.000183446 0.998744 0.00432666 -0.000138656 1.03528e-06 -0.00432665 0.997655
5 0.00095577 9.45888 0.00388559 1.89257e-06 -0.00130931 0.00388565 9.44708 0.00173825 7.75034e-06 -2.40843e-06 -0.00173824 9.44698 0.0426267 -0.00130924 1.0207e-05 -0.0426266 9.43669 0.000410788 2.00083e-07 -0.000138421 0.000410794 0.998753 0.000183769 8.19371e-07 -2.54621e-07 -0.000183768 0.998742 0.00450652 -0.000138414 1.07909e-06 -0.00450652 0.997655
5.1 0.000974835 9.43964 0.00405603 1.96015e-06 -0.00130431 0.0040561 9.42785 0.00173782 8.0573e-06 -2.4945e-06 -0.0017378 9.42774 0.0442733 -0.00130425 1.0609e-05 -0.0442732 9.41749 0.000429681 2.07651e-07 -0.000138174 0.000429688 0.998751 0.000184098 8.5356e-07 -2.64258e-07 -0.000184096 0.99874 0.00469014 -0.000138167 1.12388e-06 -0.00469014 0.997654
5.2 0.000993897 9.42005 0.00423088 2.02838e-06 -0.00129923 0.00423094 9.40828 0.00173737 8.36986e-06 -2.58141e-06 -0.00173736 9.40816 0.0459466 -0.00129917 1.10182e-05 -0.0459465 9.39794 0.000449135 2.15326e-07 -0.000137922 0.000449142 0.99875 0.000184433 8.88515e-07 -2.74033e-07 -0.000184432 0.998738 0.00487753 -0.000137915 1.16965e-06 -0.00487752 0.997653
5.3 0.00101296 9.40013 0.00441018 2.09722e-06 -0.00129407 0.00441024 9.38837 0.00173691 8.68798e-06 -2.66909e-06 -0.00173689 9.38824 0.0476462 -0.00129399 1.14345e-05 -0.0476461 9.37805 0.000469162 2.23106e-07 -0.000137665 0.000469168 0.998749 0.000184775 9.24241e-07 -2.83942e-07 -0.000184773 0.998736 0.00506868 -0.000137657 1.21642e-06 -0.00506867 0.997652
5.4 0.00103201 9.37986 0.004594 2.16663e-06 -0.00128881 0.00459406 9.36812 0.00173643 9.01164e-06 -2.75751e-06 -0.00173641 9.36798 0.0493718 -0.00128874 1.18578e-05 -0.0493717 9.35782 0.000489772 2.30988e-07 -0.000137402 0.000489779 0.998748 0.000185123 9.60744e-07 -2.93982e-07 -0.000185121 0.998733 0.0052636 -0.000137394 1.26418e-06 -0.00526359 0.997651
5.5 0.00105107 9.35925 0.00478238 2.23658e-06 -0.00128347 0.00478245 9.34753 0.00173594 9.3408e-06 -2.84661e-06 -0.00173592 9.34738 0.0511231 -0.00128339 1.22882e-05 -0.051123 9.33725 0.000510979 2.3897e-07 -0.000137134 0.000510986 0.998747 0.000185478 9.98029e-07 -3.04149e-07 -0.000185476 0.998731 0.00546231 -0.000137125 1.31294e-06 -0.0054623 0.997649
5.6 0.00107012 9.33831 0.0049754 2.30701e-06 -0.00127804 0.00497546 9.3266 0.00173542 9.67544e-06 -2.93634e-06 -0.00173541 9.32644 0.0528997 -0.00127796 1.27255e-05 -0.0528997 9.31635 0.000532794 2.47048e-07 -0.00013686 0.000532801 0.998746 0.000185839 1.0361e-06 -3.14441e-07 -0.000185837 0.998729 0.00566481 -0.000136851 1.36271e-06 -0.0056648 0.997648
5.7 0.00108916 9.31704 0.00517309 2.3779e-06 -0.00127253 0.00517316 9.30534 0.0017349 1.00155e-05 -3.02666e-06 -0.00173488 9.30517 0.0547013 -0.00127244 1.31697e-05 -0.0547012 9.29511 0.000555229 2.5522e-07 -0.000136581 0.000555237 0.998744 0.000186207 1.07497e-06 -3.24852e-07 -0.000186205 0.998726 0.00587111 -0.000136572 1.4135e-06 -0.00587109 0.997647
5.8 0.00110821 9.29543 0.00537553 2.44919e-06 -0.00126694 0.0053756 9.28375 0.00173435 1.0361e-05 -3.1175e-06 -0.00173433 9.28356 0.0565275 -0.00126684 1.36207e-05 -0.0565274 9.27354 0.000578298 2.63483e-07 -0.000136297 0.000578306 0.998743 0.000186581 1.11464e-06 -3.3538e-07 -0.000186579 0.998723 0.00608121 -0.000136287 1.46531e-06 -0.0060812 0.997645
5.9 0.00112725 9.2735 0.00558277 2.52085e-06 -0.00126126 0.00558284 9.26183 0.00173379 1.07119e-05 -3.20881e-06 -0.00173377 9.26163 0.0583779 -0.00126116 1.40786e-05 -0.0583777 9.25165 0.000602014 2.71834e-07 -0.000136007 0.000602021 0.998742 0.000186962 1.15511e-06 -3.4602e-07 -0.00018696 0.998721 0.00629513 -0.000135996 1.51815e-06 -0.00629512 0.997644
6 0.00172656 9.25123 0.00579486 2.59284e-06 -0.00125549 0.00579494 9.23958 0.00173321 1.10681e-05 -3.30055e-06 -0.00173319 9.23937 0.0602521 -0.00125539 1.45432e-05 -0.060252 9.22942 0.000626388 2.8027e-07 -0.000135711 0.000626396 0.99874 0.000187349 1.1964e-06 -3.56769e-07 -0.000187347 0.998718 0.00651287 -0.0001357 1.57202e-06 -0.00651286 0.997642
6.2 0.00236869 9.20574 0.00623386 2.73763e-06 -0.00124372 0.00623393 9.19412 0.001732 1.17965e-05 -3.48509e-06 -0.00173197 9.19388 0.0640707 -0.00124361 1.54924e-05 -0.0640705 9.184 0.000677171 2.97383e-07 -0.000135103 0.000677179 0.998738 0.000188144 1.28143e-06 -3.78578e-07 -0.000188141 0.998712 0.00695986 -0.000135091 1.68291e-06 -0.00695985 0.997639
6.4 0.00244479 9.15896 0.00669299 2.88321e-06 -0.00123162 0.00669306 9.14737 0.00173071 1.2546e-05 -3.67066e-06 -0.00173068 9.14711 0.0679801 -0.0012315 1.6468e-05 -0.06798 9.13731 0.000730758 3.14797e-07 -0.000134472 0.000730766 0.998735 0.000188964 1.3698e-06 -4.00773e-07 -0.00018896 0.998705 0.00742225 -0.000134459 1.79802e-06 -0.00742223 0.997635
6.6 0.00252085 9.11093 0.00717273 3.02924e-06 -0.00121921 0.0071728 9.09937 0.00172934 1.33161e-05 -3.85684e-06 -0.00172931 9.09907 0.0719773 -0.00121908 1.74695e-05 -0.0719771 9.08935 0.000787266 3.32484e-07 -0.000133818 0.000787274 0.998732 0.00018981 1.46155e-06 -4.2332e-07 -0.000189806 0.998698 0.0079001 -0.000133804 1.91742e-06 -0.00790009 0.997631
6.8 0.00259689 9.06166 0.00767355 3.17535e-06 -0.00120648 0.00767362 9.05014 0.00172789 1.41068e-05 -4.04315e-06 -0.00172786 9.0498 0.076059 -0.00120634 1.84965e-05 -0.0760589 9.04015 0.000846816 3.50416e-07 -0.000133141 0.000846823 0.998729 0.000190682 1.55675e-06 -4.46183e-07 -0.000190678 0.998691 0.0083935 -0.000133126 2.04118e-06 -0.00839348 0.997627
7 0.00267289 9.01117 0.00819595 3.32119e-06 -0.00119345 0.00819601 8.99968 0.00172636 1.49176e-05 -4.22916e-06 -0.00172632 8.9993 0.080222 -0.00119329 1.95484e-05 -0.0802219 8.98974 0.000909532 3.68564e-07 -0.000132441 0.00090954 0.998725 0.00019158 1.65546e-06 -4.69324e-07 -0.000191575 0.998683 0.00890251 -0.000132424 2.16936e-06 -0.0089025 0.997622
7.2 0.00274886 8.95948 0.00874039 3.46639e-06 -0.00118011 0.00874045 8.94803 0.00172473 1.57483e-05 -4.41438e-06 -0.00172469 8.9476 0.084463 -0.00117995 2.06249e-05 -0.0844629 8.93812 0.000975546 3.86896e-07 -0.000131716 0.000975554 0.998722 0.000192504 1.75773e-06 -4.92705e-07 -0.000192499 0.998674 0.00942722 -0.000131698 2.30202e-06 -0.00942721 0.997616
7.4 0.0028248 8.90662 0.00930736 3.61057e-06 -0.00116648 0.00930742 8.8952 0.00172302 1.65986e-05 -4.59835e-06 -0.00172297 8.89473 0.0887786 -0.00116631 2.17254e-05 -0.0887784 8.88534 0.00104499 4.05381e-07 -0.000130968 0.001045 0.998718 0.000193454 1.86363e-06 -5.16284e-07 -0.000193448 0.998665 0.00996771 -0.000130948 2.43924e-06 -0.00996769 0.997611
7.6 0.00290071 8.8526 0.00989734 3.75336e-06 -0.00115257 0.0098974 8.84122 0.00172121 1.74683e-05 -4.78058e-06 -0.00172115 8.8407 0.0931653 -0.00115238 2.28494e-05 -0.0931651 8.83139 0.00111801 4.23984e-07 -0.000130195 0.00111802 0.998715 0.00019443 1.97324e-06 -5.4002e-07 -0.000194423 0.998656 0.0105241 -0.000130174 2.58109e-06 -0.010524 0.997604
7.8 0.00297657 8.79745 0.0105108 3.89438e-06 -0.00113837 0.0105109 8.78611 0.0017193 1.83569e-05 -4.9606e-06 -0.00171923 8.78553 0.0976197 -0.00113817 2.39964e-05 -0.0976195 8.77631 0.00119476 4.42672e-07 -0.000129398 0.00119476 0.998711 0.000195431 2.08661e-06 -5.63868e-07 -0.000195424 0.998645 0.0110964 -0.000129375 2.72765e-06 -0.0110963 0.997597
8 0.00305241 8.7412 0.0111482 4.03325e-06 -0.0011239 0.0111483 8.7299 0.00171728 1.92641e-05 -5.13792e-06 -0.00171721 8.72926 0.102138 -0.00112369 2.51659e-05 -0.102138 8.72013 0.00127537 4.61407e-07 -0.000128575 0.00127537 0.998707 0.000196459 2.20383e-06 -5.87782e-07 -0.00019645 0.998634 0.0116847 -0.000128551 2.879e-06 -0.0116847 0.997589
8.2 0.0031282 8.68386 0.0118101 4.16957e-06 -0.00110916 0.0118101 8.67259 0.00171517 2.01898e-05 -5.31204e-06 -0.00171509 8.67189 0.106717 -0.00110894 2.63574e-05 -0.106717 8.66285 0.00136001 4.80152e-07 -0.000127727 0.00136001 0.998703 0.000197512 2.32497e-06 -6.11715e-07 -0.000197503 0.998622 0.0122891 -0.000127701 3.03522e-06 -0.0122891 0.997581
8.4 0.00320396 8.62546 0.0124968 4.30297e-06 -0.00109416 0.0124969 8.61423 0.00171294 2.11334e-05 -5.48247e-06 -0.00171285 8.61346 0.111353 -0.00109392 2.75703e-05 -0.111353 8.60452 0.00144883 4.98868e-07 -0.000126853 0.00144884 0.998698 0.000198591 2.45012e-06 -6.35615e-07 -0.000198581 0.998609 0.0129098 -0.000126825 3.19639e-06 -0.0129098 0.997572
8.6 0.00327968 8.56602 0.013209 4.43303e-06 -0.00107891 0.013209 8.55483 0.0017106 2.20947e-05 -5.64871e-06 -0.0017105 8.55399 0.116042 -0.00107866 2.88041e-05 -0.116041 8.54514 0.00154202 5.17514e-07 -0.000125953 0.00154202 0.998694 0.000199696 2.57934e-06 -6.59433e-07 -0.000199685 0.998596 0.0135468 -0.000125923 3.3626e-06 -0.0135467 0.997563
8.8 0.00335535 8.50556 0.0139469 4.55938e-06 -0.00106341 0.0139469 8.49441 0.00170814 2.30733e-05 -5.81026e-06 -0.00170804 8.4935 0.12078 -0.00106315 3.00582e-05 -0.12078 8.48474 0.00163973 5.36047e-07 -0.000125026 0.00163974 0.998689 0.000200826 2.71273e-06 -6.83113e-07 -0.000200814 0.998581 0.0142001 -0.000124994 3.53395e-06 -0.0142001 0.997552
9 0.00343099 8.44412 0.014711 4.68162e-06 -0.00104768 0.014711 8.43301 0.00170556 2.40689e-05 -5.96662e-06 -0.00170545 8.43201 0.125564 -0.00104739 3.13321e-05 -0.125564 8.42336 0.00174216 5.54424e-07 -0.000124072 0.00174216 0.998685 0.000201982 2.85037e-06 -7.066e-07 -0.000201969 0.998566 0.01487 -0.000124038 3.71052e-06 -0.01487 0.997541
9.2 0.00350659 8.38171 0.0155019 4.79935e-06 -0.00103171 0.0155019 8.37065 0.00170287 2.50811e-05 -6.11728e-06 -0.00170274 8.36956 0.13039 -0.00103141 3.26252e-05 -0.13039 8.361 0.00184949 5.72598e-07 -0.00012309 0.00184949 0.99868 0.000203164 2.99236e-06 -7.29836e-07 -0.00020315 0.99855 0.0155565 -0.000123055 3.89242e-06 -0.0155564 0.997529
9.4 0.00358214 8.31837 0.0163198 4.91217e-06 -0.00101552 0.0163198 8.30734 0.00170004 2.61096e-05 -6.26174e-06 -0.00169991 8.30616 0.135254 -0.0010152 3.39369e-05 -0.135253 8.29771 0.0019619 5.90521e-07 -0.000122081 0.0019619 0.998674 0.000204372 3.13879e-06 -7.5276e-07 -0.000204356 0.998533 0.0162596 -0.000122044 4.07975e-06 -0.0162596 0.997516
9.6 0.00365765 8.25411 0.0171652 5.01969e-06 -0.000999109 0.0171652 8.24313 0.00169708 2.7154e-05 -6.39949e-06 -0.00169694 8.24185 0.140152 -0.000998779 3.52666e-05 -0.140151 8.2335 0.0020796 6.08145e-07 -0.000121044 0.0020796 0.998669 0.000205604 3.28975e-06 -7.75309e-07 -0.000205587 0.998514 0.0169796 -0.000121004 4.27261e-06 -0.0169796 0.997502
9.8 0.00373311 8.18897 0.0180386 5.12152e-06 -0.000982493 0.0180385 8.17802 0.00169399 2.82139e-05 -6.53004e-06 -0.00169384 8.17664 0.14508 -0.000982145 3.66138e-05 -0.145079 8.16839 0.00220279 6.25417e-07 -0.000119978 0.00220279 0.998663 0.000206863 3.44536e-06 -7.97419e-07 -0.000206844 0.998495 0.0177165 -0.000119935 4.47111e-06 -0.0177165 0.997487
10 0.00380853 8.12296 0.0189402 5.21725e-06 -0.000965675 0.0189402 8.11206 0.00169077 2.9289e-05 -6.65287e-06 -0.0016906 8.11057 0.150034 -0.00096531 3.79777e-05 -0.150034 8.10242 0.00233169 6.42284e-07 -0.000118882 0.00233168 0.998658 0.000208146 3.6057e-06 -8.19021e-07 -0.000208126 0.998474 0.0184704 -0.000118837 4.67536e-06 -0.0184704 0.997472
10.2 0.0038839 8.05612 0.0198705 5.3065e-06 -0.000948664 0.0198704 8.04525 0.0016874 3.03788e-05 -6.7675e-06 -0.00168722 8.04365 0.155011 -0.000948282 3.93579e-05 -0.155011 8.03561 0.00246651 6.58692e-07 -0.000117757 0.0024665 0.998652 0.000209455 3.7709e-06 -8.40045e-07 -0.000209433 0.998453 0.0192414 -0.00011771 4.88547e-06 -0.0192414 0.997455
10.4 0.00395923 7.98847 0.0208298 5.38887e-06 -0.000931468 0.0208297 7.97765 0.00168389 3.1483e-05 -6.87342e-06 -0.00168369 7.97592 0.160007 -0.000931068 4.07538e-05 -0.160006 7.96799 0.00260749 6.74581e-07 -0.000116602 0.00260748 0.998645 0.00021079 3.94106e-06 -8.60418e-07 -0.000210766 0.99843 0.0200297 -0.000116552 5.10158e-06 -0.0200297 0.997437
10.6 0.0040345 7.92003 0.0218185 5.46397e-06 -0.000914095 0.0218184 7.90925 0.00168023 3.26013e-05 -6.97014e-06 -0.00168002 7.90741 0.165017 -0.000913677 4.21646e-05 -0.165016 7.89958 0.00275484 6.89892e-07 -0.000115416 0.00275483 0.998639 0.000212149 4.1163e-06 -8.80064e-07 -0.000212123 0.998405 0.0208353 -0.000115363 5.32379e-06 -0.0208353 0.997417
10.8 0.00410973 7.85085 0.0228368 5.53142e-06 -0.000896553 0.0228366 7.84011 0.00167642 3.37331e-05 -7.05717e-06 -0.0016762 7.83813 0.170037 -0.000896116 4.35897e-05 -0.170037 7.83041 0.00290883 7.04564e-07 -0.000114198 0.00290881 0.998632 0.000213534 4.29674e-06 -8.98905e-07 -0.000213505 0.99838 0.0216584 -0.000114143 5.55224e-06 -0.0216584 0.997397
11 0.00418491 7.78093 0.023885 5.59084e-06 -0.000878849 0.0238849 7.77023 0.00167246 3.48781e-05 -7.13401e-06 -0.00167222 7.76811 0.175064 -0.000878393 4.50287e-05 -0.175064 7.76051 0.00306969 7.18531e-07 -0.000112949 0.00306967 0.998625 0.000214943 4.48251e-06 -9.16859e-07 -0.000214912 0.998353 0.0224991 -0.000112891 5.78705e-06 -0.0224991 0.997375
11.2 0.00426003 7.71031 0.0249635 5.64184e-06 -0.000860993 0.0249634 7.69966 0.00166834 3.60359e-05 -7.2002e-06 -0.00166808 7.69739 0.180094 -0.000860518 4.64807e-05 -0.180093 7.6899 0.00323768 7.31727e-07 -0.000111668 0.00323766 0.998618 0.000216377 4.67373e-06 -9.3384e-07 -0.000216344 0.998324 0.0233575 -0.000111606 6.02838e-06 -0.0233574 0.997352
11.4 0.00433511 7.63902 0.0260725 5.68405e-06 -0.000842992 0.0260723 7.62841 0.00166406 3.72061e-05 -7.25525e-06 -0.00166379 7.62599 0.185122 -0.000842497 4.79451e-05 -0.185121 7.61861 0.00341307 7.44081e-07 -0.000110353 0.00341305 0.998611 0.000217836 4.87053e-06 -9.49762e-07 -0.000217801 0.998294 0.0242337 -0.000110289 6.27635e-06 -0.0242337 0.997327
11.6 0.00441013 7.56708 0.0272123 5.7171e-06 -0.000824855 0.027212 7.55651 0.00165961 3.83883e-05 -7.29869e-06 -0.00165932 7.55394 0.190145 -0.00082434 4.94214e-05 -0.190144 7.54666 0.00359613 7.55522e-07 -0.000109006 0.00359611 0.998603 0.00021932 5.07306e-06 -9.64532e-07 -0.000219282 0.998262 0.0251279 -0.000108938 6.53111e-06 -0.0251278 0.997301
11.8 0.0044851 7.49453 0.0283829 5.74062e-06 -0.00080659 0.0283827 7.484 0.001655 3.9582e-05 -7.33006e-06 -0.0016547 7.48126 0.195158 -0.000806054 5.09089e-05 -0.195158 7.4741 0.00378715 7.65975e-07 -0.000107624 0.00378712 0.998595 0.000220828 5.28145e-06 -9.78055e-07 -0.000220787 0.998229 0.0260401 -0.000107552 6.79281e-06 -0.02604 0.997274
12 0.0139046 7.42138 0.0295847 5.75426e-06 -0.000788206 0.0295845 7.41089 0.00165022 4.07869e-05 -7.34891e-06 -0.0016499 7.40798 0.200158 -0.000787649 5.24069e-05 -0.200158 7.40093 0.00398642 7.75362e-07 -0.000106207 0.00398638 0.998587 0.000222361 5.49586e-06 -9.90234e-07 -0.000222317 0.998194 0.0269705 -0.000106132 7.06161e-06 -0.0269704 0.997245
13 0.0246683 7.04776 0.0360657 5.66189e-06 -0.000694783 0.0360653 7.03748 0.00162369 4.69637e-05 -7.23981e-06 -0.00162326 7.03359 0.224823 -0.000694118 6.00316e-05 -0.224822 7.02712 0.00511733 8.0336e-07 -9.85821e-05 0.00511727 0.998541 0.000230384 6.66364e-06 -1.02725e-06 -0.000230322 0.997989 0.0318999 -9.84877e-05 8.51783e-06 -0.0318998 0.997072
14 0.0265294 6.66355 0.0433387 5.27193e-06 -0.00059964 0.0433381 6.65346 0.00159252 5.3355e-05 -6.75407e-06 -0.00159196 6.64841 0.248572 -0.000598861 6.78204e-05 -0.248572 6.64253 0.00650384 7.91159e-07 -8.99881e-05 0.00650375 0.998486 0.00023899 8.007e-06 -1.01358e-06 -0.000238906 0.997728 0.0373033 -8.98712e-05 1.01778e-05 -0.0373032 0.996846
15 0.0283823 6.27222 0.0513966 4.54753e-06 -0.000503842 0.0513958 6.26232 0.00155644 5.99061e-05 -5.84578e-06 -0.00155573 6.2559 0.270941 -0.000502945 7.569e-05 -0.270941 6.25062 0.00819433 7.25027e-07 -8.0329e-05 0.00819419 0.998421 0.000248149 9.55101e-06 -9.3201e-07 -0.000248035 0.997398 0.043197 -8.01861e-05 1.20675e-05 -0.0431969 0.996556
16 0.0302266 5.8772 0.0602128 3.45781e-06 -0.000408441 0.0602117 5.86746 0.00151526 6.65617e-05 -4.47715e-06 -0.00151437 5.85948 0.291493 -0.000407427 8.35581e-05 -0.291492 5.8548 0.0102452 5.88344e-07 -6.94958e-05 0.010245 0.998343 0.00025782 1.13254e-05 -7.61784e-07 -0.000257669 0.996986 0.0495973 -6.93234e-05 1.42173e-05 -0.0495971 0.996188
17 0.0320617 5.4818 0.0697399 1.9787e-06 -0.000314468 0.0697385 5.47221 0.00146883 7.32668e-05 -2.61982e-06 -0.00146775 5.46247 0.309826 -0.000313341 9.13439e-05 -0.309825 5.45836 0.0127221 3.60958e-07 -5.73658e-05 0.0127218 0.99825 0.000267948 1.33655e-05 -4.77912e-07 -0.000267751 0.996473 0.056519 -5.71602e-05 1.66631e-05 -0.0565189 0.995725
18 0.0338871 5.0892 0.079909 9.35929e-08 -0.000222914 0.0799073 5.07973 0.00141714 7.99672e-05 -2.55733e-07 -0.00141584 5.06804 0.325584 -0.00022168 9.89693e-05 -0.325583 5.0645 0.0157017 1.83905e-08 -4.38015e-05 0.0157013 0.99814 0.00027846 1.57131e-05 -5.02502e-08 -0.000278205 0.995841 0.0639754 -4.3559e-05 1.94469e-05 -0.0639753 0.995147
19 0.0357021 4.70241 0.0906305 -2.20616e-06 -0.00013472 0.0906285 4.69304 0.00136023 8.66103e-05 2.62205e-06 -0.00135869 4.6792 0.33846 -0.00013339 0.00010636 -0.338459 4.67622 0.0192732 -4.69156e-07 -2.86492e-05 0.0192728 0.998007 0.000289262 1.84183e-05 5.57598e-07 -0.000288936 0.995064 0.0719758 -2.83663e-05 2.26183e-05 -0.0719756 0.99443
20 0.0375062 4.3242 0.101794 -4.92101e-06 -5.07612e-05 0.101792 4.3149 0.00129825 9.31458e-05 6.00899e-06 -0.00129646 4.29876 0.348202 -4.93487e-05 0.000113448 -0.348201 4.2963 0.0235406 -1.13802e-06 -1.17389e-05 0.02354 0.997849 0.000300229 2.15406e-05 1.38962e-06 -0.000299814 0.994115 0.0805241 -1.14122e-05 2.62355e-05 -0.0805239 0.993548
21 0.0392989 3.95713 0.113271 -8.04308e-06 2.81631e-05 0.113269 3.94787 0.00123146 9.95262e-05 9.88887e-06 -0.00122938 3.92927 0.35462 2.96408e-05 0.000120169 -0.354619 3.92732 0.0286246 -2.03255e-06 7.11705e-06 0.0286239 0.997659 0.000311199 2.51511e-05 2.499e-06 -0.000310675 0.99296 0.0896154 7.49046e-06 3.03676e-05 -0.0896152 0.992465
22 0.0410797 3.60348 0.124916 -1.15563e-05 0.000101339 0.124913 3.59423 0.00116018 0.000105708 1.42339e-05 -0.00115781 3.57306 0.357584 0.000102862 0.000126467 -0.357583 3.57157 0.0346654 -3.20698e-06 2.81225e-05 0.0346645 0.997432 0.00032196 2.93348e-05 3.95005e-06 -0.000321302 0.991558 0.0992328 2.85451e-05 3.50957e-05 -0.0992325 0.991144
23 0.0428479 3.26525 0.136569 -1.54366e-05 0.000168147 0.136565 3.25597 0.00108485 0.00011165 1.90054e-05 -0.00108217 3.23215 0.357027 0.000169693 0.000132293 -0.357026 3.23109 0.0418249 -4.72753e-06 5.14958e-05 0.0418239 0.997159 0.00033224 3.41935e-05 5.82049e-06 -0.000331419 0.989862 0.109341 5.19693e-05 4.05155e-05 -0.109341 0.989537
24 0.0446031 2.94414 0.148059 -1.96523e-05 0.000228069 0.148056 2.93481 0.00100598 0.000117319 2.41538e-05 -0.00100297 2.90827 0.352948 0.000229616 0.000137608 -0.352947 2.9076 0.0502895 -6.67504e-06 7.74655e-05 0.0502882 0.99683 0.000341688 3.98483e-05 8.20403e-06 -0.000340667 0.987815 0.119881 7.79908e-05 4.67396e-05 -0.119881 0.987588
25 0.0463447 2.64155 0.159209 -2.41647e-05 0.000280697 0.159205 2.63213 0.000924152 0.000122684 2.96205e-05 -0.000920814 2.60286 0.345407 0.000282221 0.00014238 -0.345407 2.60254 0.0602711 -9.1479e-06 0.000106262 0.0602696 0.996434 0.000349852 4.64439e-05 1.12133e-05 -0.000348588 0.985352 0.130759 0.000106839 5.38999e-05 -0.130759 0.985231
26 0.0480722 2.35859 0.169838 -2.89285e-05 0.00032573 0.169834 2.34905 0.00084002 0.000127721 3.5338e-05 -0.000836343 2.31707 0.334526 0.000327208 0.000146586 -0.334525 2.31705 0.0720085 -1.22652e-05 0.000138104 0.0720066 0.995956 0.000356154 5.41513e-05 1.49827e-05 -0.000354595 0.982396 0.141833 0.000138731 6.21499e-05 -0.141833 0.982391
27 0.049785 2.09603 0.179765 -3.38928e-05 0.000362981 0.179761 2.08635 0.000754282 0.00013241 4.12319e-05 -0.000750263 2.05172 0.320481 0.000364395 0.000150215 -0.32048 2.05197 0.0857645 -1.617e-05 0.000173175 0.0857623 0.995381 0.000359862 6.31716e-05 1.96714e-05 -0.000357944 0.978858 0.152899 0.00017385 7.16662e-05 -0.152899 0.978978
28 0.0514827 1.8544 0.188815 -3.90014e-05 0.000392378 0.18881 1.84454 0.000667678 0.000136739 4.72218e-05 -0.000663318 1.80736 0.303502 0.000393709 0.000153263 -0.303502 1.80783 0.10182 -2.10319e-05 0.000211593 0.101818 0.994687 0.000360051 7.37376e-05 2.54648e-05 -0.0003577 0.974637 0.163666 0.000212311 8.26484e-05 -0.163666 0.974891
29 0.0531646 1.63389 0.196821 -4.41939e-05 0.000413954 0.196816 1.62385 0.00058097 0.0001407 5.32232e-05 -0.000576274 1.58426 0.283867 0.000415191 0.000155737 -0.283867 1.58491 0.120462 -2.70482e-05 0.000253355 0.120458 0.993851 0.000355574 8.61134e-05 3.25745e-05 -0.0003527 0.969622 0.173737 0.000254111 9.53168e-05 -0.173737 0.970018
30 0.0548304 1.43447 0.20363 -4.94062e-05 0.000427854 0.203625 1.42421 0.000494931 0.000144293 5.91486e-05 -0.000489908 1.3824 0.261892 0.000428988 0.000157654 -0.261892 1.38318 0.141954 -3.4442e-05 0.000298265 0.141951 0.992847 0.000345026 0.000100589 4.12336e-05 -0.000341524 0.963698 0.18257 0.000299056 0.000109904 -0.18257 0.964242
31 0.0564795 1.25585 0.209105 -5.45716e-05 0.00043432 0.2091 1.24536 0.000410328 0.000147521 6.49092e-05 -0.000404992 1.20153 0.237927 0.000435352 0.000159038 -0.237927 1.2024 0.166505 -4.3454e-05 0.000345838 0.166501 0.991648 0.000326734 0.000117467 5.16856e-05 -0.000322485 0.956751 0.189455 0.00034666 0.000126638 -0.189456 0.957444
32 0.0581114 1.09749 0.21313 -5.9621e-05 0.000433689 0.213125 1.08676 0.000327909 0.000150394 7.04165e-05 -0.000322279 1.04117 0.21235 0.000434625 0.000159923 -0.212351 1.04209 0.194198 -5.43249e-05 0.000395165 0.194193 0.990224 0.000298781 0.000137034 6.41614e-05 -0.000293651 0.948687 0.193487 0.000396017 0.000145717 -0.193488 0.949524
33 0.0597256 0.95868 0.215612 -6.44845e-05 0.000426384 0.215606 0.947703 0.000248386 0.000152926 7.55837e-05 -0.000242485 0.900633 0.185557 0.000427238 0.000160348 -0.185558 0.901562 0.224905 -6.72638e-05 0.000444762 0.224899 0.98855 0.000259092 0.000159518 7.88414e-05 -0.000252936 0.939451 0.193554 0.000445652 0.000167259 -0.193555 0.94042
34 0.0613216 0.838519 0.216482 -6.9091e-05 0.000412902 0.216476 0.827292 0.000172424 0.000155137 8.03267e-05 -0.00016628 0.779042 0.157954 0.000413694 0.00016036 -0.157955 0.779945 0.258172 -8.23966e-05 0.000492418 0.258165 0.986611 0.00020563 0.000185013 9.5796e-05 -0.000198302 0.929069 0.188372 0.000493363 0.000191243 -0.188374 0.930146
35 0.0628989 0.735959 0.2157 -7.33701e-05 0.000393803 0.215694 0.724484 0.000100629 0.000157047 8.45658e-05 -9.42757e-05 0.675377 0.129951 0.000394564 0.000160012 -0.129953 0.67622 0.293087 -9.96932e-05 0.000535088 0.293079 0.984408 0.000136732 0.00021339 0.000114906 -0.000128099 0.917683 0.176574 0.000536123 0.00021742 -0.176576 0.918828
36 0.064457 0.649833 0.213254 -7.72519e-05 0.000369702 0.213248 0.638116 3.35367e-05 0.000158681 8.82266e-05 -2.70112e-05 0.588489 0.101955 0.000370468 0.00015936 -0.101957 0.589242 0.328167 -0.00011888 0.000568918 0.328158 0.98197 5.16081e-05 0.000244188 0.000135768 -4.15663e-05 0.905601 0.156894 0.000570098 0.000245232 -0.156897 0.906759
37 0.0659956 0.578875 0.20916 -8.0668e-05 0.000341251 0.209154 0.566928 -2.83978e-05 0.000160067 9.12407e-05 3.50529e-05 0.517128 0.0743596 0.000342066 0.00015846 -0.0743612 0.517761 0.361321 -0.000139353 0.000589507 0.361311 0.979362 -4.90569e-05 0.000276514 0.000157617 6.05535e-05 0.893332 0.128455 0.000590916 0.000273738 -0.128458 0.894427
38 0.067514 0.521753 0.203464 -8.35523e-05 0.000309131 0.203458 0.509591 -8.48045e-05 0.000161232 9.35468e-05 9.15428e-05 0.459966 0.0475412 0.000310044 0.000157373 -0.0475428 0.460457 0.389963 -0.000160138 0.000592485 0.389951 0.976689 -0.000162538 0.000309019 0.000179293 0.000175452 0.881578 0.0911181 0.000594235 0.000301624 -0.0911213 0.882518
39 0.0690118 0.477092 0.19624 -8.58417e-05 0.000274037 0.196234 0.464734 -0.000135405 0.000162202 9.50911e-05 0.000142177 0.415631 0.0218518 0.000275101 0.000156157 -0.0218535 0.415957 0.411326 -0.000179927 0.00057439 0.411313 0.974097 -0.000283814 0.000339981 0.000199314 0.000298007 0.871175 0.0458021 0.00057662 0.000327309 -0.0458057 0.871859
40 0.10628 0.443498 0.187589 -8.74766e-05 0.000236666 0.187583 0.430967 -0.000180017 0.000163005 9.58281e-05 0.000186769 0.382722 -0.00238616 0.000237937 0.000154867 0.00238455 0.382867 0.422975 -0.000197242 0.000533634 0.422961 0.971744 -0.000405903 0.000367543 0.000216073 0.000421127 0.862962 -0.00538032 0.0005365 0.000349195 0.00537667 0.863289
42 0.146749 0.403976 0.166521 -8.85679e-05 0.000157818 0.166515 0.391178 -0.000251018 0.0001642 9.47402e-05 0.000257562 0.345598 -0.0453955 0.000159672 0.000152272 0.0453942 0.345342 0.412205 -0.00021924 0.000390663 0.412191 0.968319 -0.000621368 0.000406459 0.000234519 0.000637568 0.855492 -0.112372 0.000395252 0.000376933 0.112369 0.854858
44 0.152348 0.392465 0.141505 -8.64526e-05 7.77633e-05 0.1415 0.37952 -0.000298222 0.000164966 9.00918e-05 0.00030433 0.337712 -0.0796624 8.04066e-05 0.00014993 0.0796619 0.33703 0.360554 -0.000220281 0.000198141 0.36054 0.967015 -0.000759868 0.000420334 0.000229554 0.000775432 0.86049 -0.202979 0.000204876 0.000382021 0.202978 0.858752
46 0.157761 0.399162 0.114031 -8.0867e-05 1.02215e-06 0.114026 0.386195 -0.000323418 0.000165375 8.18351e-05 0.00032887 0.349021 -0.104052 4.60925e-06 0.000148055 0.104052 0.347918 0.285676 -0.000202592 2.56073e-06 0.285663 0.967516 -0.000810242 0.000414305 0.000205017 0.000823903 0.874384 -0.260676 1.15473e-05 0.000370915 0.260677 0.871621
48 0.162982 0.415574 0.085717 -7.16834e-05 -6.87727e-05 0.0857126 0.402707 -0.000329541 0.000165394 7.0066e-05 0.000334145 0.370729 -0.118145 -6.4171e-05 0.000146698 0.118147 0.36924 0.206262 -0.000172493 -0.000165488 0.206251 0.969038 -0.000792979 0.000397989 0.0001686 0.000804056 0.89209 -0.284294 -0.000154415 0.000353001 0.284298 0.888506
50 0.168004 0.434762 0.0581844 -5.89359e-05 -0.000129024 0.058181 0.422097 -0.00032036 0.00016488 5.5023e-05 0.000323965 0.395556 -0.122212 -0.000123444 0.000145728 0.122216 0.393745 0.13383 -0.000135559 -0.000296769 0.133823 0.97087 -0.000736862 0.000379242 0.000126559 0.000745155 0.909822 -0.281101 -0.000283934 0.00033519 0.281109 0.905656
52 0.172821 0.451438 0.0329355 -4.28412e-05 -0.000178218 0.0329332 0.43905 -0.000300116 0.000163572 3.70857e-05 0.000302632 0.417857 -0.117138 -0.000171812 0.000144835 0.117144 0.415815 0.0729569 -9.48993e-05 -0.000394777 0.0729518 0.972557 -0.0006648 0.000362335 8.215e-05 0.000670373 0.925612 -0.259478 -0.000380588 0.000320829 0.25949 0.921089
54 0.177428 0.461943 0.0112483 -2.38127e-05 -0.000215879 0.0112473 0.449865 -0.000273154 0.000161107 1.67724e-05 0.000274557 0.433621 -0.104315 -0.000208914 0.000143547 0.104322 0.431468 0.02435 -5.1549e-05 -0.000467329 0.0243478 0.973854 -0.000591315 0.000348759 3.63085e-05 0.000594354 0.938689 -0.225819 -0.00045225 0.000310746 0.225834 0.934029
56 0.181819 0.464122 -0.00590628 -2.46401e-06 -0.000242451 -0.00590585 0.452345 -0.000243563 0.000157042 -5.26315e-06 0.000243902 0.440377 -0.0855036 -0.00023528 0.000141269 0.0855125 0.438255 -0.0127257 -5.30897e-06 -0.000522385 -0.0127248 0.974625 -0.000524781 0.000338363 -1.134e-05 0.000525512 0.948838 -0.184227 -0.000506935 0.000304379 0.184246 0.944266
58 0.185988 0.457136 -0.017918 2.04008e-05 -0.000259102 -0.017916 0.445601 -0.000214873 0.000150893 -2.82395e-05 0.00021426 0.437016 -0.062684 -0.000252134 0.000137334 0.0626941 0.435087 -0.0391961 4.46275e-05 -0.000566794 -0.0391919 0.974767 -0.000470041 0.000330084 -6.17748e-05 0.000468702 0.955986 -0.137123 -0.00055155 0.000300423 0.137145 0.951767
60 0.286303 0.441223 -0.0245596 4.38115e-05 -0.00026751 -0.0245563 0.429824 -0.000189818 0.000142181 -5.12608e-05 0.000188421 0.423571 -0.0379061 -0.000261155 0.00013107 0.0379171 0.422014 -0.0556626 9.92957e-05 -0.000606293 -0.0556551 0.974165 -0.000430209 0.000322243 -0.000116179 0.000427042 0.959994 -0.0859114 -0.000591888 0.00029706 0.0859364 0.956465
64 0.394175 0.387418 -0.0226632 8.78088e-05 -0.000267397 -0.0226575 0.375815 -0.000156755 0.000115475 -9.34323e-05 0.000154403 0.370804 0.00981358 -0.000263251 0.000109232 -0.00980246 0.370549 -0.058498 0.000226651 -0.000690202 -0.0584834 0.970051 -0.000404615 0.000298062 -0.000241166 0.000398544 0.957116 0.0253307 -0.0006795 0.000281949 -0.025302 0.956457
68 0.406626 0.316571 -0.00509624 0.000120269 -0.000256882 -0.0050896 0.303987 -0.000146889 7.51205e-05 -0.000123488 0.00014437 0.295882 0.0447702 -0.000255418 7.27734e-05 -0.0447611 0.297623 -0.0160982 0.00037991 -0.000811449 -0.0160773 0.960248 -0.000464 0.000237294 -0.000390079 0.000456041 0.934645 0.141422 -0.000806826 0.00022988 -0.141393 0.940146
72 0.417095 0.244667 0.0200599 0.000132992 -0.000245917 0.0200661 0.230385 -0.00014955 2.24083e-05 -0.000133978 0.000147352 0.21594 0.0597042 -0.000246399 2.23967e-05 -0.0596983 0.22015 0.0819886 0.000543565 -0.00100511 0.0820139 0.941628 -0.000611241 9.1587e-05 -0.000547593 0.000602257 0.88259 0.244023 -0.00100708 9.15398e-05 -0.243999 0.899796
76 0.425533 0.18477 0.04415 0.000121166 -0.000237198 0.0441548 0.168423 -0.000147166 -3.7656e-05 -0.000120434 0.000145377 0.146084 0.0537906 -0.000238071 -3.68837e-05 -0.0537878 0.152831 0.238946 0.000655769 -0.00128375 0.238972 0.911531 -0.000796481 -0.000203799 -0.000651807 0.000786798 0.790628 0.291122 -0.00128847 -0.00019962 -0.291107 0.827144
80 0.431897 0.144317 0.0603302 8.52163e-05 -0.000227029 0.0603333 0.126101 -0.000123209 -9.68077e-05 -8.33439e-05 0.000121658 0.0961704 0.031727 -0.000226801 -9.64126e-05 -0.0317258 0.105001 0.418041 0.000590482 -0.00157313 0.418062 0.873779 -0.000853738 -0.000670801 -0.000577508 0.000842996 0.666385 0.219843 -0.00157155 -0.000668063 -0.219835 0.727576
84 0.436158 0.124489 0.0650917 3.15327e-05 -0.000208481 0.0650939 0.1052 -6.91511e-05 -0.000145065 -2.90904e-05 6.76743e-05 0.0695866 0.00162323 -0.000206565 -0.000145712 -0.00162173 0.0795519 0.52287 0.000253297 -0.00167469 0.522888 0.845051 -0.000555478 -0.00116528 -0.000233678 0.000543616 0.558977 0.0130392 -0.0016593 -0.00117048 -0.0130271 0.639027
88 0.328636 0.121213 0.0586496 -2.83826e-05 -0.000175282 0.0586519 0.102041 1.17135e-05 -0.000173005 3.08078e-05 -1.31106e-05 0.0636802 -0.0276033 -0.000172248 -0.000174966 0.0276068 0.0735596 0.483856 -0.000234155 -0.00144606 0.483875 0.841831 9.66355e-05 -0.00142728 0.000254163 -0.000108162 0.525358 -0.227725 -0.00142104 -0.00144346 0.227754 0.606863
90 0.219313 0.123566 0.0521637 -5.62726e-05 -0.000152209 0.0521664 0.104907 5.79482e-05 -0.000177169 5.84755e-05 -5.92612e-05 0.0663881 -0.039485 -0.000149069 -0.000179807 0.0394898 0.0757937 0.422152 -0.000455405 -0.0012318 0.422175 0.848996 0.000468966 -0.0014338 0.000473233 -0.000479592 0.537269 -0.319546 -0.00120639 -0.00145515 0.319585 0.613386
92 0.328636 0.12722 0.044269 -8.04158e-05 -0.000124943 0.0442723 0.10931 0.000104671 -0.000174186 8.22765e-05 -0.000105874 0.0714048 -0.0486309 -0.000122016 -0.000177486 0.0486371 0.0801295 0.347973 -0.000632101 -0.000982102 0.347999 0.859224 0.00082276 -0.00136917 0.000646727 -0.000832216 0.561271 -0.382259 -0.000959096 -0.00139512 0.382308 0.629851
96 0.436158 0.134591 0.0268706 -0.000111501 -6.02293e-05 0.0268751 0.118462 0.00018801 -0.000147012 0.000112465 -0.000189018 0.0837107 -0.0573968 -5.84071e-05 -0.000151509 0.0574052 0.090902 0.199646 -0.000828444 -0.000447498 0.199679 0.880164 0.00139689 -0.00109228 0.000835601 -0.00140439 0.621962 -0.426453 -0.000433959 -0.0011257 0.426515 0.675393
100 0.431897 0.137165 0.0113997 -0.000113428 1.12053e-05 0.011405 0.122164 0.00024003 -9.54954e-05 0.000113548 -0.000241118 0.0921408 -0.0537202 1.17607e-05 -0.000100844 0.0537297 0.0986022 0.0831098 -0.000826951 8.16924e-05 0.083148 0.890636 0.00174994 -0.000696211 0.000827826 -0.00175788 0.671754 -0.391648 8.57415e-05 -0.000735202 0.391717 0.718861
104 0.425533 0.132213 0.00144346 -8.55207e-05 7.85746e-05 0.00144884 0.116228 0.000246377 -2.86622e-05 8.52492e-05 -0.000248 0.0910461 -0.0408602 7.84253e-05 -3.42472e-05 0.0408696 0.0990077 0.0109177 -0.00064684 0.000594303 0.0109584 0.879099 0.00186349 -0.000216788 0.000644786 -0.00187576 0.688632 -0.309048 0.000593174 -0.000259031 0.30912 0.748849
108 0.417095 0.12096 -0.0015418 -3.51435e-05 0.000130384 -0.00153684 0.100573 0.000205223 4.12638e-05 3.51256e-05 -0.00020769 0.0788907 -0.0242303 0.000130121 3.62793e-05 0.0242392 0.0918254 -0.0127464 -0.000290539 0.00107791 -0.0127054 0.831458 0.00169662 0.000341136 0.00029039 -0.00171701 0.652206 -0.200317 0.00107574 0.000299929 0.20039 0.75914
112 0.406626 0.107776 0.00175887 2.43121e-05 0.000156877 0.00176308 0.0789369 0.000128447 0.000101407 -2.3554e-05 -0.000131593 0.0583108 -0.00967434 0.000156454 9.78624e-05 0.00968242 0.0802461 0.0163197 0.000225579 0.00145558 0.0163587 0.732415 0.00119179 0.000940904 -0.000218545 -0.00122099 0.541035 -0.0897632 0.00145166 0.000908014 0.0898382 0.744562
116 0.394175 0.0983131 0.0091808 7.74052e-05 0.000152111 0.00918411 0.0574463 3.82663e-05 0.000140881 -7.57231e-05 -4.13916e-05 0.0349234 -0.00178529 0.000150793 0.00013929 0.00179275 0.0693313 0.0933833 0.000787334 0.00154721 0.0934169 0.58432 0.000389229 0.00143298 -0.000770224 -0.000421018 0.355227 -0.0181592 0.00153381 0.0014168 0.0182351 0.705209
120 0.379804 0.0971795 0.01812 0.00011129 0.000115496 0.0181223 0.0424614 -3.96576e-05 0.000152906 -0.000108962 3.75112e-05 0.0152506 -0.00271162 0.00011245 0.000153208 0.00271847 0.0637797 0.186459 0.0011452 0.00118848 0.186483 0.436938 -0.000408086 0.00157343 -0.00112125 0.000385999 0.156932 -0.0279032 0.00115714 0.00157655 0.0279737 0.656307
124 0.363583 0.105993 0.0265518 0.000119482 5.25617e-05 0.0265533 0.0383978 -8.4299e-05 0.00013597 -0.000117043 8.39037e-05 0.00441739 -0.0117408 4.75581e-05 0.000137538 0.0117468 0.065862 0.250506 0.00112726 0.000495899 0.25052 0.362268 -0.000795328 0.00128283 -0.00110425 0.000791598 0.0416764 -0.11077 0.000448692 0.00129762 0.110827 0.621382
128 0.34559 0.122546 0.0336577 0.000103495 -2.53883e-05 0.0336586 0.0462534 -8.57172e-05 9.38633e-05 -0.000101447 8.73558e-05 0.00437516 -0.0257278 -3.17978e-05 9.57685e-05 0.0257326 0.0742958 0.274653 0.000844541 -0.000207173 0.274661 0.377437 -0.000699468 0.000765942 -0.000827824 0.000712839 0.0357021 -0.209944 -0.000259476 0.000781489 0.209982 0.606267
132 0.325914 0.141482 0.0398483 7.18659e-05 -0.000103107 0.0398491 0.0633525 -4.76359e-05 3.46495e-05 -7.04113e-05 5.1131e-05 0.0132371 -0.040196 -0.000110074 3.6045e-05 0.0401989 0.0845232 0.281649 0.000507951 -0.000728766 0.281655 0.447778 -0.000336692 0.000244903 -0.000497669 0.000361395 0.09356 -0.284106 -0.000778007 0.000254767 0.284127 0.597413
136 0.304649 0.156301 0.0462107 3.69207e-05 -0.000164675 0.046212 0.0843936 1.46405e-05 -3.11032e-05 -3.58709e-05 -9.63881e-06 0.02594 -0.0507525 -0.000171719 -3.07002e-05 0.0507534 0.0903467 0.295653 0.000236216 -0.00105358 0.295661 0.539944 9.36686e-05 -0.000198996 -0.000229499 -6.16684e-05 0.165962 -0.324711 -0.00109865 -0.000196417 0.324716 0.578031
140 0.281901 0.161995 0.0536394 1.04574e-05 -0.000197448 0.0536413 0.103413 8.00397e-05 -9.24322e-05 -9.35262e-06 -7.37905e-05 0.0359795 -0.0543829 -0.000204678 -9.30687e-05 0.0543816 0.0863408 0.331117 6.45537e-05 -0.00121885 0.331129 0.638373 0.000494087 -0.000570587 -5.7734e-05 -0.00045551 0.222102 -0.335707 -0.00126348 -0.000574515 0.335699 0.532984
144 0.257779 0.157288 0.0620446 -1.69818e-07 -0.000195372 0.062047 0.115924 0.000129019 -0.000139991 1.78672e-06 -0.0001217 0.0375845 -0.0502422 -0.000203075 -0.000141381 0.0502389 0.070117 0.394466 -1.07966e-06 -0.00124213 0.394481 0.737017 0.000820275 -0.000890035 1.13596e-05 -0.000773739 0.238954 -0.319429 -0.00129111 -0.000898871 0.319408 0.445789
148 0.232401 0.145514 0.0700139 5.79434e-06 -0.000160366 0.0700162 0.120405 0.000149693 -0.000167612 -3.48119e-06 -0.000141665 0.0275496 -0.0397314 -0.000168393 -0.000169304 0.0397268 0.0435202 0.481147 3.98197e-05 -0.00110206 0.481163 0.827445 0.00102872 -0.00115186 -2.39233e-05 -0.000973543 0.189325 -0.273041 -0.00115722 -0.00116348 0.273009 0.299078
152 0.205891 0.13368 0.0751221 2.28245e-05 -0.000101236 0.0751241 0.11859 0.000140729 -0.000173182 -2.00154e-05 -0.000132765 0.00609221 -0.0258795 -0.000108778 -0.000174714 0.0258745 0.0122148 0.561953 0.000170739 -0.000757302 0.561968 0.887115 0.00105272 -0.00129549 -0.000149726 -0.000993156 0.045573 -0.193593 -0.000813718 -0.00130695 0.193555 0.091373
156 0.178378 0.129908 0.0748175 4.17211e-05 -3.05958e-05 0.0748186 0.114444 0.00011023 -0.000158708 -3.88919e-05 -0.000103406 -0.0235035 -0.012268 -3.65789e-05 -0.000159737 0.0122636 -0.0162584 0.575929 0.00032116 -0.00023552 0.575937 0.880968 0.00084853 -0.0012217 -0.000299381 -0.000795995 -0.180925 -0.0944364 -0.000281576 -0.00122962 0.0944023 -0.125154
160 0.0971232 0.140192 0.0675496 5.34744e-05 3.89456e-05 0.0675499 0.112306 7.13785e-05 -0.000129553 -5.11222e-05 -6.65812e-05 -0.0562212 -0.00187353 3.5193e-05 -0.000129953 0.0018704 -0.0352374 0.481836 0.000381437 0.000277802 0.481838 0.801085 0.000509148 -0.000924114 -0.000364659 -0.000474928 -0.40103 -0.0133641 0.000251035 -0.000926963 0.0133417 -0.251351
161 0.0357021 0.145228 0.0646373 5.45657e-05 5.49524e-05 0.0646375 0.112467 6.19235e-05 -0.000120807 -5.23884e-05 -5.76977e-05 -0.0642756 5.87632e-06 5.17702e-05 -0.000121059 -8.63622e-06 -0.038014 0.445075 0.000375724 0.000378387 0.445076 0.774414 0.000426388 -0.000831841 -0.000360732 -0.000397291 -0.442584 4.04627e-05 0.000356475 -0.000833576 -5.94666e-05 -0.261754
162 0.0338871 0.151208 0.0613287 5.48283e-05 7.01725e-05 0.0613287 0.11296 5.29177e-05 -0.000111718 -5.28388e-05 -4.92628e-05 -0.0721339 0.00157431 6.75394e-05 -0.000111834 -0.00157669 -0.0399601 0.405592 0.000362602 0.00046408 0.405592 0.747051 0.000349967 -0.000738839 -0.000349445 -0.000325795 -0.477052 0.0104115 0.000446666 -0.000739606 -0.0104273 -0.264273
163 0.0320617 0.158069 0.0576601 5.42595e-05 8.45229e-05 0.05766 0.113793 4.44935e-05 -0.000102409 -5.2466e-05 -4.1395e-05 -0.0797339 0.00283265 8.2406e-05 -0.000102404 -0.00283467 -0.0410872 0.364778 0.000343265 0.000534722 0.364778 0.719894 0.000281482 -0.000647878 -0.000331919 -0.000261879 -0.504425 0.0179204 0.00052133 -0.000647843 -0.0179331 -0.259932
164 0.0302266 0.165726 0.0536764 5.28811e-05 9.79401e-05 0.0536762 0.11496 3.67561e-05 -9.29979e-05 -5.12866e-05 -3.41866e-05 -0.0870209 0.00378865 9.6297e-05 -9.2888e-05 -0.00379032 -0.0414257 0.323887 0.000319088 0.000590977 0.323886 0.693679 0.000221789 -0.000561156 -0.000309467 -0.000206284 -0.52509 0.022861 0.000581063 -0.000560493 -0.0228711 -0.249966
165 0.0283823 0.174072 0.0494301 5.07385e-05 0.00011038 0.0494298 0.116446 2.97818e-05 -8.35982e-05 -4.93412e-05 -2.77026e-05 -0.0939481 0.00445646 0.000109161 -8.34027e-05 -0.0044578 -0.0410238 0.283964 0.00029148 0.000634108 0.283962 0.668954 0.000171089 -0.000480252 -0.000283453 -0.000159145 -0.539709 0.0256013 0.000627101 -0.000479128 -0.025609 -0.235672
166 0.0265294 0.182981 0.0449807 4.78989e-05 0.000121817 0.0449803 0.118222 2.36185e-05 -7.43189e-05 -4.6693e-05 -2.19813e-05 -0.100477 0.00485604 0.000120966 -7.40577e-05 -0.00485709 -0.039946 0.245822 0.00026177 0.000665738 0.245819 0.64609 0.000129076 -0.000406156 -0.000255179 -0.000120129 -0.54911 0.0265385 0.000661083 -0.000404729 -0.0265442 -0.218307
167 0.0246683 0.192311 0.0403933 4.44496e-05 0.000132243 0.0403928 0.120251 1.82859e-05 -6.52622e-05 -4.34256e-05 -1.70352e-05 -0.106576 0.00501249 0.000131701 -6.49558e-05 -0.00501328 -0.0382717 0.210041 0.000231134 0.000687649 0.210039 0.625293 9.50848e-05 -0.000339357 -0.000225809 -8.85813e-05 -0.554187 0.0260645 0.00068483 -0.000337763 -0.0260686 -0.199009
168 0.0172754 0.201907 0.0357377 4.04955e-05 0.000141662 0.0357373 0.122486 1.3777e-05 -5.65232e-05 -3.96408e-05 -1.28528e-05 -0.112224 0.00495522 0.000141371 -5.61914e-05 -0.00495579 -0.0360931 0.177001 0.000200565 0.000701623 0.176999 0.606647 6.82345e-05 -0.000279947 -0.000196332 -6.36572e-05 -0.555823 0.0245421 0.000700178 -0.000278303 -0.0245449 -0.178761
168.5 0.0109315 0.206752 0.0334071 3.83658e-05 0.000146001 0.0334067 0.123664 1.18227e-05 -5.23004e-05 -3.75904e-05 -1.10386e-05 -0.114874 0.00485659 0.000145813 -5.19629e-05 -0.00485706 -0.0348461 0.16158 0.000185564 0.000706163 0.161578 0.598128 5.71828e-05 -0.000252962 -0.000181814 -5.33903e-05 -0.555611 0.0234899 0.000705254 -0.00025133 -0.0234922 -0.168541
169 0.0104622 0.211601 0.0310871 3.61554e-05 0.000150096 0.0310866 0.124873 1.00609e-05 -4.81891e-05 -3.54553e-05 -9.40149e-06 -0.117405 0.00471704 0.000149998 -4.78505e-05 -0.00471743 -0.033512 0.146914 0.000170866 0.000709334 0.146912 0.590135 4.75467e-05 -0.000227736 -0.000167557 -4.44303e-05 -0.554841 0.0222921 0.00070887 -0.000226135 -0.022294 -0.158374
169.5 0.00999215 0.216431 0.028787 3.38808e-05 0.000153952 0.0287866 0.126105 8.48471e-06 -4.41989e-05 -3.3252e-05 -7.93472e-06 -0.119817 0.00454106 0.00015393 -4.38632e-05 -0.00454137 -0.0321046 0.133007 0.000156543 0.000711318 0.133005 0.582657 3.92027e-05 -0.000204217 -0.000153638 -3.66616e-05 -0.553602 0.0209815 0.000711218 -0.000202666 -0.020983 -0.148336
170 0.0095213 0.221222 0.0265163 3.1559e-05 0.000157573 0.0265159 0.127353 7.08578e-06 -4.03388e-05 -3.09973e-05 -6.63042e-06 -0.122109 0.00433322 0.000157615 -4.001e-05 -0.00433346 -0.0306381 0.119863 0.000142658 0.000712286 0.119861 0.575679 3.20302e-05 -0.000182346 -0.000140119 -2.99719e-05 -0.551976 0.0195877 0.000712477 -0.000180859 -0.0195888 -0.138495
170.5 0.00904972 0.225949 0.0242844 2.92072e-05 0.000160965 0.024284 0.128607 5.85502e-06 -3.66174e-05 -2.87084e-05 -5.48001e-06 -0.124281 0.00409813 0.000161059 -3.6299e-05 -0.00409831 -0.0291268 0.107477 0.000129265 0.000712395 0.107476 0.569186 2.5913e-05 -0.00016206 -0.000127057 -2.42533e-05 -0.550041 0.0181374 0.000712811 -0.000160651 -0.0181382 -0.128908
171 0.00857745 0.230593 0.0221007 2.6843e-05 0.000164133 0.0221003 0.129861 4.7825e-06 -3.30427e-05 -2.64028e-05 -4.47422e-06 -0.126334 0.00384045 0.000164268 -3.27378e-05 -0.00384058 -0.0275851 0.0958427 0.000116409 0.000711788 0.0958411 0.56316 2.074e-05 -0.000143295 -0.0001145 -1.94031e-05 -0.547865 0.0166547 0.000712372 -0.000141972 -0.0166552 -0.119627
171.5 0.00810453 0.235131 0.0199742 2.44839e-05 0.000167083 0.0199739 0.131105 3.85758e-06 -2.96222e-05 -2.40979e-05 -3.60325e-06 -0.128267 0.00356482 0.000167249 -2.93336e-05 -0.00356491 -0.0260274 0.0849495 0.000104129 0.000710598 0.0849481 0.557583 1.64061e-05 -0.000125982 -0.000102487 -1.53244e-05 -0.545512 0.015161 0.000711301 -0.000124754 -0.0151614 -0.110693
172 0.00763099 0.239541 0.0179142 2.21473e-05 0.000169821 0.0179139 0.132332 3.06914e-06 -2.63628e-05 -2.18114e-05 -2.85689e-06 -0.13008 0.00327584 0.000170008 -2.60928e-05 -0.0032759 -0.0244681 0.0747854 9.2457e-05 0.000708944 0.0747841 0.552438 1.28126e-05 -0.000110055 -9.1055e-05 -1.19265e-05 -0.54304 0.0136755 0.000709723 -0.000108928 -0.0136757 -0.102146
172.5 0.00715688 0.243803 0.0159293 1.98504e-05 0.000172353 0.015929 0.133533 2.40566e-06 -2.3271e-05 -1.95605e-05 -2.22466e-06 -0.131776 0.00297806 0.000172553 -2.30216e-05 -0.00297809 -0.0229212 0.0653367 8.14199e-05 0.000706935 0.0653355 0.547707 9.86723e-06 -9.54499e-05 -8.02308e-05 -9.12481e-06 -0.540502 0.012215 0.000707755 -9.44268e-05 -0.0122151 -0.094015
173 0.00668221 0.247897 0.0140281 1.76104e-05 0.000174685 0.0140279 0.1347 1.85542e-06 -2.03528e-05 -1.73624e-05 -1.69592e-06 -0.133354 0.0026759 0.000174891 -2.01253e-05 -0.00267591 -0.0214005 0.0565886 7.10391e-05 0.000704668 0.0565875 0.543371 7.48463e-06 -8.21017e-05 -7.00386e-05 -6.84124e-06 -0.537943 0.0107944 0.000705499 -8.11841e-05 -0.0107944 -0.0863281
173.5 0.00620704 0.251803 0.0122189 1.54436e-05 0.000176824 0.0122187 0.135826 1.40659e-06 -1.76136e-05 -1.52336e-05 -1.26004e-06 -0.134816 0.00237367 0.00017703 -1.74091e-05 -0.00237367 -0.0199194 0.0485259 6.13323e-05 0.000702232 0.048525 0.539413 5.58607e-06 -6.995e-05 -6.04982e-05 -5.00406e-06 -0.535405 0.00942671 0.000703049 -6.91378e-05 -0.00942669 -0.0791074
174 0.0057314 0.255501 0.0105096 1.33662e-05 0.000178775 0.0105094 0.136902 1.04742e-06 -1.50584e-05 -1.31903e-05 -9.0645e-07 -0.136163 0.00207552 0.000178976 -1.48774e-05 -0.00207551 -0.0184909 0.0411332 5.23135e-05 0.000699704 0.0411324 0.535818 4.09947e-06 -5.89369e-05 -5.16254e-05 -3.54773e-06 -0.532927 0.00812335 0.000700489 -5.82284e-05 -0.00812328 -0.0723712
174.5 0.00525531 0.258975 0.00890754 1.13933e-05 0.000180545 0.00890737 0.137922 7.66382e-07 -1.26919e-05 -1.12481e-05 -6.24853e-07 -0.137397 0.00178542 0.000180736 -1.25345e-05 -0.00178539 -0.0171273 0.0343954 4.39937e-05 0.000697153 0.0343947 0.532569 2.95929e-06 -4.90082e-05 -4.3433e-05 -2.41279e-06 -0.53054 0.00689417 0.000697891 -4.84003e-05 -0.00689408 -0.0661351
175 0.00477883 0.262207 0.00741985 9.53945e-06 0.000182139 0.0074197 0.138879 5.52282e-07 -1.05181e-05 -9.42143e-06 -4.05279e-07 -0.138517 0.00150709 0.000182318 -1.03839e-05 -0.00150707 -0.0158403 0.0282977 3.63814e-05 0.000694641 0.0282971 0.529653 2.10629e-06 -4.01137e-05 -3.59313e-05 -1.54565e-06 -0.528275 0.00574773 0.000695323 -3.96018e-05 -0.00574763 -0.0604114
175.5 0.00430199 0.265181 0.00605308 7.81836e-06 0.000183564 0.00605296 0.139765 3.94414e-07 -8.54066e-06 -7.72427e-06 -2.38219e-07 -0.139526 0.00124407 0.000183728 -8.42887e-06 -0.00124404 -0.0146407 0.0228262 2.94831e-05 0.000692221 0.0228258 0.527055 1.48734e-06 -3.22069e-05 -2.91283e-05 -8.98327e-07 -0.526155 0.00469139 0.000692841 -3.17854e-05 -0.00469129 -0.0552103
176 0.00382481 0.267883 0.00481328 6.24266e-06 0.000184823 0.00481318 0.140575 2.82679e-07 -6.76292e-06 -6.16941e-06 -1.1473e-07 -0.140426 0.000999584 0.000184972 -6.6724e-06 -0.000999558 -0.0135389 0.0179679 2.33037e-05 0.00068994 0.0179675 0.524764 1.05523e-06 -2.52458e-05 -2.30302e-05 -4.28285e-07 -0.524205 0.00373142 0.000690496 -2.49079e-05 -0.00373132 -0.0505402
176.5 0.00334735 0.270299 0.00370597 4.82392e-06 0.000185922 0.00370589 0.141304 2.07701e-07 -5.18775e-06 -4.76859e-06 -2.65313e-08 -0.141216 0.000776611 0.000186055 -5.11694e-06 -0.000776589 -0.0125439 0.0137106 1.78466e-05 0.000687838 0.0137103 0.522768 7.68409e-07 -1.91926e-05 -1.76419e-05 -9.81551e-08 -0.522442 0.00287315 0.000688331 -1.89307e-05 -0.00287307 -0.0464076
177 0.00286963 0.272418 0.00273606 3.57255e-06 0.000186866 0.002736 0.141946 1.60939e-07 -3.81767e-06 -3.53239e-06 3.39063e-08 -0.141898 0.000577813 0.000186983 -3.76468e-06 -0.000577795 -0.0116643 0.0100436 1.31142e-05 0.000685951 0.0100434 0.521058 5.9078e-07 -1.4014e-05 -1.29668e-05 1.24464e-07 -0.520883 0.00212105 0.000686383 -1.38195e-05 -0.00212098 -0.0428175
177.5 0.00239169 0.27423 0.0019079 2.49775e-06 0.000187657 0.00190785 0.142497 1.34785e-07 -2.65482e-06 -2.47016e-06 7.32772e-08 -0.142474 0.000405537 0.000187761 -2.61745e-06 -0.000405523 -0.0109072 0.00695729 9.10825e-06 0.000684307 0.00695714 0.519626 4.91505e-07 -9.68102e-06 -9.00763e-06 2.67211e-07 -0.519542 0.00147882 0.000684684 -9.54473e-06 -0.00147877 -0.0397741
178 0.00191357 0.275724 0.00122518 1.60741e-06 0.0001883 0.00122515 0.142953 1.22647e-07 -1.70099e-06 -1.58991e-06 9.73711e-08 -0.142943 0.000261793 0.000188391 -1.67677e-06 -0.000261784 -0.0102791 0.00444351 5.82977e-06 0.000682931 0.00444341 0.518464 4.4482e-07 -6.1692e-06 -5.7663e-06 3.53147e-07 -0.51843 0.000949477 0.00068326 -6.08134e-06 -0.000949444 -0.0372804
178.5 0.00143531 0.276894 0.000690976 9.08052e-07 0.000188797 0.000690961 0.143311 1.19029e-07 -9.57642e-07 -8.98276e-07 1.11011e-07 -0.143308 0.000148247 0.000188878 -9.43881e-07 -0.000148241 -0.00978508 0.00249546 3.27942e-06 0.000681841 0.0024954 0.517566 4.29872e-07 -3.45852e-06 -3.24412e-06 4.00915e-07 -0.517555 0.000535391 0.000682132 -3.40882e-06 -0.000535372 -0.0353387
179 0.000956932 0.277734 0.000307677 4.04816e-07 0.000189151 0.00030767 0.143568 1.19588e-07 -4.25882e-07 -4.00493e-07 1.18001e-07 -0.143568 6.62017e-05 0.000189224 -4.19723e-07 -6.61992e-05 -0.00942926 0.00110781 1.45757e-06 0.000681052 0.00110779 0.516928 4.30584e-07 -1.53342e-06 -1.442e-06 4.24871e-07 -0.516926 0.000238364 0.000681314 -1.51124e-06 -0.000238355 -0.0339507
179.5 0.000478484 0.278239 7.70058e-05 1.0139e-07 0.000189362 7.70041e-05 0.143724 1.21188e-07 -1.0651e-07 -1.00313e-07 1.21088e-07 -0.143724 1.65977e-05 0.000189431 -1.04964e-07 -1.6597e-05 -0.00921459 0.000276761 3.64398e-07 0.000680574 0.000276755 0.516547 4.35552e-07 -3.828e-07 -3.60526e-07 4.35195e-07 -0.516547 5.96525e-05 0.000680819 -3.77243e-07 -5.96502e-05 -0.0331175
180 5.98114e-05 0.278408 3.45649e-18 -7.13714e-18 0.000189433 5.26799e-18 0.143775 1.21932e-07 1.52643e-18 8.24705e-18 1.21932e-07 -0.143775 6.62299e-18 0.0001895 3.29834e-18 -6.16762e-18 -0.00914283 1.24152e-17 -2.56355e-17 0.000680414 1.89218e-17 0.51642 4.37963e-07 5.48272e-18 2.96222e-17 4.37963e-07 -0.51642 2.37888e-17 0.000680654 1.18471e-17 -2.21532e-17 -0.0328397
