theta 2pi*dcos S11 S12 S13 S14 S21 S22 S23 S24 S31 S32 S33 S34 S41 S42 S43 S44 S12_norm S13_norm S14_norm S21_norm S22_norm S23_norm S24_norm S31_norm S32_norm S33_norm S34_norm S41_norm S42_norm S43_norm S44_norm
0 2.39246e-06 2.89124 2.34968e-17 1.46293e-18 0.000274639 2.26374e-17 2.88571 -0.000114928 -2.61279e-18 1.99256e-18 0.000114928 2.88571 5.2387e-18 0.000274626 3.26714e-18 -5.91383e-18 2.88023 8.12688e-18 5.05986e-19 9.49899e-05 7.82963e-18 0.998088 -3.97505e-05 -9.03693e-19 6.8917e-19 3.97505e-05 0.998088 1.81192e-18 9.49853e-05 1.13001e-18 -2.04543e-18 0.996192
0.1 1.91397e-05 2.89122 -1.39369e-06 -1.63179e-10 0.000274635 -1.39369e-06 2.88569 -0.000114928 -1.14079e-10 1.12318e-10 0.000114928 2.88569 2.59925e-06 0.000274622 -1.30018e-10 -2.59923e-06 2.88021 -4.82043e-07 -5.64396e-11 9.49896e-05 -4.82042e-07 0.998088 -3.97506e-05 -3.94572e-11 3.88479e-11 3.97506e-05 0.998088 8.99016e-07 9.4985e-05 -4.49699e-11 -8.9901e-07 0.996192
0.2 3.82793e-05 2.89114 -5.57456e-06 -6.52696e-10 0.000274626 -5.57455e-06 2.88561 -0.000114926 -4.56307e-10 4.49255e-10 0.000114926 2.88561 1.03968e-05 0.000274613 -5.20057e-10 -1.03967e-05 2.88013 -1.92816e-06 -2.25757e-10 9.49888e-05 -1.92815e-06 0.998088 -3.97511e-05 -1.57829e-10 1.5539e-10 3.97511e-05 0.998088 3.59609e-06 9.49842e-05 -1.7988e-10 -3.59606e-06 0.996192
0.3 5.74188e-05 2.89101 -1.2542e-05 -1.46849e-09 0.000274609 -1.2542e-05 2.88548 -0.000114923 -1.02665e-09 1.01077e-09 0.000114923 2.88548 2.3392e-05 0.000274596 -1.17007e-09 -2.33918e-05 2.88 -4.33828e-06 -5.0795e-10 9.49874e-05 -4.33827e-06 0.998088 -3.97519e-05 -3.55119e-10 3.49624e-10 3.97519e-05 0.998088 8.09128e-06 9.49828e-05 -4.04728e-10 -8.09123e-06 0.996192
0.4 7.65581e-05 2.89083 -2.2295e-05 -2.61045e-09 0.000274587 -2.2295e-05 2.8853 -0.000114919 -1.82506e-09 1.79678e-09 0.000114919 2.8853 4.15837e-05 0.000274573 -2.07999e-09 -4.15835e-05 2.87982 -7.71234e-06 -9.03011e-10 9.49855e-05 -7.71232e-06 0.998087 -3.9753e-05 -6.31328e-10 6.21544e-10 3.9753e-05 0.998087 1.43847e-05 9.49809e-05 -7.19515e-10 -1.43846e-05 0.996192
0.5 9.56972e-05 2.89059 -3.48322e-05 -4.07844e-09 0.000274557 -3.48321e-05 2.88506 -0.000114914 -2.85146e-09 2.80718e-09 0.000114914 2.88506 6.49706e-05 0.000274544 -3.24972e-09 -6.49701e-05 2.87958 -1.20502e-05 -1.41093e-09 9.49831e-05 -1.20502e-05 0.998087 -3.97544e-05 -9.86462e-10 9.71142e-10 3.97544e-05 0.998087 2.24766e-05 9.49785e-05 -1.12424e-09 -2.24764e-05 0.996192
0.6 0.000114836 2.89031 -5.01517e-05 -5.87227e-09 0.000274522 -5.01516e-05 2.88478 -0.000114908 -4.10576e-09 4.04183e-09 0.000114908 2.88478 9.35506e-05 0.000274508 -4.67911e-09 -9.355e-05 2.8793 -1.73517e-05 -2.03171e-09 9.49801e-05 -1.73517e-05 0.998087 -3.97562e-05 -1.42053e-09 1.39841e-09 3.97562e-05 0.998087 3.2367e-05 9.49755e-05 -1.6189e-09 -3.23668e-05 0.996192
0.7 0.000133974 2.88997 -6.82514e-05 -7.9917e-09 0.000274479 -6.82512e-05 2.88444 -0.0001149 -5.58783e-09 5.50057e-09 0.0001149 2.88444 0.000127321 0.000274466 -6.36802e-09 -0.000127321 2.87896 -2.36166e-05 -2.76532e-09 9.49766e-05 -2.36166e-05 0.998087 -3.97582e-05 -1.93353e-09 1.90333e-09 3.97582e-05 0.998087 4.40563e-05 9.4972e-05 -2.20349e-09 -4.4056e-05 0.996191
0.8 0.000153112 2.88958 -8.91285e-05 -1.04365e-08 0.000274431 -8.91284e-05 2.88405 -0.000114891 -7.29756e-09 7.18319e-09 0.000114891 2.88405 0.00016628 0.000274417 -8.31624e-09 -0.000166279 2.87857 -3.08448e-05 -3.61176e-09 9.49725e-05 -3.08447e-05 0.998087 -3.97606e-05 -2.52547e-09 2.48589e-09 3.97606e-05 0.998087 5.75448e-05 9.49679e-05 -2.87801e-09 -5.75444e-05 0.996191
0.9 0.00017225 2.88914 -0.00011278 -1.32063e-08 0.000274376 -0.00011278 2.88361 -0.000114882 -9.23477e-09 9.08947e-09 0.000114882 2.88361 0.000210424 0.000274362 -1.05236e-08 -0.000210423 2.87813 -3.90359e-05 -4.57101e-09 9.49679e-05 -3.90358e-05 0.998087 -3.97633e-05 -3.19637e-09 3.14608e-09 3.97633e-05 0.998087 7.28328e-05 9.49632e-05 -3.64246e-09 -7.28323e-05 0.996191
1 0.000191387 2.88864 -0.000139203 -1.63008e-08 0.000274314 -0.000139203 2.88312 -0.000114871 -1.13993e-08 1.12191e-08 0.000114871 2.88312 0.000259749 0.0002743 -1.29898e-08 -0.000259747 2.87764 -4.81897e-05 -5.64305e-09 9.49628e-05 -4.81896e-05 0.998086 -3.97663e-05 -3.94624e-09 3.88388e-09 3.97663e-05 0.998086 8.99208e-05 9.49581e-05 -4.49683e-09 -8.99202e-05 0.996191
1.1 0.000210523 2.8881 -0.000168393 -1.97195e-08 0.000274246 -0.000168393 2.88257 -0.000114858 -1.37909e-08 1.35719e-08 0.000114858 2.88257 0.000314251 0.000274232 -1.57145e-08 -0.000314249 2.8771 -5.83057e-05 -6.82786e-09 9.49571e-05 -5.83056e-05 0.998086 -3.97696e-05 -4.77508e-09 4.69926e-09 3.97696e-05 0.998086 0.000108809 9.49524e-05 -5.44113e-09 -0.000108808 0.996191
1.2 0.000229659 2.8875 -0.000200346 -2.34622e-08 0.000274171 -0.000200345 2.88198 -0.000114845 -1.64094e-08 1.61475e-08 0.000114845 2.88198 0.000373926 0.000274157 -1.86976e-08 -0.000373924 2.8765 -6.93838e-05 -8.12541e-09 9.49509e-05 -6.93836e-05 0.998086 -3.97732e-05 -5.68292e-09 5.5922e-09 3.97732e-05 0.998086 0.000129498 9.49461e-05 -6.47534e-09 -0.000129497 0.996191
1.3 0.000248794 2.88685 -0.000235057 -2.75281e-08 0.00027409 -0.000235057 2.88133 -0.000114831 -1.92546e-08 1.89455e-08 0.000114831 2.88133 0.000438769 0.000274076 -2.19385e-08 -0.000438766 2.87586 -8.14233e-05 -9.53569e-09 9.49441e-05 -8.14231e-05 0.998085 -3.97771e-05 -6.66976e-09 6.56268e-09 3.97771e-05 0.998085 0.000151989 9.49393e-05 -7.59946e-09 -0.000151988 0.996191
1.4 0.000267929 2.88615 -0.000272522 -3.1917e-08 0.000274002 -0.000272521 2.88063 -0.000114815 -2.23262e-08 2.19656e-08 0.000114815 2.88063 0.000508774 0.000273988 -2.54371e-08 -0.000508771 2.87516 -9.44239e-05 -1.10587e-08 9.49368e-05 -9.44237e-05 0.998085 -3.97814e-05 -7.73562e-09 7.61067e-09 3.97814e-05 0.998085 0.000176281 9.49319e-05 -8.81349e-09 -0.00017628 0.996191
1.5 0.000287062 2.8854 -0.000312735 -3.66281e-08 0.000273908 -0.000312734 2.87987 -0.000114798 -2.56239e-08 2.52073e-08 0.000114798 2.87987 0.000583936 0.000273894 -2.91928e-08 -0.000583933 2.87441 -0.000108385 -1.26943e-08 9.4929e-05 -0.000108385 0.998085 -3.97859e-05 -8.88052e-09 8.73614e-09 3.97859e-05 0.998085 0.000202376 9.49241e-05 -1.01174e-08 -0.000202375 0.996191
1.6 0.000306195 2.8846 -0.000355689 -4.16609e-08 0.000273808 -0.000355689 2.87907 -0.000114781 -2.91473e-08 2.86702e-08 0.000114781 2.87907 0.000664249 0.000273793 -3.32053e-08 -0.000664245 2.87361 -0.000123306 -1.44425e-08 9.49206e-05 -0.000123306 0.998084 -3.97908e-05 -1.01045e-08 9.93906e-09 3.97908e-05 0.998084 0.000230274 9.49156e-05 -1.15112e-08 -0.000230273 0.99619
1.7 0.000325327 2.88374 -0.00040138 -4.70148e-08 0.000273701 -0.000401379 2.87822 -0.000114761 -3.28963e-08 3.23538e-08 0.000114761 2.87822 0.000749706 0.000273686 -3.74741e-08 -0.000749701 2.87276 -0.000139187 -1.63034e-08 9.49116e-05 -0.000139187 0.998084 -3.9796e-05 -1.14075e-08 1.12194e-08 3.9796e-05 0.998084 0.000259977 9.49066e-05 -1.2995e-08 -0.000259975 0.99619
1.8 0.000344457 2.88283 -0.0004498 -5.26891e-08 0.000273587 -0.000449799 2.87731 -0.000114741 -3.68704e-08 3.62577e-08 0.000114741 2.87731 0.0008403 0.000273573 -4.19988e-08 -0.000840294 2.87185 -0.000156027 -1.82768e-08 9.49022e-05 -0.000156027 0.998083 -3.98015e-05 -1.27896e-08 1.25771e-08 3.98015e-05 0.998083 0.000291484 9.48971e-05 -1.45686e-08 -0.000291482 0.99619
1.9 0.000363587 2.88188 -0.000500943 -5.86829e-08 0.000273467 -0.000500942 2.87635 -0.00011472 -4.10693e-08 4.03813e-08 0.00011472 2.87635 0.000936023 0.000273453 -4.67787e-08 -0.000936017 2.8709 -0.000173825 -2.03628e-08 9.48922e-05 -0.000173825 0.998083 -3.98073e-05 -1.42509e-08 1.40121e-08 3.98073e-05 0.998083 0.000324796 9.4887e-05 -1.6232e-08 -0.000324794 0.99619
2 0.000382716 2.88087 -0.0005548 -6.49957e-08 0.000273341 -0.000554799 2.87534 -0.000114697 -4.54926e-08 4.4724e-08 0.000114697 2.87534 0.00103687 0.000273326 -5.18135e-08 -0.00103686 2.86989 -0.000192581 -2.25612e-08 9.48816e-05 -0.000192581 0.998082 -3.98135e-05 -1.57913e-08 1.55245e-08 3.98135e-05 0.998082 0.000359915 9.48764e-05 -1.79854e-08 -0.000359913 0.99619
2.1 0.000401843 2.8798 -0.000611364 -7.16266e-08 0.000273208 -0.000611363 2.87428 -0.000114674 -5.01398e-08 4.92852e-08 0.000114674 2.87428 0.00114283 0.000273193 -5.71025e-08 -0.00114282 2.86883 -0.000212294 -2.4872e-08 9.48705e-05 -0.000212293 0.998082 -3.98199e-05 -1.74108e-08 1.71141e-08 3.98199e-05 0.998082 0.000396842 9.48652e-05 -1.98286e-08 -0.000396839 0.99619
2.2 0.000420969 2.87869 -0.000670628 -7.85747e-08 0.000273069 -0.000670626 2.87317 -0.000114649 -5.50106e-08 5.40644e-08 0.000114649 2.87317 0.00125389 0.000273054 -6.26451e-08 -0.00125388 2.86772 -0.000232963 -2.72953e-08 9.48588e-05 -0.000232962 0.998081 -3.98266e-05 -1.91096e-08 1.87809e-08 3.98266e-05 0.998081 0.000435576 9.48535e-05 -2.17617e-08 -0.000435573 0.996189
2.3 0.000440094 2.87753 -0.000732581 -8.58391e-08 0.000272924 -0.00073258 2.872 -0.000114623 -6.01045e-08 5.90608e-08 0.000114623 2.872 0.00137005 0.000272908 -6.84407e-08 -0.00137004 2.86656 -0.000254587 -2.98309e-08 9.48467e-05 -0.000254587 0.99808 -3.98337e-05 -2.08876e-08 2.05248e-08 3.98337e-05 0.99808 0.00047612 9.48413e-05 -2.37846e-08 -0.000476117 0.996189
2.4 0.000459218 2.87631 -0.000797216 -9.3419e-08 0.000272772 -0.000797215 2.87079 -0.000114595 -6.54211e-08 6.42738e-08 0.000114595 2.87079 0.00149129 0.000272756 -7.44887e-08 -0.00149128 2.86535 -0.000277166 -3.24787e-08 9.48339e-05 -0.000277166 0.99808 -3.98411e-05 -2.27448e-08 2.23459e-08 3.98411e-05 0.99808 0.000518475 9.48285e-05 -2.58973e-08 -0.000518471 0.996189
2.5 0.00047834 2.87505 -0.000864523 -1.01313e-07 0.000272614 -0.000864522 2.86952 -0.000114567 -7.09598e-08 6.97027e-08 0.000114567 2.86952 0.00161762 0.000272598 -8.07884e-08 -0.00161761 2.86409 -0.000300699 -3.52389e-08 9.48207e-05 -0.000300698 0.998079 -3.98488e-05 -2.46813e-08 2.4244e-08 3.98488e-05 0.998079 0.00056264 9.48151e-05 -2.80999e-08 -0.000562636 0.996189
2.6 0.000497461 2.87373 -0.000934493 -1.09521e-07 0.000272449 -0.000934491 2.86821 -0.000114537 -7.67202e-08 7.53467e-08 0.000114537 2.8682 0.001749 0.000272433 -8.73391e-08 -0.00174899 2.86277 -0.000325185 -3.81112e-08 9.48068e-05 -0.000325184 0.998078 -3.98567e-05 -2.66971e-08 2.62192e-08 3.98567e-05 0.998078 0.000608619 9.48012e-05 -3.03923e-08 -0.000608614 0.996188
2.7 0.00051658 2.87236 -0.00100711 -1.18041e-07 0.000272278 -0.00100711 2.86684 -0.000114507 -8.27017e-08 8.12051e-08 0.000114507 2.86684 0.00188545 0.000272262 -9.414e-08 -0.00188543 2.86141 -0.000350623 -4.10956e-08 9.47925e-05 -0.000350622 0.998078 -3.9865e-05 -2.87923e-08 2.82712e-08 3.9865e-05 0.998077 0.000656411 9.47868e-05 -3.27745e-08 -0.000656406 0.996188
2.8 0.000535698 2.87094 -0.00108238 -1.26873e-07 0.000272101 -0.00108238 2.86542 -0.000114475 -8.89038e-08 8.72771e-08 0.000114475 2.86542 0.00202693 0.000272084 -1.0119e-07 -0.00202692 2.85999 -0.000377012 -4.41921e-08 9.47776e-05 -0.000377011 0.998077 -3.98736e-05 -3.09668e-08 3.04002e-08 3.98736e-05 0.998077 0.000706018 9.47718e-05 -3.52465e-08 -0.000706013 0.996188
2.9 0.000554814 2.86947 -0.00116027 -1.36015e-07 0.000271917 -0.00116027 2.86395 -0.000114442 -9.53259e-08 9.35618e-08 0.000114442 2.86395 0.00217345 0.0002719 -1.0849e-07 -0.00217344 2.85853 -0.000404351 -4.74006e-08 9.47621e-05 -0.00040435 0.998076 -3.98826e-05 -3.32207e-08 3.2606e-08 3.98826e-05 0.998076 0.000757441 9.47562e-05 -3.78082e-08 -0.000757436 0.996187
3 0.000573928 2.86795 -0.00124078 -1.45465e-07 0.000271727 -0.00124078 2.86243 -0.000114407 -1.01967e-07 1.00058e-07 0.000114407 2.86243 0.00232499 0.00027171 -1.16037e-07 -0.00232498 2.85701 -0.000432639 -5.07211e-08 9.47461e-05 -0.000432638 0.998075 -3.98918e-05 -3.55541e-08 3.48885e-08 3.98918e-05 0.998075 0.000810682 9.47402e-05 -4.04598e-08 -0.000810676 0.996187
3.1 0.00059304 2.86637 -0.00132391 -1.55224e-07 0.00027153 -0.0013239 2.86085 -0.000114372 -1.08828e-07 1.06766e-07 0.000114372 2.86085 0.00248154 0.000271513 -1.23831e-07 -0.00248152 2.85544 -0.000461875 -5.41534e-08 9.47296e-05 -0.000461874 0.998075 -3.99013e-05 -3.7967e-08 3.72478e-08 3.99013e-05 0.998074 0.000865741 9.47235e-05 -4.32011e-08 -0.000865736 0.996187
3.2 0.000612151 2.86475 -0.00140962 -1.65289e-07 0.000271328 -0.00140962 2.85923 -0.000114335 -1.15906e-07 1.13684e-07 0.000114335 2.85923 0.00264308 0.00027131 -1.31871e-07 -0.00264306 2.85383 -0.000492058 -5.76975e-08 9.47125e-05 -0.000492057 0.998074 -3.99111e-05 -4.04594e-08 3.96836e-08 3.99111e-05 0.998073 0.000922622 9.47063e-05 -4.60322e-08 -0.000922615 0.996186
3.3 0.00063126 2.86308 -0.00149792 -1.7566e-07 0.000271119 -0.00149792 2.85756 -0.000114298 -1.23202e-07 1.20811e-07 0.000114298 2.85756 0.00280961 0.000271101 -1.40156e-07 -0.00280959 2.85216 -0.000523186 -6.13534e-08 9.46949e-05 -0.000523185 0.998073 -3.99213e-05 -4.30314e-08 4.2196e-08 3.99213e-05 0.998072 0.000981324 9.46886e-05 -4.8953e-08 -0.000981317 0.996186
3.4 0.000650367 2.86135 -0.00158879 -1.86334e-07 0.000270904 -0.00158879 2.85584 -0.000114259 -1.30715e-07 1.28145e-07 0.000114259 2.85583 0.0029811 0.000270885 -1.48686e-07 -0.00298108 2.85044 -0.000555259 -6.51209e-08 9.46767e-05 -0.000555258 0.998072 -3.99317e-05 -4.5683e-08 4.47849e-08 3.99317e-05 0.998071 0.00104185 9.46703e-05 -5.19636e-08 -0.00104184 0.996186
3.5 0.000669472 2.85958 -0.00168222 -1.97311e-07 0.000270682 -0.00168222 2.85406 -0.000114219 -1.38444e-07 1.35688e-07 0.000114219 2.85406 0.00315755 0.000270663 -1.57459e-07 -0.00315752 2.84867 -0.000588276 -6.9e-08 9.4658e-05 -0.000588275 0.998071 -3.99424e-05 -4.84142e-08 4.74502e-08 3.99424e-05 0.99807 0.0011042 9.46515e-05 -5.50638e-08 -0.00110419 0.996185
3.6 0.000688575 2.85775 -0.00177819 -2.08589e-07 0.000270454 -0.00177819 2.85224 -0.000114177 -1.46389e-07 1.43436e-07 0.000114177 2.85224 0.00333893 0.000270435 -1.66475e-07 -0.00333891 2.84685 -0.000622235 -7.29906e-08 9.46387e-05 -0.000622234 0.99807 -3.99535e-05 -5.12252e-08 5.01918e-08 3.99535e-05 0.998069 0.00116838 9.46321e-05 -5.82538e-08 -0.00116837 0.996185
3.7 0.000707676 2.85588 -0.0018767 -2.20167e-07 0.00027022 -0.00187669 2.85036 -0.000114135 -1.54548e-07 1.51389e-07 0.000114135 2.85036 0.00352524 0.000270201 -1.75732e-07 -0.00352522 2.84498 -0.000657134 -7.70927e-08 9.46189e-05 -0.000657133 0.998069 -3.99648e-05 -5.41158e-08 5.30097e-08 3.99648e-05 0.998068 0.00123438 9.46122e-05 -6.15334e-08 -0.00123437 0.996184
3.8 0.000726775 2.85395 -0.00197771 -2.32044e-07 0.00026998 -0.00197771 2.84844 -0.000114091 -1.62922e-07 1.59547e-07 0.000114091 2.84844 0.00371647 0.00026996 -1.85229e-07 -0.00371644 2.84306 -0.000692973 -8.13061e-08 9.45986e-05 -0.000692972 0.998068 -3.99765e-05 -5.70863e-08 5.59037e-08 3.99765e-05 0.998067 0.00130222 9.45918e-05 -6.49027e-08 -0.00130221 0.996184
3.9 0.000745871 2.85198 -0.00208123 -2.44217e-07 0.000269734 -0.00208123 2.84647 -0.000114046 -1.71508e-07 1.67907e-07 0.000114046 2.84646 0.00391258 0.000269714 -1.94966e-07 -0.00391256 2.84109 -0.00072975 -8.56307e-08 9.45777e-05 -0.000729749 0.998067 -3.99884e-05 -6.01366e-08 5.88738e-08 3.99884e-05 0.998066 0.00137188 9.45707e-05 -6.83617e-08 -0.00137187 0.996183
4 0.000764965 2.84995 -0.00218724 -2.56685e-07 0.000269481 -0.00218723 2.84444 -0.000114 -1.80307e-07 1.76469e-07 0.000114 2.84444 0.00411358 0.000269461 -2.04941e-07 -0.00411355 2.83908 -0.000767464 -9.00665e-08 9.45563e-05 -0.000767463 0.998066 -4.00006e-05 -6.32668e-08 6.19199e-08 4.00006e-05 0.998064 0.00144338 9.45492e-05 -7.19104e-08 -0.00144337 0.996183
4.1 0.000784057 2.84788 -0.00229571 -2.69447e-07 0.000269222 -0.00229571 2.84237 -0.000113953 -1.89318e-07 1.85231e-07 0.000113953 2.84236 0.00431943 0.000269202 -2.15153e-07 -0.0043194 2.83701 -0.000806113 -9.46134e-08 9.45343e-05 -0.000806112 0.998065 -4.00132e-05 -6.64769e-08 6.50419e-08 4.00132e-05 0.998063 0.00151672 9.4527e-05 -7.55486e-08 -0.00151671 0.996182
4.2 0.000803147 2.84575 -0.00240664 -2.82501e-07 0.000268957 -0.00240664 2.84024 -0.000113904 -1.9854e-07 1.94193e-07 0.000113904 2.84024 0.00453013 0.000268936 -2.25601e-07 -0.0045301 2.83489 -0.000845696 -9.92712e-08 9.45117e-05 -0.000845695 0.998064 -4.0026e-05 -6.97671e-08 6.82397e-08 4.0026e-05 0.998062 0.00159189 9.45044e-05 -7.92765e-08 -0.00159188 0.996182
4.3 0.000822234 2.84358 -0.00252001 -2.95846e-07 0.000268686 -0.00252001 2.83807 -0.000113854 -2.07972e-07 2.03353e-07 0.000113854 2.83806 0.00474566 0.000268665 -2.36284e-07 -0.00474563 2.83272 -0.000886211 -1.0404e-07 9.44886e-05 -0.00088621 0.998062 -4.00391e-05 -7.31372e-08 7.15132e-08 4.00391e-05 0.99806 0.0016689 9.44812e-05 -8.30939e-08 -0.00166889 0.996181
4.4 0.000841318 2.84136 -0.0026358 -3.09479e-07 0.000268409 -0.0026358 2.83585 -0.000113804 -2.17612e-07 2.1271e-07 0.000113804 2.83584 0.004966 0.000268387 -2.47201e-07 -0.00496596 2.8305 -0.000927657 -1.08919e-07 9.4465e-05 -0.000927656 0.998061 -4.00526e-05 -7.65875e-08 7.48623e-08 4.00526e-05 0.998059 0.00174776 9.44574e-05 -8.7001e-08 -0.00174774 0.996181
4.5 0.0008604 2.83908 -0.002754 -3.23399e-07 0.000268125 -0.002754 2.83357 -0.000113751 -2.27461e-07 2.22263e-07 0.000113751 2.83357 0.00519113 0.000268103 -2.5835e-07 -0.00519109 2.82824 -0.000970033 -1.1391e-07 9.44408e-05 -0.000970031 0.99806 -4.00663e-05 -8.01179e-08 7.82869e-08 4.00663e-05 0.998058 0.00182845 9.44331e-05 -9.09976e-08 -0.00182844 0.99618
4.6 0.00087948 2.83676 -0.00287459 -3.37604e-07 0.000267836 -0.00287458 2.83125 -0.000113698 -2.37518e-07 2.3201e-07 0.000113698 2.83125 0.00542103 0.000267813 -2.6973e-07 -0.005421 2.82592 -0.00101334 -1.1901e-07 9.44161e-05 -0.00101333 0.998059 -4.00803e-05 -8.37286e-08 8.17869e-08 4.00803e-05 0.998056 0.00191099 9.44082e-05 -9.50838e-08 -0.00191098 0.99618
4.7 0.000898556 2.83439 -0.00299755 -3.52093e-07 0.00026754 -0.00299754 2.82888 -0.000113644 -2.47781e-07 2.4195e-07 0.000113644 2.82888 0.00565569 0.000267518 -2.8134e-07 -0.00565565 2.82356 -0.00105756 -1.24222e-07 9.43908e-05 -0.00105756 0.998057 -4.00946e-05 -8.74195e-08 8.53622e-08 4.00946e-05 0.998055 0.00199538 9.43828e-05 -9.92595e-08 -0.00199537 0.996179
4.8 0.00091763 2.83197 -0.00312286 -3.66863e-07 0.000267239 -0.00312285 2.82646 -0.000113588 -2.58249e-07 2.52081e-07 0.000113588 2.82646 0.00589508 0.000267216 -2.93179e-07 -0.00589504 2.82115 -0.00110272 -1.29543e-07 9.4365e-05 -0.00110271 0.998056 -4.01092e-05 -9.11908e-08 8.90127e-08 4.01092e-05 0.998053 0.00208162 9.43568e-05 -1.03525e-07 -0.00208161 0.996178
4.9 0.000936701 2.8295 -0.0032505 -3.81912e-07 0.000266931 -0.0032505 2.824 -0.000113531 -2.68923e-07 2.62403e-07 0.000113531 2.82399 0.00613919 0.000266907 -3.05245e-07 -0.00613915 2.81868 -0.00114879 -1.34975e-07 9.43386e-05 -0.00114879 0.998055 -4.01241e-05 -9.50424e-08 9.27382e-08 4.01241e-05 0.998052 0.00216971 9.43303e-05 -1.07879e-07 -0.0021697 0.996178
5 0.00095577 2.82698 -0.00338046 -3.97239e-07 0.000266617 -0.00338046 2.82148 -0.000113473 -2.79799e-07 2.72913e-07 0.000113473 2.82147 0.006388 0.000266593 -3.17537e-07 -0.00638796 2.81617 -0.00119579 -1.40517e-07 9.43117e-05 -0.00119578 0.998053 -4.01392e-05 -9.89746e-08 9.65388e-08 4.01392e-05 0.99805 0.00225965 9.43032e-05 -1.12324e-07 -0.00225964 0.996177
5.1 0.000974835 2.82441 -0.00351272 -4.12842e-07 0.000266298 -0.00351272 2.81891 -0.000113413 -2.90879e-07 2.83611e-07 0.000113413 2.8189 0.00664148 0.000266273 -3.30053e-07 -0.00664144 2.81361 -0.0012437 -1.46169e-07 9.42842e-05 -0.0012437 0.998052 -4.01547e-05 -1.02987e-07 1.00414e-07 4.01547e-05 0.998048 0.00235146 9.42756e-05 -1.16857e-07 -0.00235144 0.996176
5.2 0.000993897 2.8218 -0.00364726 -4.28719e-07 0.000265972 -0.00364726 2.8163 -0.000113353 -3.0216e-07 2.94495e-07 0.000113353 2.81629 0.00689962 0.000265947 -3.42793e-07 -0.00689957 2.81101 -0.00129253 -1.51931e-07 9.42562e-05 -0.00129253 0.99805 -4.01704e-05 -1.0708e-07 1.04364e-07 4.01704e-05 0.998046 0.00244511 9.42474e-05 -1.2148e-07 -0.0024451 0.996175
5.3 0.00101296 2.81914 -0.00378406 -4.44867e-07 0.00026564 -0.00378405 2.81364 -0.000113291 -3.13641e-07 3.05563e-07 0.000113291 2.81362 0.00716239 0.000265615 -3.55754e-07 -0.00716234 2.80835 -0.00134228 -1.57803e-07 9.42276e-05 -0.00134227 0.998049 -4.01865e-05 -1.11254e-07 1.08389e-07 4.01865e-05 0.998045 0.00254063 9.42187e-05 -1.26193e-07 -0.00254062 0.996175
5.4 0.00103201 2.81642 -0.0039231 -4.61285e-07 0.000265303 -0.00392309 2.81093 -0.000113228 -3.25323e-07 3.16814e-07 0.000113228 2.81091 0.00742978 0.000265277 -3.68936e-07 -0.00742973 2.80565 -0.00139294 -1.63784e-07 9.41985e-05 -0.00139293 0.998048 -4.02028e-05 -1.15509e-07 1.12488e-07 4.02028e-05 0.998043 0.00263802 9.41894e-05 -1.30995e-07 -0.002638 0.996174
5.5 0.00105107 2.81366 -0.00406435 -4.77971e-07 0.000264959 -0.00406435 2.80817 -0.000113164 -3.37202e-07 3.28247e-07 0.000113164 2.80815 0.00770175 0.000264933 -3.82337e-07 -0.0077017 2.8029 -0.00144451 -1.69875e-07 9.41688e-05 -0.0014445 0.998046 -4.02194e-05 -1.19845e-07 1.16662e-07 4.02194e-05 0.998041 0.00273727 9.41595e-05 -1.35886e-07 -0.00273725 0.996173
5.6 0.00107012 2.81086 -0.00420781 -4.94922e-07 0.00026461 -0.0042078 2.80536 -0.000113098 -3.4928e-07 3.39859e-07 0.000113098 2.80534 0.0079783 0.000264583 -3.95955e-07 -0.00797824 2.8001 -0.00149698 -1.76075e-07 9.41386e-05 -0.00149698 0.998045 -4.02363e-05 -1.24261e-07 1.2091e-07 4.02363e-05 0.998039 0.00283839 9.41291e-05 -1.40867e-07 -0.00283837 0.996172
5.7 0.00108916 2.808 -0.00435344 -5.12136e-07 0.000264255 -0.00435343 2.80251 -0.000113032 -3.61553e-07 3.5165e-07 0.000113032 2.80249 0.00825939 0.000264228 -4.0979e-07 -0.00825933 2.79725 -0.00155037 -1.82385e-07 9.41078e-05 -0.00155037 0.998043 -4.02534e-05 -1.28758e-07 1.25231e-07 4.02534e-05 0.998037 0.00294138 9.40982e-05 -1.45936e-07 -0.00294136 0.996171
5.8 0.00110821 2.8051 -0.00450123 -5.29612e-07 0.000263894 -0.00450122 2.7996 -0.000112964 -3.74022e-07 3.63617e-07 0.000112964 2.79959 0.008545 0.000263866 -4.23838e-07 -0.00854494 2.79435 -0.00160466 -1.88803e-07 9.40765e-05 -0.00160466 0.998041 -4.02708e-05 -1.33337e-07 1.29627e-07 4.02708e-05 0.998035 0.00304624 9.40667e-05 -1.51096e-07 -0.00304622 0.99617
5.9 0.00112725 2.80215 -0.00465115 -5.47346e-07 0.000263527 -0.00465114 2.79665 -0.000112894 -3.86685e-07 3.75759e-07 0.000112894 2.79663 0.00883511 0.000263499 -4.381e-07 -0.00883505 2.79141 -0.00165985 -1.95331e-07 9.40446e-05 -0.00165985 0.99804 -4.02886e-05 -1.37996e-07 1.34097e-07 4.02886e-05 0.998033 0.00315298 9.40346e-05 -1.56344e-07 -0.00315296 0.996169
6 0.00172656 2.79915 -0.00480319 -5.65336e-07 0.000263154 -0.00480318 2.79366 -0.000112824 -3.99541e-07 3.88074e-07 0.000112824 2.79364 0.0091297 0.000263126 -4.52572e-07 -0.00912964 2.78842 -0.00171595 -2.01967e-07 9.40122e-05 -0.00171594 0.998038 -4.03065e-05 -1.42737e-07 1.3864e-07 4.03066e-05 0.998031 0.0032616 9.4002e-05 -1.61682e-07 -0.00326158 0.996168
6.2 0.00236869 2.79301 -0.00511351 -6.02078e-07 0.000262391 -0.0051135 2.78752 -0.000112679 -4.25828e-07 4.13218e-07 0.000112679 2.7875 0.00973222 0.000262362 -4.82145e-07 -0.00973215 2.7823 -0.00183082 -2.15566e-07 9.39456e-05 -0.00183082 0.998035 -4.03434e-05 -1.52462e-07 1.47947e-07 4.03434e-05 0.998026 0.00348449 9.39351e-05 -1.72626e-07 -0.00348447 0.996166
6.4 0.00244479 2.78669 -0.00543202 -6.39818e-07 0.000261605 -0.00543201 2.7812 -0.00011253 -4.52872e-07 4.39035e-07 0.00011253 2.78117 0.0103523 0.000261575 -5.12543e-07 -0.0103523 2.776 -0.00194928 -2.29598e-07 9.38769e-05 -0.00194927 0.998031 -4.03812e-05 -1.62513e-07 1.57547e-07 4.03812e-05 0.998022 0.00371493 9.38659e-05 -1.83926e-07 -0.0037149 0.996164
6.6 0.00252085 2.78018 -0.00575853 -6.78537e-07 0.000260797 -0.00575852 2.77469 -0.000112375 -4.80665e-07 4.6551e-07 0.000112375 2.77466 0.0109899 0.000260765 -5.43754e-07 -0.0109898 2.7695 -0.00207128 -2.44063e-07 9.38059e-05 -0.00207128 0.998027 -4.04202e-05 -1.7289e-07 1.67439e-07 4.04202e-05 0.998017 0.00395295 9.37946e-05 -1.95583e-07 -0.00395292 0.996161
6.8 0.00259689 2.77348 -0.00609285 -7.18215e-07 0.000259966 -0.00609283 2.768 -0.000112216 -5.09196e-07 4.92628e-07 0.000112216 2.76797 0.0116446 0.000259933 -5.75763e-07 -0.0116445 2.76283 -0.00219682 -2.58958e-07 9.37327e-05 -0.00219682 0.998024 -4.04602e-05 -1.83595e-07 1.77621e-07 4.04602e-05 0.998012 0.00419856 9.3721e-05 -2.07596e-07 -0.00419853 0.996159
7 0.00267289 2.7666 -0.00643478 -7.58831e-07 0.000259112 -0.00643477 2.76112 -0.000112051 -5.38455e-07 5.20376e-07 0.000112051 2.76108 0.0123164 0.000259079 -6.08556e-07 -0.0123163 2.75597 -0.00232588 -2.74283e-07 9.36573e-05 -0.00232588 0.99802 -4.05013e-05 -1.94627e-07 1.88092e-07 4.05013e-05 0.998007 0.0044518 9.36451e-05 -2.19965e-07 -0.00445177 0.996156
7.2 0.00274886 2.75954 -0.00678413 -8.00366e-07 0.000258237 -0.00678411 2.75406 -0.000111881 -5.68431e-07 5.48737e-07 0.000111881 2.75402 0.0130049 0.000258202 -6.42119e-07 -0.0130048 2.74892 -0.00245843 -2.90036e-07 9.35796e-05 -0.00245842 0.998016 -4.05434e-05 -2.05988e-07 1.98851e-07 4.05434e-05 0.998001 0.00471269 9.35671e-05 -2.32691e-07 -0.00471266 0.996153
7.4 0.0028248 2.7523 -0.00714069 -8.42797e-07 0.000257339 -0.00714067 2.74682 -0.000111706 -5.99115e-07 5.77696e-07 0.000111706 2.74678 0.0137099 0.000257303 -6.76438e-07 -0.0137098 2.7417 -0.00259445 -3.06216e-07 9.34997e-05 -0.00259444 0.998012 -4.05865e-05 -2.17678e-07 2.09896e-07 4.05865e-05 0.997995 0.00498126 9.34867e-05 -2.45772e-07 -0.00498123 0.99615
7.6 0.00290071 2.74487 -0.00750425 -8.86104e-07 0.00025642 -0.00750424 2.73941 -0.000111526 -6.30495e-07 6.07238e-07 0.000111526 2.73936 0.0144313 0.000256383 -7.11497e-07 -0.0144312 2.7343 -0.00273391 -3.22821e-07 9.34176e-05 -0.00273391 0.998008 -4.06307e-05 -2.29699e-07 2.21226e-07 4.06307e-05 0.997989 0.00525754 9.34042e-05 -2.59209e-07 -0.0052575 0.996147
7.8 0.00297657 2.73728 -0.00787461 -9.30263e-07 0.000255479 -0.0078746 2.73181 -0.000111341 -6.6256e-07 6.37345e-07 0.000111341 2.73175 0.0151688 0.000255441 -7.4728e-07 -0.0151686 2.72672 -0.00287681 -3.3985e-07 9.33332e-05 -0.0028768 0.998003 -4.06758e-05 -2.42051e-07 2.32839e-07 4.06758e-05 0.997983 0.00554155 9.33193e-05 -2.73001e-07 -0.00554151 0.996144
8 0.00305241 2.7295 -0.00825155 -9.75252e-07 0.000254517 -0.00825153 2.72404 -0.000111151 -6.95299e-07 6.68001e-07 0.000111151 2.72398 0.0159221 0.000254478 -7.83773e-07 -0.015922 2.71896 -0.0030231 -3.57301e-07 9.32466e-05 -0.00302309 0.997999 -4.07219e-05 -2.54735e-07 2.44734e-07 4.07219e-05 0.997976 0.00583332 9.32322e-05 -2.87149e-07 -0.00583328 0.99614
8.2 0.0031282 2.72155 -0.00863484 -1.02105e-06 0.000253534 -0.00863482 2.71609 -0.000110955 -7.28699e-07 6.9919e-07 0.000110955 2.71602 0.016691 0.000253493 -8.2096e-07 -0.0166909 2.71104 -0.00317276 -3.75172e-07 9.31578e-05 -0.00317276 0.997994 -4.0769e-05 -2.67751e-07 2.56908e-07 4.0769e-05 0.997969 0.00613289 9.31429e-05 -3.01651e-07 -0.00613285 0.996136
8.4 0.00320396 2.71343 -0.00902427 -1.06763e-06 0.00025253 -0.00902425 2.70797 -0.000110754 -7.6275e-07 7.30893e-07 0.000110754 2.7079 0.0174752 0.000252488 -8.58823e-07 -0.0174751 2.70293 -0.00332578 -3.93461e-07 9.30666e-05 -0.00332577 0.99799 -4.0817e-05 -2.81102e-07 2.69361e-07 4.0817e-05 0.997962 0.00644028 9.30513e-05 -3.16508e-07 -0.00644023 0.996132
8.6 0.00327968 2.70514 -0.0094196 -1.11497e-06 0.000251505 -0.00941958 2.69968 -0.000110548 -7.97439e-07 7.63094e-07 0.000110548 2.6996 0.0182746 0.000251462 -8.97348e-07 -0.0182745 2.69466 -0.00348212 -4.12167e-07 9.29733e-05 -0.00348211 0.997985 -4.0866e-05 -2.94787e-07 2.82091e-07 4.0866e-05 0.997954 0.00675552 9.29574e-05 -3.3172e-07 -0.00675548 0.996128
8.8 0.00335535 2.69667 -0.00982062 -1.16304e-06 0.000250461 -0.00982059 2.69123 -0.000110337 -8.32755e-07 7.95774e-07 0.000110337 2.69113 0.0190888 0.000250416 -9.36516e-07 -0.0190887 2.68622 -0.00364175 -4.31288e-07 9.28776e-05 -0.00364174 0.99798 -4.09159e-05 -3.08808e-07 2.95095e-07 4.09159e-05 0.997946 0.00707866 9.28613e-05 -3.47286e-07 -0.00707861 0.996123
9 0.00343099 2.68804 -0.0102271 -1.21183e-06 0.000249396 -0.010227 2.6826 -0.00011012 -8.68684e-07 8.28916e-07 0.00011012 2.6825 0.0199176 0.00024935 -9.76312e-07 -0.0199175 2.67761 -0.00380465 -4.50822e-07 9.27797e-05 -0.00380464 0.997975 -4.09666e-05 -3.23166e-07 3.08372e-07 4.09666e-05 0.997938 0.00740971 9.27628e-05 -3.63206e-07 -0.00740966 0.996118
9.2 0.00350659 2.67925 -0.0106387 -1.2613e-06 0.000248311 -0.0106387 2.6738 -0.000109898 -9.05214e-07 8.62501e-07 0.000109898 2.6737 0.0207607 0.000248265 -1.01672e-06 -0.0207606 2.66883 -0.00397079 -4.70767e-07 9.26795e-05 -0.00397078 0.997969 -4.10183e-05 -3.37862e-07 3.21919e-07 4.10183e-05 0.997929 0.00774872 9.26621e-05 -3.79479e-07 -0.00774867 0.996113
9.4 0.00358214 2.67028 -0.0110553 -1.31143e-06 0.000247207 -0.0110553 2.66485 -0.000109671 -9.42333e-07 8.96511e-07 0.000109671 2.66473 0.0216179 0.000247159 -1.05772e-06 -0.0216177 2.65989 -0.00414014 -4.91121e-07 9.25771e-05 -0.00414013 0.997964 -4.10708e-05 -3.52896e-07 3.35736e-07 4.10708e-05 0.99792 0.00809572 9.25591e-05 -3.96106e-07 -0.00809566 0.996108
9.6 0.00365765 2.66116 -0.0114767 -1.3622e-06 0.000246084 -0.0114767 2.65573 -0.000109438 -9.80028e-07 9.30925e-07 0.000109438 2.6556 0.0224888 0.000246035 -1.09929e-06 -0.0224886 2.65079 -0.00431266 -5.11881e-07 9.24724e-05 -0.00431265 0.997959 -4.11241e-05 -3.68271e-07 3.49819e-07 4.11241e-05 0.997911 0.00845074 9.24539e-05 -4.13086e-07 -0.00845068 0.996102
9.8 0.00373311 2.65188 -0.0119025 -1.41357e-06 0.000244941 -0.0119025 2.64645 -0.0001092 -1.01829e-06 9.65726e-07 0.0001092 2.64631 0.0233732 0.000244891 -1.14142e-06 -0.023373 2.64152 -0.00448833 -5.33046e-07 9.23653e-05 -0.00448832 0.997953 -4.11783e-05 -3.83987e-07 3.64167e-07 4.11783e-05 0.997901 0.00881382 9.23463e-05 -4.30419e-07 -0.00881376 0.996097
10 0.00380853 2.64243 -0.0123325 -1.46553e-06 0.00024378 -0.0123325 2.63701 -0.000108956 -1.05709e-06 1.00089e-06 0.000108956 2.63686 0.0242708 0.000243728 -1.18409e-06 -0.0242706 2.6321 -0.00466711 -5.54613e-07 9.2256e-05 -0.0046671 0.997947 -4.12333e-05 -4.00045e-07 3.78778e-07 4.12333e-05 0.997891 0.00918501 9.22364e-05 -4.48105e-07 -0.00918494 0.99609
10.2 0.0038839 2.63283 -0.0127665 -1.51804e-06 0.000242601 -0.0127665 2.62741 -0.000108707 -1.09643e-06 1.03641e-06 0.000108707 2.62725 0.0251813 0.000242548 -1.22728e-06 -0.0251811 2.62252 -0.00484897 -5.7658e-07 9.21444e-05 -0.00484896 0.997942 -4.1289e-05 -4.16447e-07 3.93648e-07 4.1289e-05 0.997881 0.00956432 9.21242e-05 -4.66144e-07 -0.00956426 0.996084
10.4 0.00395923 2.62308 -0.0132043 -1.57108e-06 0.000241403 -0.0132042 2.61766 -0.000108453 -1.1363e-06 1.07225e-06 0.000108453 2.61749 0.0261044 0.000241349 -1.27097e-06 -0.0261042 2.61279 -0.00503388 -5.98945e-07 9.20305e-05 -0.00503387 0.997936 -4.13455e-05 -4.33193e-07 4.08776e-07 4.13456e-05 0.99787 0.00995182 9.20097e-05 -4.84534e-07 -0.00995175 0.996077
10.6 0.0040345 2.61317 -0.0136454 -1.62462e-06 0.000240187 -0.0136454 2.60776 -0.000108192 -1.17667e-06 1.1084e-06 0.000108192 2.60757 0.0270398 0.000240132 -1.31515e-06 -0.0270396 2.6029 -0.0052218 -6.21704e-07 9.19143e-05 -0.00522179 0.997929 -4.14028e-05 -4.50286e-07 4.2416e-07 4.14028e-05 0.997858 0.0103475 9.18929e-05 -5.03276e-07 -0.0103475 0.99607
10.8 0.00410973 2.60311 -0.0140898 -1.67863e-06 0.000238954 -0.0140898 2.5977 -0.000107927 -1.21754e-06 1.14484e-06 0.000107927 2.5975 0.0279873 0.000238897 -1.35979e-06 -0.0279871 2.59286 -0.00541269 -6.44855e-07 9.17958e-05 -0.00541268 0.997923 -4.14608e-05 -4.67726e-07 4.39797e-07 4.14608e-05 0.997847 0.0107515 9.17738e-05 -5.2237e-07 -0.0107514 0.996062
11 0.00418491 2.5929 -0.0145371 -1.73308e-06 0.000237704 -0.0145371 2.5875 -0.000107656 -1.25889e-06 1.18154e-06 0.000107656 2.58728 0.0289465 0.000237645 -1.40487e-06 -0.0289463 2.58267 -0.00560652 -6.68396e-07 9.1675e-05 -0.00560651 0.997917 -4.15194e-05 -4.85515e-07 4.55684e-07 4.15194e-05 0.997834 0.0111637 9.16524e-05 -5.41816e-07 -0.0111637 0.996055
11.2 0.00426003 2.58254 -0.0149871 -1.78796e-06 0.000236436 -0.0149871 2.57715 -0.000107379 -1.30071e-06 1.21849e-06 0.000107379 2.57692 0.0299171 0.000236377 -1.45039e-06 -0.0299169 2.57233 -0.00580325 -6.92324e-07 9.15518e-05 -0.00580323 0.99791 -4.15787e-05 -5.03654e-07 4.71818e-07 4.15788e-05 0.997822 0.0115843 9.15286e-05 -5.61612e-07 -0.0115843 0.996046
11.4 0.00433511 2.57204 -0.0154395 -1.84322e-06 0.000235152 -0.0154395 2.56665 -0.000107097 -1.34298e-06 1.25566e-06 0.000107097 2.5664 0.0308987 0.000235091 -1.49631e-06 -0.0308985 2.56185 -0.00600283 -7.16636e-07 9.14263e-05 -0.00600282 0.997904 -4.16387e-05 -5.22144e-07 4.88197e-07 4.16388e-05 0.997808 0.0120133 9.14025e-05 -5.81759e-07 -0.0120132 0.996038
11.6 0.00441013 2.5614 -0.0158941 -1.89884e-06 0.000233852 -0.015894 2.55601 -0.000106809 -1.38569e-06 1.29304e-06 0.000106809 2.55575 0.0318912 0.000233789 -1.54262e-06 -0.031891 2.55123 -0.00620524 -7.41329e-07 9.12985e-05 -0.00620522 0.997897 -4.16993e-05 -5.40988e-07 5.04819e-07 4.16994e-05 0.997795 0.0124507 9.12741e-05 -6.02257e-07 -0.0124506 0.996029
11.8 0.0044851 2.55061 -0.0163505 -1.95479e-06 0.000232535 -0.0163505 2.54523 -0.000106515 -1.42882e-06 1.3306e-06 0.000106515 2.54495 0.0328942 0.000232471 -1.5893e-06 -0.032894 2.54046 -0.00641043 -7.664e-07 9.11684e-05 -0.00641041 0.99789 -4.17605e-05 -5.60186e-07 5.2168e-07 4.17606e-05 0.99778 0.0128966 9.11433e-05 -6.23105e-07 -0.0128965 0.996019
12 0.0139046 2.53969 -0.0168085 -2.01104e-06 0.000231203 -0.0168085 2.53431 -0.000106216 -1.47236e-06 1.36832e-06 0.000106216 2.53401 0.0339073 0.000231137 -1.63633e-06 -0.0339071 2.52955 -0.00661835 -7.91846e-07 9.10359e-05 -0.00661833 0.997883 -4.18223e-05 -5.7974e-07 5.38777e-07 4.18223e-05 0.997766 0.013351 9.10102e-05 -6.44302e-07 -0.0133509 0.996009
13 0.0246683 2.48306 -0.0191132 -2.2958e-06 0.000224315 -0.0191132 2.47771 -0.000104633 -1.6957e-06 1.5586e-06 0.000104633 2.47731 0.0391137 0.000224243 -1.87603e-06 -0.0391134 2.47301 -0.00769745 -9.24584e-07 9.03382e-05 -0.00769743 0.997846 -4.21387e-05 -6.82909e-07 6.27695e-07 4.21388e-05 0.997683 0.0157522 9.03092e-05 -7.55531e-07 -0.0157521 0.995953
14 0.0265294 2.42328 -0.021417 -2.58363e-06 0.000217081 -0.021417 2.41797 -0.000102905 -1.92708e-06 1.74966e-06 0.000102906 2.41743 0.0445244 0.000217002 -2.1215e-06 -0.0445241 2.41331 -0.00883802 -1.06617e-06 8.95813e-05 -0.008838 0.997805 -4.24652e-05 -7.95236e-07 7.22019e-07 4.24653e-05 0.997585 0.0183736 8.95488e-05 -8.75465e-07 -0.0183734 0.995884
15 0.0283823 2.36065 -0.0236856 -2.87077e-06 0.000209542 -0.0236855 2.35536 -0.000101031 -2.16462e-06 1.93872e-06 0.000101031 2.35468 0.0500967 0.000209457 -2.37027e-06 -0.0500964 2.35073 -0.0100335 -1.21609e-06 8.87645e-05 -0.0100335 0.997761 -4.27978e-05 -9.16961e-07 8.21263e-07 4.27979e-05 0.997469 0.0212216 8.87283e-05 -1.00407e-06 -0.0212214 0.995799
16 0.0302266 2.29545 -0.0258846 -3.15339e-06 0.00020174 -0.0258845 2.2902 -9.90073e-05 -2.40645e-06 2.12299e-06 9.90076e-05 2.28932 0.055787 0.000201649 -2.61985e-06 -0.0557867 2.28557 -0.0112765 -1.37376e-06 8.78871e-05 -0.0112765 0.997713 -4.3132e-05 -1.04836e-06 9.24871e-07 4.31322e-05 0.997332 0.0243033 8.78472e-05 -1.14132e-06 -0.0243032 0.995697
17 0.0320617 2.22798 -0.0279807 -3.42771e-06 0.000193719 -0.0279806 2.22276 -9.68344e-05 -2.6507e-06 2.29971e-06 9.68348e-05 2.22167 0.0615511 0.000193622 -2.86782e-06 -0.0615506 2.21812 -0.0125588 -1.53849e-06 8.69485e-05 -0.0125588 0.99766 -4.34629e-05 -1.18973e-06 1.0322e-06 4.34631e-05 0.997172 0.0276265 8.69048e-05 -1.28719e-06 -0.0276263 0.995575
18 0.0338871 2.15854 -0.0299414 -3.68999e-06 0.000185522 -0.0299413 2.15337 -9.45118e-05 -2.89553e-06 2.46614e-06 9.45122e-05 2.15203 0.0673443 0.00018542 -3.11186e-06 -0.0673439 2.14867 -0.0138711 -1.70948e-06 8.59481e-05 -0.0138711 0.997604 -4.37851e-05 -1.34143e-06 1.1425e-06 4.37853e-05 0.996985 0.031199 8.59007e-05 -1.44165e-06 -0.0311988 0.99543
19 0.0357021 2.08744 -0.0317358 -3.93659e-06 0.000177194 -0.0317357 2.08231 -9.20401e-05 -3.13919e-06 2.6196e-06 9.20407e-05 2.0807 0.0731224 0.000177087 -3.34973e-06 -0.0731219 2.07754 -0.0152032 -1.88584e-06 8.48855e-05 -0.0152031 0.997543 -4.40923e-05 -1.50384e-06 1.25493e-06 4.40926e-05 0.996769 0.0350297 8.48343e-05 -1.6047e-06 -0.0350294 0.995258
20 0.0375062 2.01499 -0.033335 -4.16399e-06 0.000168776 -0.0333348 2.00991 -8.94212e-05 -3.37995e-06 2.75753e-06 8.94219e-05 2.00798 0.0788416 0.000168666 -3.57933e-06 -0.078841 2.00503 -0.0165435 -2.0665e-06 8.37602e-05 -0.0165434 0.997478 -4.43779e-05 -1.6774e-06 1.36851e-06 4.43782e-05 0.996519 0.0391275 8.37053e-05 -1.77635e-06 -0.0391272 0.995057
21 0.0392989 1.9415 -0.0347122 -4.36887e-06 0.000160313 -0.034712 1.93646 -8.66575e-05 -3.61622e-06 2.87747e-06 8.66583e-05 1.93418 0.0844588 0.000160199 -3.79875e-06 -0.0844582 1.93144 -0.0178791 -2.25026e-06 8.2572e-05 -0.017879 0.997407 -4.46344e-05 -1.86259e-06 1.48209e-06 4.46348e-05 0.996231 0.0435019 8.25134e-05 -1.95661e-06 -0.0435016 0.994822
22 0.0410797 1.86725 -0.0358434 -4.54808e-06 0.000151846 -0.0358432 1.86227 -8.37528e-05 -3.84646e-06 2.97711e-06 8.37538e-05 1.8596 0.0899323 0.00015173 -4.00624e-06 -0.0899318 1.85707 -0.0191958 -2.43571e-06 8.13207e-05 -0.0191957 0.997332 -4.48536e-05 -2.05996e-06 1.59438e-06 4.48541e-05 0.995902 0.048163 8.12586e-05 -2.14553e-06 -0.0481627 0.994549
23 0.0428479 1.79255 -0.0367073 -4.6987e-06 0.000143415 -0.0367071 1.78762 -8.07119e-05 -4.0693e-06 3.05428e-06 8.07131e-05 1.78452 0.0952221 0.000143298 -4.20028e-06 -0.0952214 1.78221 -0.0204777 -2.62124e-06 8.00065e-05 -0.0204776 0.997251 -4.50264e-05 -2.27012e-06 1.70388e-06 4.50271e-05 0.995525 0.0531211 7.9941e-05 -2.34319e-06 -0.0531208 0.994234
24 0.0446031 1.71768 -0.0372858 -4.81807e-06 0.00013506 -0.0372856 1.71281 -7.75408e-05 -4.28345e-06 3.107e-06 7.75423e-05 1.70925 0.10029 0.000134942 -4.37955e-06 -0.100289 1.70715 -0.0217071 -2.805e-06 7.86296e-05 -0.021707 0.997165 -4.51429e-05 -2.49375e-06 1.80884e-06 4.51437e-05 0.995097 0.0583868 7.8561e-05 -2.5497e-06 -0.0583864 0.993872
25 0.0463447 1.64291 -0.0375642 -4.90382e-06 0.000126818 -0.0375639 1.6381 -7.42466e-05 -4.48779e-06 3.13348e-06 7.42483e-05 1.63406 0.105099 0.0001267 -4.543e-06 -0.105098 1.63216 -0.0228644 -2.98483e-06 7.71908e-05 -0.0228642 0.997072 -4.5192e-05 -2.73161e-06 1.90727e-06 4.51931e-05 0.99461 0.063971 7.71192e-05 -2.76521e-06 -0.0639706 0.993457
26 0.0480722 1.56853 -0.0375311 -4.95384e-06 0.000118723 -0.0375309 1.56378 -7.08377e-05 -4.68133e-06 3.13214e-06 7.08397e-05 1.55921 0.109616 0.000118607 -4.68979e-06 -0.109615 1.55752 -0.0239276 -3.15828e-06 7.5691e-05 -0.0239275 0.996974 -4.5162e-05 -2.98454e-06 1.99687e-06 4.51632e-05 0.99406 0.0698847 7.56168e-05 -2.98993e-06 -0.0698842 0.992983
27 0.049785 1.49477 -0.037179 -4.96637e-06 0.00011081 -0.0371787 1.49009 -6.73235e-05 -4.86323e-06 3.1016e-06 6.73258e-05 1.48496 0.11381 0.000110695 -4.81935e-06 -0.113809 1.48347 -0.0248727 -3.3225e-06 7.41316e-05 -0.0248725 0.996868 -4.50395e-05 -3.2535e-06 2.07497e-06 4.5041e-05 0.993438 0.0761388 7.40551e-05 -3.22415e-06 -0.0761383 0.992443
28 0.0514827 1.42188 -0.0365037 -4.93992e-06 0.000103107 -0.0365033 1.41726 -6.37146e-05 -5.03279e-06 3.04068e-06 6.37172e-05 1.41155 0.117652 0.000102995 -4.93137e-06 -0.117651 1.41026 -0.0256729 -3.47423e-06 7.25147e-05 -0.0256727 0.996756 -4.48103e-05 -3.53954e-06 2.1385e-06 4.48121e-05 0.992738 0.0827443 7.24363e-05 -3.46821e-06 -0.0827438 0.991831
29 0.0531646 1.35008 -0.0355048 -4.87337e-06 9.56433e-05 -0.0355045 1.34554 -6.00228e-05 -5.18948e-06 2.94846e-06 6.00257e-05 1.33921 0.121118 9.55353e-05 -5.02578e-06 -0.121117 1.33812 -0.0262983 -3.60969e-06 7.08427e-05 -0.0262981 0.996636 -4.44587e-05 -3.84384e-06 2.18391e-06 4.44609e-05 0.991952 0.0897117 7.07628e-05 -3.72259e-06 -0.0897111 0.991139
30 0.0548304 1.27958 -0.0341857 -4.76588e-06 8.84436e-05 -0.0341854 1.27511 -5.62606e-05 -5.33291e-06 2.8242e-06 5.62639e-05 1.26816 0.124185 8.83399e-05 -5.10276e-06 -0.124184 1.26725 -0.0267163 -3.72456e-06 6.9119e-05 -0.026716 0.996507 -4.39679e-05 -4.16769e-06 2.20712e-06 4.39705e-05 0.991071 0.0970508 6.9038e-05 -3.98783e-06 -0.0970502 0.990358
31 0.0564795 1.21058 -0.0325532 -4.61698e-06 8.153e-05 -0.0325527 1.20619 -5.24419e-05 -5.46285e-06 2.66741e-06 5.24454e-05 1.19858 0.126834 8.14311e-05 -5.16273e-06 -0.126833 1.19785 -0.0268905 -3.81385e-06 6.73476e-05 -0.0268901 0.996371 -4.33195e-05 -4.51257e-06 2.20341e-06 4.33224e-05 0.990084 0.104771 6.7266e-05 -4.26466e-06 -0.10477 0.989479
32 0.0581114 1.14326 -0.0306173 -4.42649e-06 7.49217e-05 -0.0306169 1.13894 -4.8581e-05 -5.57918e-06 2.4778e-06 4.85849e-05 1.13066 0.12905 7.48282e-05 -5.20632e-06 -0.129049 1.1301 -0.0267808 -3.87183e-06 6.55336e-05 -0.0267804 0.996225 -4.24935e-05 -4.88008e-06 2.16732e-06 4.24969e-05 0.988983 0.112879 6.54518e-05 -4.55394e-06 -0.112879 0.988492
33 0.0597256 1.07776 -0.0283917 -4.19456e-06 6.86348e-05 -0.0283913 1.07352 -4.46933e-05 -5.68194e-06 2.25532e-06 4.46975e-05 1.06456 0.130821 6.85472e-05 -5.23439e-06 -0.13082 1.06416 -0.0263433 -3.89194e-06 6.3683e-05 -0.0263429 0.99607 -4.14688e-05 -5.27201e-06 2.0926e-06 4.14727e-05 0.987755 0.121382 6.36017e-05 -4.85674e-06 -0.121382 0.987386
34 0.0613216 1.01423 -0.0258929 -3.92163e-06 6.26827e-05 -0.0258924 1.01007 -4.07947e-05 -5.77131e-06 2.00008e-06 4.07992e-05 1.00042 0.132138 6.26012e-05 -5.24795e-06 -0.132137 1.00018 -0.0255296 -3.86662e-06 6.18033e-05 -0.0255291 0.995904 -4.02224e-05 -5.69034e-06 1.97203e-06 4.02268e-05 0.986389 0.130284 6.1723e-05 -5.17433e-06 -0.130283 0.986148
35 0.0628989 0.952791 -0.0231401 -3.60844e-06 5.70754e-05 -0.0231396 0.94872 -3.69018e-05 -5.84755e-06 1.71244e-06 3.69064e-05 0.938377 0.132995 5.70002e-05 -5.24821e-06 -0.132995 0.938277 -0.0242867 -3.78723e-06 5.99033e-05 -0.0242861 0.995727 -3.87301e-05 -6.13728e-06 1.79729e-06 3.8735e-05 0.984871 0.139585 5.98244e-05 -5.50824e-06 -0.139584 0.984767
36 0.064457 0.893551 -0.0201554 -3.25598e-06 5.18201e-05 -0.0201549 0.889565 -3.30312e-05 -5.91106e-06 1.39291e-06 3.30359e-05 0.878529 0.133392 5.17514e-05 -5.2365e-06 -0.133392 0.878564 -0.0225565 -3.64387e-06 5.79934e-05 -0.0225559 0.995538 -3.69662e-05 -6.61524e-06 1.55885e-06 3.69715e-05 0.983188 0.149283 5.79165e-05 -5.86033e-06 -0.149283 0.983228
37 0.0659956 0.836594 -0.0169629 -2.86554e-06 4.69211e-05 -0.0169623 0.832693 -2.92002e-05 -5.96231e-06 1.04221e-06 2.92049e-05 0.82097 0.13333 4.68588e-05 -5.21429e-06 -0.133329 0.82113 -0.0202762 -3.42524e-06 5.60859e-05 -0.0202754 0.995337 -3.49036e-05 -7.12688e-06 1.24577e-06 3.49093e-05 0.981324 0.159372 5.60114e-05 -6.23276e-06 -0.159371 0.981516
38 0.067514 0.78199 -0.0135887 -2.4386e-06 4.23799e-05 -0.0135881 0.778175 -2.54259e-05 -6.00188e-06 6.61197e-07 2.54305e-05 0.765774 0.132812 4.23239e-05 -5.1831e-06 -0.132811 0.766049 -0.0173771 -3.11845e-06 5.41949e-05 -0.0173763 0.995122 -3.25143e-05 -7.67514e-06 8.45532e-07 3.25202e-05 0.979263 0.169838 5.41234e-05 -6.62809e-06 -0.169838 0.979615
39 0.0690118 0.72979 -0.0100607 -1.97688e-06 3.81951e-05 -0.01006 0.726063 -2.17255e-05 -6.0304e-06 2.50924e-07 2.17297e-05 0.712997 0.131847 3.81453e-05 -5.14454e-06 -0.131846 0.713376 -0.0137857 -2.70884e-06 5.23371e-05 -0.0137848 0.994892 -2.97695e-05 -8.2632e-06 3.4383e-07 2.97753e-05 0.976989 0.180664 5.22689e-05 -7.04935e-06 -0.180663 0.977508
40 0.10628 0.680031 -0.00640774 -1.4823e-06 3.43629e-05 -0.00640707 0.676391 -1.8116e-05 -6.04858e-06 -1.87428e-07 1.81197e-05 0.662679 0.130445 3.43189e-05 -5.10025e-06 -0.130444 0.66315 -0.00942271 -2.17974e-06 5.05314e-05 -0.00942172 0.994647 -2.66399e-05 -8.89455e-06 -2.75617e-07 2.66454e-05 0.974482 0.191821 5.04667e-05 -7.50001e-06 -0.191821 0.975176
42 0.146749 0.587903 0.00115195 -4.03002e-07 2.77288e-05 0.00115268 0.584436 -1.12356e-05 -6.0569e-06 -1.14294e-06 1.12375e-05 0.569499 0.126386 2.76952e-05 -5.00093e-06 -0.126385 0.570125 0.00195943 -6.85491e-07 4.71656e-05 0.00196066 0.994103 -1.91114e-05 -1.03026e-05 -1.9441e-06 1.91145e-05 0.968696 0.214978 4.71085e-05 -8.50639e-06 -0.214977 0.969762
44 0.152348 0.505591 0.00884504 7.80932e-07 2.24006e-05 0.00884581 0.502295 -4.91103e-06 -6.03313e-06 -2.19325e-06 4.90956e-06 0.486249 0.120771 2.23752e-05 -4.89773e-06 -0.120771 0.486989 0.0174944 1.54459e-06 4.43057e-05 0.017496 0.993479 -9.71344e-06 -1.19328e-05 -4.33799e-06 9.71054e-06 0.961744 0.238871 4.42556e-05 -9.68714e-06 -0.238871 0.963207
46 0.157761 0.432876 0.0164272 2.04943e-06 1.82709e-05 0.016428 0.429742 7.44002e-07 -5.98372e-06 -3.3245e-06 -7.50591e-07 0.41273 0.113771 1.82512e-05 -4.80199e-06 -0.113771 0.413544 0.037949 4.73445e-06 4.22082e-05 0.0379509 0.99276 1.71874e-06 -1.38232e-05 -7.68002e-06 -1.73396e-06 0.95346 0.262826 4.21625e-05 -1.10932e-05 -0.262826 0.95534
48 0.162982 0.369359 0.0236654 3.38133e-06 1.52083e-05 0.0236662 0.366377 5.63221e-06 -5.91493e-06 -4.52135e-06 -5.64621e-06 0.348559 0.105583 1.51912e-05 -4.72305e-06 -0.105583 0.349411 0.0640716 9.15459e-06 4.11748e-05 0.0640739 0.991927 1.52486e-05 -1.6014e-05 -1.22411e-05 -1.52865e-05 0.943686 0.285855 4.11286e-05 -1.27872e-05 -0.285855 0.945993
50 0.168004 0.314497 0.0303464 4.75495e-06 1.30638e-05 0.0303473 0.311652 9.67637e-06 -5.83251e-06 -5.7672e-06 -9.70056e-06 0.293202 0.0964238 1.30464e-05 -4.66774e-06 -0.0964239 0.294062 0.0964921 1.51193e-05 4.15387e-05 0.0964948 0.990957 3.07678e-05 -1.85456e-05 -1.83379e-05 -3.08447e-05 0.932292 0.306597 4.14834e-05 -1.48419e-05 -0.306598 0.935026
52 0.172821 0.26764 0.0362847 6.14861e-06 1.16781e-05 0.0362856 0.264915 1.2822e-05 -5.74149e-06 -7.0444e-06 -1.28596e-05 0.246015 0.0865221 1.16574e-05 -4.63995e-06 -0.0865223 0.246858 0.135573 2.29735e-05 4.36337e-05 0.135576 0.989819 4.79079e-05 -2.14523e-05 -2.63205e-05 -4.80483e-05 0.919202 0.323278 4.35562e-05 -1.73366e-05 -0.323279 0.922351
54 0.177428 0.228063 0.0413278 7.54099e-06 1.08879e-05 0.0413286 0.225435 1.50394e-05 -5.64596e-06 -8.33441e-06 -1.50939e-05 0.206268 0.0761115 1.08609e-05 -4.64055e-06 -0.0761118 0.207076 0.181212 3.30653e-05 4.77409e-05 0.181216 0.988475 6.59438e-05 -2.47561e-05 -3.65443e-05 -6.6183e-05 0.904434 0.33373 4.76221e-05 -2.03476e-05 -0.333731 0.907976
56 0.181819 0.195001 0.0453603 8.91146e-06 1.0532e-05 0.0453612 0.192442 1.63239e-05 -5.54895e-06 -9.61803e-06 -1.63993e-05 0.173187 0.065423 1.04958e-05 -4.6674e-06 -0.0654233 0.17395 0.232616 4.56996e-05 5.40102e-05 0.23262 0.986878 8.37121e-05 -2.8456e-05 -4.9323e-05 -8.40987e-05 0.888137 0.335501 5.38243e-05 -2.39353e-05 -0.335503 0.892048
58 0.185988 0.167672 0.048306 1.02403e-05 1.04567e-05 0.0483069 0.165152 1.66967e-05 -5.45242e-06 -1.08756e-05 -1.67969e-05 0.145979 0.0546792 1.04085e-05 -4.71566e-06 -0.0546796 0.146694 0.288098 6.10732e-05 6.23641e-05 0.288103 0.984972 9.95792e-05 -3.25184e-05 -6.48622e-05 -0.000100177 0.87062 0.326108 6.20765e-05 -2.81243e-05 -0.32611 0.874885
60 0.286303 0.145309 0.0501279 1.15088e-05 1.05205e-05 0.0501287 0.142794 1.62027e-05 -5.35723e-06 -1.20871e-05 -1.63316e-05 0.123856 0.0440888 1.04574e-05 -4.77827e-06 -0.0440891 0.12453 0.344974 7.9202e-05 7.24005e-05 0.34498 0.982691 0.000111505 -3.68678e-05 -8.31822e-05 -0.000112392 0.852365 0.303414 7.19667e-05 -3.28835e-05 -0.303416 0.857002
64 0.394175 0.11259 0.0504381 1.37961e-05 1.05807e-05 0.0504389 0.109968 1.29045e-05 -5.16929e-06 -1.42932e-05 -1.31009e-05 0.091896 0.0241068 1.04788e-05 -4.91088e-06 -0.024107 0.0925384 0.447979 0.000122534 9.39753e-05 0.447986 0.976711 0.000114615 -4.59124e-05 -0.000126949 -0.000116359 0.816198 0.214111 9.30705e-05 -4.36173e-05 -0.214112 0.821904
68 0.406626 0.0916332 0.0466933 1.56491e-05 9.93976e-06 0.046694 0.0887334 7.18319e-06 -4.97426e-06 -1.60845e-05 -7.45509e-06 0.0719135 0.00672285 9.78434e-06 -4.98958e-06 -0.0067226 0.0726436 0.509567 0.00017078 0.000108473 0.509575 0.968355 7.83907e-05 -5.42845e-05 -0.000175532 -8.1358e-05 0.784797 0.073367 0.000106777 -5.44517e-05 -0.0733642 0.792766
72 0.417095 0.0783169 0.0397128 1.69668e-05 8.15744e-06 0.0397135 0.0749601 -1.27814e-08 -4.75369e-06 -1.73302e-05 -3.32059e-07 0.0596116 -0.0072248 7.93012e-06 -4.94856e-06 0.00722559 0.0605974 0.507079 0.000216643 0.000104159 0.507087 0.957138 -1.632e-07 -6.06982e-05 -0.000221284 -4.23993e-06 0.761158 -0.0922508 0.000101257 -6.31864e-05 0.092261 0.773746
76 0.425533 0.0696902 0.0305652 1.76765e-05 5.11625e-06 0.0305659 0.0657034 -7.67301e-06 -4.49004e-06 -1.79359e-05 7.27216e-06 0.0518975 -0.0173144 4.79654e-06 -4.75222e-06 0.0173158 0.0533349 0.438587 0.000253644 7.34142e-05 0.438596 0.942792 -0.000110102 -6.44285e-05 -0.000257366 0.00010435 0.744688 -0.248447 6.88267e-05 -6.81907e-05 0.248468 0.765314
80 0.431897 0.0638606 0.0203998 1.77404e-05 9.70841e-07 0.0204004 0.0590949 -1.48553e-05 -4.17567e-06 -1.78584e-05 1.44312e-05 0.0467912 -0.0235063 5.4062e-07 -4.40706e-06 0.0235084 0.0488776 0.319442 0.000277799 1.52025e-05 0.319452 0.925373 -0.00023262 -6.53873e-05 -0.000279647 0.00022598 0.732708 -0.368088 8.46562e-06 -6.90106e-05 0.36812 0.76538
84 0.436158 0.0597666 0.0103046 1.71637e-05 -3.9269e-06 0.0103053 0.0541152 -2.07933e-05 -3.82053e-06 -1.71159e-05 2.03929e-05 0.0432048 -0.0260797 -4.47667e-06 -3.96235e-06 0.0260823 0.0461099 0.172414 0.000287179 -6.57039e-05 0.172426 0.905441 -0.000347908 -6.39241e-05 -0.000286378 0.000341209 0.722892 -0.436359 -7.49024e-05 -6.6297e-05 0.436403 0.771499
88 0.328636 0.0569033 0.0012042 1.60002e-05 -9.11118e-06 0.001205 0.0503186 -2.49687e-05 -3.456e-06 -1.57894e-05 2.46472e-05 0.0406637 -0.0255532 -9.77361e-06 -3.50011e-06 0.0255562 0.0445007 0.0211622 0.000281181 -0.000160117 0.0211762 0.884282 -0.000438791 -6.07345e-05 -0.000277478 0.000433141 0.71461 -0.449063 -0.000171758 -6.15098e-05 0.449117 0.78204
90 0.219313 0.0558622 -0.00274415 1.52288e-05 -1.16537e-05 -0.00274331 0.0488152 -2.63093e-05 -3.28563e-06 -1.4948e-05 2.60481e-05 0.0397357 -0.0243347 -1.23637e-05 -3.29275e-06 0.0243379 0.0440567 -0.0491236 0.000272614 -0.000208615 -0.0491085 0.873851 -0.000470968 -5.88166e-05 -0.000267587 0.000466292 0.711317 -0.43562 -0.000221325 -5.89441e-05 0.435677 0.788668
92 0.328636 0.0550607 -0.00619968 1.43531e-05 -1.40812e-05 -0.00619878 0.0475676 -2.71406e-05 -3.13335e-06 -1.4015e-05 2.69522e-05 0.0390306 -0.0226025 -1.48294e-05 -3.11746e-06 0.0226057 0.0438322 -0.112597 0.000260678 -0.000255739 -0.112581 0.863912 -0.000492921 -5.69073e-05 -0.000254538 0.000489499 0.708866 -0.410501 -0.000269328 -5.66187e-05 0.41056 0.79607
96 0.436158 0.0541156 -0.0114494 1.23691e-05 -1.8367e-05 -0.0114484 0.0458191 -2.73344e-05 -2.91615e-06 -1.19669e-05 2.73214e-05 0.0382773 -0.0179821 -1.91547e-05 -2.90596e-06 0.0179853 0.0439794 -0.211573 0.000228568 -0.000339403 -0.211554 0.84669 -0.000505111 -5.38875e-05 -0.000221135 0.000504871 0.707325 -0.332291 -0.000353959 -5.36991e-05 0.332351 0.812694
100 0.431897 0.053898 -0.0143244 1.02232e-05 -2.15789e-05 -0.0143233 0.0449828 -2.57964e-05 -2.86759e-06 -9.83391e-06 2.59791e-05 0.0383258 -0.012456 -2.23467e-05 -2.93266e-06 0.0124589 0.0447631 -0.265769 0.000189678 -0.000400365 -0.265749 0.834591 -0.000478615 -5.3204e-05 -0.000182454 0.000482005 0.711081 -0.231103 -0.000414612 -5.44112e-05 0.231158 0.830514
104 0.425533 0.0541352 -0.0148175 8.09843e-06 -2.34398e-05 -0.0148163 0.0448558 -2.29272e-05 -3.03556e-06 -7.7952e-06 2.32969e-05 0.038968 -0.00673863 -2.41253e-05 -3.22669e-06 0.00674113 0.0458816 -0.273713 0.000149596 -0.000432986 -0.273692 0.828589 -0.000423517 -5.60736e-05 -0.000143995 0.000430347 0.719827 -0.124478 -0.000445649 -5.96043e-05 0.124524 0.847538
108 0.417095 0.0544622 -0.0131022 6.161e-06 -2.38031e-05 -0.013101 0.0451241 -1.92054e-05 -3.43888e-06 -5.99739e-06 1.97234e-05 0.0398534 -0.00144768 -2.43519e-05 -3.77323e-06 0.00144961 0.046913 -0.240575 0.000113124 -0.000437058 -0.240553 0.828541 -0.000352637 -6.31426e-05 -0.00011012 0.000362149 0.731762 -0.0265814 -0.000447135 -6.92817e-05 0.0266168 0.861386
112 0.406626 0.0544788 -0.00949906 4.53866e-06 -2.26591e-05 -0.00949786 0.0454111 -1.51151e-05 -4.05833e-06 -4.53869e-06 1.57179e-05 0.0405294 0.00293252 -2.30339e-05 -4.51518e-06 -0.00293122 0.0473661 -0.174362 8.33105e-05 -0.000415924 -0.17434 0.833556 -0.000277449 -7.44937e-05 -8.33111e-05 0.000288514 0.743947 0.0538287 -0.000422805 -8.28795e-05 -0.0538048 0.86944
116 0.394175 0.0538296 -0.00444177 3.30481e-06 -2.01306e-05 -0.00444059 0.0453511 -1.10865e-05 -4.83477e-06 -3.46147e-06 1.16959e-05 0.0405117 0.00607582 -2.03161e-05 -5.36147e-06 -0.00607512 0.0467601 -0.0825154 6.13939e-05 -0.000373969 -0.0824935 0.842494 -0.000205955 -8.98163e-05 -6.43041e-05 0.000217277 0.752592 0.112871 -0.000377415 -9.96008e-05 -0.112858 0.868669
120 0.379804 0.0522814 0.00155579 2.47282e-06 -1.64612e-05 0.00155691 0.0446649 -7.45468e-06 -5.6755e-06 -2.75408e-06 7.99175e-06 0.0393638 0.00782653 -1.64632e-05 -6.20048e-06 -0.00782636 0.0447076 0.0297579 4.72983e-05 -0.000314858 0.0297794 0.854317 -0.000142587 -0.000108557 -5.2678e-05 0.00015286 0.752922 0.1497 -0.000314896 -0.000118598 -0.149697 0.855134
124 0.363583 0.0497813 0.00793391 2.0013e-06 -1.19934e-05 0.00793495 0.0432192 -4.43903e-06 -6.46771e-06 -2.36089e-06 4.8375e-06 0.0367672 0.00819812 -1.18349e-05 -6.91642e-06 -0.00819837 0.0409827 0.159375 4.02018e-05 -0.000240922 0.159396 0.868181 -8.91706e-05 -0.000129922 -4.74251e-05 9.71749e-05 0.738574 0.164683 -0.000237738 -0.000138936 -0.164688 0.823256
128 0.34559 0.0464794 0.014124 1.80848e-06 -7.13894e-06 0.0141249 0.0410563 -2.1419e-06 -7.09673e-06 -2.1977e-06 2.35908e-06 0.0325696 0.00735725 -6.8539e-06 -7.40651e-06 -0.00735781 0.035561 0.303877 3.89093e-05 -0.000153594 0.303897 0.883324 -4.60827e-05 -0.000152686 -4.72834e-05 5.07555e-05 0.700732 0.158291 -0.000147461 -0.00015935 -0.158303 0.765092
132 0.325914 0.0427129 0.0195888 1.79217e-06 -2.34151e-06 0.0195896 0.0383893 -5.62404e-07 -7.46552e-06 -2.16961e-06 5.8484e-07 0.0268046 0.00559343 -1.96851e-06 -7.59638e-06 -0.00559417 0.0286249 0.458616 4.19584e-05 -5.48197e-05 0.458634 0.898775 -1.31671e-05 -0.000174784 -5.07951e-05 1.36924e-05 0.627553 0.130954 -4.60871e-05 -0.000177847 -0.130972 0.670171
136 0.304649 0.0389536 0.0238644 1.85033e-06 1.96616e-06 0.023865 0.0355633 3.79357e-07 -7.51115e-06 -2.18744e-06 -5.36303e-07 0.0196817 0.00327623 2.38904e-06 -7.45114e-06 -0.00327705 0.0205363 0.612636 4.75008e-05 5.04743e-05 0.612653 0.912965 9.73868e-06 -0.000192823 -5.61551e-05 -1.37677e-05 0.505261 0.0841061 6.13303e-05 -0.000191282 -0.084127 0.527199
140 0.281901 0.0357272 0.0266009 1.89813e-06 5.40713e-06 0.0266014 0.0329913 8.13192e-07 -7.21499e-06 -2.18044e-06 -1.11105e-06 0.011551 0.000804069 5.84576e-06 -6.97984e-06 -0.000804872 0.0117807 0.744557 5.31285e-05 0.000151345 0.74457 0.923421 2.27611e-05 -0.000201946 -6.10302e-05 -3.1098e-05 0.323311 0.0225058 0.000163622 -0.000195365 -0.0225283 0.329741
144 0.257779 0.0335204 0.0275975 1.87856e-06 7.70237e-06 0.0275978 0.0310763 8.89626e-07 -6.60426e-06 -2.10333e-06 -1.27609e-06 0.00285127 -0.00144965 8.12813e-06 -6.2325e-06 0.00144892 0.00289672 0.823303 5.60422e-05 0.000229781 0.823314 0.927085 2.65398e-05 -0.000197022 -6.27478e-05 -3.80691e-05 0.0850608 -0.0432468 0.000242483 -0.000185931 0.0432251 0.0864165
148 0.232401 0.032691 0.0268254 1.76562e-06 8.70443e-06 0.0268257 0.0301343 7.5461e-07 -5.7452e-06 -1.93776e-06 -1.17399e-06 -0.00594897 -0.00318597 9.09441e-06 -5.2901e-06 0.00318536 -0.00559885 0.820575 5.40093e-05 0.000266263 0.820581 0.92179 2.30831e-05 -0.000175742 -5.92749e-05 -3.59117e-05 -0.181976 -0.0974571 0.000278193 -0.000161821 0.0974384 -0.171266
152 0.205891 0.0333986 0.0244367 1.5612e-06 8.41719e-06 0.0244368 0.0303321 5.30773e-07 -4.72977e-06 -1.68901e-06 -9.33321e-07 -0.0144071 -0.00421838 8.75386e-06 -4.25001e-06 0.0042179 -0.0132757 0.731669 4.67446e-05 0.000252023 0.731673 0.908185 1.58921e-05 -0.000141616 -5.05714e-05 -2.7945e-05 -0.43137 -0.126304 0.000262103 -0.000127251 0.12629 -0.397493
156 0.178378 0.0355667 0.0207522 1.2876e-06 6.99749e-06 0.0207523 0.0316515 3.06504e-07 -3.65933e-06 -1.37965e-06 -6.55095e-07 -0.0221504 -0.00449335 7.26864e-06 -3.20969e-06 0.00449301 -0.0198355 0.583473 3.62025e-05 0.000196743 0.583474 0.889921 8.61772e-06 -0.000102886 -3.87904e-05 -1.84188e-05 -0.622785 -0.126336 0.000204366 -9.02443e-05 0.126326 -0.557699
160 0.0971232 0.0388864 0.0162315 9.78409e-07 4.7369e-06 0.0162315 0.0338867 1.32901e-07 -2.62908e-06 -1.04199e-06 -4.06303e-07 -0.028902 -0.00409004 4.93631e-06 -2.25255e-06 0.00408981 -0.025131 0.417409 2.51607e-05 0.000121814 0.417409 0.871427 3.41766e-06 -6.76091e-05 -2.67957e-05 -1.04485e-05 -0.743242 -0.105179 0.000126942 -5.79265e-05 0.105173 -0.646266
161 0.0357021 0.039841 0.015034 8.99859e-07 4.08456e-06 0.015034 0.0345487 1.001e-07 -2.38736e-06 -9.57288e-07 -3.53281e-07 -0.0304124 -0.00390359 4.26585e-06 -2.03387e-06 0.00390339 -0.0262539 0.37735 2.25862e-05 0.000102522 0.37735 0.867164 2.5125e-06 -5.99221e-05 -2.40277e-05 -8.86728e-06 -0.763344 -0.0979793 0.000107072 -5.10497e-05 0.0979741 -0.658968
162 0.0338871 0.0408277 0.0138276 8.21935e-07 3.41055e-06 0.0138276 0.0352388 7.16774e-08 -2.15408e-06 -8.73557e-07 -3.04537e-07 -0.0318477 -0.00369014 3.57386e-06 -1.82494e-06 0.00368996 -0.0272982 0.338681 2.01318e-05 8.35352e-05 0.338681 0.86311 1.7556e-06 -5.27603e-05 -2.13962e-05 -7.45908e-06 -0.780051 -0.0903832 8.75351e-05 -4.46986e-05 0.0903787 -0.668619
163 0.0320617 0.041837 0.0126214 7.45172e-07 2.72176e-06 0.0126214 0.0359499 4.75344e-08 -1.93015e-06 -7.91317e-07 -2.60187e-07 -0.0332066 -0.00345377 2.86735e-06 -1.62634e-06 0.00345361 -0.0282653 0.30168 1.78113e-05 6.50564e-05 0.30168 0.859285 1.13618e-06 -4.6135e-05 -1.89143e-05 -6.21906e-06 -0.793713 -0.082553 6.85363e-05 -3.88732e-05 0.0825492 -0.675606
164 0.0302266 0.0428589 0.0114246 6.70083e-07 2.02517e-06 0.0114246 0.0366745 2.74966e-08 -1.71633e-06 -7.11068e-07 -2.20253e-07 -0.0344878 -0.00319876 2.15341e-06 -1.43852e-06 0.00319862 -0.0291572 0.266564 1.56346e-05 4.72519e-05 0.266563 0.855702 6.41562e-07 -4.00461e-05 -1.65909e-05 -5.13903e-06 -0.804682 -0.0746347 5.02441e-05 -3.3564e-05 0.0746315 -0.680305
165 0.0283823 0.0438835 0.0102464 5.97153e-07 1.32774e-06 0.0102464 0.0374049 1.13233e-08 -1.51333e-06 -6.33287e-07 -1.84678e-07 -0.0356907 -0.00292954 1.43912e-06 -1.26186e-06 0.00292942 -0.0299759 0.233491 1.36077e-05 3.0256e-05 0.23349 0.852368 2.5803e-07 -3.44852e-05 -1.44311e-05 -4.20837e-06 -0.813306 -0.0667572 3.27941e-05 -2.87548e-05 0.0667544 -0.683079
166 0.0265294 0.0449006 0.00909559 5.2684e-07 6.36428e-07 0.00909558 0.0381335 -1.28135e-09 -1.32174e-06 -5.58425e-07 -1.5333e-07 -0.0368147 -0.0026506 7.3153e-07 -1.09664e-06 0.00265049 -0.030724 0.202572 1.17335e-05 1.41741e-05 0.202571 0.849286 -2.85374e-08 -2.9437e-05 -1.24369e-05 -3.41488e-06 -0.819915 -0.0590325 1.62922e-05 -2.44238e-05 0.0590302 -0.684267
167 0.0246683 0.0459002 0.00798097 4.59574e-07 -4.19367e-08 0.00798096 0.0388525 -1.06561e-08 -1.14206e-06 -4.86907e-07 -1.26018e-07 -0.0378594 -0.00236647 3.75774e-08 -9.43061e-07 0.00236638 -0.0314041 0.173876 1.00125e-05 -9.1365e-07 0.173876 0.846456 -2.32159e-07 -2.48813e-05 -1.06079e-05 -2.74548e-06 -0.82482 -0.0515567 8.18675e-07 -2.05459e-05 0.0515548 -0.684181
168 0.0172754 0.0468725 0.00691098 3.95751e-07 -7.00681e-07 0.00691096 0.0395545 -1.71721e-08 -9.74716e-07 -4.19127e-07 -1.02502e-07 -0.0388249 -0.00208166 -6.3597e-07 -8.01234e-07 0.00208158 -0.0320189 0.147442 8.44314e-06 -1.49487e-05 0.147442 0.843875 -3.66358e-07 -2.07951e-05 -8.94187e-06 -2.18682e-06 -0.828308 -0.0444111 -1.35681e-05 -1.70939e-05 0.0444095 -0.683106
168.5 0.0109315 0.0473453 0.00639527 3.65245e-07 -1.02067e-06 0.00639526 0.0398967 -1.94801e-08 -8.95781e-07 -3.86755e-07 -9.20804e-08 -0.0392778 -0.00194039 -9.63037e-07 -7.34747e-07 0.00194032 -0.0323026 0.135077 7.71451e-06 -2.1558e-05 0.135077 0.842675 -4.11447e-07 -1.89202e-05 -8.16883e-06 -1.94487e-06 -0.829604 -0.0409838 -2.03407e-05 -1.55189e-05 0.0409824 -0.682278
169 0.0104622 0.0478076 0.00589373 3.35736e-07 -1.33335e-06 0.00589372 0.0402318 -2.12215e-08 -8.20054e-07 -3.55453e-07 -8.25009e-08 -0.039711 -0.0018006 -1.28257e-06 -6.71216e-07 0.00180054 -0.0325711 0.12328 7.02264e-06 -2.789e-05 0.12328 0.841536 -4.43893e-07 -1.71532e-05 -7.43507e-06 -1.72569e-06 -0.830642 -0.0376635 -2.68278e-05 -1.40399e-05 0.0376622 -0.681296
169.5 0.00999215 0.0482584 0.00540731 3.07262e-07 -1.63797e-06 0.0054073 0.040559 -2.2447e-08 -7.47567e-07 -3.25261e-07 -7.37241e-08 -0.0401245 -0.00166283 -1.5938e-06 -6.10636e-07 0.00166278 -0.0328247 0.112049 6.36701e-06 -3.39417e-05 0.112049 0.840456 -4.65141e-07 -1.54909e-05 -6.73999e-06 -1.5277e-06 -0.831451 -0.0344568 -3.30264e-05 -1.26535e-05 0.0344557 -0.680187
170 0.0095213 0.0486964 0.00493693 2.79862e-07 -1.93378e-06 0.00493692 0.0408774 -2.32071e-08 -6.78348e-07 -2.96218e-07 -6.571e-08 -0.0405182 -0.0015276 -1.89598e-06 -5.53004e-07 0.00152755 -0.0330638 0.101382 5.74709e-06 -3.9711e-05 0.101382 0.839434 -4.76568e-07 -1.39301e-05 -6.08296e-06 -1.34938e-06 -0.832056 -0.0313698 -3.89346e-05 -1.13562e-05 0.0313688 -0.678978
170.5 0.00904972 0.0491206 0.00448349 2.53574e-07 -2.22007e-06 0.00448348 0.0411862 -2.35524e-08 -6.12421e-07 -2.68362e-07 -5.84177e-08 -0.0408922 -0.00139541 -2.18837e-06 -4.98313e-07 0.00139536 -0.0332886 0.0912751 5.16228e-06 -4.51963e-05 0.0912749 0.83847 -4.79481e-07 -1.24677e-05 -5.46333e-06 -1.18927e-06 -0.832485 -0.0284078 -4.45508e-05 -1.01447e-05 0.0284069 -0.677691
171 0.00857745 0.04953 0.00404785 2.28432e-07 -2.49613e-06 0.00404784 0.0414844 -2.35326e-08 -5.49808e-07 -2.41728e-07 -5.18062e-08 -0.0412466 -0.00126676 -2.47027e-06 -4.46552e-07 0.00126672 -0.0334995 0.0817252 4.612e-06 -5.03964e-05 0.081725 0.837562 -4.75119e-07 -1.11005e-05 -4.88044e-06 -1.04596e-06 -0.83276 -0.0255757 -4.98742e-05 -9.0158e-06 0.0255749 -0.676349
171.5 0.00810453 0.0499234 0.00363082 2.04469e-07 -2.7613e-06 0.00363082 0.0417714 -2.31968e-08 -4.90526e-07 -2.16348e-07 -4.58345e-08 -0.0415814 -0.00114214 -2.741e-06 -3.97711e-07 0.0011421 -0.033697 0.0727279 4.09565e-06 -5.53107e-05 0.0727277 0.836709 -4.64648e-07 -9.82557e-06 -4.33361e-06 -9.18097e-07 -0.832903 -0.0228778 -5.49042e-05 -7.96643e-06 0.0228771 -0.674973
172 0.00763099 0.0502999 0.00323321 1.81715e-07 -3.01494e-06 0.00323321 0.0420463 -2.25929e-08 -4.34591e-07 -1.92255e-07 -4.04618e-08 -0.0418966 -0.00102199 -2.99992e-06 -3.51776e-07 0.00102196 -0.0338812 0.0642786 3.61262e-06 -5.99391e-05 0.0642785 0.835911 -4.49163e-07 -8.63998e-06 -3.82218e-06 -8.04409e-07 -0.832936 -0.0203179 -5.96407e-05 -6.99357e-06 0.0203173 -0.673582
172.5 0.00715688 0.0506587 0.00285577 1.60199e-07 -3.25642e-06 0.00285576 0.0423084 -2.17674e-08 -3.82015e-07 -1.69478e-07 -3.56477e-08 -0.0421924 -0.000906766 -3.24641e-06 -3.08733e-07 0.000906739 -0.0340525 0.0563728 3.16232e-06 -6.42817e-05 0.0563727 0.835167 -4.29687e-07 -7.54095e-06 -3.34548e-06 -7.03684e-07 -0.832876 -0.0178995 -6.40839e-05 -6.09438e-06 0.017899 -0.672194
173 0.00668221 0.0509987 0.00249921 1.39948e-07 -3.48518e-06 0.0024992 0.0425571 -2.07653e-08 -3.32808e-07 -1.48043e-07 -3.13531e-08 -0.0424688 -0.000796889 -3.47986e-06 -2.68567e-07 0.000796866 -0.0342112 0.0490054 2.74415e-06 -6.83386e-05 0.0490053 0.834475 -4.07174e-07 -6.52583e-06 -2.90288e-06 -6.14782e-07 -0.832743 -0.0156257 -6.82344e-05 -5.26616e-06 0.0156252 -0.670825
173.5 0.00620704 0.0513191 0.00216421 1.20987e-07 -3.70065e-06 0.00216421 0.0427917 -1.963e-08 -2.8698e-07 -1.27977e-07 -2.75396e-08 -0.0427258 -0.00069276 -3.69974e-06 -2.31262e-07 0.00069274 -0.0343576 0.0421717 2.35755e-06 -7.21106e-05 0.0421716 0.833836 -3.82508e-07 -5.59207e-06 -2.49376e-06 -5.36636e-07 -0.832551 -0.0134991 -7.20928e-05 -4.50636e-06 0.0134987 -0.669489
174 0.0057314 0.0516191 0.00185141 1.0334e-07 -3.90231e-06 0.0018514 0.0430114 -1.84024e-08 -2.44535e-07 -1.09304e-07 -2.41707e-08 -0.0429634 -0.000594758 -3.9055e-06 -1.96802e-07 0.000594742 -0.0344919 0.0358667 2.00197e-06 -7.55982e-05 0.0358666 0.833247 -3.56504e-07 -4.73731e-06 -2.11751e-06 -4.68251e-07 -0.832317 -0.0115221 -7.566e-05 -3.81258e-06 0.0115217 -0.668201
174.5 0.00525531 0.051898 0.00156139 8.7027e-08 -4.08968e-06 0.00156139 0.0432159 -1.71216e-08 -2.0548e-07 -9.20448e-08 -2.1211e-08 -0.0431819 -0.00050324 -4.09665e-06 -1.65171e-07 0.000503226 -0.0346146 0.0300858 1.67689e-06 -7.88024e-05 0.0300857 0.832708 -3.29908e-07 -3.95931e-06 -1.77357e-06 -4.08707e-07 -0.832054 -0.00969673 -7.89367e-05 -3.18261e-06 0.00969646 -0.666973
175 0.00477883 0.052155 0.00129472 7.20684e-08 -4.26231e-06 0.00129471 0.0434044 -1.5824e-08 -1.69817e-07 -7.62201e-08 -1.86276e-08 -0.0433811 -0.000418537 -4.27275e-06 -1.36353e-07 0.000418525 -0.0347257 0.0248244 1.38181e-06 -8.17239e-05 0.0248243 0.832219 -3.03403e-07 -3.25601e-06 -1.46142e-06 -3.57158e-07 -0.831773 -0.00802487 -8.19241e-05 -2.61438e-06 0.00802465 -0.665816
175.5 0.00430199 0.0523895 0.00105189 5.84816e-08 -4.41978e-06 0.00105188 0.0435765 -1.45436e-08 -1.37549e-07 -6.18481e-08 -1.63892e-08 -0.0435612 -0.000340954 -4.43337e-06 -1.10332e-07 0.000340945 -0.0348255 0.0200782 1.11628e-06 -8.43637e-05 0.0200781 0.831779 -2.77605e-07 -2.62551e-06 -1.18054e-06 -3.12834e-07 -0.831487 -0.00650806 -8.46232e-05 -2.106e-06 0.00650788 -0.664741
176 0.00382481 0.052601 0.000833365 4.62826e-08 -4.5617e-06 0.000833363 0.0437318 -1.33116e-08 -1.08678e-07 -4.89451e-08 -1.44673e-08 -0.0437222 -0.000270772 -4.57813e-06 -8.70945e-08 0.000270764 -0.0349142 0.0158431 8.7988e-07 -8.67227e-05 0.0158431 0.831387 -2.53067e-07 -2.06608e-06 -9.30497e-07 -2.75038e-07 -0.831205 -0.00514765 -8.7035e-05 -1.65576e-06 0.00514751 -0.663755
176.5 0.00334735 0.0527889 0.000639564 3.54856e-08 -4.68775e-06 0.000639563 0.0438698 -1.21562e-08 -8.32038e-08 -3.75259e-08 -1.28354e-08 -0.0438642 -0.000208242 -4.70668e-06 -6.66258e-08 0.000208236 -0.034992 0.0121155 6.72218e-07 -8.88018e-05 0.0121155 0.831042 -2.30279e-07 -1.57616e-06 -7.10867e-07 -2.43146e-07 -0.830935 -0.00394481 -8.91604e-05 -1.26212e-06 0.0039447 -0.662867
177 0.00286963 0.0529527 0.000470853 2.61032e-08 -4.79761e-06 0.000470852 0.0439901 -1.11027e-08 -6.11272e-08 -2.76033e-08 -1.14702e-08 -0.0439871 -0.000153589 -4.81871e-06 -4.89135e-08 0.000153585 -0.0350591 0.00889196 4.92954e-07 -9.06018e-05 0.00889194 0.830744 -2.09672e-07 -1.15437e-06 -5.21282e-07 -2.16612e-07 -0.830687 -0.0029005 -9.10003e-05 -9.23721e-07 0.00290043 -0.662084
177.5 0.00239169 0.053092 0.000327551 1.81461e-08 -4.89102e-06 0.000327551 0.0440925 -1.01732e-08 -4.2448e-08 -1.91885e-08 -1.03508e-08 -0.044091 -0.00010701 -4.91396e-06 -3.39463e-08 0.000107007 -0.0351156 0.00616951 3.41786e-07 -9.21235e-05 0.0061695 0.830493 -1.91615e-07 -7.99518e-07 -3.61419e-07 -1.9496e-07 -0.830466 -0.00201556 -9.25557e-05 -6.39387e-07 0.0020155 -0.661412
178 0.00191357 0.0532064 0.000209932 1.16233e-08 -4.96775e-06 0.000209931 0.0441767 -9.3867e-09 -2.71658e-08 -1.22908e-08 -9.45955e-09 -0.0441761 -6.86703e-05 -4.99221e-06 -2.17143e-08 6.86685e-05 -0.0351617 0.00394561 2.18458e-07 -9.33675e-05 0.0039456 0.830288 -1.76421e-07 -5.10574e-07 -2.31003e-07 -1.7779e-07 -0.830277 -0.00129064 -9.38272e-05 -4.08115e-07 0.00129061 -0.660855
178.5 0.00143531 0.0532957 0.000118218 6.54244e-09 -5.02762e-06 0.000118217 0.0442423 -8.75868e-09 -1.52804e-08 -6.91805e-09 -8.78175e-09 -0.0442421 -3.87076e-05 -5.05326e-06 -1.22093e-08 3.87066e-05 -0.0351974 0.00221815 1.22757e-07 -9.43345e-05 0.00221814 0.830129 -1.64341e-07 -2.86709e-07 -1.29805e-07 -1.64774e-07 -0.830126 -0.00072628 -9.48155e-05 -2.29086e-07 0.000726261 -0.660418
179 0.000956932 0.0533597 5.25828e-05 2.90912e-09 -5.07049e-06 5.25826e-05 0.0442894 -8.30134e-09 -6.79114e-09 -3.07611e-09 -8.3059e-09 -0.0442893 -1.7229e-05 -5.09697e-06 -5.42477e-09 1.72286e-05 -0.0352229 0.00098544 5.45191e-08 -9.50248e-05 0.000985438 0.830016 -1.55573e-07 -1.27271e-07 -5.76485e-08 -1.55659e-07 -0.830015 -0.000322885 -9.55211e-05 -1.01664e-07 0.000322876 -0.660103
179.5 0.000478484 0.0533981 1.31519e-05 7.27485e-10 -5.09626e-06 1.31519e-05 0.0443176 -8.02343e-09 -1.69776e-09 -7.69239e-10 -8.02372e-09 -0.0443176 -4.3111e-06 -5.12324e-06 -1.35595e-09 4.31099e-06 -0.0352381 0.0002463 1.36238e-08 -9.54389e-05 0.000246299 0.829948 -1.50257e-07 -3.17944e-08 -1.44057e-08 -1.50262e-07 -0.829948 -8.07351e-05 -9.59443e-05 -2.53933e-08 8.0733e-05 -0.659914
180 5.98114e-05 0.0534109 -1.0374e-18 -1.35064e-19 -5.10485e-06 -9.5828e-19 0.0443271 -7.93021e-09 1.55804e-20 1.35064e-19 -7.93021e-09 -0.0443271 1.21275e-18 -5.13201e-06 1.55804e-20 -1.07769e-18 -0.0352432 -1.9423e-17 -2.52878e-18 -9.55769e-05 -1.79416e-17 0.829925 -1.48475e-07 2.91707e-19 2.52878e-18 -1.48475e-07 -0.829925 2.2706e-17 -9.60853e-05 2.91707e-19 -2.01773e-17 -0.65985
