theta 2pi*dcos S11 S12 S13 S14 S21 S22 S23 S24 S31 S32 S33 S34 S41 S42 S43 S44 S12_norm S13_norm S14_norm S21_norm S22_norm S23_norm S24_norm S31_norm S32_norm S33_norm S34_norm S41_norm S42_norm S43_norm S44_norm
0 2.39246e-06 0.0202985 0 0 6.93963e-08 0 0.0202238 1.0754e-08 0 0 -1.0754e-08 0.0202238 0 6.93577e-08 0 0 0.0201492 0 0 3.41879e-06 0 0.996322 5.29791e-07 0 0 -5.29791e-07 0.996322 0 3.41689e-06 0 0 0.992644
0.1 1.91397e-05 0.0202985 -2.47038e-08 -8.74327e-15 6.93961e-08 -2.47038e-08 0.0202238 1.0754e-08 -4.30908e-14 1.70824e-14 -1.0754e-08 0.0202238 -7.73106e-10 6.93575e-08 -8.82065e-14 7.73104e-10 0.0201491 -1.21703e-06 -4.30736e-13 3.41879e-06 -1.21703e-06 0.996322 5.29793e-07 -2.12286e-12 8.4156e-13 -5.29793e-07 0.996322 -3.8087e-08 3.41688e-06 -4.34548e-12 3.80868e-08 0.992644
0.2 3.82793e-05 0.0202983 -9.88147e-08 -3.49732e-14 6.93956e-08 -9.88146e-08 0.0202236 1.0754e-08 -1.72361e-13 6.83316e-14 -1.0754e-08 0.0202236 -3.09242e-09 6.9357e-08 -3.52824e-13 3.09241e-09 0.020149 -4.86812e-06 -1.72296e-12 3.41879e-06 -4.86812e-06 0.996322 5.29797e-07 -8.49142e-12 3.36637e-12 -5.29797e-07 0.996322 -1.52348e-07 3.41688e-06 -1.73819e-11 1.52348e-07 0.992644
0.3 5.74188e-05 0.0202981 -2.22331e-07 -7.86877e-14 6.93947e-08 -2.22331e-07 0.0202234 1.0754e-08 -3.87808e-13 1.5375e-13 -1.0754e-08 0.0202234 -6.9579e-09 6.93561e-08 -7.93843e-13 6.95788e-09 0.0201488 -1.09533e-05 -3.87661e-12 3.41878e-06 -1.09533e-05 0.996322 5.29805e-07 -1.91057e-11 7.57462e-12 -5.29805e-07 0.996322 -3.42786e-07 3.41688e-06 -3.91093e-11 3.42785e-07 0.992644
0.4 7.65581e-05 0.0202977 -3.95249e-07 -1.39894e-13 6.93935e-08 -3.95249e-07 0.0202231 1.07541e-08 -6.89422e-13 2.73326e-13 -1.07541e-08 0.0202231 -1.23695e-08 6.9355e-08 -1.41126e-12 1.23695e-08 0.0201484 -1.94726e-05 -6.89209e-12 3.41878e-06 -1.94726e-05 0.996321 5.29816e-07 -3.39655e-11 1.34658e-11 -5.29816e-07 0.996321 -6.09404e-07 3.41688e-06 -6.95278e-11 6.09402e-07 0.992644
0.5 9.56972e-05 0.0202973 -6.17567e-07 -2.18588e-13 6.93919e-08 -6.17566e-07 0.0202226 1.07541e-08 -1.07719e-12 4.27068e-13 -1.07541e-08 0.0202226 -1.93272e-08 6.93534e-08 -2.20505e-12 1.93272e-08 0.020148 -3.0426e-05 -1.07693e-11 3.41877e-06 -3.0426e-05 0.996321 5.29831e-07 -5.30708e-11 2.10406e-11 -5.29831e-07 0.996321 -9.52206e-07 3.41688e-06 -1.08637e-10 9.52203e-07 0.992644
0.6 0.000114836 0.0202968 -8.89277e-07 -3.14777e-13 6.93899e-08 -8.89277e-07 0.0202221 1.07542e-08 -1.55111e-12 6.14966e-13 -1.07542e-08 0.0202221 -2.78309e-08 6.93516e-08 -3.17519e-12 2.78308e-08 0.0201475 -4.38137e-05 -1.55087e-11 3.41876e-06 -4.38137e-05 0.996321 5.29848e-07 -7.64214e-11 3.02987e-11 -5.29848e-07 0.996321 -1.3712e-06 3.41688e-06 -1.56438e-10 1.37119e-06 0.992644
0.7 0.000133974 0.0202962 -1.21037e-06 -4.28465e-13 6.93876e-08 -1.21037e-06 0.0202215 1.07543e-08 -2.11115e-12 8.37019e-13 -1.07543e-08 0.0202215 -3.78805e-08 6.93494e-08 -4.32168e-12 3.78803e-08 0.0201468 -5.96357e-05 -2.11107e-11 3.41876e-06 -5.96356e-05 0.996321 5.29869e-07 -1.04017e-10 4.12403e-11 -5.29869e-07 0.996321 -1.86639e-06 3.41687e-06 -2.12931e-10 1.86638e-06 0.992643
0.8 0.000153112 0.0202954 -1.58085e-06 -5.59651e-13 6.93849e-08 -1.58085e-06 0.0202208 1.07544e-08 -2.7573e-12 1.09322e-12 -1.07544e-08 0.0202208 -4.94758e-08 6.93468e-08 -5.64446e-12 4.94756e-08 0.0201461 -7.7892e-05 -2.75752e-11 3.41875e-06 -7.7892e-05 0.996321 5.29892e-07 -1.35858e-10 5.38655e-11 -5.29892e-07 0.996321 -2.43778e-06 3.41687e-06 -2.78115e-10 2.43777e-06 0.992643
0.9 0.00017225 0.0202946 -2.0007e-06 -7.08347e-13 6.93819e-08 -2.0007e-06 0.02022 1.07545e-08 -3.48953e-12 1.38357e-12 -1.07545e-08 0.02022 -6.26168e-08 6.9344e-08 -7.14351e-12 6.26166e-08 0.0201453 -9.85828e-05 -3.49032e-11 3.41874e-06 -9.85827e-05 0.996321 5.29919e-07 -1.71943e-10 6.81741e-11 -5.29919e-07 0.996321 -3.08539e-06 3.41687e-06 -3.51991e-10 3.08538e-06 0.992643
1 0.000191387 0.0202937 -2.46991e-06 -8.74553e-13 6.93786e-08 -2.46991e-06 0.020219 1.07546e-08 -4.30781e-12 1.70805e-12 -1.07546e-08 0.020219 -7.73032e-08 6.93407e-08 -8.8188e-12 7.7303e-08 0.0201444 -0.000121708 -4.30948e-11 3.41872e-06 -0.000121708 0.996321 5.29949e-07 -2.12273e-10 8.41667e-11 -5.29949e-07 0.996321 -3.80922e-06 3.41686e-06 -4.34558e-10 3.80921e-06 0.992643
1.1 0.000210523 0.0202927 -2.98847e-06 -1.05828e-12 6.93749e-08 -2.98847e-06 0.020218 1.07548e-08 -5.21213e-12 2.06667e-12 -1.07548e-08 0.020218 -9.3535e-08 6.93372e-08 -1.06703e-11 9.35347e-08 0.0201434 -0.000147268 -5.21508e-11 3.41871e-06 -0.000147268 0.996321 5.29983e-07 -2.56848e-10 1.01843e-10 -5.29983e-07 0.996321 -4.60929e-06 3.41686e-06 -5.25819e-10 4.60928e-06 0.992643
1.2 0.000229659 0.0202916 -3.55637e-06 -1.25953e-12 6.93708e-08 -3.55637e-06 0.0202169 1.07549e-08 -6.20244e-12 2.45941e-12 -1.07549e-08 0.0202169 -1.11312e-07 6.93333e-08 -1.26979e-11 1.11312e-07 0.0201423 -0.000175263 -6.20714e-11 3.4187e-06 -0.000175263 0.996321 5.30019e-07 -3.05666e-10 1.21203e-10 -5.30019e-07 0.996321 -5.48562e-06 3.41685e-06 -6.25771e-10 5.4856e-06 0.992642
1.3 0.000248794 0.0202904 -4.17359e-06 -1.47831e-12 6.93664e-08 -4.17359e-06 0.0202157 1.07551e-08 -7.27871e-12 2.88627e-12 -1.07551e-08 0.0202157 -1.30634e-07 6.93291e-08 -1.49016e-11 1.30633e-07 0.0201411 -0.000205693 -7.28576e-11 3.41868e-06 -0.000205693 0.996321 5.30058e-07 -3.58727e-10 1.42248e-10 -5.30058e-07 0.996321 -6.43821e-06 3.41684e-06 -7.34417e-10 6.43819e-06 0.992642
1.4 0.000267929 0.0202891 -4.84013e-06 -1.71463e-12 6.93616e-08 -4.84012e-06 0.0202144 1.07553e-08 -8.4409e-12 3.34723e-12 -1.07553e-08 0.0202144 -1.515e-07 6.93245e-08 -1.72814e-11 1.515e-07 0.0201398 -0.000238558 -8.451e-11 3.41866e-06 -0.000238558 0.99632 5.30101e-07 -4.16032e-10 1.64977e-10 -5.30101e-07 0.99632 -7.46708e-06 3.41684e-06 -8.51756e-10 7.46705e-06 0.992642
1.5 0.000287062 0.0202877 -5.55596e-06 -1.9685e-12 6.93564e-08 -5.55596e-06 0.020213 1.07555e-08 -9.68897e-12 3.8423e-12 -1.07555e-08 0.020213 -1.73911e-07 6.93196e-08 -1.98371e-11 1.73911e-07 0.0201384 -0.000273859 -9.70293e-11 3.41865e-06 -0.000273858 0.99632 5.30147e-07 -4.77579e-10 1.89391e-10 -5.30147e-07 0.99632 -8.57225e-06 3.41683e-06 -9.77789e-10 8.57222e-06 0.992642
1.6 0.000306195 0.0202862 -6.32107e-06 -2.23993e-12 6.9351e-08 -6.32107e-06 0.0202116 1.07557e-08 -1.10229e-11 4.37145e-12 -1.07557e-08 0.0202116 -1.97866e-07 6.93144e-08 -2.25687e-11 1.97866e-07 0.0201369 -0.000311594 -1.10416e-10 3.41863e-06 -0.000311594 0.99632 5.30196e-07 -5.43368e-10 2.15489e-10 -5.30196e-07 0.99632 -9.75374e-06 3.41682e-06 -1.11252e-09 9.75371e-06 0.992641
1.7 0.000325327 0.0202846 -7.13544e-06 -2.52893e-12 6.93451e-08 -7.13544e-06 0.02021 1.07559e-08 -1.24426e-11 4.93468e-12 -1.07559e-08 0.02021 -2.23365e-07 6.93088e-08 -2.54762e-11 2.23365e-07 0.0201353 -0.000351766 -1.24672e-10 3.41861e-06 -0.000351766 0.99632 5.30248e-07 -6.134e-10 2.43272e-10 -5.30248e-07 0.99632 -1.10116e-05 3.41681e-06 -1.25594e-09 1.10115e-05 0.992641
1.8 0.000344457 0.0202829 -7.99906e-06 -2.8355e-12 6.93389e-08 -7.99905e-06 0.0202083 1.07561e-08 -1.3948e-11 5.53197e-12 -1.07561e-08 0.0202083 -2.50408e-07 6.93029e-08 -2.85594e-11 2.50407e-07 0.0201337 -0.000394374 -1.39797e-10 3.41858e-06 -0.000394373 0.99632 5.30304e-07 -6.87672e-10 2.7274e-10 -5.30304e-07 0.99632 -1.23457e-05 3.41681e-06 -1.40805e-09 1.23457e-05 0.992641
1.9 0.000363587 0.0202812 -8.91189e-06 -3.15967e-12 6.93324e-08 -8.91189e-06 0.0202065 1.07564e-08 -1.55391e-11 6.16332e-12 -1.07564e-08 0.0202065 -2.78994e-07 6.92966e-08 -3.18184e-11 2.78993e-07 0.0201319 -0.000439417 -1.55793e-10 3.41856e-06 -0.000439417 0.996319 5.30362e-07 -7.66185e-10 3.03894e-10 -5.30362e-07 0.996319 -1.37563e-05 3.4168e-06 -1.56886e-09 1.37563e-05 0.99264
2 0.000382716 0.0202793 -9.87393e-06 -3.50143e-12 6.93255e-08 -9.87393e-06 0.0202046 1.07566e-08 -1.72159e-11 6.82871e-12 -1.07566e-08 0.0202046 -3.09123e-07 6.929e-08 -3.52529e-11 3.09122e-07 0.02013 -0.000486897 -1.72661e-10 3.41854e-06 -0.000486897 0.996319 5.30424e-07 -8.48939e-10 3.36733e-10 -5.30424e-07 0.996319 -1.52433e-05 3.41679e-06 -1.73837e-09 1.52432e-05 0.99264
2.1 0.000401843 0.0202773 -1.08852e-05 -3.86082e-12 6.93182e-08 -1.08851e-05 0.0202027 1.07569e-08 -1.89782e-11 7.52812e-12 -1.07569e-08 0.0202027 -3.40794e-07 6.92831e-08 -3.8863e-11 3.40793e-07 0.0201281 -0.000536814 -1.90401e-10 3.41851e-06 -0.000536814 0.996319 5.30489e-07 -9.35932e-10 3.71258e-10 -5.30489e-07 0.996319 -1.68067e-05 3.41678e-06 -1.91657e-09 1.68066e-05 0.992639
2.2 0.000420969 0.0202753 -1.19455e-05 -4.23783e-12 6.93106e-08 -1.19455e-05 0.0202006 1.07572e-08 -2.0826e-11 8.26155e-12 -1.07572e-08 0.0202006 -3.74008e-07 6.92758e-08 -4.26485e-11 3.74007e-07 0.020126 -0.000589168 -2.09015e-10 3.41848e-06 -0.000589167 0.996319 5.30557e-07 -1.02716e-09 4.0747e-10 -5.30557e-07 0.996319 -1.84465e-05 3.41677e-06 -2.10348e-09 1.84465e-05 0.992639
2.3 0.000440094 0.0202731 -1.3055e-05 -4.63248e-12 6.93026e-08 -1.3055e-05 0.0201985 1.07575e-08 -2.27593e-11 9.02897e-12 -1.07575e-08 0.0201985 -4.08764e-07 6.92682e-08 -4.66093e-11 4.08763e-07 0.0201239 -0.000643958 -2.28504e-10 3.41845e-06 -0.000643958 0.996318 5.30628e-07 -1.12263e-09 4.45367e-10 -5.30628e-07 0.996318 -2.01629e-05 3.41675e-06 -2.29907e-09 2.01628e-05 0.992638
2.4 0.000459218 0.0202708 -1.42136e-05 -5.04478e-12 6.92943e-08 -1.42136e-05 0.0201962 1.07578e-08 -2.47779e-11 9.83038e-12 -1.07578e-08 0.0201962 -4.45061e-07 6.92603e-08 -5.07454e-11 4.4506e-07 0.0201216 -0.000701187 -2.48869e-10 3.41842e-06 -0.000701186 0.996318 5.30702e-07 -1.22234e-09 4.84952e-10 -5.30703e-07 0.996318 -2.19557e-05 3.41674e-06 -2.50337e-09 2.19557e-05 0.992638
2.5 0.00047834 0.0202685 -1.54213e-05 -5.47476e-12 6.92857e-08 -1.54213e-05 0.0201939 1.07581e-08 -2.68818e-11 1.06658e-11 -1.07581e-08 0.0201939 -4.82899e-07 6.9252e-08 -5.50566e-11 4.82898e-07 0.0201193 -0.000760853 -2.70112e-10 3.41839e-06 -0.000760852 0.996318 5.3078e-07 -1.32629e-09 5.26223e-10 -5.3078e-07 0.996318 -2.38251e-05 3.41673e-06 -2.71637e-09 2.3825e-05 0.992637
2.6 0.000497461 0.020266 -1.66781e-05 -5.92242e-12 6.92767e-08 -1.66781e-05 0.0201914 1.07584e-08 -2.9071e-11 1.15351e-11 -1.07584e-08 0.0201914 -5.22278e-07 6.92434e-08 -5.95428e-11 5.22276e-07 0.0201168 -0.000822957 -2.92234e-10 3.41836e-06 -0.000822956 0.996318 5.30861e-07 -1.43447e-09 5.69182e-10 -5.30861e-07 0.996317 -2.57711e-05 3.41672e-06 -2.93806e-09 2.5771e-05 0.992637
2.7 0.00051658 0.0202635 -1.79838e-05 -6.38779e-12 6.92673e-08 -1.79838e-05 0.0201889 1.07588e-08 -3.13452e-11 1.24383e-11 -1.07588e-08 0.0201889 -5.63197e-07 6.92344e-08 -6.4204e-11 5.63195e-07 0.0201143 -0.000887499 -3.15236e-10 3.41833e-06 -0.000887499 0.996317 5.30944e-07 -1.54688e-09 6.13829e-10 -5.30945e-07 0.996317 -2.77937e-05 3.41671e-06 -3.16845e-09 2.77936e-05 0.992636
2.8 0.000535698 0.0202609 -1.93386e-05 -6.87087e-12 6.92576e-08 -1.93386e-05 0.0201862 1.07592e-08 -3.37046e-11 1.33755e-11 -1.07592e-08 0.0201862 -6.05655e-07 6.92251e-08 -6.90399e-11 6.05654e-07 0.0201116 -0.000954481 -3.39121e-10 3.41829e-06 -0.00095448 0.996317 5.31031e-07 -1.66353e-09 6.60163e-10 -5.31032e-07 0.996316 -2.98929e-05 3.41669e-06 -3.40755e-09 2.98928e-05 0.992635
2.9 0.000554814 0.0202581 -2.07423e-05 -7.3717e-12 6.92475e-08 -2.07423e-05 0.0201835 1.07595e-08 -3.61489e-11 1.43465e-11 -1.07595e-08 0.0201835 -6.49653e-07 6.92155e-08 -7.40505e-11 6.49651e-07 0.0201089 -0.0010239 -3.63888e-10 3.41826e-06 -0.0010239 0.996317 5.31122e-07 -1.78442e-09 7.08187e-10 -5.31122e-07 0.996316 -3.20688e-05 3.41668e-06 -3.65535e-09 3.20687e-05 0.992635
3 0.000573928 0.0202553 -2.2195e-05 -7.89028e-12 6.92371e-08 -2.21949e-05 0.0201807 1.07599e-08 -3.86782e-11 1.53515e-11 -1.07599e-08 0.0201807 -6.95189e-07 6.92055e-08 -7.92356e-11 6.95187e-07 0.0201061 -0.00109576 -3.89541e-10 3.41822e-06 -0.00109576 0.996316 5.31215e-07 -1.90953e-09 7.57898e-10 -5.31215e-07 0.996316 -3.43214e-05 3.41666e-06 -3.91185e-09 3.43213e-05 0.992634
3.1 0.00059304 0.0202524 -2.36965e-05 -8.42663e-12 6.92263e-08 -2.36965e-05 0.0201778 1.07603e-08 -4.12922e-11 1.63902e-11 -1.07603e-08 0.0201777 -7.42264e-07 6.91952e-08 -8.45952e-11 7.42262e-07 0.0201032 -0.00117006 -4.16081e-10 3.41818e-06 -0.00117006 0.996316 5.31311e-07 -2.03888e-09 8.093e-10 -5.31312e-07 0.996315 -3.66507e-05 3.41665e-06 -4.17705e-09 3.66506e-05 0.992633
3.2 0.000612151 0.0202494 -2.52469e-05 -8.98077e-12 6.92152e-08 -2.52469e-05 0.0201747 1.07607e-08 -4.39909e-11 1.74628e-11 -1.07607e-08 0.0201747 -7.90876e-07 6.91846e-08 -9.0129e-11 7.90874e-07 0.0201002 -0.0012468 -4.43509e-10 3.41814e-06 -0.0012468 0.996315 5.31411e-07 -2.17246e-09 8.6239e-10 -5.31411e-07 0.996315 -3.90569e-05 3.41663e-06 -4.45096e-09 3.90567e-05 0.992633
3.3 0.00063126 0.0202462 -2.68461e-05 -9.55274e-12 6.92037e-08 -2.68461e-05 0.0201716 1.07612e-08 -4.67743e-11 1.85693e-11 -1.07612e-08 0.0201716 -8.41025e-07 6.91736e-08 -9.5837e-11 8.41022e-07 0.0200971 -0.00132598 -4.71828e-10 3.4181e-06 -0.00132598 0.996315 5.31514e-07 -2.31027e-09 9.17171e-10 -5.31514e-07 0.996314 -4.15398e-05 3.41662e-06 -4.73357e-09 4.15397e-05 0.992632
3.4 0.000650367 0.020243 -2.84941e-05 -1.01425e-11 6.91919e-08 -2.84941e-05 0.0201684 1.07616e-08 -4.96422e-11 1.97095e-11 -1.07616e-08 0.0201684 -8.92711e-07 6.91623e-08 -1.01719e-10 8.92708e-07 0.0200939 -0.0014076 -5.01038e-10 3.41806e-06 -0.0014076 0.996315 5.3162e-07 -2.45231e-09 9.73642e-10 -5.3162e-07 0.996314 -4.40997e-05 3.4166e-06 -5.02489e-09 4.40995e-05 0.992631
3.5 0.000669472 0.0202397 -3.01909e-05 -1.07502e-11 6.91797e-08 -3.01909e-05 0.0201651 1.0762e-08 -5.25944e-11 2.08834e-11 -1.0762e-08 0.0201651 -9.45932e-07 6.91507e-08 -1.07775e-10 9.45929e-07 0.0200906 -0.00149167 -5.31143e-10 3.41802e-06 -0.00149167 0.996314 5.31729e-07 -2.59858e-09 1.0318e-09 -5.31729e-07 0.996313 -4.67364e-05 3.41658e-06 -5.32491e-09 4.67363e-05 0.99263
3.6 0.000688575 0.0202363 -3.19364e-05 -1.13757e-11 6.91671e-08 -3.19364e-05 0.0201617 1.07625e-08 -5.5631e-11 2.20911e-11 -1.07625e-08 0.0201617 -1.00069e-06 6.91387e-08 -1.14004e-10 1.00069e-06 0.0200872 -0.00157817 -5.62143e-10 3.41797e-06 -0.00157817 0.996314 5.31841e-07 -2.74907e-09 1.09166e-09 -5.31841e-07 0.996313 -4.94501e-05 3.41657e-06 -5.63364e-09 4.945e-05 0.992629
3.7 0.000707676 0.0202328 -3.37305e-05 -1.20191e-11 6.91543e-08 -3.37305e-05 0.0201582 1.0763e-08 -5.87518e-11 2.33325e-11 -1.0763e-08 0.0201582 -1.05698e-06 6.91264e-08 -1.20407e-10 1.05698e-06 0.0200837 -0.00166712 -5.94042e-10 3.41793e-06 -0.00166712 0.996313 5.31956e-07 -2.90379e-09 1.1532e-09 -5.31957e-07 0.996312 -5.22408e-05 3.41655e-06 -5.95108e-09 5.22407e-05 0.992629
3.8 0.000726775 0.0202292 -3.55733e-05 -1.26805e-11 6.9141e-08 -3.55733e-05 0.0201546 1.07635e-08 -6.19567e-11 2.46077e-11 -1.07635e-08 0.0201546 -1.1148e-06 6.91138e-08 -1.26984e-10 1.1148e-06 0.0200801 -0.00175851 -6.2684e-10 3.41788e-06 -0.00175851 0.996313 5.32075e-07 -3.06273e-09 1.21644e-09 -5.32075e-07 0.996311 -5.51086e-05 3.41653e-06 -6.27723e-09 5.51084e-05 0.992628
3.9 0.000745871 0.0202255 -3.74647e-05 -1.33598e-11 6.91275e-08 -3.74646e-05 0.020151 1.0764e-08 -6.52455e-11 2.59164e-11 -1.0764e-08 0.0201509 -1.17416e-06 6.91008e-08 -1.33733e-10 1.17416e-06 0.0200764 -0.00185234 -6.6054e-10 3.41783e-06 -0.00185234 0.996313 5.32197e-07 -3.2259e-09 1.28137e-09 -5.32197e-07 0.996311 -5.80535e-05 3.41651e-06 -6.61209e-09 5.80533e-05 0.992627
4 0.000764965 0.0202218 -3.94046e-05 -1.40571e-11 6.91135e-08 -3.94045e-05 0.0201472 1.07645e-08 -6.86182e-11 2.72588e-11 -1.07645e-08 0.0201471 -1.23505e-06 6.90875e-08 -1.40656e-10 1.23505e-06 0.0200726 -0.00194862 -6.95145e-10 3.41778e-06 -0.00194862 0.996312 5.32321e-07 -3.39329e-09 1.34799e-09 -5.32322e-07 0.99631 -6.10755e-05 3.41649e-06 -6.95566e-09 6.10753e-05 0.992626
4.1 0.000784057 0.0202179 -4.1393e-05 -1.47723e-11 6.90993e-08 -4.13929e-05 0.0201433 1.0765e-08 -7.20747e-11 2.86348e-11 -1.0765e-08 0.0201433 -1.29748e-06 6.90738e-08 -1.47751e-10 1.29747e-06 0.0200688 -0.00204734 -7.30656e-10 3.41773e-06 -0.00204734 0.996312 5.32449e-07 -3.5649e-09 1.41631e-09 -5.3245e-07 0.996309 -6.41747e-05 3.41647e-06 -7.30795e-09 6.41745e-05 0.992625
4.2 0.000803147 0.0202139 -4.34298e-05 -1.55056e-11 6.90846e-08 -4.34298e-05 0.0201393 1.07655e-08 -7.56147e-11 3.00444e-11 -1.07656e-08 0.0201393 -1.36143e-06 6.90598e-08 -1.55019e-10 1.36143e-06 0.0200648 -0.00214851 -7.67076e-10 3.41768e-06 -0.00214851 0.996311 5.32581e-07 -3.74073e-09 1.48632e-09 -5.32581e-07 0.996309 -6.73511e-05 3.41645e-06 -7.66895e-09 6.73509e-05 0.992624
4.3 0.000822234 0.0202098 -4.55151e-05 -1.62569e-11 6.90697e-08 -4.5515e-05 0.0201353 1.07661e-08 -7.92383e-11 3.14876e-11 -1.07661e-08 0.0201352 -1.42691e-06 6.90455e-08 -1.6246e-10 1.42691e-06 0.0200607 -0.00225212 -8.04407e-10 3.41762e-06 -0.00225212 0.996311 5.32715e-07 -3.92078e-09 1.55803e-09 -5.32716e-07 0.996308 -7.06049e-05 3.41643e-06 -8.03866e-09 7.06047e-05 0.992622
4.4 0.000841318 0.0202057 -4.76487e-05 -1.70264e-11 6.90543e-08 -4.76486e-05 0.0201311 1.07666e-08 -8.29452e-11 3.29642e-11 -1.07667e-08 0.0201311 -1.49393e-06 6.90309e-08 -1.70073e-10 1.49392e-06 0.0200566 -0.00235818 -8.42651e-10 3.41757e-06 -0.00235818 0.99631 5.32852e-07 -4.10504e-09 1.63143e-09 -5.32853e-07 0.996307 -7.3936e-05 3.41641e-06 -8.41709e-09 7.39358e-05 0.992621
4.5 0.0008604 0.0202014 -4.98306e-05 -1.78139e-11 6.90387e-08 -4.98306e-05 0.0201269 1.07672e-08 -8.67354e-11 3.44744e-11 -1.07672e-08 0.0201268 -1.56247e-06 6.90159e-08 -1.77858e-10 1.56247e-06 0.0200523 -0.00246669 -8.81812e-10 3.41751e-06 -0.00246668 0.996309 5.32993e-07 -4.29353e-09 1.70653e-09 -5.32994e-07 0.996306 -7.73445e-05 3.41639e-06 -8.80423e-09 7.73443e-05 0.99262
4.6 0.00087948 0.0201971 -5.20608e-05 -1.86195e-11 6.90226e-08 -5.20607e-05 0.0201225 1.07678e-08 -9.06086e-11 3.6018e-11 -1.07678e-08 0.0201225 -1.63254e-06 6.90006e-08 -1.85815e-10 1.63254e-06 0.020048 -0.00257764 -9.21891e-10 3.41746e-06 -0.00257764 0.996309 5.33137e-07 -4.48622e-09 1.78333e-09 -5.33138e-07 0.996306 -8.08305e-05 3.41636e-06 -9.2001e-09 8.08303e-05 0.992619
4.7 0.000898556 0.0201926 -5.43392e-05 -1.94433e-11 6.90063e-08 -5.43391e-05 0.0201181 1.07684e-08 -9.45648e-11 3.7595e-11 -1.07684e-08 0.020118 -1.70414e-06 6.8985e-08 -1.93944e-10 1.70413e-06 0.0200436 -0.00269104 -9.62891e-10 3.4174e-06 -0.00269104 0.996308 5.33283e-07 -4.68313e-09 1.86182e-09 -5.33285e-07 0.996305 -8.43941e-05 3.41634e-06 -9.60468e-09 8.43938e-05 0.992618
4.8 0.00091763 0.0201881 -5.66657e-05 -2.02853e-11 6.89896e-08 -5.66657e-05 0.0201136 1.0769e-08 -9.86038e-11 3.92054e-11 -1.0769e-08 0.0201135 -1.77726e-06 6.8969e-08 -2.02244e-10 1.77726e-06 0.020039 -0.00280689 -1.00481e-09 3.41734e-06 -0.00280688 0.996308 5.33433e-07 -4.88425e-09 1.94201e-09 -5.33435e-07 0.996304 -8.80352e-05 3.41632e-06 -1.0018e-08 8.80349e-05 0.992616
4.9 0.000936701 0.0201835 -5.90403e-05 -2.11455e-11 6.89725e-08 -5.90403e-05 0.0201089 1.07696e-08 -1.02726e-10 4.08492e-11 -1.07697e-08 0.0201088 -1.85191e-06 6.89527e-08 -2.10716e-10 1.85191e-06 0.0200344 -0.00292518 -1.04766e-09 3.41728e-06 -0.00292518 0.996307 5.33587e-07 -5.08959e-09 2.0239e-09 -5.33588e-07 0.996303 -9.17539e-05 3.4163e-06 -1.044e-08 9.17537e-05 0.992615
5 0.00095577 0.0201787 -6.1463e-05 -2.2024e-11 6.89551e-08 -6.1463e-05 0.0201042 1.07703e-08 -1.0693e-10 4.25263e-11 -1.07703e-08 0.0201041 -1.92809e-06 6.8936e-08 -2.19358e-10 1.92808e-06 0.0200297 -0.00304593 -1.09144e-09 3.41722e-06 -0.00304593 0.996307 5.33743e-07 -5.29913e-09 2.10748e-09 -5.33744e-07 0.996302 -9.55504e-05 3.41627e-06 -1.08708e-08 9.55501e-05 0.992614
5.1 0.000974835 0.0201739 -6.39337e-05 -2.29207e-11 6.89374e-08 -6.39336e-05 0.0200994 1.07709e-08 -1.11216e-10 4.42368e-11 -1.07709e-08 0.0200993 -2.00578e-06 6.89191e-08 -2.28172e-10 2.00578e-06 0.0200249 -0.00316913 -1.13615e-09 3.41715e-06 -0.00316912 0.996306 5.33902e-07 -5.51288e-09 2.19277e-09 -5.33904e-07 0.996301 -9.94247e-05 3.41625e-06 -1.13102e-08 9.94244e-05 0.992612
5.2 0.000993897 0.020169 -6.64523e-05 -2.38357e-11 6.89193e-08 -6.64522e-05 0.0200945 1.07716e-08 -1.15585e-10 4.59804e-11 -1.07716e-08 0.0200944 -2.08501e-06 6.89018e-08 -2.37156e-10 2.085e-06 0.02002 -0.00329477 -1.1818e-09 3.41709e-06 -0.00329477 0.996305 5.34065e-07 -5.73083e-09 2.27976e-09 -5.34067e-07 0.9963 -0.000103377 3.41622e-06 -1.17584e-08 0.000103376 0.992611
5.3 0.00101296 0.020164 -6.90188e-05 -2.47691e-11 6.89008e-08 -6.90187e-05 0.0200895 1.07722e-08 -1.20036e-10 4.77573e-11 -1.07723e-08 0.0200894 -2.16575e-06 6.88841e-08 -2.4631e-10 2.16574e-06 0.020015 -0.00342287 -1.22838e-09 3.41702e-06 -0.00342287 0.996305 5.34231e-07 -5.95299e-09 2.36845e-09 -5.34233e-07 0.996299 -0.000107407 3.4162e-06 -1.22154e-08 0.000107406 0.992609
5.4 0.00103201 0.0201589 -7.1633e-05 -2.57209e-11 6.8882e-08 -7.1633e-05 0.0200844 1.07729e-08 -1.24569e-10 4.95674e-11 -1.07729e-08 0.0200843 -2.24801e-06 6.88662e-08 -2.55635e-10 2.24801e-06 0.0200099 -0.00355342 -1.27591e-09 3.41696e-06 -0.00355342 0.996304 5.34399e-07 -6.17935e-09 2.45884e-09 -5.34402e-07 0.996298 -0.000111515 3.41617e-06 -1.2681e-08 0.000111514 0.992608
5.5 0.00105107 0.0201537 -7.42951e-05 -2.66911e-11 6.88629e-08 -7.4295e-05 0.0200792 1.07736e-08 -1.29183e-10 5.14106e-11 -1.07736e-08 0.0200791 -2.3318e-06 6.88479e-08 -2.6513e-10 2.33179e-06 0.0200047 -0.00368643 -1.32438e-09 3.41689e-06 -0.00368642 0.996304 5.34571e-07 -6.40992e-09 2.55093e-09 -5.34574e-07 0.996297 -0.000115701 3.41614e-06 -1.31554e-08 0.0001157 0.992606
5.6 0.00107012 0.0201484 -7.70048e-05 -2.76797e-11 6.88434e-08 -7.70048e-05 0.0200739 1.07743e-08 -1.3388e-10 5.3287e-11 -1.07743e-08 0.0200738 -2.4171e-06 6.88293e-08 -2.74794e-10 2.41709e-06 0.0199994 -0.00382188 -1.37379e-09 3.41682e-06 -0.00382188 0.996303 5.34747e-07 -6.64468e-09 2.64473e-09 -5.34749e-07 0.996296 -0.000119965 3.41612e-06 -1.36385e-08 0.000119964 0.992605
5.7 0.00108916 0.020143 -7.97622e-05 -2.86868e-11 6.88236e-08 -7.97622e-05 0.0200685 1.0775e-08 -1.38657e-10 5.51964e-11 -1.0775e-08 0.0200684 -2.50392e-06 6.88103e-08 -2.84628e-10 2.50391e-06 0.019994 -0.0039598 -1.42415e-09 3.41675e-06 -0.00395979 0.996302 5.34925e-07 -6.88364e-09 2.74023e-09 -5.34927e-07 0.996294 -0.000124307 3.41609e-06 -1.41304e-08 0.000124307 0.992603
5.8 0.00110821 0.0201375 -8.25671e-05 -2.97124e-11 6.88034e-08 -8.25671e-05 0.0200631 1.07757e-08 -1.43516e-10 5.71389e-11 -1.07758e-08 0.0200629 -2.59226e-06 6.8791e-08 -2.94631e-10 2.59225e-06 0.0199885 -0.00410016 -1.47547e-09 3.41668e-06 -0.00410016 0.996301 5.35106e-07 -7.12679e-09 2.83743e-09 -5.35109e-07 0.996293 -0.000128728 3.41606e-06 -1.46309e-08 0.000128727 0.992601
5.9 0.00112725 0.020132 -8.54196e-05 -3.07565e-11 6.87829e-08 -8.54195e-05 0.0200575 1.07765e-08 -1.48456e-10 5.91143e-11 -1.07765e-08 0.0200573 -2.68211e-06 6.87714e-08 -3.04803e-10 2.6821e-06 0.019983 -0.00424298 -1.52775e-09 3.4166e-06 -0.00424298 0.996301 5.35291e-07 -7.37414e-09 2.93634e-09 -5.35294e-07 0.996292 -0.000133227 3.41603e-06 -1.51402e-08 0.000133226 0.992599
6 0.00172656 0.0201263 -8.83195e-05 -3.18192e-11 6.87621e-08 -8.83194e-05 0.0200518 1.07772e-08 -1.53477e-10 6.11227e-11 -1.07773e-08 0.0200516 -2.77348e-06 6.87515e-08 -3.15144e-10 2.77347e-06 0.0199773 -0.00438826 -1.58098e-09 3.41653e-06 -0.00438826 0.9963 5.35478e-07 -7.62569e-09 3.03696e-09 -5.35482e-07 0.99629 -0.000137804 3.416e-06 -1.56583e-08 0.000137804 0.992597
6.2 0.00236869 0.0201147 -9.42613e-05 -3.40006e-11 6.87194e-08 -9.42612e-05 0.0200402 1.07787e-08 -1.63761e-10 6.52382e-11 -1.07788e-08 0.02004 -2.96076e-06 6.87106e-08 -3.3633e-10 2.96075e-06 0.0199657 -0.00468619 -1.69034e-09 3.41638e-06 -0.00468619 0.996299 5.35863e-07 -8.14134e-09 3.24331e-09 -5.35867e-07 0.996288 -0.000147194 3.41594e-06 -1.67206e-08 0.000147194 0.992594
6.4 0.00244479 0.0201027 -0.000100392 -3.62567e-11 6.86753e-08 -0.000100392 0.0200283 1.07803e-08 -1.74366e-10 6.9485e-11 -1.07804e-08 0.020028 -3.15409e-06 6.86685e-08 -3.58188e-10 3.15408e-06 0.0199537 -0.00499396 -1.80358e-09 3.41622e-06 -0.00499395 0.996297 5.3626e-07 -8.67375e-09 3.4565e-09 -5.36264e-07 0.996285 -0.000156899 3.41588e-06 -1.78179e-08 0.000156898 0.99259
6.6 0.00252085 0.0200903 -0.000106711 -3.8588e-11 6.86298e-08 -0.000106711 0.0200159 1.07819e-08 -1.85291e-10 7.38627e-11 -1.0782e-08 0.0200156 -3.35345e-06 6.8625e-08 -3.80716e-10 3.35344e-06 0.0199414 -0.00531156 -1.92072e-09 3.41606e-06 -0.00531156 0.996296 5.3667e-07 -9.22289e-09 3.67653e-09 -5.36675e-07 0.996281 -0.000166919 3.41582e-06 -1.89502e-08 0.000166918 0.992585
6.8 0.00259689 0.0200776 -0.000113218 -4.09946e-11 6.8583e-08 -0.000113218 0.0200032 1.07835e-08 -1.96535e-10 7.83711e-11 -1.07836e-08 0.0200029 -3.55884e-06 6.85802e-08 -4.0391e-10 3.55883e-06 0.0199286 -0.00563902 -2.04181e-09 3.41589e-06 -0.00563901 0.996294 5.37092e-07 -9.78875e-09 3.90341e-09 -5.37097e-07 0.996278 -0.000177254 3.41576e-06 -2.01174e-08 0.000177254 0.992581
7 0.00267289 0.0200645 -0.000119912 -4.34769e-11 6.85348e-08 -0.000119912 0.0199901 1.07852e-08 -2.08095e-10 8.30096e-11 -1.07853e-08 0.0199898 -3.77026e-06 6.85342e-08 -4.27769e-10 3.77024e-06 0.0199156 -0.00597633 -2.16686e-09 3.41572e-06 -0.00597632 0.996292 5.37527e-07 -1.03713e-08 4.13714e-09 -5.37533e-07 0.996274 -0.000187907 3.41569e-06 -2.13197e-08 0.000187906 0.992576
7.2 0.00274886 0.020051 -0.000126793 -4.60354e-11 6.84853e-08 -0.000126793 0.0199767 1.07869e-08 -2.19971e-10 8.77781e-11 -1.07871e-08 0.0199763 -3.98768e-06 6.84868e-08 -4.52291e-10 3.98767e-06 0.0199021 -0.0063235 -2.29591e-09 3.41555e-06 -0.0063235 0.996291 5.37974e-07 -1.09706e-08 4.37773e-09 -5.37981e-07 0.996271 -0.000198876 3.41562e-06 -2.2557e-08 0.000198876 0.992571
7.4 0.0028248 0.0200372 -0.000133859 -4.86702e-11 6.84344e-08 -0.000133859 0.0199629 1.07887e-08 -2.3216e-10 9.26759e-11 -1.07889e-08 0.0199624 -4.2111e-06 6.84381e-08 -4.77472e-10 4.21108e-06 0.0198882 -0.00668054 -2.42899e-09 3.41537e-06 -0.00668054 0.996289 5.38434e-07 -1.15865e-08 4.62519e-09 -5.38441e-07 0.996266 -0.000210164 3.41555e-06 -2.38293e-08 0.000210163 0.992565
7.6 0.00290071 0.020023 -0.000141111 -5.13818e-11 6.83822e-08 -0.000141111 0.0199487 1.07905e-08 -2.44662e-10 9.77029e-11 -1.07907e-08 0.0199482 -4.44051e-06 6.83882e-08 -5.03311e-10 4.44049e-06 0.019874 -0.00704746 -2.56614e-09 3.41518e-06 -0.00704745 0.996287 5.38906e-07 -1.2219e-08 4.87953e-09 -5.38914e-07 0.996262 -0.00022177 3.41548e-06 -2.51366e-08 0.00022177 0.99256
7.8 0.00297657 0.0200084 -0.000148548 -5.41705e-11 6.83286e-08 -0.000148548 0.0199341 1.07924e-08 -2.57473e-10 1.02858e-10 -1.07925e-08 0.0199336 -4.67589e-06 6.83369e-08 -5.29805e-10 4.67588e-06 0.0198595 -0.00742426 -2.70738e-09 3.41499e-06 -0.00742426 0.996285 5.3939e-07 -1.28682e-08 5.14075e-09 -5.39399e-07 0.996257 -0.000233696 3.41541e-06 -2.64791e-08 0.000233695 0.992554
8 0.00305241 0.0199935 -0.000156168 -5.70367e-11 6.82737e-08 -0.000156168 0.0199192 1.07942e-08 -2.70593e-10 1.08142e-10 -1.07944e-08 0.0199186 -4.91725e-06 6.82844e-08 -5.5695e-10 4.91723e-06 0.0198445 -0.00781096 -2.85276e-09 3.4148e-06 -0.00781095 0.996283 5.39887e-07 -1.3534e-08 5.40887e-09 -5.39897e-07 0.996253 -0.000245942 3.41533e-06 -2.78566e-08 0.000245942 0.992548
8.2 0.0031282 0.0199782 -0.000163972 -5.99808e-11 6.82175e-08 -0.000163972 0.0199039 1.07961e-08 -2.84019e-10 1.13554e-10 -1.07964e-08 0.0199032 -5.16456e-06 6.82306e-08 -5.84745e-10 5.16454e-06 0.0198292 -0.00820755 -3.00231e-09 3.4146e-06 -0.00820755 0.996281 5.40396e-07 -1.42165e-08 5.68388e-09 -5.40407e-07 0.996248 -0.00025851 3.41525e-06 -2.92691e-08 0.000258509 0.992541
8.4 0.00320396 0.0199625 -0.000171958 -6.30031e-11 6.81599e-08 -0.000171958 0.0198883 1.07981e-08 -2.9775e-10 1.19093e-10 -1.07983e-08 0.0198875 -5.41781e-06 6.81756e-08 -6.13186e-10 5.4178e-06 0.0198135 -0.00861405 -3.15607e-09 3.41439e-06 -0.00861405 0.996279 5.40918e-07 -1.49154e-08 5.96581e-09 -5.4093e-07 0.996242 -0.000271399 3.41518e-06 -3.07168e-08 0.000271398 0.992534
8.6 0.00327968 0.0199465 -0.000180126 -6.61041e-11 6.81011e-08 -0.000180126 0.0198723 1.08001e-08 -3.11784e-10 1.24758e-10 -1.08003e-08 0.0198714 -5.677e-06 6.81192e-08 -6.4227e-10 5.67698e-06 0.0197975 -0.00903048 -3.31407e-09 3.41418e-06 -0.00903047 0.996277 5.41452e-07 -1.5631e-08 6.25465e-09 -5.41465e-07 0.996236 -0.000284611 3.41509e-06 -3.21996e-08 0.00028461 0.992527
8.8 0.00335535 0.0199301 -0.000188476 -6.92841e-11 6.80408e-08 -0.000188475 0.0198559 1.08021e-08 -3.26118e-10 1.30551e-10 -1.08024e-08 0.019855 -5.94211e-06 6.80616e-08 -6.71995e-10 5.94209e-06 0.019781 -0.00945682 -3.47635e-09 3.41397e-06 -0.00945682 0.996275 5.41998e-07 -1.63631e-08 6.55042e-09 -5.42013e-07 0.99623 -0.000298147 3.41501e-06 -3.37176e-08 0.000298146 0.99252
9 0.00343099 0.0199134 -0.000197005 -7.25435e-11 6.79793e-08 -0.000197005 0.0198391 1.08041e-08 -3.40751e-10 1.36469e-10 -1.08045e-08 0.0198382 -6.21312e-06 6.80027e-08 -7.02357e-10 6.2131e-06 0.0197642 -0.0098931 -3.64296e-09 3.41375e-06 -0.0098931 0.996273 5.42557e-07 -1.71117e-08 6.85312e-09 -5.42573e-07 0.996224 -0.000312008 3.41493e-06 -3.52707e-08 0.000312007 0.992512
9.2 0.00350659 0.0198963 -0.000205714 -7.58828e-11 6.79165e-08 -0.000205714 0.0198221 1.08062e-08 -3.55681e-10 1.42512e-10 -1.08066e-08 0.019821 -6.49003e-06 6.79426e-08 -7.33354e-10 6.49001e-06 0.0197471 -0.0103393 -3.81392e-09 3.41353e-06 -0.0103393 0.996271 5.43128e-07 -1.78768e-08 7.16277e-09 -5.43145e-07 0.996217 -0.000326194 3.41484e-06 -3.68589e-08 0.000326193 0.992504
9.4 0.00358214 0.0198788 -0.000214602 -7.93023e-11 6.78523e-08 -0.000214601 0.0198046 1.08083e-08 -3.70905e-10 1.48681e-10 -1.08087e-08 0.0198034 -6.77282e-06 6.78812e-08 -7.64982e-10 6.7728e-06 0.0197296 -0.0107955 -3.9893e-09 3.4133e-06 -0.0107955 0.996269 5.43712e-07 -1.86584e-08 7.47937e-09 -5.4373e-07 0.99621 -0.000340706 3.41476e-06 -3.84824e-08 0.000340705 0.992495
9.6 0.00365765 0.019861 -0.000223667 -8.28026e-11 6.77869e-08 -0.000223667 0.0197868 1.08105e-08 -3.86422e-10 1.54974e-10 -1.08109e-08 0.0197855 -7.06149e-06 6.78185e-08 -7.97239e-10 7.06146e-06 0.0197117 -0.0112616 -4.16911e-09 3.41307e-06 -0.0112616 0.996266 5.44307e-07 -1.94564e-08 7.80293e-09 -5.44328e-07 0.996203 -0.000355546 3.41467e-06 -4.0141e-08 0.000355545 0.992486
9.8 0.00373311 0.0198428 -0.00023291 -8.6384e-11 6.77201e-08 -0.000232909 0.0197686 1.08126e-08 -4.0223e-10 1.6139e-10 -1.08131e-08 0.0197673 -7.356e-06 6.77546e-08 -8.30119e-10 7.35598e-06 0.0196935 -0.0117378 -4.35342e-09 3.41284e-06 -0.0117377 0.996264 5.44915e-07 -2.02709e-08 8.13346e-09 -5.44937e-07 0.996195 -0.000370715 3.41458e-06 -4.18348e-08 0.000370713 0.992476
10 0.00380853 0.0198242 -0.000242328 -9.0047e-11 6.76521e-08 -0.000242328 0.0197501 1.08148e-08 -4.18326e-10 1.67931e-10 -1.08153e-08 0.0197486 -7.65637e-06 6.76895e-08 -8.63622e-10 7.65634e-06 0.0196749 -0.0122238 -4.54227e-09 3.4126e-06 -0.0122238 0.996262 5.45536e-07 -2.11017e-08 8.47098e-09 -5.45559e-07 0.996186 -0.000386212 3.41448e-06 -4.35639e-08 0.000386211 0.992466
10.2 0.0038839 0.0198053 -0.000251923 -9.3792e-11 6.75828e-08 -0.000251922 0.0197313 1.0817e-08 -4.34707e-10 1.74594e-10 -1.08176e-08 0.0197296 -7.96255e-06 6.76231e-08 -8.97742e-10 7.96253e-06 0.0196559 -0.0127199 -4.73569e-09 3.41235e-06 -0.0127199 0.996259 5.46168e-07 -2.1949e-08 8.81549e-09 -5.46194e-07 0.996178 -0.000402041 3.41439e-06 -4.53283e-08 0.000402039 0.992456
10.4 0.00395923 0.0197861 -0.000261691 -9.76195e-11 6.75122e-08 -0.000261691 0.019712 1.08193e-08 -4.51373e-10 1.81379e-10 -1.08198e-08 0.0197103 -8.27456e-06 6.75555e-08 -9.32477e-10 8.27453e-06 0.0196366 -0.013226 -4.93374e-09 3.4121e-06 -0.013226 0.996257 5.46813e-07 -2.28126e-08 9.167e-09 -5.46841e-07 0.996169 -0.000418201 3.41429e-06 -4.71279e-08 0.000418199 0.992445
10.6 0.0040345 0.0197665 -0.000271634 -1.0153e-10 6.74403e-08 -0.000271633 0.0196925 1.08216e-08 -4.6832e-10 1.88286e-10 -1.08222e-08 0.0196906 -8.59236e-06 6.74867e-08 -9.67822e-10 8.59233e-06 0.0196169 -0.0137421 -5.13647e-09 3.41185e-06 -0.0137421 0.996254 5.4747e-07 -2.36926e-08 9.52553e-09 -5.475e-07 0.996159 -0.000434693 3.4142e-06 -4.89628e-08 0.000434692 0.992434
10.8 0.00410973 0.0197465 -0.000281749 -1.05524e-10 6.73671e-08 -0.000281748 0.0196725 1.08239e-08 -4.85546e-10 1.95315e-10 -1.08245e-08 0.0196705 -8.91594e-06 6.74166e-08 -1.00378e-09 8.91592e-06 0.0195969 -0.0142682 -5.34391e-09 3.41159e-06 -0.0142682 0.996252 5.48139e-07 -2.45889e-08 9.89108e-09 -5.48171e-07 0.996149 -0.000451519 3.4141e-06 -5.08329e-08 0.000451518 0.992422
11 0.00418491 0.0197263 -0.000292035 -1.09602e-10 6.72927e-08 -0.000292035 0.0196523 1.08262e-08 -5.03049e-10 2.02464e-10 -1.08269e-08 0.0196501 -9.2453e-06 6.73453e-08 -1.04033e-09 9.24527e-06 0.0195765 -0.0148044 -5.55613e-09 3.41133e-06 -0.0148044 0.996249 5.4882e-07 -2.55015e-08 1.02637e-08 -5.48855e-07 0.996139 -0.00046868 3.414e-06 -5.27384e-08 0.000468679 0.99241
11.2 0.00426003 0.0197056 -0.000302493 -1.13764e-10 6.7217e-08 -0.000302493 0.0196316 1.08285e-08 -5.20826e-10 2.09732e-10 -1.08292e-08 0.0196293 -9.58041e-06 6.72728e-08 -1.07749e-09 9.58038e-06 0.0195558 -0.0153506 -5.77316e-09 3.41106e-06 -0.0153506 0.996246 5.49514e-07 -2.64303e-08 1.06433e-08 -5.49551e-07 0.996128 -0.000486177 3.41389e-06 -5.46793e-08 0.000486175 0.992397
11.4 0.00433511 0.0196846 -0.00031312 -1.18011e-10 6.71401e-08 -0.00031312 0.0196107 1.08309e-08 -5.38875e-10 2.17121e-10 -1.08316e-08 0.0196082 -9.92126e-06 6.71991e-08 -1.11524e-09 9.92122e-06 0.0195347 -0.0159069 -5.99507e-09 3.41079e-06 -0.0159068 0.996244 5.5022e-07 -2.73754e-08 1.103e-08 -5.50259e-07 0.996116 -0.000504011 3.41379e-06 -5.66555e-08 0.000504009 0.992383
11.6 0.00441013 0.0196633 -0.000323917 -1.22343e-10 6.70619e-08 -0.000323916 0.0195894 1.08332e-08 -5.57194e-10 2.24628e-10 -1.08341e-08 0.0195867 -1.02678e-05 6.71242e-08 -1.15359e-09 1.02678e-05 0.0195132 -0.0164732 -6.2219e-09 3.41051e-06 -0.0164732 0.996241 5.50937e-07 -2.83368e-08 1.14237e-08 -5.5098e-07 0.996104 -0.000522183 3.41369e-06 -5.8667e-08 0.000522181 0.992369
11.8 0.0044851 0.0196416 -0.000334881 -1.26761e-10 6.69824e-08 -0.000334881 0.0195677 1.08356e-08 -5.75779e-10 2.32253e-10 -1.08365e-08 0.0195648 -1.06201e-05 6.70481e-08 -1.19252e-09 1.06201e-05 0.0194914 -0.0170496 -6.45371e-09 3.41023e-06 -0.0170496 0.996238 5.51667e-07 -2.93143e-08 1.18245e-08 -5.51713e-07 0.996092 -0.000540694 3.41358e-06 -6.0714e-08 0.000540693 0.992355
12 0.0139046 0.0196196 -0.000346012 -1.31266e-10 6.69018e-08 -0.000346012 0.0195457 1.0838e-08 -5.94629e-10 2.39996e-10 -1.0839e-08 0.0195426 -1.09781e-05 6.69708e-08 -1.23204e-09 1.0978e-05 0.0194693 -0.0176361 -6.69054e-09 3.40995e-06 -0.0176361 0.996235 5.52409e-07 -3.0308e-08 1.22325e-08 -5.52458e-07 0.996079 -0.000559547 3.41347e-06 -6.27963e-08 0.000559545 0.99234
13 0.0246683 0.0195044 -0.000404136 -1.55101e-10 6.648e-08 -0.000404136 0.0194306 1.08503e-08 -6.92756e-10 2.8045e-10 -1.08516e-08 0.0194264 -1.28527e-05 6.65666e-08 -1.43825e-09 1.28526e-05 0.0193533 -0.0207203 -7.95211e-09 3.40847e-06 -0.0207203 0.99622 5.563e-07 -3.5518e-08 1.43788e-08 -5.56366e-07 0.996004 -0.000658963 3.41291e-06 -7.37397e-08 0.000658961 0.992254
14 0.0265294 0.0193808 -0.000466276 -1.81173e-10 6.60281e-08 -0.000466276 0.0193072 1.08628e-08 -7.97097e-10 3.23743e-10 -1.08644e-08 0.0193016 -1.48669e-05 6.61332e-08 -1.65843e-09 1.48668e-05 0.0192287 -0.0240587 -9.34804e-09 3.40688e-06 -0.0240586 0.996203 5.6049e-07 -4.11281e-08 1.67043e-08 -5.60577e-07 0.995912 -0.000767092 3.41231e-06 -8.55707e-08 0.00076709 0.992151
15 0.0283823 0.0192491 -0.000532291 -2.09548e-10 6.55469e-08 -0.000532291 0.0191757 1.08753e-08 -9.07303e-10 3.69785e-10 -1.08775e-08 0.0191683 -1.70183e-05 6.56716e-08 -1.89202e-09 1.70183e-05 0.0190956 -0.0276528 -1.08861e-08 3.40519e-06 -0.0276528 0.996185 5.64976e-07 -4.71348e-08 1.92105e-08 -5.6509e-07 0.995801 -0.000884111 3.41167e-06 -9.82914e-08 0.000884109 0.992028
16 0.0302266 0.0191094 -0.000602033 -2.40298e-10 6.50373e-08 -0.000602033 0.0190362 1.08877e-08 -1.02301e-09 4.1848e-10 -1.08905e-08 0.0190267 -1.93046e-05 6.51824e-08 -2.13842e-09 1.93045e-05 0.0189543 -0.0315045 -1.25748e-08 3.40341e-06 -0.0315045 0.996166 5.69755e-07 -5.35343e-08 2.18991e-08 -5.699e-07 0.995667 -0.00101021 3.411e-06 -1.11904e-07 0.00101021 0.991881
17 0.0320617 0.0189621 -0.000675346 -2.73491e-10 6.45001e-08 -0.000675345 0.018889 1.08998e-08 -1.14384e-09 4.69729e-10 -1.09033e-08 0.0188769 -2.17229e-05 6.46664e-08 -2.39699e-09 2.17229e-05 0.0188048 -0.0356156 -1.44231e-08 3.40154e-06 -0.0356156 0.996146 5.74824e-07 -6.03226e-08 2.4772e-08 -5.75005e-07 0.995508 -0.0011456 3.4103e-06 -1.2641e-07 0.0011456 0.991708
18 0.0338871 0.0188072 -0.000752065 -3.092e-10 6.39363e-08 -0.000752065 0.0187343 1.09115e-08 -1.2694e-09 5.23424e-10 -1.09157e-08 0.0187192 -2.42705e-05 6.41244e-08 -2.66705e-09 2.42704e-05 0.0186474 -0.0399882 -1.64406e-08 3.39957e-06 -0.0399882 0.996124 5.80178e-07 -6.74956e-08 2.78311e-08 -5.80402e-07 0.99532 -0.00129049 3.40957e-06 -1.41811e-07 0.00129049 0.991505
19 0.0357021 0.018645 -0.000832021 -3.47497e-10 6.33468e-08 -0.00083202 0.0185723 1.09225e-08 -1.39929e-09 5.79454e-10 -1.09276e-08 0.0185536 -2.69444e-05 6.35575e-08 -2.94792e-09 2.69443e-05 0.0184822 -0.0446243 -1.86375e-08 3.39752e-06 -0.0446243 0.996101 5.85815e-07 -7.50491e-08 3.10782e-08 -5.86087e-07 0.9951 -0.00144513 3.40882e-06 -1.58108e-07 0.00144512 0.991269
20 0.0375062 0.0184758 -0.000915036 -3.88453e-10 6.27325e-08 -0.000915036 0.0184033 1.09327e-08 -1.5331e-09 6.37703e-10 -1.09387e-08 0.0183805 -2.97414e-05 6.29663e-08 -3.23884e-09 2.97413e-05 0.0183095 -0.0495261 -2.10249e-08 3.39539e-06 -0.0495261 0.996077 5.9173e-07 -8.29787e-08 3.45155e-08 -5.92056e-07 0.994843 -0.00160975 3.40804e-06 -1.75302e-07 0.00160974 0.990995
21 0.0392989 0.0182999 -0.00100093 -4.32136e-10 6.20946e-08 -0.00100093 0.0182276 1.09418e-08 -1.67041e-09 6.9805e-10 -1.09489e-08 0.0182001 -3.26583e-05 6.23519e-08 -3.53907e-09 3.26582e-05 0.0181293 -0.0546959 -2.36141e-08 3.39317e-06 -0.0546959 0.996051 5.97918e-07 -9.12801e-08 3.81451e-08 -5.98305e-07 0.994546 -0.00178462 3.40723e-06 -1.93393e-07 0.00178461 0.990681
22 0.0410797 0.0181174 -0.00108951 -4.78615e-10 6.1434e-08 -0.00108951 0.0180454 1.09497e-08 -1.81081e-09 7.6037e-10 -1.09579e-08 0.0180124 -3.56916e-05 6.17151e-08 -3.84781e-09 3.56915e-05 0.0179421 -0.060136 -2.64174e-08 3.39088e-06 -0.0601359 0.996023 6.04374e-07 -9.99486e-08 4.1969e-08 -6.04828e-07 0.994204 -0.00197002 3.4064e-06 -2.12382e-07 0.00197001 0.990321
23 0.0428479 0.0179287 -0.00118059 -5.27955e-10 6.07517e-08 -0.00118059 0.0178569 1.09562e-08 -1.95387e-09 8.24534e-10 -1.09656e-08 0.0178178 -3.88378e-05 6.10571e-08 -4.16425e-09 3.88377e-05 0.0177479 -0.0658488 -2.94474e-08 3.38851e-06 -0.0658487 0.995995 6.11094e-07 -1.0898e-07 4.59895e-08 -6.11621e-07 0.993812 -0.00216623 3.40554e-06 -2.32267e-07 0.00216622 0.98991
24 0.0446031 0.0177341 -0.00127396 -5.80217e-10 6.00489e-08 -0.00127396 0.0176625 1.0961e-08 -2.09916e-09 8.90408e-10 -1.09717e-08 0.0176165 -4.20932e-05 6.03787e-08 -4.48755e-09 4.20931e-05 0.0175469 -0.0718368 -3.27176e-08 3.38607e-06 -0.0718368 0.995964 6.18073e-07 -1.18369e-07 5.02088e-08 -6.18678e-07 0.993366 -0.00237357 3.40466e-06 -2.53046e-07 0.00237357 0.989445
25 0.0463447 0.0175338 -0.00136944 -6.35459e-10 5.93266e-08 -0.00136944 0.0174625 1.0964e-08 -2.24626e-09 9.57856e-10 -1.0976e-08 0.0174086 -4.5454e-05 5.96809e-08 -4.81685e-09 4.54538e-05 0.0173395 -0.0781026 -3.62419e-08 3.38355e-06 -0.0781026 0.995933 6.25304e-07 -1.2811e-07 5.46291e-08 -6.25993e-07 0.992861 -0.00259236 3.40376e-06 -2.74718e-07 0.00259235 0.988919
26 0.0480722 0.0173281 -0.00146681 -6.93732e-10 5.85859e-08 -0.0014668 0.0172571 1.09649e-08 -2.39476e-09 1.02674e-09 -1.09784e-08 0.0171945 -4.89161e-05 5.89648e-08 -5.15128e-09 4.8916e-05 0.0171258 -0.0846488 -4.0035e-08 3.38097e-06 -0.0846487 0.995899 6.32781e-07 -1.38201e-07 5.92527e-08 -6.33558e-07 0.99229 -0.00282293 3.40283e-06 -2.97279e-07 0.00282292 0.988326
27 0.049785 0.0171174 -0.00156586 -7.55083e-10 5.78279e-08 -0.00156586 0.0170466 1.09637e-08 -2.54422e-09 1.09691e-09 -1.09785e-08 0.0169744 -5.24756e-05 5.82313e-08 -5.48994e-09 5.24754e-05 0.0169062 -0.091478 -4.41121e-08 3.37832e-06 -0.0914779 0.995865 6.40499e-07 -1.48634e-07 6.40818e-08 -6.41366e-07 0.991648 -0.00306563 3.40188e-06 -3.20724e-07 0.00306563 0.987662
28 0.0514827 0.0169018 -0.0016664 -8.19553e-10 5.70538e-08 -0.0016664 0.0168313 1.096e-08 -2.69425e-09 1.16823e-09 -1.09762e-08 0.0167485 -5.61282e-05 5.74815e-08 -5.83193e-09 5.6128e-05 0.0166807 -0.0985928 -4.84891e-08 3.3756e-06 -0.0985928 0.995828 6.48451e-07 -1.59406e-07 6.91188e-08 -6.4941e-07 0.990928 -0.00332084 3.40091e-06 -3.45047e-07 0.00332083 0.98692
29 0.0531646 0.0166818 -0.0017682 -8.87176e-10 5.62645e-08 -0.0017682 0.0166116 1.09537e-08 -2.84443e-09 1.24055e-09 -1.09713e-08 0.016517 -5.98696e-05 5.67165e-08 -6.17631e-09 5.98694e-05 0.0164498 -0.105996 -5.31823e-08 3.37281e-06 -0.105996 0.99579 6.56629e-07 -1.70511e-07 7.43658e-08 -6.57681e-07 0.990124 -0.00358892 3.3999e-06 -3.70243e-07 0.00358891 0.986092
30 0.0548304 0.0164576 -0.00187107 -9.57976e-10 5.54612e-08 -0.00187106 0.0163876 1.09447e-08 -2.99437e-09 1.31373e-09 -1.09635e-08 0.0162803 -6.36954e-05 5.59371e-08 -6.52217e-09 6.36952e-05 0.0162135 -0.11369 -5.82089e-08 3.36995e-06 -0.11369 0.995751 6.65027e-07 -1.81945e-07 7.9825e-08 -6.66169e-07 0.989229 -0.00387028 3.39887e-06 -3.96302e-07 0.00387027 0.985172
31 0.0564795 0.0162295 -0.00197478 -1.03197e-09 5.46451e-08 -0.00197478 0.0161599 1.09328e-08 -3.14367e-09 1.3876e-09 -1.09527e-08 0.0160385 -6.76011e-05 5.51445e-08 -6.86856e-09 6.76009e-05 0.0159723 -0.121678 -6.35862e-08 3.36702e-06 -0.121678 0.99571 6.73637e-07 -1.93701e-07 8.54986e-08 -6.74864e-07 0.988235 -0.00416533 3.3978e-06 -4.23215e-07 0.00416531 0.984153
32 0.0581114 0.0159978 -0.00207912 -1.10917e-09 5.38171e-08 -0.00207912 0.0159285 1.09177e-08 -3.29196e-09 1.46202e-09 -1.09386e-08 0.015792 -7.1582e-05 5.43397e-08 -7.21454e-09 7.15818e-05 0.0157263 -0.129963 -6.93326e-08 3.36402e-06 -0.129963 0.995667 6.82451e-07 -2.05776e-07 9.13887e-08 -6.83755e-07 0.987134 -0.00447448 3.39669e-06 -4.50969e-07 0.00447447 0.983027
33 0.0597256 0.0157629 -0.0021839 -1.18957e-09 5.29783e-08 -0.00218389 0.0156939 1.08995e-08 -3.43888e-09 1.53685e-09 -1.09211e-08 0.015541 -7.56335e-05 5.35236e-08 -7.55916e-09 7.56332e-05 0.0154758 -0.138546 -7.54665e-08 3.36094e-06 -0.138546 0.995622 6.91461e-07 -2.18162e-07 9.74974e-08 -6.92831e-07 0.985919 -0.00479818 3.39553e-06 -4.79552e-07 0.00479817 0.981785
34 0.0613216 0.0155251 -0.00228888 -1.27317e-09 5.21299e-08 -0.00228888 0.0154564 1.08778e-08 -3.58405e-09 1.61192e-09 -1.08999e-08 0.0152857 -7.97507e-05 5.26972e-08 -7.90147e-09 7.97504e-05 0.0152211 -0.147431 -8.20071e-08 3.35778e-06 -0.147431 0.995575 7.00658e-07 -2.30855e-07 1.03827e-07 -7.02079e-07 0.98458 -0.00513688 3.39432e-06 -5.08948e-07 0.00513687 0.980419
35 0.0628989 0.0152846 -0.00239388 -1.35993e-09 5.12728e-08 -0.00239388 0.0152163 1.08526e-08 -3.72715e-09 1.68709e-09 -1.08748e-08 0.0150265 -8.39287e-05 5.18616e-08 -8.24055e-09 8.39284e-05 0.0149624 -0.15662 -8.89739e-08 3.35453e-06 -0.15662 0.995527 7.10033e-07 -2.4385e-07 1.10378e-07 -7.11485e-07 0.983109 -0.00549105 3.39305e-06 -5.39139e-07 0.00549103 0.97892
36 0.064457 0.0150418 -0.00249868 -1.44984e-09 5.0408e-08 -0.00249868 0.0149738 1.08238e-08 -3.86783e-09 1.76221e-09 -1.08457e-08 0.0147635 -8.81626e-05 5.10176e-08 -8.57544e-09 8.81623e-05 0.0147001 -0.166116 -9.63869e-08 3.35119e-06 -0.166115 0.995477 7.19577e-07 -2.57138e-07 1.17154e-07 -7.21035e-07 0.981496 -0.00586116 3.39171e-06 -5.70106e-07 0.00586114 0.977278
37 0.0659956 0.014797 -0.00260308 -1.54283e-09 4.95366e-08 -0.00260308 0.0147293 1.07912e-08 -4.00578e-09 1.83712e-09 -1.08124e-08 0.0144971 -9.24473e-05 5.01661e-08 -8.90522e-09 9.2447e-05 0.0144343 -0.17592 -1.04266e-07 3.34774e-06 -0.175919 0.995425 7.2928e-07 -2.70716e-07 1.24155e-07 -7.30713e-07 0.97973 -0.0062477 3.39029e-06 -6.01825e-07 0.00624768 0.975484
38 0.067514 0.0145505 -0.00270689 -1.63887e-09 4.86596e-08 -0.00270689 0.0144831 1.07547e-08 -4.1407e-09 1.91169e-09 -1.07747e-08 0.0142275 -9.67777e-05 4.93082e-08 -9.22898e-09 9.67774e-05 0.0141653 -0.186034 -1.12633e-07 3.34419e-06 -0.186034 0.995371 7.39132e-07 -2.84574e-07 1.31384e-07 -7.40502e-07 0.977802 -0.00665117 3.38877e-06 -6.34273e-07 0.00665114 0.973526
39 0.0690118 0.0143025 -0.0028099 -1.73787e-09 4.77778e-08 -0.0028099 0.0142355 1.07144e-08 -4.27227e-09 1.98577e-09 -1.07324e-08 0.013955 -0.000101149 4.84447e-08 -9.54581e-09 0.000101148 0.0138934 -0.196461 -1.21508e-07 3.34051e-06 -0.196461 0.995316 7.49123e-07 -2.98707e-07 1.38841e-07 -7.50386e-07 0.975699 -0.00707208 3.38714e-06 -6.67421e-07 0.00707206 0.971393
40 0.10628 0.0140535 -0.00291192 -1.83977e-09 4.68923e-08 -0.00291192 0.0139868 1.067e-08 -4.40024e-09 2.05922e-09 -1.06855e-08 0.0136798 -0.000105555 4.75763e-08 -9.85483e-09 0.000105555 0.0136189 -0.207203 -1.30912e-07 3.3367e-06 -0.207203 0.995258 7.59243e-07 -3.13107e-07 1.46527e-07 -7.60344e-07 0.973411 -0.00751096 3.38538e-06 -7.01238e-07 0.00751093 0.969075
42 0.146749 0.0135532 -0.00311227 -2.05184e-09 4.51134e-08 -0.00311227 0.0134872 1.05691e-08 -4.64428e-09 2.20364e-09 -1.05769e-08 0.0131226 -0.000114453 4.58286e-08 -1.0446e-08 0.000114452 0.013063 -0.229634 -1.51392e-07 3.32862e-06 -0.229634 0.995136 7.79823e-07 -3.42671e-07 1.62593e-07 -7.80403e-07 0.96823 -0.00844472 3.3814e-06 -7.7074e-07 0.00844469 0.963831
44 0.152348 0.0130518 -0.0033065 -2.27421e-09 4.33298e-08 -0.00330649 0.0129867 1.04517e-08 -4.87082e-09 2.34391e-09 -1.0448e-08 0.0125579 -0.000123428 4.40714e-08 -1.09958e-08 0.000123427 0.0124996 -0.253336 -1.74244e-07 3.31983e-06 -0.253336 0.995006 8.00781e-07 -3.73191e-07 1.79585e-07 -8.00502e-07 0.962154 -0.00945674 3.37664e-06 -8.42468e-07 0.00945671 0.957691
46 0.157761 0.0125517 -0.00349325 -2.50577e-09 4.15478e-08 -0.00349325 0.0124873 1.03177e-08 -5.07806e-09 2.47902e-09 -1.02979e-08 0.0119877 -0.000132438 4.23102e-08 -1.1498e-08 0.000132437 0.0119309 -0.27831 -1.99636e-07 3.31014e-06 -0.27831 0.994868 8.2202e-07 -4.04573e-07 1.97505e-07 -8.20442e-07 0.955071 -0.0105514 3.37088e-06 -9.16051e-07 0.0105513 0.950543
48 0.162982 0.0120548 -0.0036713 -2.74523e-09 3.97734e-08 -0.00367129 0.0119911 1.01675e-08 -5.26439e-09 2.60803e-09 -1.01261e-08 0.0114142 -0.000141438 4.05504e-08 -1.19469e-08 0.000141438 0.0113588 -0.304551 -2.2773e-07 3.29938e-06 -0.30455 0.99472 8.4344e-07 -4.36705e-07 2.16348e-07 -8.40003e-07 0.946857 -0.011733 3.36384e-06 -9.91052e-07 0.0117329 0.942264
50 0.168004 0.0115632 -0.00383948 -2.99113e-09 3.80117e-08 -0.00383948 0.0115003 1.00014e-08 -5.42833e-09 2.73012e-09 -9.93202e-09 0.0108391 -0.000150387 3.87965e-08 -1.23375e-08 0.000150387 0.0107852 -0.332044 -2.58677e-07 3.28731e-06 -0.332044 0.994563 8.64936e-07 -4.6945e-07 2.36105e-07 -8.58937e-07 0.937382 -0.0130057 3.35518e-06 -1.06697e-06 0.0130057 0.932724
52 0.172821 0.0110786 -0.00399678 -3.2418e-09 3.62675e-08 -0.00399678 0.0110166 9.82008e-09 -5.56856e-09 2.84455e-09 -9.71566e-09 0.0102644 -0.00015924 3.70523e-08 -1.26652e-08 0.00015924 0.0102121 -0.360765 -2.92617e-07 3.27365e-06 -0.360765 0.994397 8.86399e-07 -5.0264e-07 2.5676e-07 -8.76973e-07 0.926504 -0.0143736 3.34449e-06 -1.14321e-06 0.0143736 0.921782
54 0.177428 0.0106029 -0.0041423 -3.49544e-09 3.45451e-08 -0.00414229 0.0105416 9.62445e-09 -5.68388e-09 2.95069e-09 -9.47706e-09 0.00969182 -0.000167955 3.53213e-08 -1.29264e-08 0.000167954 0.00964111 -0.390676 -3.29668e-07 3.25808e-06 -0.390675 0.99422 9.07718e-07 -5.36068e-07 2.78291e-07 -8.93817e-07 0.914072 -0.0158405 3.33129e-06 -1.21914e-06 0.0158404 0.909289
56 0.181819 0.0101376 -0.00427525 -3.75012e-09 3.28482e-08 -0.00427524 0.0100771 9.41557e-09 -5.7732e-09 3.04802e-09 -9.21655e-09 0.0091231 -0.000176489 3.36063e-08 -1.31181e-08 0.000176488 0.00907401 -0.421723 -3.69923e-07 3.24024e-06 -0.421722 0.994034 9.2878e-07 -5.69485e-07 3.00665e-07 -9.09147e-07 0.899929 -0.0174094 3.31503e-06 -1.29401e-06 0.0174093 0.895086
58 0.185988 0.00968406 -0.00439497 -4.00378e-09 3.11797e-08 -0.00439497 0.00962438 9.1947e-09 -5.83551e-09 3.13613e-09 -8.93471e-09 0.0085598 -0.0001848 3.19094e-08 -1.3238e-08 0.0001848 0.00851238 -0.453836 -4.1344e-07 3.21969e-06 -0.453835 0.993838 9.49468e-07 -6.02589e-07 3.23845e-07 -9.2262e-07 0.883907 -0.019083 3.29505e-06 -1.36699e-06 0.0190829 0.879009
60 0.286303 0.00924363 -0.00450094 -4.2543e-09 2.95423e-08 -0.00450093 0.00918476 8.96322e-09 -5.86991e-09 3.21474e-09 -8.63236e-09 0.00800344 -0.000192849 3.02322e-08 -1.3285e-08 0.000192848 0.00795771 -0.486923 -4.60241e-07 3.19597e-06 -0.486923 0.993631 9.69665e-07 -6.35023e-07 3.47779e-07 -9.33871e-07 0.865833 -0.0208629 3.2706e-06 -1.4372e-06 0.0208628 0.860886
64 0.394175 0.00840638 -0.00467012 -4.73721e-09 2.63685e-08 -0.00467012 0.00834911 8.47462e-09 -5.85184e-09 3.34287e-09 -7.97062e-09 0.00691698 -0.000208001 2.6941e-08 -1.31587e-08 0.000208 0.00687474 -0.555545 -5.63525e-07 3.13672e-06 -0.555544 0.993187 1.00812e-06 -6.96119e-07 3.97659e-07 -9.48162e-07 0.822825 -0.0247432 3.20482e-06 -1.56532e-06 0.0247431 0.8178
68 0.406626 0.00763303 -0.00478101 -5.18156e-09 2.33366e-08 -0.00478101 0.00757734 7.96271e-09 -5.71371e-09 3.43235e-09 -7.24251e-09 0.00587356 -0.000221647 2.37355e-08 -1.27453e-08 0.000221646 0.0058349 -0.626358 -6.78834e-07 3.05731e-06 -0.626358 0.992704 1.04319e-06 -7.48551e-07 4.4967e-07 -9.48838e-07 0.769492 -0.0290379 3.10958e-06 -1.66976e-06 0.0290378 0.764428
72 0.417095 0.00692841 -0.00483367 -5.57102e-09 2.04483e-08 -0.00483367 0.00687427 7.44073e-09 -5.45236e-09 3.48467e-09 -6.46243e-09 0.0048812 -0.000233518 2.06123e-08 -1.2064e-08 0.000233517 0.00484624 -0.69766 -8.04083e-07 2.95137e-06 -0.697659 0.992185 1.07394e-06 -7.86956e-07 5.02954e-07 -9.32744e-07 0.704519 -0.0337044 2.97504e-06 -1.74124e-06 0.0337042 0.699473
76 0.425533 0.00629517 -0.00482981 -5.89131e-09 1.76975e-08 -0.0048298 0.00624252 6.92118e-09 -5.0675e-09 3.50264e-09 -5.6473e-09 0.00394618 -0.000243378 1.75627e-08 -1.11455e-08 0.000243377 0.00391497 -0.767224 -9.35846e-07 2.81128e-06 -0.767223 0.991636 1.09944e-06 -8.04982e-07 5.564e-07 -8.97084e-07 0.626858 -0.038661 2.78986e-06 -1.77049e-06 0.0386608 0.621901
80 0.431897 0.00573398 -0.00477254 -6.13116e-09 1.50703e-08 -0.00477253 0.00568276 6.41486e-09 -4.56276e-09 3.48991e-09 -4.81573e-09 0.00307301 -0.000251029 1.45743e-08 -1.00301e-08 0.000251028 0.00304563 -0.832326 -1.06927e-06 2.62825e-06 -0.832325 0.991068 1.11875e-06 -7.9574e-07 6.08637e-07 -8.39859e-07 0.53593 -0.0437793 2.54174e-06 -1.74925e-06 0.0437791 0.531154
84 0.436158 0.00524376 -0.00466614 -6.283e-09 1.25461e-08 -0.00466613 0.00519391 5.93022e-09 -3.94657e-09 3.45062e-09 -3.98713e-09 0.00226459 -0.000256319 1.16325e-08 -8.76527e-09 0.000256318 0.00224107 -0.889846 -1.19819e-06 2.39258e-06 -0.889844 0.990493 1.13091e-06 -7.52621e-07 6.58042e-07 -7.60358e-07 0.431863 -0.0488807 2.21834e-06 -1.67156e-06 0.0488805 0.427378
88 0.328636 0.00482202 -0.00451576 -6.34336e-09 1.0098e-08 -0.00451575 0.00477345 5.47289e-09 -3.2329e-09 3.38891e-09 -3.18067e-09 0.00152231 -0.000259138 8.72165e-09 -7.40259e-09 0.000259137 0.00150268 -0.936488 -1.3155e-06 2.09414e-06 -0.936486 0.989927 1.13498e-06 -6.70446e-07 7.028e-07 -6.59615e-07 0.315699 -0.0537406 1.80872e-06 -1.53517e-06 0.0537403 0.311629
90 0.219313 0.00463571 -0.00442586 -6.33929e-09 8.89273e-09 -0.00442585 0.00458775 5.25543e-09 -2.84547e-09 3.35087e-09 -2.79144e-09 0.00117604 -0.000259601 7.27299e-09 -6.70116e-09 0.000259599 0.00115836 -0.954731 -1.36749e-06 1.91831e-06 -0.95473 0.989654 1.13368e-06 -6.13815e-07 7.22838e-07 -6.0216e-07 0.25369 -0.0560001 1.5689e-06 -1.44555e-06 0.0559999 0.249878
92 0.328636 0.00446508 -0.00432717 -6.31291e-09 7.69438e-09 -0.00432716 0.00441771 5.04561e-09 -2.44151e-09 3.30862e-09 -2.41435e-09 0.000846232 -0.000259427 5.82629e-09 -5.99509e-09 0.000259426 0.00083051 -0.969112 -1.41384e-06 1.72323e-06 -0.96911 0.989391 1.13002e-06 -5.46801e-07 7.40998e-07 -5.40719e-07 0.189522 -0.0581013 1.30486e-06 -1.34266e-06 0.0581011 0.186001
96 0.436158 0.00416842 -0.00410647 -6.19615e-09 5.30067e-09 -0.00410647 0.00412216 4.64847e-09 -1.59757e-09 3.21293e-09 -1.70412e-09 0.000235278 -0.000257177 2.93185e-09 -4.59422e-09 0.000257176 0.000223452 -0.985139 -1.48645e-06 1.27162e-06 -0.985137 0.988901 1.11516e-06 -3.83255e-07 7.70779e-07 -4.08817e-07 0.0564429 -0.0616965 7.03348e-07 -1.10215e-06 0.0616962 0.0536059
100 0.431897 0.0039269 -0.00385993 -6.00084e-09 2.88126e-09 -0.00385992 0.00388165 4.27933e-09 -7.30686e-10 3.10426e-09 -1.06317e-09 -0.000312613 -0.000252428 2.56314e-11 -3.24738e-09 0.000252427 -0.000320565 -0.982946 -1.52814e-06 7.33724e-07 -0.982944 0.988476 1.08975e-06 -1.86072e-07 7.9051e-07 -2.70741e-07 -0.0796082 -0.0642818 6.52712e-09 -8.26957e-07 0.0642815 -0.0816331
104 0.425533 0.00373502 -0.00359371 -5.7372e-09 4.02066e-10 -0.0035937 0.00369068 3.93452e-09 1.26636e-10 2.98414e-09 -5.01435e-10 -0.000800273 -0.000245272 -2.90252e-09 -1.99581e-09 0.00024527 -0.00080439 -0.962167 -1.53606e-06 1.07648e-07 -0.962165 0.988129 1.05341e-06 3.39051e-08 7.98964e-07 -1.34252e-07 -0.214262 -0.0656681 -7.77109e-07 -5.3435e-07 0.0656678 -0.215364
108 0.417095 0.00358712 -0.00331375 -5.41698e-09 -2.16698e-09 -0.00331374 0.0035436 3.60955e-09 9.41026e-10 2.85337e-09 -2.5283e-11 -0.00123113 -0.000235846 -5.85954e-09 -8.7305e-10 0.000235844 -0.00123147 -0.92379 -1.51012e-06 -6.04101e-07 -0.923788 0.987868 1.00625e-06 2.62334e-07 7.95446e-07 -7.04828e-09 -0.343208 -0.0657478 -1.63349e-06 -2.43384e-07 0.0657475 -0.343302
112 0.406626 0.00347759 -0.00302563 -5.0526e-09 -4.84945e-09 -0.00302562 0.0034348 3.29984e-09 1.68047e-09 2.71206e-09 3.62506e-10 -0.00160904 -0.000224334 -8.84859e-09 9.59886e-11 0.000224333 -0.00160567 -0.870034 -1.4529e-06 -1.39448e-06 -0.870032 0.987693 9.48886e-07 4.83227e-07 7.79868e-07 1.0424e-07 -0.462689 -0.0645083 -2.54446e-06 2.7602e-08 0.064508 -0.46172
116 0.394175 0.00340097 -0.00273447 -4.65632e-09 -7.66023e-09 -0.00273446 0.0033588 3.00138e-09 2.31652e-09 2.56e-09 6.62587e-10 -0.00193814 -0.000210962 -1.18685e-08 8.95417e-10 0.00021096 -0.00193115 -0.804027 -1.36912e-06 -2.25237e-06 -0.804025 0.987601 8.82508e-07 6.81136e-07 7.52726e-07 1.94823e-07 -0.569879 -0.0620299 -3.48973e-06 2.63283e-07 0.0620295 -0.567825
120 0.379804 0.00335205 -0.0024449 -4.23961e-09 -1.06039e-08 -0.00244489 0.00331042 2.71117e-09 2.82628e-09 2.39681e-09 8.78694e-10 -0.00222268 -0.000195991 -1.49131e-08 1.51817e-09 0.00019599 -0.00221219 -0.729373 -1.26478e-06 -3.16339e-06 -0.729371 0.987581 8.08808e-07 8.43149e-07 7.15027e-07 2.62136e-07 -0.663081 -0.0584691 -4.44896e-06 4.52907e-07 0.0584687 -0.65995
124 0.363583 0.00332601 -0.002161 -3.81271e-09 -1.36735e-08 -0.00216099 0.00328484 2.42749e-09 3.1939e-09 2.22232e-09 1.01715e-09 -0.00246696 -0.000179718 -1.79715e-08 1.96537e-09 0.000179717 -0.00245308 -0.649726 -1.14633e-06 -4.11109e-06 -0.649724 0.98762 7.2985e-07 9.60278e-07 6.68163e-07 3.05817e-07 -0.741717 -0.054034 -5.40333e-06 5.90908e-07 0.0540336 -0.737542
128 0.34559 0.0033184 -0.00188631 -3.38444e-09 -1.68507e-08 -0.00188631 0.0032776 2.15e-09 3.41152e-09 2.03679e-09 1.08631e-09 -0.00267517 -0.00016246 -2.10272e-08 2.24535e-09 0.000162459 -0.00265804 -0.568441 -1.0199e-06 -5.07796e-06 -0.568439 0.987705 6.47904e-07 1.02806e-06 6.13787e-07 3.27358e-07 -0.806163 -0.0489575 -6.33655e-06 6.76637e-07 0.0489571 -0.801
132 0.325914 0.00332519 -0.00162387 -2.96218e-09 -2.01056e-08 -0.00162386 0.0032847 1.87964e-09 3.47961e-09 1.84115e-09 1.09591e-09 -0.00285136 -0.000144559 -2.40585e-08 2.37248e-09 0.000144559 -0.00283114 -0.488353 -8.90829e-07 -6.04646e-06 -0.488351 0.987822 5.65271e-07 1.04644e-06 5.53696e-07 3.29578e-07 -0.857502 -0.043474 -7.23522e-06 7.13485e-07 0.0434737 -0.851421
136 0.304649 0.0033428 -0.00137619 -2.55203e-09 -2.33985e-08 -0.00137619 0.00330255 1.61833e-09 3.40664e-09 1.63712e-09 1.05654e-09 -0.00299935 -0.000126368 -2.70388e-08 2.36576e-09 0.000126367 -0.00297622 -0.411689 -7.63442e-07 -6.99966e-06 -0.411688 0.987958 4.84123e-07 1.0191e-06 4.89745e-07 3.16065e-07 -0.897257 -0.0378029 -8.08868e-06 7.07717e-07 0.0378027 -0.890337
140 0.281901 0.00336805 -0.00114538 -2.15909e-09 -2.66808e-08 -0.00114537 0.00332798 1.36872e-09 3.20825e-09 1.42732e-09 9.7907e-10 -0.00312271 -0.000108243 -2.99372e-08 2.24753e-09 0.000108242 -0.00309685 -0.340071 -6.41049e-07 -7.92172e-06 -0.34007 0.988103 4.06384e-07 9.52552e-07 4.23783e-07 2.90693e-07 -0.927155 -0.0321382 -8.88859e-06 6.67308e-07 0.0321379 -0.919478
144 0.257779 0.00339818 -0.000933099 -1.78769e-09 -2.98978e-08 -0.000933095 0.00335825 1.13382e-09 2.90601e-09 1.21526e-09 8.74191e-10 -0.00322468 -9.05425e-05 -3.27192e-08 2.04215e-09 9.05419e-05 -0.00319631 -0.274588 -5.26073e-07 -8.79817e-06 -0.274587 0.988249 3.33655e-07 8.55167e-07 3.5762e-07 2.57253e-07 -0.948944 -0.0266444 -9.62845e-06 6.00953e-07 0.0266442 -0.940594
148 0.232401 0.0034308 -0.000740695 -1.44174e-09 -3.29907e-08 -0.000740692 0.00339096 9.16639e-10 2.52595e-09 1.00521e-09 7.52072e-10 -0.00330823 -7.36149e-05 -3.53477e-08 1.77478e-09 7.36144e-05 -0.00327755 -0.215896 -4.20234e-07 -9.61602e-06 -0.215895 0.988388 2.67179e-07 7.36255e-07 2.92995e-07 2.19212e-07 -0.964272 -0.0214571 -1.0303e-05 5.17308e-07 0.0214569 -0.955331
152 0.205891 0.00346388 -0.000569205 -1.1249e-09 -3.58989e-08 -0.000569202 0.00342411 7.19959e-10 2.09683e-09 8.02075e-10 6.22072e-10 -0.00337595 -5.77934e-05 -3.77843e-08 1.47037e-09 5.7793e-05 -0.00334321 -0.164326 -3.24752e-07 -1.03638e-05 -0.164325 0.988517 2.07847e-07 6.05341e-07 2.31554e-07 1.79588e-07 -0.974615 -0.0166846 -1.09081e-05 4.24486e-07 0.0166844 -0.965164
156 0.178378 0.00349571 -0.000419418 -8.40738e-10 -3.85628e-08 -0.000419416 0.00345597 5.4613e-10 1.64854e-09 6.11172e-10 4.92566e-10 -0.00343014 -4.33892e-05 -3.99908e-08 1.15272e-09 4.33889e-05 -0.00339559 -0.119981 -2.40506e-07 -1.10315e-05 -0.11998 0.988633 1.56229e-07 4.71588e-07 1.74835e-07 1.40906e-07 -0.981243 -0.0124121 -1.144e-05 3.29753e-07 0.012412 -0.971359
160 0.0971232 0.00352487 -0.000291924 -5.92732e-10 -4.09256e-08 -0.000291923 0.00348515 3.96985e-10 1.21045e-09 4.37937e-10 3.70834e-10 -0.00347276 -3.06858e-05 -4.19304e-08 8.43766e-10 3.06856e-05 -0.00343665 -0.0828185 -1.68157e-07 -1.16105e-05 -0.0828181 0.988732 1.12624e-07 3.43404e-07 1.24242e-07 1.05205e-07 -0.985217 -0.00870552 -1.18956e-05 2.39375e-07 0.00870545 -0.974973
161 0.0357021 0.0035316 -0.000263588 -5.36778e-10 -4.1463e-08 -0.000263586 0.00349188 3.63721e-10 1.1058e-09 3.98016e-10 3.4236e-10 -0.00348181 -2.78058e-05 -4.23695e-08 7.70227e-10 2.78056e-05 -0.00344535 -0.0746369 -1.51993e-07 -1.17406e-05 -0.0746365 0.988754 1.0299e-07 3.13117e-07 1.12701e-07 9.69418e-08 -0.985901 -0.00787343 -1.19973e-05 2.18096e-07 0.00787337 -0.975577
162 0.0338871 0.00353808 -0.000236677 -4.83346e-10 -4.19777e-08 -0.000236676 0.00349836 3.32098e-10 1.00392e-09 3.5961e-10 3.14845e-10 -0.00349025 -2.50514e-05 -4.27893e-08 6.98739e-10 2.50512e-05 -0.00345347 -0.0668942 -1.36613e-07 -1.18646e-05 -0.0668939 0.988775 9.3864e-08 2.83748e-07 1.0164e-07 8.89876e-08 -0.986484 -0.00708052 -1.2094e-05 1.97491e-07 0.00708047 -0.976086
163 0.0320617 0.00354428 -0.000211197 -4.32485e-10 -4.24688e-08 -0.000211196 0.00350457 3.02132e-10 9.052e-10 3.22797e-10 2.88369e-10 -0.00349813 -2.24261e-05 -4.31893e-08 6.29566e-10 2.24259e-05 -0.00346102 -0.0595881 -1.22023e-07 -1.19823e-05 -0.0595878 0.988795 8.52448e-08 2.55397e-07 9.10754e-08 8.13617e-08 -0.986977 -0.00632741 -1.21856e-05 1.77629e-07 0.00632736 -0.976509
164 0.0302266 0.0035502 -0.000187153 -3.84242e-10 -4.29357e-08 -0.000187152 0.00351049 2.73834e-10 8.10007e-10 2.87651e-10 2.63008e-10 -0.00350544 -1.99331e-05 -4.35691e-08 5.62961e-10 1.99329e-05 -0.00346804 -0.052716 -1.08231e-07 -1.20939e-05 -0.0527157 0.988814 7.71318e-08 2.28158e-07 8.10238e-08 7.40824e-08 -0.987392 -0.00561462 -1.22723e-05 1.58571e-07 0.00561458 -0.976858
165 0.0283823 0.00355583 -0.000164548 -3.38666e-10 -4.33777e-08 -0.000164547 0.00351612 2.47215e-10 7.18701e-10 2.54245e-10 2.38832e-10 -0.00351222 -1.75753e-05 -4.39281e-08 4.99163e-10 1.75752e-05 -0.00347454 -0.0462754 -9.52424e-08 -1.2199e-05 -0.0462752 0.988832 6.95238e-08 2.02119e-07 7.15008e-08 6.71664e-08 -0.987736 -0.00494268 -1.23538e-05 1.40379e-07 0.00494264 -0.97714
166 0.0265294 0.00356115 -0.000143386 -2.958e-10 -4.37942e-08 -0.000143385 0.00352144 2.22284e-10 6.31622e-10 2.22647e-10 2.15909e-10 -0.00351848 -1.53559e-05 -4.4266e-08 4.38398e-10 1.53557e-05 -0.00348054 -0.0402639 -8.3063e-08 -1.22978e-05 -0.0402638 0.988849 6.24191e-08 1.77365e-07 6.2521e-08 6.06289e-08 -0.988019 -0.00431205 -1.24303e-05 1.23106e-07 0.00431202 -0.977366
167 0.0246683 0.00356615 -0.000123671 -2.55687e-10 -4.41846e-08 -0.00012367 0.00352643 1.99049e-10 5.49091e-10 1.92923e-10 1.94299e-10 -0.00352424 -1.32774e-05 -4.45824e-08 3.8088e-10 1.32773e-05 -0.00348606 -0.0346791 -7.16984e-08 -1.239e-05 -0.0346789 0.988864 5.58162e-08 1.53973e-07 5.40984e-08 5.44844e-08 -0.988249 -0.00372317 -1.25016e-05 1.06804e-07 0.00372314 -0.977542
168 0.0172754 0.00357081 -0.000105405 -2.18369e-10 -4.45484e-08 -0.000105404 0.0035311 1.77516e-10 4.71413e-10 1.65136e-10 1.74061e-10 -0.00352951 -1.13424e-05 -4.4877e-08 3.26808e-10 1.13423e-05 -0.0034911 -0.0295184 -6.11539e-08 -1.24757e-05 -0.0295183 0.988879 4.97132e-08 1.32019e-07 4.62461e-08 4.87456e-08 -0.988433 -0.00317641 -1.25677e-05 9.1522e-08 0.00317639 -0.977677
168.5 0.0109315 0.00357302 -9.68163e-05 -2.0077e-10 -4.47201e-08 -9.68158e-05 0.00353331 1.67391e-10 4.34484e-10 1.51988e-10 1.64474e-10 -0.00353197 -1.04295e-05 -4.50159e-08 3.01123e-10 1.04294e-05 -0.00349345 -0.0270965 -5.61907e-08 -1.25161e-05 -0.0270964 0.988886 4.68485e-08 1.21601e-07 4.25376e-08 4.60321e-08 -0.98851 -0.00291895 -1.25988e-05 8.4277e-08 0.00291893 -0.97773
169 0.0104622 0.00357514 -8.85912e-05 -1.83885e-10 -4.4885e-08 -8.85907e-05 0.00353543 1.57692e-10 3.98872e-10 1.39345e-10 1.55248e-10 -0.00353431 -9.55332e-06 -4.51492e-08 2.76369e-10 9.55324e-06 -0.00349569 -0.0247798 -5.14343e-08 -1.25548e-05 -0.0247796 0.988892 4.4108e-08 1.11568e-07 3.89761e-08 4.34244e-08 -0.988578 -0.00267215 -1.26287e-05 7.73029e-08 0.00267213 -0.977776
169.5 0.00999215 0.00357718 -8.07297e-05 -1.67717e-10 -4.5043e-08 -8.07293e-05 0.00353746 1.48422e-10 3.64611e-10 1.27215e-10 1.46392e-10 -0.00353653 -8.71419e-06 -4.52769e-08 2.52566e-10 8.71413e-06 -0.00349782 -0.022568 -4.68852e-08 -1.25918e-05 -0.0225679 0.988898 4.14915e-08 1.01927e-07 3.55631e-08 4.09238e-08 -0.988638 -0.00243605 -1.26572e-05 7.06047e-08 0.00243603 -0.977815
170 0.0095213 0.00357912 -7.32321e-05 -1.52271e-10 -4.5194e-08 -7.32318e-05 0.00353941 1.39581e-10 3.31732e-10 1.15605e-10 1.37909e-10 -0.00353864 -7.91236e-06 -4.5399e-08 2.29734e-10 7.9123e-06 -0.00349983 -0.0204609 -4.25441e-08 -1.26271e-05 -0.0204608 0.988904 3.89987e-08 9.26853e-08 3.22999e-08 3.85315e-08 -0.98869 -0.0022107 -1.26844e-05 6.41872e-08 0.00221068 -0.977847
170.5 0.00904972 0.00358098 -6.60988e-05 -1.3755e-10 -4.5338e-08 -6.60985e-05 0.00354127 1.31169e-10 3.00264e-10 1.0452e-10 1.29806e-10 -0.00354064 -7.14806e-06 -4.55153e-08 2.07892e-10 7.148e-06 -0.00350174 -0.0184583 -3.84114e-08 -1.26608e-05 -0.0184582 0.98891 3.66294e-08 8.38498e-08 2.91877e-08 3.62488e-08 -0.988735 -0.00199612 -1.27103e-05 5.80546e-08 0.0019961 -0.977873
171 0.00857745 0.00358275 -5.93298e-05 -1.2356e-10 -4.54749e-08 -5.93296e-05 0.00354303 1.23187e-10 2.70236e-10 9.39672e-11 1.22088e-10 -0.00354253 -6.42153e-06 -4.56258e-08 1.8706e-10 6.42148e-06 -0.00350355 -0.0165599 -3.44876e-08 -1.26927e-05 -0.0165598 0.988915 3.43833e-08 7.54271e-08 2.62277e-08 3.40766e-08 -0.988775 -0.00179235 -1.27349e-05 5.22114e-08 0.00179233 -0.977895
171.5 0.00810453 0.00358442 -5.29256e-05 -1.10304e-10 -4.56047e-08 -5.29253e-05 0.00354471 1.15634e-10 2.41675e-10 8.39512e-11 1.14759e-10 -0.00354431 -5.73299e-06 -4.57306e-08 1.67254e-10 5.73295e-06 -0.00350525 -0.0147654 -3.07731e-08 -1.2723e-05 -0.0147654 0.98892 3.22601e-08 6.74238e-08 2.34211e-08 3.20161e-08 -0.988809 -0.00159942 -1.27581e-05 4.66615e-08 0.00159941 -0.977911
172 0.00763099 0.00358601 -4.68862e-05 -9.77851e-11 -4.57273e-08 -4.68859e-05 0.00354629 1.08512e-10 2.14607e-10 7.44779e-11 1.07825e-10 -0.00354598 -5.08267e-06 -4.58295e-08 1.48492e-10 5.08263e-06 -0.00350684 -0.0130747 -2.72685e-08 -1.27516e-05 -0.0130747 0.988925 3.02597e-08 5.98457e-08 2.0769e-08 3.00682e-08 -0.988837 -0.00141736 -1.27801e-05 4.14086e-08 0.00141735 -0.977924
172.5 0.00715688 0.0035875 -4.12118e-05 -8.60072e-11 -4.58427e-08 -4.12116e-05 0.00354779 1.0182e-10 1.89056e-10 6.55525e-11 1.01289e-10 -0.00354754 -4.47074e-06 -4.59227e-08 1.30787e-10 4.47071e-06 -0.00350834 -0.0114876 -2.39741e-08 -1.27785e-05 -0.0114876 0.988929 2.83818e-08 5.26986e-08 1.82725e-08 2.82339e-08 -0.988862 -0.0012462 -1.28007e-05 3.64564e-08 0.00124619 -0.977933
173 0.00668221 0.0035889 -3.59028e-05 -7.49735e-11 -4.59509e-08 -3.59026e-05 0.00354919 9.5559e-11 1.65045e-10 5.71797e-11 9.51559e-11 -0.003549 -3.89741e-06 -4.60099e-08 1.14156e-10 3.89738e-06 -0.00350973 -0.0100038 -2.08904e-08 -1.28036e-05 -0.0100038 0.988934 2.66262e-08 4.59876e-08 1.59324e-08 2.65139e-08 -0.988882 -0.00108596 -1.282e-05 3.18081e-08 0.00108595 -0.97794
173.5 0.00620704 0.00359021 -3.09591e-05 -6.46871e-11 -4.60518e-08 -3.0959e-05 0.00355049 8.9729e-11 1.42595e-10 4.93642e-11 8.94292e-11 -0.00355035 -3.36285e-06 -4.60912e-08 9.8612e-11 3.36283e-06 -0.00351102 -0.0086232 -1.80177e-08 -1.28271e-05 -0.00862316 0.988937 2.49927e-08 3.97179e-08 1.37497e-08 2.49092e-08 -0.988899 -0.000936673 -1.2838e-05 2.74669e-08 0.000936666 -0.977944
174 0.0057314 0.00359142 -2.6381e-05 -5.51509e-11 -4.61453e-08 -2.63809e-05 0.0035517 8.43303e-11 1.21728e-10 4.21102e-11 8.41125e-11 -0.0035516 -2.86723e-06 -4.61666e-08 8.41677e-11 2.8672e-06 -0.00351221 -0.00734557 -1.53563e-08 -1.28488e-05 -0.00734554 0.988941 2.3481e-08 3.3894e-08 1.17252e-08 2.34204e-08 -0.988913 -0.000798355 -1.28547e-05 2.34358e-08 0.000798348 -0.977945
174.5 0.00525531 0.00359254 -2.21687e-05 -4.63676e-11 -4.62315e-08 -2.21686e-05 0.00355282 7.93629e-11 1.0246e-10 3.54218e-11 7.92091e-11 -0.00355275 -2.41069e-06 -4.62361e-08 7.0835e-11 2.41067e-06 -0.00351331 -0.00617076 -1.29066e-08 -1.28688e-05 -0.00617073 0.988944 2.20911e-08 2.85202e-08 9.85983e-09 2.20482e-08 -0.988925 -0.000671027 -1.287e-05 1.97173e-08 0.000671021 -0.977946
175 0.00477883 0.00359356 -1.83222e-05 -3.83396e-11 -4.63103e-08 -1.83221e-05 0.00355384 7.48271e-11 8.48097e-11 2.93026e-11 7.4722e-11 -0.00355379 -1.99338e-06 -4.62996e-08 5.8625e-11 1.99336e-06 -0.0035143 -0.00509862 -1.0669e-08 -1.2887e-05 -0.0050986 0.988947 2.08226e-08 2.36005e-08 8.15419e-09 2.07933e-08 -0.988934 -0.000554708 -1.28841e-05 1.63139e-08 0.000554704 -0.977945
175.5 0.00430199 0.00359448 -1.48417e-05 -3.10692e-11 -4.63817e-08 -1.48416e-05 0.00355477 7.0723e-11 6.87927e-11 2.37559e-11 7.06539e-11 -0.00355473 -1.61542e-06 -4.63571e-08 4.75475e-11 1.61541e-06 -0.0035152 -0.00412902 -8.64358e-09 -1.29036e-05 -0.004129 0.98895 1.96754e-08 1.91384e-08 6.60898e-09 1.96562e-08 -0.988941 -0.000449417 -1.28967e-05 1.32279e-08 0.000449414 -0.977943
176 0.00382481 0.00359531 -1.17273e-05 -2.45585e-11 -4.64457e-08 -1.17272e-05 0.0035556 6.70506e-11 5.44233e-11 1.87848e-11 6.70075e-11 -0.00355558 -1.27694e-06 -4.64086e-08 3.76118e-11 1.27693e-06 -0.003516 -0.00326182 -6.8307e-09 -1.29184e-05 -0.0032618 0.988953 1.86494e-08 1.51373e-08 5.2248e-09 1.86374e-08 -0.988947 -0.000355168 -1.29081e-05 1.04613e-08 0.000355165 -0.97794
176.5 0.00334735 0.00359605 -8.97903e-06 -1.88094e-11 -4.65021e-08 -8.97898e-06 0.00355633 6.381e-11 4.17142e-11 1.43921e-11 6.37847e-11 -0.00355632 -9.78033e-07 -4.64541e-08 2.88258e-11 9.78025e-07 -0.00351671 -0.00249692 -5.23058e-09 -1.29315e-05 -0.0024969 0.988955 1.77445e-08 1.16e-08 4.00219e-09 1.77375e-08 -0.988952 -0.000271974 -1.29181e-05 8.01597e-09 0.000271972 -0.977937
177 0.00286963 0.00359668 -6.59705e-06 -1.38235e-11 -4.65511e-08 -6.59702e-06 0.00355696 6.10014e-11 3.06767e-11 1.05801e-11 6.09878e-11 -0.00355696 -7.18794e-07 -4.64935e-08 2.11968e-11 7.18789e-07 -0.00351732 -0.0018342 -3.84339e-09 -1.29428e-05 -0.0018342 0.988957 1.69605e-08 8.52915e-09 2.94163e-09 1.69567e-08 -0.988955 -0.000199849 -1.29268e-05 5.89343e-09 0.000199848 -0.977934
177.5 0.00239169 0.00359722 -4.58141e-06 -9.60217e-12 -4.65926e-08 -4.58139e-06 0.0035575 5.86248e-11 2.13206e-11 7.35102e-12 5.86182e-11 -0.0035575 -4.99304e-07 -4.65269e-08 1.4731e-11 4.993e-07 -0.00351784 -0.0012736 -2.66933e-09 -1.29524e-05 -0.00127359 0.988958 1.62972e-08 5.92696e-09 2.04353e-09 1.62954e-08 -0.988957 -0.000138803 -1.29341e-05 4.0951e-09 0.000138801 -0.977932
178 0.00191357 0.00359766 -2.93217e-06 -6.14672e-12 -4.66265e-08 -2.93215e-06 0.00355794 5.66802e-11 1.36543e-11 4.70661e-12 5.66775e-11 -0.00355794 -3.19628e-07 -4.65543e-08 9.43357e-12 3.19626e-07 -0.00351826 -0.000815021 -1.70853e-09 -1.29602e-05 -0.000815017 0.98896 1.57547e-08 3.79532e-09 1.30824e-09 1.5754e-08 -0.988959 -8.88432e-05 -1.29401e-05 2.62214e-09 8.88426e-05 -0.977929
178.5 0.00143531 0.00359801 -1.64937e-06 -3.45811e-12 -4.66529e-08 -1.64937e-06 0.00355829 5.51677e-11 7.68451e-12 2.64832e-12 5.51669e-11 -0.00355829 -1.79823e-07 -4.65755e-08 5.3089e-12 1.79822e-07 -0.00351859 -0.000458413 -9.61119e-10 -1.29663e-05 -0.000458411 0.988961 1.53329e-08 2.13577e-09 7.36053e-10 1.53326e-08 -0.98896 -4.99785e-05 -1.29448e-05 1.47551e-09 4.99781e-05 -0.977927
179 0.000956932 0.00359825 -7.33064e-07 -1.53713e-12 -4.66718e-08 -7.33061e-07 0.00355853 5.40874e-11 3.4166e-12 1.1773e-12 5.40872e-11 -0.00355853 -7.99316e-08 -4.65907e-08 2.36031e-12 7.9931e-08 -0.00351882 -0.000203728 -4.27187e-10 -1.29707e-05 -0.000203727 0.988961 1.50316e-08 9.49517e-10 3.27188e-10 1.50315e-08 -0.988961 -2.2214e-05 -1.29482e-05 6.55959e-10 2.22138e-05 -0.977925
179.5 0.000478484 0.0035984 -1.83267e-07 -3.84308e-13 -4.66832e-08 -1.83267e-07 0.00355868 5.34391e-11 8.54339e-13 2.94368e-13 5.34391e-11 -0.00355868 -1.99844e-08 -4.65999e-08 5.90196e-13 1.99843e-08 -0.00351896 -5.09303e-05 -1.068e-10 -1.29733e-05 -5.093e-05 0.988962 1.48508e-08 2.37422e-10 8.18052e-11 1.48508e-08 -0.988962 -5.5537e-06 -1.29502e-05 1.64016e-10 5.55366e-06 -0.977924
180 5.98114e-05 0.00359845 0 0 -4.66869e-08 0 0.00355873 5.32231e-11 0 0 5.32231e-11 -0.00355873 0 -4.66029e-08 0 0 -0.00351901 0 0 -1.29742e-05 0 0.988962 1.47906e-08 0 0 1.47906e-08 -0.988962 0 -1.29508e-05 0 0 -0.977924
