theta 2pi*dcos S11 S12 S13 S14 S21 S22 S23 S24 S31 S32 S33 S34 S41 S42 S43 S44 S12_norm S13_norm S14_norm S21_norm S22_norm S23_norm S24_norm S31_norm S32_norm S33_norm S34_norm S41_norm S42_norm S43_norm S44_norm
0 2.39246e-06 0.00399643 0 0 9.70539e-09 0 0.00398176 8.25455e-10 0 0 -8.25455e-10 0.00398176 0 9.71266e-09 0 0 0.00396709 0 0 2.42851e-06 0 0.996328 2.06548e-07 0 0 -2.06548e-07 0.996328 0 2.43033e-06 0 0 0.992657
0.1 1.91397e-05 0.00399642 -5.4759e-09 -8.20746e-16 9.70537e-09 -5.47589e-09 0.00398175 8.25455e-10 -5.8793e-15 7.04939e-16 -8.25455e-10 0.00398175 -7.56292e-11 9.71264e-09 -1.10222e-14 7.56291e-11 0.00396708 -1.3702e-06 -2.0537e-13 2.42851e-06 -1.3702e-06 0.996328 2.06548e-07 -1.47114e-12 1.76393e-13 -2.06548e-07 0.996328 -1.89242e-08 2.43033e-06 -2.75802e-12 1.89242e-08 0.992657
0.2 3.82793e-05 0.0039964 -2.19035e-08 -3.28286e-15 9.70531e-09 -2.19035e-08 0.00398173 8.25454e-10 -2.35175e-14 2.81775e-15 -8.25454e-10 0.00398173 -3.02516e-10 9.71259e-09 -4.40862e-14 3.02515e-10 0.00396706 -5.4808e-06 -8.21454e-13 2.42851e-06 -5.4808e-06 0.996328 2.06549e-07 -5.88467e-12 7.05072e-13 -2.06549e-07 0.996328 -7.56971e-08 2.43033e-06 -1.10315e-11 7.56969e-08 0.992657
0.3 5.74188e-05 0.00399636 -4.92825e-08 -7.38435e-15 9.70521e-09 -4.92824e-08 0.00398169 8.25454e-10 -5.29148e-14 6.33844e-15 -8.25454e-10 0.00398169 -6.80657e-10 9.71249e-09 -9.91932e-14 6.80655e-10 0.00396701 -1.23318e-05 -1.84777e-12 2.42851e-06 -1.23318e-05 0.996328 2.06552e-07 -1.32408e-11 1.58605e-12 -2.06552e-07 0.996328 -1.70319e-07 2.43033e-06 -2.48209e-11 1.70319e-07 0.992657
0.4 7.65581e-05 0.0039963 -8.76123e-08 -1.31287e-14 9.70507e-09 -8.76122e-08 0.00398163 8.25454e-10 -9.40689e-14 1.12685e-14 -8.25454e-10 0.00398163 -1.21005e-09 9.71236e-09 -1.76341e-13 1.21004e-09 0.00396696 -2.19233e-05 -3.28522e-12 2.42851e-06 -2.19233e-05 0.996328 2.06555e-07 -2.3539e-11 2.81973e-12 -2.06555e-07 0.996328 -3.02792e-07 2.43034e-06 -4.41261e-11 3.02791e-07 0.992657
0.5 9.56972e-05 0.00399623 -1.36892e-07 -2.05136e-14 9.70489e-09 -1.36892e-07 0.00398156 8.25454e-10 -1.4698e-13 1.76065e-14 -8.25454e-10 0.00398156 -1.89068e-09 9.71218e-09 -2.75529e-13 1.89068e-09 0.00396689 -3.42554e-05 -5.13323e-12 2.42851e-06 -3.42553e-05 0.996328 2.06558e-07 -3.67797e-11 4.40578e-12 -2.06558e-07 0.996328 -4.73116e-07 2.43034e-06 -6.89473e-11 4.73115e-07 0.992657
0.6 0.000114836 0.00399614 -1.97122e-07 -2.95407e-14 9.70467e-09 -1.97121e-07 0.00398147 8.25454e-10 -2.11645e-13 2.53521e-14 -8.25454e-10 0.00398147 -2.72254e-09 9.71197e-09 -3.96753e-13 2.72254e-09 0.0039668 -4.9328e-05 -7.39232e-12 2.42851e-06 -4.9328e-05 0.996328 2.06563e-07 -5.29624e-11 6.34414e-12 -2.06563e-07 0.996328 -6.81293e-07 2.43034e-06 -9.92839e-11 6.81292e-07 0.992657
0.7 0.000133974 0.00399604 -2.68299e-07 -4.02083e-14 9.7044e-09 -2.68299e-07 0.00398136 8.25454e-10 -2.88064e-13 3.45063e-14 -8.25454e-10 0.00398136 -3.70563e-09 9.71172e-09 -5.40013e-13 3.70562e-09 0.00396669 -6.71413e-05 -1.00621e-11 2.42851e-06 -6.71412e-05 0.996328 2.06568e-07 -7.20874e-11 8.63512e-12 -2.06568e-07 0.996328 -9.27327e-07 2.43034e-06 -1.35137e-10 9.27325e-07 0.992657
0.8 0.000153112 0.00399591 -3.50423e-07 -5.25188e-14 9.7041e-09 -3.50423e-07 0.00398124 8.25454e-10 -3.76234e-13 4.50685e-14 -8.25454e-10 0.00398124 -4.83993e-09 9.71144e-09 -7.05304e-13 4.83992e-09 0.00396657 -8.76954e-05 -1.31431e-11 2.42851e-06 -8.76953e-05 0.996328 2.06575e-07 -9.41548e-11 1.12786e-11 -2.06575e-07 0.996328 -1.21122e-06 2.43034e-06 -1.76506e-10 1.21122e-06 0.992657
0.9 0.00017225 0.00399578 -4.43493e-07 -6.64705e-14 9.70376e-09 -4.43492e-07 0.0039811 8.25454e-10 -4.76152e-13 5.7039e-14 -8.25454e-10 0.0039811 -6.12542e-09 9.71111e-09 -8.92622e-13 6.1254e-09 0.00396643 -0.00011099 -1.66352e-11 2.4285e-06 -0.00011099 0.996328 2.06582e-07 -1.19164e-10 1.42748e-11 -2.06582e-07 0.996328 -1.53297e-06 2.43034e-06 -2.23391e-10 1.53297e-06 0.992657
1 0.000191387 0.00399562 -5.47506e-07 -8.20638e-14 9.70338e-09 -5.47506e-07 0.00398095 8.25454e-10 -5.87816e-13 7.04177e-14 -8.25454e-10 0.00398095 -7.56208e-09 9.71075e-09 -1.10196e-12 7.56207e-09 0.00396628 -0.000137026 -2.05384e-11 2.4285e-06 -0.000137026 0.996328 2.0659e-07 -1.47115e-10 1.76237e-11 -2.0659e-07 0.996328 -1.89259e-06 2.43035e-06 -2.75793e-10 1.89259e-06 0.992656
1.1 0.000210523 0.00399545 -6.62461e-07 -9.9302e-14 9.70295e-09 -6.6246e-07 0.00398078 8.25454e-10 -7.11222e-13 8.52017e-14 -8.25454e-10 0.00398078 -9.1499e-09 9.71034e-09 -1.33333e-12 9.14988e-09 0.00396611 -0.000165804 -2.48538e-11 2.4285e-06 -0.000165804 0.996328 2.06598e-07 -1.78008e-10 2.13247e-11 -2.06598e-07 0.996328 -2.29008e-06 2.43035e-06 -3.33711e-10 2.29008e-06 0.992656
1.2 0.000229659 0.00399527 -7.88355e-07 -1.1818e-13 9.70249e-09 -7.88355e-07 0.00398059 8.25454e-10 -8.46369e-13 1.01394e-13 -8.25454e-10 0.00398059 -1.08889e-08 9.7099e-09 -1.5867e-12 1.08888e-08 0.00396592 -0.000197322 -2.958e-11 2.4285e-06 -0.000197322 0.996328 2.06608e-07 -2.11843e-10 2.53785e-11 -2.06608e-07 0.996328 -2.72544e-06 2.43035e-06 -3.97146e-10 2.72544e-06 0.992656
1.3 0.000248794 0.00399506 -9.25187e-07 -1.38702e-13 9.70199e-09 -9.25186e-07 0.00398039 8.25453e-10 -9.9325e-13 1.18991e-13 -8.25453e-10 0.00398039 -1.27789e-08 9.70942e-09 -1.86209e-12 1.27789e-08 0.00396572 -0.000231583 -3.47185e-11 2.42849e-06 -0.000231582 0.996327 2.06618e-07 -2.48619e-10 2.97845e-11 -2.06618e-07 0.996327 -3.19868e-06 2.43036e-06 -4.66097e-10 3.19867e-06 0.992656
1.4 0.000267929 0.00399484 -1.07295e-06 -1.60868e-13 9.70144e-09 -1.07295e-06 0.00398017 8.25453e-10 -1.15186e-12 1.37997e-13 -8.25453e-10 0.00398017 -1.48201e-08 9.70891e-09 -2.15948e-12 1.48201e-08 0.0039655 -0.000268585 -4.02689e-11 2.42849e-06 -0.000268584 0.996327 2.0663e-07 -2.88337e-10 3.45439e-11 -2.0663e-07 0.996327 -3.7098e-06 2.43036e-06 -5.40566e-10 3.7098e-06 0.992656
1.5 0.000287062 0.00399461 -1.23165e-06 -1.84677e-13 9.70086e-09 -1.23165e-06 0.00397994 8.25453e-10 -1.3222e-12 1.58409e-13 -8.25453e-10 0.00397994 -1.70123e-08 9.70835e-09 -2.47886e-12 1.70123e-08 0.00396527 -0.000308328 -4.62316e-11 2.42849e-06 -0.000308328 0.996327 2.06642e-07 -3.30996e-10 3.96556e-11 -2.06642e-07 0.996327 -4.25881e-06 2.43036e-06 -6.20551e-10 4.25881e-06 0.992655
1.6 0.000306195 0.00399436 -1.40128e-06 -2.10132e-13 9.70023e-09 -1.40128e-06 0.00397969 8.25453e-10 -1.50426e-12 1.80226e-13 -8.25453e-10 0.00397969 -1.93555e-08 9.70775e-09 -2.82023e-12 1.93555e-08 0.00396502 -0.000350815 -5.26071e-11 2.42848e-06 -0.000350814 0.996327 2.06655e-07 -3.76597e-10 4.51203e-11 -2.06655e-07 0.996327 -4.84572e-06 2.43037e-06 -7.06054e-10 4.84571e-06 0.992655
1.7 0.000325327 0.00399409 -1.58183e-06 -2.37231e-13 9.69957e-09 -1.58183e-06 0.00397942 8.25453e-10 -1.69804e-12 2.03448e-13 -8.25453e-10 0.00397942 -2.18498e-08 9.70712e-09 -3.18359e-12 2.18497e-08 0.00396475 -0.000396043 -5.93955e-11 2.42848e-06 -0.000396043 0.996327 2.06668e-07 -4.25138e-10 5.09373e-11 -2.06668e-07 0.996327 -5.47053e-06 2.43037e-06 -7.97075e-10 5.47052e-06 0.992655
1.8 0.000344457 0.00399381 -1.77331e-06 -2.65974e-13 9.69886e-09 -1.77331e-06 0.00397914 8.25452e-10 -1.90353e-12 2.28074e-13 -8.25452e-10 0.00397914 -2.4495e-08 9.70645e-09 -3.56892e-12 2.44949e-08 0.00396447 -0.000444014 -6.65965e-11 2.42848e-06 -0.000444014 0.996327 2.06683e-07 -4.7662e-10 5.71069e-11 -2.06683e-07 0.996326 -6.13324e-06 2.43038e-06 -8.93613e-10 6.13323e-06 0.992655
1.9 0.000363587 0.00399351 -1.9757e-06 -2.96364e-13 9.69812e-09 -1.9757e-06 0.00397884 8.25452e-10 -2.12072e-12 2.54106e-13 -8.25452e-10 0.00397884 -2.72911e-08 9.70574e-09 -3.97621e-12 2.72911e-08 0.00396417 -0.000494729 -7.42115e-11 2.42847e-06 -0.000494728 0.996326 2.06699e-07 -5.31043e-10 6.36299e-11 -2.06699e-07 0.996326 -6.83387e-06 2.43038e-06 -9.9567e-10 6.83386e-06 0.992654
2 0.000382716 0.00399319 -2.18901e-06 -3.28398e-13 9.69733e-09 -2.18901e-06 0.00397852 8.25452e-10 -2.34962e-12 2.81542e-13 -8.25452e-10 0.00397852 -3.02381e-08 9.70499e-09 -4.40547e-12 3.02381e-08 0.00396386 -0.000548186 -8.22394e-11 2.42847e-06 -0.000548186 0.996326 2.06715e-07 -5.88407e-10 7.05055e-11 -2.06715e-07 0.996326 -7.57242e-06 2.43039e-06 -1.10324e-09 7.57241e-06 0.992654
2.1 0.000401843 0.00399286 -2.41323e-06 -3.62081e-13 9.69651e-09 -2.41323e-06 0.00397819 8.25451e-10 -2.59021e-12 3.10381e-13 -8.25451e-10 0.00397819 -3.3336e-08 9.70421e-09 -4.85667e-12 3.3336e-08 0.00396353 -0.000604387 -9.06822e-11 2.42846e-06 -0.000604387 0.996326 2.06732e-07 -6.4871e-10 7.7734e-11 -2.06732e-07 0.996326 -8.34891e-06 2.43039e-06 -1.21634e-09 8.34889e-06 0.992654
2.2 0.000420969 0.00399251 -2.64836e-06 -3.97411e-13 9.69564e-09 -2.64836e-06 0.00397784 8.25451e-10 -2.84248e-12 3.40624e-13 -8.25451e-10 0.00397784 -3.65847e-08 9.70338e-09 -5.3298e-12 3.65846e-08 0.00396318 -0.000663332 -9.95391e-11 2.42846e-06 -0.000663332 0.996326 2.0675e-07 -7.11954e-10 8.53156e-11 -2.0675e-07 0.996325 -9.16333e-06 2.4304e-06 -1.33495e-09 9.16332e-06 0.992653
2.3 0.000440094 0.00399215 -2.89439e-06 -4.34388e-13 9.69474e-09 -2.89439e-06 0.00397748 8.25451e-10 -3.10644e-12 3.72268e-13 -8.25451e-10 0.00397748 -3.99841e-08 9.70252e-09 -5.82487e-12 3.99841e-08 0.00396282 -0.000725022 -1.08811e-10 2.42845e-06 -0.000725021 0.996325 2.06769e-07 -7.78137e-10 9.32501e-11 -2.06769e-07 0.996325 -1.00157e-05 2.4304e-06 -1.45908e-09 1.00157e-05 0.992653
2.4 0.000459218 0.00399177 -3.15132e-06 -4.73014e-13 9.69379e-09 -3.15132e-06 0.0039771 8.2545e-10 -3.38206e-12 4.05314e-13 -8.2545e-10 0.0039771 -4.35343e-08 9.70162e-09 -6.34185e-12 4.35342e-08 0.00396244 -0.000789456 -1.18497e-10 2.42845e-06 -0.000789455 0.996325 2.06788e-07 -8.4726e-10 1.01537e-10 -2.06788e-07 0.996325 -1.0906e-05 2.43041e-06 -1.58873e-09 1.0906e-05 0.992652
2.5 0.00047834 0.00399137 -3.41915e-06 -5.13289e-13 9.6928e-09 -3.41914e-06 0.0039767 8.2545e-10 -3.66936e-12 4.39762e-13 -8.2545e-10 0.0039767 -4.72352e-08 9.70068e-09 -6.88074e-12 4.72351e-08 0.00396204 -0.000856635 -1.286e-10 2.42844e-06 -0.000856634 0.996325 2.06809e-07 -9.19323e-10 1.10178e-10 -2.06809e-07 0.996324 -1.18343e-05 2.43041e-06 -1.7239e-09 1.18343e-05 0.992652
2.6 0.000497461 0.00399096 -3.69786e-06 -5.55214e-13 9.69178e-09 -3.69785e-06 0.00397629 8.25449e-10 -3.9683e-12 4.75611e-13 -8.25449e-10 0.00397629 -5.10866e-08 9.69971e-09 -7.44152e-12 5.10865e-08 0.00396163 -0.000926559 -1.39118e-10 2.42843e-06 -0.000926558 0.996325 2.0683e-07 -9.94324e-10 1.19172e-10 -2.0683e-07 0.996324 -1.28006e-05 2.43042e-06 -1.8646e-09 1.28006e-05 0.992651
2.7 0.00051658 0.00399053 -3.98745e-06 -5.9879e-13 9.69071e-09 -3.98745e-06 0.00397586 8.25449e-10 -4.2789e-12 5.12858e-13 -8.25449e-10 0.00397586 -5.50887e-08 9.69869e-09 -8.02418e-12 5.50886e-08 0.0039612 -0.00099923 -1.50053e-10 2.42843e-06 -0.000999229 0.996324 2.06852e-07 -1.07226e-09 1.28519e-10 -2.06852e-07 0.996324 -1.38049e-05 2.43043e-06 -2.01081e-09 1.38048e-05 0.992651
2.8 0.000535698 0.00399008 -4.28793e-06 -6.44016e-13 9.6896e-09 -4.28792e-06 0.00397541 8.25448e-10 -4.60113e-12 5.51508e-13 -8.25448e-10 0.00397541 -5.92412e-08 9.69764e-09 -8.62871e-12 5.92411e-08 0.00396076 -0.00107465 -1.61404e-10 2.42842e-06 -0.00107465 0.996324 2.06875e-07 -1.15314e-09 1.3822e-10 -2.06875e-07 0.996323 -1.48471e-05 2.43044e-06 -2.16254e-09 1.48471e-05 0.99265
2.9 0.000554814 0.00398962 -4.59927e-06 -6.90895e-13 9.68846e-09 -4.59927e-06 0.00397495 8.25448e-10 -4.935e-12 5.91553e-13 -8.25447e-10 0.00397495 -6.35442e-08 9.69655e-09 -9.2551e-12 6.35441e-08 0.0039603 -0.00115281 -1.73173e-10 2.42842e-06 -0.00115281 0.996324 2.06899e-07 -1.23696e-09 1.48273e-10 -2.06899e-07 0.996323 -1.59274e-05 2.43044e-06 -2.31979e-09 1.59274e-05 0.99265
3 0.000573928 0.00398914 -4.92148e-06 -7.39427e-13 9.68727e-09 -4.92148e-06 0.00397448 8.25447e-10 -5.28049e-12 6.32998e-13 -8.25447e-10 0.00397447 -6.79977e-08 9.69542e-09 -9.90333e-12 6.79975e-08 0.00395982 -0.00123372 -1.8536e-10 2.42841e-06 -0.00123372 0.996323 2.06923e-07 -1.32371e-09 1.5868e-10 -2.06923e-07 0.996322 -1.70457e-05 2.43045e-06 -2.48257e-09 1.70456e-05 0.992649
3.1 0.00059304 0.00398865 -5.25456e-06 -7.89612e-13 9.68604e-09 -5.25455e-06 0.00397398 8.25446e-10 -5.63758e-12 6.75838e-13 -8.25446e-10 0.00397398 -7.26014e-08 9.69425e-09 -1.05734e-11 7.26013e-08 0.00395933 -0.00131738 -1.97965e-10 2.4284e-06 -0.00131738 0.996323 2.06949e-07 -1.41341e-09 1.6944e-10 -2.06949e-07 0.996322 -1.8202e-05 2.43046e-06 -2.65087e-09 1.8202e-05 0.992649
3.2 0.000612151 0.00398814 -5.59849e-06 -8.41453e-13 9.68478e-09 -5.59848e-06 0.00397347 8.25446e-10 -6.00628e-12 7.20078e-13 -8.25445e-10 0.00397347 -7.73555e-08 9.69304e-09 -1.12653e-11 7.73553e-08 0.00395882 -0.00140378 -2.10989e-10 2.42839e-06 -0.00140378 0.996323 2.06975e-07 -1.50604e-09 1.80555e-10 -2.06975e-07 0.996322 -1.93964e-05 2.43047e-06 -2.82469e-09 1.93963e-05 0.992648
3.3 0.00063126 0.00398762 -5.95326e-06 -8.94949e-13 9.68347e-09 -5.95326e-06 0.00397295 8.25445e-10 -6.38657e-12 7.65712e-13 -8.25445e-10 0.00397295 -8.22597e-08 9.6918e-09 -1.19789e-11 8.22596e-08 0.0039583 -0.00149294 -2.24432e-10 2.42839e-06 -0.00149294 0.996322 2.07002e-07 -1.6016e-09 1.92023e-10 -2.07002e-07 0.996321 -2.06288e-05 2.43047e-06 -3.00403e-09 2.06288e-05 0.992647
3.4 0.000650367 0.00398707 -6.31888e-06 -9.50102e-13 9.68212e-09 -6.31888e-06 0.00397241 8.25444e-10 -6.77844e-12 8.12741e-13 -8.25444e-10 0.0039724 -8.73141e-08 9.69052e-09 -1.27144e-11 8.7314e-08 0.00395776 -0.00158484 -2.38296e-10 2.42838e-06 -0.00158484 0.996322 2.0703e-07 -1.7001e-09 2.03844e-10 -2.0703e-07 0.996321 -2.18993e-05 2.43048e-06 -3.1889e-09 2.18993e-05 0.992647
3.5 0.000669472 0.00398652 -6.69533e-06 -1.00691e-12 9.68074e-09 -6.69533e-06 0.00397185 8.25443e-10 -7.18188e-12 8.61164e-13 -8.25443e-10 0.00397185 -9.25186e-08 9.6892e-09 -1.34716e-11 9.25185e-08 0.0039572 -0.0016795 -2.52579e-10 2.42837e-06 -0.00167949 0.996321 2.07059e-07 -1.80154e-09 2.16019e-10 -2.07059e-07 0.99632 -2.32079e-05 2.43049e-06 -3.37929e-09 2.32078e-05 0.992646
3.6 0.000688575 0.00398594 -7.08262e-06 -1.06538e-12 9.67931e-09 -7.08261e-06 0.00397128 8.25442e-10 -7.59688e-12 9.1098e-13 -8.25442e-10 0.00397127 -9.78731e-08 9.68784e-09 -1.42506e-11 9.78729e-08 0.00395663 -0.0017769 -2.67284e-10 2.42836e-06 -0.0017769 0.996321 2.07088e-07 -1.90592e-09 2.28548e-10 -2.07088e-07 0.996319 -2.45546e-05 2.4305e-06 -3.57521e-09 2.45545e-05 0.992645
3.7 0.000707676 0.00398535 -7.48072e-06 -1.1255e-12 9.67784e-09 -7.48071e-06 0.00397069 8.25441e-10 -8.02343e-12 9.62189e-13 -8.25441e-10 0.00397068 -1.03378e-07 9.68644e-09 -1.50513e-11 1.03377e-07 0.00395604 -0.00187705 -2.8241e-10 2.42835e-06 -0.00187705 0.996321 2.07119e-07 -2.01323e-09 2.41431e-10 -2.07119e-07 0.996319 -2.59394e-05 2.43051e-06 -3.77665e-09 2.59393e-05 0.992645
3.8 0.000726775 0.00398475 -7.88963e-06 -1.18729e-12 9.67634e-09 -7.88963e-06 0.00397008 8.2544e-10 -8.46151e-12 1.01479e-12 -8.2544e-10 0.00397007 -1.09032e-07 9.68501e-09 -1.58737e-11 1.09032e-07 0.00395543 -0.00197996 -2.97959e-10 2.42834e-06 -0.00197996 0.99632 2.0715e-07 -2.12348e-09 2.54668e-10 -2.0715e-07 0.996318 -2.73623e-05 2.43052e-06 -3.98361e-09 2.73623e-05 0.992644
3.9 0.000745871 0.00398412 -8.30936e-06 -1.25074e-12 9.67479e-09 -8.30935e-06 0.00396946 8.25439e-10 -8.91111e-12 1.06878e-12 -8.25439e-10 0.00396945 -1.14836e-07 9.68353e-09 -1.67178e-11 1.14836e-07 0.00395481 -0.00208562 -3.13931e-10 2.42834e-06 -0.00208561 0.99632 2.07182e-07 -2.23666e-09 2.68259e-10 -2.07182e-07 0.996318 -2.88234e-05 2.43053e-06 -4.19611e-09 2.88233e-05 0.992643
4 0.000764965 0.00398349 -8.73988e-06 -1.31585e-12 9.6732e-09 -8.73987e-06 0.00396882 8.25438e-10 -9.37223e-12 1.12416e-12 -8.25438e-10 0.00396881 -1.2079e-07 9.68202e-09 -1.75836e-11 1.2079e-07 0.00395418 -0.00219403 -3.30326e-10 2.42833e-06 -0.00219403 0.996319 2.07215e-07 -2.35277e-09 2.82205e-10 -2.07215e-07 0.996317 -3.03226e-05 2.43054e-06 -4.41412e-09 3.03226e-05 0.992642
4.1 0.000784057 0.00398283 -9.18119e-06 -1.38262e-12 9.67158e-09 -9.18118e-06 0.00396817 8.25437e-10 -9.84484e-12 1.18093e-12 -8.25436e-10 0.00396816 -1.26893e-07 9.68048e-09 -1.84711e-11 1.26893e-07 0.00395352 -0.00230519 -3.47146e-10 2.42832e-06 -0.00230519 0.996319 2.07249e-07 -2.47182e-09 2.96504e-10 -2.07249e-07 0.996316 -3.18601e-05 2.43055e-06 -4.63767e-09 3.186e-05 0.992641
4.2 0.000803147 0.00398216 -9.63328e-06 -1.45106e-12 9.66991e-09 -9.63327e-06 0.0039675 8.25436e-10 -1.03289e-11 1.23908e-12 -8.25435e-10 0.00396749 -1.33146e-07 9.67889e-09 -1.93802e-11 1.33146e-07 0.00395285 -0.00241911 -3.64391e-10 2.42831e-06 -0.00241911 0.996318 2.07283e-07 -2.5938e-09 3.11158e-10 -2.07283e-07 0.996315 -3.34357e-05 2.43056e-06 -4.86674e-09 3.34356e-05 0.99264
4.3 0.000822234 0.00398148 -1.00961e-05 -1.52117e-12 9.6682e-09 -1.00961e-05 0.00396681 8.25434e-10 -1.08245e-11 1.29862e-12 -8.25434e-10 0.0039668 -1.39549e-07 9.67726e-09 -2.03109e-11 1.39548e-07 0.00395217 -0.00253578 -3.82061e-10 2.4283e-06 -0.00253578 0.996318 2.07319e-07 -2.71871e-09 3.26167e-10 -2.07319e-07 0.996315 -3.50495e-05 2.43057e-06 -5.10135e-09 3.50494e-05 0.992639
4.4 0.000841318 0.00398077 -1.05698e-05 -1.59294e-12 9.66646e-09 -1.05698e-05 0.00396611 8.25433e-10 -1.13315e-11 1.35955e-12 -8.25432e-10 0.0039661 -1.46101e-07 9.6756e-09 -2.12632e-11 1.461e-07 0.00395147 -0.00265521 -4.00158e-10 2.42829e-06 -0.0026552 0.996317 2.07355e-07 -2.84656e-09 3.41529e-10 -2.07355e-07 0.996314 -3.67016e-05 2.43058e-06 -5.34148e-09 3.67015e-05 0.992638
4.5 0.0008604 0.00398005 -1.10542e-05 -1.66638e-12 9.66467e-09 -1.10542e-05 0.0039654 8.25431e-10 -1.185e-11 1.42186e-12 -8.25431e-10 0.00396538 -1.52802e-07 9.6739e-09 -2.22371e-11 1.52801e-07 0.00395075 -0.00277739 -4.18682e-10 2.42828e-06 -0.00277739 0.996317 2.07392e-07 -2.97734e-09 3.57247e-10 -2.07392e-07 0.996313 -3.83919e-05 2.4306e-06 -5.58714e-09 3.83918e-05 0.992637
4.6 0.00087948 0.00397932 -1.15493e-05 -1.74149e-12 9.66285e-09 -1.15493e-05 0.00396466 8.2543e-10 -1.23799e-11 1.48556e-12 -8.25429e-10 0.00396465 -1.59652e-07 9.67216e-09 -2.32326e-11 1.59652e-07 0.00395002 -0.00290233 -4.37634e-10 2.42827e-06 -0.00290233 0.996316 2.0743e-07 -3.11105e-09 3.73319e-10 -2.0743e-07 0.996312 -4.01204e-05 2.43061e-06 -5.83833e-09 4.01204e-05 0.992636
4.7 0.000898556 0.00397857 -1.20552e-05 -1.81827e-12 9.66098e-09 -1.20552e-05 0.00396391 8.25428e-10 -1.29212e-11 1.55064e-12 -8.25427e-10 0.00396389 -1.66651e-07 9.67039e-09 -2.42496e-11 1.66651e-07 0.00394927 -0.00303003 -4.57015e-10 2.42825e-06 -0.00303002 0.996316 2.07468e-07 -3.24769e-09 3.89747e-10 -2.07468e-07 0.996311 -4.18873e-05 2.43062e-06 -6.09505e-09 4.18872e-05 0.992635
4.8 0.00091763 0.0039778 -1.25718e-05 -1.89672e-12 9.65908e-09 -1.25718e-05 0.00396315 8.25426e-10 -1.34739e-11 1.61709e-12 -8.25425e-10 0.00396313 -1.738e-07 9.66857e-09 -2.52881e-11 1.738e-07 0.0039485 -0.00316048 -4.76825e-10 2.42824e-06 -0.00316048 0.996315 2.07508e-07 -3.38727e-09 4.06529e-10 -2.07508e-07 0.99631 -4.36924e-05 2.43063e-06 -6.3573e-09 4.36924e-05 0.992634
4.9 0.000936701 0.00397702 -1.30991e-05 -1.97684e-12 9.65713e-09 -1.30991e-05 0.00396237 8.25424e-10 -1.4038e-11 1.68493e-12 -8.25424e-10 0.00396234 -1.81097e-07 9.66672e-09 -2.63481e-11 1.81097e-07 0.00394772 -0.0032937 -4.97065e-10 2.42823e-06 -0.00329369 0.996315 2.07548e-07 -3.52977e-09 4.23666e-10 -2.07548e-07 0.996309 -4.55359e-05 2.43064e-06 -6.62508e-09 4.55358e-05 0.992633
5 0.00095577 0.00397622 -1.36371e-05 -2.05864e-12 9.65515e-09 -1.36371e-05 0.00396157 8.25423e-10 -1.46134e-11 1.75415e-12 -8.25421e-10 0.00396155 -1.88544e-07 9.66483e-09 -2.74296e-11 1.88543e-07 0.00394693 -0.00342967 -5.17737e-10 2.42822e-06 -0.00342967 0.996314 2.0759e-07 -3.6752e-09 4.41159e-10 -2.07589e-07 0.996308 -4.74177e-05 2.43066e-06 -6.8984e-09 4.74176e-05 0.992632
5.1 0.000974835 0.00397541 -1.41859e-05 -2.14211e-12 9.65313e-09 -1.41859e-05 0.00396076 8.25421e-10 -1.52002e-11 1.82474e-12 -8.25419e-10 0.00396073 -1.96138e-07 9.66291e-09 -2.85325e-11 1.96138e-07 0.00394611 -0.0035684 -5.38841e-10 2.42821e-06 -0.0035684 0.996313 2.07632e-07 -3.82356e-09 4.59007e-10 -2.07631e-07 0.996307 -4.93379e-05 2.43067e-06 -7.17725e-09 4.93378e-05 0.99263
5.2 0.000993897 0.00397458 -1.47453e-05 -2.22726e-12 9.65106e-09 -1.47453e-05 0.00395993 8.25418e-10 -1.57984e-11 1.89671e-12 -8.25417e-10 0.0039599 -2.03882e-07 9.66094e-09 -2.96569e-11 2.03882e-07 0.00394528 -0.0037099 -5.60377e-10 2.4282e-06 -0.00370989 0.996313 2.07674e-07 -3.97485e-09 4.7721e-10 -2.07674e-07 0.996306 -5.12965e-05 2.43068e-06 -7.46163e-09 5.12964e-05 0.992629
5.3 0.00101296 0.00397374 -1.53154e-05 -2.31409e-12 9.64896e-09 -1.53154e-05 0.00395908 8.25416e-10 -1.64078e-11 1.97005e-12 -8.25415e-10 0.00395905 -2.11774e-07 9.65894e-09 -3.08026e-11 2.11774e-07 0.00394444 -0.00385415 -5.82347e-10 2.42818e-06 -0.00385415 0.996312 2.07718e-07 -4.12907e-09 4.95769e-10 -2.07718e-07 0.996305 -5.32934e-05 2.4307e-06 -7.75155e-09 5.32933e-05 0.992628
5.4 0.00103201 0.00397287 -1.58962e-05 -2.4026e-12 9.64682e-09 -1.58961e-05 0.00395822 8.25414e-10 -1.70286e-11 2.04477e-12 -8.25412e-10 0.00395819 -2.19815e-07 9.6569e-09 -3.19697e-11 2.19814e-07 0.00394358 -0.00400117 -6.04752e-10 2.42817e-06 -0.00400117 0.996312 2.07762e-07 -4.28622e-09 5.14683e-10 -2.07762e-07 0.996304 -5.53288e-05 2.43071e-06 -8.04701e-09 5.53287e-05 0.992626
5.5 0.00105107 0.003972 -1.64876e-05 -2.4928e-12 9.64464e-09 -1.64876e-05 0.00395734 8.25412e-10 -1.76606e-11 2.12086e-12 -8.2541e-10 0.00395731 -2.28003e-07 9.65482e-09 -3.31582e-11 2.28003e-07 0.0039427 -0.00415096 -6.27593e-10 2.42816e-06 -0.00415095 0.996311 2.07808e-07 -4.44629e-09 5.33953e-10 -2.07807e-07 0.996302 -5.74027e-05 2.43072e-06 -8.348e-09 5.74026e-05 0.992625
5.6 0.00107012 0.0039711 -1.70897e-05 -2.58467e-12 9.64241e-09 -1.70897e-05 0.00395645 8.25409e-10 -1.8304e-11 2.19832e-12 -8.25407e-10 0.00395641 -2.3634e-07 9.65271e-09 -3.4368e-11 2.3634e-07 0.00394181 -0.00430351 -6.50869e-10 2.42814e-06 -0.0043035 0.99631 2.07854e-07 -4.60929e-09 5.53579e-10 -2.07853e-07 0.996301 -5.9515e-05 2.43074e-06 -8.65452e-09 5.95149e-05 0.992623
5.7 0.00108916 0.00397019 -1.77024e-05 -2.67823e-12 9.64015e-09 -1.77024e-05 0.00395554 8.25406e-10 -1.89585e-11 2.27715e-12 -8.25405e-10 0.0039555 -2.44825e-07 9.65055e-09 -3.55991e-11 2.44825e-07 0.0039409 -0.00445882 -6.74583e-10 2.42813e-06 -0.00445882 0.99631 2.07901e-07 -4.77521e-09 5.73561e-10 -2.079e-07 0.9963 -6.16658e-05 2.43075e-06 -8.96659e-09 6.16657e-05 0.992622
5.8 0.00110821 0.00396927 -1.83257e-05 -2.77347e-12 9.63785e-09 -1.83257e-05 0.00395462 8.25404e-10 -1.96243e-11 2.35735e-12 -8.25402e-10 0.00395458 -2.53458e-07 9.64836e-09 -3.68515e-11 2.53458e-07 0.00393998 -0.0046169 -6.98736e-10 2.42812e-06 -0.00461689 0.996309 2.07948e-07 -4.94406e-09 5.93899e-10 -2.07948e-07 0.996298 -6.38551e-05 2.43077e-06 -9.28419e-09 6.3855e-05 0.99262
5.9 0.00112725 0.00396833 -1.89597e-05 -2.8704e-12 9.63551e-09 -1.89597e-05 0.00395368 8.25401e-10 -2.03013e-11 2.43891e-12 -8.25399e-10 0.00395363 -2.62239e-07 9.64613e-09 -3.81251e-11 2.62239e-07 0.00393904 -0.00477775 -7.23328e-10 2.4281e-06 -0.00477774 0.996308 2.07997e-07 -5.11584e-09 6.14594e-10 -2.07997e-07 0.996297 -6.6083e-05 2.43078e-06 -9.60733e-09 6.60829e-05 0.992618
6 0.00172656 0.00396737 -1.96042e-05 -2.96902e-12 9.63314e-09 -1.96042e-05 0.00395272 8.25398e-10 -2.09895e-11 2.52184e-12 -8.25395e-10 0.00395268 -2.71168e-07 9.64387e-09 -3.94199e-11 2.71167e-07 0.00393808 -0.00494136 -7.4836e-10 2.42809e-06 -0.00494136 0.996308 2.08046e-07 -5.29053e-09 6.35645e-10 -2.08046e-07 0.996296 -6.83494e-05 2.43079e-06 -9.93602e-09 6.83493e-05 0.992616
6.2 0.00236869 0.00396541 -2.09251e-05 -3.17134e-12 9.62826e-09 -2.09251e-05 0.00395076 8.25391e-10 -2.23994e-11 2.69179e-12 -8.25389e-10 0.00395071 -2.89468e-07 9.63922e-09 -4.2073e-11 2.89467e-07 0.00393612 -0.0052769 -7.9975e-10 2.42806e-06 -0.0052769 0.996306 2.08148e-07 -5.6487e-09 6.78816e-10 -2.08147e-07 0.996292 -7.29981e-05 2.43083e-06 -1.061e-08 7.2998e-05 0.992613
6.4 0.00244479 0.00396339 -2.22882e-05 -3.38043e-12 9.62323e-09 -2.22882e-05 0.00394874 8.25384e-10 -2.38539e-11 2.86717e-12 -8.25381e-10 0.00394868 -3.08357e-07 9.63443e-09 -4.48107e-11 3.08356e-07 0.00393409 -0.00562352 -8.52913e-10 2.42803e-06 -0.00562352 0.996305 2.08252e-07 -6.01855e-09 7.23415e-10 -2.08251e-07 0.996289 -7.78013e-05 2.43086e-06 -1.13062e-08 7.78012e-05 0.992609
6.6 0.00252085 0.0039613 -2.36935e-05 -3.5963e-12 9.61804e-09 -2.36935e-05 0.00394666 8.25377e-10 -2.53527e-11 3.04799e-12 -8.25374e-10 0.00394659 -3.27835e-07 9.62949e-09 -4.76326e-11 3.27834e-07 0.00393201 -0.00598124 -9.07859e-10 2.428e-06 -0.00598123 0.996303 2.0836e-07 -6.40009e-09 7.69442e-10 -2.08359e-07 0.996285 -8.27593e-05 2.43089e-06 -1.20245e-08 8.27592e-05 0.992605
6.8 0.00259689 0.00395915 -2.51408e-05 -3.81898e-12 9.61269e-09 -2.51408e-05 0.00394451 8.25369e-10 -2.68957e-11 3.23423e-12 -8.25365e-10 0.00394443 -3.479e-07 9.62439e-09 -5.05386e-11 3.47899e-07 0.00392986 -0.00635006 -9.64596e-10 2.42797e-06 -0.00635005 0.996302 2.08471e-07 -6.7933e-09 8.16899e-10 -2.0847e-07 0.996282 -8.78723e-05 2.43092e-06 -1.2765e-08 8.78721e-05 0.9926
7 0.00267289 0.00395694 -2.66301e-05 -4.04848e-12 9.60719e-09 -2.66301e-05 0.0039423 8.2536e-10 -2.84828e-11 3.42587e-12 -8.25356e-10 0.00394221 -3.68551e-07 9.61915e-09 -5.35284e-11 3.6855e-07 0.00392764 -0.00672998 -1.02313e-09 2.42793e-06 -0.00672998 0.9963 2.08585e-07 -7.19818e-09 8.65787e-10 -2.08584e-07 0.996278 -9.31404e-05 2.43096e-06 -1.35277e-08 9.31403e-05 0.992596
7.2 0.00274886 0.00395467 -2.81613e-05 -4.2848e-12 9.60154e-09 -2.81612e-05 0.00394003 8.25351e-10 -3.01137e-11 3.62289e-12 -8.25346e-10 0.00393993 -3.89788e-07 9.61376e-09 -5.66016e-11 3.89787e-07 0.00392536 -0.00712102 -1.08348e-09 2.4279e-06 -0.00712102 0.996299 2.08703e-07 -7.61473e-09 9.16106e-10 -2.08702e-07 0.996273 -9.8564e-05 2.43099e-06 -1.43126e-08 9.85638e-05 0.992591
7.4 0.0028248 0.00395233 -2.97341e-05 -4.52798e-12 9.59572e-09 -2.97341e-05 0.00393769 8.2534e-10 -3.17884e-11 3.8253e-12 -8.25335e-10 0.00393758 -4.11608e-07 9.60822e-09 -5.97581e-11 4.11608e-07 0.00392302 -0.0075232 -1.14565e-09 2.42787e-06 -0.00752319 0.996297 2.08824e-07 -8.04294e-09 9.67859e-10 -2.08822e-07 0.996269 -0.000104143 2.43103e-06 -1.51197e-08 0.000104143 0.992585
7.6 0.00290071 0.00394993 -3.13486e-05 -4.77801e-12 9.58976e-09 -3.13486e-05 0.0039353 8.25329e-10 -3.35065e-11 4.03306e-12 -8.25323e-10 0.00393517 -4.34012e-07 9.60253e-09 -6.29976e-11 4.34011e-07 0.00392062 -0.0079365 -1.20964e-09 2.42783e-06 -0.00793649 0.996295 2.08948e-07 -8.48281e-09 1.02105e-09 -2.08946e-07 0.996264 -0.000109878 2.43106e-06 -1.5949e-08 0.000109878 0.99258
7.8 0.00297657 0.00394747 -3.30046e-05 -5.03491e-12 9.58364e-09 -3.30046e-05 0.00393284 8.25318e-10 -3.52679e-11 4.24617e-12 -8.25311e-10 0.0039327 -4.56997e-07 9.5967e-09 -6.63197e-11 4.56996e-07 0.00391815 -0.00836095 -1.27548e-09 2.42779e-06 -0.00836094 0.996293 2.09075e-07 -8.93432e-09 1.07567e-09 -2.09074e-07 0.996258 -0.00011577 2.4311e-06 -1.68006e-08 0.000115769 0.992574
8 0.00305241 0.00394494 -3.47019e-05 -5.29871e-12 9.57736e-09 -3.47019e-05 0.00393032 8.25305e-10 -3.70725e-11 4.46462e-12 -8.25298e-10 0.00393016 -4.80563e-07 9.59072e-09 -6.97243e-11 4.80562e-07 0.00391562 -0.00879656 -1.34317e-09 2.42775e-06 -0.00879655 0.996292 2.09206e-07 -9.39747e-09 1.13173e-09 -2.09204e-07 0.996253 -0.000121817 2.43114e-06 -1.76743e-08 0.000121817 0.992568
8.2 0.0031282 0.00394236 -3.64405e-05 -5.56942e-12 9.57093e-09 -3.64405e-05 0.00392773 8.25292e-10 -3.892e-11 4.68837e-12 -8.25284e-10 0.00392756 -5.04708e-07 9.58459e-09 -7.32109e-11 5.04707e-07 0.00391303 -0.00924333 -1.41271e-09 2.42772e-06 -0.00924332 0.99629 2.0934e-07 -9.87226e-09 1.18923e-09 -2.09337e-07 0.996247 -0.000128022 2.43118e-06 -1.85703e-08 0.000128022 0.992561
8.4 0.00320396 0.00393971 -3.82202e-05 -5.84705e-12 9.56434e-09 -3.82202e-05 0.00392509 8.25277e-10 -4.08102e-11 4.91743e-12 -8.25268e-10 0.0039249 -5.2943e-07 9.57831e-09 -7.67794e-11 5.29429e-07 0.00391038 -0.00970128 -1.48413e-09 2.42768e-06 -0.00970127 0.996288 2.09477e-07 -1.03587e-08 1.24817e-09 -2.09474e-07 0.996241 -0.000134383 2.43122e-06 -1.94886e-08 0.000134383 0.992554
8.6 0.00327968 0.003937 -4.0041e-05 -6.13161e-12 9.55761e-09 -4.00409e-05 0.00392238 8.25262e-10 -4.27429e-11 5.15177e-12 -8.25252e-10 0.00392218 -5.5473e-07 9.57188e-09 -8.04293e-11 5.54729e-07 0.00390766 -0.0101704 -1.55743e-09 2.42763e-06 -0.0101704 0.996286 2.09617e-07 -1.08567e-08 1.30855e-09 -2.09614e-07 0.996234 -0.000140901 2.43126e-06 -2.04291e-08 0.000140901 0.992547
8.8 0.00335535 0.00393423 -4.19025e-05 -6.42314e-12 9.55072e-09 -4.19025e-05 0.00391961 8.25246e-10 -4.47179e-11 5.39138e-12 -8.25235e-10 0.00391939 -5.80604e-07 9.56531e-09 -8.41604e-11 5.80603e-07 0.00390488 -0.0106507 -1.63263e-09 2.42759e-06 -0.0106507 0.996284 2.0976e-07 -1.13664e-08 1.37038e-09 -2.09757e-07 0.996227 -0.000147577 2.4313e-06 -2.13918e-08 0.000147577 0.992539
9 0.00343099 0.0039314 -4.38048e-05 -6.72164e-12 9.54367e-09 -4.38047e-05 0.00391678 8.25229e-10 -4.6735e-11 5.63624e-12 -8.25217e-10 0.00391654 -6.07052e-07 9.5586e-09 -8.79724e-11 6.07051e-07 0.00390204 -0.0111423 -1.70973e-09 2.42755e-06 -0.0111423 0.996282 2.09907e-07 -1.18876e-08 1.43365e-09 -2.09904e-07 0.996219 -0.000154411 2.43134e-06 -2.23768e-08 0.000154411 0.992531
9.2 0.00350659 0.00392851 -4.57476e-05 -7.02713e-12 9.53648e-09 -4.57476e-05 0.00391389 8.2521e-10 -4.87939e-11 5.88633e-12 -8.25197e-10 0.00391363 -6.34073e-07 9.55173e-09 -9.18648e-11 6.34072e-07 0.00389913 -0.011645 -1.78875e-09 2.4275e-06 -0.011645 0.99628 2.10057e-07 -1.24205e-08 1.49836e-09 -2.10053e-07 0.996212 -0.000161403 2.43139e-06 -2.33841e-08 0.000161403 0.992522
9.4 0.00358214 0.00392556 -4.77309e-05 -7.33963e-12 9.52913e-09 -4.77309e-05 0.00391094 8.25191e-10 -5.08945e-11 6.14163e-12 -8.25176e-10 0.00391065 -6.61664e-07 9.54473e-09 -9.58374e-11 6.61663e-07 0.00389617 -0.012159 -1.8697e-09 2.42746e-06 -0.012159 0.996278 2.1021e-07 -1.29649e-08 1.56452e-09 -2.10206e-07 0.996203 -0.000168553 2.43143e-06 -2.44137e-08 0.000168553 0.992513
9.6 0.00365765 0.00392254 -4.97545e-05 -7.65915e-12 9.52163e-09 -4.97545e-05 0.00390793 8.2517e-10 -5.30365e-11 6.40213e-12 -8.25154e-10 0.00390762 -6.89825e-07 9.53757e-09 -9.98898e-11 6.89824e-07 0.00389314 -0.0126842 -1.9526e-09 2.42741e-06 -0.0126842 0.996275 2.10366e-07 -1.3521e-08 1.63214e-09 -2.10362e-07 0.996195 -0.000175862 2.43148e-06 -2.54656e-08 0.000175861 0.992504
9.8 0.00373311 0.00391947 -5.18182e-05 -7.98573e-12 9.51398e-09 -5.18182e-05 0.00390486 8.25148e-10 -5.52197e-11 6.66781e-12 -8.25131e-10 0.00390452 -7.18554e-07 9.53027e-09 -1.04022e-10 7.18553e-07 0.00389005 -0.0132207 -2.03745e-09 2.42737e-06 -0.0132207 0.996273 2.10526e-07 -1.40886e-08 1.7012e-09 -2.10521e-07 0.996185 -0.00018333 2.43152e-06 -2.65398e-08 0.000183329 0.992493
10 0.00380853 0.00391633 -5.39219e-05 -8.31936e-12 9.50618e-09 -5.39219e-05 0.00390173 8.25125e-10 -5.74438e-11 6.93864e-12 -8.25107e-10 0.00390136 -7.4785e-07 9.52283e-09 -1.08233e-10 7.47848e-07 0.00388689 -0.0137685 -2.12427e-09 2.42732e-06 -0.0137685 0.996271 2.10688e-07 -1.46677e-08 1.77172e-09 -2.10683e-07 0.996176 -0.000190957 2.43157e-06 -2.76362e-08 0.000190956 0.992483
10.2 0.0038839 0.00391314 -5.60655e-05 -8.66008e-12 9.49823e-09 -5.60654e-05 0.00389854 8.251e-10 -5.97085e-11 7.21462e-12 -8.25081e-10 0.00389813 -7.7771e-07 9.51524e-09 -1.12522e-10 7.77708e-07 0.00388368 -0.0143275 -2.21308e-09 2.42727e-06 -0.0143275 0.996268 2.10854e-07 -1.52585e-08 1.84369e-09 -2.10849e-07 0.996165 -0.000198743 2.43161e-06 -2.8755e-08 0.000198743 0.992472
10.4 0.00395923 0.00390988 -5.82487e-05 -9.0079e-12 9.49013e-09 -5.82487e-05 0.00389528 8.25075e-10 -6.20137e-11 7.49571e-12 -8.25053e-10 0.00389485 -8.08133e-07 9.50751e-09 -1.16891e-10 8.08131e-07 0.0038804 -0.0148978 -2.30388e-09 2.42722e-06 -0.0148978 0.996266 2.11023e-07 -1.58608e-08 1.91712e-09 -2.11017e-07 0.996155 -0.00020669 2.43166e-06 -2.98962e-08 0.000206689 0.99246
10.6 0.0040345 0.00390657 -6.04715e-05 -9.36284e-12 9.48188e-09 -6.04714e-05 0.00389197 8.25047e-10 -6.43591e-11 7.78191e-12 -8.25024e-10 0.0038915 -8.39118e-07 9.49964e-09 -1.21337e-10 8.39116e-07 0.00387707 -0.0154794 -2.39669e-09 2.42716e-06 -0.0154794 0.996264 2.11195e-07 -1.64746e-08 1.99201e-09 -2.11189e-07 0.996143 -0.000214797 2.43171e-06 -3.10596e-08 0.000214796 0.992448
10.8 0.00410973 0.00390319 -6.27336e-05 -9.72491e-12 9.47349e-09 -6.27335e-05 0.0038886 8.25019e-10 -6.67445e-11 8.07318e-12 -8.24993e-10 0.00388809 -8.70662e-07 9.49162e-09 -1.2586e-10 8.70661e-07 0.00387367 -0.0160724 -2.49153e-09 2.42711e-06 -0.0160724 0.996261 2.1137e-07 -1.71e-08 2.06835e-09 -2.11364e-07 0.996131 -0.000223064 2.43176e-06 -3.22455e-08 0.000223064 0.992435
11 0.00418491 0.00389976 -6.50349e-05 -1.00942e-11 9.46494e-09 -6.50348e-05 0.00388517 8.24989e-10 -6.91695e-11 8.36951e-12 -8.24961e-10 0.00388462 -9.02765e-07 9.48347e-09 -1.30461e-10 9.02764e-07 0.00387021 -0.0166766 -2.5884e-09 2.42706e-06 -0.0166766 0.996259 2.11549e-07 -1.77369e-08 2.14616e-09 -2.11542e-07 0.996119 -0.000231493 2.43181e-06 -3.34536e-08 0.000231492 0.992422
11.2 0.00426003 0.00389627 -6.73752e-05 -1.04706e-11 9.45624e-09 -6.73751e-05 0.00388168 8.24957e-10 -7.16339e-11 8.67088e-12 -8.24927e-10 0.00388109 -9.35425e-07 9.47517e-09 -1.35139e-10 9.35423e-07 0.00386668 -0.0172922 -2.68733e-09 2.427e-06 -0.0172922 0.996256 2.1173e-07 -1.83853e-08 2.22543e-09 -2.11723e-07 0.996106 -0.000240082 2.43186e-06 -3.46842e-08 0.000240082 0.992408
11.4 0.00433511 0.00389271 -6.97543e-05 -1.08542e-11 9.4474e-09 -6.97543e-05 0.00387813 8.24923e-10 -7.41375e-11 8.97726e-12 -8.24892e-10 0.0038775 -9.68639e-07 9.46672e-09 -1.39893e-10 9.68637e-07 0.0038631 -0.0179192 -2.78833e-09 2.42695e-06 -0.0179192 0.996253 2.11915e-07 -1.90452e-08 2.30617e-09 -2.11907e-07 0.996092 -0.000248834 2.43191e-06 -3.59371e-08 0.000248833 0.992393
11.6 0.00441013 0.0038891 -7.21722e-05 -1.1245e-11 9.43841e-09 -7.21721e-05 0.00387452 8.24888e-10 -7.668e-11 9.28864e-12 -8.24854e-10 0.00387385 -1.00241e-06 9.45814e-09 -1.44723e-10 1.0024e-06 0.00385946 -0.0185575 -2.89142e-09 2.42689e-06 -0.0185575 0.996251 2.12103e-07 -1.97166e-08 2.38838e-09 -2.12094e-07 0.996078 -0.000257747 2.43196e-06 -3.72124e-08 0.000257747 0.992378
11.8 0.0044851 0.00388543 -7.46285e-05 -1.16431e-11 9.42928e-09 -7.46284e-05 0.00387085 8.24852e-10 -7.9261e-11 9.605e-12 -8.24815e-10 0.00387013 -1.03672e-06 9.44941e-09 -1.49628e-10 1.03672e-06 0.00385575 -0.0192073 -2.9966e-09 2.42683e-06 -0.0192072 0.996248 2.12293e-07 -2.03995e-08 2.47205e-09 -2.12284e-07 0.996063 -0.000266823 2.43201e-06 -3.851e-08 0.000266823 0.992362
12 0.0139046 0.0038817 -7.71232e-05 -1.20484e-11 9.42e-09 -7.71231e-05 0.00386713 8.24813e-10 -8.18804e-11 9.9263e-12 -8.24774e-10 0.00386636 -1.07159e-06 9.44055e-09 -1.54609e-10 1.07159e-06 0.00385199 -0.0198684 -3.1039e-09 2.42677e-06 -0.0198684 0.996245 2.12487e-07 -2.10939e-08 2.5572e-09 -2.12477e-07 0.996047 -0.000276062 2.43206e-06 -3.98301e-08 0.000276062 0.992345
13 0.0246683 0.00386219 -9.01648e-05 -1.41847e-11 9.37142e-09 -9.01647e-05 0.00384763 8.24592e-10 -9.55421e-11 1.16062e-11 -8.24537e-10 0.00384658 -1.2541e-06 9.39413e-09 -1.80623e-10 1.2541e-06 0.00383226 -0.0233455 -3.6727e-09 2.42645e-06 -0.0233455 0.996231 2.13504e-07 -2.47378e-08 3.00509e-09 -2.13489e-07 0.995957 -0.000324713 2.43233e-06 -4.67669e-08 0.000324712 0.99225
14 0.0265294 0.00384125 -0.000104136 -1.65055e-11 9.31928e-09 -0.000104136 0.00382671 8.24318e-10 -1.10118e-10 1.34063e-11 -8.24243e-10 0.0038253 -1.45005e-06 9.34427e-09 -2.08446e-10 1.45005e-06 0.00381103 -0.0271099 -4.29691e-09 2.4261e-06 -0.0271099 0.996215 2.14596e-07 -2.86672e-08 3.49009e-09 -2.14576e-07 0.995846 -0.000377495 2.43261e-06 -5.42652e-08 0.000377494 0.992133
15 0.0283823 0.00381892 -0.000119011 -1.90136e-11 9.26364e-09 -0.000119011 0.0038044 8.23984e-10 -1.25569e-10 1.53234e-11 -8.23882e-10 0.00380253 -1.65918e-06 9.29102e-09 -2.38018e-10 1.65918e-06 0.00378833 -0.0311636 -4.97879e-09 2.42572e-06 -0.0311636 0.996198 2.15764e-07 -3.28808e-08 4.01249e-09 -2.15737e-07 0.99571 -0.000434463 2.43289e-06 -6.2326e-08 0.000434463 0.991991
16 0.0302266 0.00379521 -0.000134764 -2.17116e-11 9.20457e-09 -0.000134763 0.00378071 8.23582e-10 -1.41854e-10 1.7354e-11 -8.23447e-10 0.00377831 -1.8812e-06 9.23445e-09 -2.69272e-10 1.8812e-06 0.00376417 -0.0355088 -5.72078e-09 2.42531e-06 -0.0355088 0.996179 2.17005e-07 -3.73771e-08 4.5726e-09 -2.1697e-07 0.995546 -0.000495678 2.43318e-06 -7.09504e-08 0.000495677 0.991821
17 0.0320617 0.00377018 -0.000151365 -2.4602e-11 9.14215e-09 -0.000151364 0.0037557 8.23104e-10 -1.58931e-10 1.94946e-11 -8.22928e-10 0.00375265 -2.11583e-06 9.17462e-09 -3.0214e-10 2.11582e-06 0.00373858 -0.0401478 -6.52543e-09 2.42486e-06 -0.0401478 0.99616 2.1832e-07 -4.21548e-08 5.17073e-09 -2.18273e-07 0.99535 -0.0005612 2.43347e-06 -8.01395e-08 0.000561199 0.991619
18 0.0338871 0.00374385 -0.000168784 -2.76876e-11 9.07646e-09 -0.000168784 0.00372939 8.22541e-10 -1.76755e-10 2.17413e-11 -8.22316e-10 0.00372557 -2.36273e-06 9.11161e-09 -3.3655e-10 2.36273e-06 0.00371157 -0.0450831 -7.3955e-09 2.42437e-06 -0.045083 0.996139 2.19705e-07 -4.72121e-08 5.80721e-09 -2.19645e-07 0.995118 -0.000631098 2.43376e-06 -8.98941e-08 0.000631097 0.99138
19 0.0357021 0.00371625 -0.000186991 -3.09707e-11 9.00759e-09 -0.000186991 0.00370182 8.21886e-10 -1.9528e-10 2.40902e-11 -8.21599e-10 0.0036971 -2.6216e-06 9.04549e-09 -3.72424e-10 2.62159e-06 0.00368318 -0.050317 -8.33386e-09 2.42384e-06 -0.050317 0.996117 2.2116e-07 -5.25475e-08 6.4824e-09 -2.21083e-07 0.994845 -0.000705441 2.43403e-06 -1.00215e-07 0.00070544 0.991099
20 0.0375062 0.00368744 -0.000205952 -3.44537e-11 8.93563e-09 -0.000205952 0.00367303 8.21129e-10 -2.14458e-10 2.65372e-11 -8.20768e-10 0.00366725 -2.89207e-06 8.97633e-09 -4.09683e-10 2.89207e-06 0.00365341 -0.0558523 -9.34354e-09 2.42326e-06 -0.0558523 0.996093 2.22683e-07 -5.81591e-08 7.19666e-09 -2.22585e-07 0.994526 -0.000784304 2.4343e-06 -1.11102e-07 0.000784302 0.990773
21 0.0392989 0.00365744 -0.000225634 -3.81388e-11 8.86066e-09 -0.000225634 0.00364306 8.20262e-10 -2.34241e-10 2.9078e-11 -8.19813e-10 0.00363607 -3.1738e-06 8.90421e-09 -4.48245e-10 3.17379e-06 0.00362231 -0.0616917 -1.04277e-08 2.42264e-06 -0.0616917 0.996069 2.24272e-07 -6.4045e-08 7.95035e-09 -2.24149e-07 0.994156 -0.000867763 2.43454e-06 -1.22557e-07 0.000867762 0.990395
22 0.0410797 0.00362631 -0.000246002 -4.20278e-11 8.78278e-09 -0.000246001 0.00361196 8.19276e-10 -2.54579e-10 3.1708e-11 -8.18722e-10 0.00360357 -3.46639e-06 8.82922e-09 -4.88023e-10 3.46639e-06 0.0035899 -0.067838 -1.15897e-08 2.42196e-06 -0.067838 0.996042 2.25926e-07 -7.02035e-08 8.74387e-09 -2.25773e-07 0.99373 -0.000955902 2.43477e-06 -1.34578e-07 0.0009559 0.98996
23 0.0428479 0.00359407 -0.000267019 -4.61225e-11 8.70209e-09 -0.000267018 0.00357975 8.18162e-10 -2.75422e-10 3.44226e-11 -8.17485e-10 0.00356978 -3.76948e-06 8.75143e-09 -5.28928e-10 3.76947e-06 0.0035562 -0.0742941 -1.28329e-08 2.42123e-06 -0.074294 0.996015 2.27642e-07 -7.66323e-08 9.5776e-09 -2.27453e-07 0.99324 -0.0010488 2.43496e-06 -1.47167e-07 0.0010488 0.989462
24 0.0446031 0.00356079 -0.000288648 -5.04242e-11 8.61868e-09 -0.000288647 0.0035465 8.16912e-10 -2.96718e-10 3.72171e-11 -8.1609e-10 0.00353473 -4.08264e-06 8.67093e-09 -5.70868e-10 4.08263e-06 0.00352125 -0.0810629 -1.4161e-08 2.42044e-06 -0.0810628 0.995986 2.29419e-07 -8.33293e-08 1.04519e-08 -2.29188e-07 0.992682 -0.00114656 2.43512e-06 -1.60321e-07 0.00114655 0.988895
25 0.0463447 0.00352649 -0.000310851 -5.4934e-11 8.53265e-09 -0.000310851 0.00351223 8.15517e-10 -3.18415e-10 4.00867e-11 -8.14525e-10 0.00349845 -4.40547e-06 8.58781e-09 -6.1375e-10 4.40546e-06 0.00348507 -0.0881473 -1.55775e-08 2.41958e-06 -0.0881472 0.995956 2.31254e-07 -9.02923e-08 1.13673e-08 -2.30973e-07 0.992047 -0.00124925 2.43523e-06 -1.7404e-07 0.00124925 0.988252
26 0.0480722 0.00349124 -0.00033359 -5.96526e-11 8.44411e-09 -0.000333589 0.00347701 8.13969e-10 -3.40462e-10 4.30263e-11 -8.12781e-10 0.00346097 -4.73754e-06 8.50216e-09 -6.57476e-10 4.73753e-06 0.00344769 -0.0955505 -1.70864e-08 2.41866e-06 -0.0955504 0.995924 2.33146e-07 -9.75189e-08 1.23241e-08 -2.32806e-07 0.99133 -0.00135698 2.43529e-06 -1.88322e-07 0.00135698 0.987526
27 0.049785 0.00345507 -0.000356824 -6.45802e-11 8.35315e-09 -0.000356823 0.00344087 8.12259e-10 -3.62804e-10 4.60308e-11 -8.10845e-10 0.00342232 -5.0784e-06 8.41407e-09 -7.01948e-10 5.07839e-06 0.00340914 -0.103275 -1.86915e-08 2.41765e-06 -0.103275 0.995891 2.35092e-07 -1.05006e-07 1.33227e-08 -2.34683e-07 0.990522 -0.00146984 2.43528e-06 -2.03165e-07 0.00146984 0.986709
28 0.0514827 0.00341803 -0.000380513 -6.97167e-11 8.25988e-09 -0.000380512 0.00340387 8.10381e-10 -3.85391e-10 4.9095e-11 -8.08706e-10 0.00338253 -5.42761e-06 8.32363e-09 -7.47066e-10 5.4276e-06 0.00336947 -0.111325 -2.03967e-08 2.41656e-06 -0.111325 0.995857 2.3709e-07 -1.12752e-07 1.43635e-08 -2.366e-07 0.989614 -0.00158793 2.43521e-06 -2.18566e-07 0.00158793 0.985792
29 0.0531646 0.00338018 -0.000404616 -7.50613e-11 8.1644e-09 -0.000404616 0.00336605 8.08325e-10 -4.08169e-10 5.22136e-11 -8.06353e-10 0.00334164 -5.7847e-06 8.23093e-09 -7.92726e-10 5.78469e-06 0.00332869 -0.119703 -2.22063e-08 2.41538e-06 -0.119703 0.995821 2.39137e-07 -1.20754e-07 1.5447e-08 -2.38553e-07 0.9886 -0.00171136 2.43506e-06 -2.34522e-07 0.00171136 0.984768
30 0.0548304 0.00334156 -0.000429092 -8.06129e-11 8.06683e-09 -0.000429092 0.00332746 8.06086e-10 -4.31085e-10 5.53814e-11 -8.03774e-10 0.00329968 -6.14921e-06 8.13606e-09 -8.38825e-10 6.1492e-06 0.00328685 -0.128411 -2.41244e-08 2.41409e-06 -0.128411 0.995783 2.41231e-07 -1.29007e-07 1.65735e-08 -2.40539e-07 0.987469 -0.00184022 2.43481e-06 -2.51028e-07 0.00184022 0.983628
31 0.0564795 0.00330222 -0.000453899 -8.63697e-11 7.96727e-09 -0.000453899 0.00328816 8.03656e-10 -4.54088e-10 5.85928e-11 -8.0096e-10 0.00325668 -6.52065e-06 8.03912e-09 -8.85258e-10 6.52064e-06 0.00324397 -0.137453 -2.61551e-08 2.4127e-06 -0.137453 0.995744 2.43369e-07 -1.3751e-07 1.77435e-08 -2.42552e-07 0.986211 -0.00197463 2.43446e-06 -2.6808e-07 0.00197462 0.982361
32 0.0581114 0.00326221 -0.000478995 -9.23295e-11 7.86581e-09 -0.000478995 0.0032482 8.01029e-10 -4.77126e-10 6.18425e-11 -7.97899e-10 0.00321268 -6.89853e-06 7.9402e-09 -9.31919e-10 6.89852e-06 0.00320009 -0.146831 -2.83027e-08 2.41119e-06 -0.146831 0.995703 2.45548e-07 -1.46258e-07 1.89572e-08 -2.44588e-07 0.984817 -0.00211468 2.43399e-06 -2.85671e-07 0.00211468 0.980958
33 0.0597256 0.00322159 -0.000504337 -9.84893e-11 7.76258e-09 -0.000504337 0.00320761 7.98199e-10 -5.00147e-10 6.51249e-11 -7.94581e-10 0.00316772 -7.28236e-06 7.8394e-09 -9.78701e-10 7.28235e-06 0.00315525 -0.156549 -3.05716e-08 2.40955e-06 -0.156549 0.995661 2.47765e-07 -1.55248e-07 2.02151e-08 -2.46642e-07 0.983277 -0.00226049 2.43339e-06 -3.03794e-07 0.00226048 0.979408
34 0.0613216 0.00318041 -0.000529883 -1.04846e-10 7.65767e-09 -0.000529883 0.00316647 7.95162e-10 -5.23101e-10 6.84346e-11 -7.90996e-10 0.00312182 -7.67164e-06 7.73682e-09 -1.0255e-09 7.67163e-06 0.00310949 -0.166609 -3.2966e-08 2.40776e-06 -0.166608 0.995618 2.50019e-07 -1.64476e-07 2.15175e-08 -2.48709e-07 0.981578 -0.00241216 2.43265e-06 -3.22442e-07 0.00241215 0.9777
35 0.0628989 0.00313871 -0.00055559 -1.11394e-10 7.5512e-09 -0.00055559 0.00312481 7.91911e-10 -5.45937e-10 7.1766e-11 -7.87135e-10 0.00307502 -8.06585e-06 7.63253e-09 -1.0722e-09 8.06583e-06 0.00306283 -0.177012 -3.54904e-08 2.40583e-06 -0.177012 0.995572 2.52305e-07 -1.73937e-07 2.28648e-08 -2.50783e-07 0.979709 -0.0025698 2.43174e-06 -3.41604e-07 0.00256979 0.975822
36 0.064457 0.00309656 -0.000581416 -1.1813e-10 7.44326e-09 -0.000581415 0.0030827 7.88444e-10 -5.68607e-10 7.51135e-11 -7.82987e-10 0.00302737 -8.46447e-06 7.52665e-09 -1.1187e-09 8.46446e-06 0.00301531 -0.187762 -3.81488e-08 2.40372e-06 -0.187762 0.995525 2.5462e-07 -1.83626e-07 2.42571e-08 -2.52857e-07 0.977658 -0.00273351 2.43065e-06 -3.61271e-07 0.00273351 0.973762
37 0.0659956 0.00305399 -0.000607317 -1.25048e-10 7.33397e-09 -0.000607317 0.00304018 7.84757e-10 -5.91061e-10 7.84718e-11 -7.78545e-10 0.0029789 -8.867e-06 7.41926e-09 -1.16489e-09 8.86698e-06 0.00296698 -0.19886 -4.09457e-08 2.40144e-06 -0.19886 0.995477 2.56961e-07 -1.93537e-07 2.56948e-08 -2.54927e-07 0.975411 -0.00290341 2.42936e-06 -3.81431e-07 0.00290341 0.971507
38 0.067514 0.00301107 -0.000633252 -1.32141e-10 7.22342e-09 -0.000633252 0.0029973 7.80846e-10 -6.13253e-10 8.18354e-11 -7.73799e-10 0.00292964 -9.2729e-06 7.31045e-09 -1.21066e-09 9.27288e-06 0.00291786 -0.210308 -4.38852e-08 2.39895e-06 -0.210308 0.995426 2.59325e-07 -2.03666e-07 2.71782e-08 -2.56985e-07 0.972956 -0.0030796 2.42786e-06 -4.02071e-07 0.0030796 0.969044
39 0.0690118 0.00296784 -0.000659179 -1.39404e-10 7.11172e-09 -0.000659178 0.00295412 7.76711e-10 -6.35135e-10 8.51987e-11 -7.68743e-10 0.00287963 -9.68164e-06 7.20032e-09 -1.25592e-09 9.68162e-06 0.002868 -0.222107 -4.69713e-08 2.39626e-06 -0.222107 0.995374 2.61709e-07 -2.14005e-07 2.87073e-08 -2.59024e-07 0.970277 -0.00326218 2.42611e-06 -4.23175e-07 0.00326217 0.966357
40 0.10628 0.00292436 -0.000685056 -1.46827e-10 6.99898e-09 -0.000685055 0.00291068 7.72349e-10 -6.56661e-10 8.85565e-11 -7.63368e-10 0.00282891 -1.00927e-05 7.08895e-09 -1.30054e-09 1.00927e-05 0.00281743 -0.234258 -5.02081e-08 2.39333e-06 -0.234258 0.99532 2.64108e-07 -2.24548e-07 3.02823e-08 -2.61037e-07 0.967359 -0.00345124 2.4241e-06 -4.44727e-07 0.00345124 0.963432
42 0.146749 0.00283685 -0.000736494 -1.62122e-10 6.77076e-09 -0.000736493 0.00282325 7.62944e-10 -6.9847e-10 9.52342e-11 -7.51639e-10 0.00272549 -1.09196e-05 6.86287e-09 -1.3875e-09 1.09196e-05 0.00271432 -0.259617 -5.71488e-08 2.38672e-06 -0.259617 0.995208 2.68941e-07 -2.46213e-07 3.35704e-08 -2.64956e-07 0.960747 -0.00384921 2.41919e-06 -4.891e-07 0.0038492 0.956807
44 0.152348 0.00274892 -0.000787244 -1.77953e-10 6.53955e-09 -0.000787243 0.00273542 7.52634e-10 -7.38333e-10 1.01827e-10 -7.38568e-10 0.00261969 -1.17494e-05 6.6329e-09 -1.47074e-09 1.17494e-05 0.00260883 -0.286383 -6.47355e-08 2.37895e-06 -0.286382 0.995088 2.73792e-07 -2.6859e-07 3.70425e-08 -2.68675e-07 0.952986 -0.00427418 2.41291e-06 -5.35022e-07 0.00427417 0.949035
46 0.157761 0.00266099 -0.000836991 -1.94232e-10 6.30612e-09 -0.000836991 0.00264758 7.41435e-10 -7.75922e-10 1.08295e-10 -7.2412e-10 0.00251179 -1.25778e-05 6.39972e-09 -1.54947e-09 1.25777e-05 0.00250126 -0.314542 -7.29925e-08 2.36984e-06 -0.314541 0.994961 2.78632e-07 -2.91592e-07 4.06974e-08 -2.72124e-07 0.943932 -0.00472673 2.40502e-06 -5.8229e-07 0.00472672 0.939974
48 0.162982 0.00257342 -0.000885436 -2.10864e-10 6.07122e-09 -0.000885435 0.00256011 7.29375e-10 -8.10926e-10 1.14601e-10 -7.08275e-10 0.00240211 -1.34005e-05 6.16396e-09 -1.62296e-09 1.34004e-05 0.00239192 -0.34407 -8.19391e-08 2.3592e-06 -0.344069 0.994827 2.83426e-07 -3.15116e-07 4.45325e-08 -2.75227e-07 0.93343 -0.00520726 2.39524e-06 -6.30664e-07 0.00520725 0.92947
50 0.168004 0.00248659 -0.00093229 -2.27741e-10 5.83555e-09 -0.000932289 0.00247337 7.16491e-10 -8.43049e-10 1.20708e-10 -6.91024e-10 0.00229093 -1.42133e-05 5.92622e-09 -1.69055e-09 1.42133e-05 0.00228109 -0.374927 -9.15879e-08 2.34681e-06 -0.374927 0.994685 2.88142e-07 -3.39038e-07 4.85436e-08 -2.779e-07 0.921316 -0.00571599 2.38327e-06 -6.79865e-07 0.00571598 0.917357
52 0.172821 0.00240085 -0.000977284 -2.4475e-10 5.59981e-09 -0.000977283 0.00238773 7.02834e-10 -8.72014e-10 1.26584e-10 -6.72374e-10 0.00217856 -1.50122e-05 5.68708e-09 -1.75159e-09 1.50122e-05 0.00216907 -0.407058 -1.01943e-07 2.33243e-06 -0.407058 0.994537 2.92744e-07 -3.63211e-07 5.27246e-08 -2.80057e-07 0.907414 -0.00625288 2.36878e-06 -7.2957e-07 0.00625287 0.903463
54 0.177428 0.00231653 -0.00102016 -2.61767e-10 5.36463e-09 -0.00102016 0.00230351 6.88463e-10 -8.97562e-10 1.32198e-10 -6.52343e-10 0.00206528 -1.57931e-05 5.44708e-09 -1.80553e-09 1.57931e-05 0.00205616 -0.440385 -1.13e-07 2.31581e-06 -0.440385 0.994381 2.97196e-07 -3.8746e-07 5.70672e-08 -2.81604e-07 0.891541 -0.00681757 2.3514e-06 -7.7941e-07 0.00681756 0.887604
56 0.181819 0.00223395 -0.0010607 -2.78665e-10 5.13064e-09 -0.0010607 0.00222103 6.73447e-10 -9.19449e-10 1.37522e-10 -6.30967e-10 0.00195137 -1.6552e-05 5.2067e-09 -1.85187e-09 1.6552e-05 0.00194262 -0.47481 -1.24741e-07 2.29667e-06 -0.474809 0.994218 3.01461e-07 -4.1158e-07 6.15603e-08 -2.82445e-07 0.873507 -0.00740933 2.33072e-06 -8.2897e-07 0.00740931 0.869592
58 0.185988 0.0021534 -0.00109868 -2.95311e-10 4.89841e-09 -0.00109867 0.00214058 6.57862e-10 -9.3745e-10 1.42533e-10 -6.08292e-10 0.0018371 -1.72853e-05 4.96642e-09 -1.89022e-09 1.72853e-05 0.00182874 -0.510206 -1.37137e-07 2.27474e-06 -0.510205 0.994048 3.055e-07 -4.35335e-07 6.619e-08 -2.8248e-07 0.853118 -0.00802699 2.30632e-06 -8.77784e-07 0.00802697 0.849234
60 0.286303 0.00207515 -0.0011339 -3.11571e-10 4.66849e-09 -0.0011339 0.00206244 6.41792e-10 -9.51359e-10 1.4721e-10 -5.8438e-10 0.00172275 -1.79892e-05 4.72664e-09 -1.92022e-09 1.79892e-05 0.00171477 -0.546418 -1.50144e-07 2.24971e-06 -0.546418 0.993873 3.09275e-07 -4.58453e-07 7.09394e-08 -2.81609e-07 0.830178 -0.00866886 2.27773e-06 -9.25341e-07 0.00866885 0.826334
64 0.394175 0.00192654 -0.00119544 -3.42386e-10 4.21749e-09 -0.00119544 0.00191402 6.08548e-10 -9.66171e-10 1.5549e-10 -5.33165e-10 0.00149477 -1.92953e-05 4.25009e-09 -1.9543e-09 1.92953e-05 0.00148759 -0.620513 -1.77721e-07 2.18916e-06 -0.620512 0.993505 3.15877e-07 -5.01507e-07 8.07097e-08 -2.76748e-07 0.775884 -0.0100156 2.20608e-06 -1.01441e-06 0.0100155 0.772157
68 0.406626 0.0017898 -0.00124423 -3.70052e-10 3.78111e-09 -0.00124423 0.00177749 5.74446e-10 -9.62651e-10 1.62259e-10 -4.7808e-10 0.00126935 -2.04451e-05 3.77969e-09 -1.95314e-09 2.0445e-05 0.00126299 -0.69518 -2.06756e-07 2.11259e-06 -0.695179 0.99312 3.20956e-07 -5.37854e-07 9.06574e-08 -2.67114e-07 0.709215 -0.0114231 2.1118e-06 -1.09126e-06 0.0114231 0.705659
72 0.417095 0.00166625 -0.00127956 -3.93594e-10 3.36207e-09 -0.00127956 0.00165413 5.40214e-10 -9.39975e-10 1.67459e-10 -4.20066e-10 0.00104823 -2.14164e-05 3.31748e-09 -1.9172e-09 2.14164e-05 0.00104269 -0.767929 -2.36216e-07 2.01775e-06 -0.767929 0.992728 3.2421e-07 -5.64128e-07 1.00501e-07 -2.52103e-07 0.629094 -0.0128531 1.99099e-06 -1.15061e-06 0.0128531 0.625775
76 0.425533 0.00155679 -0.00130106 -4.12177e-10 2.96227e-09 -0.00130106 0.00154486 5.06524e-10 -8.97819e-10 1.7108e-10 -3.60206e-10 0.000832912 -2.21913e-05 2.86505e-09 -1.84828e-09 2.21913e-05 0.000828229 -0.835732 -2.64761e-07 1.90281e-06 -0.835731 0.99234 3.25365e-07 -5.76712e-07 1.09893e-07 -2.31378e-07 0.53502 -0.0142545 1.84036e-06 -1.18724e-06 0.0142545 0.532011
80 0.431897 0.00146196 -0.00130871 -4.25161e-10 2.58273e-09 -0.00130871 0.00145022 4.73949e-10 -8.36462e-10 1.73144e-10 -2.99682e-10 0.000624733 -2.27558e-05 2.42354e-09 -1.74942e-09 2.27557e-05 0.000620904 -0.895177 -2.90815e-07 1.76662e-06 -0.895176 0.99197 3.24188e-07 -5.72151e-07 1.18433e-07 -2.04986e-07 0.427326 -0.0155652 1.65774e-06 -1.19663e-06 0.0155652 0.424707
84 0.436158 0.00138194 -0.00130282 -4.32132e-10 2.22355e-09 -0.00130282 0.00137037 4.42925e-10 -7.56883e-10 1.73706e-10 -2.39721e-10 0.000424793 -2.31001e-05 1.99375e-09 -1.62475e-09 2.31e-05 0.000421823 -0.942752 -3.12701e-07 1.60901e-06 -0.942751 0.991633 3.20511e-07 -5.47697e-07 1.25698e-07 -1.73467e-07 0.30739 -0.0167157 1.44272e-06 -1.17571e-06 0.0167157 0.30524
88 0.328636 0.00131656 -0.00128397 -4.3293e-10 1.88388e-09 -0.00128397 0.00130517 4.13731e-10 -6.60834e-10 1.72836e-10 -1.81541e-10 0.000233988 -2.32191e-05 1.57617e-09 -1.47923e-09 2.3219e-05 0.000231876 -0.975245 -3.28834e-07 1.43091e-06 -0.975244 0.991346 3.1425e-07 -5.01939e-07 1.31278e-07 -1.3789e-07 0.177727 -0.0176361 1.19719e-06 -1.12355e-06 0.0176361 0.176122
90 0.219313 0.00128924 -0.00126994 -4.31033e-10 1.72086e-09 -0.00126994 0.00127793 3.99862e-10 -6.07402e-10 1.71891e-10 -1.53486e-10 0.000142236 -2.31936e-05 1.37206e-09 -1.40037e-09 2.31936e-05 0.000140552 -0.985025 -3.3433e-07 1.33478e-06 -0.985024 0.991226 3.10152e-07 -4.7113e-07 1.33327e-07 -1.19051e-07 0.110325 -0.0179901 1.06424e-06 -1.08619e-06 0.0179901 0.109019
92 0.328636 0.0012654 -0.00125299 -4.27646e-10 1.56199e-09 -0.00125299 0.00125417 3.86483e-10 -5.50871e-10 1.70619e-10 -1.26302e-10 5.3013e-05 -2.31119e-05 1.1711e-09 -1.31841e-09 2.31119e-05 5.17544e-05 -0.990193 -3.37952e-07 1.23438e-06 -0.990192 0.991123 3.05423e-07 -4.35333e-07 1.34834e-07 -9.98113e-08 0.0418941 -0.0182645 9.25474e-07 -1.04189e-06 0.0182645 0.0408995
96 0.436158 0.00122777 -0.00121092 -4.16607e-10 1.25531e-09 -0.00121092 0.00121668 3.61147e-10 -4.30318e-10 1.67141e-10 -7.50473e-11 -0.000117632 -2.27824e-05 7.78636e-10 -1.14812e-09 2.27823e-05 -0.000118045 -0.986283 -3.39322e-07 1.02243e-06 -0.986282 0.990972 2.9415e-07 -3.50489e-07 1.36135e-07 -6.11251e-08 -0.0958096 -0.0185559 6.3419e-07 -9.35132e-07 0.0185559 -0.0961462
100 0.431897 0.00120275 -0.00115896 -4.00353e-10 9.60632e-10 -0.00115896 0.00119181 3.37555e-10 -3.03169e-10 1.62491e-10 -2.86712e-11 -0.000277622 -2.22382e-05 3.9879e-10 -9.74232e-10 2.22381e-05 -0.000277202 -0.963592 -3.32864e-07 7.98694e-07 -0.96359 0.9909 2.80652e-07 -2.52062e-07 1.35099e-07 -2.3838e-08 -0.230822 -0.0184894 3.31564e-07 -8.10001e-07 0.0184893 -0.230473
104 0.425533 0.00118931 -0.00109844 -3.79586e-10 6.7433e-10 -0.00109843 0.00117849 3.15446e-10 -1.73923e-10 1.56752e-10 1.21213e-11 -0.000426796 -2.14913e-05 3.14924e-11 -8.02329e-10 2.14912e-05 -0.000425559 -0.92359 -3.19164e-07 5.66992e-07 -0.923588 0.990905 2.65234e-07 -1.46239e-07 1.31801e-07 1.01919e-08 -0.35886 -0.0180703 2.64795e-08 -6.74617e-07 0.0180703 -0.35782
108 0.417095 0.00118626 -0.00103074 -3.55124e-10 3.92596e-10 -0.00103074 0.00117556 2.94499e-10 -4.73543e-11 1.50005e-10 4.68345e-11 -0.000565137 -2.05572e-05 -3.23339e-10 -6.37507e-10 2.05572e-05 -0.000563102 -0.868903 -2.99365e-07 3.30953e-07 -0.868902 0.99098 2.48259e-07 -3.99191e-08 1.26453e-07 3.94809e-08 -0.476403 -0.0173295 -2.7257e-07 -5.37411e-07 0.0173294 -0.474688
112 0.406626 0.00119233 -0.000957332 -3.27849e-10 1.11756e-10 -0.00095733 0.00118174 2.74376e-10 7.17605e-11 1.42331e-10 7.51934e-11 -0.000692751 -1.9455e-05 -6.65761e-10 -4.84157e-10 1.94549e-05 -0.000689942 -0.802908 -2.74965e-07 9.37289e-08 -0.802906 0.991115 2.30117e-07 6.0185e-08 1.19372e-07 6.30642e-08 -0.581005 -0.0163168 -5.58369e-07 -4.06059e-07 0.0163167 -0.578649
116 0.394175 0.00120623 -0.000879664 -2.98656e-10 -1.71424e-10 -0.000879662 0.00119573 2.54763e-10 1.78931e-10 1.33809e-10 9.71434e-11 -0.000809852 -1.82064e-05 -9.95763e-10 -3.4582e-10 1.82064e-05 -0.000806294 -0.729268 -2.47595e-07 -1.42116e-07 -0.729266 0.991297 2.11206e-07 1.48339e-07 1.10932e-07 8.05348e-08 -0.671391 -0.0150937 -8.25518e-07 -2.86695e-07 0.0150937 -0.668442
120 0.379804 0.00122663 -0.000799177 -2.68405e-10 -4.59454e-10 -0.000799176 0.00121622 2.35399e-10 2.70241e-10 1.24529e-10 1.1284e-10 -0.000916739 -1.68359e-05 -1.31322e-09 -2.25094e-10 1.68359e-05 -0.000912462 -0.651522 -2.18814e-07 -3.74566e-07 -0.651521 0.991511 1.91907e-07 2.20312e-07 1.01521e-07 9.19916e-08 -0.747363 -0.0137253 -1.07059e-06 -1.83506e-07 0.0137253 -0.743876
124 0.363583 0.00125223 -0.00071727 -2.37887e-10 -7.53873e-10 -0.000717269 0.0012419 2.16103e-10 3.42605e-10 1.14589e-10 1.22627e-10 -0.00101378 -1.53698e-05 -1.61787e-09 -1.23592e-10 1.53698e-05 -0.00100882 -0.572792 -1.8997e-07 -6.02023e-07 -0.572791 0.991744 1.72574e-07 2.73595e-07 9.15073e-08 9.79268e-08 -0.809577 -0.0122739 -1.29199e-06 -9.8697e-08 0.0122739 -0.805613
128 0.34559 0.00128177 -0.000635277 -2.078e-10 -1.05506e-09 -0.000635275 0.0012715 1.96786e-10 3.93966e-10 1.04103e-10 1.27014e-10 -0.00110139 -1.3836e-05 -1.90927e-09 -4.19593e-11 1.3836e-05 -0.00109578 -0.495624 -1.62119e-07 -8.23128e-07 -0.495623 0.991986 1.53526e-07 3.0736e-07 8.12183e-08 9.90929e-08 -0.859275 -0.0107945 -1.48955e-06 -3.27354e-08 0.0107944 -0.854893
132 0.325914 0.00131404 -0.000554453 -1.78731e-10 -1.36215e-09 -0.000554452 0.00130382 1.77457e-10 4.23432e-10 9.32072e-11 1.26641e-10 -0.00118003 -1.22634e-05 -2.18676e-09 2.0065e-11 1.22633e-05 -0.0011738 -0.421946 -1.36017e-07 -1.03661e-06 -0.421945 0.992226 1.35047e-07 3.22237e-07 7.0932e-08 9.63757e-08 -0.898022 -0.00933258 -1.66415e-06 1.52697e-08 0.00933256 -0.89328
136 0.304649 0.00134789 -0.000475964 -1.51154e-10 -1.67296e-09 -0.000475963 0.00133773 1.58219e-10 4.3132e-10 8.20557e-11 1.22245e-10 -0.00125017 -1.0681e-05 -2.44949e-09 6.35506e-11 1.0681e-05 -0.00124337 -0.353117 -1.12141e-07 -1.24117e-06 -0.353117 0.992457 1.17382e-07 3.19996e-07 6.0877e-08 9.06936e-08 -0.927501 -0.00792426 -1.81727e-06 4.71481e-08 0.00792424 -0.922452
140 0.281901 0.00138228 -0.000400881 -1.25433e-10 -1.98414e-09 -0.00040088 0.00137216 1.39255e-10 4.1913e-10 7.0826e-11 1.14627e-10 -0.00131228 -9.11835e-06 -2.69641e-09 9.02451e-11 9.11833e-06 -0.00130494 -0.290013 -9.07435e-08 -1.43541e-06 -0.290013 0.992675 1.00742e-07 3.03215e-07 5.12383e-08 8.2926e-08 -0.949358 -0.00659658 -1.95069e-06 6.52869e-08 0.00659656 -0.944049
144 0.257779 0.00141625 -0.000330168 -1.01835e-10 -2.29125e-09 -0.000330167 0.00140616 1.20811e-10 3.89427e-10 5.9715e-11 1.04618e-10 -0.00136684 -7.60387e-06 -2.92627e-09 1.02425e-10 7.60385e-06 -0.00135901 -0.233129 -7.19047e-08 -1.61783e-06 -0.233128 0.992875 8.53035e-08 2.74971e-07 4.21642e-08 7.387e-08 -0.965112 -0.00536902 -2.06621e-06 7.23216e-08 0.00536901 -0.959586
148 0.232401 0.00144891 -0.000264689 -8.05417e-11 -2.58898e-09 -0.000264689 0.00143885 1.03178e-10 3.45672e-10 4.8936e-11 9.30483e-11 -0.00141429 -6.16515e-06 -3.13768e-09 1.02739e-10 6.16513e-06 -0.00140602 -0.182681 -5.55876e-08 -1.78684e-06 -0.182681 0.993055 7.12106e-08 2.38573e-07 3.37743e-08 6.42193e-08 -0.976105 -0.00425501 -2.16554e-06 7.09073e-08 0.004255 -0.970398
152 0.205891 0.00147951 -0.000205204 -6.16704e-11 -2.87147e-09 -0.000205204 0.00146947 8.66696e-11 2.91985e-10 3.87125e-11 8.07198e-11 -0.00145507 -4.8282e-06 -3.32914e-09 9.40424e-11 4.82819e-06 -0.00144641 -0.138697 -4.1683e-08 -1.94082e-06 -0.138697 0.993215 5.85799e-08 1.97352e-07 2.61657e-08 5.45585e-08 -0.983481 -0.00326338 -2.25017e-06 6.35632e-08 0.00326337 -0.977627
156 0.178378 0.00150736 -0.000152371 -4.52877e-11 -3.13254e-09 -0.000152371 0.00149734 7.16024e-11 2.32887e-10 2.92711e-11 6.83846e-11 -0.00148957 -3.61706e-06 -3.49911e-09 7.92495e-11 3.61705e-06 -0.00148056 -0.101085 -3.00444e-08 -2.07816e-06 -0.101085 0.993353 4.75018e-08 1.545e-07 1.94188e-08 4.53671e-08 -0.988195 -0.0023996 -2.32135e-06 5.2575e-08 0.00239959 -0.98222
160 0.0971232 0.00153188 -0.000106751 -3.1426e-11 -3.36605e-09 -0.000106751 0.00152188 5.82794e-11 1.73021e-10 2.08335e-11 5.67248e-11 -0.00151813 -2.55339e-06 -3.64606e-09 6.11849e-11 2.55339e-06 -0.00150883 -0.0696859 -2.05146e-08 -2.19733e-06 -0.0696858 0.993469 3.80443e-08 1.12946e-07 1.35999e-08 3.70294e-08 -0.991021 -0.00166683 -2.38011e-06 3.99409e-08 0.00166683 -0.98495
161 0.0357021 0.00153744 -9.65291e-05 -2.83561e-11 -3.41943e-09 -9.65289e-05 0.00152744 5.52542e-11 1.58467e-10 1.89057e-11 5.39875e-11 -0.00152438 -2.3128e-06 -3.67902e-09 5.64698e-11 2.3128e-06 -0.00151502 -0.0627857 -1.84437e-08 -2.22411e-06 -0.0627856 0.993494 3.59392e-08 1.03072e-07 1.22969e-08 3.51152e-08 -0.991508 -0.00150432 -2.39296e-06 3.67298e-08 0.00150432 -0.985417
162 0.0338871 0.00154275 -8.67941e-05 -2.54444e-11 -3.47064e-09 -8.67939e-05 0.00153275 5.23594e-11 1.44214e-10 1.70568e-11 5.13386e-11 -0.00153029 -2.0829e-06 -3.71044e-09 5.17528e-11 2.0829e-06 -0.00152086 -0.0562595 -1.64929e-08 -2.24965e-06 -0.0562594 0.993519 3.39391e-08 9.34789e-08 1.10561e-08 3.32774e-08 -0.991924 -0.00135013 -2.40509e-06 3.35459e-08 0.00135012 -0.985813
163 0.0320617 0.0015478 -7.75517e-05 -2.2691e-11 -3.51958e-09 -7.75515e-05 0.00153781 4.95987e-11 1.30328e-10 1.52897e-11 4.87862e-11 -0.00153585 -1.86394e-06 -3.74029e-09 4.70706e-11 1.86393e-06 -0.00152636 -0.0501044 -1.46601e-08 -2.27392e-06 -0.0501043 0.993542 3.20446e-08 8.42018e-08 9.87834e-09 3.15197e-08 -0.992277 -0.00120425 -2.41652e-06 3.04113e-08 0.00120425 -0.986148
164 0.0302266 0.0015526 -6.88076e-05 -2.00957e-11 -3.56619e-09 -6.88074e-05 0.00154261 4.69758e-11 1.1687e-10 1.36073e-11 4.6338e-11 -0.00154107 -1.65616e-06 -3.76854e-09 4.24583e-11 1.65615e-06 -0.00153153 -0.0443177 -1.29433e-08 -2.29692e-06 -0.0443176 0.993563 3.02562e-08 7.5274e-08 8.76419e-09 2.98455e-08 -0.992574 -0.0010667 -2.42725e-06 2.73466e-08 0.0010667 -0.986428
165 0.0283823 0.00155714 -6.05672e-05 -1.76586e-11 -3.61038e-09 -6.0567e-05 0.00154714 4.44942e-11 1.03903e-10 1.20123e-11 4.40013e-11 -0.00154596 -1.45979e-06 -3.79519e-09 3.79494e-11 1.45979e-06 -0.00153636 -0.0388965 -1.13405e-08 -2.31861e-06 -0.0388965 0.993583 2.85744e-08 6.67269e-08 7.71433e-09 2.82578e-08 -0.992822 -0.000937484 -2.43729e-06 2.43713e-08 0.000937482 -0.98666
166 0.0265294 0.0015614 -5.28354e-05 -1.53796e-11 -3.65209e-09 -5.28353e-05 0.00155141 4.2157e-11 9.1483e-11 1.05072e-11 4.17828e-11 -0.00155051 -1.27506e-06 -3.8202e-09 3.35759e-11 1.27505e-06 -0.00154087 -0.0338384 -9.84985e-09 -2.33898e-06 -0.0338383 0.993602 2.69994e-08 5.85902e-08 6.72936e-09 2.67598e-08 -0.993026 -0.000816609 -2.44665e-06 2.15037e-08 0.000816607 -0.98685
167 0.0246683 0.0015654 -4.56169e-05 -1.32584e-11 -3.69124e-09 -4.56168e-05 0.00155541 3.99673e-11 7.9666e-11 9.09472e-12 3.9689e-11 -0.00155474 -1.10216e-06 -3.84357e-09 2.9368e-11 1.10216e-06 -0.00154505 -0.0291408 -8.46969e-09 -2.35802e-06 -0.0291407 0.99362 2.55317e-08 5.08919e-08 5.80985e-09 2.5354e-08 -0.993193 -0.000704076 -2.45533e-06 1.87608e-08 0.000704074 -0.987003
168 0.0172754 0.00156911 -3.8916e-05 -1.1295e-11 -3.72776e-09 -3.89159e-05 0.00155913 3.79281e-11 6.85043e-11 7.77704e-12 3.7726e-11 -0.00155864 -9.41288e-07 -3.86528e-09 2.53542e-11 9.41286e-07 -0.00154891 -0.0248013 -7.19836e-09 -2.37571e-06 -0.0248012 0.993636 2.41717e-08 4.3658e-08 4.95633e-09 2.40429e-08 -0.993327 -0.000599886 -2.46335e-06 1.61583e-08 0.000599884 -0.987125
168.5 0.0109315 0.00157087 -3.57609e-05 -1.03725e-11 -3.74502e-09 -3.57608e-05 0.00156088 3.69657e-11 6.31847e-11 7.15444e-12 3.67953e-11 -0.00156047 -8.6542e-07 -3.8755e-09 2.34284e-11 8.65418e-07 -0.00155072 -0.0227651 -6.60304e-09 -2.38405e-06 -0.022765 0.993644 2.35321e-08 4.02228e-08 4.55446e-09 2.34236e-08 -0.993383 -0.000550919 -2.46711e-06 1.49143e-08 0.000550918 -0.987176
169 0.0104622 0.00157255 -3.27367e-05 -9.48934e-12 -3.7616e-09 -3.27366e-05 0.00156256 3.6042e-11 5.8047e-11 6.55638e-12 3.58993e-11 -0.00156222 -7.92625e-07 -3.88531e-09 2.1561e-11 7.92623e-07 -0.00155245 -0.0208176 -6.03437e-09 -2.39204e-06 -0.0208176 0.993651 2.29195e-08 3.69128e-08 4.16927e-09 2.28287e-08 -0.993433 -0.000504039 -2.47071e-06 1.37109e-08 0.000504038 -0.98722
169.5 0.00999215 0.00157416 -2.98437e-05 -8.64556e-12 -3.77749e-09 -2.98437e-05 0.00156417 3.51572e-11 5.3097e-11 5.98308e-12 3.50386e-11 -0.00156389 -7.22922e-07 -3.89469e-09 1.97549e-11 7.22921e-07 -0.0015541 -0.0189585 -5.49219e-09 -2.39969e-06 -0.0189585 0.993658 2.2334e-08 3.37305e-08 3.80081e-09 2.22587e-08 -0.993477 -0.000459244 -2.47414e-06 1.25495e-08 0.000459243 -0.987259
170 0.0095213 0.0015757 -2.70825e-05 -7.84116e-12 -3.79269e-09 -2.70825e-05 0.00156571 3.43115e-11 4.83401e-11 5.43479e-12 3.4214e-11 -0.00156548 -6.56332e-07 -3.90364e-09 1.80131e-11 6.56331e-07 -0.00155567 -0.0171877 -4.97632e-09 -2.407e-06 -0.0171876 0.993665 2.17755e-08 3.06786e-08 3.44914e-09 2.17136e-08 -0.993516 -0.000416535 -2.47741e-06 1.14318e-08 0.000416534 -0.987293
170.5 0.00904972 0.00157716 -2.44535e-05 -7.07611e-12 -3.80719e-09 -2.44534e-05 0.00156718 3.35053e-11 4.37814e-11 4.91175e-12 3.34259e-11 -0.00156699 -5.92873e-07 -3.91217e-09 1.63383e-11 5.92871e-07 -0.00155717 -0.0155047 -4.48661e-09 -2.41395e-06 -0.0155047 0.993671 2.12441e-08 2.77596e-08 3.1143e-09 2.11937e-08 -0.99355 -0.000375911 -2.48052e-06 1.03593e-08 0.00037591 -0.987322
171 0.00857745 0.00157855 -2.19569e-05 -6.35039e-12 -3.82099e-09 -2.19569e-05 0.00156857 3.27389e-11 3.94259e-11 4.41418e-12 3.26749e-11 -0.00156842 -5.32561e-07 -3.92027e-09 1.47333e-11 5.3256e-07 -0.00155858 -0.0139095 -4.02292e-09 -2.42056e-06 -0.0139095 0.993677 2.07398e-08 2.49759e-08 2.79634e-09 2.06992e-08 -0.99358 -0.000337373 -2.48346e-06 9.33338e-09 0.000337372 -0.987348
171.5 0.00810453 0.00157987 -1.95933e-05 -5.664e-12 -3.83408e-09 -1.95933e-05 0.00156989 3.20124e-11 3.52783e-11 3.94228e-12 3.19615e-11 -0.00156977 -4.75415e-07 -3.92795e-09 1.32004e-11 4.75414e-07 -0.00155992 -0.0124018 -3.5851e-09 -2.42682e-06 -0.0124018 0.993683 2.02626e-08 2.23298e-08 2.49531e-09 2.02304e-08 -0.993605 -0.000300919 -2.48624e-06 8.35536e-09 0.000300919 -0.987369
172 0.00763099 0.00158112 -1.73629e-05 -5.01692e-12 -3.84644e-09 -1.73628e-05 0.00157114 3.13262e-11 3.13433e-11 3.49625e-12 3.12863e-11 -0.00157105 -4.21449e-07 -3.93519e-09 1.17422e-11 4.21448e-07 -0.00156118 -0.0109814 -3.17301e-09 -2.43273e-06 -0.0109813 0.993688 1.98127e-08 1.98234e-08 2.21125e-09 1.97874e-08 -0.993627 -0.000266551 -2.48886e-06 7.4265e-09 0.00026655 -0.987387
172.5 0.00715688 0.00158229 -1.5266e-05 -4.40912e-12 -3.85809e-09 -1.5266e-05 0.00157231 3.06805e-11 2.76249e-11 3.0763e-12 3.06496e-11 -0.00157224 -3.70679e-07 -3.942e-09 1.03609e-11 3.70678e-07 -0.00156236 -0.00964804 -2.78654e-09 -2.43829e-06 -0.00964801 0.993693 1.93899e-08 1.74588e-08 1.9442e-09 1.93703e-08 -0.993646 -0.000234267 -2.49132e-06 6.54801e-09 0.000234266 -0.987402
173 0.00668221 0.00158339 -1.3303e-05 -3.84061e-12 -3.86901e-09 -1.3303e-05 0.00157341 3.00754e-11 2.41273e-11 2.68259e-12 3.00519e-11 -0.00157336 -3.23118e-07 -3.94837e-09 9.05859e-12 3.23117e-07 -0.00156347 -0.0084016 -2.42556e-09 -2.44349e-06 -0.00840158 0.993698 1.89942e-08 1.52377e-08 1.6942e-09 1.89795e-08 -0.993662 -0.000204067 -2.49362e-06 5.721e-09 0.000204066 -0.987415
173.5 0.00620704 0.00158442 -1.14742e-05 -3.31136e-12 -3.87919e-09 -1.14742e-05 0.00157444 2.95111e-11 2.08543e-11 2.31529e-12 2.94937e-11 -0.0015744 -2.7878e-07 -3.95432e-09 7.83733e-12 2.7878e-07 -0.00156449 -0.0072419 -2.08996e-09 -2.44834e-06 -0.00724188 0.993702 1.86259e-08 1.31621e-08 1.46129e-09 1.86149e-08 -0.993676 -0.000175951 -2.49575e-06 4.94651e-09 0.000175951 -0.987425
174 0.0057314 0.00158537 -9.77975e-06 -2.82137e-12 -3.88864e-09 -9.77973e-06 0.00157539 2.89879e-11 1.78093e-11 1.97456e-12 2.89753e-11 -0.00157536 -2.37677e-07 -3.95982e-09 6.69897e-12 2.37677e-07 -0.00156544 -0.00616877 -1.77963e-09 -2.45283e-06 -0.00616875 0.993706 1.82847e-08 1.12336e-08 1.24549e-09 1.82767e-08 -0.993687 -0.00014992 -2.49773e-06 4.2255e-09 0.000149919 -0.987434
174.5 0.00525531 0.00158624 -8.21997e-06 -2.37062e-12 -3.89735e-09 -8.21995e-06 0.00157626 2.8506e-11 1.49957e-11 1.66055e-12 2.8497e-11 -0.00157624 -1.99821e-07 -3.96489e-09 5.64525e-12 1.9982e-07 -0.00156632 -0.00518205 -1.49449e-09 -2.45697e-06 -0.00518203 0.99371 1.79708e-08 9.45363e-09 1.04685e-09 1.79651e-08 -0.993696 -0.000125971 -2.49955e-06 3.55889e-09 0.000125971 -0.98744
175 0.00477883 0.00158704 -6.79507e-06 -1.95911e-12 -3.90531e-09 -6.79506e-06 0.00157706 2.80654e-11 1.24165e-11 1.37339e-12 2.80593e-11 -0.00157705 -1.65221e-07 -3.96952e-09 4.67777e-12 1.65221e-07 -0.00156712 -0.0042816 -1.23444e-09 -2.46075e-06 -0.00428159 0.993713 1.76841e-08 7.82372e-09 8.65381e-10 1.76803e-08 -0.993704 -0.000104106 -2.50121e-06 2.94748e-09 0.000104106 -0.987445
175.5 0.00430199 0.00158776 -5.50526e-06 -1.58681e-12 -3.91253e-09 -5.50525e-06 0.00157779 2.76663e-11 1.00746e-11 1.11321e-12 2.76623e-11 -0.00157778 -1.33888e-07 -3.97372e-09 3.798e-12 1.33887e-07 -0.00156784 -0.00346731 -9.99402e-10 -2.46418e-06 -0.0034673 0.993716 1.74247e-08 6.34513e-09 7.01118e-10 1.74222e-08 -0.99371 -8.43246e-05 -2.50271e-06 2.39204e-09 8.43244e-05 -0.987449
176 0.00382481 0.00158841 -4.35072e-06 -1.25374e-12 -3.91899e-09 -4.35071e-06 0.00157844 2.73089e-11 7.97229e-12 8.80112e-13 2.73064e-11 -0.00157843 -1.05829e-07 -3.97747e-09 3.00726e-12 1.05829e-07 -0.00156848 -0.00273904 -7.89301e-10 -2.46724e-06 -0.00273903 0.993719 1.71926e-08 5.01903e-09 5.54083e-10 1.7191e-08 -0.993715 -6.66257e-05 -2.50406e-06 1.89325e-09 6.66255e-05 -0.987452
176.5 0.00334735 0.00158898 -3.33162e-06 -9.59861e-13 -3.9247e-09 -3.33161e-06 0.00157901 2.69933e-11 6.112e-12 6.742e-13 2.69918e-11 -0.001579 -8.10533e-08 -3.98078e-09 2.30674e-12 8.10531e-08 -0.00156905 -0.0020967 -6.04072e-10 -2.46995e-06 -0.00209669 0.993722 1.69878e-08 3.84648e-09 4.24296e-10 1.69868e-08 -0.993719 -5.10095e-05 -2.50524e-06 1.4517e-09 5.10094e-05 -0.987455
177 0.00286963 0.00158948 -2.4481e-06 -7.05185e-13 -3.92966e-09 -2.44809e-06 0.0015795 2.67195e-11 4.49568e-12 4.95562e-13 2.67187e-11 -0.0015795 -5.95672e-08 -3.98366e-09 1.69749e-12 5.9567e-08 -0.00156954 -0.00154019 -4.43657e-10 -2.47229e-06 -0.00154018 0.993724 1.68102e-08 2.82839e-09 3.11776e-10 1.68097e-08 -0.993723 -3.74759e-05 -2.50626e-06 1.06795e-09 3.74758e-05 -0.987456
177.5 0.00239169 0.0015899 -1.70029e-06 -4.89699e-13 -3.93385e-09 -1.70029e-06 0.00157992 2.64877e-11 3.12508e-12 3.44276e-13 2.64873e-11 -0.00157992 -4.13766e-08 -3.98609e-09 1.18042e-12 4.13765e-08 -0.00156996 -0.00106943 -3.08006e-10 -2.47428e-06 -0.00106943 0.993726 1.666e-08 1.96558e-09 2.1654e-10 1.66597e-08 -0.993725 -2.60246e-05 -2.50713e-06 7.42451e-10 2.60246e-05 -0.987457
178 0.00191357 0.00159024 -1.0883e-06 -3.13401e-13 -3.93729e-09 -1.0883e-06 0.00158027 2.6298e-11 2.00166e-12 2.20408e-13 2.62978e-11 -0.00158027 -2.64865e-08 -3.98808e-09 7.56315e-13 2.64864e-08 -0.0015703 -0.000684363 -1.97078e-10 -2.4759e-06 -0.000684361 0.993727 1.65371e-08 1.25871e-09 1.386e-10 1.6537e-08 -0.993727 -1.66556e-05 -2.50784e-06 4.75596e-10 1.66556e-05 -0.987458
178.5 0.00143531 0.00159051 -6.12222e-07 -1.76286e-13 -3.93996e-09 -6.12221e-07 0.00158054 2.61503e-11 1.12664e-12 1.24012e-13 2.61503e-11 -0.00158054 -1.4901e-08 -3.98963e-09 4.25798e-13 1.4901e-08 -0.00157056 -0.000384921 -1.10836e-10 -2.47717e-06 -0.000384921 0.993728 1.64414e-08 7.0835e-10 7.79698e-11 1.64414e-08 -0.993728 -9.36871e-06 -2.50839e-06 2.67711e-10 9.36869e-06 -0.987459
179 0.000956932 0.0015907 -2.72115e-07 -7.83476e-14 -3.94187e-09 -2.72114e-07 0.00158073 2.60448e-11 5.00952e-13 5.51259e-14 2.60448e-11 -0.00158073 -6.62345e-09 -3.99074e-09 1.89361e-13 6.62343e-09 -0.00157075 -0.000171066 -4.92535e-11 -2.47807e-06 -0.000171065 0.993729 1.63731e-08 3.14925e-10 3.46551e-11 1.63731e-08 -0.993729 -4.16385e-06 -2.50879e-06 1.19042e-10 4.16384e-06 -0.987459
179.5 0.000478484 0.00159082 -6.80312e-08 -1.95871e-14 -3.94302e-09 -6.8031e-08 0.00158084 2.59815e-11 1.25271e-13 1.37827e-14 2.59815e-11 -0.00158084 -1.65598e-09 -3.9914e-09 4.73575e-14 1.65597e-09 -0.00157087 -4.27649e-05 -1.23126e-11 -2.47861e-06 -4.27648e-05 0.993729 1.63322e-08 7.87466e-11 8.66388e-12 1.63322e-08 -0.993729 -1.04096e-06 -2.50902e-06 2.97693e-11 1.04096e-06 -0.987459
180 5.98114e-05 0.00159086 0 0 -3.9434e-09 0 0.00158088 2.59604e-11 0 0 2.59604e-11 -0.00158088 0 -3.99162e-09 0 0 -0.00157091 0 0 -2.47879e-06 0 0.99373 1.63185e-08 0 0 1.63185e-08 -0.99373 0 -2.5091e-06 0 0 -0.987459
