theta 2pi*dcos S11 S12 S13 S14 S21 S22 S23 S24 S31 S32 S33 S34 S41 S42 S43 S44 S12_norm S13_norm S14_norm S21_norm S22_norm S23_norm S24_norm S31_norm S32_norm S33_norm S34_norm S41_norm S42_norm S43_norm S44_norm
0 2.39246e-06 101.847 3.29857e-16 -1.11557e-17 0.30991 3.3581e-16 101.69 -0.331038 -8.55457e-17 -2.30408e-18 0.331038 101.69 1.48837e-16 0.309911 1.11596e-16 -1.71551e-16 101.598 3.23875e-18 -1.09534e-19 0.00304291 3.29721e-18 0.99846 -0.00325035 -8.39945e-19 -2.2623e-20 0.00325035 0.99846 1.46138e-18 0.00304291 1.09572e-18 -1.6844e-18 0.997552
0.1 1.91397e-05 101.839 -2.66566e-05 -1.39502e-06 0.309873 -2.66661e-05 101.683 -0.331001 -2.57085e-06 -1.01424e-06 0.331001 101.683 0.000300993 0.309873 8.07695e-07 -0.00030089 101.59 -2.61752e-07 -1.36983e-08 0.00304276 -2.61844e-07 0.99846 -0.00325023 -2.52442e-08 -9.95922e-09 0.00325023 0.99846 2.95557e-06 0.00304277 7.93106e-09 -2.95456e-06 0.997552
0.2 3.82793e-05 101.817 -0.000106595 -5.57873e-06 0.30976 -0.000106633 101.66 -0.330891 -1.02809e-05 -4.05631e-06 0.330891 101.66 0.00120375 0.30976 3.23027e-06 -0.00120334 101.568 -1.04693e-06 -5.47917e-08 0.00304231 -1.0473e-06 0.99846 -0.00324985 -1.00974e-07 -3.98392e-08 0.00324985 0.99846 1.18227e-05 0.00304232 3.17262e-08 -1.18186e-05 0.997552
0.3 5.74188e-05 101.78 -0.000239722 -1.25471e-05 0.309572 -0.000239806 101.623 -0.330707 -2.31225e-05 -9.12424e-06 0.330707 101.623 0.00270761 0.309572 7.26619e-06 -0.00270668 101.531 -2.35529e-06 -1.23276e-07 0.00304157 -2.35612e-06 0.99846 -0.00324923 -2.27181e-07 -8.96466e-08 0.00324923 0.99846 2.66025e-05 0.00304158 7.13911e-08 -2.65934e-05 0.997552
0.4 7.65581e-05 101.728 -0.000425879 -2.22933e-05 0.309308 -0.00042603 101.571 -0.330449 -4.10831e-05 -1.62148e-05 0.330449 101.571 0.00481145 0.309308 1.29129e-05 -0.00480981 101.479 -4.18644e-06 -2.19146e-07 0.00304054 -4.18792e-06 0.998459 -0.00324835 -4.03851e-07 -1.59393e-07 0.00324835 0.998459 4.72971e-05 0.00304054 1.26935e-07 -4.7281e-05 0.997552
0.5 9.56972e-05 101.662 -0.000664848 -3.48079e-05 0.30897 -0.000665084 101.505 -0.330118 -6.41449e-05 -2.53233e-05 0.330118 101.505 0.00751373 0.30897 2.01669e-05 -0.00751117 101.413 -6.53981e-06 -3.4239e-07 0.0030392 -6.54214e-06 0.998459 -0.00324722 -6.30965e-07 -2.49094e-07 0.00324722 0.998459 7.39093e-05 0.0030392 1.98373e-07 -7.38841e-05 0.997551
0.6 0.000114836 101.58 -0.000956347 -5.00788e-05 0.308557 -0.000956688 101.424 -0.329714 -9.22854e-05 -3.6444e-05 0.329714 101.424 0.0108125 0.308556 2.90235e-05 -0.0108088 101.331 -9.4147e-06 -4.92998e-07 0.00303758 -9.41805e-06 0.998458 -0.00324585 -9.08499e-07 -3.58771e-07 0.00324585 0.998458 0.000106443 0.00303756 2.8572e-07 -0.000106406 0.997551
0.7 0.000133974 101.484 -0.00130003 -6.80911e-05 0.30807 -0.0013005 101.328 -0.329236 -0.000125477 -4.95697e-05 0.329236 101.328 0.0147052 0.308068 3.94772e-05 -0.0147002 101.235 -1.28102e-05 -6.70954e-07 0.00303565 -1.28148e-05 0.998458 -0.00324422 -1.23642e-06 -4.88448e-07 0.00324422 0.998458 0.000144902 0.00303563 3.88999e-07 -0.000144852 0.99755
0.8 0.000153112 101.373 -0.0016955 -8.88274e-05 0.307509 -0.00169611 101.217 -0.328686 -0.000163687 -6.46919e-05 0.328686 101.217 0.0191891 0.307505 5.15214e-05 -0.0191825 101.125 -1.67253e-05 -8.76241e-07 0.00303343 -1.67313e-05 0.998457 -0.00324234 -1.61469e-06 -6.38156e-07 0.00324234 0.998457 0.000189292 0.0030334 5.08235e-07 -0.000189227 0.99755
0.9 0.00017225 101.248 -0.00214228 -0.000112267 0.306873 -0.00214305 101.091 -0.328064 -0.000206877 -8.18009e-05 0.328064 101.091 0.0242608 0.306869 6.51485e-05 -0.0242525 101 -2.11588e-05 -1.10884e-06 0.00303091 -2.11664e-05 0.998457 -0.00324021 -2.04328e-06 -8.07928e-07 0.00324021 0.998457 0.000239618 0.00303087 6.43456e-07 -0.000239537 0.997549
1 0.000191387 101.108 -0.00263985 -0.000138389 0.306164 -0.00264081 100.952 -0.327369 -0.000255006 -0.000100886 0.327369 100.952 0.0299166 0.306159 8.035e-05 -0.0299065 100.86 -2.61093e-05 -1.36873e-06 0.0030281 -2.61188e-05 0.998456 -0.00323783 -2.52213e-06 -9.97804e-07 0.00323783 0.998456 0.000295889 0.00302805 7.94697e-07 -0.000295788 0.997548
1.1 0.000210523 100.953 -0.00318762 -0.000167166 0.305382 -0.00318878 100.797 -0.326603 -0.000308027 -0.000121934 0.326603 100.797 0.0361524 0.305375 9.71163e-05 -0.0361401 100.706 -3.15753e-05 -1.65587e-06 0.00302499 -3.15868e-05 0.998455 -0.0032352 -3.05119e-06 -1.20783e-06 0.0032352 0.998455 0.000358111 0.00302492 9.61994e-07 -0.000357989 0.997547
1.2 0.000229659 100.784 -0.00378494 -0.00019857 0.304528 -0.00378633 100.628 -0.325766 -0.000365886 -0.000144932 0.325765 100.628 0.0429635 0.304519 0.000115437 -0.0429489 100.537 -3.7555e-05 -1.97026e-06 0.00302159 -3.75687e-05 0.998454 -0.00323231 -3.6304e-06 -1.43804e-06 0.00323231 0.998454 0.000426293 0.00302151 1.14539e-06 -0.000426148 0.997547
1.3 0.000248794 100.601 -0.00443112 -0.000232573 0.303601 -0.00443275 100.445 -0.324857 -0.000428527 -0.000169865 0.324857 100.445 0.050345 0.303591 0.0001353 -0.0503278 100.354 -4.40466e-05 -2.31184e-06 0.00301789 -4.40628e-05 0.998453 -0.00322918 -4.25969e-06 -1.68851e-06 0.00322918 0.998453 0.000500444 0.00301779 1.34493e-06 -0.000500274 0.997546
1.4 0.000267929 100.403 -0.00512537 -0.000269139 0.302603 -0.00512727 100.247 -0.323878 -0.00049589 -0.000196717 0.323878 100.247 0.0582913 0.302591 0.000156694 -0.0582715 100.156 -5.10481e-05 -2.68059e-06 0.00301389 -5.1067e-05 0.998452 -0.00322579 -4.939e-06 -1.95928e-06 0.00322579 0.998452 0.000580575 0.00301377 1.56066e-06 -0.000580377 0.997544
1.5 0.000287062 100.191 -0.00586688 -0.000308235 0.301534 -0.00586907 100.036 -0.322829 -0.000567907 -0.000225471 0.322829 100.036 0.0667967 0.30152 0.000179606 -0.066774 99.9446 -5.85571e-05 -3.07648e-06 0.00300959 -5.8579e-05 0.998451 -0.00322215 -5.66826e-06 -2.25042e-06 0.00322214 0.998451 0.000666696 0.00300946 1.79264e-06 -0.000666469 0.997543
1.6 0.000306195 99.9646 -0.00665478 -0.000349821 0.300394 -0.00665728 99.8096 -0.321711 -0.000644509 -0.000256109 0.321711 99.8096 0.075855 0.300379 0.00020402 -0.0758292 99.7189 -6.65714e-05 -3.49945e-06 0.00300501 -6.65964e-05 0.99845 -0.00321825 -6.44737e-06 -2.562e-06 0.00321825 0.998449 0.000758818 0.00300485 2.04092e-06 -0.000758561 0.997542
1.7 0.000325327 99.7243 -0.00748813 -0.000393858 0.299185 -0.00749096 99.5696 -0.320524 -0.00072562 -0.00028861 0.320524 99.5695 0.0854593 0.299168 0.000229922 -0.0854303 99.4791 -7.50883e-05 -3.94947e-06 0.00300012 -7.51167e-05 0.998448 -0.0032141 -7.27625e-06 -2.89408e-06 0.0032141 0.998448 0.000856956 0.00299995 2.30557e-06 -0.000856665 0.997541
1.8 0.000344457 99.4701 -0.00836593 -0.000440303 0.297907 -0.00836912 99.3156 -0.319269 -0.00081116 -0.000322954 0.319269 99.3155 0.0956028 0.297888 0.000257295 -0.0955704 99.2253 -8.4105e-05 -4.42649e-06 0.00299494 -8.41371e-05 0.998447 -0.0032097 -8.15482e-06 -3.24674e-06 0.00320969 0.998446 0.000961121 0.00299475 2.58666e-06 -0.000960795 0.997539
1.9 0.000363587 99.202 -0.00928715 -0.000489111 0.296561 -0.00929073 99.0478 -0.317947 -0.000901047 -0.000359118 0.317946 99.0477 0.106278 0.296539 0.000286124 -0.106242 98.9577 -9.36186e-05 -4.93045e-06 0.00298946 -9.36546e-05 0.998445 -0.00320504 -9.08295e-06 -3.62007e-06 0.00320504 0.998445 0.00107133 0.00298925 2.88425e-06 -0.00107097 0.997538
2 0.000382716 98.9201 -0.0102507 -0.000540234 0.295147 -0.0102547 98.7662 -0.316558 -0.000995192 -0.00039708 0.316557 98.7661 0.117477 0.295123 0.00031639 -0.117437 98.6764 -0.000103626 -5.46132e-06 0.00298369 -0.000103666 0.998444 -0.00320013 -1.00606e-05 -4.01415e-06 0.00320012 0.998443 0.00118759 0.00298345 3.19844e-06 -0.00118719 0.997536
2.1 0.000401843 98.6246 -0.0112554 -0.000593624 0.293667 -0.0112598 98.471 -0.315102 -0.0010935 -0.000436816 0.315101 98.4709 0.129191 0.29364 0.000348074 -0.129148 98.3814 -0.000114124 -6.01902e-06 0.00297762 -0.000114168 0.998442 -0.00319497 -1.10875e-05 -4.42907e-06 0.00319495 0.998441 0.00130993 0.00297735 3.52928e-06 -0.00130949 0.997534
2.2 0.000420969 98.3156 -0.0123001 -0.000649228 0.292121 -0.012305 98.1622 -0.313582 -0.00119589 -0.000478299 0.31358 98.1621 0.141413 0.292092 0.000381158 -0.141365 98.073 -0.000125108 -6.60351e-06 0.00297125 -0.000125158 0.99844 -0.00318954 -1.21637e-05 -4.86493e-06 0.00318953 0.998439 0.00143836 0.00297096 3.87688e-06 -0.00143787 0.997532
2.3 0.000440094 97.9932 -0.0133835 -0.000706992 0.29051 -0.0133889 97.8401 -0.311997 -0.00130224 -0.000521503 0.311995 97.84 0.154133 0.290479 0.000415621 -0.154081 97.7511 -0.000136576 -7.21471e-06 0.00296459 -0.000136631 0.998438 -0.00318386 -1.32891e-05 -5.32183e-06 0.00318384 0.998437 0.00157289 0.00296427 4.24133e-06 -0.00157236 0.99753
2.4 0.000459218 97.6575 -0.0145044 -0.000766861 0.288835 -0.0145102 97.5047 -0.310348 -0.00141246 -0.000566401 0.310346 97.5046 0.167341 0.288801 0.000451442 -0.167285 97.416 -0.000148523 -7.85256e-06 0.00295764 -0.000148583 0.998436 -0.00317792 -1.44634e-05 -5.79987e-06 0.0031779 0.998434 0.00171355 0.00295729 4.62271e-06 -0.00171298 0.997528
2.5 0.00047834 97.3086 -0.0156613 -0.000828776 0.287098 -0.0156677 97.1562 -0.308637 -0.00152644 -0.000612964 0.308634 97.156 0.181029 0.287061 0.0004886 -0.180968 97.0678 -0.000160945 -8.51699e-06 0.00295038 -0.00016101 0.998434 -0.00317173 -1.56865e-05 -6.29918e-06 0.0031717 0.998432 0.00186036 0.00295 5.02114e-06 -0.00185973 0.997525
2.6 0.000497461 96.9467 -0.016853 -0.000892678 0.285298 -0.0168599 96.7947 -0.306863 -0.00164406 -0.000661162 0.30686 96.7945 0.195186 0.285259 0.000527073 -0.19512 96.7066 -0.000173837 -9.20792e-06 0.00294283 -0.000173909 0.998432 -0.00316528 -1.69584e-05 -6.81985e-06 0.00316525 0.998429 0.00201333 0.00294242 5.43672e-06 -0.00201265 0.997523
2.7 0.00051658 96.572 -0.0180779 -0.000958504 0.283438 -0.0180854 96.4204 -0.305029 -0.00176522 -0.000710965 0.305025 96.4201 0.209801 0.283395 0.000566836 -0.209731 96.3325 -0.000187196 -9.92528e-06 0.00293499 -0.000187274 0.998429 -0.00315856 -1.82788e-05 -7.36202e-06 0.00315853 0.998427 0.00217248 0.00293455 5.86957e-06 -0.00217175 0.99752
2.8 0.000535698 96.1846 -0.0193346 -0.00102619 0.281518 -0.0193427 96.0333 -0.303135 -0.0018898 -0.00076234 0.303131 96.033 0.224865 0.281472 0.000607867 -0.224789 95.9458 -0.000201016 -1.0669e-05 0.00292685 -0.0002011 0.998427 -0.00315159 -1.96477e-05 -7.9258e-06 0.00315155 0.998424 0.00233785 0.00292637 6.3198e-06 -0.00233706 0.997517
2.9 0.000554814 95.7846 -0.0206216 -0.00109567 0.279539 -0.0206304 95.6337 -0.301181 -0.00201768 -0.000815256 0.301176 95.6334 0.240366 0.27949 0.000650142 -0.240285 95.5465 -0.000215291 -1.14389e-05 0.00291841 -0.000215383 0.998424 -0.00314436 -2.10647e-05 -8.51134e-06 0.00314431 0.998421 0.00250944 0.0029179 6.78754e-06 -0.0025086 0.997514
3 0.000573928 95.3723 -0.0219373 -0.00116688 0.277503 -0.0219468 95.2217 -0.29917 -0.00214872 -0.000869678 0.299164 95.2213 0.256293 0.277451 0.000693634 -0.256207 95.1349 -0.000230018 -1.2235e-05 0.00290968 -0.000230117 0.998422 -0.00313686 -2.25298e-05 -9.11877e-06 0.00313681 0.998418 0.00268729 0.00290914 7.27291e-06 -0.00268639 0.997511
3.1 0.00059304 94.9476 -0.0232802 -0.00123975 0.27541 -0.0232903 94.7975 -0.297101 -0.00228281 -0.000925572 0.297095 94.7971 0.272634 0.275355 0.000738319 -0.272543 94.711 -0.00024519 -1.30572e-05 0.00290065 -0.000245297 0.998419 -0.00312911 -2.40428e-05 -9.74823e-06 0.00312904 0.998414 0.00287141 0.00290007 7.77607e-06 -0.00287045 0.997507
3.2 0.000612151 94.511 -0.0246486 -0.00131421 0.273263 -0.0246594 94.3613 -0.294977 -0.00241982 -0.000982902 0.29497 94.3607 0.289378 0.273204 0.000784171 -0.289281 94.2751 -0.000260801 -1.39054e-05 0.00289133 -0.000260916 0.998416 -0.00312108 -2.56035e-05 -1.03999e-05 0.00312101 0.998411 0.00306184 0.00289071 8.29714e-06 -0.00306082 0.997504
3.3 0.00063126 94.0624 -0.0260408 -0.00139019 0.271061 -0.0260524 93.9131 -0.292797 -0.0025596 -0.00104163 0.29279 93.9125 0.306511 0.270999 0.000831162 -0.306409 93.8272 -0.000276846 -1.47794e-05 0.00288171 -0.000276969 0.998413 -0.0031128 -2.72118e-05 -1.10738e-05 0.00311272 0.998407 0.0032586 0.00288105 8.83629e-06 -0.00325751 0.9975
3.4 0.000650367 93.6021 -0.0274552 -0.0014676 0.268806 -0.0274675 93.4532 -0.290564 -0.00270204 -0.00110173 0.290556 93.4526 0.324023 0.268741 0.000879266 -0.323915 93.3677 -0.000293318 -1.56792e-05 0.0028718 -0.00029345 0.99841 -0.00310425 -2.88673e-05 -1.17703e-05 0.00310416 0.998403 0.00346171 0.0028711 9.39366e-06 -0.00346055 0.997496
3.5 0.000669472 93.1303 -0.0288899 -0.00154639 0.2665 -0.0289031 92.9818 -0.288279 -0.00284698 -0.00116314 0.288269 92.9811 0.3419 0.266431 0.000928455 -0.341786 92.8967 -0.00031021 -1.66046e-05 0.00286159 -0.000310352 0.998406 -0.00309544 -3.05699e-05 -1.24894e-05 0.00309534 0.998399 0.00367121 0.00286084 9.96943e-06 -0.00366998 0.997492
3.6 0.000688575 92.6471 -0.0303434 -0.00162647 0.264144 -0.0303574 92.4991 -0.285942 -0.0029943 -0.00122585 0.285931 92.4983 0.36013 0.264072 0.000978701 -0.36001 92.4143 -0.000327516 -1.75555e-05 0.00285108 -0.000327667 0.998403 -0.00308635 -3.23194e-05 -1.32314e-05 0.00308624 0.998394 0.00388711 0.0028503 1.05638e-05 -0.00388582 0.997487
3.7 0.000707676 92.1527 -0.0318137 -0.00170776 0.26174 -0.0318286 92.0052 -0.283554 -0.00314385 -0.0012898 0.283543 92.0043 0.378698 0.261663 0.00102997 -0.378572 91.9207 -0.000345228 -1.85318e-05 0.00284028 -0.00034539 0.998399 -0.003077 -3.41156e-05 -1.39963e-05 0.00307688 0.99839 0.00410946 0.00283945 1.11768e-05 -0.0041081 0.997483
3.8 0.000726775 91.6474 -0.0332991 -0.00179019 0.259287 -0.0333149 91.5003 -0.281118 -0.00329548 -0.00135496 0.281105 91.4994 0.397593 0.259207 0.00108225 -0.397461 91.4162 -0.000363339 -1.95334e-05 0.00282918 -0.000363511 0.998396 -0.00306739 -3.59583e-05 -1.47845e-05 0.00306725 0.998385 0.00433829 0.00282831 1.18088e-05 -0.00433685 0.997478
3.9 0.000745871 91.1313 -0.0347977 -0.00187367 0.256789 -0.0348144 90.9847 -0.278634 -0.00344906 -0.00142128 0.278619 90.9836 0.416799 0.256705 0.00113549 -0.416661 90.9009 -0.000381841 -2.05601e-05 0.00281779 -0.000382025 0.998392 -0.0030575 -3.78471e-05 -1.5596e-05 0.00305734 0.99838 0.00457361 0.00281687 1.24599e-05 -0.0045721 0.997472
4 0.000764965 90.6046 -0.0363077 -0.00195813 0.254246 -0.0363253 90.4585 -0.276103 -0.00360442 -0.00148873 0.276087 90.4573 0.436304 0.254158 0.00118967 -0.436159 90.375 -0.000400727 -2.16118e-05 0.0028061 -0.000400922 0.998388 -0.00304734 -3.97819e-05 -1.64311e-05 0.00304717 0.998375 0.00481547 0.00280514 1.31304e-05 -0.00481388 0.997467
4.1 0.000784057 90.0675 -0.0378272 -0.00204348 0.25166 -0.0378458 89.9219 -0.273526 -0.00376144 -0.00155726 0.273509 89.9206 0.456093 0.251568 0.00124477 -0.455942 89.8388 -0.000419987 -2.26883e-05 0.00279412 -0.000420194 0.998384 -0.00303691 -4.17624e-05 -1.72899e-05 0.00303672 0.998369 0.0050639 0.00279311 1.38204e-05 -0.00506223 0.997461
4.2 0.000803147 89.5202 -0.0393542 -0.00212965 0.249031 -0.0393739 89.3751 -0.270906 -0.00391994 -0.00162682 0.270888 89.3737 0.476152 0.248936 0.00130074 -0.475995 89.2924 -0.000439613 -2.37896e-05 0.00278184 -0.000439832 0.998379 -0.0030262 -4.37884e-05 -1.81727e-05 0.00302599 0.998363 0.00531893 0.00278078 1.45301e-05 -0.00531718 0.997455
4.3 0.000822234 88.963 -0.040887 -0.00221654 0.246363 -0.0409076 88.8184 -0.268243 -0.0040798 -0.00169739 0.268223 88.8168 0.496467 0.246263 0.00135756 -0.496304 88.736 -0.000459595 -2.49153e-05 0.00276927 -0.000459827 0.998375 -0.00301522 -4.58595e-05 -1.90797e-05 0.00301499 0.998357 0.0055806 0.00276816 1.52598e-05 -0.00557876 0.997449
4.4 0.000841318 88.396 -0.0424235 -0.00230408 0.243655 -0.0424452 88.2519 -0.265539 -0.00424084 -0.0017689 0.265517 88.2502 0.517024 0.243552 0.0014152 -0.516853 88.1699 -0.000479925 -2.60654e-05 0.0027564 -0.000480171 0.99837 -0.00300397 -4.79755e-05 -2.00111e-05 0.00300372 0.998351 0.00584895 0.00275524 1.60098e-05 -0.00584702 0.997442
4.5 0.0008604 87.8195 -0.0439618 -0.00239217 0.24091 -0.0439846 87.6759 -0.262794 -0.00440293 -0.00184132 0.26277 87.6741 0.537807 0.240803 0.00147362 -0.53763 87.5942 -0.000500593 -2.72396e-05 0.00274324 -0.000500852 0.998365 -0.00299243 -5.01361e-05 -2.09671e-05 0.00299216 0.998344 0.006124 0.00274202 1.67802e-05 -0.00612199 0.997435
4.6 0.00087948 87.2337 -0.0455 -0.00248074 0.238129 -0.0455239 87.0906 -0.260011 -0.0045659 -0.0019146 0.259985 87.0886 0.558801 0.238018 0.00153281 -0.558618 87.0092 -0.000521587 -2.84379e-05 0.00272978 -0.000521861 0.99836 -0.00298062 -5.23411e-05 -2.1948e-05 0.00298033 0.998337 0.0064058 0.00272851 1.75713e-05 -0.0064037 0.997427
4.7 0.000898556 86.6387 -0.047036 -0.0025697 0.235313 -0.0470611 86.4962 -0.25719 -0.00472961 -0.0019887 0.257162 86.494 0.579993 0.235198 0.00159271 -0.579803 86.4151 -0.000542899 -2.966e-05 0.00271603 -0.000543187 0.998355 -0.00296853 -5.459e-05 -2.29539e-05 0.00296821 0.998329 0.00669438 0.0027147 1.83834e-05 -0.00669219 0.997419
4.8 0.00091763 86.0349 -0.048568 -0.00265896 0.232464 -0.0485942 85.8929 -0.254333 -0.00489389 -0.00206357 0.254303 85.8905 0.601366 0.232346 0.00165331 -0.60117 85.8122 -0.000564515 -3.09057e-05 0.00270198 -0.00056482 0.998349 -0.00295616 -5.68826e-05 -2.39852e-05 0.00295581 0.998322 0.0069898 0.0027006 1.92168e-05 -0.00698751 0.997411
4.9 0.000936701 85.4224 -0.050094 -0.00274844 0.229584 -0.0501213 85.281 -0.251441 -0.0050586 -0.00213916 0.251409 85.2784 0.622906 0.229462 0.00171458 -0.622703 85.2006 -0.000586427 -3.21747e-05 0.00268763 -0.000586747 0.998344 -0.00294351 -5.92186e-05 -2.50421e-05 0.00294313 0.998314 0.00729207 0.0026862 2.00717e-05 -0.00728969 0.997403
5 0.00095577 84.8015 -0.0516119 -0.00283805 0.226674 -0.0516404 84.6606 -0.248517 -0.00522358 -0.00221543 0.248482 84.6578 0.644598 0.226548 0.00177647 -0.644388 84.5805 -0.00060862 -3.3467e-05 0.00267299 -0.000608957 0.998338 -0.00293057 -6.15977e-05 -2.61249e-05 0.00293016 0.998305 0.00760125 0.00267151 2.09485e-05 -0.00759878 0.997394
5.1 0.000974835 84.1724 -0.0531199 -0.00292771 0.223735 -0.0531496 84.032 -0.24556 -0.00538867 -0.00229233 0.245523 84.029 0.666426 0.223605 0.00183895 -0.666209 83.9523 -0.000631084 -3.47823e-05 0.00265806 -0.000631437 0.998332 -0.00291734 -6.40194e-05 -2.72337e-05 0.0029169 0.998296 0.00791739 0.00265652 2.18475e-05 -0.00791481 0.997384
5.2 0.000993897 83.5354 -0.0546158 -0.00301732 0.22077 -0.0546468 83.3955 -0.242573 -0.00555372 -0.00236981 0.242533 83.3923 0.688374 0.220636 0.00190201 -0.68815 83.316 -0.000653805 -3.61202e-05 0.00264283 -0.000654175 0.998326 -0.00290383 -6.64834e-05 -2.8369e-05 0.00290336 0.998287 0.00824051 0.00264123 2.27689e-05 -0.00823783 0.997375
5.3 0.00101296 82.8906 -0.0560978 -0.0031068 0.217779 -0.05613 82.7513 -0.239556 -0.00571857 -0.00244783 0.239514 82.7478 0.710428 0.217642 0.0019656 -0.710197 82.6721 -0.00067677 -3.74807e-05 0.00262731 -0.000677158 0.998319 -0.00289003 -6.89895e-05 -2.95309e-05 0.00288952 0.998278 0.00857067 0.00262565 2.37132e-05 -0.00856789 0.997364
5.4 0.00103201 82.2383 -0.0575639 -0.00319606 0.214765 -0.0575974 82.0995 -0.236512 -0.00588309 -0.00252634 0.236467 82.0958 0.732571 0.214623 0.00202969 -0.732334 82.0206 -0.000699965 -3.88634e-05 0.00261149 -0.000700372 0.998313 -0.00287594 -7.15371e-05 -3.07197e-05 0.00287539 0.998268 0.00890791 0.00260978 2.46806e-05 -0.00890503 0.997353
5.5 0.00105107 81.5787 -0.0590121 -0.00328502 0.211728 -0.0590469 81.4405 -0.233442 -0.0060471 -0.00260528 0.233394 81.4365 0.754789 0.211583 0.00209425 -0.754545 81.3619 -0.000723377 -4.02682e-05 0.00259538 -0.000723803 0.998306 -0.00286156 -7.41259e-05 -3.19358e-05 0.00286097 0.998257 0.00925228 0.00259361 2.56716e-05 -0.00924929 0.997342
5.6 0.00107012 80.9121 -0.0604405 -0.0033736 0.20867 -0.0604765 80.7745 -0.230347 -0.00621046 -0.00268462 0.230296 80.7702 0.777066 0.208522 0.00215926 -0.776815 80.6961 -0.00074699 -4.16946e-05 0.00257897 -0.000747435 0.998299 -0.00284688 -7.67556e-05 -3.31795e-05 0.00284625 0.998246 0.00960382 0.00257714 2.66864e-05 -0.00960073 0.99733
5.7 0.00108916 80.2388 -0.0618471 -0.0034617 0.205594 -0.0618845 80.1017 -0.227229 -0.00637301 -0.0027643 0.227175 80.0971 0.799386 0.205442 0.00222467 -0.799128 80.0236 -0.000770789 -4.31425e-05 0.00256227 -0.000771254 0.998291 -0.00283191 -7.94256e-05 -3.4451e-05 0.00283123 0.998235 0.00996259 0.00256038 2.77256e-05 -0.00995938 0.997318
5.8 0.00110821 79.5589 -0.0632301 -0.00354924 0.2025 -0.0632687 79.4223 -0.224089 -0.00653462 -0.00284428 0.224031 79.4175 0.821734 0.202344 0.00229045 -0.821469 79.3445 -0.000794758 -4.46115e-05 0.00254528 -0.000795243 0.998284 -0.00281664 -8.21357e-05 -3.57507e-05 0.00281592 0.998223 0.0103286 0.00254333 2.87894e-05 -0.0103253 0.997305
5.9 0.00112725 78.8727 -0.0645873 -0.00363614 0.199389 -0.0646273 78.7367 -0.220928 -0.00669513 -0.00292451 0.220867 78.7315 0.844094 0.199231 0.00235658 -0.843823 78.659 -0.000818881 -4.61014e-05 0.00252799 -0.000819387 0.998276 -0.00280107 -8.48853e-05 -3.70788e-05 0.0028003 0.998211 0.010702 0.00252598 2.98783e-05 -0.0106985 0.997292
6 0.00172656 78.1804 -0.0659171 -0.00372231 0.196265 -0.0659584 78.045 -0.217748 -0.00685439 -0.00300493 0.217684 78.0395 0.86645 0.196103 0.00242303 -0.866173 77.9676 -0.000843141 -4.76118e-05 0.00251041 -0.000843669 0.998268 -0.0027852 -8.7674e-05 -3.84358e-05 0.00278438 0.998198 0.0110827 0.00250833 3.09928e-05 -0.0110792 0.997278
6.2 0.00236869 76.7787 -0.0684867 -0.00389213 0.189978 -0.0685305 76.6444 -0.211338 -0.0071686 -0.00316617 0.211266 76.6382 0.911093 0.18981 0.00255674 -0.910802 76.5674 -0.000892001 -5.06929e-05 0.00247436 -0.000892572 0.998251 -0.00275255 -9.3367e-05 -4.12377e-05 0.00275162 0.99817 0.0118665 0.00247217 3.33001e-05 -0.0118627 0.997248
6.4 0.00244479 75.3557 -0.0709239 -0.00405806 0.183652 -0.0709703 75.2225 -0.204868 -0.0074761 -0.00332764 0.204788 75.2156 0.955538 0.183478 0.00269134 -0.955234 75.1458 -0.000941188 -5.3852e-05 0.00243714 -0.000941804 0.998232 -0.00271868 -9.92108e-05 -4.4159e-05 0.00271762 0.998141 0.0126804 0.00243482 3.57151e-05 -0.0126763 0.997215
6.6 0.00252085 73.9134 -0.0732143 -0.00421944 0.177299 -0.0732633 73.7813 -0.19835 -0.0077758 -0.00348892 0.198263 73.7736 0.999665 0.177119 0.00282658 -0.999348 73.7049 -0.000990542 -5.70863e-05 0.00239875 -0.000991205 0.998213 -0.00268355 -0.000105202 -4.72029e-05 0.00268237 0.998109 0.0135248 0.00239631 3.82418e-05 -0.0135205 0.997179
6.8 0.00259689 72.4537 -0.0753441 -0.00437565 0.170931 -0.0753956 72.3227 -0.191797 -0.00806662 -0.00364966 0.191701 72.3141 1.04335 0.170746 0.00296224 -1.04302 72.2465 -0.00103989 -6.03923e-05 0.00235918 -0.0010406 0.998192 -0.00264716 -0.000111335 -5.03723e-05 0.00264584 0.998074 0.0144003 0.00235662 4.08846e-05 -0.0143957 0.997141
7 0.00267289 70.9786 -0.0772998 -0.00452608 0.16456 -0.0773536 70.8487 -0.185218 -0.00834754 -0.00380947 0.185114 70.8392 1.08648 0.16437 0.00309807 -1.08614 70.7727 -0.00108906 -6.37668e-05 0.00231844 -0.00108982 0.99817 -0.00260949 -0.000117606 -5.36706e-05 0.00260802 0.998036 0.0153072 0.00231577 4.3648e-05 -0.0153024 0.997099
7.2 0.00274886 69.4901 -0.0790684 -0.00467014 0.158197 -0.0791246 69.3613 -0.178626 -0.00861758 -0.00396796 0.178512 69.3508 1.12894 0.158003 0.00323386 -1.12859 69.2853 -0.00113784 -6.72058e-05 0.00227654 -0.00113865 0.998146 -0.00257052 -0.000124012 -5.71011e-05 0.00256889 0.997995 0.0162461 0.00227375 4.6537e-05 -0.016241 0.997053
7.4 0.0028248 67.9901 -0.0806378 -0.00480728 0.151853 -0.080696 67.8623 -0.17203 -0.00887579 -0.00412479 0.171907 67.8508 1.17062 0.151656 0.00336939 -1.17025 67.7864 -0.00118602 -7.07056e-05 0.00223347 -0.00118688 0.998121 -0.00253022 -0.000130545 -6.06675e-05 0.00252842 0.997951 0.0172175 0.00223056 4.9557e-05 -0.0172121 0.997004
7.6 0.00290071 66.4805 -0.0819961 -0.00493694 0.145541 -0.0820564 66.3538 -0.165442 -0.0091213 -0.00427957 0.16531 66.3412 1.2114 0.145341 0.00350443 -1.21102 66.2778 -0.00123339 -7.42615e-05 0.00218923 -0.00123429 0.998094 -0.00248858 -0.000137203 -6.43734e-05 0.00248659 0.997904 0.0182219 0.00218622 5.27136e-05 -0.0182162 0.996951
7.8 0.00297657 64.9633 -0.0831326 -0.00505863 0.13927 -0.0831946 64.8376 -0.158872 -0.00935328 -0.00443197 0.158731 64.8238 1.25118 0.139068 0.00363878 -1.25079 64.7615 -0.00127969 -7.78691e-05 0.00214382 -0.00128064 0.998065 -0.00244557 -0.000143978 -6.82227e-05 0.00244339 0.997853 0.0192597 0.00214072 5.60129e-05 -0.0192538 0.996893
8 0.00305241 63.4403 -0.084037 -0.00517186 0.133051 -0.0841005 63.3156 -0.152331 -0.00957096 -0.00458163 0.15218 63.3006 1.28985 0.132848 0.00377224 -1.28945 63.2393 -0.00132466 -8.15233e-05 0.00209726 -0.00132566 0.998035 -0.00240117 -0.000150866 -7.22195e-05 0.00239878 0.997798 0.0203317 0.00209406 5.94613e-05 -0.0203254 0.996831
8.2 0.0031282 61.9135 -0.0846999 -0.00527618 0.126894 -0.0847647 61.7898 -0.145828 -0.00977363 -0.00472821 0.145667 61.7735 1.32732 0.126691 0.00390462 -1.32691 61.7132 -0.00136804 -8.52186e-05 0.00204954 -0.00136908 0.998002 -0.00235536 -0.00015786 -7.6368e-05 0.00235275 0.997738 0.0214382 0.00204626 6.30658e-05 -0.0214316 0.996764
8.4 0.00320396 60.3846 -0.0851128 -0.00537116 0.12081 -0.0851785 60.2619 -0.139374 -0.00996065 -0.00487139 0.139202 60.2442 1.36348 0.120607 0.00403573 -1.36306 60.1849 -0.00140951 -8.89491e-05 0.00200067 -0.0014106 0.997967 -0.0023081 -0.000164953 -8.06727e-05 0.00230526 0.997675 0.02258 0.00199731 6.68337e-05 -0.022573 0.996692
8.6 0.00327968 58.8555 -0.0852678 -0.00545642 0.114806 -0.0853341 58.7337 -0.132976 -0.0101314 -0.00501085 0.132795 58.7146 1.39826 0.114604 0.00416538 -1.39783 58.6562 -0.00144876 -9.27087e-05 0.00195064 -0.00144989 0.99793 -0.00225937 -0.00017214 -8.51381e-05 0.00225629 0.997606 0.0237575 0.00194722 7.07729e-05 -0.0237502 0.996614
8.8 0.00335535 57.328 -0.0851582 -0.00553161 0.108892 -0.0852248 57.2071 -0.126646 -0.0102854 -0.00514629 0.126455 57.1865 1.43156 0.108693 0.0042934 -1.43112 57.129 -0.00148546 -9.64906e-05 0.00189946 -0.00148662 0.997891 -0.00220914 -0.000179414 -8.97692e-05 0.00220581 0.997532 0.0249714 0.00189599 7.48919e-05 -0.0249638 0.99653
9 0.00343099 55.8037 -0.084778 -0.00559641 0.103078 -0.0848444 55.6837 -0.12039 -0.0104222 -0.0052774 0.12019 55.6616 1.4633 0.102882 0.00441963 -1.46286 55.605 -0.00151922 -0.000100287 0.00184715 -0.00152041 0.997849 -0.00215738 -0.000186766 -9.45708e-05 0.0021538 0.997453 0.0262223 0.00184364 7.91996e-05 -0.0262144 0.996439
9.2 0.00350659 54.2844 -0.0841224 -0.00565053 0.0973693 -0.0841882 54.1652 -0.114218 -0.0105415 -0.00540392 0.114009 54.1415 1.49341 0.0971779 0.00454391 -1.49296 54.0858 -0.00154966 -0.000104091 0.00179369 -0.00155087 0.997804 -0.00210407 -0.00019419 -9.95483e-05 0.00210021 0.997368 0.0275109 0.00179016 8.37056e-05 -0.0275025 0.996342
9.4 0.00358214 52.7717 -0.0831872 -0.00569374 0.0917752 -0.0832519 52.6533 -0.108137 -0.0106428 -0.00552557 0.107919 52.628 1.52181 0.0915892 0.00466607 -1.52135 52.5731 -0.00157636 -0.000107894 0.0017391 -0.00157759 0.997757 -0.00204916 -0.000201676 -0.000104707 0.00204502 0.997276 0.0288376 0.00173557 8.84199e-05 -0.0288289 0.996237
9.6 0.00365765 51.2672 -0.0819694 -0.00572583 0.0863023 -0.0820326 51.1496 -0.102156 -0.010726 -0.00564209 0.101929 51.1226 1.54844 0.0861228 0.00478598 -1.54797 51.0686 -0.00159887 -0.000111686 0.00168338 -0.0016001 0.997706 -0.00199262 -0.000209218 -0.000110053 0.0019882 0.997179 0.0302033 0.00167988 9.33535e-05 -0.0301942 0.996125
9.8 0.00373311 49.7726 -0.0804671 -0.00574662 0.0809572 -0.0805281 49.6557 -0.0962807 -0.0107909 -0.00575325 0.0960461 49.6269 1.57324 0.0807853 0.00490349 -1.57276 49.5737 -0.0016167 -0.000115458 0.00162654 -0.00161792 0.997652 -0.00193441 -0.000216804 -0.000115591 0.0019297 0.997074 0.0316085 0.00162309 9.85179e-05 -0.0315989 0.996004
10 0.00380853 48.2891 -0.0786792 -0.005756 0.0757459 -0.0787375 48.173 -0.0905183 -0.0108374 -0.00585883 0.0902765 48.1424 1.59614 0.0755827 0.00501846 -1.59566 48.0899 -0.00162934 -0.000119199 0.00156859 -0.00163054 0.997595 -0.00187451 -0.000224427 -0.000121328 0.0018695 0.996961 0.0330539 0.00156521 0.000103925 -0.0330439 0.995875
10.2 0.0038839 46.8184 -0.0766057 -0.00575387 0.0706741 -0.0766607 46.703 -0.0848752 -0.0108654 -0.0059586 0.0846267 46.6705 1.61712 0.0705207 0.00513077 -1.61663 46.6188 -0.00163623 -0.000122898 0.00150954 -0.0016374 0.997533 -0.00181286 -0.000232076 -0.00012727 0.00180755 0.996841 0.0345401 0.00150626 0.000109589 -0.0345297 0.995736
10.4 0.00395923 45.3618 -0.0742475 -0.00574018 0.0657469 -0.0742987 45.247 -0.0793573 -0.0108751 -0.00605238 0.0791029 45.2127 1.63611 0.0656044 0.0052403 -1.63561 45.1617 -0.00163678 -0.000126542 0.00144939 -0.00163791 0.997468 -0.00174943 -0.000239741 -0.000133425 0.00174382 0.996712 0.0360679 0.00144625 0.000115522 -0.036057 0.995587
10.6 0.0040345 43.9207 -0.0716068 -0.00571492 0.0609686 -0.0716534 43.8065 -0.0739699 -0.0108664 -0.00613999 0.0737105 43.7702 1.65308 0.0608383 0.00534691 -1.65258 43.7199 -0.00163037 -0.000130119 0.00138815 -0.00163143 0.997399 -0.00168417 -0.00024741 -0.000139797 0.00167826 0.996573 0.0376378 0.00138519 0.00012174 -0.0376265 0.995427
10.8 0.00410973 42.4963 -0.0686866 -0.00567812 0.0563436 -0.0687279 42.3826 -0.0687181 -0.0108397 -0.00622125 0.0684547 42.3444 1.668 0.0562265 0.0054505 -1.6675 42.2947 -0.0016163 -0.000133615 0.00132585 -0.00161727 0.997325 -0.00161704 -0.000255073 -0.000146395 0.00161084 0.996426 0.0392506 0.00132309 0.000128258 -0.0392387 0.995256
11 0.00418491 41.0898 -0.0654908 -0.00562983 0.0518752 -0.0655261 40.9766 -0.0636065 -0.010795 -0.00629603 0.06334 40.9364 1.68085 0.0517725 0.00555095 -1.68034 40.8873 -0.00159385 -0.000137013 0.00126248 -0.00159471 0.997247 -0.00154799 -0.000262717 -0.000153226 0.0015415 0.996268 0.0409068 0.00125999 0.000135093 -0.0408944 0.995072
11.2 0.00426003 39.7024 -0.0620244 -0.00557017 0.0475665 -0.0620531 39.5897 -0.0586392 -0.0107327 -0.00636419 0.0583707 39.5475 1.6916 0.0474794 0.00564816 -1.69109 39.4989 -0.00156224 -0.000140298 0.00119808 -0.00156296 0.997163 -0.00147697 -0.00027033 -0.000160297 0.00147021 0.996098 0.0426072 0.00119588 0.000142263 -0.0425942 0.994876
11.4 0.00433511 38.3351 -0.0582936 -0.00549927 0.0434201 -0.0583148 38.223 -0.0538198 -0.0106532 -0.0064256 0.0535505 38.1786 1.70025 0.0433497 0.00574203 -1.69973 38.1306 -0.00152063 -0.000143452 0.00113264 -0.00152118 0.997074 -0.00140393 -0.000277897 -0.000167617 0.0013969 0.995918 0.0443522 0.00113081 0.000149785 -0.0443388 0.994666
11.6 0.00441013 36.9891 -0.0543051 -0.0054173 0.039438 -0.0543181 36.8773 -0.0491516 -0.0105569 -0.00648019 0.0488827 36.8309 1.70677 0.0393854 0.00583245 -1.70625 36.7835 -0.00146814 -0.000146457 0.00106621 -0.00146849 0.996979 -0.00132881 -0.000285405 -0.000175192 0.00132154 0.995725 0.0461427 0.00106479 0.00015768 -0.0461286 0.994441
11.8 0.0044851 35.6652 -0.0500669 -0.00532449 0.0356217 -0.0500709 35.5539 -0.0446374 -0.0104442 -0.00652785 0.0443703 35.5054 1.71118 0.0355882 0.00591932 -1.71066 35.4584 -0.0014038 -0.000149291 0.000998781 -0.00140391 0.996878 -0.00125157 -0.00029284 -0.000183031 0.00124408 0.995518 0.047979 0.00099784 0.000165969 -0.0479643 0.9942
12 0.0139046 34.3644 -0.0455877 -0.00522107 0.0319725 -0.0455819 34.2534 -0.0402795 -0.0103157 -0.00656851 0.0400156 34.2028 1.71347 0.0319589 0.00600255 -1.71294 34.1562 -0.0013266 -0.000151933 0.000930396 -0.00132643 0.99677 -0.00117213 -0.000300185 -0.000191143 0.00116445 0.995297 0.0498618 0.000930001 0.000174674 -0.0498465 0.993943
13 0.0246683 28.2332 -0.0199432 -0.00455577 0.0162377 -0.0198765 28.1235 -0.0208886 -0.00945707 -0.00666572 0.0206639 28.0623 1.69367 0.0163391 0.0063609 -1.69313 28.0176 -0.000706375 -0.000161362 0.000575128 -0.000704013 0.996116 -0.000739859 -0.000334963 -0.000236095 0.0007319 0.993948 0.0599887 0.000578718 0.000225299 -0.0599697 0.992363
14 0.0265294 22.7764 0.00995102 -0.00367982 0.00459235 0.0100981 22.6674 -0.00552582 -0.00830518 -0.00658679 0.00538367 22.596 1.62452 0.00482897 0.00661475 -1.62398 22.5524 0.0004369 -0.000161562 0.000201627 0.000443357 0.995213 -0.000242611 -0.000364639 -0.000289193 0.00023637 0.992078 0.0713247 0.000212016 0.000290421 -0.0713009 0.990164
15 0.0283823 18.0357 0.0422089 -0.00265429 -0.00327142 0.0424534 17.9268 0.0059431 -0.00696327 -0.00633982 -0.00595644 17.8462 1.51201 -0.00288755 0.0067534 -1.51146 17.8032 0.0023403 -0.000147168 -0.000181385 0.00235385 0.99396 0.000329518 -0.000386082 -0.000351514 -0.000330258 0.989491 0.0838341 -0.000160102 0.000374446 -0.0838039 0.98711
16 0.0302266 14.0175 0.0747059 -0.00154983 -0.00783097 0.0750604 13.9083 0.0138327 -0.0055399 -0.00594046 -0.0136729 13.8201 1.36437 -0.00729808 0.00676666 -1.36382 13.7775 0.00532947 -0.000110564 -0.000558657 0.00535476 0.992211 0.000986818 -0.000395213 -0.000423789 -0.000975415 0.985916 0.0973331 -0.00052064 0.000482729 -0.0972944 0.982875
17 0.0320617 10.6983 0.105251 -0.000440555 -0.00966885 0.105722 10.5886 0.0185843 -0.00413742 -0.00541045 -0.0182139 10.4948 1.1913 -0.00899619 0.00664562 -1.19076 10.4524 0.0098381 -4.11801e-05 -0.000903778 0.00988215 0.989754 0.00173714 -0.000386738 -0.000505732 -0.00170251 0.980986 0.111354 -0.000840903 0.000621187 -0.111304 0.977016
18 0.0338871 8.03074 0.131758 0.000601929 -0.00941152 0.132346 7.92068 0.0207111 -0.00284236 -0.00477586 -0.0201044 7.8237 1.00314 -0.00861893 0.00638408 -1.00262 7.78141 0.0164067 7.49531e-05 -0.00117194 0.0164799 0.986295 0.00257897 -0.000353935 -0.000594697 -0.00250343 0.97422 0.124913 -0.00107324 0.000794956 -0.124847 0.968953
19 0.0357021 5.95077 0.152407 0.00151394 -0.00767664 0.153104 5.84035 0.0207479 -0.00171862 -0.00406553 -0.0198953 5.7428 0.810085 -0.00679263 0.00598047 -0.809584 5.70081 0.0256114 0.000254411 -0.00129002 0.0257285 0.981444 0.00348659 -0.000288806 -0.000683193 -0.00334331 0.965051 0.136131 -0.00114147 0.00100499 -0.136047 0.957995
20 0.0375062 4.38378 0.165774 0.00224415 -0.00503228 0.166566 4.27315 0.0192097 -0.000804158 -0.0033096 -0.0181198 4.17761 0.621484 -0.00409101 0.00543984 -0.621021 4.13615 0.0378153 0.00051192 -0.00114793 0.037996 0.974764 0.00438198 -0.000183439 -0.000754964 -0.00413337 0.95297 0.141769 -0.000933214 0.0012409 -0.141663 0.943511
21 0.0392989 3.25084 0.170923 0.00275673 -0.00196978 0.171791 3.14018 0.0165612 -0.000111167 -0.0025383 -0.0152622 3.04905 0.445309 -0.00100715 0.0047756 -0.444904 3.00836 0.052578 0.000848004 -0.000605929 0.0528449 0.965958 0.00509444 -3.41964e-05 -0.000780813 -0.00469484 0.937926 0.136983 -0.000309811 0.00146904 -0.136858 0.92541
22 0.0410797 2.47372 0.16746 0.00303323 0.00111043 0.16838 2.36316 0.0131996 0.000370606 -0.001781 -0.0117378 2.27849 0.287782 0.00206099 0.00401045 -0.287457 2.23883 0.0676957 0.00122618 0.000448893 0.0680678 0.955309 0.00533592 0.000149817 -0.00071997 -0.00474499 0.921081 0.116336 0.000833153 0.00162122 -0.116205 0.905046
23 0.0428479 1.97879 0.155544 0.00307298 0.00390191 0.156491 1.86843 0.00944823 0.000668133 -0.00106543 -0.00788561 1.79177 0.153191 0.00481337 0.0031763 -0.152973 1.75333 0.0786057 0.00155296 0.00197187 0.0790843 0.944229 0.00477476 0.000337648 -0.000538426 -0.00398508 0.905492 0.0774166 0.00243249 0.00160518 -0.0773066 0.886064
24 0.0446031 1.69973 0.135849 0.00289223 0.0061872 0.136796 1.58957 0.00556123 0.000818042 -0.000417017 -0.00397075 1.52192 0.0438831 0.00704211 0.00231298 -0.0437971 1.48482 0.0799238 0.00170158 0.00364011 0.0804811 0.935191 0.00327183 0.000481277 -0.000245343 -0.0023361 0.89539 0.0258176 0.00414307 0.00136079 -0.0257671 0.873559
25 0.0463447 1.5791 0.109501 0.00252214 0.00782804 0.110422 1.46906 0.00173401 0.000859337 0.000141684 -0.000193909 1.41078 -0.0395955 0.00862029 0.00146561 0.0395276 1.37503 0.069344 0.00159719 0.00495727 0.0699272 0.930314 0.0010981 0.000544193 8.97246e-05 -0.000122797 0.893406 -0.0250747 0.00545898 0.000928131 0.0250317 0.870767
26 0.0480722 1.56884 0.0779817 0.00200572 0.00875374 0.0788504 1.45876 -0.00188235 0.000827006 0.000591619 0.00329497 1.4096 -0.0982405 0.00948878 0.000681054 0.0980029 1.37513 0.0497065 0.00127847 0.00557974 0.0502602 0.929831 -0.00119983 0.000527144 0.000377106 0.00210026 0.898499 -0.0626197 0.00604827 0.000434112 0.0624683 0.876526
27 0.049785 1.63004 0.0430143 0.00139421 0.00895005 0.0438062 1.51969 -0.00516701 0.000747369 0.000917891 0.00638272 1.47888 -0.134256 0.00964349 3.581e-06 0.133842 1.44551 0.0263885 0.00085532 0.00549069 0.0268743 0.932303 -0.00316986 0.000458497 0.000563108 0.00391568 0.907263 -0.0823636 0.0059161 2.19688e-06 0.0821095 0.886795
28 0.0514827 1.73214 0.00644758 0.000742867 0.00844987 0.00713923 1.62127 -0.00801809 0.00063573 0.00111047 0.00898112 1.58755 -0.150687 0.00912454 -0.000529468 0.150102 1.55506 0.00372232 0.000428872 0.00487828 0.00412163 0.935995 -0.00462901 0.00036702 0.000641095 0.00518499 0.916526 -0.086995 0.00526779 -0.000305673 0.0866568 0.897772
29 0.0531646 1.8518 -0.0298633 0.000106672 0.00732593 -0.0292937 1.74016 -0.0103462 0.00049647 0.00116487 0.0110194 1.71196 -0.151057 0.00800801 -0.000891658 0.150318 1.68009 -0.0161266 5.76045e-05 0.00395612 -0.0158191 0.939716 -0.00558713 0.000268102 0.00062905 0.00595065 0.924486 -0.0815729 0.00432446 -0.00048151 0.0811739 0.907275
30 0.0548304 1.97168 -0.0641629 -0.00046387 0.00568521 -0.0637356 1.85906 -0.0120736 0.000325337 0.00108279 0.0124417 1.83462 -0.139036 0.00639982 -0.00107041 0.138176 1.80309 -0.0325422 -0.000235266 0.00288343 -0.0323255 0.94288 -0.00612352 0.000165005 0.000549173 0.00631022 0.930483 -0.0705165 0.00324587 -0.000542891 0.0700803 0.914495
31 0.0564795 2.07929 -0.0948868 -0.000926479 0.0036636 -0.0946195 1.96551 -0.0131383 0.000113334 0.000872461 0.0132096 1.94302 -0.118179 0.00443062 -0.00106852 0.117243 1.91162 -0.0456343 -0.000445575 0.00176195 -0.0455057 0.94528 -0.00631867 5.45063e-05 0.000419596 0.00635294 0.934466 -0.0568363 0.00213084 -0.000513886 0.0563861 0.919361
32 0.0581114 2.16593 -0.120732 -0.00125015 0.00141984 -0.120639 2.0509 -0.0135021 -0.000148612 0.000548733 0.0133076 2.02865 -0.0917212 0.00225056 -0.000903982 0.0907648 1.9972 -0.0557416 -0.000577192 0.000655535 -0.0556986 0.946894 -0.00623386 -6.86137e-05 0.000253348 0.00614406 0.936622 -0.0423474 0.00103907 -0.000417365 0.0419058 0.922097
33 0.0597256 2.22592 -0.140708 -0.00141726 -0.000872432 -0.140798 2.10964 -0.0131599 -0.000465151 0.000132775 0.0127509 2.08612 -0.062456 2.25867e-05 -0.000608105 0.061542 2.05452 -0.0632132 -0.000636706 -0.000391942 -0.0632537 0.947762 -0.00591209 -0.00020897 5.96496e-05 0.00572836 0.937192 -0.0280585 1.01471e-05 -0.000273192 0.0276479 0.922996
34 0.0613216 2.25603 -0.15416 -0.00142445 -0.00303514 -0.154437 2.13857 -0.0121483 -0.000833012 -0.000348721 0.0115919 2.11252 -0.0326789 -0.00208635 -0.000222058 0.031872 2.08079 -0.0683326 -0.000631399 -0.00134535 -0.0684551 0.947935 -0.00538484 -0.000369239 -0.000154573 0.00513819 0.936391 -0.0144851 -0.00092479 -9.84285e-05 0.0141275 0.922325
35 0.0628989 2.25503 -0.160786 -0.00128241 -0.00489845 -0.161242 2.13653 -0.0105511 -0.0012392 -0.000864766 0.00992415 2.10706 -0.00418822 -0.0039164 0.000207645 0.00354995 2.07529 -0.071301 -0.00056869 -0.00217224 -0.0715036 0.947452 -0.00467894 -0.000549526 -0.000383483 0.0044009 0.934384 -0.00185728 -0.00173674 9.20809e-05 0.00157424 0.920295
36 0.064457 2.22347 -0.160618 -0.00101426 -0.00631483 -0.161241 2.10413 -0.00849881 -0.00166119 -0.00138171 0.00788121 2.07067 0.0216722 -0.00532743 0.0006342 -0.0220894 2.03904 -0.0722379 -0.000456162 -0.00284008 -0.0725178 0.946328 -0.00382233 -0.000747118 -0.000621422 0.00354456 0.931281 0.00974704 -0.002396 0.00028523 -0.00993467 0.917055
37 0.0659956 2.16345 -0.154011 -0.000652927 -0.00717302 -0.154774 2.04349 -0.00616262 -0.0020692 -0.00186519 0.00563032 2.00582 0.0439469 -0.00621205 0.00101544 -0.0441048 1.97457 -0.0711877 -0.0003018 -0.00331555 -0.0715403 0.944555 -0.00284852 -0.000956439 -0.000862136 0.00260248 0.927139 0.0203134 -0.00287137 0.000469363 -0.0203864 0.912695
38 0.067514 2.07846 -0.141598 -0.000237632 -0.00741008 -0.142468 1.95812 -0.00374208 -0.00243004 -0.00228222 0.00336036 1.91627 0.0619938 -0.00650719 0.001318 -0.0618728 1.88568 -0.0681268 -0.000114331 -0.00356518 -0.068545 0.942102 -0.00180041 -0.00116915 -0.00109803 0.00161676 0.921968 0.0298269 -0.00313078 0.000634126 -0.0297687 0.90725
39 0.0690118 1.97313 -0.12426 0.000190141 -0.0070195 -0.125193 1.85261 -0.00144733 -0.00271193 -0.00260334 0.00126519 1.80688 0.0754154 -0.00620249 0.00152018 -0.0750171 1.77723 -0.0629762 9.63654e-05 -0.00355755 -0.0634489 0.938922 -0.00073352 -0.00137443 -0.0013194 0.000641209 0.915741 0.0382212 -0.00314348 0.00077044 -0.0380194 0.900717
40 0.10628 1.85299 -0.103067 0.000590742 -0.00605412 -0.104015 1.73246 0.000521776 -0.00288953 -0.00280457 -0.000475584 1.68327 0.0840038 -0.00534395 0.00161318 -0.0833516 1.65484 -0.0556222 0.000318806 -0.00326722 -0.0561338 0.934956 0.000281586 -0.00155939 -0.00151354 -0.000256658 0.908411 0.0453343 -0.00288397 0.000870582 -0.0449823 0.893068
42 0.146749 1.59267 -0.0540434 0.00118271 -0.00287976 -0.05487 1.4724 0.00286195 -0.00288656 -0.00278829 -0.00236174 1.41791 0.086609 -0.00241158 0.00149664 -0.0855979 1.39252 -0.0339325 0.000742593 -0.00180813 -0.0344515 0.924484 0.00179695 -0.0018124 -0.0017507 -0.00148288 0.89027 0.0543796 -0.00151417 0.000939701 -0.0537448 0.874331
44 0.152348 1.34552 -0.00480726 0.00137839 0.000787175 -0.00533864 1.22544 0.00262611 -0.00246637 -0.00220221 -0.00181014 1.16764 0.0710751 0.00102803 0.00110272 -0.0699875 1.14567 -0.0035728 0.00102443 0.000585035 -0.00396772 0.910758 0.00195175 -0.00183303 -0.0016367 -0.00134531 0.867802 0.0528237 0.000764038 0.000819551 -0.0520154 0.851474
46 0.157761 1.14972 0.0350951 0.00118432 0.00345361 0.0349486 1.02937 0.000259018 -0.00186029 -0.00115589 0.000629868 0.969606 0.0410764 0.00351219 0.000620105 -0.0402021 0.950855 0.030525 0.0010301 0.00300388 0.0303975 0.895328 0.000225289 -0.00161805 -0.00100537 0.000547846 0.843343 0.0357274 0.00305483 0.000539355 -0.034967 0.827034
48 0.162982 1.02467 0.0588124 0.000736023 0.00408178 0.0590203 0.903441 -0.00286288 -0.00136034 0.000126359 0.00356717 0.842211 0.00280836 0.00398584 0.000187654 -0.00233582 0.826075 0.0573966 0.000718305 0.00398352 0.0575996 0.881693 -0.00279397 -0.0013276 0.000123317 0.0034813 0.821937 0.00274075 0.00388989 0.000183136 -0.00227959 0.806189
50 0.168004 0.9683 0.0637026 0.000210251 0.00251978 0.0641174 0.845698 -0.00503322 -0.00115379 0.00136387 0.00536305 0.782882 -0.0356754 0.00224959 -0.000150356 0.0357259 0.768623 0.0657881 0.000217134 0.00260227 0.0662165 0.873385 -0.005198 -0.00119156 0.00140852 0.00553862 0.808511 -0.0368433 0.00232323 -0.000155279 0.0368954 0.793786
52 0.172821 0.961395 0.0519057 -0.000264194 -0.000462621 0.0523043 0.83724 -0.00498 -0.00121739 0.00229574 0.00485921 0.772394 -0.0661887 -0.000967288 -0.000411652 0.0659608 0.759404 0.0539901 -0.000274803 -0.000481198 0.0544046 0.87086 -0.00517998 -0.00126628 0.00238792 0.00505433 0.80341 -0.0688465 -0.00100613 -0.000428182 0.0686095 0.789898
54 0.177428 0.976558 0.0296188 -0.000651299 -0.00354333 0.0297724 0.851029 -0.00243212 -0.00133542 0.00275381 0.00190076 0.783647 -0.0827317 -0.00434297 -0.00060042 0.0824606 0.771602 0.0303298 -0.000666933 -0.00362839 0.0304871 0.871458 -0.00249051 -0.00136747 0.00281991 0.00194638 0.802458 -0.0847177 -0.00444723 -0.000614833 0.0844401 0.790125
56 0.181819 0.988123 0.00512797 -0.000990739 -0.00543991 0.0048793 0.861636 0.00177439 -0.00123076 0.00270954 -0.00258849 0.791268 -0.0834093 -0.00654576 -0.00065119 0.0833182 0.780167 0.00518961 -0.00100265 -0.0055053 0.00493795 0.871993 0.00179572 -0.00124555 0.00274211 -0.0026196 0.800779 -0.0844119 -0.00662444 -0.000659017 0.0843197 0.789544
58 0.185988 0.979362 -0.0138265 -0.00133765 -0.00544751 -0.0145064 0.85236 0.00608568 -0.000732266 0.00227765 -0.0070063 0.77866 -0.0709871 -0.00679135 -0.000440402 0.071202 0.768755 -0.0141178 -0.00136584 -0.0055623 -0.014812 0.870321 0.00621392 -0.000747697 0.00232565 -0.00715395 0.795069 -0.0724829 -0.00693447 -0.000449682 0.0727024 0.784955
60 0.286303 0.945091 -0.0224165 -0.00170153 -0.00369067 -0.0234124 0.81783 0.00891576 0.000117443 0.00167289 -0.00975525 0.74061 -0.0517088 -0.00513098 0.000133441 0.0522291 0.73231 -0.0237189 -0.00180039 -0.00390509 -0.0247726 0.865345 0.00943376 0.000124267 0.00177008 -0.010322 0.783639 -0.054713 -0.00542909 0.000141194 0.0552636 0.774857
64 0.394175 0.823285 -0.00928888 -0.00220787 0.00146558 -0.0102237 0.695095 0.00726965 0.00179384 0.000839508 -0.00750122 0.611313 -0.0200159 0.000337596 0.00211594 0.0208263 0.607582 -0.0112827 -0.00268178 0.00178017 -0.0124182 0.844295 0.00883005 0.00217888 0.00101971 -0.00911133 0.742529 -0.0243122 0.00041006 0.00257011 0.0252966 0.737997
68 0.406626 0.694524 0.017059 -0.00193674 0.00247497 0.0168363 0.563856 1.13e-05 0.00165799 0.00110624 0.000475884 0.475578 -0.0187177 0.00198733 0.00340202 0.0194173 0.477658 0.0245621 -0.00278858 0.00356355 0.0242415 0.81186 1.62701e-05 0.00238723 0.00159281 0.000685195 0.684754 -0.0269504 0.00286143 0.00489835 0.0279577 0.687749
72 0.417095 0.603484 0.0295546 -0.00115841 -0.00122181 0.0296702 0.470197 -0.00338215 -0.000168448 0.00162066 0.00407476 0.377518 -0.0359536 -0.00137771 0.0022208 0.0363307 0.385282 0.0489733 -0.00191954 -0.00202459 0.0491647 0.779136 -0.00560436 -0.000279126 0.00268551 0.00675205 0.625564 -0.0595767 -0.00228293 0.00367996 0.0602015 0.63843
76 0.425533 0.551665 0.0297706 -0.000482783 -0.00321777 0.0294591 0.417639 -0.000514792 -0.00161586 0.000999845 0.00095515 0.315826 -0.0547753 -0.00355965 -0.000158845 0.0545115 0.328596 0.0539649 -0.000875138 -0.00583284 0.0534003 0.757053 -0.000933161 -0.00292905 0.00181241 0.0017314 0.572496 -0.0992909 -0.00645256 -0.000287937 0.0988128 0.595644
80 0.431897 0.524704 0.0245976 0.000457527 0.000345833 0.0237197 0.390469 0.00234462 -0.0014377 -0.00091081 -0.00201427 0.276171 -0.0723177 -0.000221541 -0.00114537 0.0713421 0.29512 0.0468789 0.000871971 0.0006591 0.0452058 0.74417 0.00446846 -0.00274002 -0.00173585 -0.00383888 0.526336 -0.137826 -0.00042222 -0.00218288 0.135966 0.562451
84 0.436158 0.501743 0.011207 0.0020486 0.00543341 0.0100332 0.364131 2.68162e-05 -0.000329904 -0.00266263 0.000368126 0.242375 -0.0798833 0.00520052 -0.000538345 0.0789214 0.270639 0.0223361 0.00408296 0.0108291 0.0199967 0.725731 5.34461e-05 -0.000657515 -0.00530676 0.000733694 0.483066 -0.159211 0.0103649 -0.00107295 0.157294 0.539398
88 0.328636 0.46635 -0.00382266 0.0032275 0.005818 -0.00524373 0.322029 -0.00493923 0.000305198 -0.00272869 0.00519207 0.199192 -0.0661517 0.00631272 -0.000157283 0.0660778 0.237722 -0.00819696 0.00692077 0.0124756 -0.0112442 0.690531 -0.0105912 0.000654438 -0.00585116 0.0111334 0.42713 -0.14185 0.0135364 -0.000337265 0.141691 0.509749
90 0.219313 0.445147 -0.00596637 0.00329478 0.00403373 -0.00749434 0.297612 -0.00652872 0.000285586 -0.00218803 0.00671732 0.173543 -0.054753 0.00478285 -0.000305225 0.055151 0.216023 -0.0134032 0.00740157 0.00906158 -0.0168357 0.668571 -0.0146665 0.000641555 -0.00491531 0.0150901 0.389855 -0.123 0.0107444 -0.000685674 0.123894 0.485284
92 0.328636 0.424991 -0.0026364 0.0030912 0.00186733 -0.00418331 0.275032 -0.00700215 0.000173582 -0.00160981 0.0072592 0.147638 -0.0456134 0.00269117 -0.000492221 0.0462936 0.192899 -0.00620343 0.00727357 0.0043938 -0.0098433 0.647148 -0.016476 0.000408437 -0.00378786 0.0170808 0.347392 -0.107328 0.00633231 -0.00115819 0.108928 0.453889
96 0.436158 0.396261 0.0138702 0.00282575 -0.000159345 0.0126803 0.242844 -0.00594967 0.000304412 -0.00149154 0.00676164 0.103967 -0.0457414 0.000376114 -0.000144001 0.0461698 0.153659 0.0350026 0.00713103 -0.00040212 0.0319998 0.612838 -0.0150145 0.000768212 -0.00376403 0.0170636 0.26237 -0.115432 0.000949157 -0.000363399 0.116514 0.387772
100 0.431897 0.382263 0.0221425 0.0035749 0.0023371 0.0213944 0.221081 -0.00646515 0.00102648 -0.00285866 0.0074201 0.0743491 -0.0638447 0.00263582 0.00126657 0.0633319 0.13445 0.0579247 0.00935193 0.00611385 0.0559678 0.578347 -0.0169128 0.00268528 -0.00747825 0.019411 0.194497 -0.167018 0.0068953 0.00331335 0.165676 0.35172
104 0.425533 0.372518 0.012674 0.00383515 0.00419564 0.0115926 0.195585 -0.00995916 0.000809633 -0.00315799 0.00966332 0.0484028 -0.0734842 0.00477143 0.00167564 0.072206 0.128104 0.0340225 0.0102952 0.0112629 0.0311195 0.525036 -0.0267347 0.00217341 -0.00847744 0.0259406 0.129934 -0.197264 0.0128086 0.00449815 0.193832 0.343888
108 0.417095 0.366474 0.00318 0.00194989 0.000505509 0.00121594 0.175564 -0.0120126 -0.00131761 -0.000858774 0.0102539 0.0217835 -0.0695801 0.00146873 -0.000590184 0.0681185 0.119465 0.00867729 0.00532068 0.00137939 0.00331795 0.479063 -0.0327787 -0.00359536 -0.00234334 0.0279799 0.0594409 -0.189864 0.00400772 -0.00161044 0.185876 0.325985
112 0.406626 0.366183 0.00580926 -7.26991e-05 -0.00540079 0.00376735 0.173562 -0.00930465 -0.00352662 0.00116022 0.00780733 0.00173816 -0.0671342 -0.00461044 -0.00375106 0.0659268 0.105103 0.0158644 -0.000198532 -0.0147489 0.0102882 0.473976 -0.0254099 -0.00963076 0.00316842 0.0213209 0.00474669 -0.183335 -0.0125906 -0.0102437 0.180038 0.287025
116 0.394175 0.36365 0.00969882 0.00116304 -0.00660974 0.00891865 0.169681 -0.00443838 -0.0039353 -0.000590501 0.00459971 -0.0138534 -0.0648365 -0.00674322 -0.00487426 0.0640168 0.0943903 0.0266707 0.00319825 -0.0181761 0.0245254 0.466604 -0.0122051 -0.0108217 -0.00162382 0.0126487 -0.0380956 -0.178294 -0.0185432 -0.0134037 0.17604 0.259564
120 0.379804 0.363058 0.00644969 0.00461913 -0.00309026 0.00696145 0.143463 -0.00161452 -0.00444252 -0.0044234 0.0027159 -0.0367178 -0.0547506 -0.00441419 -0.0049185 0.0542388 0.0990745 0.0177649 0.0127228 -0.00851173 0.0191745 0.395152 -0.004447 -0.0122364 -0.0121837 0.00748062 -0.101135 -0.150804 -0.0121583 -0.0135474 0.149394 0.272889
124 0.363583 0.387545 0.00520035 0.00519603 -0.00148612 0.00558791 0.12112 -0.00111941 -0.00823644 -0.00510781 0.00158141 -0.0641073 -0.0530265 -0.00336552 -0.00766599 0.0526668 0.119133 0.0134187 0.0134076 -0.0038347 0.0144188 0.312531 -0.00288847 -0.0212529 -0.0131799 0.00408058 -0.165419 -0.136827 -0.00868421 -0.0197809 0.135899 0.307405
128 0.34559 0.435189 0.0113306 0.00107864 -0.00396135 0.0106273 0.134872 -0.000712982 -0.0138078 -0.00114525 0.000234195 -0.0833469 -0.0722616 -0.00521433 -0.0128689 0.0718674 0.135656 0.026036 0.00247856 -0.00910259 0.02442 0.309916 -0.00163833 -0.0317283 -0.00263161 0.000538146 -0.191519 -0.166047 -0.0119818 -0.0295709 0.165141 0.311718
132 0.325914 0.473044 0.01458 -0.00310878 -0.00387526 0.0133506 0.160621 3.88442e-05 -0.0158082 0.00292778 -0.000326693 -0.101539 -0.08694 -0.00401295 -0.0152914 0.0863513 0.133801 0.0308217 -0.00657187 -0.00819217 0.0282227 0.339548 8.21155e-05 -0.0334181 0.00618923 -0.00069062 -0.21465 -0.183788 -0.00848326 -0.0323255 0.182544 0.282852
136 0.304649 0.504488 0.00700722 -0.00287337 0.00372496 0.00613094 0.1611 -0.000167598 -0.0128002 0.00268049 0.0010145 -0.137427 -0.077679 0.00367961 -0.0125731 0.0769391 0.132512 0.0138898 -0.0056956 0.00738363 0.0121528 0.319333 -0.000332214 -0.0253726 0.00531328 0.00201095 -0.272409 -0.153976 0.00729374 -0.0249225 0.152509 0.262667
140 0.281901 0.571189 -0.0077652 -7.89669e-05 0.0130272 -0.00824597 0.157571 -0.00114439 -0.00952632 -0.00045125 0.00264935 -0.184825 -0.0708589 0.0118314 -0.00903115 0.0701276 0.155422 -0.0135948 -0.00013825 0.0228072 -0.0144365 0.275865 -0.00200353 -0.0166781 -0.000790018 0.0046383 -0.32358 -0.124055 0.0207137 -0.0158112 0.122775 0.272102
144 0.257779 0.653658 -0.0255161 0.000425233 0.0148275 -0.0256536 0.184291 -0.00114279 -0.00953365 -0.00170988 0.002029 -0.221505 -0.0786394 0.0132456 -0.00886303 0.0777667 0.173241 -0.0390359 0.000650544 0.0226839 -0.0392463 0.281939 -0.0017483 -0.0145851 -0.00261587 0.00310407 -0.33887 -0.120307 0.0202638 -0.0135591 0.118972 0.265034
148 0.232401 0.676181 -0.0406718 -0.00270678 0.00925293 -0.0400349 0.217181 3.07226e-05 -0.0102923 0.000802421 -0.000186635 -0.247682 -0.0611496 0.00940985 -0.0102836 0.0597809 0.138968 -0.0601492 -0.00400304 0.0136841 -0.0592074 0.321188 4.54355e-05 -0.0152213 0.0011867 -0.000276014 -0.366295 -0.0904338 0.0139162 -0.0152084 0.0884096 0.205518
152 0.205891 0.654529 -0.0363101 -0.00708719 0.00475065 -0.035116 0.231045 0.000651017 -0.00837115 0.00511095 -0.00104619 -0.271017 -0.0123637 0.00655273 -0.00952877 0.0107016 0.0858981 -0.0554752 -0.0108279 0.00725812 -0.0536508 0.352995 0.000994634 -0.0127896 0.0078086 -0.00159839 -0.414064 -0.0188894 0.0100114 -0.0145582 0.01635 0.131237
156 0.178378 0.690645 0.00134027 -0.00988719 0.00615409 0.00187448 0.265461 0.000165495 -0.00487972 0.00844514 -0.000134121 -0.267435 0.00555934 0.00668424 -0.006562 -0.00679026 0.0941266 0.0019406 -0.0143159 0.00891064 0.00271411 0.384366 0.000239624 -0.00706546 0.0122279 -0.000194196 -0.387225 0.00804949 0.00967825 -0.00950126 -0.00983177 0.136288
160 0.0971232 0.767285 0.0565449 -0.00900669 0.00927584 0.0561151 0.342679 -2.82209e-05 -0.00252786 0.00854493 0.000303125 -0.218294 -0.0107685 0.00754277 -0.00364144 0.0100525 0.138001 0.0736948 -0.0117384 0.0120892 0.0731346 0.446612 -3.67801e-05 -0.00329455 0.0111366 0.000395062 -0.284501 -0.0140346 0.00983047 -0.00474587 0.0131013 0.179856
161 0.0357021 0.775976 0.0686151 -0.00809316 0.00944994 0.0681429 0.362423 9.30117e-05 -0.00216569 0.00788091 0.000202983 -0.20384 -0.00900161 0.00759876 -0.00304784 0.00829407 0.139415 0.0884243 -0.0104297 0.0121781 0.0878157 0.467054 0.000119864 -0.00279092 0.0101561 0.000261584 -0.262688 -0.0116004 0.00979251 -0.00392775 0.0106886 0.179665
162 0.0338871 0.776931 0.0787634 -0.00693014 0.0092096 0.0783719 0.379861 0.000271075 -0.00184628 0.00694196 5.11751e-05 -0.191594 -0.00152371 0.0075422 -0.00249908 0.00075862 0.133214 0.101378 -0.00891989 0.0118538 0.100874 0.488925 0.000348904 -0.00237637 0.00893511 6.58683e-05 -0.246604 -0.00196119 0.00970768 -0.00321661 0.000976432 0.171462
163 0.0320617 0.770259 0.0865391 -0.0055619 0.00851922 0.0863515 0.394235 0.000485823 -0.00154154 0.0057592 -0.00012002 -0.183396 0.0124295 0.00734885 -0.00198431 -0.0133142 0.118661 0.112351 -0.00722082 0.0110602 0.112107 0.511821 0.000630727 -0.00200133 0.00747696 -0.000155818 -0.238097 0.0161368 0.00954076 -0.00257616 -0.0172853 0.154054
164 0.0302266 0.757531 0.0916398 -0.00405022 0.00737601 0.0917648 0.405363 0.000712939 -0.00122949 0.00438407 -0.000277513 -0.181018 0.0327403 0.0069908 -0.00149493 -0.0337947 0.0959918 0.120972 -0.00534661 0.00973692 0.121137 0.53511 0.000941136 -0.00162303 0.00578732 -0.000366338 -0.238958 0.0432198 0.0092284 -0.00197343 -0.0446117 0.126717
165 0.0283823 0.741744 0.0939265 -0.00247143 0.00580853 0.094445 0.413721 0.000927386 -0.000897921 0.00288697 -0.000392995 -0.186 0.0583387 0.00643612 -0.00102718 -0.0595944 0.0664328 0.126629 -0.00333192 0.00783091 0.127328 0.557768 0.00125028 -0.00121055 0.00389213 -0.000529825 -0.250761 0.0786507 0.00867701 -0.00138482 -0.0803436 0.089563
166 0.0265294 0.727069 0.0934253 -0.000911357 0.00387256 0.0943799 0.420425 0.00110669 -0.000546202 0.00135307 -0.000447421 -0.199503 0.0872666 0.0056506 -0.000583445 -0.088732 0.0321041 0.128496 -0.00125347 0.00532626 0.129809 0.578247 0.00152213 -0.000751238 0.00186099 -0.000615377 -0.274393 0.120025 0.00777176 -0.000802462 -0.122041 0.0441555
167 0.0246683 0.718399 0.090315 0.000541436 0.00164527 0.0917046 0.427102 0.0012336 -0.00018494 -0.000124108 -0.000433664 -0.222185 0.116878 0.00460145 -0.000172182 -0.118536 -0.0042073 0.125717 0.00075367 0.0022902 0.127651 0.594519 0.00171715 -0.000257433 -0.000172757 -0.000603654 -0.309278 0.162692 0.00640515 -0.000239675 -0.165 -0.0058565
168 0.0172754 0.720747 0.0849054 0.00180352 -0.000782038 0.0866841 0.435667 0.00129779 0.000166334 -0.00145115 -0.000356971 -0.254123 0.144149 0.00326261 0.000193549 -0.145959 -0.039367 0.117802 0.00250229 -0.00108504 0.12027 0.604467 0.00180062 0.00023078 -0.00201339 -0.000495279 -0.352583 0.199999 0.00452671 0.00026854 -0.202511 -0.0546198
168.5 0.0109315 0.727485 0.0814634 0.00234035 -0.00204022 0.0834065 0.441266 0.00130521 0.000330599 -0.00203149 -0.000299665 -0.273419 0.155954 0.00247977 0.000354593 -0.157818 -0.0555332 0.11198 0.00321705 -0.00280448 0.114651 0.606565 0.00179414 0.000454441 -0.00279249 -0.000411919 -0.375842 0.214374 0.00340868 0.000487423 -0.216937 -0.0763359
169 0.0104622 0.738566 0.0776063 0.00280461 -0.0033117 0.0796879 0.448041 0.00129647 0.000482972 -0.00254407 -0.000233251 -0.294782 0.166068 0.00162089 0.00049855 -0.167969 -0.0702713 0.105077 0.00379737 -0.00448396 0.107895 0.606636 0.00175539 0.000653933 -0.0034446 -0.000315816 -0.399127 0.224852 0.00219464 0.000675025 -0.227425 -0.0951456
169.5 0.00999215 0.754349 0.0733953 0.00319074 -0.00458453 0.0755858 0.456179 0.00127235 0.000620339 -0.00298134 -0.000160808 -0.31805 0.174183 0.000687311 0.000623687 -0.176101 -0.0832616 0.0972961 0.0042298 -0.00607747 0.1002 0.604733 0.00168668 0.00082235 -0.00395221 -0.000213175 -0.421622 0.230905 0.00091113 0.000826788 -0.233448 -0.110375
170 0.0095213 0.775079 0.0688935 0.00349487 -0.00584726 0.0711607 0.465833 0.00123394 0.000739852 -0.00333748 -8.55763e-05 -0.34303 0.180043 -0.000318138 0.000728521 -0.181958 -0.0942325 0.0888857 0.00450905 -0.00754408 0.0918108 0.601014 0.00159202 0.000954549 -0.00430599 -0.00011041 -0.442574 0.232289 -0.000410459 0.000939931 -0.234761 -0.121578
170.5 0.00904972 0.800874 0.0641651 0.00371487 -0.00708911 0.0664748 0.477107 0.00118267 0.000839067 -0.00360848 -1.08037e-05 -0.369499 0.18345 -0.00139104 0.000811909 -0.185342 -0.102969 0.0801188 0.00463852 -0.00885172 0.0830028 0.595733 0.00147673 0.00104769 -0.00450568 -1.34898e-05 -0.46137 0.229062 -0.00173691 0.00101378 -0.231425 -0.128571
171 0.00857745 0.831713 0.0592738 0.00385047 -0.00830016 0.0615912 0.490054 0.00112021 0.000916066 -0.00379235 6.04076e-05 -0.397205 0.184276 -0.00252533 0.000873121 -0.186125 -0.109322 0.0712672 0.00462957 -0.0099796 0.0740534 0.589211 0.00134687 0.00110142 -0.00455969 7.26303e-05 -0.477574 0.221562 -0.0030363 0.00104979 -0.223785 -0.131442
171.5 0.00810453 0.867429 0.0542828 0.00390325 -0.00947144 0.0565728 0.504668 0.00104839 0.000969551 -0.00388918 0.000125242 -0.425873 0.182468 -0.00371325 0.000911904 -0.184253 -0.113209 0.0625789 0.00449979 -0.010919 0.0652189 0.581798 0.00120862 0.00111773 -0.00448358 0.000144383 -0.49096 0.210355 -0.00428075 0.00105127 -0.212413 -0.130511
172 0.00763099 0.907712 0.049253 0.00387666 -0.010595 0.0514819 0.520886 0.000969169 0.000998914 -0.00390119 0.000181295 -0.455209 0.17805 -0.0049454 0.000928518 -0.179752 -0.114622 0.0542606 0.0042708 -0.0116722 0.0567161 0.573845 0.0010677 0.00110047 -0.00429782 0.000199728 -0.50149 0.196152 -0.0054482 0.00102292 -0.198028 -0.126276
172.5 0.00715688 0.952106 0.0442431 0.00377593 -0.0116641 0.0463791 0.53858 0.000884528 0.00100429 -0.00383265 0.000226677 -0.484906 0.171125 -0.00621081 0.000923764 -0.172728 -0.113626 0.0464687 0.00396587 -0.0122508 0.0487121 0.565672 0.000929022 0.0010548 -0.00402544 0.00023808 -0.509298 0.179733 -0.00652323 0.000970232 -0.181416 -0.119342
173 0.00668221 1.00002 0.0393087 0.00360793 -0.012673 0.0413229 0.557565 0.000796452 0.000986544 -0.00368986 0.000260086 -0.514645 0.161875 -0.00749707 0.000898981 -0.163363 -0.110356 0.039308 0.00360787 -0.0126727 0.0413222 0.557555 0.000796438 0.000986527 -0.00368979 0.000260082 -0.514636 0.161872 -0.00749694 0.000898965 -0.16336 -0.110354
173.5 0.00620704 1.05073 0.0345018 0.00338106 -0.0136171 0.0363691 0.577597 0.000706853 0.000947302 -0.00348092 0.000280855 -0.544102 0.150554 -0.0087905 0.000856029 -0.151914 -0.105014 0.0328361 0.00321783 -0.0129596 0.0346133 0.549711 0.000672727 0.000901568 -0.00331287 0.000267296 -0.517834 0.143285 -0.00836611 0.000814701 -0.14458 -0.0999446
174 0.0057314 1.10341 0.0298707 0.00310498 -0.0144929 0.0315703 0.598382 0.000617535 0.000888859 -0.00321558 0.000288964 -0.572954 0.137483 -0.0100764 0.000797246 -0.138706 -0.0978649 0.0270713 0.002814 -0.0131347 0.0286117 0.542305 0.000559663 0.000805559 -0.00291423 0.000261884 -0.519259 0.124599 -0.00913205 0.000722532 -0.125707 -0.0886934
174.5 0.00525531 1.15714 0.0254594 0.00279041 -0.015298 0.0269756 0.619583 0.00053016 0.000814129 -0.00290493 0.000285025 -0.60088 0.12304 -0.0113392 0.00072539 -0.12412 -0.0892229 0.0220021 0.00241148 -0.0132206 0.0233124 0.535446 0.000458166 0.000703573 -0.00251045 0.000246319 -0.519283 0.106332 -0.00979934 0.000626884 -0.107265 -0.0771068
175 0.00477883 1.21092 0.021308 0.00244881 -0.0160308 0.0226304 0.640827 0.00044622 0.000726543 -0.00256112 0.000270229 -0.627569 0.10765 -0.0125629 0.000643559 -0.108583 -0.0794465 0.0175964 0.00202227 -0.0132385 0.0186886 0.529204 0.000368495 0.00059999 -0.00211501 0.000223159 -0.518256 0.0888992 -0.0103746 0.000531461 -0.0896696 -0.0656081
175.5 0.00430199 1.26374 0.0174521 0.00209213 -0.0166905 0.0185762 0.661715 0.000367028 0.00062993 -0.002197 0.000246275 -0.65272 0.0917702 -0.0137313 0.000555103 -0.0925567 -0.0689243 0.0138098 0.0016555 -0.0132072 0.0146993 0.523615 0.000290429 0.000498463 -0.00173849 0.000194877 -0.516497 0.0726177 -0.0108656 0.000439252 -0.07324 -0.0545398
176 0.00382481 1.31455 0.0139234 0.00173245 -0.0172771 0.0148503 0.681838 0.000293709 0.000528382 -0.00182579 0.000215265 -0.676052 0.0758768 -0.0148285 0.00046352 -0.0765208 -0.058063 0.0105918 0.0013179 -0.013143 0.0112969 0.518686 0.00022343 0.00040195 -0.00138891 0.000163756 -0.514285 0.0577209 -0.0112803 0.000352608 -0.0582107 -0.0441695
176.5 0.00334735 1.3623 0.0107493 0.00138167 -0.017791 0.0114859 0.700783 0.000227207 0.000426106 -0.00146062 0.000179593 -0.697301 0.0604509 -0.0158389 0.000372345 -0.0609595 -0.0472739 0.00789056 0.00101422 -0.0130595 0.0084313 0.514413 0.000166783 0.000312785 -0.00107217 0.000131831 -0.511857 0.0443742 -0.0116266 0.000273322 -0.0447476 -0.0347016
177 0.00286963 1.406 0.00795344 0.00105123 -0.018233 0.0085123 0.718151 0.000168292 0.000327278 -0.00111423 0.000141807 -0.716228 0.0459617 -0.0167478 0.000285039 -0.0463455 -0.0369598 0.00565679 0.000747672 -0.012968 0.00605427 0.510776 0.000119696 0.000232773 -0.00079248 0.000100858 -0.509409 0.0326897 -0.0119117 0.000202731 -0.0329627 -0.0262872
177.5 0.00239169 1.44472 0.0055557 0.000751719 -0.0186042 0.00595441 0.733564 0.000117575 0.000235886 -0.000798527 0.000104475 -0.732619 0.0328525 -0.0175418 0.000204876 -0.0331252 -0.0275016 0.00384551 0.00052032 -0.0128773 0.00412149 0.507754 8.13823e-05 0.000163274 -0.000552719 7.23147e-05 -0.5071 0.0227396 -0.012142 0.00014181 -0.0229284 -0.0190359
178 0.00191357 1.47764 0.00357247 0.000492675 -0.0189058 0.0038333 0.746683 7.55284e-05 0.000155588 -0.000524288 7.00506e-05 -0.74629 0.0215259 -0.0182089 0.000134833 -0.0217037 -0.0192456 0.00241769 0.000333421 -0.0127946 0.00259421 0.505322 5.11143e-05 0.000105295 -0.000354815 4.74072e-05 -0.505056 0.0145678 -0.012323 9.12493e-05 -0.0146881 -0.0130246
178.5 0.00143531 1.50402 0.0020168 0.000282269 -0.0191389 0.00216604 0.757211 4.25041e-05 8.95803e-05 -0.000300795 4.07429e-05 -0.757086 0.0123311 -0.0187389 7.74978e-05 -0.0124326 -0.0124924 0.00134094 0.000187676 -0.0127251 0.00144016 0.503457 2.82602e-05 5.95604e-05 -0.000199994 2.70892e-05 -0.503373 0.00819877 -0.0124591 5.1527e-05 -0.00826622 -0.00830598
179 0.000956932 1.5233 0.000898653 0.000127103 -0.0193046 0.000965788 0.76491 1.87523e-05 4.04778e-05 -0.000135577 1.84005e-05 -0.764885 0.00555218 -0.0191234 3.49757e-05 -0.00559773 -0.00748661 0.000589938 8.34389e-05 -0.0126729 0.00063401 0.50214 1.23103e-05 2.65724e-05 -8.90023e-05 1.20793e-05 -0.502123 0.00364484 -0.0125539 2.29605e-05 -0.00367474 -0.00491473
179.5 0.000478484 1.53504 0.000225006 3.20249e-05 -0.0194037 0.000241912 0.769601 4.43889e-06 1.02201e-05 -3.41802e-05 4.41675e-06 -0.7696 0.00139889 -0.0193566 8.82448e-06 -0.00141035 -0.0044091 0.00014658 2.08626e-05 -0.0126405 0.000157593 0.501355 2.89171e-06 6.65786e-06 -2.22666e-05 2.87728e-06 -0.501354 0.000911305 -0.0126098 5.74869e-06 -0.00091877 -0.0028723
180 5.98114e-05 1.53898 1.25106e-17 -1.28487e-17 -0.0194367 -3.3627e-18 0.771177 -3.4237e-07 4.32229e-17 1.90498e-17 -3.4237e-07 -0.771177 -5.2066e-17 -0.0194347 5.50401e-17 2.60933e-17 -0.0033708 8.12914e-18 -8.34884e-18 -0.0126296 -2.18501e-18 0.501095 -2.22465e-07 2.80853e-17 1.23782e-17 -2.22465e-07 -0.501095 -3.38314e-17 -0.0126283 3.57639e-17 1.69549e-17 -0.00219028
