theta 2pi*dcos S11 S12 S13 S14 S21 S22 S23 S24 S31 S32 S33 S34 S41 S42 S43 S44 S12_norm S13_norm S14_norm S21_norm S22_norm S23_norm S24_norm S31_norm S32_norm S33_norm S34_norm S41_norm S42_norm S43_norm S44_norm
0 2.39246e-06 8073.17 5.10476e-14 -8.48488e-15 7.39329 5.07594e-14 8071.22 -2.33755 -1.26186e-15 -8.30492e-15 2.33755 8071.22 -6.38177e-17 7.39331 1.84294e-15 9.4948e-17 8070.24 6.32311e-18 -1.051e-18 0.000915785 6.28741e-18 0.999758 -0.000289545 -1.56303e-19 -1.02871e-18 0.000289545 0.999758 -7.9049e-21 0.000915787 2.2828e-19 1.17609e-20 0.999637
0.1 1.91397e-05 8066.07 -0.00106416 0.00167592 7.3834 -0.00110982 8064.12 -2.33445 -0.000638553 0.00175455 2.33445 8064.12 0.158111 7.38355 0.000621211 -0.158105 8063.14 -1.3193e-07 2.07774e-07 0.000915365 -1.37591e-07 0.999758 -0.000289416 -7.91653e-08 2.17522e-07 0.000289416 0.999758 1.9602e-05 0.000915383 7.70153e-08 -1.96012e-05 0.999637
0.2 3.82793e-05 8044.8 -0.00425753 0.00669031 7.35381 -0.00443977 8042.85 -2.32519 -0.0025496 0.00700395 2.32519 8042.85 0.631063 7.35432 0.00248023 -0.631038 8041.88 -5.29227e-07 8.31631e-07 0.000914107 -5.5188e-07 0.999757 -0.000289031 -3.16926e-07 8.70618e-07 0.000289031 0.999757 7.84436e-05 0.00091417 3.08302e-07 -7.84405e-05 0.999636
0.3 5.74188e-05 8009.46 -0.00958281 0.0150031 7.3047 -0.00999136 8007.51 -2.30983 -0.00571938 0.0157056 2.30983 8007.51 1.41473 7.30582 0.00556324 -1.41467 8006.54 -1.19644e-06 1.87317e-06 0.000912009 -1.24744e-06 0.999757 -0.000288388 -7.14078e-07 1.96088e-06 0.000288388 0.999757 0.000176632 0.000912148 6.94583e-07 -0.000176625 0.999635
0.4 7.65581e-05 7960.21 -0.0170447 0.0265479 7.23638 -0.0177673 7958.26 -2.28848 -0.0101251 0.0277889 2.28848 7958.26 2.50227 7.23834 0.00984738 -2.50217 7957.29 -2.14124e-06 3.33507e-06 0.000909069 -2.23202e-06 0.999755 -0.00028749 -1.27196e-06 3.49098e-06 0.00028749 0.999755 0.000314347 0.000909316 1.23708e-06 -0.000314334 0.999633
0.5 9.56972e-05 7897.28 -0.0266503 0.0412323 7.1493 -0.0277719 7895.34 -2.26129 -0.0157351 0.0431558 2.26129 7895.34 3.8842 7.15233 0.015301 -3.88404 7894.37 -3.37462e-06 5.22108e-06 0.000905287 -3.51665e-06 0.999754 -0.000286338 -1.99247e-06 5.46464e-06 0.000286338 0.999754 0.00049184 0.00090567 1.9375e-06 -0.00049182 0.999631
0.6 0.000114836 7820.95 -0.0384093 0.0589391 7.04401 -0.0400114 7819.02 -2.22846 -0.0225092 0.0616813 2.22846 7819.01 5.54848 7.04832 0.0218838 -5.54827 7818.05 -4.91107e-06 7.53604e-06 0.000900659 -5.11592e-06 0.999752 -0.000284935 -2.87807e-06 7.88667e-06 0.000284934 0.999752 0.000709438 0.00090121 2.7981e-06 -0.000709411 0.999628
0.7 0.000133974 7731.58 -0.0523345 0.0795263 6.92119 -0.0544943 7729.65 -2.19021 -0.0303993 0.083215 2.1902 7729.65 7.48066 6.92697 0.0295475 -7.48037 7728.69 -6.76892e-06 1.02859e-05 0.000895184 -7.04827e-06 0.99975 -0.000283281 -3.93183e-06 1.0763e-05 0.00028328 0.999749 0.000967546 0.000895931 3.82167e-06 -0.000967508 0.999625
0.8 0.000153112 7629.58 -0.0684425 0.102829 6.7816 -0.0712322 7627.65 -2.14682 -0.0393493 0.107582 2.1468 7627.64 9.66395 6.78904 0.0382362 -9.66358 7626.68 -8.97069e-06 1.34777e-05 0.000888857 -9.33633e-06 0.999747 -0.000281381 -5.15747e-06 1.41006e-05 0.000281379 0.999747 0.00126664 0.000889831 5.01158e-06 -0.00126659 0.999621
0.9 0.00017225 7515.39 -0.0867544 0.128661 6.62613 -0.0902406 7513.47 -2.09858 -0.0492962 0.134583 2.09856 7513.46 12.0794 6.63538 0.0478868 -12.079 7512.51 -1.15436e-05 1.71196e-05 0.000881675 -1.20074e-05 0.999744 -0.000279238 -6.55937e-06 1.79076e-05 0.000279235 0.999743 0.0016073 0.000882905 6.37183e-06 -0.00160723 0.999616
1 0.000191387 7389.54 -0.107296 0.156813 6.45574 -0.111539 7387.63 -2.04584 -0.0601705 0.163998 2.04581 7387.61 14.7063 6.46694 0.0584296 -14.7057 7386.66 -1.452e-05 2.1221e-05 0.000873632 -1.50942e-05 0.999741 -0.000276856 -8.14266e-06 2.21933e-05 0.000276852 0.999739 0.00199015 0.000875149 7.90707e-06 -0.00199007 0.999611
1.1 0.000210523 7252.59 -0.130099 0.187061 6.27149 -0.135152 7250.68 -1.98894 -0.0718965 0.195588 1.9889 7250.66 17.5218 6.28477 0.0697893 -17.5212 7249.72 -1.79383e-05 2.57923e-05 0.000864725 -1.8635e-05 0.999737 -0.000274239 -9.91322e-06 2.6968e-05 0.000274233 0.999734 0.00241594 0.000866555 9.62267e-06 -0.00241585 0.999604
1.2 0.000229659 7105.14 -0.155201 0.21916 6.07452 -0.161111 7103.24 -1.92829 -0.0843937 0.229093 1.92824 7103.21 20.5019 6.08996 0.0818853 -20.5011 7102.28 -2.18435e-05 3.08452e-05 0.000854947 -2.26752e-05 0.999733 -0.000271394 -1.18778e-05 3.22433e-05 0.000271386 0.999729 0.0028855 0.00085712 1.15248e-05 -0.00288539 0.999597
1.3 0.000248794 6947.85 -0.182647 0.25285 5.86601 -0.189451 6945.96 -1.86429 -0.0975768 0.264241 1.86421 6945.92 23.6209 5.88367 0.0946328 -23.6201 6944.99 -2.62883e-05 3.63926e-05 0.000844292 -2.72676e-05 0.999728 -0.000268327 -1.40442e-05 3.8032e-05 0.000268315 0.999722 0.00339975 0.000846834 1.36205e-05 -0.00339962 0.999589
1.4 0.000267929 6781.39 -0.21249 0.287861 5.64722 -0.220218 6779.51 -1.79737 -0.111357 0.300742 1.79726 6779.46 26.8524 5.66715 0.107943 -26.8514 6778.54 -3.13343e-05 4.24487e-05 0.000832752 -3.24738e-05 0.999723 -0.000265044 -1.6421e-05 4.43481e-05 0.000265029 0.999715 0.00395972 0.000835691 1.59176e-05 -0.00395958 0.999579
1.5 0.000287062 6606.49 -0.244789 0.323908 5.41943 -0.253461 6604.62 -1.72795 -0.125643 0.338296 1.72782 6604.55 30.1689 5.44164 0.121726 -30.1678 6603.64 -3.70528e-05 4.90287e-05 0.000820319 -3.83655e-05 0.999717 -0.000261554 -1.90181e-05 5.12066e-05 0.000261534 0.999707 0.00456655 0.000823681 1.84251e-05 -0.00456639 0.999568
1.6 0.000306195 6423.89 -0.279612 0.360698 5.18399 -0.289242 6422.04 -1.6565 -0.14034 0.376594 1.65634 6421.95 33.5423 5.20846 0.135886 -33.5412 6421.04 -4.35269e-05 5.61494e-05 0.000806985 -4.50259e-05 0.999711 -0.000257865 -2.18465e-05 5.8624e-05 0.000257841 0.999697 0.0052215 0.000810795 2.11533e-05 -0.00522132 0.999556
1.7 0.000325327 6234.36 -0.317037 0.397932 4.94223 -0.327626 6232.51 -1.58346 -0.155353 0.41532 1.58327 6232.4 36.9444 4.96892 0.150332 -36.9432 6231.5 -5.08532e-05 6.38288e-05 0.00079274 -5.25516e-05 0.999704 -0.00025399 -2.49189e-05 6.66178e-05 0.000253959 0.999686 0.00592594 0.000797021 2.41134e-05 -0.00592573 0.999541
1.8 0.000344457 6038.69 -0.357149 0.435305 4.69553 -0.368689 6036.85 -1.5093 -0.170587 0.454152 1.50907 6036.71 40.3468 4.72436 0.164966 -40.3454 6035.82 -5.91434e-05 7.2086e-05 0.000777574 -6.10545e-05 0.999696 -0.000249939 -2.82491e-05 7.52071e-05 0.000249901 0.999673 0.00668138 0.000782349 2.73182e-05 -0.00668116 0.999525
1.9 0.000363587 5837.66 -0.40004 0.47251 4.44523 -0.412515 5835.84 -1.43446 -0.185947 0.492768 1.4342 5835.67 43.7211 4.47611 0.179696 -43.7197 5834.79 -6.85274e-05 8.09417e-05 0.000761475 -7.06644e-05 0.999687 -0.000245725 -3.1853e-05 8.44119e-05 0.00024568 0.999658 0.00748949 0.000766764 3.07822e-05 -0.00748924 0.999507
2 0.000382716 5632.11 -0.445812 0.509243 4.19271 -0.459196 5630.29 -1.35939 -0.201338 0.530846 1.35909 5630.09 47.0397 4.2255 0.194429 -47.0381 5629.21 -7.91556e-05 9.04179e-05 0.00074443 -8.15319e-05 0.999678 -0.000241364 -3.57483e-05 9.42535e-05 0.000241311 0.999642 0.00835206 0.000750253 3.45215e-05 -0.00835179 0.999487
2.1 0.000401843 5422.82 -0.494575 0.545198 3.93927 -0.50883 5421.02 -1.28453 -0.216668 0.568066 1.28418 5420.78 50.2753 3.97384 0.209073 -50.2737 5419.91 -9.12024e-05 0.000100538 0.000726425 -9.38313e-05 0.999667 -0.000236874 -3.99548e-05 0.000104755 0.000236811 0.999623 0.00927106 0.000732799 3.85543e-05 -0.00927077 0.999464
2.2 0.000420969 5210.63 -0.546442 0.580078 3.68624 -0.561523 5208.83 -1.21029 -0.231846 0.604114 1.20991 5208.55 53.4019 3.72239 0.223541 -53.4003 5207.69 -0.000104871 0.000111326 0.000707446 -0.000107765 0.999656 -0.000232274 -4.44948e-05 0.000115939 0.000232201 0.999602 0.0102487 0.000714384 4.29009e-05 -0.0102483 0.999438
2.3 0.000440094 4996.32 -0.601533 0.613591 3.43485 -0.617386 4994.54 -1.13709 -0.246786 0.638686 1.13668 4994.21 56.3944 3.47239 0.237747 -56.3927 4993.36 -0.000120395 0.000122809 0.000687476 -0.000123568 0.999644 -0.000227586 -4.93936e-05 0.000127831 0.000227503 0.999578 0.0112872 0.00069499 4.75844e-05 -0.0112868 0.999408
2.4 0.000459218 4780.7 -0.659975 0.645454 3.18633 -0.676533 4778.93 -1.06531 -0.261405 0.671485 1.06486 4778.56 59.2291 3.22504 0.25161 -59.2273 4777.72 -0.00013805 0.000135012 0.000666498 -0.000141513 0.99963 -0.000222835 -5.46793e-05 0.000140457 0.000222742 0.999551 0.0123892 0.000674595 5.26304e-05 -0.0123888 0.999375
2.5 0.00047834 4564.55 -0.721893 0.675398 2.94182 -0.739084 4562.79 -0.995308 -0.275625 0.70223 0.994839 4562.36 61.8838 2.98145 0.265055 -61.882 4561.53 -0.000158152 0.000147966 0.000644491 -0.000161918 0.999615 -0.000218052 -6.03837e-05 0.000153844 0.000217949 0.99952 0.0135575 0.000653175 5.80681e-05 -0.0135571 0.999338
2.6 0.000497461 4348.63 -0.787416 0.703167 2.7024 -0.805157 4346.89 -0.927424 -0.28937 0.730654 0.926939 4346.39 64.3382 2.7427 0.278009 -64.3364 4345.57 -0.000181072 0.000161698 0.000621436 -0.000185152 0.999598 -0.000213268 -6.65427e-05 0.000168019 0.000213156 0.999485 0.014795 0.000630705 6.39302e-05 -0.0147946 0.999296
2.7 0.00051658 4133.68 -0.856671 0.728521 2.46908 -0.874872 4131.94 -0.861964 -0.302572 0.756505 0.861474 4131.39 66.5737 2.50979 0.290406 -66.5718 4130.58 -0.000207242 0.00017624 0.000597309 -0.000211645 0.99958 -0.000208522 -7.31968e-05 0.00018301 0.000208404 0.999446 0.0161052 0.000607156 7.02537e-05 -0.0161047 0.999249
2.8 0.000535698 3920.41 -0.92978 0.751236 2.2428 -0.948344 3918.68 -0.799206 -0.315169 0.779553 0.798724 3918.06 68.5737 2.28362 0.302187 -68.5719 3917.26 -0.000237164 0.000191622 0.000572084 -0.000241899 0.999559 -0.000203858 -8.03919e-05 0.000198845 0.000203735 0.999402 0.0174915 0.000582496 7.70805e-05 -0.017491 0.999197
2.9 0.000554814 3709.49 -1.00686 0.77111 2.02441 -1.02568 3707.78 -0.739398 -0.327102 0.799588 0.738939 3707.09 70.324 2.06504 0.313295 -70.3221 3706.29 -0.000271428 0.000207875 0.000545737 -0.000276502 0.999537 -0.000199326 -8.81797e-05 0.000215552 0.000199202 0.999351 0.0189578 0.000556691 8.44577e-05 -0.0189573 0.999137
3 0.000573928 3501.59 -1.08802 0.787961 1.81465 -1.10699 3499.88 -0.682751 -0.338321 0.816421 0.682335 3499.12 71.8124 1.8548 0.323684 -71.8105 3498.34 -0.000310723 0.00022503 0.000518235 -0.000316141 0.999512 -0.000194983 -9.66191e-05 0.000233157 0.000194864 0.999295 0.0205085 0.000529703 9.24391e-05 -0.020508 0.99907
3.1 0.00059304 3297.31 -1.17337 0.801631 1.61419 -1.19237 3295.61 -0.629447 -0.348779 0.829889 0.629094 3294.77 73.029 1.65357 0.333311 -73.0272 3293.99 -0.000355856 0.000243117 0.000489549 -0.000361619 0.999485 -0.000190897 -0.000105777 0.000251687 0.00019079 0.999231 0.0221481 0.00050149 0.000101086 -0.0221475 0.998995
3.2 0.000612151 3097.22 -1.26297 0.811983 1.42362 -1.28189 3095.53 -0.579631 -0.35844 0.839852 0.579365 3094.61 73.9664 1.4619 0.34214 -73.9646 3093.85 -0.000407777 0.000262165 0.000459644 -0.000413884 0.999455 -0.000187146 -0.00011573 0.000271163 0.00018706 0.999159 0.0238816 0.000472003 0.000110467 -0.023881 0.998911
3.3 0.00063126 2901.86 -1.35692 0.818907 1.24339 -1.37562 2900.18 -0.533414 -0.367269 0.846199 0.533261 2899.18 74.6196 1.28028 0.350142 -74.6178 2898.42 -0.000467602 0.000282201 0.000428481 -0.000474047 0.999421 -0.000183818 -0.000126563 0.000291606 0.000183765 0.999078 0.0257144 0.000441193 0.000120661 -0.0257138 0.998815
3.4 0.000650367 2711.71 -1.45524 0.822319 1.0739 -1.4736 2710.04 -0.490874 -0.375242 0.848844 0.490862 2708.96 74.9857 1.10909 0.357294 -74.9839 2708.21 -0.000536649 0.000303247 0.000396022 -0.00054342 0.999384 -0.00018102 -0.000138378 0.000313029 0.000181016 0.998986 0.0276526 0.000409001 0.00013176 -0.0276519 0.998708
3.5 0.000669472 2527.22 -1.55797 0.822159 0.915417 -1.57586 2525.56 -0.452053 -0.382337 0.847729 0.452214 2524.4 75.0646 0.948633 0.363579 -75.0628 2523.65 -0.000616473 0.000325321 0.000362222 -0.000623552 0.999342 -0.000178873 -0.000151287 0.000335439 0.000178937 0.998882 0.0297024 0.000375365 0.000143865 -0.0297017 0.998587
3.6 0.000688575 2348.8 -1.66511 0.818397 0.76814 -1.68239 2347.14 -0.416962 -0.388542 0.842824 0.41733 2345.89 74.858 0.799097 0.368987 -74.8563 2345.16 -0.000708918 0.000348432 0.000327036 -0.000716279 0.999295 -0.000177521 -0.000165422 0.000358832 0.000177678 0.998764 0.0318708 0.000340215 0.000157096 -0.03187 0.99845
3.7 0.000707676 2176.78 -1.77663 0.811026 0.632165 -1.79319 2175.13 -0.385581 -0.393848 0.834127 0.386191 2173.8 74.3704 0.660596 0.373512 -74.3687 2173.07 -0.000816171 0.00037258 0.000290413 -0.000823778 0.999242 -0.000177133 -0.000180932 0.000383193 0.000177414 0.998631 0.0341653 0.000303474 0.000171589 -0.0341645 0.998296
3.8 0.000726775 2011.48 -1.89247 0.80007 0.507498 -1.90817 2009.84 -0.357858 -0.398254 0.821666 0.358748 2008.43 73.6081 0.533156 0.377154 -73.6064 2007.7 -0.000940835 0.000397751 0.0002523 -0.00094864 0.999183 -0.000177907 -0.00019799 0.000408487 0.00017835 0.99848 0.0365939 0.000265056 0.000187501 -0.0365931 0.998121
3.9 0.000745871 1853.16 -2.01256 0.785577 0.394065 -2.02727 1851.53 -0.333713 -0.401762 0.805493 0.334922 1850.03 72.5796 0.416718 0.379921 -72.5779 1849.31 -0.00108601 0.000423912 0.000212644 -0.00109395 0.999117 -0.000180078 -0.000216798 0.000434659 0.00018073 0.998309 0.0391653 0.000224869 0.000205012 -0.0391644 0.997923
4 0.000764965 1702.03 -2.13676 0.76762 0.291706 -2.15036 1700.4 -0.31304 -0.40438 0.785691 0.314608 1698.82 71.2953 0.311147 0.381821 -71.2936 1698.11 -0.00125542 0.000451003 0.000171387 -0.00126341 0.999042 -0.000183922 -0.000237587 0.00046162 0.000184843 0.998114 0.0418885 0.00018281 0.000224333 -0.0418875 0.997698
4.1 0.000784057 1558.25 -2.26491 0.746301 0.20019 -2.27727 1556.62 -0.295709 -0.406122 0.762366 0.297676 1554.96 69.7675 0.216233 0.38287 -69.7658 1554.26 -0.0014535 0.000478936 0.000128471 -0.00146143 0.998957 -0.00018977 -0.000260627 0.000489246 0.000191033 0.997893 0.0447731 0.000138767 0.000245705 -0.044772 0.997442
4.2 0.000803147 1421.94 -2.39682 0.721743 0.119215 -2.40783 1420.32 -0.281565 -0.407004 0.735652 0.283973 1418.59 68.0102 0.131699 0.383086 -68.0084 1417.89 -0.00168559 0.000507576 8.38395e-05 -0.00169334 0.998861 -0.000198015 -0.000286232 0.000517358 0.000199708 0.99764 0.0478291 9.26191e-05 0.000269411 -0.0478279 0.997151
4.3 0.000822234 1293.18 -2.53224 0.694093 0.048414 -2.5418 1291.57 -0.270437 -0.407049 0.705705 0.273326 1289.76 66.0386 0.0572063 0.382494 -66.0369 1289.07 -0.00195814 0.000536732 3.74378e-05 -0.00196553 0.998751 -0.000209125 -0.000314765 0.000545711 0.000211359 0.997352 0.0510667 4.42368e-05 0.000295777 -0.0510653 0.996819
4.4 0.000841318 1172.01 -2.6709 0.663522 -0.0126347 -2.6789 1170.4 -0.262134 -0.406281 0.672706 0.265545 1168.52 63.8697 -0.00763895 0.381119 -63.8679 1167.84 -0.0022789 0.000566139 -1.07804e-05 -0.00228573 0.998625 -0.000223662 -0.000346653 0.000573976 0.000226572 0.997023 0.0544958 -6.51781e-06 0.000325184 -0.0544943 0.996439
4.5 0.0008604 1058.41 -2.81249 0.630218 -0.0644041 -2.81882 1056.81 -0.256452 -0.404728 0.636854 0.260423 1054.86 61.5212 -0.0632801 0.378991 -61.5194 1054.18 -0.00265727 0.000595437 -6.08497e-05 -0.00266325 0.998481 -0.000242299 -0.000382391 0.000601707 0.00024605 0.996645 0.0581259 -5.97877e-05 0.000358075 -0.0581242 0.996004
4.6 0.00087948 952.343 -2.95663 0.59439 -0.10741 -2.96123 950.739 -0.253174 -0.402421 0.59837 0.257742 948.735 59.0121 -0.110202 0.37614 -59.0102 948.061 -0.00310459 0.000624135 -0.000112785 -0.00310941 0.998316 -0.000265844 -0.000422559 0.000628314 0.00027064 0.996212 0.0619652 -0.000115717 0.000394963 -0.0619632 0.995504
4.7 0.000898556 853.716 -3.10295 0.556264 -0.142203 -3.10572 852.115 -0.252075 -0.399395 0.557491 0.257275 850.056 56.3619 -0.148925 0.372602 -56.36 849.387 -0.00363464 0.00065158 -0.00016657 -0.00363788 0.998125 -0.000295268 -0.000467831 0.000653018 0.000301359 0.995713 0.0660196 -0.000174443 0.000436447 -0.0660173 0.99493
4.8 0.00091763 762.413 -3.25099 0.516078 -0.169364 -3.25187 760.815 -0.252922 -0.395684 0.51447 0.258786 758.707 53.5909 -0.179998 0.368411 -53.589 758.042 -0.00426408 0.000676901 -0.000222142 -0.00426524 0.997904 -0.000331738 -0.000518989 0.000674792 0.00033943 0.995139 0.0702912 -0.000236089 0.000483217 -0.0702886 0.994268
4.9 0.000936701 678.282 -3.40029 0.474086 -0.189493 -3.39922 676.687 -0.255478 -0.391326 0.469571 0.262035 674.535 50.7197 -0.203989 0.363605 -50.7177 673.875 -0.00501309 0.000698951 -0.000279372 -0.00501152 0.997648 -0.000376655 -0.000576937 0.000692295 0.000386321 0.994475 0.0747767 -0.000300743 0.000536068 -0.0747737 0.993503
5 0.00095577 601.142 -3.55034 0.43055 -0.203206 -3.54728 599.55 -0.259507 -0.386361 0.423071 0.26678 597.36 47.769 -0.221483 0.358223 -47.7669 596.705 -0.00590598 0.00071622 -0.000338033 -0.00590089 0.997351 -0.000431689 -0.000642712 0.000703779 0.000443789 0.993708 0.0794637 -0.000368437 0.000595904 -0.0794602 0.992618
5.1 0.000974835 530.784 -3.70059 0.385742 -0.211125 -3.6955 529.194 -0.26477 -0.380829 0.375255 0.272782 526.974 44.7595 -0.233071 0.352303 -44.7574 526.323 -0.00697192 0.000726739 -0.000397761 -0.00696234 0.997004 -0.000498828 -0.000717483 0.000706983 0.000513922 0.992821 0.0843272 -0.000439107 0.000663741 -0.0843231 0.991594
5.2 0.000993897 466.975 -3.85047 0.339937 -0.213874 -3.84334 465.387 -0.271035 -0.37477 0.326413 0.2798 463.142 41.712 -0.239347 0.345886 -41.7097 462.495 -0.00824557 0.000727956 -0.000457998 -0.00823028 0.996599 -0.000580406 -0.000802547 0.000698995 0.000599174 0.991793 0.0893238 -0.000512548 0.000740694 -0.089319 0.990407
5.3 0.00101296 409.46 -3.9994 0.293417 -0.212068 -3.9902 407.874 -0.278074 -0.368225 0.276839 0.287601 405.612 38.6466 -0.240899 0.339011 -38.6442 404.969 -0.00976749 0.000716596 -0.000517922 -0.00974502 0.996126 -0.000679123 -0.000899295 0.000676108 0.000702391 0.990603 0.0943843 -0.000588333 0.000827947 -0.0943785 0.989032
5.4 0.00103201 357.965 -4.14673 0.246463 -0.206315 -4.13547 356.381 -0.285665 -0.361238 0.226828 0.29596 354.109 35.583 -0.238305 0.331719 -35.5805 353.47 -0.0115842 0.00068851 -0.000576355 -0.0115527 0.995574 -0.000798024 -0.00100914 0.000633659 0.000826784 0.989228 0.0994034 -0.000665721 0.00092668 -0.0993967 0.987442
5.5 0.00105107 312.202 -4.29184 0.199353 -0.197202 -4.27854 310.619 -0.293597 -0.35385 0.176673 0.304659 308.344 32.5402 -0.232127 0.324051 -32.5377 307.709 -0.013747 0.00063854 -0.00063165 -0.0137044 0.99493 -0.000940409 -0.0011334 0.000565895 0.000975839 0.987645 0.104228 -0.000743517 0.00103795 -0.10422 0.985609
5.6 0.00107012 271.867 -4.43407 0.152366 -0.185296 -4.41876 270.286 -0.30167 -0.346102 0.126665 0.31349 268.015 29.5365 -0.222909 0.316045 -29.534 267.383 -0.0163097 0.000560442 -0.00068157 -0.0162534 0.994183 -0.00110963 -0.00127306 0.000465908 0.0011531 0.985833 0.108643 -0.00081992 0.0011625 -0.108634 0.983508
5.7 0.00108916 236.648 -4.57277 0.10577 -0.171137 -4.55547 235.068 -0.309696 -0.338037 0.0770866 0.322261 232.81 26.5892 -0.211167 0.307742 -26.5865 232.181 -0.019323 0.000446948 -0.000723168 -0.01925 0.993324 -0.00130868 -0.00142844 0.000325743 0.00136177 0.983779 0.112357 -0.000892326 0.00130042 -0.112346 0.981121
5.8 0.00110821 206.225 -4.70725 0.059827 -0.155232 -4.68803 204.647 -0.317499 -0.329695 0.0282133 0.330788 202.406 23.7143 -0.197392 0.29918 -23.7116 201.781 -0.0228257 0.000290105 -0.000752731 -0.0227325 0.992345 -0.00153957 -0.00159871 0.000136808 0.00160401 0.981481 0.114992 -0.000957167 0.00145074 -0.114979 0.978447
5.9 0.00112725 180.273 -4.83686 0.0147898 -0.138058 -4.81577 178.696 -0.324919 -0.321118 -0.0196902 0.338907 176.48 20.9269 -0.182041 0.290399 -20.9242 175.858 -0.0268307 8.20409e-05 -0.000765829 -0.0267137 0.99125 -0.00180237 -0.00178128 -0.000109224 0.00187996 0.97896 0.116084 -0.00100981 0.00161088 -0.116069 0.975509
6 0.00172656 158.464 -4.96093 -0.0291028 -0.120053 -4.93806 156.888 -0.331811 -0.312344 -0.066372 0.346464 154.704 18.2407 -0.165538 0.281436 -18.238 154.085 -0.0313063 -0.000183656 -0.000757606 -0.031162 0.990054 -0.00209392 -0.00197107 -0.000418846 0.00218639 0.976271 0.115109 -0.00104464 0.00177603 -0.115092 0.972365
6.2 0.00236869 125.968 -5.1899 -0.112568 -0.0831076 -5.16372 124.394 -0.34351 -0.294363 -0.155136 0.359373 122.291 13.2201 -0.13059 0.263112 -13.2175 121.678 -0.0412003 -0.000893628 -0.000659754 -0.0409925 0.987507 -0.00272697 -0.00233682 -0.00123155 0.0028529 0.970814 0.104948 -0.0010367 0.00208873 -0.104927 0.965951
6.4 0.00244479 106.156 -5.38923 -0.188963 -0.0471007 -5.36017 104.585 -0.35176 -0.276054 -0.236381 0.368633 102.586 8.73468 -0.095194 0.244495 -8.7322 101.979 -0.0507669 -0.00178005 -0.000443691 -0.0504931 0.985198 -0.0033136 -0.00260045 -0.00222672 0.00347254 0.966363 0.0822812 -0.000896733 0.00230315 -0.0822578 0.960652
6.6 0.00252085 96.5529 -5.55444 -0.256977 -0.0140722 -5.523 94.9839 -0.355981 -0.257701 -0.308712 0.373629 93.1064 4.8432 -0.0613768 0.225859 -4.84101 92.5065 -0.0575275 -0.00266152 -0.000145746 -0.0572018 0.98375 -0.0036869 -0.00266902 -0.00319733 0.00386968 0.964304 0.0501611 -0.00063568 0.00233922 -0.0501384 0.958091
6.8 0.00259689 94.8359 -5.6817 -0.315625 0.014592 -5.64843 93.2693 -0.355849 -0.23957 -0.371071 0.37401 91.5283 1.58095 -0.0305578 0.207464 -1.57922 90.9348 -0.0599109 -0.00332812 0.000153866 -0.05956 0.983481 -0.00375226 -0.00252615 -0.00391277 0.00394376 0.965123 0.0166704 -0.000322218 0.00218761 -0.0166521 0.958865
7 0.00267289 98.8848 -5.76794 -0.364266 0.0381186 -5.73343 97.3206 -0.351271 -0.221905 -0.422759 0.369669 95.7266 -1.03946 -0.0035895 0.189555 1.04058 95.1396 -0.0583299 -0.00368374 0.000385484 -0.0579809 0.984182 -0.00355232 -0.00224407 -0.00427526 0.00373838 0.968062 -0.0105119 -3.62998e-05 0.00191693 0.0105232 0.962125
7.2 0.00274886 106.812 -5.81101 -0.402608 0.0562787 -5.77588 105.25 -0.34236 -0.204927 -0.463433 0.360721 103.809 -3.02664 0.0191795 0.172359 3.02696 103.228 -0.0544042 -0.00376932 0.000526896 -0.0540752 0.985378 -0.00320526 -0.00191858 -0.00433878 0.00337716 0.971887 -0.0283362 0.000179563 0.00161367 0.0283392 0.966451
7.4 0.0028248 116.983 -5.80976 -0.430697 0.0693019 -5.77463 115.423 -0.329405 -0.188834 -0.493109 0.34747 114.137 -4.40813 0.0378222 0.156087 4.40747 113.563 -0.0496634 -0.00368171 0.000592411 -0.0493631 0.98667 -0.00281584 -0.0016142 -0.00421523 0.00297027 0.975672 -0.0376819 0.000323314 0.00133427 0.0376762 0.970765
7.6 0.00290071 128.027 -5.76411 -0.448893 0.0777762 -5.72961 126.47 -0.312833 -0.173795 -0.512132 0.330377 125.335 -5.22768 0.0527405 0.140924 5.22586 124.767 -0.0450228 -0.00350625 0.000607501 -0.0447533 0.987839 -0.0024435 -0.00135749 -0.00400021 0.00258054 0.978973 -0.0408328 0.00041195 0.00110074 0.0408186 0.97454
7.8 0.00297657 138.836 -5.67507 -0.457839 0.082543 -5.64179 137.281 -0.293177 -0.15995 -0.521147 0.310021 136.291 -5.54217 0.0645671 0.127034 5.53903 135.73 -0.0408761 -0.0032977 0.000594536 -0.0406364 0.988802 -0.00211168 -0.00115208 -0.00375369 0.002233 0.98167 -0.0399189 0.000465061 0.000914996 0.0398962 0.977628
8 0.00305241 148.558 -5.54473 -0.458415 0.0845914 -5.51322 147.006 -0.271034 -0.147404 -0.521051 0.287061 146.15 -5.41827 0.0740681 0.114551 5.41367 145.595 -0.0373237 -0.00308576 0.000569416 -0.0371116 0.989549 -0.00182443 -0.000992231 -0.00350739 0.00193231 0.98379 -0.0364724 0.00049858 0.000771085 0.0364414 0.980053
8.2 0.0031282 156.58 -5.37621 -0.451685 0.0849594 -5.34698 155.029 -0.247037 -0.136228 -0.512951 0.262202 154.295 -4.92912 0.0820523 0.103574 4.92293 153.745 -0.0343353 -0.0028847 0.000542596 -0.0341486 0.990096 -0.00157771 -0.000870024 -0.00327598 0.00167456 0.985407 -0.03148 0.00052403 0.000661479 0.0314405 0.981899
8.4 0.00320396 162.503 -5.17353 -0.438847 0.0846452 -5.14703 160.954 -0.221824 -0.126454 -0.498098 0.23616 160.326 -4.15103 0.0892914 0.0941662 4.14317 159.782 -0.0318365 -0.00270054 0.000520883 -0.0316733 0.990468 -0.00136504 -0.000778164 -0.00306515 0.00145326 0.9866 -0.0255443 0.000549474 0.000579472 0.0254959 0.983252
8.6 0.00327968 166.124 -4.94156 -0.421168 0.084534 -4.91814 164.576 -0.196009 -0.118075 -0.477834 0.209637 164.036 -3.16044 0.0964545 0.0863488 3.15087 163.497 -0.0297462 -0.00253526 0.000508861 -0.0296052 0.990683 -0.0011799 -0.000710765 -0.00287637 0.00126193 0.987431 -0.0190246 0.000580617 0.000519785 0.018967 0.984185
8.8 0.00335535 167.398 -4.68578 -0.399931 0.0853416 -4.66574 165.851 -0.170169 -0.111042 -0.453533 0.183288 165.381 -2.0312 0.10406 0.0800989 2.01993 164.846 -0.0279918 -0.0023891 0.000509812 -0.0278721 0.99076 -0.00101655 -0.00066334 -0.00270931 0.00109492 0.98795 -0.0121339 0.00062163 0.000478494 0.0120666 0.984753
9 0.00343099 166.415 -4.41216 -0.376382 0.0875775 -4.3957 164.869 -0.144822 -0.105266 -0.426543 0.157711 164.449 -0.832231 0.112443 0.0753481 0.819311 163.918 -0.026513 -0.00226171 0.00052626 -0.0264141 0.990709 -0.000870247 -0.000632552 -0.00256313 0.000947695 0.988189 -0.00500094 0.000675678 0.000452773 0.00492331 0.984995
9.2 0.00350659 163.366 -4.12694 -0.351679 0.0915264 -4.11418 161.82 -0.120422 -0.10062 -0.398135 0.133424 161.433 0.374341 0.121745 0.071982 -0.388816 160.905 -0.0252619 -0.0021527 0.000560253 -0.0251838 0.990537 -0.000737126 -0.000615918 -0.00243707 0.000816718 0.988169 0.00229142 0.00074523 0.000440618 -0.00238003 0.984932
9.4 0.00358214 158.518 -3.83647 -0.326852 0.0972484 -3.82744 156.972 -0.0973491 -0.0969419 -0.369462 0.110862 156.6 1.53461 0.131918 0.0698428 -1.5505 156.073 -0.0242021 -0.00206192 0.000613485 -0.0241451 0.990246 -0.00061412 -0.000611551 -0.00233073 0.000699366 0.987899 0.00968099 0.000832194 0.000440599 -0.0097812 0.984575
9.6 0.00365765 152.184 -3.54694 -0.302772 0.104594 -3.5416 150.637 -0.0759138 -0.0940385 -0.341518 0.0903665 150.264 2.60381 0.142738 0.0687325 -2.62091 149.738 -0.023307 -0.00198952 0.000687289 -0.0232718 0.989837 -0.000498829 -0.000617926 -0.00224411 0.000593798 0.987382 0.0171096 0.000937931 0.000451641 -0.017222 0.983927
9.8 0.00373311 144.702 -3.26429 -0.280131 0.113236 -3.26249 143.154 -0.0563535 -0.0916934 -0.315116 0.0721867 142.765 3.54675 0.153842 0.0684196 -3.56484 142.239 -0.0225588 -0.00193592 0.000782548 -0.0225463 0.989304 -0.000389446 -0.000633672 -0.0021777 0.000498866 0.986613 0.0245108 0.00106317 0.000472832 -0.0246358 0.982981
10 0.00380853 136.413 -2.99395 -0.259424 0.122705 -2.9955 134.864 -0.0388395 -0.0896742 -0.290872 0.0564814 134.446 4.33789 0.164763 0.0686462 -4.35669 133.92 -0.0219477 -0.00190176 0.000899511 -0.0219591 0.988645 -0.000284721 -0.000657374 -0.00213229 0.000414048 0.985583 0.0317998 0.00120783 0.000503225 -0.0319376 0.981726
10.2 0.0038839 127.646 -2.74074 -0.240958 0.132439 -2.74536 126.095 -0.023482 -0.0877409 -0.269195 0.0433237 125.639 4.96097 0.174976 0.0691379 -4.98019 125.112 -0.0214714 -0.0018877 0.00103755 -0.0215076 0.987852 -0.000183962 -0.000687377 -0.00210892 0.000339405 0.984279 0.0388651 0.00137079 0.000541638 -0.0390156 0.980149
10.4 0.00395923 118.705 -2.50874 -0.224851 0.14183 -2.51612 117.152 -0.0103372 -0.0856559 -0.250299 0.0327083 116.65 5.4084 0.183942 0.0696142 -5.42771 116.121 -0.0211343 -0.0018942 0.00119482 -0.0211965 0.98692 -8.70832e-05 -0.000721587 -0.00210858 0.000275543 0.982693 0.0455618 0.00154958 0.000586448 -0.0457245 0.978235
10.6 0.0040345 109.857 -2.30121 -0.211054 0.150276 -2.31097 108.302 0.000586236 -0.0831929 -0.234209 0.0245604 107.75 5.68035 0.191154 0.0697997 -5.69942 107.218 -0.0209473 -0.00192116 0.00136792 -0.0210361 0.985845 5.33634e-06 -0.000757281 -0.00213193 0.000223566 0.980818 0.0517066 0.00174002 0.000635367 -0.0518801 0.975978
10.8 0.00410973 101.331 -2.12051 -0.199377 0.157221 -2.13225 99.7737 0.00931991 -0.080147 -0.220786 0.0187454 99.1683 5.78368 0.196177 0.0694357 -5.80217 98.6336 -0.0209265 -0.00196758 0.00155156 -0.0210424 0.984629 9.19746e-05 -0.000790941 -0.00217886 0.000184991 0.978655 0.057077 0.001936 0.000685235 -0.0572595 0.973378
11 0.00418491 93.3101 -1.96809 -0.189513 0.162197 -1.98139 91.7497 0.0159296 -0.0763428 -0.209756 0.0150795 91.0914 5.73083 0.198677 0.0682911 -5.74841 90.5533 -0.0210919 -0.00203101 0.00173825 -0.0212344 0.983277 0.000170717 -0.000818162 -0.00224794 0.000161606 0.976222 0.061417 0.00212921 0.000731873 -0.0616054 0.970455
11.2 0.00426003 85.9335 -1.84453 -0.181078 0.164849 -1.85893 84.37 0.0205098 -0.0716418 -0.200737 0.0133404 83.6609 5.53855 0.198448 0.0661722 -5.5549 83.1191 -0.0214646 -0.00210718 0.00191833 -0.0216322 0.981806 0.000238671 -0.000833689 -0.00233596 0.000155241 0.973554 0.0644516 0.00230932 0.00077004 -0.0646419 0.96725
11.4 0.00433511 79.2983 -1.74953 -0.173637 0.164962 -1.7646 77.7316 0.0231786 -0.0659487 -0.193278 0.0132781 76.9758 5.22675 0.195426 0.062931 -5.24159 76.4303 -0.0220626 -0.00218966 0.00208028 -0.0222527 0.980243 0.000292297 -0.000831653 -0.00243736 0.000167445 0.970712 0.0659126 0.00246444 0.000793599 -0.0660997 0.963833
11.6 0.00441013 73.4623 -1.68203 -0.166746 0.162467 -1.69732 71.8922 0.0240737 -0.0592148 -0.186891 0.0146254 71.0956 4.81738 0.189689 0.0584718 -4.83042 70.5461 -0.0228965 -0.00226981 0.00221157 -0.0231047 0.978628 0.000327701 -0.000806057 -0.00254405 0.000199087 0.967783 0.0655762 0.00258212 0.000795943 -0.0657538 0.960304
11.8 0.0044851 68.4484 -1.64027 -0.159978 0.157441 -1.65537 66.8748 0.0233484 -0.0514403 -0.181087 0.0171076 66.0445 4.33332 0.181457 0.0527544 -4.34436 65.4912 -0.0239636 -0.00233721 0.00230014 -0.0241843 0.97701 0.00034111 -0.000751519 -0.00264561 0.000249934 0.964879 0.0633078 0.002651 0.000770718 -0.0634691 0.956796
12 0.0139046 64.2498 -1.62193 -0.152955 0.150097 -1.63644 62.6725 0.0211689 -0.0426739 -0.175405 0.0204522 61.8167 3.79755 0.171072 0.0457961 -3.8064 61.2596 -0.0252441 -0.00238064 0.00233615 -0.02547 0.97545 0.000329478 -0.000664187 -0.00273005 0.000318323 0.96213 0.0591061 0.00266261 0.000712782 -0.0592438 0.95346
13 0.0246683 53.8238 -1.77531 -0.106283 0.0930888 -1.78237 52.2266 -0.00526308 0.0113949 -0.137527 0.0417037 51.3781 1.06428 0.104461 -0.00339035 -1.0613 50.8053 -0.0329838 -0.00197465 0.00172951 -0.0331148 0.970325 -9.77836e-05 0.000211706 -0.00255514 0.000774819 0.954561 0.0197734 0.00194079 -6.29898e-05 -0.019718 0.943918
14 0.0265294 54.2454 -2.04757 -0.0446363 0.0476269 -2.04437 52.6272 -0.0417344 0.0637498 -0.0795569 0.0566633 51.9645 -0.471562 0.0604787 -0.0567012 0.482781 51.381 -0.0377465 -0.000822859 0.00087799 -0.0376874 0.97017 -0.000769363 0.00117521 -0.00146661 0.00104457 0.957954 -0.00869313 0.00111491 -0.00104527 0.00889994 0.947195
15 0.0283823 56.6672 -2.16217 -9.42727e-05 0.0501654 -2.1523 55.0307 -0.072899 0.0901967 -0.0291756 0.0629513 54.5838 -0.298723 0.0684592 -0.0871907 0.309134 53.9924 -0.0381555 -1.66362e-06 0.000885263 -0.0379813 0.97112 -0.00128644 0.00159169 -0.000514858 0.00111089 0.963233 -0.00527153 0.00120809 -0.00153864 0.00545525 0.952798
16 0.0302266 55.853 -2.05699 0.00524757 0.0867709 -2.04772 54.2054 -0.093486 0.0823026 -0.0138667 0.0685111 53.8554 0.863421 0.104477 -0.085437 -0.863835 53.2611 -0.0368287 9.39532e-05 0.00155356 -0.0366627 0.970502 -0.00167379 0.00147356 -0.000248272 0.00122663 0.964236 0.0154588 0.00187057 -0.00152968 -0.0154662 0.953594
17 0.0320617 50.9486 -1.81624 -0.0155255 0.119042 -1.81432 49.302 -0.101064 0.0497701 -0.0268524 0.0728519 48.8852 1.83702 0.127893 -0.060958 -1.8531 48.2986 -0.0356484 -0.000304729 0.00233652 -0.0356107 0.96768 -0.00198365 0.000976868 -0.000527049 0.00142991 0.9595 0.0360563 0.00251024 -0.00119646 -0.036372 0.947986
18 0.0338871 44.5342 -1.56135 -0.0330924 0.118505 -1.56963 42.9015 -0.0890976 0.013575 -0.0385402 0.0622488 42.3383 1.855 0.117912 -0.0315812 -1.88235 41.7731 -0.0350597 -0.000743079 0.00266098 -0.0352454 0.963337 -0.00200066 0.000304822 -0.000865407 0.00139778 0.950691 0.0416533 0.00264768 -0.000709144 -0.0422675 0.938
19 0.0357021 39.992 -1.37867 -0.031659 0.0795161 -1.39507 38.3815 -0.0545744 -0.00247458 -0.0297987 0.0270975 37.7281 1.05529 0.07843 -0.0159757 -1.08257 37.1923 -0.0344737 -0.000791634 0.0019883 -0.0348837 0.959728 -0.00136463 -6.1877e-05 -0.000745117 0.000677574 0.943392 0.0263875 0.00196114 -0.000399472 -0.0270698 0.929994
20 0.0375062 38.5671 -1.28169 -0.0156818 0.0186566 -1.30047 36.9771 -0.0117175 0.0163428 -0.00703053 -0.0200127 36.3601 0.220684 0.0269042 -0.0279241 -0.238125 35.851 -0.0332329 -0.000406611 0.000483744 -0.0337197 0.958773 -0.00030382 0.00042375 -0.000182294 -0.000518908 0.942775 0.00572207 0.000697596 -0.00072404 -0.00617432 0.929574
21 0.0392989 38.6778 -1.20769 0.0034029 -0.0319668 -1.22203 37.0966 0.0114251 0.0623473 0.0106686 -0.0507373 36.595 0.00248534 -0.0144473 -0.0658492 -0.00945255 36.1024 -0.0312243 8.79808e-05 -0.00082649 -0.0315952 0.959118 0.000295393 0.00161197 0.000275832 -0.0013118 0.94615 6.42577e-05 -0.000373531 -0.00170251 -0.000244392 0.933413
22 0.0410797 37.94 -1.0679 0.0181766 -0.0433688 -1.07298 36.3528 -0.00336386 0.105588 0.0116197 -0.0468356 35.9377 0.376798 -0.0278232 -0.107356 -0.380963 35.4518 -0.028147 0.000479088 -0.00114309 -0.0282808 0.958165 -8.86626e-05 0.00278301 0.000306264 -0.00123446 0.947223 0.0099314 -0.000733348 -0.00282963 -0.0100412 0.934415
23 0.0428479 35.5257 -0.830491 0.0252511 -0.0133819 -0.826029 33.925 -0.0462091 0.116083 -0.0012394 -0.0158825 33.5008 0.805148 -0.0115876 -0.124031 -0.813886 33.0175 -0.0233772 0.000710783 -0.000376681 -0.0232516 0.954942 -0.00130072 0.00326758 -3.48873e-05 -0.00044707 0.943001 0.0226638 -0.000326176 -0.0034913 -0.0229098 0.929398
24 0.0446031 32.5142 -0.560994 0.0226486 0.0294211 -0.55197 30.9051 -0.0879757 0.0905876 -0.0169775 0.0194006 30.3991 0.823981 0.0175123 -0.108063 -0.837092 29.9204 -0.0172538 0.000696577 0.00090487 -0.0169763 0.95051 -0.00270576 0.00278609 -0.000522158 0.000596682 0.93495 0.0253422 0.000538604 -0.00332358 -0.0257454 0.920226
25 0.0463447 30.3887 -0.369231 0.0113717 0.0506848 -0.363343 28.7837 -0.106031 0.055014 -0.0260377 0.0430456 28.1983 0.434448 0.0384515 -0.0807178 -0.44557 27.7281 -0.0121503 0.000374209 0.00166788 -0.0119565 0.947182 -0.00348915 0.00181034 -0.000856822 0.0014165 0.92792 0.0142963 0.00126532 -0.00265618 -0.0146623 0.912446
26 0.0480722 29.5745 -0.307584 -0.00229395 0.0389719 -0.310113 27.982 -0.0993643 0.0382838 -0.0243275 0.054833 27.3745 -0.00566839 0.0423005 -0.0694991 0.0015744 26.9143 -0.0104003 -7.75649e-05 0.00131775 -0.0104858 0.946152 -0.00335979 0.00129448 -0.000822583 0.00185406 0.92561 -0.000191664 0.0014303 -0.00234996 5.32351e-05 0.910049
27 0.049785 29.3268 -0.322627 -0.00899224 0.00877184 -0.332144 27.7443 -0.081709 0.0459312 -0.0121961 0.0618095 27.168 -0.16568 0.0336706 -0.0793398 0.167645 26.7148 -0.0110011 -0.000306622 0.000299106 -0.0113256 0.946037 -0.00278615 0.00156618 -0.000415867 0.00210761 0.926387 -0.00564942 0.00114812 -0.00270536 0.00571644 0.910935
28 0.0514827 28.6546 -0.308691 -0.00217813 -0.0194343 -0.317706 27.0722 -0.0655737 0.0610664 0.00756918 0.0666625 26.5351 -0.00826666 0.0202753 -0.0918596 0.0116817 26.0837 -0.0107729 -7.60134e-05 -0.000678227 -0.0110875 0.944779 -0.00228842 0.00213112 0.000264153 0.00232642 0.926034 -0.000288494 0.000707577 -0.00320576 0.000407672 0.910281
29 0.0531646 27.1772 -0.205983 0.0167401 -0.0353418 -0.206884 25.5882 -0.0536209 0.0673696 0.0298903 0.0650815 25.057 0.244406 0.00680007 -0.091704 -0.24283 24.6055 -0.00757927 0.00061596 -0.00130042 -0.00761243 0.941534 -0.00197301 0.0024789 0.00109983 0.00239471 0.921986 0.00899308 0.000250213 -0.0033743 -0.00893506 0.905375
30 0.0548304 25.2443 -0.0451372 0.0372988 -0.0376678 -0.0364359 23.6504 -0.0405946 0.0650893 0.0466155 0.0509981 23.0886 0.341929 -0.00218745 -0.0850844 -0.342852 22.6423 -0.00178801 0.00147751 -0.00149213 -0.00144333 0.936862 -0.00160807 0.00257838 0.00184657 0.00202018 0.914605 0.0135448 -8.66512e-05 -0.00337044 -0.0135813 0.896925
31 0.0564795 23.4618 0.0960194 0.0448213 -0.0273794 0.109064 21.8695 -0.0199835 0.0636932 0.0484807 0.0225785 21.2714 0.208795 -0.000851859 -0.0871894 -0.212691 20.8394 0.00409258 0.00191039 -0.00116698 0.00464855 0.932132 -0.000851745 0.00271476 0.00206637 0.00096235 0.906639 0.00889935 -3.63083e-05 -0.00371622 -0.00906539 0.888225
32 0.0581114 22.1776 0.167401 0.0307529 -0.00819364 0.178029 20.5905 0.00949339 0.0645892 0.0315068 -0.0150681 19.9832 -0.0338393 0.0119046 -0.0965474 0.0253856 19.5709 0.00754817 0.00138666 -0.000369455 0.00802739 0.928435 0.000428061 0.00291235 0.00142066 -0.000679427 0.90105 -0.00152583 0.000536783 -0.00435337 0.00114465 0.882459
33 0.0597256 21.3333 0.178264 0.00197876 0.0107348 0.183262 19.7494 0.0408193 0.0570787 0.00309738 -0.0511931 19.1637 -0.208996 0.0281624 -0.0915161 0.195471 18.7688 0.00835613 9.27544e-05 0.000503194 0.00859041 0.925752 0.00191341 0.00267557 0.00014519 -0.00239968 0.898297 -0.00979668 0.00132011 -0.00428982 0.00916272 0.879789
34 0.0613216 20.6726 0.170273 -0.0210954 0.0204282 0.169612 19.0882 0.0623978 0.0318485 -0.0201184 -0.0745532 18.5293 -0.23731 0.0374621 -0.0552931 0.221664 18.1453 0.00823662 -0.00102045 0.000988177 0.00820469 0.923356 0.00301838 0.00154061 -0.000973191 -0.00360637 0.896322 -0.0114794 0.00181216 -0.0026747 0.0107226 0.877745
35 0.0628989 20.0053 0.176454 -0.0198647 0.0216379 0.16966 18.4197 0.0674788 -0.00534266 -0.0238138 -0.0799657 17.8641 -0.169528 0.0373577 0.00103057 0.156838 17.4864 0.0088204 -0.000992973 0.00108161 0.00848079 0.920741 0.00337305 -0.000267063 -0.00119038 -0.00399723 0.89297 -0.00847418 0.00186739 5.15147e-05 0.00783982 0.87409
36 0.064457 19.2782 0.207143 0.00653564 0.0241164 0.192721 17.6933 0.0605292 -0.0362774 -0.00688087 -0.0710159 17.1116 -0.101953 0.0341784 0.0459612 0.0953082 16.7401 0.0107449 0.000339016 0.00125096 0.00999681 0.917789 0.00313977 -0.00188178 -0.000356925 -0.00368374 0.887612 -0.00528853 0.0017729 0.0023841 0.00494383 0.868341
37 0.0659956 18.4843 0.259283 0.0408265 0.0336747 0.2387 16.9008 0.0524702 -0.0461508 0.0192646 -0.055841 16.2812 -0.0864614 0.0328383 0.057236 0.0846214 15.9169 0.0140272 0.00220871 0.0018218 0.0129137 0.914332 0.00283863 -0.00249675 0.00104221 -0.00302099 0.880809 -0.00467755 0.00177655 0.00309646 0.00457801 0.861102
38 0.067514 17.6043 0.323249 0.0632373 0.0426574 0.303542 16.0196 0.0489892 -0.0354624 0.0415529 -0.0400142 15.3721 -0.116933 0.0292473 0.0400483 0.116191 15.0142 0.018362 0.00359215 0.00242312 0.0172425 0.909981 0.0027828 -0.00201442 0.00236038 -0.00227298 0.873202 -0.00664228 0.00166137 0.00227491 0.00660013 0.85287
39 0.0690118 16.6609 0.381149 0.0665386 0.0369506 0.370848 15.0712 0.0455683 -0.0166406 0.0538857 -0.0241862 14.4141 -0.167978 0.0153992 0.0163227 0.165894 14.0609 0.0228769 0.00399371 0.00221781 0.0222587 0.904589 0.00273505 -0.000998783 0.00323427 -0.00145168 0.865149 -0.0100822 0.000924272 0.000979702 0.00995713 0.843951
40 0.10628 15.7647 0.41246 0.0562691 0.0124746 0.414162 14.1684 0.0355385 -0.0011574 0.0557828 -0.00861056 13.5141 -0.218743 -0.00905779 0.00160672 0.215755 13.1665 0.0261634 0.0035693 0.000791296 0.0262714 0.898741 0.0022543 -7.3417e-05 0.00353845 -0.000546191 0.857235 -0.0138755 -0.00057456 0.000101918 0.0136859 0.835188
42 0.146749 14.4782 0.401028 0.0226532 -0.0344227 0.407404 12.872 0.0120271 0.0157249 0.0275642 0.00134115 12.2247 -0.233479 -0.0410953 -0.00570511 0.231216 11.8966 0.0276987 0.00156464 -0.00237755 0.028139 0.889056 0.000830703 0.0010861 0.00190384 9.26324e-05 0.84435 -0.0161262 -0.00283842 -0.000394047 0.0159699 0.821687
44 0.152348 13.362 0.450527 -0.00616667 -0.00898114 0.449738 11.7527 0.0222484 0.0210575 -0.0158808 -0.0263078 11.0761 -0.140045 -0.00394399 0.00337887 0.127488 10.7597 0.0337171 -0.000461509 -0.000672141 0.033658 0.879563 0.00166505 0.00157593 -0.00118851 -0.00196885 0.828923 -0.0104809 -0.000295165 0.000252872 0.00954107 0.805248
46 0.157761 12.0261 0.524711 -0.00646257 0.0131451 0.525204 10.4215 0.0098693 -0.00318556 -0.0145678 -0.0233051 9.67779 -0.216983 0.0248675 0.0256803 0.193011 9.36038 0.0436309 -0.000537378 0.00109305 0.043672 0.866573 0.000820656 -0.000264887 -0.00121135 -0.00193787 0.804731 -0.0180426 0.0020678 0.00213538 0.0160494 0.778338
48 0.162982 11.0033 0.477891 -0.00732493 0.000506619 0.472613 9.39593 -0.0189658 -0.0199665 -0.00338822 -0.000538017 8.63968 -0.326871 0.0059324 0.0283286 0.316237 8.31863 0.0434317 -0.000665704 4.60425e-05 0.042952 0.85392 -0.00172365 -0.00181459 -0.000307928 -4.8896e-05 0.785191 -0.0297067 0.000539148 0.00257456 0.0287402 0.756013
50 0.168004 10.0577 0.435909 -0.0130798 -0.00460566 0.434903 8.4279 -0.0202096 -0.00137681 -0.00983801 -0.00437398 7.71182 -0.283003 -0.00789372 0.0245239 0.288013 7.38469 0.0433406 -0.00130047 -0.000457922 0.0432407 0.837952 -0.00200936 -0.000136891 -0.000978153 -0.000434887 0.766755 -0.0281379 -0.000784841 0.00243832 0.0286359 0.73423
52 0.172821 9.15045 0.419266 -0.0133559 -0.0105745 0.428551 7.49901 -0.0202059 0.0148541 -0.0153429 -0.00332393 6.77494 -0.27126 -0.0084567 0.0126291 0.264957 6.46143 0.0458192 -0.00145959 -0.00115562 0.0468339 0.819524 -0.00220819 0.00162332 -0.00167673 -0.000363254 0.740394 -0.0296445 -0.000924185 0.00138016 0.0289557 0.706133
54 0.177428 8.42492 0.40462 -0.0146017 -0.0106339 0.418778 6.77134 -0.0138508 0.0103213 -0.0110428 0.00026393 6.0118 -0.292055 -0.00805564 0.00924566 0.265868 5.72011 0.0480265 -0.00173316 -0.00126219 0.049707 0.803728 -0.00164403 0.00122509 -0.00131073 3.13273e-05 0.713573 -0.0346656 -0.000956168 0.00109742 0.0315573 0.678951
56 0.181819 7.74395 0.38126 0.0064393 -0.0113867 0.399165 6.0961 -0.00695078 0.0195005 0.00799179 0.000604094 5.3254 -0.322723 -0.000403441 0.00757108 0.297381 5.0451 0.0492332 0.000831527 -0.00147039 0.0515454 0.787208 -0.000897575 0.00251816 0.001032 7.80085e-05 0.687685 -0.0416742 -5.20975e-05 0.000977676 0.0384017 0.651489
58 0.185988 7.1378 0.317882 0.0138414 -0.0207333 0.327043 5.48061 -0.011909 0.0257743 0.00748098 0.00192573 4.69699 -0.305735 0.00528161 0.000634148 0.285481 4.43494 0.044535 0.00193917 -0.00290472 0.0458185 0.767829 -0.00166845 0.00361097 0.00104808 0.000269794 0.658044 -0.0428332 0.00073995 8.88437e-05 0.0399957 0.621332
60 0.286303 6.60972 0.295954 0.0147679 -0.0163914 0.293586 4.94049 -0.00409722 -0.00680753 0.0105507 -0.00148805 4.10751 -0.279746 -0.00994948 0.0247229 0.254318 3.86469 0.0447756 0.00223427 -0.0024799 0.0444173 0.747459 -0.000619878 -0.00102993 0.00159625 -0.00022513 0.621435 -0.0423234 -0.00150528 0.00374038 0.0384764 0.584697
64 0.394175 5.68302 0.221417 -0.00342847 0.0126189 0.228017 4.00919 0.0230892 0.0443415 0.0150138 -0.00135589 3.16127 -0.350136 -0.00325154 -0.0106587 0.340124 2.92853 0.0389612 -0.000603282 0.00222046 0.0401226 0.705469 0.00406284 0.00780245 0.00264188 -0.000238586 0.556266 -0.0616109 -0.00057215 -0.00187553 0.0598492 0.515313
68 0.406626 5.02283 0.136371 0.00782786 -0.0191333 0.123101 3.34195 -0.00181442 -0.0117432 -0.0036012 0.0111806 2.44594 -0.375039 -0.0247421 0.0179744 0.35635 2.23025 0.0271503 0.00155846 -0.00380927 0.0245084 0.665352 -0.000361235 -0.00233795 -0.000716966 0.00222596 0.486965 -0.0746669 -0.00492593 0.00357854 0.070946 0.444022
72 0.417095 4.4681 0.0874844 0.00792491 0.00024498 0.0983014 2.78509 0.0046748 0.0195465 -0.0133145 -0.0265905 1.80723 -0.349776 0.0046156 0.0220143 0.353777 1.64605 0.0195798 0.00177366 5.48286e-05 0.0220007 0.623327 0.00104626 0.00437468 -0.00297989 -0.0059512 0.404474 -0.0782829 0.00103301 0.004927 0.0791785 0.368401
76 0.425533 4.10223 -0.0286081 0.00928192 0.00175836 -0.0256962 2.41752 0.023992 -0.00240224 0.00890351 -0.00440867 1.34518 -0.386809 0.00189733 -0.00713098 0.394834 1.2381 -0.00697378 0.00226265 0.000428636 -0.00626397 0.589318 0.00584854 -0.000585594 0.00217041 -0.0010747 0.327914 -0.0942924 0.000462513 -0.00173832 0.0962487 0.301812
80 0.431897 3.81756 -0.0222713 -0.0115713 0.00120169 -0.00519923 2.11823 0.00618635 0.00398629 -0.000559939 -0.00426126 0.975718 -0.465068 0.0064946 0.00887288 0.470543 0.929907 -0.00583391 -0.00303108 0.00031478 -0.00136193 0.554864 0.0016205 0.0010442 -0.000146675 -0.00111622 0.255587 -0.121823 0.00170124 0.00232423 0.123257 0.243587
84 0.436158 3.6558 -0.125589 -0.00226454 0.00151724 -0.108639 1.92076 0.00259961 -0.0170242 0.0111081 -0.0046926 0.703359 -0.445265 0.0190675 0.00549818 0.439686 0.703854 -0.0343534 -0.000619439 0.000415024 -0.0297169 0.525402 0.000711093 -0.00465677 0.0030385 -0.00128361 0.192396 -0.121797 0.00521569 0.00150396 0.120271 0.192531
88 0.328636 3.573 -0.135973 -0.00733557 0.000347419 -0.134531 1.78439 0.00178659 -0.00917625 0.0024768 -0.00182735 0.497973 -0.553886 0.00543516 -0.0187489 0.552266 0.596158 -0.0380557 -0.00205305 9.72345e-05 -0.0376521 0.499409 0.000500025 -0.00256822 0.000693198 -0.000511431 0.139371 -0.15502 0.00152117 -0.00524738 0.154566 0.166851
90 0.219313 3.5236 -0.150543 0.000641231 0.0121045 -0.149499 1.73113 0.00623699 -0.0237404 -0.0113649 0.00912236 0.415358 -0.533851 0.0171431 -0.0196569 0.544753 0.552038 -0.0427242 0.000181982 0.00343528 -0.042428 0.491298 0.00177006 -0.00673755 -0.00322537 0.00258893 0.117879 -0.151507 0.00486523 -0.00557866 0.154601 0.156669
92 0.328636 3.50796 -0.165887 0.00655736 0.0223224 -0.160694 1.70175 0.0105856 -0.0357164 -0.0046354 0.0249878 0.297997 -0.554573 0.0400951 -0.034554 0.564894 0.489328 -0.0472887 0.00186928 0.00636336 -0.0458083 0.485112 0.00301758 -0.0101815 -0.00132139 0.00712317 0.0849488 -0.15809 0.0114297 -0.00985017 0.161032 0.139491
96 0.436158 3.54523 -0.204133 -0.00895265 0.00544587 -0.196386 1.69181 -0.0101477 -0.0248186 0.00117718 0.0112855 0.195314 -0.63712 0.00853301 -0.0286684 0.645319 0.509096 -0.0575795 -0.00252527 0.00153611 -0.0553945 0.477209 -0.00286236 -0.00700055 0.000332047 0.0031833 0.0550921 -0.179712 0.0024069 -0.00808647 0.182025 0.1436
100 0.431897 3.65901 -0.218441 0.0135119 0.0365362 -0.200992 1.73216 0.00633752 -0.0418097 -0.0349637 0.00484813 0.026596 -0.703851 0.00463926 -0.0244416 0.720878 0.487601 -0.0596996 0.00369278 0.00998526 -0.0549308 0.473396 0.00173203 -0.0114265 -0.00955552 0.00132498 0.00726863 -0.192361 0.0012679 -0.00667986 0.197015 0.13326
104 0.425533 3.76884 -0.211604 0.0132344 0.000644049 -0.215728 1.74951 -0.00801758 -0.0235962 -0.0199926 0.00693713 -0.0440112 -0.789661 0.0124576 -0.0187307 0.792228 0.551785 -0.0561456 0.00351152 0.000170888 -0.0572399 0.464203 -0.00212733 -0.00626085 -0.00530472 0.00184065 -0.0116776 -0.209523 0.00330541 -0.00496988 0.210205 0.146407
108 0.417095 3.98657 -0.242094 0.00232473 0.0202132 -0.257886 1.78468 0.0269992 -0.0575354 -0.00754162 -0.0425132 -0.215083 -0.912305 0.00413203 -0.0489019 0.902026 0.614692 -0.0607275 0.000583142 0.00507034 -0.0646888 0.447672 0.00677255 -0.0144323 -0.00189176 -0.0106641 -0.053952 -0.228845 0.00103649 -0.0122667 0.226266 0.154191
112 0.406626 4.16497 -0.32499 0.021987 0.00888168 -0.314182 1.84397 0.0319593 -0.0438452 -0.0534231 -0.054617 -0.269921 -0.966646 -0.00806055 -0.0269764 0.96409 0.745725 -0.0780293 0.00527904 0.00213247 -0.0754345 0.442733 0.00767335 -0.0105271 -0.0128268 -0.0131134 -0.0648074 -0.23209 -0.00193532 -0.00647697 0.231476 0.179047
116 0.394175 4.38279 -0.260003 0.00417881 -0.0173652 -0.255897 1.89022 0.00741712 -0.0661254 -0.0180114 -0.0295383 -0.44607 -1.02632 -0.0346377 -0.0352184 1.02065 0.807395 -0.0593235 0.000953458 -0.00396212 -0.0583867 0.431283 0.00169233 -0.0150875 -0.00410958 -0.0067396 -0.101778 -0.23417 -0.0079031 -0.0080356 0.232877 0.184219
120 0.379804 4.64615 -0.368863 -0.00692715 0.00269962 -0.346699 1.97694 0.0137634 -0.057715 0.0100766 -0.00950384 -0.571894 -1.06196 -0.0205504 -0.0542996 1.04205 0.915303 -0.0793911 -0.00149095 0.000581045 -0.0746209 0.425502 0.00296233 -0.0124221 0.00216881 -0.00204553 -0.12309 -0.228568 -0.0044231 -0.011687 0.224282 0.197003
124 0.363583 4.84546 -0.292191 -0.000637708 -0.0170199 -0.285459 1.98327 0.0417896 -0.0823719 -0.00760068 -0.032474 -0.733657 -1.01009 -0.0283411 -0.0687872 0.995533 1.00526 -0.060302 -0.000131609 -0.00351255 -0.0589127 0.409306 0.00862449 -0.0169998 -0.00156862 -0.00670195 -0.151411 -0.208462 -0.00584901 -0.0141962 0.205457 0.207465
128 0.34559 5.04025 -0.263674 0.0324249 0.0122922 -0.247309 1.96305 0.0387463 -0.112898 -0.0274495 -0.052715 -1.00054 -0.979037 0.0294221 -0.095803 0.964894 0.977227 -0.0523136 0.00643319 0.00243881 -0.0490669 0.389474 0.00768737 -0.0223992 -0.00544607 -0.0104588 -0.198509 -0.194244 0.00583742 -0.0190076 0.191438 0.193885
132 0.325914 5.21641 -0.300739 0.0372648 0.0132165 -0.301299 1.96242 0.0151379 -0.052879 -0.0378755 0.00798653 -1.25055 -0.878944 0.0152715 -0.0660453 0.869442 0.934465 -0.0576524 0.00714376 0.00253363 -0.0577597 0.376202 0.00290197 -0.010137 -0.00726083 0.00153104 -0.239733 -0.168496 0.00292759 -0.012661 0.166674 0.179139
136 0.304649 5.40636 -0.218137 0.0598999 0.0236533 -0.210598 1.98919 -0.11784 -0.00187926 -0.0449934 0.114015 -1.52516 -0.82988 0.0118421 -0.0267306 0.83182 0.855637 -0.0403482 0.0110795 0.0043751 -0.0389539 0.367935 -0.0217967 -0.000347602 -0.00832233 0.0210891 -0.282106 -0.153501 0.00219041 -0.0049443 0.15386 0.158265
140 0.281901 5.61065 -0.222851 0.0477058 0.00284004 -0.217773 2.09128 -0.0648044 0.0609779 -0.0570389 0.0801881 -1.71887 -0.852672 0.000172774 0.0473044 0.835395 0.804257 -0.0397193 0.00850271 0.000506188 -0.0388142 0.372734 -0.0115502 0.0108682 -0.0101662 0.0142921 -0.306359 -0.151974 3.07939e-05 0.00843119 0.148894 0.143345
144 0.257779 5.91876 -0.179559 0.0550653 -0.0695507 -0.179955 2.22015 -0.0272186 -0.0230355 -0.0420342 0.0238982 -1.91521 -0.808197 -0.0663688 0.00415804 0.80533 0.803217 -0.0303372 0.00930352 -0.0117509 -0.0304042 0.375104 -0.0045987 -0.00389195 -0.00710186 0.0040377 -0.323584 -0.136548 -0.0112133 0.000702519 0.136064 0.135707
148 0.232401 6.13368 -0.142156 -0.0197306 -0.0179026 -0.149233 2.32561 -0.0492742 0.0255896 0.0409813 0.0427344 -2.17709 -0.703189 -0.00560435 0.0406609 0.690896 0.691067 -0.0231764 -0.00321676 -0.00291873 -0.0243301 0.379153 -0.00803337 0.00417198 0.00668135 0.00696716 -0.354941 -0.114644 -0.0009137 0.00662912 0.11264 0.112667
152 0.205891 6.29846 -0.255058 -0.0464456 -0.0232088 -0.243693 2.37351 0.0435536 0.0690349 0.084529 -0.0628406 -2.33938 -0.43208 -0.00671359 0.0562802 0.448869 0.671078 -0.0404954 -0.00737413 -0.00368485 -0.0386909 0.37684 0.00691497 0.0109606 0.0134206 -0.00997714 -0.371421 -0.068601 -0.00106591 0.00893555 0.0712666 0.106546
156 0.178378 6.55672 -0.144883 0.0162965 -0.0111636 -0.118323 2.65849 0.0233109 0.144993 -0.00847054 0.00373402 -2.58263 -0.255531 0.021278 0.115198 0.284887 0.438192 -0.0220969 0.00248547 -0.00170262 -0.0180461 0.40546 0.00355527 0.0221136 -0.00129189 0.000569495 -0.393891 -0.0389724 0.00324522 0.0175695 0.0434495 0.066831
160 0.0971232 6.89637 -0.112071 0.0944668 -0.0133402 -0.0775141 2.95058 0.0411846 0.0972141 -0.0837472 0.0181287 -2.73622 -0.221181 -0.0400117 0.0632019 0.246652 0.321666 -0.0162507 0.0136981 -0.00193438 -0.0112398 0.427845 0.00597193 0.0140964 -0.0121437 0.00262873 -0.396763 -0.0320722 -0.00580185 0.00916452 0.0357654 0.0466428
161 0.0357021 6.92148 -0.0826457 0.135772 0.00515634 -0.0439486 2.97486 0.039763 0.0735794 -0.13343 0.0106509 -2.79098 -0.159785 -0.013133 0.033993 0.188676 0.27936 -0.0119405 0.019616 0.000744977 -0.00634959 0.4298 0.00574487 0.0106306 -0.0192776 0.00153882 -0.403235 -0.0230853 -0.00189742 0.00491123 0.0272595 0.0403613
162 0.0338871 6.93447 -0.0432859 0.149442 0.00483898 -0.00878186 3.01019 0.0225782 0.0317297 -0.162058 0.0107457 -2.84488 -0.121182 0.00873794 0.000648795 0.140734 0.218624 -0.00624214 0.0215506 0.000697815 -0.00126641 0.434091 0.00325593 0.00457565 -0.0233699 0.00154961 -0.410252 -0.0174754 0.00126007 9.35609e-05 0.0202948 0.0315272
163 0.0320617 6.96066 -0.0162473 0.123119 -0.012352 0.00888424 3.04663 -0.00185333 -0.0100097 -0.14485 0.018394 -2.89566 -0.10882 0.0218642 -0.0215276 0.104832 0.171514 -0.00233416 0.0176879 -0.00177455 0.00127635 0.437692 -0.000266257 -0.00143804 -0.0208097 0.00264257 -0.416003 -0.0156335 0.00314111 -0.00309276 0.0150606 0.0246405
164 0.0302266 7.0085 -0.0166071 0.0629068 -0.0222414 -0.00108144 3.06147 -0.0167887 -0.0309585 -0.0814246 0.0262466 -2.94989 -0.106462 0.0366869 -0.0226793 0.0744882 0.160197 -0.00236957 0.00897578 -0.00317349 -0.000154304 0.436822 -0.00239547 -0.00441727 -0.011618 0.00374496 -0.420902 -0.0151904 0.00523463 -0.00323596 0.0106283 0.0228576
165 0.0283823 7.07279 -0.0358714 -0.0118829 -0.00409096 -0.0286915 3.05655 -0.00734598 -0.0239174 0.00569544 0.0263 -3.01219 -0.107304 0.0599719 -0.00631034 0.0563099 0.173278 -0.00507175 -0.00168008 -0.000578408 -0.00405661 0.432156 -0.00103863 -0.00338161 0.000805261 0.00371847 -0.425885 -0.0151713 0.00847924 -0.000892199 0.00796149 0.0244992
166 0.0265294 7.14492 -0.0518839 -0.0778872 0.0389258 -0.0526626 3.0673 0.0253123 0.00401901 0.086538 0.0188922 -3.07727 -0.123137 0.0832548 0.0167771 0.0698852 0.172772 -0.00726165 -0.0109011 0.00544804 -0.00737064 0.429299 0.0035427 0.000562499 0.0121118 0.00264414 -0.430693 -0.0172341 0.0116523 0.00234811 0.0097811 0.0241811
167 0.0246683 7.20914 -0.0571742 -0.116562 0.0859802 -0.0640127 3.12095 0.0587757 0.0394783 0.138161 0.0134686 -3.13588 -0.155371 0.0908985 0.0398903 0.116257 0.126796 -0.00793079 -0.0161686 0.0119265 -0.00887937 0.432916 0.00815294 0.00547614 0.0191647 0.00186826 -0.434987 -0.0215519 0.0126088 0.0055333 0.0161264 0.0175882
168 0.0172754 7.24056 -0.0719795 -0.121968 0.119106 -0.079076 3.19466 0.0637607 0.0674941 0.151809 0.0196533 -3.186 -0.171708 0.0767597 0.0618747 0.157812 0.0403394 -0.00994114 -0.0168451 0.0164499 -0.0109212 0.441218 0.00880604 0.00932167 0.0209664 0.00271433 -0.440021 -0.0237148 0.0106013 0.00854556 0.0217955 0.00557131
168.5 0.0109315 7.24031 -0.0914791 -0.11479 0.12833 -0.0960668 3.22335 0.0509036 0.0738423 0.146067 0.0277133 -3.20921 -0.161767 0.063976 0.0711446 0.162333 -0.00528945 -0.0126347 -0.0158543 0.0177243 -0.0132683 0.445196 0.00703058 0.0101988 0.0201741 0.00382764 -0.443242 -0.0223426 0.00883608 0.00982618 0.0224207 -0.000730555
169 0.0104622 7.23379 -0.120238 -0.104099 0.132649 -0.121127 3.24254 0.0292085 0.0728017 0.134684 0.0379581 -3.23113 -0.139172 0.0499104 0.0772163 0.153955 -0.0433542 -0.0166217 -0.0143907 0.0183374 -0.0167446 0.448248 0.00403778 0.0100641 0.0186188 0.00524732 -0.446672 -0.0192391 0.00689962 0.0106744 0.0212828 -0.00599328
169.5 0.00999215 7.22905 -0.155199 -0.0926125 0.132175 -0.152017 3.25624 0.00200897 0.0634 0.120468 0.0488338 -3.24996 -0.109689 0.0363573 0.0778904 0.137197 -0.0682976 -0.0214688 -0.0128112 0.0182839 -0.0210286 0.450438 0.000277902 0.00877018 0.0166644 0.00675522 -0.449569 -0.0151734 0.00502933 0.0107746 0.0189785 -0.00944767
170 0.0095213 7.23581 -0.190178 -0.0827574 0.126928 -0.183362 3.27457 -0.0263929 0.0457148 0.106326 0.0585217 -3.26185 -0.082927 0.0245262 0.0711152 0.12042 -0.0777528 -0.0262829 -0.0114372 0.0175416 -0.0253409 0.452551 -0.00364755 0.00631786 0.0146945 0.00808779 -0.450792 -0.0114606 0.00338956 0.00982824 0.0166422 -0.0107456
170.5 0.00904972 7.26175 -0.217132 -0.0761741 0.116985 -0.207622 3.31117 -0.0517459 0.0211424 0.094758 0.0652338 -3.26108 -0.0688546 0.0148877 0.0557763 0.112552 -0.0739623 -0.0299008 -0.0104898 0.0161097 -0.0285912 0.455974 -0.00712582 0.00291147 0.0130489 0.0089832 -0.449076 -0.00948181 0.00205016 0.00768084 0.0154992 -0.0101852
171 0.00857745 7.30805 -0.228258 -0.0733726 0.102806 -0.217009 3.37871 -0.0707988 -0.00756206 0.0873678 0.067503 -3.24102 -0.0729758 0.00728931 0.0323986 0.118494 -0.064424 -0.0312338 -0.01004 0.0140675 -0.0296945 0.462327 -0.00968778 -0.00103476 0.011955 0.00923679 -0.443485 -0.00998566 0.000997435 0.00443328 0.0162142 -0.00881547
171.5 0.00810453 7.36603 -0.218374 -0.073632 0.0855677 -0.20589 3.4837 -0.0819133 -0.0365376 0.0845522 0.0644399 -3.19585 -0.0917607 0.00127331 0.00349712 0.134757 -0.0613902 -0.0296461 -0.00999616 0.0116165 -0.0279512 0.472941 -0.0111204 -0.00496029 0.0114787 0.00874824 -0.433863 -0.0124573 0.000172862 0.000474762 0.0182944 -0.00833422
172 0.00763099 7.41686 -0.186869 -0.0751798 0.0673067 -0.172968 3.62262 -0.0851875 -0.0613535 0.0854488 0.0559268 -3.12293 -0.110254 -0.00354446 -0.0266057 0.147153 -0.0799938 -0.0251951 -0.0101363 0.00907482 -0.0233209 0.48843 -0.0114857 -0.00827216 0.0115209 0.00754049 -0.421058 -0.0148653 -0.000477892 -0.00358719 0.0198403 -0.0107854
172.5 0.00715688 7.43566 -0.138533 -0.075624 0.0507188 -0.122472 3.78107 -0.0821025 -0.0777463 0.0881855 0.0427117 -3.02522 -0.103406 -0.00720171 -0.052525 0.132038 -0.13504 -0.0186308 -0.0101705 0.00682102 -0.0164709 0.508506 -0.0110417 -0.0104559 0.0118598 0.00574418 -0.406853 -0.0139068 -0.000968537 -0.00706393 0.0177574 -0.0181611
173 0.00668221 7.40006 -0.0828771 -0.0725506 0.0385993 -0.0638017 3.93694 -0.0748563 -0.0824258 0.0903797 0.0263594 -2.9133 -0.0416466 -0.00935224 -0.0689765 0.0616235 -0.236872 -0.0111995 -0.00980405 0.00521608 -0.00862177 0.532014 -0.0101156 -0.0111385 0.0122134 0.00356205 -0.393685 -0.00562787 -0.00126381 -0.00932106 0.00832743 -0.0320095
173.5 0.00620704 7.30154 -0.0319682 -0.0641545 0.0330388 -0.00951459 4.0671 -0.0656353 -0.073788 0.0897628 0.00903202 -2.80616 0.100233 -0.00950607 -0.0720684 -0.0875263 -0.38713 -0.00437828 -0.00878643 0.0045249 -0.00130309 0.55702 -0.00898923 -0.0101058 0.0122937 0.001237 -0.384324 0.0137276 -0.00130193 -0.00987029 -0.0119874 -0.0530202
174 0.0057314 7.15615 0.0027145 -0.0497586 0.0346108 0.0279186 4.15605 -0.0560647 -0.0523796 0.0847653 -0.0068902 -2.73036 0.333178 -0.00747626 -0.0603712 -0.325003 -0.575494 0.000379325 -0.00695327 0.00483651 0.00390134 0.580767 -0.00783448 -0.00731952 0.0118451 -0.000962837 -0.38154 0.0465583 -0.00104473 -0.00843627 -0.0454159 -0.0804195
174.5 0.00525531 7.01072 0.0135173 -0.0300932 0.0418328 0.0396955 4.20346 -0.0469874 -0.0209914 0.0749102 -0.0192838 -2.71717 0.646101 -0.00386191 -0.0354539 -0.639102 -0.778616 0.00192808 -0.00429245 0.00596697 0.00566212 0.599575 -0.00670221 -0.00299419 0.0106851 -0.00275062 -0.387573 0.092159 -0.000550857 -0.00505709 -0.0911607 -0.111061
175 0.00477883 6.94098 -0.00104045 -0.00725199 0.0511339 0.0234851 4.228 -0.0385775 0.0156823 0.0609145 -0.0267397 -2.79793 1.00325 -0.000350279 -0.00170663 -0.994323 -0.96211 -0.000149899 -0.00104481 0.00736695 0.00338354 0.609136 -0.00555793 0.00225937 0.00877606 -0.00385244 -0.403103 0.14454 -5.04653e-05 -0.000245878 -0.143254 -0.138613
175.5 0.00430199 7.03975 -0.0356031 0.0156853 0.057436 -0.0155224 4.26533 -0.0306725 0.0518032 0.0444826 -0.0288713 -2.99828 1.34854 0.000347645 0.0345398 -1.33563 -1.08587 -0.00505744 0.00222811 0.00815882 -0.00220496 0.605892 -0.00435705 0.00735868 0.00631877 -0.00410119 -0.425908 0.191562 4.93832e-05 0.0049064 -0.189727 -0.154248
176 0.00382481 7.39653 -0.0793192 0.0352988 0.055276 -0.0658 4.3598 -0.0231371 0.0814566 0.0278575 -0.0263685 -3.33214 1.61681 -0.00499482 0.0663997 -1.59935 -1.11206 -0.0107238 0.00477234 0.00747323 -0.00889607 0.589438 -0.0031281 0.0110128 0.00376629 -0.00356499 -0.450501 0.21859 -0.000675292 0.00897714 -0.21623 -0.150349
176.5 0.00334735 8.07255 -0.118886 0.0486033 0.0402223 -0.112687 4.55186 -0.016091 0.0998319 0.0132585 -0.0207643 -3.79685 1.74949 -0.0192472 0.0879861 -1.72855 -1.01432 -0.0147272 0.00602081 0.0049826 -0.0139593 0.563869 -0.0019933 0.0123668 0.00164242 -0.00257221 -0.47034 0.216721 -0.00238427 0.0108994 -0.214127 -0.125651
177 0.00286963 9.0776 -0.142439 0.053772 0.0102236 -0.142706 4.8643 -0.00991824 0.104267 0.00235533 -0.0139747 -4.37045 1.71096 -0.043914 0.095751 -1.68879 -0.785841 -0.0156913 0.0059236 0.00112625 -0.0157207 0.535858 -0.00109261 0.0114862 0.000259467 -0.00153947 -0.481455 0.188482 -0.00483762 0.0105481 -0.186039 -0.0865693
177.5 0.00239169 10.3555 -0.143106 0.0506227 -0.0334945 -0.147659 5.29166 -0.00508602 0.0948996 -0.00408893 -0.00775485 -5.01215 1.50051 -0.0783123 0.0892811 -1.47989 -0.444213 -0.0138192 0.00488847 -0.00323445 -0.0142589 0.510997 -0.00049114 0.00916413 -0.000394854 -0.000748859 -0.484006 0.144899 -0.00756235 0.00862157 -0.142908 -0.0428961
178 0.00191357 11.784 -0.121102 0.0407293 -0.0862772 -0.12718 5.79633 -0.00189089 0.0747319 -0.0063249 -0.00324798 -5.66604 1.15628 -0.119241 0.0713557 -1.13972 -0.0311905 -0.0102768 0.00345632 -0.00732155 -0.0107926 0.491881 -0.000160462 0.0063418 -0.000536735 -0.000275626 -0.480824 0.098123 -0.0101189 0.0060553 -0.0967171 -0.00264685
178.5 0.00143531 13.1901 -0.0836731 0.0271063 -0.14074 -0.0888542 6.31339 -0.000276089 0.0490457 -0.0054623 -0.000775495 -6.26785 0.749213 -0.161326 0.0472568 -0.738159 0.393202 -0.00634362 0.00205504 -0.0106701 -0.00673642 0.478646 -2.09315e-05 0.00371836 -0.00041412 -5.87936e-05 -0.475193 0.0568011 -0.0122308 0.00358274 -0.055963 0.0298103
179 0.000956932 14.3803 -0.0428401 0.013525 -0.188207 -0.045808 6.7634 0.000179607 0.0242566 -0.00310626 7.05394e-05 -6.75375 0.367821 -0.198029 0.0234975 -0.362289 0.761358 -0.00297909 0.000940523 -0.0130879 -0.00318548 0.470325 1.24899e-05 0.00168679 -0.000216009 4.90529e-06 -0.469654 0.0255782 -0.0137709 0.00163401 -0.0251935 0.0529447
179.5 0.000478484 15.1776 -0.011636 0.00361858 -0.220557 -0.0124896 7.07021 9.04809e-05 0.006458 -0.000886257 8.32598e-05 -7.06958 0.0975557 -0.223084 0.00627352 -0.0960725 1.01138 -0.000766659 0.000238416 -0.0145318 -0.000822897 0.465833 5.9615e-06 0.000425497 -5.83926e-05 5.48572e-06 -0.465792 0.00642763 -0.0146983 0.000413342 -0.00632991 0.0666368
180 5.98114e-05 15.4581 3.29082e-15 -1.86681e-15 -0.232033 2.63624e-15 7.17911 -9.32934e-06 1.84924e-15 2.93946e-15 -9.32934e-06 -7.17911 2.46293e-15 -0.231983 -1.22809e-15 -1.62849e-15 1.09992 2.12886e-16 -1.20765e-16 -0.0150104 1.7054e-16 0.464423 -6.03523e-07 1.19629e-16 1.90156e-16 -6.03523e-07 -0.464423 1.59329e-16 -0.0150071 -7.9446e-17 -1.05348e-16 0.0711546
