theta 2pi*dcos S11 S12 S13 S14 S21 S22 S23 S24 S31 S32 S33 S34 S41 S42 S43 S44 S12_norm S13_norm S14_norm S21_norm S22_norm S23_norm S24_norm S31_norm S32_norm S33_norm S34_norm S41_norm S42_norm S43_norm S44_norm
0 2.39246e-06 13.2707 8.80815e-17 3.8917e-18 -0.0215723 8.98303e-17 13.2516 -0.000439751 -1.1405e-17 3.18626e-18 0.000439751 13.2516 9.46399e-18 -0.0215723 1.28327e-17 -1.36289e-17 13.2374 6.63728e-18 2.93255e-19 -0.00162555 6.76906e-18 0.998559 -3.31369e-05 -8.59412e-19 2.40097e-19 3.31369e-05 0.998559 7.13148e-19 -0.00162555 9.6699e-19 -1.02699e-18 0.997488
0.1 1.91397e-05 13.2703 1.72595e-05 3.13142e-08 -0.0215714 1.72546e-05 13.2511 -0.000439492 -4.12387e-10 -3.49227e-08 0.000439492 13.2511 3.8423e-05 -0.0215714 1.33223e-09 -3.84235e-05 13.2369 1.30061e-06 2.35973e-09 -0.00162554 1.30025e-06 0.998559 -3.31186e-05 -3.1076e-11 -2.63165e-09 3.31186e-05 0.998559 2.89542e-06 -0.00162555 1.00392e-10 -2.89546e-06 0.997488
0.2 3.82793e-05 13.2689 6.90347e-05 1.25245e-07 -0.0215689 6.90153e-05 13.2498 -0.000438716 -1.64438e-09 -1.39678e-07 0.000438716 13.2498 0.000153678 -0.0215689 5.33269e-09 -0.00015368 13.2355 5.20275e-06 9.43898e-09 -0.00162552 5.20129e-06 0.998559 -3.30635e-05 -1.23928e-10 -1.05267e-08 3.30635e-05 0.998559 1.15818e-05 -0.00162552 4.01895e-10 -1.1582e-05 0.997488
0.3 5.74188e-05 13.2666 0.000155316 2.81755e-07 -0.0215647 0.000155273 13.2475 -0.000437422 -3.68051e-09 -3.14225e-07 0.000437422 13.2475 0.000345724 -0.0215647 1.20128e-08 -0.000345728 13.2333 1.17073e-05 2.1238e-08 -0.00162549 1.1704e-05 0.998559 -3.29717e-05 -2.77427e-10 -2.36855e-08 3.29717e-05 0.998559 2.60598e-05 -0.00162549 9.05491e-10 -2.60601e-05 0.997487
0.4 7.65581e-05 13.2634 0.000276089 5.00785e-07 -0.0215588 0.000276011 13.2443 -0.000435612 -6.49499e-09 -5.585e-07 0.000435612 13.2443 0.000614491 -0.0215587 2.13914e-08 -0.000614499 13.23 2.08159e-05 3.7757e-08 -0.00162544 2.081e-05 0.998559 -3.28432e-05 -4.89694e-10 -4.21084e-08 3.28432e-05 0.998559 4.63299e-05 -0.00162543 1.61282e-09 -4.63305e-05 0.997487
0.5 9.56972e-05 13.2592 0.00043133 7.82249e-07 -0.0215512 0.000431208 13.2401 -0.000433285 -1.00517e-08 -8.72409e-07 0.000433285 13.2401 0.000959883 -0.0215511 3.34951e-08 -0.000959895 13.2259 3.25305e-05 5.89966e-08 -0.00162537 3.25214e-05 0.998558 -3.2678e-05 -7.58092e-10 -6.57963e-08 3.2678e-05 0.998558 7.23935e-05 -0.00162537 2.52617e-09 -7.23944e-05 0.997486
0.6 0.000114836 13.2542 0.000621011 1.12604e-06 -0.021542 0.000620837 13.2351 -0.000430443 -1.43044e-08 -1.25583e-06 0.000430443 13.2351 0.00138177 -0.0215418 4.83579e-08 -0.00138179 13.2209 4.6854e-05 8.49573e-08 -0.00162529 4.68408e-05 0.998558 -3.2476e-05 -1.07923e-09 -9.47499e-08 3.2476e-05 0.998558 0.000104252 -0.00162529 3.6485e-09 -0.000104253 0.997486
0.7 0.000133974 13.2482 0.000845099 1.53202e-06 -0.021531 0.000844861 13.2291 -0.000427086 -1.91963e-08 -1.70863e-06 0.000427086 13.2291 0.00188001 -0.0215309 6.60215e-08 -0.00188004 13.2149 6.37897e-05 1.1564e-07 -0.0016252 6.37717e-05 0.998557 -3.22373e-05 -1.44897e-09 -1.2897e-07 3.22373e-05 0.998557 0.000141907 -0.00162519 4.98342e-09 -0.000141909 0.997485
0.8 0.000153112 13.2413 0.00110355 2.00004e-06 -0.0215184 0.00110324 13.2222 -0.000423217 -2.46607e-08 -2.23062e-06 0.000423217 13.2222 0.00245442 -0.0215182 8.65348e-08 -0.00245445 13.208 8.33415e-05 1.51045e-07 -0.00162509 8.33181e-05 0.998557 -3.19618e-05 -1.8624e-09 -1.68459e-07 3.19618e-05 0.998557 0.000185361 -0.00162508 6.53521e-09 -0.000185363 0.997484
0.9 0.00017225 13.2335 0.00139632 2.52991e-06 -0.0215041 0.00139593 13.2144 -0.000418835 -3.06205e-08 -2.82162e-06 0.000418835 13.2144 0.00310479 -0.0215039 1.09955e-07 -0.00310483 13.2002 0.000105514 1.91174e-07 -0.00162497 0.000105484 0.998556 -3.16495e-05 -2.31386e-09 -2.13218e-07 3.16495e-05 0.998556 0.000234615 -0.00162495 8.30878e-09 -0.000234618 0.997484
1 0.000191387 13.2248 0.00172336 3.12143e-06 -0.0214882 0.00172288 13.2057 -0.000413943 -3.69888e-08 -3.4814e-06 0.000413943 13.2057 0.00383088 -0.0214879 1.36345e-07 -0.00383093 13.1915 0.000130313 2.36028e-07 -0.00162484 0.000130276 0.998555 -3.13005e-05 -2.79692e-09 -2.63247e-07 3.13005e-05 0.998555 0.000289674 -0.00162481 1.03098e-08 -0.000289677 0.997483
1.1 0.000210523 13.2152 0.0020846 3.77437e-06 -0.0214705 0.00208402 13.1961 -0.000408543 -4.36681e-08 -4.20971e-06 0.000408543 13.1961 0.00463244 -0.0214702 1.65777e-07 -0.0046325 13.1819 0.000157743 2.85608e-07 -0.00162469 0.000157699 0.998554 -3.09146e-05 -3.30439e-09 -3.1855e-07 3.09146e-05 0.998554 0.000350539 -0.00162466 1.25444e-08 -0.000350543 0.997482
1.2 0.000229659 13.2047 0.00247999 4.48847e-06 -0.0214513 0.00247929 13.1856 -0.000402635 -5.05513e-08 -5.00627e-06 0.000402635 13.1856 0.00550917 -0.0214508 1.98329e-07 -0.00550924 13.1714 0.000187811 3.39916e-07 -0.00162452 0.000187759 0.998553 -3.04919e-05 -3.82829e-09 -3.79129e-07 3.04919e-05 0.998553 0.000417214 -0.00162449 1.50196e-08 -0.000417219 0.99748
1.3 0.000248794 13.1932 0.00290944 5.26347e-06 -0.0214303 0.00290862 13.1741 -0.000396223 -5.75212e-08 -5.87078e-06 0.000396224 13.1741 0.00646077 -0.0214298 2.34089e-07 -0.00646085 13.16 0.000220525 3.98953e-07 -0.00162434 0.000220463 0.998552 -3.00323e-05 -4.35991e-09 -4.44985e-07 3.00323e-05 0.998552 0.000489703 -0.0016243 1.77431e-08 -0.000489709 0.997479
1.4 0.000267929 13.1809 0.00337288 6.09906e-06 -0.0214077 0.00337193 13.1618 -0.000389309 -6.44507e-08 -6.80292e-06 0.000389309 13.1618 0.00748687 -0.0214071 2.73149e-07 -0.00748697 13.1476 0.000255892 4.6272e-07 -0.00162415 0.00025582 0.998551 -2.95359e-05 -4.88971e-09 -5.16121e-07 2.95359e-05 0.998551 0.00056801 -0.0016241 2.07231e-08 -0.000568017 0.997478
1.5 0.000287062 13.1676 0.00387022 6.99491e-06 -0.0213834 0.00386914 13.1485 -0.000381894 -7.12028e-08 -7.80234e-06 0.000381895 13.1485 0.00858713 -0.0213827 3.1561e-07 -0.00858724 13.1344 0.000293919 5.3122e-07 -0.00162394 0.000293837 0.99855 -2.90025e-05 -5.40741e-09 -5.9254e-07 2.90025e-05 0.998549 0.000652139 -0.00162389 2.39686e-08 -0.000652147 0.997476
1.6 0.000306195 13.1535 0.00440138 7.95068e-06 -0.0213575 0.00440015 13.1344 -0.000373982 -7.76309e-08 -8.86866e-06 0.000373983 13.1344 0.00976113 -0.0213567 3.61579e-07 -0.00976125 13.1203 0.000334617 6.04455e-07 -0.00162372 0.000334524 0.998548 -2.84322e-05 -5.90193e-09 -6.74244e-07 2.84322e-05 0.998548 0.000742095 -0.00162366 2.74892e-08 -0.000742104 0.997475
1.7 0.000325327 13.1384 0.00496626 8.966e-06 -0.02133 0.00496487 13.1193 -0.000365575 -8.35786e-08 -1.00015e-05 0.000365576 13.1193 0.0110085 -0.0213291 4.11173e-07 -0.0110086 13.1052 0.000377995 6.82426e-07 -0.00162348 0.000377889 0.998547 -2.78249e-05 -6.36139e-09 -7.61237e-07 2.7825e-05 0.998546 0.000837882 -0.00162341 3.12954e-08 -0.000837893 0.997473
1.8 0.000344457 13.1225 0.00556475 1.00405e-05 -0.0213008 0.0055632 13.1034 -0.000356676 -8.88801e-08 -1.12003e-05 0.000356678 13.1034 0.0123287 -0.0212998 4.64512e-07 -0.0123288 13.0893 0.000424062 7.65136e-07 -0.00162323 0.000423944 0.998545 -2.71805e-05 -6.77311e-09 -8.53522e-07 2.71807e-05 0.998545 0.000939506 -0.00162315 3.53982e-08 -0.000939518 0.997471
1.9 0.000363587 13.1057 0.00619675 1.11737e-05 -0.0212699 0.00619502 13.0866 -0.000347289 -9.33598e-08 -1.24648e-05 0.000347291 13.0866 0.0137213 -0.0212688 5.21727e-07 -0.0137214 13.0725 0.000472831 8.52587e-07 -0.00162296 0.000472698 0.998544 -2.64992e-05 -7.12363e-09 -9.51103e-07 2.64993e-05 0.998543 0.00104697 -0.00162287 3.98093e-08 -0.00104699 0.997469
2 0.000382716 13.0879 0.00686214 1.23652e-05 -0.0212375 0.00686023 13.0688 -0.000337416 -9.68332e-08 -1.37945e-05 0.000337419 13.0688 0.0151858 -0.0212362 5.82952e-07 -0.015186 13.0548 0.000524311 9.44781e-07 -0.00162268 0.000524164 0.998542 -2.57807e-05 -7.39866e-09 -1.05398e-06 2.57809e-05 0.998541 0.00116029 -0.00162258 4.45412e-08 -0.0011603 0.997467
2.1 0.000401843 13.0693 0.0075608 1.36146e-05 -0.0212034 0.00755869 13.0502 -0.000327062 -9.9106e-08 -1.51887e-05 0.000327065 13.0502 0.0167216 -0.021202 6.48331e-07 -0.0167218 13.0362 0.000578516 1.04172e-06 -0.00162238 0.000578354 0.99854 -2.50252e-05 -7.58311e-09 -1.16217e-06 2.50254e-05 0.998539 0.00127946 -0.00162228 4.96072e-08 -0.00127947 0.997465
2.2 0.000420969 13.0498 0.0082926 1.49213e-05 -0.0211677 0.00829029 13.0307 -0.000316229 -9.99752e-08 -1.66471e-05 0.000316232 13.0307 0.0183283 -0.0211662 7.18014e-07 -0.0183285 13.0167 0.000635457 1.14341e-06 -0.00162207 0.00063528 0.998538 -2.42324e-05 -7.66104e-09 -1.27566e-06 2.42327e-05 0.998537 0.00140449 -0.00162195 5.5021e-08 -0.00140451 0.997462
2.3 0.000440094 13.0294 0.00905741 1.62849e-05 -0.0211304 0.00905489 13.0104 -0.000304921 -9.92285e-08 -1.8169e-05 0.000304925 13.0104 0.0200052 -0.0211288 7.92157e-07 -0.0200055 12.9963 0.00069515 1.24985e-06 -0.00162174 0.000694956 0.998536 -2.34025e-05 -7.61571e-09 -1.39446e-06 2.34028e-05 0.998535 0.00153539 -0.00162162 6.07974e-08 -0.00153541 0.99746
2.4 0.000459218 13.0082 0.00985509 1.77048e-05 -0.0210915 0.00985234 12.9891 -0.000293143 -9.66447e-08 -1.97539e-05 0.000293147 12.9891 0.0217518 -0.0210897 8.70922e-07 -0.0217521 12.9751 0.000757606 1.36105e-06 -0.0016214 0.000757395 0.998534 -2.25352e-05 -7.42952e-09 -1.51857e-06 2.25356e-05 0.998532 0.00167216 -0.00162127 6.69518e-08 -0.00167218 0.997457
2.5 0.00047834 12.9861 0.0106855 1.91805e-05 -0.021051 0.0106825 12.967 -0.000280898 -9.19939e-08 -2.14012e-05 0.000280903 12.967 0.0235673 -0.0210491 9.54479e-07 -0.0235676 12.953 0.000822842 1.477e-06 -0.00162104 0.000822613 0.998532 -2.16307e-05 -7.08405e-09 -1.64801e-06 2.16311e-05 0.99853 0.00181482 -0.0016209 7.35002e-08 -0.00181484 0.997454
2.6 0.000497461 12.9631 0.0115485 2.07114e-05 -0.0210089 0.0115452 12.944 -0.00026819 -8.50375e-08 -2.31102e-05 0.000268197 12.944 0.0254512 -0.0210068 1.043e-06 -0.0254515 12.93 0.000890873 1.59772e-06 -0.00162067 0.000890625 0.99853 -2.06888e-05 -6.55998e-09 -1.78277e-06 2.06893e-05 0.998527 0.00196336 -0.00162051 8.04596e-08 -0.00196339 0.997451
2.7 0.00051658 12.9392 0.0124438 2.22969e-05 -0.0209652 0.0124404 12.9202 -0.000255025 -7.55284e-08 -2.48804e-05 0.000255033 12.9201 0.0274028 -0.020963 1.13668e-06 -0.0274031 12.9062 0.000961714 1.7232e-06 -0.00162028 0.000961447 0.998528 -1.97095e-05 -5.83716e-09 -1.92287e-06 1.97101e-05 0.998525 0.00211781 -0.00162011 8.78477e-08 -0.00211783 0.997448
2.8 0.000535698 12.9145 0.0133715 2.39364e-05 -0.02092 0.0133678 12.8955 -0.000241407 -6.3211e-08 -2.6711e-05 0.000241416 12.8954 0.0294213 -0.0209176 1.23569e-06 -0.0294217 12.8815 0.00103538 1.85345e-06 -0.00161988 0.0010351 0.998525 -1.86927e-05 -4.89457e-09 -2.0683e-06 1.86934e-05 0.998522 0.00227816 -0.0016197 9.56827e-08 -0.00227819 0.997445
2.9 0.000554814 12.8889 0.0143312 2.56292e-05 -0.0208732 0.0143272 12.8699 -0.00022734 -4.78216e-08 -2.86014e-05 0.00022735 12.8698 0.031506 -0.0208706 1.34024e-06 -0.0315065 12.856 0.0011119 1.98847e-06 -0.00161946 0.00111159 0.998523 -1.76384e-05 -3.71028e-09 -2.21906e-06 1.76392e-05 0.998519 0.00244443 -0.00161927 1.03984e-07 -0.00244446 0.997441
3 0.000573928 12.8625 0.0153228 2.73748e-05 -0.0208248 0.0153185 12.8435 -0.00021283 -2.90884e-08 -3.05508e-05 0.000212841 12.8434 0.0336563 -0.0208221 1.45052e-06 -0.0336567 12.8296 0.00119127 2.12826e-06 -0.00161903 0.00119094 0.99852 -1.65465e-05 -2.26149e-09 -2.37518e-06 1.65474e-05 0.998516 0.00261662 -0.00161882 1.12771e-07 -0.00261665 0.997438
3.1 0.00059304 12.8352 0.0163461 2.91724e-05 -0.0207749 0.0163416 12.8162 -0.00019788 -6.73169e-09 -3.25585e-05 0.000197894 12.8161 0.0358712 -0.020772 1.56675e-06 -0.0358717 12.8023 0.00127353 2.27284e-06 -0.00161858 0.00127318 0.998517 -1.5417e-05 -5.24469e-10 -2.53665e-06 1.5418e-05 0.998512 0.00279474 -0.00161836 1.22066e-07 -0.00279478 0.997434
3.2 0.000612151 12.8071 0.0174009 3.10214e-05 -0.0207234 0.0173961 12.7881 -0.000182498 1.95361e-08 -3.46238e-05 0.000182513 12.788 0.0381501 -0.0207204 1.68912e-06 -0.0381506 12.7742 0.00135869 2.4222e-06 -0.00161812 0.00135832 0.998514 -1.42497e-05 1.52541e-09 -2.70348e-06 1.42509e-05 0.998509 0.00297881 -0.00161788 1.31889e-07 -0.00297885 0.99743
3.3 0.00063126 12.7782 0.0184871 3.2921e-05 -0.0206705 0.018482 12.7592 -0.000166687 5.001e-08 -3.67458e-05 0.000166704 12.7591 0.040492 -0.0206672 1.81787e-06 -0.0404925 12.7453 0.00144677 2.57634e-06 -0.00161764 0.00144637 0.998511 -1.30447e-05 3.9137e-09 -2.87567e-06 1.3046e-05 0.998505 0.00316884 -0.00161738 1.42263e-07 -0.00316888 0.997426
3.4 0.000650367 12.7484 0.0196045 3.48705e-05 -0.020616 0.0195991 12.7294 -0.000150454 8.49926e-08 -3.89238e-05 0.000150473 12.7293 0.0428962 -0.0206126 1.95321e-06 -0.0428967 12.7155 0.0015378 2.73528e-06 -0.00161714 0.00153737 0.998508 -1.18018e-05 6.66691e-09 -3.05323e-06 1.18033e-05 0.998501 0.00336482 -0.00161687 1.53212e-07 -0.00336487 0.997422
3.5 0.000669472 12.7178 0.0207527 3.68692e-05 -0.02056 0.020747 12.6988 -0.000133804 1.24794e-07 -4.1157e-05 0.000133826 12.6987 0.0453617 -0.0205564 2.09537e-06 -0.0453623 12.685 0.00163178 2.89902e-06 -0.00161663 0.00163133 0.998505 -1.0521e-05 9.8125e-09 -3.23617e-06 1.05227e-05 0.998497 0.00356679 -0.00161634 1.64759e-07 -0.00356683 0.997417
3.6 0.000688575 12.6864 0.0219317 3.89162e-05 -0.0205025 0.0219257 12.6674 -0.000116743 1.6973e-07 -4.34444e-05 0.000116767 12.6673 0.0478877 -0.0204987 2.24459e-06 -0.0478884 12.6536 0.00172876 3.06755e-06 -0.0016161 0.00172828 0.998502 -9.20223e-06 1.33789e-08 -3.42449e-06 9.20411e-06 0.998493 0.00377473 -0.0016158 1.76929e-07 -0.00377478 0.997412
3.7 0.000707676 12.6542 0.0231412 4.10108e-05 -0.0204435 0.0231348 12.6352 -9.92769e-05 2.20125e-07 -4.57853e-05 9.93034e-05 12.635 0.0504733 -0.0204395 2.40111e-06 -0.050474 12.6214 0.00182874 3.24089e-06 -0.00161556 0.00182824 0.998499 -7.84539e-06 1.73955e-08 -3.6182e-06 7.8475e-06 0.998488 0.00398868 -0.00161524 1.89749e-07 -0.00398873 0.997408
3.8 0.000726775 12.6211 0.0243809 4.31522e-05 -0.0203831 0.0243742 12.6021 -8.14115e-05 2.7631e-07 -4.81788e-05 8.1441e-05 12.602 0.0531176 -0.0203788 2.56517e-06 -0.0531183 12.5883 0.00193176 3.41905e-06 -0.001615 0.00193123 0.998495 -6.45043e-06 2.18927e-08 -3.81732e-06 6.45276e-06 0.998484 0.00420863 -0.00161466 2.03245e-07 -0.00420868 0.997402
3.9 0.000745871 12.5873 0.0256507 4.53395e-05 -0.0203211 0.0256437 12.5683 -6.31534e-05 3.38621e-07 -5.06239e-05 6.3186e-05 12.5681 0.0558195 -0.0203167 2.73703e-06 -0.0558202 12.5545 0.00203783 3.60201e-06 -0.00161442 0.00203727 0.998492 -5.01724e-06 2.69019e-08 -4.02184e-06 5.01984e-06 0.998479 0.0044346 -0.00161407 2.17444e-07 -0.00443466 0.997397
4 0.000764965 12.5526 0.0269503 4.75719e-05 -0.0202578 0.026943 12.5336 -4.45087e-05 4.07401e-07 -5.31198e-05 4.45447e-05 12.5335 0.0585781 -0.0202531 2.91692e-06 -0.0585789 12.5199 0.00214699 3.7898e-06 -0.00161383 0.0021464 0.998488 -3.54577e-06 3.24555e-08 -4.23177e-06 3.54864e-06 0.998474 0.00466661 -0.00161346 2.32376e-07 -0.00466667 0.997392
4.1 0.000784057 12.5172 0.0282795 4.98486e-05 -0.020193 0.0282718 12.4982 -2.5484e-05 4.83001e-07 -5.56654e-05 2.55236e-05 12.498 0.0613925 -0.0201881 3.10513e-06 -0.0613933 12.4845 0.00225926 3.98241e-06 -0.00161322 0.00225864 0.998484 -2.03592e-06 3.8587e-08 -4.44712e-06 2.03908e-06 0.998469 0.00490466 -0.00161283 2.48069e-07 -0.00490472 0.997386
4.2 0.000803147 12.481 0.029638 5.21687e-05 -0.0201267 0.02963 12.462 -6.08591e-06 5.65775e-07 -5.82599e-05 6.12935e-06 12.4618 0.0642615 -0.0201216 3.3019e-06 -0.0642624 12.4483 0.00237466 4.17986e-06 -0.00161259 0.00237401 0.998481 -4.87616e-07 4.5331e-08 -4.6679e-06 4.91096e-07 0.998463 0.00514876 -0.00161219 2.64555e-07 -0.00514883 0.99738
4.3 0.000822234 12.444 0.0310256 5.45312e-05 -0.020059 0.0310172 12.425 1.36788e-05 6.56083e-07 -6.09022e-05 -1.36313e-05 12.4248 0.0671843 -0.0200537 3.50751e-06 -0.0671851 12.4113 0.00249323 4.38214e-06 -0.00161195 0.00249255 0.998477 1.09924e-06 5.2723e-08 -4.89412e-06 -1.09541e-06 0.998458 0.00539894 -0.00161152 2.81865e-07 -0.00539902 0.997374
4.4 0.000841318 12.4062 0.032442 5.69353e-05 -0.01999 0.0324332 12.3872 3.38034e-05 7.54294e-07 -6.35914e-05 -3.37515e-05 12.387 0.0701596 -0.0199844 3.72223e-06 -0.0701605 12.3735 0.00261498 4.58926e-06 -0.00161129 0.00261427 0.998473 2.72472e-06 6.07998e-08 -5.12578e-06 -2.72053e-06 0.998452 0.00565521 -0.00161084 3.0003e-07 -0.00565528 0.997367
4.5 0.0008604 12.3677 0.0338869 5.938e-05 -0.0199195 0.0338778 12.3487 5.42807e-05 8.60777e-07 -6.63264e-05 -5.42241e-05 12.3484 0.0731864 -0.0199137 3.94633e-06 -0.0731874 12.335 0.00273996 4.80124e-06 -0.00161061 0.00273922 0.998468 4.38892e-06 6.9599e-08 -5.36289e-06 -4.38435e-06 0.998446 0.00591757 -0.00161015 3.19085e-07 -0.00591764 0.99736
4.6 0.00087948 12.3284 0.0353602 6.18645e-05 -0.0198477 0.0353506 12.3094 7.51037e-05 9.75911e-07 -6.91063e-05 -7.50422e-05 12.3091 0.0762637 -0.0198417 4.1801e-06 -0.0762647 12.2957 0.0028682 5.01806e-06 -0.00160992 0.00286742 0.998464 6.09195e-06 7.91598e-08 -5.60547e-06 -6.08695e-06 0.998439 0.00618604 -0.00160943 3.39064e-07 -0.00618612 0.997353
4.7 0.000898556 12.2883 0.0368614 6.43877e-05 -0.0197745 0.0368514 12.2694 9.62652e-05 1.10008e-06 -7.19299e-05 -9.61983e-05 12.2691 0.0793904 -0.0197682 4.42382e-06 -0.0793914 12.2557 0.00299971 5.23974e-06 -0.00160921 0.0029989 0.99846 7.83387e-06 8.95221e-08 -5.85352e-06 -7.82844e-06 0.998433 0.00646064 -0.0016087 3.60002e-07 -0.00646072 0.997346
4.8 0.00091763 12.2475 0.0383903 6.69486e-05 -0.0196999 0.03838 12.2286 0.000117758 1.23366e-06 -7.47962e-05 -0.000117685 12.2282 0.0825652 -0.0196934 4.67777e-06 -0.0825663 12.2149 0.00313454 5.46629e-06 -0.00160848 0.00313369 0.998455 9.61481e-06 1.00727e-07 -6.10704e-06 -9.6089e-06 0.998426 0.00674137 -0.00160795 3.81936e-07 -0.00674147 0.997338
4.9 0.000936701 12.206 0.0399467 6.95464e-05 -0.019624 0.039936 12.1871 0.000139574 1.37705e-06 -7.77041e-05 -0.000139495 12.1867 0.0857871 -0.0196173 4.94225e-06 -0.0857882 12.1734 0.00327271 5.69772e-06 -0.00160773 0.00327183 0.998451 1.14348e-05 1.12817e-07 -6.36606e-06 -1.14284e-05 0.998418 0.00702827 -0.00160718 4.04903e-07 -0.00702836 0.99733
5 0.00095577 12.1638 0.0415303 7.21799e-05 -0.0195468 0.0415191 12.1448 0.000161706 1.53064e-06 -8.06526e-05 -0.000161621 12.1444 0.0890549 -0.0195398 5.21755e-06 -0.0890561 12.1312 0.00341426 5.93402e-06 -0.00160697 0.00341335 0.998446 1.32941e-05 1.25837e-07 -6.63057e-06 -1.32871e-05 0.998411 0.00732133 -0.0016064 4.28943e-07 -0.00732143 0.997322
5.1 0.000974835 12.1208 0.0431406 7.48482e-05 -0.0194682 0.0431291 12.1019 0.000184146 1.69484e-06 -8.36405e-05 -0.000184055 12.1014 0.0923674 -0.019461 5.50397e-06 -0.0923686 12.0882 0.00355923 6.1752e-06 -0.00160619 0.00355828 0.998441 1.51926e-05 1.39829e-07 -6.90059e-06 -1.51851e-05 0.998403 0.00762058 -0.00160559 4.54094e-07 -0.00762069 0.997314
5.2 0.000993897 12.0771 0.0447776 7.75503e-05 -0.0193884 0.0447656 12.0582 0.000206887 1.87004e-06 -8.66667e-05 -0.000206789 12.0577 0.0957234 -0.0193809 5.80181e-06 -0.0957247 12.0445 0.00370765 6.42128e-06 -0.00160539 0.00370666 0.998436 1.71306e-05 1.54842e-07 -7.17613e-06 -1.71225e-05 0.998395 0.00792604 -0.00160477 4.80399e-07 -0.00792615 0.997305
5.3 0.00101296 12.0327 0.0464407 8.0285e-05 -0.0193073 0.0464284 12.0138 0.000229921 2.05665e-06 -8.973e-05 -0.000229816 12.0133 0.0991217 -0.0192996 6.11137e-06 -0.0991231 12.0001 0.00385955 6.67225e-06 -0.00160457 0.00385852 0.998431 1.91081e-05 1.70922e-07 -7.45719e-06 -1.90993e-05 0.998387 0.00823771 -0.00160393 5.07898e-07 -0.00823782 0.997296
5.4 0.00103201 11.9876 0.0481298 8.30515e-05 -0.0192249 0.048117 11.9687 0.000253239 2.25508e-06 -9.28293e-05 -0.000253126 11.9681 0.102561 -0.0192169 6.43296e-06 -0.102563 11.9551 0.00401497 6.92812e-06 -0.00160373 0.00401391 0.998426 2.11251e-05 1.88118e-07 -7.74379e-06 -2.11157e-05 0.998378 0.00855562 -0.00160307 5.36636e-07 -0.00855573 0.997286
5.5 0.00105107 11.9418 0.0498445 8.58485e-05 -0.0191412 0.0498313 11.9229 0.000276834 2.46574e-06 -9.59635e-05 -0.000276713 11.9223 0.10604 -0.019133 6.76689e-06 -0.106042 11.9093 0.00417396 7.18891e-06 -0.00160288 0.00417285 0.998421 2.3182e-05 2.0648e-07 -8.03593e-06 -2.31718e-05 0.998369 0.00887977 -0.00160219 5.66656e-07 -0.0088799 0.997277
5.6 0.00107012 11.8953 0.0515845 8.86751e-05 -0.0190563 0.0515709 11.8765 0.000300697 2.68905e-06 -9.91313e-05 -0.000300568 11.8758 0.109558 -0.0190479 7.11346e-06 -0.10956 11.8628 0.00433654 7.45462e-06 -0.001602 0.00433539 0.998415 2.52786e-05 2.2606e-07 -8.33363e-06 -2.52678e-05 0.99836 0.0092102 -0.00160129 5.98005e-07 -0.00921032 0.997266
5.7 0.00108916 11.8482 0.0533495 9.15301e-05 -0.0189702 0.0533354 11.8293 0.000324821 2.92542e-06 -0.000102332 -0.000324682 11.8286 0.113113 -0.0189615 7.47299e-06 -0.113115 11.8157 0.00450276 7.72525e-06 -0.00160111 0.00450157 0.99841 2.74153e-05 2.46909e-07 -8.6369e-06 -2.74036e-05 0.99835 0.00954691 -0.00160037 6.30729e-07 -0.00954704 0.997256
5.8 0.00110821 11.8004 0.055139 9.44125e-05 -0.0188829 0.0551245 11.7815 0.000349196 3.17527e-06 -0.000105563 -0.000349048 11.7808 0.116705 -0.0188739 7.84579e-06 -0.116706 11.7678 0.00467266 8.00082e-06 -0.0016002 0.00467143 0.998404 2.9592e-05 2.69083e-07 -8.94575e-06 -2.95795e-05 0.99834 0.00988992 -0.00159944 6.64878e-07 -0.00989006 0.997245
5.9 0.00112725 11.7519 0.0569529 9.73211e-05 -0.0187944 0.0569379 11.7331 0.000373814 3.43903e-06 -0.000108825 -0.000373657 11.7322 0.120331 -0.0187851 8.23218e-06 -0.120332 11.7194 0.00484628 8.28132e-06 -0.00159927 0.004845 0.998398 3.18089e-05 2.92636e-07 -9.26019e-06 -3.17955e-05 0.998329 0.0102393 -0.00159848 7.00499e-07 -0.0102394 0.997234
6 0.00172656 11.7028 0.0587907 0.000100255 -0.0187047 0.0587752 11.6839 0.000398667 3.71711e-06 -0.000112115 -0.0003985 11.6831 0.12399 -0.0186952 8.63248e-06 -0.123992 11.6702 0.00502366 8.56677e-06 -0.00159832 0.00502234 0.998392 3.40661e-05 3.17627e-07 -9.58022e-06 -3.40518e-05 0.998318 0.0105949 -0.0015975 7.37645e-07 -0.0105951 0.997222
6.2 0.00236869 11.6026 0.0625366 0.000106193 -0.0185219 0.0625203 11.5838 0.000449042 4.31796e-06 -0.000118777 -0.000448853 11.5828 0.131403 -0.0185118 9.47608e-06 -0.131405 11.5701 0.00538989 9.15254e-06 -0.00159636 0.00538848 0.99838 3.87019e-05 3.72155e-07 -1.02371e-05 -3.86856e-05 0.998295 0.0113254 -0.00159549 8.16721e-07 -0.0113255 0.997197
6.4 0.00244479 11.4999 0.0663741 0.000112218 -0.0183345 0.0663568 11.4811 0.000500252 4.98122e-06 -0.00012554 -0.00050004 11.48 0.138935 -0.0183239 1.03791e-05 -0.138937 11.4674 0.0057717 9.75819e-06 -0.00159432 0.0057702 0.998367 4.35005e-05 4.33153e-07 -1.09166e-05 -4.3482e-05 0.998271 0.0120814 -0.0015934 9.02541e-07 -0.0120815 0.997171
6.6 0.00252085 11.3948 0.0703001 0.000118321 -0.0181428 0.0702819 11.3761 0.000552224 5.71033e-06 -0.000132392 -0.000551988 11.3748 0.146573 -0.0181317 1.13443e-05 -0.146575 11.3623 0.00616948 1.03838e-05 -0.00159219 0.00616788 0.998354 4.84628e-05 5.01134e-07 -1.16186e-05 -4.8442e-05 0.998244 0.0128631 -0.00159122 9.95562e-07 -0.0128633 0.997142
6.8 0.00259689 11.2874 0.0743117 0.000124493 -0.0179468 0.0742925 11.2686 0.000604888 6.5087e-06 -0.000139324 -0.000604625 11.2672 0.154307 -0.0179352 1.2374e-05 -0.154309 11.2548 0.00658361 1.10294e-05 -0.00158999 0.00658192 0.99834 5.35899e-05 5.76636e-07 -1.23434e-05 -5.35665e-05 0.998216 0.0136708 -0.00158896 1.09627e-06 -0.0136709 0.997112
7 0.00267289 11.1776 0.0784057 0.000130723 -0.0177467 0.0783856 11.1589 0.000658171 7.37975e-06 -0.000146326 -0.000657878 11.1574 0.162125 -0.0177346 1.3471e-05 -0.162128 11.145 0.00701451 1.16951e-05 -0.0015877 0.00701272 0.998326 5.88828e-05 6.60225e-07 -1.3091e-05 -5.88567e-05 0.998186 0.0145044 -0.00158661 1.20517e-06 -0.0145046 0.99708
7.2 0.00274886 11.0657 0.082579 0.000137003 -0.0175427 0.0825579 11.047 0.000711997 8.3269e-06 -0.000153387 -0.000711674 11.0453 0.170017 -0.01753 1.46378e-05 -0.170019 11.033 0.00746261 1.23809e-05 -0.00158532 0.00746071 0.998311 6.43428e-05 7.52497e-07 -1.38615e-05 -6.43136e-05 0.998153 0.0153643 -0.00158418 1.32281e-06 -0.0153646 0.997045
7.4 0.0028248 10.9516 0.0868283 0.000143322 -0.0173348 0.0868063 10.9329 0.000766294 9.35352e-06 -0.000160495 -0.000765938 10.931 0.17797 -0.0173216 1.58769e-05 -0.177973 10.9188 0.00792836 1.30869e-05 -0.00158286 0.00792635 0.998295 6.99709e-05 8.54077e-07 -1.46549e-05 -6.99384e-05 0.998119 0.0162506 -0.00158165 1.44973e-06 -0.0162509 0.997008
7.6 0.00290071 10.8355 0.0911505 0.000149672 -0.0171233 0.0911275 10.8168 0.000820985 1.0463e-05 -0.000167642 -0.000820594 10.8147 0.185974 -0.0171096 1.7191e-05 -0.185977 10.8026 0.00841222 1.38131e-05 -0.0015803 0.0084101 0.998279 7.57682e-05 9.65621e-07 -1.54715e-05 -7.57321e-05 0.998082 0.0171635 -0.00157903 1.58655e-06 -0.0171637 0.996968
7.8 0.00297657 10.7174 0.095542 0.000156042 -0.0169082 0.0955181 10.6987 0.000875994 1.16586e-05 -0.000174815 -0.000875567 10.6964 0.194017 -0.016894 1.85826e-05 -0.19402 10.6844 0.00891469 1.45598e-05 -0.00157765 0.00891246 0.998262 8.1736e-05 1.08782e-06 -1.63113e-05 -8.16961e-05 0.998042 0.018103 -0.00157632 1.73388e-06 -0.0181033 0.996926
8 0.00305241 10.5974 0.0999995 0.000162424 -0.0166898 0.0999746 10.5788 0.000931247 1.29436e-05 -0.000182004 -0.000930781 10.5762 0.202087 -0.0166751 2.00541e-05 -0.20209 10.5643 0.00943626 1.53268e-05 -0.0015749 0.00943392 0.998244 8.78754e-05 1.2214e-06 -1.71744e-05 -8.78314e-05 0.998 0.0190695 -0.00157351 1.89237e-06 -0.0190698 0.996882
8.2 0.0031282 10.4755 0.104519 0.000168806 -0.0164681 0.104494 10.4569 0.000986666 1.43212e-05 -0.000189198 -0.000986159 10.4541 0.210172 -0.0164529 2.16081e-05 -0.210175 10.4424 0.00997748 1.61143e-05 -0.00157206 0.00997501 0.998226 9.41877e-05 1.36711e-06 -1.80609e-05 -9.41393e-05 0.997955 0.0200631 -0.00157061 2.06272e-06 -0.0200634 0.996834
8.4 0.00320396 10.352 0.109098 0.00017518 -0.0162434 0.109071 10.3334 0.00104217 1.57946e-05 -0.000196387 -0.00104162 10.3303 0.21826 -0.0162277 2.32469e-05 -0.218264 10.3187 0.0105389 1.69224e-05 -0.00156911 0.0105363 0.998207 0.000100674 1.52576e-06 -1.8971e-05 -0.000100621 0.997907 0.021084 -0.0015676 2.24566e-06 -0.0210843 0.996783
8.6 0.00327968 10.2267 0.113732 0.000181535 -0.0160158 0.113705 10.2082 0.0010977 1.73669e-05 -0.000203559 -0.0010971 10.2048 0.226341 -0.0159996 2.4973e-05 -0.226345 10.1933 0.0111211 1.7751e-05 -0.00156607 0.0111184 0.998187 0.000107336 1.69819e-06 -1.99046e-05 -0.000107278 0.997856 0.0221323 -0.00156449 2.44194e-06 -0.0221326 0.996729
8.8 0.00335535 10.0999 0.118418 0.000187863 -0.0157854 0.118389 10.0814 0.00115315 1.9041e-05 -0.000210704 -0.00115251 10.0777 0.234402 -0.0157688 2.67887e-05 -0.234406 10.0663 0.0117246 1.86004e-05 -0.00156292 0.0117218 0.998167 0.000114174 1.88526e-06 -2.08619e-05 -0.000114111 0.997801 0.0232083 -0.00156127 2.65236e-06 -0.0232086 0.996672
9 0.00343099 9.97164 0.123152 0.000194153 -0.0155524 0.123122 9.95315 0.00120847 2.082e-05 -0.000217811 -0.00120778 9.94914 0.242431 -0.0155353 2.86962e-05 -0.242435 9.93785 0.0123502 1.94705e-05 -0.00155966 0.0123472 0.998146 0.000121191 2.08792e-06 -2.18431e-05 -0.000121122 0.997743 0.0243121 -0.00155795 2.87778e-06 -0.0243125 0.996611
9.2 0.00350659 9.84194 0.127929 0.000200396 -0.0153169 0.127899 9.82348 0.00126357 2.27065e-05 -0.00022487 -0.00126283 9.81912 0.250418 -0.0152994 3.06978e-05 -0.250421 9.80795 0.0129984 2.03615e-05 -0.00155629 0.0129953 0.998124 0.000128386 2.30711e-06 -2.28481e-05 -0.000128311 0.997681 0.0254439 -0.00155451 3.11908e-06 -0.0254443 0.996546
9.4 0.00358214 9.71092 0.132747 0.000206583 -0.0150792 0.132716 9.69247 0.00131838 2.47033e-05 -0.000231869 -0.00131759 9.68776 0.258349 -0.0150613 3.27956e-05 -0.258353 9.67671 0.0136699 2.12733e-05 -0.00155281 0.0136666 0.998101 0.000135762 2.54387e-06 -2.38772e-05 -0.000135681 0.997616 0.026604 -0.00155097 3.37719e-06 -0.0266044 0.996477
9.6 0.00365765 9.57865 0.137601 0.000212705 -0.0148393 0.137569 9.56023 0.00137282 2.68131e-05 -0.000238799 -0.00137197 9.55514 0.266214 -0.014821 3.49916e-05 -0.266218 9.5442 0.0143654 2.22061e-05 -0.00154921 0.014362 0.998077 0.00014332 2.79925e-06 -2.49304e-05 -0.000143232 0.997546 0.0277924 -0.0015473 3.65309e-06 -0.0277929 0.996404
9.8 0.00373311 9.44522 0.142488 0.000218751 -0.0145975 0.142455 9.42683 0.00142681 2.90382e-05 -0.000245649 -0.00142591 9.42134 0.274001 -0.0145788 3.72879e-05 -0.274005 9.41053 0.0150857 2.31599e-05 -0.00154549 0.0150822 0.998052 0.000151062 3.07438e-06 -2.60078e-05 -0.000150966 0.997472 0.0290095 -0.00154352 3.9478e-06 -0.0290099 0.996327
10 0.00380853 9.31072 0.147403 0.000224713 -0.0143539 0.147369 9.29235 0.00148029 3.13812e-05 -0.000252409 -0.00147933 9.28645 0.281699 -0.0143349 3.96863e-05 -0.281703 9.27576 0.0158315 2.41348e-05 -0.00154165 0.0158279 0.998027 0.000158987 3.37044e-06 -2.71094e-05 -0.000158884 0.997393 0.0302553 -0.00153961 4.26243e-06 -0.0302558 0.996245
10.2 0.0038839 9.17524 0.152343 0.000230582 -0.0141086 0.152308 9.15689 0.00153317 3.38442e-05 -0.000259067 -0.00153215 9.15056 0.289296 -0.0140893 4.21886e-05 -0.289301 9.13998 0.0166037 2.51309e-05 -0.00153768 0.0165999 0.998 0.000167099 3.68864e-06 -2.82355e-05 -0.000166988 0.99731 0.0315301 -0.00153557 4.59809e-06 -0.0315306 0.996158
10.4 0.00395923 9.03885 0.157303 0.000236349 -0.0138618 0.157267 9.02052 0.00158539 3.64293e-05 -0.000265616 -0.00158431 9.01373 0.296782 -0.0138422 4.47965e-05 -0.296787 9.00328 0.0174029 2.61481e-05 -0.00153358 0.017399 0.997973 0.000175397 4.0303e-06 -2.9386e-05 -0.000175278 0.997222 0.0328341 -0.00153141 4.956e-06 -0.0328346 0.996065
10.6 0.0040345 8.90164 0.162279 0.000242005 -0.0136138 0.162242 8.88334 0.00163687 3.91385e-05 -0.000272043 -0.00163573 8.87607 0.304146 -0.0135938 4.75117e-05 -0.30415 8.86574 0.0182302 2.71866e-05 -0.00152935 0.0182261 0.997944 0.000183884 4.39677e-06 -3.05611e-05 -0.000183757 0.997128 0.0341674 -0.00152712 5.33741e-06 -0.0341679 0.995968
10.8 0.00410973 8.76369 0.167267 0.000247543 -0.0133645 0.16723 8.74542 0.00168754 4.19736e-05 -0.000278341 -0.00168635 8.73765 0.311376 -0.0133443 5.03355e-05 -0.311381 8.72745 0.0190864 2.82464e-05 -0.00152499 0.0190821 0.997914 0.000192561 4.78949e-06 -3.17607e-05 -0.000192424 0.997028 0.0355302 -0.00152268 5.74364e-06 -0.0355307 0.995864
11 0.00418491 8.6251 0.172264 0.000252953 -0.0131143 0.172226 8.60685 0.00173734 4.49362e-05 -0.000284499 -0.00173608 8.59856 0.318461 -0.0130939 5.32695e-05 -0.318467 8.58849 0.0199724 2.93275e-05 -0.00152048 0.019968 0.997884 0.000201428 5.20994e-06 -3.2985e-05 -0.000201282 0.996923 0.0369226 -0.00151811 6.1761e-06 -0.0369232 0.995755
11.2 0.00426003 8.48594 0.177264 0.000258227 -0.0128632 0.177225 8.46771 0.00178619 4.8028e-05 -0.000290509 -0.00178487 8.45889 0.325393 -0.0128426 5.63149e-05 -0.325398 8.44893 0.0208892 3.043e-05 -0.00151583 0.0208846 0.997852 0.000210488 5.65971e-06 -3.42341e-05 -0.000210332 0.996812 0.0383449 -0.0015134 6.63625e-06 -0.0383456 0.995639
11.4 0.00433511 8.3463 0.182265 0.000263358 -0.0126115 0.182225 8.32809 0.00183403 5.125e-05 -0.00029636 -0.00183264 8.3187 0.33216 -0.0125907 5.94727e-05 -0.332165 8.30888 0.0218378 3.15539e-05 -0.00151103 0.021833 0.997819 0.000219741 6.14045e-06 -3.55079e-05 -0.000219575 0.996694 0.0397972 -0.00150853 7.12564e-06 -0.0397979 0.995516
11.6 0.00441013 8.20626 0.18726 0.000268338 -0.0123592 0.18722 8.18808 0.00188078 5.46037e-05 -0.000302044 -0.00187933 8.1781 0.338752 -0.0123382 6.27441e-05 -0.338757 8.1684 0.0228192 3.26992e-05 -0.00150607 0.0228143 0.997784 0.000229189 6.6539e-06 -3.68066e-05 -0.000229012 0.996569 0.0412796 -0.00150351 7.64588e-06 -0.0412803 0.995387
11.8 0.0044851 8.06591 0.192247 0.000273159 -0.0121066 0.192206 8.04774 0.00192639 5.80898e-05 -0.000307553 -0.00192488 8.03716 0.345159 -0.0120855 6.61299e-05 -0.345165 8.02759 0.0238346 3.38659e-05 -0.00150096 0.0238295 0.997748 0.000238832 7.2019e-06 -3.81301e-05 -0.000238644 0.996436 0.0427923 -0.00149834 8.1987e-06 -0.0427931 0.99525
12 0.0139046 7.92532 0.197221 0.000277814 -0.0118538 0.19718 7.90718 0.0019708 6.17093e-05 -0.000312879 -0.00196922 7.89597 0.351372 -0.0118325 6.9631e-05 -0.351378 7.88652 0.024885 3.5054e-05 -0.00149569 0.0248797 0.997711 0.000248671 7.78636e-06 -3.94784e-05 -0.000248472 0.996297 0.0443354 -0.00149301 8.78589e-06 -0.0443362 0.995105
13 0.0246683 7.22171 0.22175 0.000298368 -0.0105921 0.221705 7.20368 0.00217263 8.18221e-05 -0.000336474 -0.00217075 7.18898 0.379212 -0.0105708 8.88809e-05 -0.379219 7.18018 0.030706 4.13154e-05 -0.0014667 0.0306998 0.997503 0.000300847 1.133e-05 -4.6592e-05 -0.000300587 0.995468 0.0525101 -0.00146375 1.23075e-05 -0.052511 0.994249
14 0.0265294 6.52419 0.24532 0.000313845 -0.0093482 0.245274 6.50626 0.00233589 0.00010528 -0.000354383 -0.00233376 6.48752 0.400929 -0.00932759 0.000111043 -0.400936 6.47936 0.0376016 4.81048e-05 -0.00143285 0.0375945 0.997252 0.000358036 1.61369e-05 -5.43182e-05 -0.000357708 0.99438 0.0614527 -0.00142969 1.70202e-05 -0.0614537 0.993128
15 0.0283823 5.84206 0.267413 0.000323661 -0.00813994 0.267365 5.82422 0.00245493 0.000131966 -0.000365899 -0.00245263 5.80092 0.415672 -0.00812083 0.000136047 -0.415679 5.79338 0.0457737 5.54018e-05 -0.00139333 0.0457655 0.996946 0.000420217 2.2589e-05 -6.26318e-05 -0.000419822 0.992957 0.0711515 -0.00139006 2.32876e-05 -0.0711527 0.991667
16 0.0302266 5.18382 0.287527 0.000327434 -0.00698361 0.28748 5.16604 0.00252557 0.000161636 -0.000370538 -0.00252324 5.13769 0.422816 -0.00696678 0.000163724 -0.422822 5.13077 0.0554664 6.31646e-05 -0.0013472 0.0554572 0.996571 0.000487203 3.11808e-05 -7.14798e-05 -0.000486753 0.991102 0.0815646 -0.00134395 3.15838e-05 -0.0815659 0.989767
17 0.0320617 4.55699 0.305196 0.00032499 -0.00589366 0.305149 4.53926 0.00254522 0.000193923 -0.000368044 -0.00254303 4.50546 0.421983 -0.00587981 0.000193806 -0.421989 4.49913 0.0669731 7.13168e-05 -0.00129332 0.0669628 0.99611 0.00055853 4.2555e-05 -8.07647e-05 -0.000558051 0.988692 0.0926013 -0.00129028 4.25294e-05 -0.0926026 0.987303
18 0.0338871 3.96805 0.319994 0.000316364 -0.00488245 0.319949 3.95035 0.00251293 0.000228347 -0.000358397 -0.00251114 3.91077 0.413049 -0.0048722 0.000225929 -0.413054 3.90501 0.0806425 7.97278e-05 -0.00123044 0.0806311 0.995539 0.000633289 5.75464e-05 -9.03205e-05 -0.000632838 0.985565 0.104093 -0.00122786 5.6937e-05 -0.104095 0.984112
19 0.0357021 3.42232 0.331552 0.000301793 -0.00396005 0.331509 3.40462 0.00242942 0.00026433 -0.000341804 -0.0024283 3.35905 0.396142 -0.00395387 0.000259644 -0.396146 3.35382 0.0968793 8.81837e-05 -0.00115713 0.0968669 0.994827 0.000709874 7.72372e-05 -9.9875e-05 -0.00070955 0.981513 0.115753 -0.00115532 7.58678e-05 -0.115754 0.979985
20 0.0375062 2.92388 0.339566 0.000281695 -0.00313415 0.339527 2.90615 0.002297 0.000301213 -0.000318689 -0.00229689 2.85451 0.37164 -0.00313233 0.000294424 -0.371642 2.84978 0.116135 9.63429e-05 -0.00107191 0.116122 0.993935 0.000785599 0.000103018 -0.000108995 -0.000785563 0.976274 0.127105 -0.00107129 0.000100696 -0.127106 0.974656
21 0.0392989 2.47562 0.343806 0.000256654 -0.00240992 0.343771 2.45783 0.00211948 0.000338278 -0.000289668 -0.00212074 2.40016 0.340144 -0.00241257 0.000329683 -0.340145 2.39589 0.138877 0.000103673 -0.000973461 0.138862 0.992812 0.00085614 0.000136644 -0.000117008 -0.00085665 0.969518 0.137398 -0.000974531 0.000133172 -0.137398 0.967793
22 0.0410797 2.07919 0.344125 0.000227387 -0.00179011 0.344094 2.0613 0.00190199 0.000374774 -0.000255522 -0.001905 1.99779 0.302464 -0.00179711 0.000364792 -0.302463 1.99394 0.165509 0.000109363 -0.000860965 0.165494 0.991397 0.000914772 0.00018025 -0.000122895 -0.000916224 0.96085 0.145472 -0.000864332 0.000175449 -0.145471 0.958998
23 0.0428479 1.73509 0.340462 0.000194715 -0.00127505 0.340437 1.71707 0.0016508 0.000409945 -0.000217168 -0.00165596 1.64804 0.259581 -0.00128607 0.000399098 -0.259577 1.64457 0.196222 0.000112222 -0.000734862 0.196207 0.989617 0.00095142 0.000236268 -0.000125163 -0.000954397 0.949831 0.149607 -0.000741215 0.000230016 -0.149605 0.947832
24 0.0446031 1.4427 0.332849 0.00015953 -0.000862792 0.332828 1.42452 0.00137307 0.000443053 -0.000175619 -0.00138076 1.35043 0.212614 -0.000877292 0.000431944 -0.212608 1.3473 0.230713 0.000110578 -0.000598041 0.230699 0.9874 0.000951738 0.000307101 -0.000121729 -0.000957071 0.936046 0.147373 -0.000608092 0.0002994 -0.147368 0.933877
25 0.0463447 1.20042 0.321406 0.000122762 -0.000549313 0.321391 1.18205 0.00107661 0.000473408 -0.000131947 -0.0010872 1.10349 0.162781 -0.000566546 0.000462691 -0.162772 1.10067 0.267744 0.000102266 -0.000457599 0.267731 0.984694 0.000896861 0.000394367 -0.000109917 -0.000905677 0.919253 0.135603 -0.000471954 0.00038544 -0.135596 0.9169
26 0.0480722 1.00578 0.306347 8.53446e-05 -0.000328715 0.306337 0.987178 0.000769605 0.00050039 -8.72482e-05 -0.000783383 0.90486 0.111355 -0.000347759 0.000490742 -0.111345 0.9023 0.304586 8.4854e-05 -0.000326826 0.304576 0.981504 0.000765181 0.000497513 -8.67467e-05 -0.00077888 0.899659 0.110715 -0.00034576 0.000487921 -0.110705 0.897114
27 0.049785 0.855531 0.287969 4.81838e-05 -0.000193497 0.287964 0.836667 0.000460305 0.000523467 -4.26034e-05 -0.000477521 0.751391 0.0596269 -0.000213292 0.000515554 -0.0596152 0.749062 0.336596 5.63204e-05 -0.000226171 0.33659 0.97795 0.000538035 0.000611862 -4.97976e-05 -0.000558157 0.878274 0.0696958 -0.000249309 0.000602613 -0.0696821 0.875552
28 0.0514827 0.745828 0.266647 1.21312e-05 -0.000134843 0.266646 0.726672 0.000156797 0.00054222 9.5524e-07 -0.000177607 0.63932 0.00885957 -0.000154234 0.000536663 -0.00884675 0.637189 0.357518 1.62654e-05 -0.000180796 0.357517 0.974316 0.000210232 0.000727004 1.28078e-06 -0.000238133 0.857195 0.0118788 -0.000206796 0.000719553 -0.0118616 0.854338
29 0.0531646 0.672362 0.242827 -2.20403e-05 -0.000142936 0.24283 0.652888 -0.000133278 0.000556349 4.2474e-05 0.000108819 0.564394 -0.0397485 -0.000160722 0.000553695 0.0397618 0.562432 0.361155 -3.27805e-05 -0.000212588 0.361159 0.971037 -0.000198223 0.000827456 6.31713e-05 0.000161845 0.83942 -0.0591178 -0.000239042 0.000823508 0.0591376 0.836502
30 0.0548304 0.630507 0.21701 -5.36552e-05 -0.00020727 0.217017 0.610691 -0.000402947 0.000565686 8.11028e-05 0.000374899 0.522019 -0.0850986 -0.000222262 0.00056638 0.0851117 0.520198 0.344184 -8.50985e-05 -0.000328736 0.344194 0.968572 -0.000639085 0.000897193 0.000128631 0.0005946 0.827936 -0.134969 -0.000352514 0.000898294 0.134989 0.825048
31 0.0564795 0.615466 0.189745 -8.21488e-05 -0.000316975 0.189755 0.595289 -0.000646115 0.000570196 0.000116116 0.000614662 0.507405 -0.126222 -0.000328049 0.000574559 0.126234 0.5057 0.308296 -0.000133474 -0.000515016 0.308311 0.967218 -0.0010498 0.000926447 0.000188663 0.000998695 0.824424 -0.205084 -0.000533009 0.000933535 0.205104 0.821655
32 0.0581114 0.622405 0.161609 -0.000107076 -0.000461116 0.16162 0.601853 -0.000857721 0.000569978 0.000146923 0.000823179 0.515697 -0.162305 -0.000467275 0.000578189 0.162316 0.514088 0.259652 -0.000172035 -0.000740862 0.25967 0.966979 -0.00137807 0.000915766 0.000236057 0.00132258 0.828555 -0.260771 -0.000750757 0.000928959 0.260788 0.825969
33 0.0597256 0.646582 0.133191 -0.000128113 -0.000628992 0.133204 0.625643 -0.00103387 0.000565256 0.000173083 0.000996681 0.542108 -0.192708 -0.000629416 0.000577347 0.192716 0.540574 0.205993 -0.000198138 -0.000972796 0.206012 0.967615 -0.00159898 0.000874222 0.000267688 0.00154146 0.838421 -0.298041 -0.00097345 0.000892921 0.298053 0.836049
34 0.0613216 0.683452 0.105082 -0.000145057 -0.000810393 0.105095 0.66212 -0.0011719 0.000556374 0.000194297 0.00113263 0.582025 -0.216975 -0.000804487 0.000572222 0.216979 0.58055 0.153752 -0.000212241 -0.00118574 0.153771 0.968788 -0.00171468 0.000814065 0.000284288 0.00165723 0.851596 -0.317469 -0.00117709 0.000837253 0.317476 0.849438
35 0.0628989 0.728767 0.0778531 -0.00015782 -0.000995835 0.0778661 0.707043 -0.00127043 0.000543779 0.000210415 0.00122977 0.631111 -0.234842 -0.000983269 0.000563113 0.234843 0.62968 0.106829 -0.000216557 -0.00136647 0.106846 0.97019 -0.00174327 0.000746163 0.000288728 0.00168746 0.865998 -0.322246 -0.00134922 0.000772693 0.322247 0.864035
36 0.064457 0.778653 0.0520432 -0.000166417 -0.00117676 0.0520554 0.75654 -0.00132935 0.000528004 0.000221419 0.00128805 0.685383 -0.246237 -0.00115749 0.000550417 0.246233 0.683985 0.0668374 -0.000213724 -0.00151127 0.0668531 0.971601 -0.00170724 0.000678098 0.000284362 0.00165421 0.880216 -0.316234 -0.00148653 0.000706883 0.31623 0.87842
37 0.0659956 0.82967 0.0281444 -0.000170956 -0.00134567 0.0281552 0.807177 -0.00134973 0.000509648 0.000227416 0.00130865 0.741279 -0.251266 -0.00131998 0.000534615 0.251258 0.739902 0.0339224 -0.000206053 -0.00162194 0.0339354 0.972889 -0.00162682 0.000614279 0.000274104 0.00157732 0.893463 -0.302851 -0.00159097 0.000644371 0.302841 0.891803
38 0.067514 0.87885 0.00658945 -0.000171623 -0.00149628 0.0065984 0.855991 -0.00133377 0.000489362 0.000228617 0.00129382 0.7957 -0.250209 -0.00146473 0.000516258 0.250197 0.794336 0.00749781 -0.000195282 -0.00170254 0.00750799 0.973989 -0.00151764 0.000556821 0.000260132 0.00147217 0.905387 -0.2847 -0.00166664 0.000587424 0.284686 0.903836
39 0.0690118 0.923728 -0.0122585 -0.000168666 -0.00162355 -0.0122519 0.900518 -0.00128469 0.000467818 0.000225326 0.00124676 0.846039 -0.243497 -0.00158701 0.000495951 0.24348 0.844682 -0.0132707 -0.000182593 -0.00175761 -0.0132635 0.974874 -0.00139077 0.000506446 0.000243931 0.00134971 0.915897 -0.263602 -0.00171805 0.000536901 0.263584 0.914428
40 0.10628 0.96234 -0.0281143 -0.00016238 -0.00172372 -0.0281104 0.938799 -0.0012065 0.000445695 0.000217915 0.0011715 0.890194 -0.23169 -0.00168332 0.000474329 0.231669 0.888838 -0.0292145 -0.000168734 -0.00179117 -0.0292105 0.975538 -0.00125372 0.000463136 0.000226443 0.00121735 0.925031 -0.240757 -0.0017492 0.000492892 0.240735 0.923622
42 0.146749 1.01538 -0.050129 -0.000141148 -0.00183405 -0.0501312 0.991248 -0.000982111 0.000402319 0.000192461 0.000955437 0.954013 -0.195549 -0.00179019 0.000429741 0.195522 0.952655 -0.0493695 -0.00013901 -0.00180626 -0.0493716 0.976229 -0.00096723 0.000396223 0.000189545 0.000940961 0.939559 -0.192586 -0.00176306 0.000423229 0.19256 0.938221
44 0.152348 1.03176 -0.0588778 -0.000110721 -0.00182154 -0.0588864 1.00712 -0.00070278 0.000363989 0.000155941 0.00068706 0.979911 -0.147932 -0.00178067 0.000387506 0.147904 0.978559 -0.0570653 -0.000107312 -0.00176547 -0.0570737 0.976115 -0.000681146 0.000352785 0.000151141 0.00066591 0.949746 -0.143378 -0.00172586 0.000375577 0.143351 0.948436
46 0.157761 1.01159 -0.0551151 -7.38994e-05 -0.00169672 -0.0551299 0.986513 -0.000412263 0.000334371 0.000112085 0.000408952 0.967176 -0.0954058 -0.0016653 0.000351954 0.0953808 0.965864 -0.0544839 -7.3053e-05 -0.00167729 -0.0544984 0.975214 -0.000407541 0.000330541 0.000110801 0.000404268 0.956099 -0.094313 -0.00164623 0.000347923 0.0942883 0.954801
48 0.162982 0.95971 -0.0407434 -3.33409e-05 -0.00148199 -0.0407631 0.934255 -0.000150289 0.000315678 6.43464e-05 0.000159403 0.920101 -0.0441631 -0.0014653 0.000326233 0.0441465 0.918891 -0.0424539 -3.47406e-05 -0.0015442 -0.0424744 0.973477 -0.000156599 0.000328931 6.70478e-05 0.000166095 0.958728 -0.0460172 -0.00152682 0.000339928 0.0459999 0.957467
50 0.168004 0.883951 -0.0185103 8.46069e-06 -0.00120657 -0.0185332 0.858121 5.18517e-05 0.000308508 1.57699e-05 -3.18016e-05 0.846247 0.000622099 -0.00120774 0.00031198 -0.000626489 0.845237 -0.0209405 9.57145e-06 -0.00136497 -0.0209663 0.97078 5.8659e-05 0.00034901 1.78403e-05 -3.59766e-05 0.957347 0.000703772 -0.00136629 0.000352938 -0.000708738 0.956204
52 0.172821 0.793424 0.00836382 4.9082e-05 -0.000901635 0.00833996 0.767178 0.000174119 0.000311863 -3.09612e-05 -0.000145971 0.754776 0.0352242 -0.000920954 0.000309175 -0.0352143 0.754098 0.0105414 6.18611e-05 -0.00113639 0.0105114 0.966922 0.000219453 0.00039306 -3.90222e-05 -0.000183976 0.951291 0.0443952 -0.00116073 0.000389673 -0.0443827 0.950436
54 0.177428 0.697131 0.0365762 8.60447e-05 -0.000596112 0.0365537 0.670382 0.00020874 0.000323367 -7.33697e-05 -0.000176322 0.655001 0.0575591 -0.000630893 0.000316205 -0.0575353 0.654816 0.0524668 0.000123427 -0.000855094 0.0524345 0.96163 0.000299427 0.000463854 -0.000105245 -0.000252925 0.939567 0.0825657 -0.000904986 0.000453581 -0.0825316 0.939301
56 0.181819 0.602924 0.0630977 0.000116726 -0.000313676 0.0630787 0.575547 0.000159538 0.000339626 -0.000109003 -0.000127168 0.555292 0.0671555 -0.000358607 0.000330118 -0.0671207 0.55578 0.104653 0.0001936 -0.000520258 0.104621 0.954593 0.000264607 0.000563299 -0.000180791 -0.000210919 0.920999 0.111383 -0.00059478 0.000547529 -0.111325 0.921807
58 0.185988 0.516873 0.0854555 0.000138372 -7.10962e-05 0.0854418 0.488727 3.99046e-05 0.0003567 -0.00013532 -1.18199e-05 0.462376 0.0649433 -0.000119075 0.000347047 -0.0649023 0.463716 0.165332 0.000267709 -0.00013755 0.165305 0.945544 7.72038e-05 0.00069011 -0.000261804 -2.28681e-05 0.894562 0.125646 -0.000230376 0.000671435 -0.125567 0.897156
60 0.286303 0.443005 0.101917 0.000148247 0.000122104 0.101909 0.413954 -0.000130134 0.00037062 -0.000149716 0.000150335 0.380997 0.0529194 7.88114e-05 0.000362735 -0.0528782 0.383349 0.230057 0.000334641 0.000275628 0.230041 0.934424 -0.000293752 0.000836604 -0.000337957 0.000339353 0.860028 0.119456 0.000177902 0.000818805 -0.119362 0.865339
64 0.394175 0.338214 0.114265 0.000123748 0.000353335 0.114269 0.307134 -0.000527952 0.000375953 -0.000133482 0.000526304 0.262045 0.010394 0.000338886 0.00037482 -0.0103692 0.266689 0.337847 0.000365888 0.00104471 0.33786 0.908104 -0.001561 0.00111158 -0.000394666 0.00155613 0.774789 0.0307321 0.00100199 0.00110823 -0.0306587 0.788522
68 0.406626 0.28639 0.101566 3.52962e-05 0.000405958 0.101575 0.253528 -0.000861608 0.000340109 -5.01815e-05 0.000839823 0.200959 -0.0377081 0.000430404 0.000344843 0.0377062 0.207711 0.354641 0.000123245 0.0014175 0.354674 0.885256 -0.00300852 0.00118757 -0.000175221 0.00293245 0.701699 -0.131667 0.00150286 0.00120411 0.13166 0.725273
72 0.417095 0.270468 0.0733464 -0.000100595 0.000334694 0.073352 0.236839 -0.00102603 0.000266781 8.62792e-05 0.000996202 0.183192 -0.0732995 0.000384768 0.00027213 0.0732803 0.191172 0.271183 -0.000371927 0.00123746 0.271204 0.875663 -0.00379354 0.000986365 0.000318999 0.00368325 0.677314 -0.271009 0.0014226 0.00100614 0.270938 0.706817
76 0.425533 0.269924 0.0416221 -0.000238885 0.000191342 0.0416192 0.236981 -0.0010076 0.0001737 0.000230741 0.000986264 0.188066 -0.0872604 0.000238577 0.000175063 0.0872455 0.196069 0.154199 -0.000885008 0.000708875 0.154189 0.877955 -0.00373291 0.000643517 0.000854837 0.00365386 0.696738 -0.323278 0.000883868 0.000648566 0.323223 0.726386
80 0.431897 0.268066 0.0163528 -0.000318685 2.11888e-05 0.016344 0.236916 -0.000865618 8.02732e-05 0.000318835 0.000865621 0.196192 -0.0793161 3.8585e-05 7.84527e-05 0.0793223 0.203457 0.061003 -0.00118883 7.90432e-05 0.0609701 0.883799 -0.00322913 0.000299454 0.00118939 0.00322914 0.731879 -0.295883 0.000143939 0.000292662 0.295906 0.758981
84 0.436158 0.255387 0.00319612 -0.000292178 -0.000128998 0.00318732 0.225875 -0.000691745 -3.4814e-06 0.000298506 0.00071539 0.193486 -0.0556743 -0.000151774 -1.98309e-06 0.0557017 0.200535 0.0125148 -0.00114406 -0.000505109 0.0124803 0.884442 -0.00270861 -1.36318e-05 0.00116883 0.0028012 0.757619 -0.217999 -0.000594288 -7.76501e-06 0.218107 0.78522
88 0.328636 0.230396 0.00326011 -0.000157555 -0.000213419 0.00325456 0.200615 -0.000567925 -7.95038e-05 0.000165744 0.000604837 0.173293 -0.026219 -0.000264384 -6.79111e-05 0.0262532 0.182303 0.01415 -0.000683842 -0.000926313 0.0141259 0.870739 -0.00246499 -0.000345074 0.000719388 0.0026252 0.752154 -0.1138 -0.00114752 -0.000294758 0.113948 0.791258
90 0.219313 0.21481 0.00754981 -6.6525e-05 -0.000221365 0.00754525 0.183717 -0.000539924 -0.000116995 7.3971e-05 0.000576693 0.156832 -0.0127396 -0.000276472 -9.9816e-05 0.0127709 0.16804 0.0351464 -0.000309692 -0.00103052 0.0351252 0.855252 -0.0025135 -0.000544642 0.000344355 0.00268466 0.730096 -0.0593063 -0.00128705 -0.000464671 0.0594519 0.782274
92 0.328636 0.198654 0.0139465 2.40327e-05 -0.000205807 0.0139418 0.16536 -0.000536128 -0.000155197 -1.83788e-05 0.00056783 0.13723 -0.00179892 -0.000257274 -0.000133757 0.00182456 0.151512 0.070205 0.000120978 -0.00103601 0.0701811 0.832399 -0.0026988 -0.000781241 -9.25167e-05 0.00285838 0.690798 -0.00905551 -0.00129509 -0.000673316 0.00918459 0.762691
96 0.436158 0.169928 0.030208 0.000144337 -0.000118951 0.0301994 0.129906 -0.000586627 -0.000233656 -0.000145369 0.000596525 0.0941656 0.00860239 -0.00014321 -0.000212021 -0.00858924 0.11675 0.177769 0.000849397 -0.000700008 0.177718 0.764476 -0.0034522 -0.00137503 -0.000855469 0.00351045 0.554148 0.0506236 -0.000842766 -0.00124771 -0.0505462 0.687052
100 0.431897 0.153631 0.0460296 9.74807e-05 -4.13596e-06 0.0460165 0.10545 -0.00066702 -0.000307675 -0.000108967 0.000650615 0.0566296 0.000743223 9.86955e-06 -0.00029864 -0.000735089 0.0885486 0.299611 0.000634511 -2.69214e-05 0.299526 0.686384 -0.0043417 -0.00200269 -0.000709277 0.00423492 0.368608 0.00483771 6.42419e-05 -0.00194388 -0.00478477 0.576372
104 0.425533 0.153998 0.0561174 -0.00015852 7.62778e-05 0.0561053 0.0991083 -0.000709178 -0.000360829 0.000135693 0.000677742 0.0352308 -0.0228753 0.000115478 -0.000369351 0.022887 0.0745421 0.364404 -0.00102936 0.000495317 0.364325 0.643569 -0.00460511 -0.00234308 0.000881137 0.00440098 0.228774 -0.148543 0.000749865 -0.00239842 0.148619 0.484046
108 0.417095 0.167452 0.0575241 -0.000563961 8.79522e-05 0.0575205 0.109629 -0.000664072 -0.000374348 0.000535552 0.000638184 0.0333227 -0.05326 0.000123384 -0.000391275 0.0532755 0.0758241 0.343525 -0.00336789 0.000525238 0.343504 0.65469 -0.00396574 -0.00223555 0.00319824 0.00381114 0.198999 -0.318061 0.000736832 -0.00233663 0.318154 0.45281
112 0.406626 0.184134 0.0506184 -0.000972304 4.85519e-05 0.0506266 0.126985 -0.000528283 -0.000336515 0.000950608 0.000524433 0.0447839 -0.0781677 5.56124e-05 -0.000343724 0.0781799 0.0866385 0.2749 -0.00528042 0.000263677 0.274944 0.689633 -0.00286901 -0.00182755 0.00516259 0.0028481 0.243214 -0.424516 0.000302022 -0.0018667 0.424582 0.470519
116 0.394175 0.193425 0.0388292 -0.00121804 1.75916e-05 0.0388442 0.136864 -0.000346975 -0.000251322 0.00121465 0.000366247 0.0566047 -0.0874962 -5.92041e-06 -0.000235413 0.0875004 0.0979184 0.200745 -0.00629723 9.09478e-05 0.200823 0.707582 -0.00179385 -0.00129933 0.0062797 0.00189349 0.292644 -0.452353 -3.06083e-05 -0.00121708 0.452374 0.506235
120 0.379804 0.190625 0.0271157 -0.00120368 5.48491e-05 0.0271269 0.128252 -0.000189266 -0.000143084 0.00121935 0.00021667 0.0554399 -0.0783833 2.18135e-05 -0.000106757 0.0783856 0.10283 0.142247 -0.00631439 0.000287734 0.142306 0.672799 -0.000992875 -0.000750608 0.00639658 0.00113663 0.290833 -0.411192 0.000114432 -0.000560037 0.411204 0.539437
124 0.363583 0.180583 0.0198402 -0.0009554 0.000171503 0.0198376 0.100069 -0.000108576 -5.31888e-05 0.000976563 0.000124112 0.0348338 -0.0571287 0.000154828 -1.46338e-05 0.0571428 0.1009 0.109867 -0.00529063 0.000949715 0.109853 0.554144 -0.00060125 -0.000294539 0.00540782 0.000687282 0.192896 -0.316357 0.000857379 -8.10362e-05 0.316434 0.558746
128 0.34559 0.17534 0.0191245 -0.000611849 0.000306202 0.0191043 0.0628099 -0.000111672 -2.67042e-05 0.000619264 0.000104973 -0.000937522 -0.0363461 0.000314007 -6.89421e-06 0.0363802 0.0978196 0.10907 -0.00348949 0.00174633 0.108955 0.358217 -0.000636887 -0.000152299 0.00353178 0.00059868 -0.00534687 -0.207289 0.00179084 -3.9319e-05 0.207483 0.557884
132 0.325914 0.186373 0.0245178 -0.000349363 0.000347228 0.0244851 0.0336747 -0.000156385 -9.15786e-05 0.000333282 0.000133596 -0.0388352 -0.0283156 0.000363265 -9.90403e-05 0.0283623 0.100621 0.131552 -0.00187453 0.00186308 0.131377 0.180684 -0.000839092 -0.000491371 0.00178825 0.000716818 -0.208373 -0.151929 0.00194912 -0.000531408 0.15218 0.53989
136 0.304649 0.215897 0.0339889 -0.000285501 0.000195673 0.0339566 0.027501 -0.000179811 -0.000239591 0.000254576 0.000157616 -0.0640206 -0.0379298 0.000195258 -0.000264132 0.0379677 0.111188 0.157431 -0.0013224 0.000906325 0.157282 0.12738 -0.000832855 -0.00110975 0.00117916 0.000730053 -0.296533 -0.175685 0.000904406 -0.00122342 0.17586 0.515008
140 0.281901 0.253146 0.0454106 -0.000416248 -0.000163549 0.0453936 0.0485772 -0.000138511 -0.00042112 0.000391782 0.000130758 -0.0680165 -0.0593186 -0.000189558 -0.000441052 0.0593266 0.122718 0.179385 -0.0016443 -0.000646064 0.179318 0.191894 -0.000547157 -0.00166355 0.00154765 0.000516532 -0.268685 -0.234325 -0.000748809 -0.00174228 0.234357 0.484772
144 0.257779 0.279242 0.0574374 -0.000622853 -0.000628243 0.0574442 0.0882481 -3.43375e-05 -0.000561183 0.000622577 4.23704e-05 -0.0534345 -0.0785105 -0.000664117 -0.000558627 0.0784839 0.122402 0.205691 -0.00223052 -0.00224982 0.205715 0.316028 -0.000122967 -0.00200967 0.00222953 0.000151734 -0.191356 -0.281156 -0.00237829 -0.00200051 0.281061 0.438337
148 0.232401 0.278948 0.0692079 -0.000743783 -0.00101225 0.0692333 0.129916 8.99054e-05 -0.000592781 0.000768396 -7.61637e-05 -0.032585 -0.0810823 -0.00103198 -0.000566038 0.0810378 0.0996579 0.248103 -0.00266639 -0.00362882 0.248194 0.465736 0.000322302 -0.00212506 0.00275462 -0.000273039 -0.116814 -0.290672 -0.00369953 -0.00202919 0.290512 0.357263
152 0.205891 0.252558 0.0792848 -0.000669773 -0.00113504 0.0793086 0.158518 0.000179881 -0.000491612 0.000702866 -0.000172585 -0.0208811 -0.0606183 -0.00112721 -0.000456005 0.0605848 0.0550865 0.313927 -0.00265196 -0.00449416 0.314021 0.627652 0.000712238 -0.00194653 0.00278299 -0.000683347 -0.0826785 -0.240017 -0.00446318 -0.00180554 0.239885 0.218114
156 0.178378 0.219785 0.0849479 -0.000406643 -0.000917604 0.0849453 0.168682 0.000203087 -0.000291961 0.0004272 -0.000207539 -0.0289672 -0.0229624 -0.000896813 -0.000268956 0.0229632 0.00388325 0.386504 -0.00185018 -0.00417501 0.386492 0.767486 0.000924023 -0.00132839 0.00194371 -0.000944279 -0.131798 -0.104477 -0.00408041 -0.00122372 0.10448 0.0176684
160 0.0971232 0.211493 0.0828151 -6.91496e-05 -0.000425022 0.0827727 0.166539 0.00016463 -7.19884e-05 6.60524e-05 -0.000177437 -0.0580249 0.0165476 -0.000418443 -7.46433e-05 -0.0165087 -0.0298467 0.391574 -0.000326959 -0.00200963 0.391374 0.787442 0.000778419 -0.000340382 0.000312315 -0.000838976 -0.274359 0.078242 -0.00197852 -0.000352935 -0.0780578 -0.141124
161 0.0357021 0.216553 0.0807558 8.41557e-06 -0.000277756 0.080704 0.165502 0.000149004 -2.40507e-05 -1.72776e-05 -0.000162767 -0.0678098 0.0246748 -0.000277951 -3.32531e-05 -0.0246282 -0.032885 0.372915 3.88614e-05 -0.00128262 0.372675 0.764257 0.000688073 -0.000111061 -7.97844e-05 -0.000751626 -0.313133 0.113944 -0.00128353 -0.000153556 -0.113728 -0.151856
162 0.0338871 0.225022 0.0780548 7.86516e-05 -0.000126999 0.0779946 0.164668 0.000132249 1.87651e-05 -9.2739e-05 -0.000146485 -0.0782718 0.0316483 -0.000134526 3.50094e-06 -0.0315954 -0.0332875 0.346877 0.000349529 -0.000564385 0.34661 0.731788 0.000587716 8.33926e-05 -0.000412134 -0.000650984 -0.347841 0.140646 -0.000597834 1.55582e-05 -0.140411 -0.14793
163 0.0320617 0.237 0.0747226 0.00013973 2.41941e-05 0.0746553 0.164208 0.000115001 5.56215e-05 -0.000158316 -0.000129261 -0.0892226 0.0373081 9.22827e-06 3.50123e-05 -0.0372504 -0.030944 0.315285 0.000589578 0.000102085 0.315001 0.692861 0.000485235 0.000234689 -0.000667998 -0.000545404 -0.376466 0.157418 3.89378e-05 0.000147731 -0.157174 -0.130565
164 0.0302266 0.252474 0.0707864 0.000190218 0.00017295 0.0707137 0.164265 9.78552e-05 8.59086e-05 -0.000212429 -0.000111736 -0.100471 0.0415431 0.000150889 6.08629e-05 -0.0414822 -0.0258304 0.280371 0.000753415 0.000685022 0.280083 0.650622 0.000387585 0.000340267 -0.00084139 -0.000442565 -0.397945 0.164544 0.000597641 0.000241066 -0.164303 -0.102309
165 0.0283823 0.271308 0.0662915 0.00022913 0.000316673 0.0662152 0.164946 8.13415e-05 0.000109264 -0.000253998 -9.45052e-05 -0.111829 0.0442954 0.000288282 8.08335e-05 -0.0442329 -0.0180133 0.24434 0.000844539 0.00116721 0.244059 0.607967 0.000299812 0.000402729 -0.000936197 -0.000348331 -0.412183 0.163266 0.00106256 0.00029794 -0.163036 -0.0663941
166 0.0265294 0.293244 0.0613004 0.000255966 0.000453114 0.0612226 0.166317 6.59063e-05 0.000125579 -0.000282472 -7.80857e-05 -0.123115 0.0455616 0.000419528 9.49071e-05 -0.0454992 -0.00765008 0.209042 0.000872874 0.00154517 0.208777 0.567163 0.000224749 0.00042824 -0.000963264 -0.000266282 -0.419838 0.155371 0.00143064 0.000323645 -0.155158 -0.0260877
167 0.0246683 0.317909 0.055893 0.000270719 0.000580431 0.0558157 0.168401 5.19004e-05 0.000135002 -0.000297849 -6.29043e-05 -0.134163 0.0453932 0.000543071 0.000103265 -0.0453325 0.00501343 0.175814 0.000851562 0.00182578 0.175571 0.529715 0.000163255 0.000424657 -0.000936898 -0.000197869 -0.422017 0.142787 0.00170826 0.000324826 -0.142596 0.01577
168 0.0172754 0.34482 0.0501644 0.000273877 0.000697224 0.0500896 0.171178 3.95713e-05 0.000137925 -0.000300661 -4.92832e-05 -0.14482 0.0438939 0.000657701 0.000106276 -0.0438364 0.0196494 0.14548 0.00079426 0.00202199 0.145263 0.496427 0.000114759 0.000399992 -0.000871936 -0.000142924 -0.419987 0.127295 0.00190737 0.000308207 -0.127128 0.0569845
168.5 0.0109315 0.358941 0.0472132 0.000271386 0.00075136 0.0471404 0.172808 3.40841e-05 0.000137134 -0.000297662 -4.31282e-05 -0.14996 0.0426909 0.000711388 0.000105938 -0.0426353 0.0275844 0.131535 0.000756073 0.00209327 0.131332 0.481439 9.49573e-05 0.00038205 -0.000829278 -0.000120154 -0.417784 0.118935 0.00198191 0.000295141 -0.118781 0.0768493
169 0.0104622 0.373401 0.0442235 0.000266384 0.000802543 0.0441531 0.174585 2.90615e-05 0.000134964 -0.000291947 -3.74339e-05 -0.154953 0.0412153 0.000762546 0.000104478 -0.0411621 0.0358572 0.118434 0.0007134 0.00214928 0.118246 0.467554 7.78291e-05 0.000361445 -0.00078186 -0.000100251 -0.414978 0.110378 0.00204217 0.000279801 -0.110236 0.0960287
169.5 0.00999215 0.388115 0.0412106 0.000259054 0.000850726 0.041143 0.176495 2.45053e-05 0.000131523 -0.000283716 -3.22095e-05 -0.159787 0.0394925 0.000811119 0.000101984 -0.0394419 0.0444083 0.106181 0.000667468 0.00219194 0.106007 0.45475 6.31394e-05 0.000338876 -0.000731009 -8.29897e-05 -0.4117 0.101755 0.00208989 0.000262768 -0.101624 0.114421
170 0.0095213 0.402995 0.0381902 0.0002496 0.000895883 0.0381258 0.178522 2.04119e-05 0.000126928 -0.00027319 -2.7458e-05 -0.164448 0.0375501 0.000857067 9.85542e-05 -0.0375023 0.0531754 0.094766 0.000619361 0.00222306 0.0946062 0.442989 5.06505e-05 0.000314962 -0.000677899 -6.81348e-05 -0.408065 0.0931776 0.00212674 0.000244554 -0.0930589 0.131951
170.5 0.00904972 0.417951 0.0351786 0.000238244 0.000938016 0.0351177 0.180649 1.67719e-05 0.000121305 -0.000260614 -2.31757e-05 -0.168927 0.0354172 0.000900369 9.42914e-05 -0.0353724 0.0620937 0.0841693 0.000570028 0.00224432 0.0840236 0.432226 4.01288e-05 0.000290238 -0.000623553 -5.54508e-05 -0.404178 0.0847402 0.00215425 0.000225604 -0.0846329 0.148567
171 0.00857745 0.432889 0.0321923 0.000225227 0.000977149 0.0321352 0.182856 1.35708e-05 0.000114788 -0.00024625 -1.93536e-05 -0.173212 0.0331248 0.000941021 8.93043e-05 -0.033083 0.0710967 0.0743661 0.000520288 0.00225727 0.0742342 0.422409 3.13495e-05 0.000265166 -0.000568852 -4.4708e-05 -0.40013 0.0765202 0.00217382 0.000206298 -0.0764238 0.164238
171.5 0.00810453 0.447715 0.0292478 0.000210802 0.00101332 0.0291947 0.185123 1.079e-05 0.000107514 -0.000230372 -1.59771e-05 -0.177295 0.0307046 0.000979033 8.37055e-05 -0.0306661 0.0801165 0.0653268 0.000470841 0.00226333 0.0652083 0.413484 2.41002e-05 0.000240139 -0.000514552 -3.5686e-05 -0.396 0.0685807 0.00218673 0.000186962 -0.0684947 0.178945
172 0.00763099 0.462333 0.0263618 0.000195235 0.00104661 0.026313 0.187428 8.40653e-06 9.96267e-05 -0.00021327 -1.30271e-05 -0.181169 0.0281896 0.00101443 7.76104e-05 -0.0281544 0.0890844 0.0570191 0.000422282 0.00226375 0.0569135 0.405396 1.81829e-05 0.000215487 -0.000461291 -2.81769e-05 -0.391859 0.0609725 0.00219415 0.000167867 -0.0608964 0.192685
172.5 0.00715688 0.476647 0.0235509 0.000178796 0.00107707 0.0235064 0.189747 6.39418e-06 9.12729e-05 -0.000195238 -1.04803e-05 -0.184827 0.0256131 0.00104724 7.11362e-05 -0.0255812 0.0979318 0.0494095 0.000375112 0.00225968 0.0493162 0.398088 1.34149e-05 0.000191489 -0.000409607 -2.19875e-05 -0.387765 0.0537359 0.0021971 0.000149243 -0.0536691 0.20546
173 0.00668221 0.490564 0.0208314 0.000161764 0.00110482 0.0207914 0.192059 4.72393e-06 8.25993e-05 -0.000176578 -8.30978e-06 -0.188264 0.0230086 0.00107752 6.44007e-05 -0.0229801 0.10659 0.0424642 0.00032975 0.00225213 0.0423826 0.391507 9.62958e-06 0.000168376 -0.000359948 -1.69392e-05 -0.38377 0.0469024 0.00219649 0.000131279 -0.0468443 0.217281
173.5 0.00620704 0.50399 0.0182195 0.000144415 0.00112994 0.0181839 0.19434 3.36463e-06 7.37527e-05 -0.00015759 -6.48612e-06 -0.191475 0.0204096 0.00110531 5.75208e-05 -0.0203844 0.114993 0.0361504 0.000286543 0.00224199 0.0360798 0.385602 6.67599e-06 0.000146338 -0.000312685 -1.28695e-05 -0.379917 0.040496 0.00219312 0.000114131 -0.040446 0.228165
174 0.0057314 0.516835 0.0157305 0.000127026 0.00115256 0.0156993 0.196565 2.28365e-06 6.48779e-05 -0.000138575 -4.97766e-06 -0.194456 0.0178488 0.00113068 5.06116e-05 -0.0178269 0.123074 0.0304363 0.000245777 0.00223003 0.0303759 0.380325 4.41852e-06 0.000125529 -0.000268122 -9.63104e-06 -0.376243 0.0345349 0.0021877 9.7926e-05 -0.0344924 0.238129
174.5 0.00525531 0.529011 0.0133796 0.000109868 0.00117278 0.0133527 0.198713 1.44748e-06 5.61164e-05 -0.000119826 -3.75142e-06 -0.197204 0.0153583 0.00115369 4.37851e-05 -0.0153395 0.130769 0.0252917 0.000207686 0.00221693 0.0252409 0.375631 2.7362e-06 0.000106078 -0.000226509 -7.09138e-06 -0.372779 0.0290322 0.00218084 8.27678e-05 -0.0289966 0.247196
175 0.00477883 0.540435 0.0111809 9.32037e-05 0.00119074 0.0111582 0.20076 8.22472e-07 4.76043e-05 -0.000101627 -2.77381e-06 -0.199717 0.012969 0.00117441 3.71492e-05 -0.0129531 0.138019 0.0206888 0.000172461 0.00220329 0.0206467 0.371479 1.52187e-06 8.80852e-05 -0.000188047 -5.13254e-06 -0.36955 0.0239973 0.00217307 6.87395e-05 -0.0239679 0.255386
175.5 0.00430199 0.551028 0.00914803 7.72843e-05 0.00120654 0.00912921 0.202686 3.75397e-07 3.94718e-05 -8.42516e-05 -2.01132e-06 -0.201994 0.0107101 0.0011929 3.08065e-05 -0.010697 0.144766 0.0166018 0.000140255 0.00218962 0.0165676 0.367832 6.81268e-07 7.16331e-05 -0.000152899 -3.65012e-06 -0.366577 0.0194365 0.00216486 5.59073e-05 -0.0194128 0.26272
176 0.00382481 0.560716 0.00729339 6.23469e-05 0.00122031 0.00727823 0.204468 7.41081e-08 3.18409e-05 -6.7955e-05 -1.43124e-06 -0.204033 0.00860917 0.00120923 2.48531e-05 -0.00859868 0.150956 0.0130073 0.000111192 0.00217634 0.0129802 0.364656 1.32167e-07 5.67861e-05 -0.000121193 -2.55251e-06 -0.363879 0.0153539 0.00215658 4.43238e-05 -0.0153352 0.269221
176.5 0.00334735 0.569432 0.00562852 4.86118e-05 0.00123216 0.00561672 0.20609 -1.11897e-07 2.48245e-05 -5.29758e-05 -1.00229e-06 -0.205832 0.00669174 0.00122346 1.93779e-05 -0.0066836 0.156541 0.00988443 8.53689e-05 0.00216385 0.00986372 0.361921 -1.96506e-07 4.35952e-05 -9.30327e-05 -1.76016e-06 -0.361469 0.0117516 0.00214857 3.40302e-05 -0.0117373 0.274907
177 0.00286963 0.577115 0.0041638 3.62796e-05 0.0012422 0.00415501 0.207532 -2.10921e-07 1.85255e-05 -3.9531e-05 -6.953e-07 -0.207392 0.00498089 0.00123567 1.44617e-05 -0.00497484 0.161474 0.00721486 6.28637e-05 0.00215243 0.00719962 0.359603 -3.65474e-07 3.21001e-05 -6.84976e-05 -1.20479e-06 -0.35936 0.00863067 0.00214111 2.50585e-05 -0.00862018 0.279796
177.5 0.00239169 0.58371 0.00290843 2.55291e-05 0.00125052 0.00290225 0.20878 -2.4857e-07 1.3035e-05 -2.78138e-05 -4.83709e-07 -0.208712 0.00349717 0.00124589 1.0176e-05 -0.00349293 0.165718 0.00498266 4.3736e-05 0.00214236 0.00497207 0.357678 -4.25845e-07 2.23313e-05 -4.765e-05 -8.2868e-07 -0.357561 0.00599128 0.00213443 1.74333e-05 -0.00598401 0.283905
178 0.00191357 0.589171 0.00187029 1.65154e-05 0.0012572 0.0018663 0.20982 -2.47307e-07 8.43212e-06 -1.79917e-05 -3.4414e-07 -0.209792 0.00225834 0.00125418 6.58287e-06 -0.0022556 0.169238 0.00317444 2.80316e-05 0.00213385 0.00316766 0.356128 -4.19754e-07 1.43118e-05 -3.05373e-05 -5.84109e-07 -0.35608 0.00383308 0.00212873 1.11731e-05 -0.00382844 0.287247
178.5 0.00143531 0.593459 0.00105595 9.36772e-06 0.00126232 0.00105368 0.210641 -2.26059e-07 4.78253e-06 -1.02043e-05 -2.56826e-07 -0.210632 0.00127918 0.00126059 3.73375e-06 -0.00127763 0.172005 0.00177931 1.57849e-05 0.00212706 0.0017755 0.354938 -3.80917e-07 8.05874e-06 -1.71947e-05 -4.32761e-07 -0.354923 0.00215547 0.00212414 6.2915e-06 -0.00215286 0.289834
179 0.000956932 0.596544 0.000470556 4.18825e-06 0.00126594 0.000469544 0.211234 -1.99894e-07 2.13815e-06 -4.56205e-06 -2.0599e-07 -0.211232 0.000571351 0.00126514 1.66929e-06 -0.00057066 0.173998 0.000788803 7.02085e-06 0.00212212 0.000787107 0.354096 -3.35087e-07 3.58423e-06 -7.64746e-06 -3.45305e-07 -0.354093 0.000957768 0.00212078 2.79827e-06 -0.000956609 0.291676
179.5 0.000478484 0.598404 0.000117826 1.0508e-06 0.00126809 0.000117572 0.211592 -1.79763e-07 5.36431e-07 -1.14454e-06 -1.80144e-07 -0.211592 0.000143263 0.00126786 4.18803e-07 -0.000143089 0.1752 0.000196901 1.756e-06 0.00211913 0.000196477 0.353594 -3.00403e-07 8.96436e-07 -1.91266e-06 -3.01041e-07 -0.353594 0.000239408 0.00211874 6.99867e-07 -0.000239118 0.292778
180 5.98114e-05 0.599026 2.26036e-18 -1.10266e-17 0.00126881 9.0158e-18 0.211712 -1.72309e-07 -3.29551e-18 1.26453e-17 -1.72309e-07 -0.211712 4.50247e-18 0.00126877 -3.64783e-18 4.36552e-19 0.175601 3.7734e-18 -1.84076e-17 0.00211812 1.50508e-17 0.353427 -2.87649e-07 -5.50146e-18 2.11098e-17 -2.87649e-07 -0.353427 7.51632e-18 0.00211805 -6.0896e-18 7.28769e-19 0.293145
