theta 2pi*dcos S11 S12 S13 S14 S21 S22 S23 S24 S31 S32 S33 S34 S41 S42 S43 S44 S12_norm S13_norm S14_norm S21_norm S22_norm S23_norm S24_norm S31_norm S32_norm S33_norm S34_norm S41_norm S42_norm S43_norm S44_norm
0 2.39246e-06 3930.73 2.22471e-14 5.78314e-16 -0.801721 2.24125e-14 3929.6 5.91146 -6.98213e-16 6.65716e-16 -5.91146 3929.6 1.21564e-16 -0.801738 7.25696e-16 -2.84645e-17 3929.11 5.65978e-18 1.47126e-19 -0.000203962 5.70186e-18 0.999712 0.00150391 -1.77629e-19 1.69362e-19 -0.00150391 0.999712 3.09266e-20 -0.000203967 1.84621e-19 -7.24154e-21 0.999587
0.1 1.91397e-05 3928.35 -0.00470011 0.000916417 -0.801116 -0.00469364 3927.22 5.90798 0.000328839 0.000910441 -5.90798 3927.22 0.0643605 -0.801114 -0.00028769 -0.0643529 3926.73 -1.19646e-06 2.33283e-07 -0.000203932 -1.19481e-06 0.999712 0.00150393 8.37092e-08 2.31762e-07 -0.00150393 0.999712 1.63836e-05 -0.000203931 -7.32344e-08 -1.63817e-05 0.999587
0.2 3.82793e-05 3921.21 -0.0187783 0.00365985 -0.799303 -0.0187523 3920.08 5.89755 0.00131372 0.00363598 -5.89755 3920.08 0.257049 -0.799246 -0.00114927 -0.257018 3919.59 -4.78889e-06 9.33346e-07 -0.000203841 -4.78227e-06 0.999712 0.00150401 3.3503e-07 9.27259e-07 -0.00150401 0.999712 6.55533e-05 -0.000203826 -2.9309e-07 -6.55455e-05 0.999587
0.3 5.74188e-05 3909.35 -0.0421679 0.00821288 -0.796289 -0.0421094 3908.22 5.8802 0.00294976 0.00815931 -5.8802 3908.22 0.576887 -0.79614 -0.00258026 -0.576818 3907.73 -1.07864e-05 2.10083e-06 -0.000203688 -1.07715e-05 0.999711 0.00150414 7.54541e-07 2.08713e-06 -0.00150414 0.999711 0.000147566 -0.00020365 -6.60024e-07 -0.000147548 0.999585
0.4 7.65581e-05 3892.79 -0.0747589 0.0145466 -0.792083 -0.0746543 3891.66 5.85599 0.00522883 0.0144517 -5.85599 3891.66 1.02192 -0.791809 -0.00457324 -1.0218 3891.17 -1.92045e-05 3.73682e-06 -0.000203474 -1.91776e-05 0.99971 0.00150432 1.34321e-06 3.71244e-06 -0.00150432 0.99971 0.000262517 -0.000203404 -1.1748e-06 -0.000262485 0.999584
0.5 9.56972e-05 3871.59 -0.116398 0.0226209 -0.786699 -0.116233 3870.46 5.82501 0.00813959 0.0224733 -5.82501 3870.46 1.58944 -0.786269 -0.00711785 -1.58924 3869.97 -3.00646e-05 5.84281e-06 -0.000203198 -3.00222e-05 0.999708 0.00150455 2.10239e-06 5.80468e-06 -0.00150455 0.999708 0.00041054 -0.000203087 -1.83848e-06 -0.000410489 0.999582
0.6 0.000114836 3845.81 -0.166889 0.0323847 -0.780155 -0.166651 3844.68 5.78734 0.0116676 0.0321733 -5.78734 3844.68 2.27598 -0.779542 -0.0102009 -2.27569 3844.2 -4.3395e-05 8.42077e-06 -0.000202858 -4.33331e-05 0.999707 0.00150484 3.03383e-06 8.3658e-06 -0.00150484 0.999706 0.000591807 -0.000202699 -2.65246e-06 -0.000591732 0.99958
0.7 0.000133974 3815.55 -0.225997 0.0437762 -0.772474 -0.22567 3814.42 5.74311 0.0157952 0.0434904 -5.74312 3814.42 3.07736 -0.771654 -0.0138062 -3.07695 3813.93 -5.92305e-05 1.14731e-05 -0.000202454 -5.91448e-05 0.999704 0.00150519 4.13969e-06 1.13982e-05 -0.00150519 0.999704 0.00080653 -0.000202239 -3.61841e-06 -0.000806425 0.999577
0.8 0.000153112 3780.89 -0.293446 0.0567235 -0.763681 -0.293015 3779.76 5.69247 0.0205019 0.056353 -5.69248 3779.76 3.9887 -0.762633 -0.0179151 -3.98816 3779.27 -7.76129e-05 1.50027e-05 -0.000201985 -7.7499e-05 0.999702 0.00150559 5.4225e-06 1.49047e-05 -0.00150559 0.999701 0.00105496 -0.000201708 -4.73833e-06 -0.00105482 0.999573
0.9 0.00017225 3741.94 -0.368923 0.0711451 -0.753805 -0.368372 3740.81 5.63558 0.0257641 0.0706803 -5.6356 3740.81 5.00447 -0.752517 -0.0225061 -5.00378 3740.33 -9.85914e-05 1.90129e-05 -0.000201448 -9.84442e-05 0.999699 0.00150606 6.88522e-06 1.88887e-05 -0.00150606 0.999698 0.0013374 -0.000201103 -6.01455e-06 -0.00133721 0.999569
1 0.000191387 3698.83 -0.452081 0.0869503 -0.742878 -0.451393 3697.7 5.57261 0.0315555 0.0863822 -5.57264 3697.7 6.11851 -0.741341 -0.0275552 -6.11763 3697.22 -0.000122223 2.35075e-05 -0.000200841 -0.000122037 0.999696 0.00150659 8.53123e-06 2.33539e-05 -0.0015066 0.999695 0.00165417 -0.000200426 -7.4497e-06 -0.00165394 0.999564
1.1 0.000210523 3651.69 -0.542539 0.10404 -0.730938 -0.541697 3650.57 5.50377 0.0378472 0.10336 -5.50382 3650.56 7.32408 -0.729149 -0.0330358 -7.323 3650.08 -0.000148572 2.84909e-05 -0.000200164 -0.000148342 0.999692 0.00150719 1.03643e-05 2.83048e-05 -0.0015072 0.99969 0.00200567 -0.000199675 -9.04672e-06 -0.00200537 0.999559
1.2 0.000229659 3600.67 -0.639885 0.122308 -0.718023 -0.638871 3599.54 5.42929 0.0446075 0.121509 -5.42935 3599.53 8.6139 -0.715987 -0.0389192 -8.61258 3599.05 -0.000177713 3.39681e-05 -0.000199414 -0.000177431 0.999689 0.00150786 1.23887e-05 3.37462e-05 -0.00150787 0.999686 0.00239231 -0.000198848 -1.08089e-05 -0.00239194 0.999553
1.3 0.000248794 3545.92 -0.743681 0.141639 -0.704176 -0.742475 3544.8 5.34938 0.0518024 0.140715 -5.34947 3544.78 9.9802 -0.701903 -0.0451745 -9.97861 3544.31 -0.000209729 3.99443e-05 -0.000198588 -0.000209389 0.999684 0.0015086 1.4609e-05 3.96835e-05 -0.00150863 0.99968 0.00281456 -0.000197947 -1.27399e-05 -0.00281411 0.999546
1.4 0.000267929 3487.61 -0.853463 0.161915 -0.689441 -0.852045 3486.49 5.26431 0.0593956 0.160859 -5.26443 3486.48 11.4148 -0.68695 -0.0517684 -11.4129 3486 -0.000244713 4.64257e-05 -0.000197683 -0.000244306 0.999679 0.00150943 1.70304e-05 4.61229e-05 -0.00150946 0.999674 0.00327295 -0.000196969 -1.48435e-05 -0.00327241 0.999538
1.5 0.000287062 3425.93 -0.968745 0.18301 -0.673867 -0.967094 3424.81 5.17433 0.0673486 0.181817 -5.17449 3424.79 12.9091 -0.671183 -0.0586661 -12.9068 3424.31 -0.000282769 5.3419e-05 -0.000196696 -0.000282287 0.999674 0.00151034 1.96585e-05 5.30708e-05 -0.00151039 0.999667 0.00376805 -0.000195913 -1.71241e-05 -0.0037674 0.999529
1.6 0.000306195 3361.05 -1.08902 0.204793 -0.657504 -1.08712 3359.94 5.07973 0.0756211 0.203461 -5.07993 3359.91 14.4541 -0.654658 -0.0658309 -14.4515 3359.44 -0.000324012 6.09313e-05 -0.000195625 -0.000323445 0.999668 0.00151135 2.24992e-05 6.05348e-05 -0.00151141 0.999659 0.00430047 -0.000194778 -1.95864e-05 -0.0042997 0.999519
1.7 0.000325327 3293.18 -1.21378 0.227133 -0.640405 -1.21159 3292.07 4.98079 0.084171 0.225658 -4.98104 3292.03 16.0408 -0.637437 -0.0732244 -16.0377 3291.56 -0.000368572 6.89708e-05 -0.000194464 -0.000367909 0.999662 0.00151246 2.55592e-05 6.85227e-05 -0.00151253 0.99965 0.0048709 -0.000193563 -2.22352e-05 -0.00486999 0.999508
1.8 0.000344457 3222.51 -1.34247 0.249893 -0.622624 -1.33999 3221.4 4.87781 0.0929546 0.248274 -4.87812 3221.35 17.6596 -0.61958 -0.0808071 -17.6561 3220.89 -0.000416591 7.7546e-05 -0.000193211 -0.000415821 0.999655 0.00151367 2.88454e-05 7.70435e-05 -0.00151376 0.99964 0.00548008 -0.000192266 -2.50758e-05 -0.005479 0.999495
1.9 0.000363587 3149.26 -1.47457 0.272935 -0.604218 -1.47176 3148.15 4.77111 0.101927 0.271172 -4.77148 3148.09 19.3011 -0.601151 -0.088538 -19.2972 3147.62 -0.000468227 8.66666e-05 -0.00019186 -0.000467335 0.999648 0.00151499 3.23653e-05 8.61067e-05 -0.00151511 0.999629 0.00612879 -0.000190887 -2.81139e-05 -0.00612753 0.999481
2 0.000382716 3073.63 -1.60952 0.296122 -0.585244 -1.60636 3072.52 4.66099 0.111041 0.294216 -4.66144 3072.45 20.9557 -0.582215 -0.0963753 -20.9512 3071.99 -0.000523654 9.63427e-05 -0.000190408 -0.000522626 0.99964 0.00151644 3.61271e-05 9.57227e-05 -0.00151659 0.999616 0.00681789 -0.000189423 -3.13555e-05 -0.00681643 0.999466
2.1 0.000401843 2995.84 -1.74677 0.319314 -0.565762 -1.74324 2994.74 4.54777 0.120251 0.317268 -4.54832 2994.65 22.6136 -0.562836 -0.104276 -22.6085 2994.19 -0.000583066 0.000106586 -0.000188849 -0.000581886 0.999631 0.00151803 4.01393e-05 0.000105903 -0.00151821 0.999602 0.00754832 -0.000187872 -3.4807e-05 -0.00754662 0.999449
2.2 0.000420969 2916.13 -1.88579 0.342375 -0.545832 -1.88185 2915.02 4.43179 0.129508 0.340194 -4.43244 2914.92 24.2653 -0.54308 -0.112198 -24.2596 2914.46 -0.000646675 0.000117408 -0.000187177 -0.000645325 0.999622 0.00151975 4.4411e-05 0.00011666 -0.00151997 0.999587 0.00832107 -0.000186233 -3.84749e-05 -0.00831911 0.99943
2.3 0.000440094 2834.7 -2.02601 0.365171 -0.525515 -2.02164 2833.6 4.31338 0.138764 0.36286 -4.31413 2833.48 25.9012 -0.523015 -0.120095 -25.8948 2833.02 -0.000714718 0.000128822 -0.000185387 -0.000713178 0.999612 0.00152164 4.89519e-05 0.000128007 -0.0015219 0.999569 0.00913721 -0.000184505 -4.23663e-05 -0.00913495 0.999409
2.4 0.000459218 2751.79 -2.16691 0.387568 -0.504874 -2.16209 2750.69 4.19286 0.14797 0.385135 -4.19374 2750.55 27.512 -0.502707 -0.127926 -27.5049 2750.1 -0.000787454 0.000140842 -0.000183472 -0.000785703 0.999601 0.00152369 5.37723e-05 0.000139958 -0.00152401 0.99955 0.00999788 -0.000182684 -4.64885e-05 -0.0099953 0.999386
2.5 0.00047834 2667.62 -2.30795 0.409438 -0.483971 -2.30265 2666.52 4.07057 0.157077 0.406892 -4.07158 2666.36 29.0886 -0.482222 -0.135646 -29.0807 2665.91 -0.000865173 0.000153485 -0.000181425 -0.000863185 0.999589 0.00152592 5.8883e-05 0.00015253 -0.0015263 0.999529 0.0109043 -0.000180769 -5.08491e-05 -0.0109014 0.99936
2.6 0.000497461 2582.41 -2.44863 0.430659 -0.462868 -2.44281 2581.32 3.94685 0.166038 0.428011 -3.948 2581.14 30.622 -0.461625 -0.143211 -30.6133 2580.69 -0.000948193 0.000166766 -0.000179238 -0.000945942 0.999576 0.00152836 6.42955e-05 0.00016574 -0.0015288 0.999505 0.0118579 -0.000178757 -5.54562e-05 -0.0118545 0.999332
2.7 0.00051658 2496.41 -2.58844 0.45111 -0.441626 -2.58209 2495.31 3.82201 0.174803 0.448372 -3.82332 2495.1 32.1036 -0.440982 -0.150578 -32.0941 2494.66 -0.00103687 0.000180704 -0.000176905 -0.00103432 0.999563 0.001531 7.00218e-05 0.000179607 -0.00153153 0.999478 0.0128599 -0.000176647 -6.0318e-05 -0.0128561 0.999301
2.8 0.000535698 2409.82 -2.72691 0.470681 -0.42031 -2.71999 2408.73 3.69639 0.183325 0.467868 -3.69787 2408.49 33.5254 -0.420357 -0.157705 -33.515 2408.05 -0.00113158 0.000195318 -0.000174416 -0.00112871 0.999548 0.00153389 7.60744e-05 0.000194151 -0.0015345 0.999449 0.013912 -0.000174435 -6.54427e-05 -0.0139077 0.999266
2.9 0.000554814 2322.86 -2.86357 0.489266 -0.398979 -2.85606 2321.77 3.5703 0.191558 0.486392 -3.57196 2321.51 34.8795 -0.399811 -0.16455 -34.8682 2321.07 -0.00123278 0.000210631 -0.000171762 -0.00122955 0.999532 0.00153703 8.24666e-05 0.000209394 -0.00153774 0.999417 0.0150158 -0.00017212 -7.08392e-05 -0.0150109 0.999228
3 0.000573928 2235.76 -2.99799 0.506767 -0.377694 -2.98987 2234.67 3.44406 0.199457 0.50385 -3.44592 2234.38 36.1587 -0.379405 -0.171072 -36.1464 2233.94 -0.00134093 0.000226664 -0.000168933 -0.0013373 0.999514 0.00154044 8.92121e-05 0.00022536 -0.00154127 0.999381 0.0161729 -0.000169698 -7.65163e-05 -0.0161674 0.999186
3.1 0.00059304 2148.72 -3.12977 0.523094 -0.356514 -3.121 2147.64 3.31798 0.206976 0.520153 -3.32004 2147.31 37.356 -0.359198 -0.177233 -37.3428 2146.87 -0.00145657 0.000243444 -0.000165919 -0.00145249 0.999496 0.00154416 9.63251e-05 0.000242076 -0.00154512 0.999341 0.0173852 -0.000167168 -8.24828e-05 -0.0173791 0.999139
3.2 0.000612151 2061.96 -3.2585 0.538165 -0.335499 -3.24907 2060.88 3.19235 0.214074 0.535222 -3.19462 2060.51 38.4654 -0.339246 -0.182994 -38.4511 2060.08 -0.0015803 0.000260997 -0.000162709 -0.00157572 0.999475 0.00154821 0.000103821 0.00025957 -0.00154932 0.999298 0.0186548 -0.000164526 -8.87476e-05 -0.0186479 0.999088
3.3 0.00063126 1975.66 -3.38385 0.551908 -0.314705 -3.37372 1974.58 3.06746 0.220709 0.548984 -3.06996 1974.18 39.481 -0.319605 -0.188319 -39.4657 1973.75 -0.00171277 0.000279353 -0.000159291 -0.00170764 0.999454 0.00155262 0.000111714 0.000277873 -0.00155389 0.999249 0.0199837 -0.000161771 -9.53196e-05 -0.0199759 0.999032
3.4 0.000650367 1890.03 -3.50548 0.56426 -0.294188 -3.49464 1888.96 2.94359 0.226843 0.561378 -2.94632 1888.51 40.3979 -0.300326 -0.193175 -40.3815 1888.09 -0.00185472 0.000298545 -0.000155652 -0.00184898 0.99943 0.00155743 0.000120021 0.00029702 -0.00155887 0.999196 0.0213742 -0.0001589 -0.000102207 -0.0213655 0.99897
3.5 0.000669472 1805.26 -3.62309 0.575167 -0.274 -3.61152 1804.18 2.821 0.232439 0.572352 -2.82398 1803.7 41.2116 -0.281458 -0.19753 -41.1941 1803.27 -0.00200697 0.000318607 -0.000151779 -0.00200055 0.999404 0.00156266 0.000128757 0.000317048 -0.00156431 0.999137 0.0228287 -0.00015591 -0.000109419 -0.022819 0.998901
3.6 0.000688575 1721.51 -3.73643 0.584585 -0.254193 -3.72409 1720.43 2.69995 0.237463 0.581864 -2.70318 1719.91 41.9182 -0.263047 -0.201352 -41.8997 1719.49 -0.00217044 0.000339577 -0.000147657 -0.00216327 0.999376 0.00156837 0.000137939 0.000337996 -0.00157024 0.999072 0.0243497 -0.0001528 -0.000116963 -0.0243389 0.998826
3.7 0.000707676 1638.96 -3.84525 0.59248 -0.234817 -3.83213 1637.89 2.58068 0.241883 0.58988 -2.58416 1637.32 42.5147 -0.245137 -0.204615 -42.495 1636.9 -0.00234615 0.000361497 -0.000143272 -0.00233815 0.999345 0.00157458 0.000147583 0.000359911 -0.00157671 0.999 0.02594 -0.000149569 -0.000124845 -0.025928 0.998743
3.8 0.000726775 1557.77 -3.94935 0.598828 -0.215918 -3.93544 1556.7 2.46341 0.245669 0.596377 -2.46715 1556.09 42.9985 -0.227768 -0.207295 -42.9778 1555.67 -0.00253525 0.000384413 -0.000138607 -0.00252633 0.999312 0.00158137 0.000157706 0.00038284 -0.00158377 0.99892 0.0276025 -0.000146214 -0.000133071 -0.0275892 0.998651
3.9 0.000745871 1478.1 -4.04857 0.603616 -0.197542 -4.03385 1477.03 2.34835 0.248796 0.601344 -2.35235 1476.37 43.3678 -0.210978 -0.209368 -43.346 1475.95 -0.00273904 0.000408374 -0.000133646 -0.00272909 0.999276 0.00158877 0.000168322 0.000406837 -0.00159147 0.998833 0.0293403 -0.000142736 -0.000141647 -0.0293256 0.998551
4 0.000764965 1400.07 -4.14276 0.606839 -0.179728 -4.12722 1399 2.2357 0.25124 0.604775 -2.23996 1398.3 43.6216 -0.194799 -0.210815 -43.5988 1397.89 -0.00295896 0.000433434 -0.000128371 -0.00294786 0.999237 0.00159685 0.000179448 0.000431959 -0.00159989 0.998736 0.0311567 -0.000139135 -0.000150574 -0.0311404 0.998439
4.1 0.000784057 1323.83 -4.23182 0.608504 -0.162518 -4.21544 1322.77 2.12563 0.252982 0.606677 -2.13016 1322.02 43.7594 -0.179263 -0.21162 -43.7355 1321.61 -0.00319664 0.000459653 -0.000122763 -0.00318427 0.999194 0.00160567 0.000191098 0.000458273 -0.00160909 0.998629 0.0330551 -0.000135412 -0.000159854 -0.033037 0.998317
4.2 0.000803147 1249.5 -4.31567 0.608624 -0.145946 -4.29845 1248.43 2.01832 0.254003 0.607066 -2.02311 1247.64 43.7814 -0.164397 -0.211768 -43.7565 1247.23 -0.00345392 0.000487094 -0.000116804 -0.00344013 0.999147 0.0016153 0.000203284 0.000485847 -0.00161914 0.998511 0.0350392 -0.00013157 -0.000169482 -0.0350193 0.998181
4.3 0.000822234 1177.18 -4.39426 0.607226 -0.130047 -4.37618 1176.12 1.9139 0.25429 0.605967 -1.91896 1175.28 43.6885 -0.150223 -0.21125 -43.6627 1174.86 -0.00373286 0.00051583 -0.000110473 -0.00371751 0.999095 0.00162583 0.000216016 0.000514761 -0.00163013 0.998381 0.0371128 -0.000127613 -0.000179454 -0.0370909 0.998032
4.4 0.000841318 1106.98 -4.46757 0.604342 -0.114849 -4.44864 1105.91 1.81251 0.253834 0.603412 -1.81782 1105.03 43.4822 -0.136763 -0.210059 -43.4554 1104.62 -0.00403582 0.000545938 -0.00010375 -0.00401872 0.999039 0.00163735 0.000229303 0.000545098 -0.00164215 0.998237 0.0392801 -0.000123547 -0.000189759 -0.0392559 0.997866
4.5 0.0008604 1038.98 -4.53561 0.600014 -0.10038 -4.51581 1037.92 1.71427 0.252627 0.599443 -1.71983 1036.98 43.1646 -0.124034 -0.208189 -43.137 1036.57 -0.00436545 0.000577503 -9.66143e-05 -0.00434639 0.998977 0.00164995 0.000243149 0.000576953 -0.0016553 0.998077 0.0415452 -0.00011938 -0.000200379 -0.0415186 0.997684
4.6 0.00087948 973.262 -4.59841 0.594293 -0.086664 -4.57775 972.2 1.61926 0.250666 0.594109 -1.62506 971.219 42.7385 -0.112047 -0.205641 -42.71 970.811 -0.00472474 0.000610619 -8.90449e-05 -0.00470351 0.998909 0.00166375 0.000257553 0.000610431 -0.00166971 0.997901 0.0439126 -0.000115125 -0.00021129 -0.0438833 0.997482
4.7 0.000898556 909.893 -4.65602 0.587235 -0.0737204 -4.6345 908.832 1.52758 0.247952 0.587467 -1.53361 907.805 42.207 -0.100813 -0.202416 -42.1777 907.399 -0.00511711 0.000645389 -8.10209e-05 -0.00509345 0.998833 0.00167886 0.000272506 0.000645644 -0.00168548 0.997705 0.0463868 -0.000110797 -0.000222461 -0.0463546 0.997258
4.8 0.00091763 848.929 -4.70853 0.578905 -0.0615663 -4.68615 847.868 1.43929 0.244487 0.57958 -1.44553 846.797 41.5741 -0.0903387 -0.198521 -41.5441 846.391 -0.00554644 0.000681924 -7.25223e-05 -0.00552007 0.99875 0.00169541 0.000287995 0.000682718 -0.00170277 0.997489 0.0489723 -0.000106415 -0.000233848 -0.048937 0.99701
4.9 0.000936701 790.415 -4.75603 0.569374 -0.0502153 -4.7328 789.355 1.35443 0.240279 0.570516 -1.36088 788.24 40.8439 -0.0806268 -0.193963 -40.8133 787.835 -0.00601713 0.000720348 -6.35303e-05 -0.00598774 0.998658 0.00171356 0.000303991 0.000721793 -0.00172172 0.997248 0.051674 -0.000102006 -0.000245394 -0.0516353 0.996736
5 0.00095577 734.386 -4.79864 0.558719 -0.0396773 -4.77456 733.326 1.27304 0.23534 0.560351 -1.27968 732.17 40.0214 -0.0716771 -0.188756 -39.9902 731.765 -0.00653422 0.000760797 -5.40279e-05 -0.00650143 0.998556 0.00173348 0.000320458 0.00076302 -0.00174251 0.996982 0.0544964 -9.76013e-05 -0.000257025 -0.0544539 0.996431
5.1 0.000974835 680.867 -4.83649 0.54702 -0.0299589 -4.81158 679.807 1.19514 0.229682 0.549164 -1.20195 678.61 39.1116 -0.063486 -0.182914 -39.08 678.206 -0.00710343 0.000803416 -4.40011e-05 -0.00706684 0.998443 0.00175533 0.000337337 0.000806566 -0.00176532 0.996685 0.0574438 -9.32428e-05 -0.000268648 -0.0573974 0.996092
5.2 0.000993897 629.872 -4.86972 0.534363 -0.0210632 -4.84399 628.812 1.12074 0.223323 0.537038 -1.1277 627.576 38.1201 -0.0560469 -0.176455 -38.0881 627.172 -0.00773129 0.000848369 -3.34404e-05 -0.00769044 0.998317 0.00177932 0.000354554 0.000852615 -0.00179036 0.996356 0.0605204 -8.89814e-05 -0.000280145 -0.0604696 0.995715
5.3 0.00101296 581.405 -4.89849 0.520839 -0.0129897 -4.87196 580.346 1.04983 0.216285 0.52406 -1.05691 579.073 37.0529 -0.0493501 -0.169402 -37.0206 578.67 -0.00842527 0.000895828 -2.23418e-05 -0.00837963 0.998177 0.00180567 0.000372004 0.000901368 -0.00181785 0.995989 0.0637298 -8.48807e-05 -0.000291366 -0.0636743 0.995295
5.4 0.00103201 535.463 -4.92298 0.506539 -0.00573459 -4.89566 534.403 0.982374 0.20859 0.510319 -0.989555 533.097 35.916 -0.043383 -0.161777 -35.8835 532.693 -0.00919387 0.000945983 -1.07096e-05 -0.00914284 0.998021 0.00183463 0.000389551 0.000953042 -0.00184804 0.995581 0.0670747 -8.10196e-05 -0.000302126 -0.067014 0.994827
5.5 0.00105107 492.032 -4.94334 0.491558 0.000709263 -4.91526 490.972 0.918348 0.200267 0.495906 -0.925606 489.633 34.716 -0.0381301 -0.153609 -34.6834 489.23 -0.0100468 0.000999036 1.4415e-06 -0.00998971 0.997846 0.00186644 0.00040702 0.00100787 -0.00188119 0.995125 0.0705565 -7.74953e-05 -0.000312194 -0.0704902 0.994305
5.6 0.00107012 451.089 -4.95977 0.475991 0.00635249 -4.93094 450.029 0.857702 0.191344 0.480914 -0.865009 448.661 33.4595 -0.0335732 -0.144927 -33.4269 448.257 -0.0109951 0.0010552 1.40826e-05 -0.0109312 0.99765 0.0019014 0.000424181 0.00106612 -0.0019176 0.994617 0.074175 -7.44271e-05 -0.000321283 -0.0741028 0.993722
5.7 0.00108916 412.604 -4.97245 0.459936 0.011209 -4.9429 411.544 0.800377 0.181854 0.465436 -0.807705 410.149 32.1533 -0.0296915 -0.135763 -32.1208 409.745 -0.0120514 0.00111472 2.71664e-05 -0.0119798 0.99743 0.00193982 0.000440746 0.00112804 -0.00195758 0.994049 0.0779278 -7.19612e-05 -0.000329039 -0.077849 0.99307
5.8 0.00110821 376.539 -4.98156 0.443489 0.0152958 -4.95131 375.478 0.746305 0.171832 0.449564 -0.753624 374.059 30.8043 -0.0264615 -0.126151 -30.772 373.655 -0.0132298 0.0011778 4.0622e-05 -0.0131495 0.997182 0.00198201 0.000456346 0.00119394 -0.00200145 0.993414 0.0818089 -7.02757e-05 -0.000335028 -0.0817232 0.99234
5.9 0.00112725 342.849 -4.98727 0.426746 0.0186332 -4.95637 341.787 0.695407 0.161316 0.433389 -0.702686 340.347 29.4194 -0.0238578 -0.116128 -29.3874 339.943 -0.0145466 0.00124471 5.43481e-05 -0.0144564 0.996904 0.00202832 0.000470517 0.00126408 -0.00204955 0.992704 0.0858086 -6.9587e-05 -0.000338716 -0.0857153 0.991524
6 0.00172656 311.481 -4.98978 0.409802 0.0212444 -4.95824 310.419 0.647597 0.150346 0.417003 -0.654802 308.961 28.0056 -0.0218524 -0.105733 -27.974 308.556 -0.0160195 0.00131566 6.82045e-05 -0.0159183 0.99659 0.00207909 0.000482681 0.00133878 -0.00210222 0.99191 0.0899111 -7.01565e-05 -0.000339454 -0.0898098 0.990609
6.2 0.00236869 255.475 -4.98589 0.375678 0.0243959 -4.95317 254.411 0.560855 0.127211 0.383945 -0.567812 252.927 25.1192 -0.019515 -0.0839904 -25.0888 252.521 -0.0195162 0.00147051 9.54926e-05 -0.0193881 0.995837 0.00219535 0.000497939 0.00150287 -0.00222258 0.990028 0.0983235 -7.63874e-05 -0.000328762 -0.0982045 0.988438
6.4 0.00244479 207.99 -4.97119 0.341824 0.0249926 -4.93745 206.925 0.485247 0.102781 0.351056 -0.491814 205.428 22.1996 -0.0191883 -0.0612634 -22.1707 205.02 -0.0239011 0.00164346 0.000120163 -0.0237389 0.994879 0.00233303 0.000494162 0.00168785 -0.00236461 0.98768 0.106734 -9.22557e-05 -0.00029455 -0.106595 0.98572
6.6 0.00252085 168.424 -4.94689 0.308886 0.0233168 -4.91227 167.356 0.419862 0.0774305 0.318944 -0.425894 165.859 19.299 -0.0205855 -0.0379121 -19.2721 165.45 -0.0293717 0.00183398 0.000138441 -0.0291662 0.993664 0.00249289 0.000459737 0.0018937 -0.00252871 0.984775 0.114586 -0.000122224 -0.0002251 -0.114426 0.982345
6.8 0.00259689 136.117 -4.914 0.277435 0.0196852 -4.87866 135.048 0.363736 0.051549 0.288139 -0.369087 133.564 16.4661 -0.0234 -0.0143071 -16.4414 133.153 -0.0361014 0.00203822 0.00014462 -0.0358417 0.992145 0.00267223 0.000378712 0.00211685 -0.00271154 0.981244 0.12097 -0.000171911 -0.000105109 -0.120789 0.978224
7 0.00267289 110.373 -4.87336 0.247958 0.0144434 -4.83747 109.302 0.315883 0.0255304 0.259088 -0.320407 107.844 13.7451 -0.0273107 0.00917728 -13.7229 107.431 -0.0441535 0.00224654 0.00013086 -0.0438283 0.990291 0.00286195 0.00023131 0.00234738 -0.00290295 0.977085 0.124533 -0.00024744 8.31477e-05 -0.124332 0.973344
7.2 0.00274886 90.4745 -4.82558 0.220844 0.00795842 -4.78931 89.4004 0.275317 -0.000233148 0.232143 -0.278875 87.9809 11.1747 -0.0319877 0.032171 -11.1554 87.5661 -0.0533364 0.00244095 8.79632e-05 -0.0529355 0.988129 0.00304303 -2.57695e-06 0.00256584 -0.00308236 0.97244 0.123512 -0.000353555 0.000355581 -0.123299 0.967854
7.4 0.0028248 75.6964 -4.77108 0.19638 0.000611439 -4.7346 74.6198 0.241075 -0.0253597 0.207559 -0.243534 73.2496 8.7879 -0.037098 0.0543157 -8.77159 72.8328 -0.0630292 0.00259431 8.07751e-06 -0.0625472 0.985777 0.00318476 -0.000335019 0.002742 -0.00321725 0.967676 0.116094 -0.00049009 0.000717546 -0.115878 0.962169
7.6 0.00290071 65.3234 -4.71008 0.174754 -0.00720993 -4.67356 64.2441 0.212241 -0.0494845 0.185494 -0.213478 62.9331 6.6112 -0.0423123 0.0752713 -6.59801 62.5143 -0.0721039 0.00267521 -0.000110373 -0.0715449 0.983478 0.00324909 -0.000757531 0.00283962 -0.00326801 0.963408 0.101207 -0.000647735 0.00115229 -0.101005 0.956997
7.8 0.00297657 58.6609 -4.6426 0.156048 -0.01512 -4.60622 57.579 0.187958 -0.0722671 0.166008 -0.187862 56.3355 4.66452 -0.04731 0.0947236 -4.65453 55.9149 -0.0791429 0.00266017 -0.000257753 -0.0785227 0.981557 0.00320414 -0.00123195 0.00282996 -0.00320251 0.960359 0.0795166 -0.000806499 0.00161476 -0.0793463 0.953188
8 0.00305241 55.0469 -4.56853 0.140251 -0.0227437 -4.53247 53.9624 0.167443 -0.093397 0.149075 -0.165919 52.7934 2.96118 -0.051786 0.112389 -2.95438 52.3709 -0.0829934 0.00254785 -0.000413169 -0.0823382 0.980298 0.00304182 -0.00169668 0.00270814 -0.00301414 0.959061 0.0537938 -0.000940762 0.0020417 -0.0536702 0.951387
8.2 0.0031282 53.8611 -4.48765 0.127261 -0.0297245 -4.45206 52.7741 0.149997 -0.1126 0.134583 -0.146967 51.6847 1.50802 -0.0554567 0.128021 -1.50434 51.2606 -0.083319 0.00236276 -0.000551873 -0.0826582 0.979817 0.00278489 -0.00209056 0.00249871 -0.00272862 0.959592 0.0279983 -0.00102962 0.00237688 -0.0279299 0.951718
8.4 0.00320396 54.5326 -4.39965 0.116896 -0.0357333 -4.3647 53.443 0.135013 -0.129641 0.122354 -0.130415 52.4369 0.305727 -0.0580652 0.141414 -0.30503 52.0113 -0.0806794 0.0021436 -0.000655265 -0.0800384 0.98002 0.00247582 -0.00237731 0.00224369 -0.00239151 0.96157 0.00560632 -0.00106478 0.0025932 -0.00559354 0.953766
8.6 0.00327968 56.5452 -4.30419 0.108907 -0.0404759 -4.27003 55.4533 0.121973 -0.144329 0.112149 -0.115768 54.5321 -0.650712 -0.0593872 0.152405 0.648614 54.1052 -0.0761194 0.00192602 -0.000715816 -0.0755153 0.98069 0.00215708 -0.00255245 0.00198336 -0.00204736 0.964399 -0.0115078 -0.00105026 0.00269528 0.0114707 0.956849
8.8 0.00335535 59.4417 -4.20092 0.102991 -0.0437006 -4.1677 58.3476 0.110453 -0.156518 0.103686 -0.102623 57.5114 -1.37142 -0.0592358 0.160879 1.36677 57.0834 -0.070673 0.00173265 -0.000735185 -0.0701142 0.981594 0.00185818 -0.00263314 0.00174432 -0.00172644 0.967528 -0.0230716 -0.000996537 0.0027065 0.0229935 0.960327
9 0.00343099 62.8256 -4.08958 0.0988051 -0.0452043 -4.05744 61.7295 0.10012 -0.16611 0.096649 -0.0906639 60.9768 -1.87095 -0.057466 0.166766 1.86405 60.5479 -0.0650941 0.00157269 -0.000719521 -0.0645825 0.982554 0.00159361 -0.00264399 0.00153837 -0.00144311 0.970573 -0.0297801 -0.000914691 0.00265443 0.0296702 0.963746
9.2 0.00350659 66.3617 -3.96997 0.0959798 -0.0448381 -3.93903 65.2639 0.0907181 -0.173054 0.0907107 -0.0796603 64.5915 -2.16757 -0.0539781 0.170047 2.15874 64.1619 -0.0598232 0.00144631 -0.000675662 -0.059357 0.983457 0.00136703 -0.00260774 0.00136691 -0.00120039 0.973325 -0.0326629 -0.000813392 0.00256242 0.0325299 0.966851
9.4 0.00358214 69.7751 -3.84205 0.0941367 -0.0425115 -3.81243 68.6757 0.0820701 -0.177344 0.0855392 -0.069454 68.0792 -2.28243 -0.0487209 0.170745 2.27204 67.6492 -0.0550633 0.00134914 -0.000609264 -0.0546387 0.984244 0.00117621 -0.00254166 0.00122593 -0.000995397 0.975695 -0.0327113 -0.000698256 0.00244708 0.0325623 0.969532
9.6 0.00365765 72.8488 -3.70592 0.0929006 -0.038195 -3.67771 71.7481 0.0740612 -0.179021 0.0808148 -0.0599512 71.2218 -2.23882 -0.0416931 0.168931 2.22724 70.7916 -0.0508714 0.00127525 -0.000524304 -0.0504842 0.98489 0.00101664 -0.00245743 0.00110935 -0.000822953 0.977666 -0.0307325 -0.000572324 0.00231893 0.0305734 0.97176
9.8 0.00373311 75.4202 -3.56188 0.0919137 -0.0319212 -3.53518 74.3184 0.0666309 -0.178164 0.0762413 -0.0511106 73.8557 -2.06133 -0.0329442 0.164716 2.04894 73.4255 -0.0472271 0.00121869 -0.000423245 -0.0468731 0.985391 0.000883462 -0.00236228 0.00101089 -0.000677678 0.979257 -0.0273312 -0.000436809 0.00218398 0.027167 0.973552
10 0.00380853 77.3769 -3.41043 0.0908468 -0.0237847 -3.38531 76.2742 0.0597607 -0.174893 0.0715563 -0.0429321 75.8679 -1.7751 -0.0225739 0.158247 1.7623 75.4378 -0.0440755 0.00117408 -0.000307387 -0.0437509 0.985749 0.000772332 -0.00226028 0.000924776 -0.000554844 0.980497 -0.0229409 -0.00029174 0.00204515 0.0227756 0.974939
10.2 0.0038839 78.6519 -3.25228 0.0894102 -0.0139395 -3.2288 77.5486 0.053463 -0.169363 0.0665399 -0.0354446 77.1905 -1.40515 -0.0107303 0.149707 1.39232 76.7607 -0.0413503 0.00113678 -0.00017723 -0.0410518 0.985972 0.000679742 -0.00215333 0.000846005 -0.000450651 0.981419 -0.0178654 -0.000136427 0.00190341 0.0177023 0.975955
10.4 0.00395923 79.2176 -3.08837 0.0873615 -0.00259533 -3.06657 78.1138 0.0477695 -0.161757 0.0610207 -0.0286948 77.7958 -0.9757 0.00239351 0.139304 0.963203 77.3665 -0.0389859 0.0011028 -3.27621e-05 -0.0387108 0.986066 0.000603016 -0.00204193 0.000770293 -0.000362228 0.982052 -0.0123167 3.02143e-05 0.0017585 0.012159 0.976633
10.6 0.0040345 79.0806 -2.91982 0.0845119 0.00998796 -2.89974 77.9765 0.0427213 -0.152284 0.0548808 -0.022737 77.6902 -0.509648 0.0165631 0.127271 0.497813 77.2615 -0.0369221 0.00106868 0.000126301 -0.0366682 0.986039 0.000540225 -0.00192568 0.000693986 -0.000287517 0.982418 -0.00644467 0.000209446 0.00160939 0.00629502 0.976997
10.8 0.00410973 78.2754 -2.74796 0.0807305 0.0235075 -2.72961 77.1713 0.0383595 -0.14117 0.048057 -0.0176235 76.9083 -0.0280794 0.031509 0.113858 0.0172057 76.4803 -0.0351063 0.00103136 0.000300318 -0.0348718 0.985894 0.000490058 -0.00180351 0.000613947 -0.000225147 0.982535 -0.000358726 0.000402541 0.00145458 0.000219809 0.977067
11 0.00418491 76.8591 -2.57429 0.0759454 0.0376258 -2.55765 75.755 0.0347172 -0.12866 0.0405409 -0.0133964 75.5074 0.450088 0.0469331 0.0993233 -0.459743 75.0801 -0.0334936 0.000988112 0.000489543 -0.0332772 0.985635 0.000451699 -0.00167398 0.00052747 -0.000174298 0.982414 0.00585602 0.000610639 0.00129228 -0.00598163 0.976854
11.2 0.00426003 74.9053 -2.40041 0.0701441 0.0519805 -2.38548 73.8013 0.0318136 -0.115005 0.0323768 -0.0100821 73.5616 0.908378 0.0625162 0.0839341 -0.916602 73.135 -0.0320459 0.000936437 0.00069395 -0.0318466 0.985262 0.000424718 -0.00153534 0.000432236 -0.000134597 0.982061 0.012127 0.000834603 0.00112054 -0.0122368 0.976366
11.4 0.00433511 72.4994 -2.22806 0.0633706 0.0661948 -2.2148 71.3956 0.0296494 -0.100461 0.0236572 -0.00768613 71.1568 1.33293 0.0779267 0.0679557 -1.33956 70.7309 -0.0307321 0.000874084 0.000913039 -0.0305492 0.984775 0.00040896 -0.00138568 0.000326309 -0.000106016 0.981481 0.0183854 0.00107486 0.000937328 -0.0184768 0.975606
11.6 0.00441013 69.7335 -2.05902 0.0557214 0.0798884 -2.04738 68.6299 0.0282038 -0.0852842 0.0145175 -0.00619094 68.3857 1.71258 0.0928292 0.0516486 -1.71751 67.9604 -0.029527 0.000799062 0.00114562 -0.02936 0.984174 0.000404451 -0.001223 0.000208185 -8.87799e-05 0.980672 0.024559 0.0013312 0.000740656 -0.0246296 0.974573
11.8 0.0044851 66.7023 -1.89509 0.0473394 0.0926892 -1.885 65.5989 0.027434 -0.0697249 0.00512842 -0.00555462 65.3439 2.03887 0.106894 0.0352631 -2.04203 64.9191 -0.0284111 0.000709712 0.00138959 -0.0282599 0.983458 0.000411291 -0.00104531 7.68851e-05 -8.32748e-05 0.979634 0.0305668 0.00160256 0.000528664 -0.0306141 0.973265
12 0.0139046 63.4994 -1.73803 0.0384073 0.104244 -1.72942 62.3961 0.0272755 -0.0540256 -0.00431163 -0.00571174 62.1257 2.30596 0.119807 0.0190356 -2.30735 61.7012 -0.0273708 0.000604845 0.00164166 -0.0272352 0.982626 0.00042954 -0.000850806 -6.79004e-05 -8.99495e-05 0.978367 0.0363146 0.00188675 0.000299777 -0.0363365 0.971682
13 0.0246683 47.7668 -1.11033 -0.00644345 0.133607 -1.10759 46.6623 0.0322233 0.0191089 -0.0445294 -0.0148162 46.2775 2.71003 0.158191 -0.0528611 -2.70411 45.8523 -0.0232449 -0.000134894 0.00279707 -0.0231875 0.976878 0.000674595 0.000400045 -0.000932225 -0.000310178 0.968821 0.0567346 0.00331173 -0.00110665 -0.0566107 0.959919
14 0.0265294 37.3594 -0.833587 -0.030329 0.105507 -0.833658 36.2494 0.0363793 0.0691924 -0.0556592 -0.0265827 35.7598 1.90125 0.142335 -0.0980361 -1.89359 35.3296 -0.0223126 -0.000811816 0.00282412 -0.0223145 0.970287 0.000973764 0.00185207 -0.00148983 -0.000711539 0.957184 0.0508908 0.00380987 -0.00262413 -0.0506858 0.945667
15 0.0283823 33.9387 -0.898765 -0.0164599 0.0367995 -0.898608 32.8204 0.0307339 0.0880745 -0.0290352 -0.0301454 32.2955 0.706089 0.0838285 -0.113047 -0.703249 31.8592 -0.026482 -0.000484989 0.00108429 -0.0264774 0.967049 0.00090557 0.00259511 -0.000855519 -0.00088823 0.951585 0.0208048 0.00247 -0.00333091 -0.0207212 0.938729
16 0.0302266 35.0079 -1.15107 0.0276966 -0.030646 -1.14821 33.8833 0.018289 0.0801966 0.0212003 -0.0259832 33.3978 -0.146091 0.0168348 -0.105455 0.140079 32.9597 -0.0328804 0.000791151 -0.000875401 -0.0327986 0.967876 0.000522426 0.00229081 0.000605587 -0.00074221 0.954008 -0.00417309 0.000480885 -0.00301231 0.00400135 0.941493
17 0.0320617 37.0339 -1.37822 0.0757073 -0.0596214 -1.37079 35.9088 0.00949962 0.058067 0.0676699 -0.0219654 35.504 -0.339356 -0.0259518 -0.0870648 0.324719 35.072 -0.037215 0.00204427 -0.00160991 -0.0370143 0.969619 0.000256511 0.00156794 0.00182724 -0.000593116 0.958688 -0.00916337 -0.000700757 -0.00235095 0.00876816 0.947022
18 0.0338871 37.5163 -1.42306 0.0991993 -0.0418269 -1.40994 36.3964 0.0112698 0.0355977 0.0863624 -0.0234254 36.0664 0.0314709 -0.0336942 -0.0679117 -0.0508083 35.6479 -0.0379317 0.00264416 -0.0011149 -0.037582 0.970147 0.000300398 0.000948858 0.00230199 -0.000624405 0.961351 0.000838859 -0.000898119 -0.00181019 -0.0013543 0.950197
19 0.0357021 35.6448 -1.25486 0.0844542 0.000873535 -1.23642 34.5318 0.0207462 0.0212263 0.0689192 -0.0279907 34.2339 0.620374 -0.019393 -0.0525655 -0.639028 33.8324 -0.0352045 0.00236933 2.45067e-05 -0.0346873 0.968776 0.000582026 0.000595497 0.0019335 -0.000785268 0.960419 0.0174044 -0.000544064 -0.00147471 -0.0179277 0.949156
20 0.0375062 32.0407 -0.963727 0.0388158 0.0362304 -0.942856 30.9319 0.0287533 0.0141515 0.0247823 -0.0291202 30.6145 1.04098 -0.0049714 -0.0394304 -1.05459 30.2287 -0.0300782 0.00121145 0.00113076 -0.0294269 0.965396 0.0008974 0.000441673 0.000773464 -0.000908851 0.955489 0.0324894 -0.000155159 -0.00123064 -0.0329142 0.943448
21 0.0392989 28.0555 -0.689279 -0.0155119 0.0445868 -0.671368 26.9462 0.0280853 0.00663311 -0.0258406 -0.0231272 26.5802 1.06494 -0.00398094 -0.0234153 -1.07149 26.206 -0.0245684 -0.000552902 0.00158924 -0.02393 0.96046 0.00100106 0.000236428 -0.000921055 -0.000824337 0.947415 0.0379584 -0.000141895 -0.000834606 -0.0381919 0.93408
22 0.0410797 24.9401 -0.530941 -0.0551699 0.0279222 -0.521969 23.8269 0.0185512 -0.00857753 -0.0631142 -0.0122329 23.4221 0.727584 -0.015243 -0.000919509 -0.727014 23.0559 -0.0212886 -0.0022121 0.00111957 -0.0209289 0.955365 0.000743828 -0.000343925 -0.00253063 -0.000490491 0.939132 0.0291732 -0.000611183 -3.68687e-05 -0.0291504 0.924449
23 0.0428479 23.2174 -0.495402 -0.0679708 0.00203672 -0.498696 22.1003 0.00531428 -0.0312798 -0.0768012 -0.00156597 21.6945 0.273774 -0.0288156 0.0261269 -0.26666 21.3341 -0.0213375 -0.00292757 8.77237e-05 -0.0214794 0.951884 0.000228892 -0.00134725 -0.00330791 -6.74482e-05 0.934405 0.0117917 -0.00124112 0.00112531 -0.0114853 0.918883
24 0.0446031 22.5591 -0.510447 -0.0567843 -0.0176439 -0.524255 21.4406 -0.00631739 -0.053347 -0.0691856 0.00576547 21.0702 -0.0273804 -0.035647 0.0506369 0.0406743 20.715 -0.0226271 -0.00251714 -0.000782118 -0.0232392 0.950419 -0.000280037 -0.00236477 -0.00306686 0.000255572 0.934 -0.00121372 -0.00158016 0.00224463 0.00180301 0.918254
25 0.0463447 22.1922 -0.489332 -0.0340528 -0.0244882 -0.507206 21.0756 -0.0142913 -0.0653487 -0.0508788 0.010464 20.7491 -0.0651986 -0.0323918 0.0653091 0.0840881 20.3989 -0.0220497 -0.00153445 -0.00110346 -0.0228551 0.949684 -0.000643977 -0.00294467 -0.00229264 0.000471518 0.934973 -0.0029379 -0.0014596 0.00294288 0.00378908 0.919192
26 0.0480722 21.5013 -0.395865 -0.0122497 -0.0196672 -0.409976 20.3887 -0.0191487 -0.0643013 -0.0328711 0.0147296 20.0832 0.0678464 -0.0201407 0.0679864 -0.0452869 19.7382 -0.0184112 -0.000569717 -0.000914699 -0.0190675 0.948253 -0.000890581 -0.00299057 -0.00152879 0.000685057 0.934046 0.00315545 -0.000936719 0.00316196 -0.00210624 0.918
27 0.049785 20.38 -0.262871 0.00254256 -0.00683632 -0.268236 19.2716 -0.021397 -0.0553975 -0.0203755 0.0190436 18.9521 0.187753 -0.00144445 0.0625187 -0.165184 18.6129 -0.0128985 0.000124758 -0.000335442 -0.0131617 0.945615 -0.0010499 -0.00271822 -0.000999776 0.000934424 0.929937 0.00921259 -7.08756e-05 0.00306765 -0.00810521 0.913293
28 0.0514827 19.1358 -0.15488 0.0104798 0.0109733 -0.151779 18.0301 -0.0203527 -0.0463411 -0.0122262 0.0215113 17.674 0.177122 0.0206344 0.0544239 -0.15877 17.3416 -0.00809375 0.000547655 0.000573443 -0.00793168 0.942217 -0.00106359 -0.0024217 -0.000638918 0.00112414 0.923611 0.00925605 0.00107831 0.00284409 -0.00829704 0.906237
29 0.0531646 18.122 -0.109788 0.0136334 0.0304946 -0.102957 17.016 -0.0155984 -0.0400655 -0.00497251 0.0200857 16.6251 0.0572802 0.0417581 0.0458143 -0.0458723 16.2997 -0.0060583 0.000752311 0.00168274 -0.00568131 0.93897 -0.000860747 -0.00221088 -0.000274391 0.00110836 0.917398 0.00316081 0.00230428 0.00252811 -0.00253131 0.899444
30 0.0548304 17.4423 -0.108503 0.012738 0.0463935 -0.103871 16.3329 -0.00905783 -0.0329617 0.00276251 0.0150327 15.926 -0.0654448 0.056295 0.0347507 0.0699835 15.6068 -0.00622067 0.000730296 0.00265982 -0.00595514 0.936393 -0.000519302 -0.00188976 0.00015838 0.00086185 0.91307 -0.00375207 0.00322749 0.00199232 0.00401229 0.894767
31 0.0564795 16.9343 -0.0952458 0.0078708 0.0519023 -0.0964161 15.8191 -0.00485294 -0.0199945 0.00944153 0.00898552 15.4173 -0.108049 0.0591607 0.0194587 0.108011 15.1019 -0.00562445 0.000464785 0.00306493 -0.00569356 0.934149 -0.000286575 -0.00118072 0.00055754 0.000530612 0.910419 -0.00638048 0.00349355 0.00114908 0.00637828 0.891794
32 0.0581114 16.3672 -0.027688 0.00114225 0.0423401 -0.0342006 15.2462 -0.0062923 -0.00122344 0.0130959 0.0045063 14.86 -0.0727158 0.0483938 0.00264224 0.0706369 14.5461 -0.00169168 6.9789e-05 0.00258689 -0.00208958 0.931508 -0.000384446 -7.47494e-05 0.000800132 0.000275325 0.907913 -0.00444278 0.00295675 0.000161435 0.00431576 0.888735
33 0.0597256 15.6391 0.0872546 -0.00271346 0.0189865 0.0791136 14.5142 -0.0124242 0.0168198 0.0137472 0.00157258 14.1414 -0.023013 0.0267632 -0.00901853 0.0199631 13.8282 0.00557927 -0.000173505 0.00121404 0.00505871 0.928073 -0.000794433 0.0010755 0.000879029 0.000100555 0.904233 -0.0014715 0.0017113 -0.000576666 0.00127649 0.884208
34 0.0613216 14.8168 0.200845 0.000533967 -0.00980004 0.195467 13.6915 -0.017582 0.0260201 0.0130925 -0.00248577 13.3206 -0.0161623 0.00156108 -0.0100422 0.0116469 13.0095 0.0135552 3.6038e-05 -0.000661414 0.0131922 0.924051 -0.00118663 0.00175612 0.000883624 -0.000167767 0.899017 -0.00109081 0.000105359 -0.00067776 0.00078606 0.878026
35 0.0628989 14.0344 0.263713 0.0105393 -0.0316711 0.263455 12.912 -0.015066 0.02294 0.0122483 -0.0103783 12.5284 -0.059206 -0.0175409 -0.00100245 0.0524855 12.2226 0.0187905 0.000750963 -0.00225668 0.0187721 0.920029 -0.00107351 0.00163456 0.000872737 -0.000739494 0.892695 -0.00421865 -0.00124985 -7.14285e-05 0.00373979 0.870908
36 0.064457 13.3725 0.26415 0.0216684 -0.0364674 0.268044 12.2553 -0.00238258 0.0109078 0.0105662 -0.0219129 11.847 -0.11877 -0.0223656 0.0115769 0.110172 11.5498 0.0197532 0.00162037 -0.00272705 0.0200444 0.916453 -0.000178171 0.000815686 0.000790143 -0.00163866 0.885924 -0.00888165 -0.00167251 0.000865723 0.00823869 0.863696
37 0.0659956 12.8202 0.232786 0.0269097 -0.0222228 0.23732 11.7082 0.0163114 -0.00298853 0.0070838 -0.0335018 11.2707 -0.160753 -0.0107095 0.0200264 0.151698 10.984 0.0181578 0.00209901 -0.00173343 0.0185115 0.913267 0.00127232 -0.000233112 0.000552551 -0.00261321 0.879138 -0.0125391 -0.000835366 0.0015621 0.0118327 0.856775
38 0.067514 12.3198 0.213817 0.0231571 0.00282799 0.215203 11.2114 0.0328697 -0.0123864 0.0028615 -0.040745 10.7494 -0.177596 0.0111632 0.0205721 0.16939 10.4734 0.0173555 0.00187967 0.000229548 0.0174681 0.910026 0.00266804 -0.00100541 0.000232268 -0.00330727 0.872527 -0.0144154 0.000906117 0.00166984 0.0137494 0.850125
39 0.0690118 11.8291 0.230128 0.0132372 0.0242063 0.226556 10.721 0.0409575 -0.0139518 0.00115862 -0.0418985 10.2467 -0.183673 0.030713 0.014629 0.176335 9.97987 0.0194544 0.00111903 0.00204634 0.0191524 0.906327 0.00346244 -0.00117945 9.79463e-05 -0.00354198 0.866224 -0.0155272 0.0025964 0.0012367 0.0149069 0.843671
40 0.10628 11.3416 0.270807 0.00315731 0.0293804 0.263243 10.2308 0.0403138 -0.00722691 0.00469177 -0.0391608 9.75682 -0.19279 0.0360016 0.00633357 0.185113 9.49683 0.0238773 0.000278383 0.0025905 0.0232104 0.902063 0.0035545 -0.000637203 0.000413678 -0.00345284 0.860267 -0.0169985 0.0031743 0.000558436 0.0163216 0.837344
42 0.146749 10.3915 0.318768 -0.00341008 -0.00999561 0.310917 9.27213 0.0343406 0.0210911 0.0202601 -0.0368965 8.80933 -0.205924 -0.000337578 -0.00461235 0.195672 8.55602 0.0306759 -0.000328161 -0.000961903 0.0299204 0.892281 0.00330468 0.00202965 0.00194968 -0.00355065 0.847744 -0.0198166 -3.2486e-05 -0.000443858 0.01883 0.823367
44 0.152348 9.40836 0.291032 0.00128698 -0.0391816 0.285223 8.285 0.0409703 0.0339711 0.0190805 -0.03963 7.80673 -0.180819 -0.0285699 -0.00307454 0.174373 7.55566 0.0309334 0.000136792 -0.00416455 0.0303159 0.8806 0.00435467 0.00361074 0.00202804 -0.00421221 0.829765 -0.0192189 -0.00303665 -0.000326788 0.0185339 0.803079
46 0.157761 8.50033 0.279759 0.0090641 -0.00696181 0.271735 7.37224 0.0347923 0.012088 0.00733063 -0.0290924 6.86899 -0.206452 -0.00427463 0.0054373 0.205862 6.622 0.0329115 0.00106632 -0.000819005 0.0319676 0.86729 0.00409306 0.00142206 0.000862394 -0.0034225 0.808085 -0.0242875 -0.000502879 0.000639658 0.0242182 0.779029
48 0.162982 7.89664 0.261574 0.0203809 0.0262204 0.255706 6.76005 0.00955136 -0.00216548 0.0137304 -0.013246 6.25106 -0.276099 0.0119851 0.0105034 0.270678 6.01533 0.0331248 0.00258096 0.00332045 0.0323816 0.856066 0.00120955 -0.000274228 0.00173876 -0.00167743 0.791611 -0.0349642 0.00151774 0.00133012 0.0342776 0.761758
50 0.168004 7.35746 0.24167 0.027181 0.0183354 0.241573 6.22346 -0.00100248 0.0109287 0.0263573 -0.00806687 5.71443 -0.248993 -0.00440731 0.00521935 0.234211 5.49816 0.032847 0.00369435 0.00249209 0.0328338 0.845871 -0.000136254 0.0014854 0.00358238 -0.00109642 0.776685 -0.0338423 -0.000599026 0.000709396 0.0318331 0.74729
52 0.172821 6.64683 0.292201 0.0235985 0.00464527 0.290305 5.52692 0.0132439 0.0219318 0.0210561 -0.0130384 4.99979 -0.191955 -0.0118824 -0.00893158 0.1749 4.80087 0.0439609 0.00355034 0.000698869 0.0436756 0.831512 0.00199252 0.00329959 0.00316784 -0.0019616 0.752207 -0.0288792 -0.00178768 -0.00134374 0.0263133 0.72228
54 0.177428 6.04025 0.328661 0.0102675 0.00858048 0.320733 4.9233 0.0233805 0.0218847 0.00298004 -0.0190625 4.36237 -0.254395 -0.00434715 -0.0158239 0.240406 4.16864 0.0544118 0.00169984 0.00142055 0.0530993 0.815082 0.00387078 0.00362315 0.000493364 -0.00315591 0.722216 -0.0421166 -0.000719697 -0.00261974 0.0398006 0.690144
56 0.181819 5.67609 0.256679 -0.00233583 0.0091921 0.251686 4.54424 0.00997109 0.020374 -0.00677344 -0.0118197 3.96263 -0.325601 -0.00938107 -0.00848668 0.316922 3.77324 0.0452211 -0.000411522 0.00161944 0.0443415 0.800594 0.00175668 0.00358944 -0.00119333 -0.00208236 0.698127 -0.0573636 -0.00165274 -0.00149516 0.0558346 0.664761
58 0.185988 5.30342 0.186052 -0.00952654 -0.00129806 0.189724 4.15727 -0.0103335 0.0176995 -0.00973286 0.00504846 3.56872 -0.269887 -0.0231965 -0.00311357 0.270132 3.39801 0.0350814 -0.0017963 -0.00024476 0.0357738 0.783884 -0.00194846 0.00333737 -0.0018352 0.000951926 0.672909 -0.0508891 -0.00437387 -0.000587088 0.0509354 0.64072
60 0.286303 4.84359 0.217782 -0.0133163 -0.00806809 0.219688 3.6933 -0.0135248 0.00765073 -0.015399 0.00831726 3.08639 -0.207888 -0.0234106 0.000521911 0.215045 2.93702 0.0449629 -0.00274927 -0.00166573 0.0453564 0.762513 -0.0027923 0.00157956 -0.00317926 0.00171717 0.637211 -0.0429203 -0.00483332 0.000107753 0.044398 0.606372
64 0.394175 4.17121 0.198072 0.00166174 -0.00260029 0.18011 3.02171 -0.000914668 0.0137305 -0.00242208 0.000821014 2.39554 -0.33321 0.00514562 -0.0111393 0.332255 2.26157 0.0474854 0.000398382 -0.000623388 0.0431793 0.724419 -0.000219281 0.00329174 -0.000580666 0.000196829 0.574303 -0.0798833 0.0012336 -0.00267052 0.0796544 0.542185
68 0.406626 3.68804 0.0979374 -0.0196991 -0.0124453 0.0924083 2.53339 -0.0128309 -0.0215907 -0.014877 -0.0132956 1.89 -0.253953 -0.024585 0.0028965 0.247878 1.78185 0.0265554 -0.00534133 -0.0033745 0.0250562 0.686919 -0.00347905 -0.00585423 -0.00403384 -0.00360506 0.512467 -0.0688585 -0.00666612 0.000785376 0.0672111 0.483142
72 0.417095 3.26787 0.129444 -0.00138959 -0.00484612 0.122634 2.09463 0.0113766 -0.00574059 0.0037073 -0.012596 1.43109 -0.30862 -0.00581956 0.00825294 0.299272 1.33409 0.0396111 -0.000425229 -0.00148296 0.0375273 0.640975 0.00348134 -0.00175667 0.00113447 -0.00385449 0.437927 -0.0944407 -0.00178084 0.00252548 0.0915802 0.408244
76 0.425533 3.01656 0.0264934 -0.0282184 -0.0176271 0.0197271 1.83083 -0.00480492 0.00551886 -0.00199782 -0.000294757 1.12639 -0.300891 -0.0155269 -0.0121228 0.289919 1.07172 0.00878266 -0.00935452 -0.00584345 0.00653963 0.606927 -0.00159285 0.00182952 -0.000662285 -9.77131e-05 0.373404 -0.0997464 -0.00514724 -0.00401874 0.0961093 0.355279
80 0.431897 2.76163 0.0239778 -0.0165624 0.0079633 0.0237944 1.57454 0.00611966 9.05784e-05 -0.0110206 -0.0159894 0.821718 -0.30141 -0.00959666 -0.015327 0.286185 0.791508 0.00868249 -0.00599731 0.00288355 0.00861607 0.570148 0.00221596 3.27989e-05 -0.00399063 -0.00578985 0.297548 -0.109142 -0.003475 -0.00555 0.103629 0.286609
84 0.436158 2.61071 0.00297467 -0.00355062 0.00284544 -0.00429604 1.40647 -0.0108094 -0.0103776 0.00434597 -0.00468157 0.615143 -0.324279 -0.0119485 0.00249372 0.31973 0.626037 0.00113941 -0.00136002 0.00108991 -0.00164555 0.53873 -0.00414039 -0.00397502 0.00166467 -0.00179322 0.235623 -0.124211 -0.00457673 0.000955189 0.122469 0.239796
88 0.328636 2.56467 -0.0551419 -0.00591452 -0.0143725 -0.0543615 1.33978 -0.00639983 -0.0235651 0.00656157 -0.00501295 0.423732 -0.392292 -0.00366386 -0.0281947 0.388528 0.504877 -0.0215006 -0.00230615 -0.00560404 -0.0211963 0.522396 -0.00249538 -0.00918836 0.00255844 -0.00195462 0.165219 -0.15296 -0.00142859 -0.0109935 0.151492 0.196858
90 0.219313 2.51582 -0.0671153 -0.00254974 0.0065878 -0.0702935 1.27345 -0.00194407 -0.0329676 0.0068514 -0.00108523 0.375352 -0.377606 0.00693216 -0.0376425 0.37292 0.491461 -0.0266773 -0.00101348 0.00261855 -0.0279406 0.506178 -0.000772739 -0.0131041 0.00272332 -0.000431363 0.149197 -0.150092 0.00275543 -0.0149623 0.14823 0.195348
92 0.328636 2.47355 -0.0362263 0.0011588 0.0144038 -0.0451673 1.21278 -0.008993 -0.0257714 0.00956221 0.0124489 0.299251 -0.368448 0.00561819 -0.0337079 0.35901 0.454068 -0.0146454 0.000468477 0.00582311 -0.0182601 0.490299 -0.00363566 -0.0104188 0.00386578 0.00503281 0.12098 -0.148955 0.0022713 -0.0136273 0.145139 0.183569
96 0.436158 2.50314 -0.068489 0.00937922 -0.00195701 -0.0692822 1.21407 0.00645449 -0.0180328 0.0136731 0.0107175 0.172452 -0.47274 0.0108237 -0.0286437 0.468023 0.414724 -0.0273612 0.00374698 -0.000781824 -0.0276781 0.485019 0.00257856 -0.00720409 0.00546237 0.00428162 0.0688942 -0.188859 0.00432405 -0.0114431 0.186974 0.165682
100 0.431897 2.51702 -0.121962 -0.00185993 -0.0108978 -0.126017 1.19339 0.00147072 -0.0395395 0.0109959 0.00157108 0.0622224 -0.490935 0.00159729 -0.0304452 0.48812 0.398716 -0.0484548 -0.000738941 -0.00432966 -0.0500659 0.474129 0.000584309 -0.0157089 0.00436861 0.000624182 0.0247207 -0.195046 0.000634595 -0.0120958 0.193928 0.158408
104 0.425533 2.6144 -0.143708 0.00412713 0.00037644 -0.147165 1.21971 0.00638869 -0.0216897 0.0176619 -0.00575022 -0.0325211 -0.579135 0.00806103 -0.0238041 0.571158 0.417918 -0.0549678 0.00157862 0.000143987 -0.0562901 0.466535 0.00244366 -0.00829625 0.00675563 -0.00219944 -0.0124393 -0.221518 0.00308332 -0.00910502 0.218466 0.159853
108 0.417095 2.72784 -0.170385 -0.00557551 0.00594606 -0.170762 1.24197 0.0150604 -0.00704809 0.0047804 -0.0146443 -0.135285 -0.615893 0.0040945 -0.0109889 0.621905 0.429737 -0.0624615 -0.00204393 0.00217977 -0.0625998 0.455295 0.00552098 -0.00258376 0.00175245 -0.00536848 -0.0495942 -0.22578 0.001501 -0.00402842 0.227985 0.157538
112 0.406626 2.86853 -0.158129 0.00418479 -0.000574535 -0.153738 1.29705 0.00660784 -0.0120701 0.00279259 -0.0210018 -0.186064 -0.670254 -0.0148931 -0.00545746 0.672037 0.501392 -0.0551257 0.00145886 -0.000200289 -0.0535949 0.452165 0.00230357 -0.00420776 0.000973529 -0.00732145 -0.0648639 -0.233658 -0.00519192 -0.00190253 0.23428 0.174791
116 0.394175 3.03034 -0.212173 0.0171416 0.0179334 -0.207218 1.31167 0.012951 -0.0331135 -0.00118841 -0.0285746 -0.284227 -0.70766 0.0172726 -0.025448 0.69753 0.583292 -0.0700163 0.00565666 0.00591796 -0.068381 0.432846 0.00427378 -0.0109273 -0.000392172 -0.00942949 -0.0937936 -0.233525 0.0056999 -0.00839773 0.230182 0.192484
120 0.379804 3.18178 -0.173604 -0.0109099 -0.00269004 -0.180904 1.32681 0.0209294 -0.0362955 0.0210702 -0.0186911 -0.399702 -0.719007 -0.0166253 -0.0337724 0.715573 0.63712 -0.0545618 -0.00342887 -0.000845449 -0.056856 0.417001 0.00657788 -0.0114073 0.00662213 -0.00587442 -0.125622 -0.225976 -0.00522515 -0.0106143 0.224897 0.20024
124 0.363583 3.3485 -0.206599 -0.00305914 -0.0167053 -0.219437 1.33098 0.0270816 -0.0173474 0.00620784 -0.0293054 -0.535864 -0.75526 -0.0164299 -0.029397 0.741085 0.698593 -0.0616988 -0.000913583 -0.00498887 -0.0655327 0.397486 0.00808768 -0.00518064 0.00185392 -0.00875178 -0.160031 -0.225551 -0.00490665 -0.00877915 0.221318 0.208629
128 0.34559 3.45718 -0.167541 -0.0102555 -0.0136502 -0.172188 1.33867 0.00995004 -0.0147604 0.000597474 -0.0237661 -0.686619 -0.69756 -0.00933095 -0.0127174 0.68116 0.679583 -0.0484617 -0.00296643 -0.00394837 -0.0498059 0.387214 0.00287808 -0.00426949 0.000172821 -0.00687443 -0.198607 -0.201771 -0.00269901 -0.00367854 0.197028 0.196572
132 0.325914 3.65762 -0.146019 0.00891536 0.00102756 -0.171338 1.39587 -0.0433033 0.0199935 -0.0108661 0.024637 -0.836586 -0.718836 0.00976787 0.012539 0.725369 0.692511 -0.0399219 0.00243748 0.000280938 -0.0468441 0.381632 -0.0118392 0.00546625 -0.00297081 0.0067358 -0.228724 -0.196531 0.00267056 0.0034282 0.198317 0.189334
136 0.304649 3.74933 -0.149417 0.0307649 -0.000522742 -0.179327 1.31025 -0.0415559 -0.0122964 -0.0121925 0.0365085 -1.01305 -0.594759 0.0140997 0.00185558 0.598736 0.726027 -0.0398516 0.00820543 -0.000139423 -0.0478291 0.349463 -0.0110836 -0.00327963 -0.00325192 0.00973733 -0.270195 -0.158631 0.00376059 0.000494909 0.159691 0.193642
140 0.281901 3.93952 -0.111602 0.0296299 -0.0123535 -0.130997 1.45562 -0.0371692 0.00645746 -0.0195207 0.0417112 -1.15148 -0.637728 -0.00132274 0.0106866 0.632117 0.646841 -0.0283288 0.0075212 -0.0031358 -0.033252 0.369493 -0.00943494 0.00163915 -0.00495509 0.0105879 -0.292288 -0.16188 -0.000335763 0.00271267 0.160455 0.164193
144 0.257779 4.12217 -0.150496 0.0152285 -0.00746295 -0.15251 1.4847 -0.0752646 0.00890735 -0.0052342 0.0614748 -1.38186 -0.540398 -0.0209281 0.00405196 0.535953 0.579459 -0.0365091 0.00369429 -0.00181044 -0.0369974 0.360175 -0.0182585 0.00216084 -0.00126977 0.0149132 -0.335227 -0.131096 -0.00507697 0.00098297 0.130017 0.140571
148 0.232401 4.36097 -0.157358 -0.0164697 -0.0200701 -0.169971 1.66883 -0.0223515 0.0450215 0.0262705 0.0301415 -1.5151 -0.495535 -0.0219877 0.053362 0.481547 0.533391 -0.0360833 -0.00377663 -0.00460221 -0.0389755 0.382674 -0.00512536 0.0103237 0.00602402 0.00691165 -0.347423 -0.11363 -0.00504194 0.0122363 0.110422 0.12231
152 0.205891 4.43661 -0.14892 -0.0254798 -0.00141365 -0.137669 1.606 0.0237277 0.0977423 0.0142541 -0.00949573 -1.74931 -0.214459 0.00645266 0.113618 0.201645 0.453939 -0.0335662 -0.00574308 -0.000318633 -0.0310301 0.361989 0.00534815 0.0220308 0.00321284 -0.00214031 -0.394289 -0.0483384 0.00145441 0.0256091 0.0454503 0.102317
156 0.178378 4.7398 -0.0708461 -0.0272907 -0.0510277 -0.0371453 1.87581 0.0561147 0.112337 0.0180358 -0.0400809 -1.8316 -0.154443 -0.0693965 0.106794 0.161411 0.425873 -0.0149471 -0.00575777 -0.0107658 -0.00783688 0.395756 0.011839 0.0237008 0.00380517 -0.00845623 -0.38643 -0.0325843 -0.0146412 0.0225314 0.0340543 0.0898504
160 0.0971232 4.70007 -0.114123 0.0489218 -0.0156848 -0.0984373 1.89083 0.0688556 0.0648191 -0.0455639 -0.0262556 -1.90261 -0.00835647 -0.0479722 0.0655178 0.0212195 0.318938 -0.0242812 0.0104088 -0.00333715 -0.0209438 0.402298 0.0146499 0.0137911 -0.0096943 -0.00558622 -0.404805 -0.00177795 -0.0102067 0.0139398 0.00451473 0.0678583
161 0.0357021 4.735 -0.113481 0.0419289 -0.0107639 -0.0994893 1.92182 0.070796 0.0530442 -0.0427539 -0.0203969 -1.92219 -0.0202785 -0.0371719 0.045933 0.0314845 0.306375 -0.0239664 0.00885511 -0.00227327 -0.0210115 0.405876 0.0149516 0.0112026 -0.00902935 -0.00430768 -0.405953 -0.00428269 -0.00785046 0.00970074 0.00664931 0.0647045
162 0.0338871 4.7958 -0.0873184 0.0143465 -0.00437676 -0.0791099 1.97951 0.0655597 0.04432 -0.0251031 -0.0146355 -1.92834 -0.0559065 -0.0328595 0.0315612 0.0639498 0.308141 -0.0182073 0.00299148 -0.000912624 -0.0164957 0.41276 0.0136702 0.00924143 -0.00523439 -0.00305174 -0.40209 -0.0116574 -0.00685172 0.00658101 0.0133345 0.0642522
163 0.0320617 4.86846 -0.0416353 -0.0229283 0.00640965 -0.0433568 2.05198 0.0494535 0.03883 0.00493204 -0.00605486 -1.92497 -0.100512 -0.0308168 0.0250807 0.103902 0.317428 -0.00855205 -0.00470957 0.00131657 -0.00890565 0.421485 0.0101579 0.00797583 0.00101306 -0.00124369 -0.395396 -0.0206455 -0.00632988 0.00515167 0.021342 0.0652009
164 0.0302266 4.9328 0.00230496 -0.054244 0.0192431 -0.0103582 2.11654 0.0259163 0.0332732 0.0399767 0.00608928 -1.92385 -0.132053 -0.0274391 0.0219907 0.129985 0.323757 0.000467272 -0.0109966 0.00390105 -0.00209986 0.429074 0.00525387 0.00674528 0.00810426 0.00123445 -0.390012 -0.0267704 -0.00556258 0.00445805 0.0263511 0.0656335
165 0.0283823 4.96921 0.0174452 -0.0671782 0.0278914 -0.00299924 2.14738 0.0056761 0.0220767 0.0691473 0.0184326 -1.94004 -0.12904 -0.0241237 0.0133034 0.121651 0.31778 0.00351066 -0.0135189 0.00561285 -0.000603565 0.432138 0.00114225 0.00444269 0.0139152 0.00370936 -0.390413 -0.025968 -0.00485464 0.00267717 0.024481 0.0639498
166 0.0265294 4.97093 -0.0128604 -0.0582025 0.0281735 -0.0357676 2.13145 0.000536779 0.00200083 0.081662 0.025289 -1.98415 -0.0843736 -0.0261631 -0.00682152 0.0725309 0.295887 -0.00258711 -0.0117086 0.00566765 -0.00719536 0.428783 0.000107984 0.000402507 0.0164279 0.00508738 -0.39915 -0.0169734 -0.00526322 -0.00137228 0.014591 0.0595234
167 0.0246683 4.95558 -0.0813344 -0.0329749 0.02306 -0.102958 2.08525 0.0150915 -0.0235876 0.0714358 0.0227608 -2.0531 -0.0177659 -0.0367365 -0.03463 0.00289237 0.263479 -0.0164127 -0.00665409 0.00465334 -0.0207761 0.420789 0.00304536 -0.0047598 0.0144152 0.00459296 -0.4143 -0.00358503 -0.00741316 -0.00698808 0.000583659 0.0531681
168 0.0172754 4.96143 -0.155694 -0.00193894 0.0215236 -0.176631 2.05751 0.0429148 -0.0452912 0.0404267 0.0117342 -2.12339 0.0268276 -0.0514828 -0.0576423 -0.0426201 0.234181 -0.0313808 -0.000390803 0.00433817 -0.0356008 0.414701 0.00864967 -0.00912865 0.0081482 0.00236508 -0.427978 0.00540723 -0.0103766 -0.0116181 -0.00859029 0.0472002
168.5 0.0109315 4.98338 -0.181557 0.012548 0.024733 -0.203736 2.06932 0.0575846 -0.0515328 0.0200589 0.00456746 -2.14633 0.0265033 -0.0570663 -0.0630906 -0.0417464 0.22535 -0.0364325 0.00251796 0.0049631 -0.0408831 0.415244 0.0115553 -0.0103409 0.00402515 0.000916538 -0.430697 0.00531834 -0.0114513 -0.0126602 -0.00837713 0.0452204
169 0.0104622 5.01933 -0.193498 0.0250224 0.0310182 -0.21834 2.10572 0.0703206 -0.0536916 -0.00119831 -0.00261798 -2.15315 0.0071671 -0.0594377 -0.0631434 -0.0211551 0.221669 -0.0385507 0.00498522 0.00617975 -0.0434998 0.419523 0.01401 -0.010697 -0.00023874 -0.00052158 -0.428972 0.0014279 -0.0118418 -0.0125801 -0.00421473 0.0441631
169.5 0.00999215 5.06536 -0.188664 0.0347722 0.039782 -0.217489 2.16823 0.0796643 -0.0517316 -0.0213683 -0.00907489 -2.13842 -0.0296141 -0.057492 -0.0577766 0.0175007 0.222481 -0.0372459 0.0068647 0.00785372 -0.0429366 0.42805 0.0157273 -0.0102128 -0.00421851 -0.00179156 -0.422166 -0.00584639 -0.01135 -0.0114062 0.00345497 0.043922
170 0.0095213 5.11324 -0.166461 0.0412639 0.0497322 -0.200169 2.25393 0.0846931 -0.0462271 -0.0385458 -0.0142458 -2.09832 -0.0778314 -0.0507821 -0.0478153 0.0680125 0.225464 -0.0325548 0.00807001 0.00972617 -0.0391473 0.440802 0.0165635 -0.00904067 -0.00753842 -0.00278607 -0.41037 -0.0152215 -0.00993148 -0.00935128 0.0133013 0.0440941
170.5 0.00904972 5.15119 -0.128788 0.0440918 0.0591121 -0.167576 2.35538 0.0850968 -0.0382479 -0.0511004 -0.0178297 -2.03166 -0.127243 -0.0396506 -0.0347823 0.119834 0.226663 -0.0250017 0.00855954 0.0114754 -0.0325316 0.45725 0.0165198 -0.00742505 -0.00992012 -0.00346129 -0.394406 -0.0247017 -0.00769736 -0.00675228 0.0232634 0.044002
171 0.00857745 5.1659 -0.0798763 0.0429521 0.0660618 -0.12305 2.46148 0.0811446 -0.0291484 -0.0578572 -0.0197965 -1.94073 -0.164525 -0.0251871 -0.020611 0.159269 0.220929 -0.0154622 0.00831454 0.012788 -0.0238196 0.476485 0.0157077 -0.00564245 -0.0111998 -0.00383215 -0.37568 -0.0318482 -0.00487564 -0.00398982 0.0308309 0.0427668
171.5 0.00810453 5.14552 -0.0257159 0.0376617 0.0690402 -0.0716481 2.55924 0.0735645 -0.02031 -0.0582317 -0.0203517 -1.83183 -0.175308 -0.00900815 -0.00728885 0.171569 0.202786 -0.00499773 0.00731933 0.0134175 -0.0139244 0.497373 0.0142968 -0.00394713 -0.011317 -0.00395522 -0.356006 -0.03407 -0.00175068 -0.00141654 0.0333435 0.0394102
172 0.00763099 5.08312 0.0268324 0.0282255 0.0672183 -0.0194112 2.63635 0.0633706 -0.0128938 -0.0523034 -0.0198629 -1.71534 -0.146843 0.00709872 0.00349432 0.143674 0.167609 0.00527873 0.00555279 0.0132238 -0.00381875 0.518649 0.0124669 -0.00253658 -0.0102896 -0.00390762 -0.337458 -0.0288883 0.00139653 0.000687436 0.0282649 0.0329737
172.5 0.00715688 4.98015 0.0711232 0.0149342 0.0607558 0.0275651 2.68394 0.0516802 -0.00765501 -0.0408144 -0.0187669 -1.60515 -0.0708401 0.0215904 0.0106183 0.0671181 0.112943 0.0142813 0.00299875 0.0121996 0.00553498 0.538927 0.0103772 -0.0015371 -0.0081954 -0.00376833 -0.322309 -0.0142245 0.0043353 0.00213213 0.0134771 0.0226786
173 0.00668221 4.84884 0.101813 -0.001539 0.050896 0.0640934 2.69906 0.0395563 -0.00485635 -0.0250918 -0.0174754 -1.51758 0.0540882 0.0335494 0.0136756 -0.0594752 0.039648 0.0209973 -0.000317396 0.0104965 0.0132183 0.556641 0.0081579 -0.00100155 -0.00517481 -0.00360404 -0.312977 0.0111549 0.00691907 0.00282039 -0.0122659 0.00817682
173.5 0.00620704 4.71286 0.115746 -0.0200845 0.0398503 0.0867169 2.68633 0.0278984 -0.00428688 -0.00689889 -0.0162992 -1.46973 0.220958 0.0429388 0.0129658 -0.228913 -0.0474002 0.0245597 -0.00426164 0.00845564 0.0184 0.569999 0.00591963 -0.000909613 -0.00146384 -0.00345845 -0.311854 0.0468841 0.00911098 0.00275115 -0.048572 -0.0100576
174 0.0057314 4.60585 0.112474 -0.0391788 0.0304838 0.0942316 2.65807 0.0173877 -0.00537368 0.0117695 -0.0154023 -1.47752 0.414381 0.0506654 0.00935644 -0.425425 -0.139334 0.0244197 -0.00850631 0.0066185 0.0204591 0.577106 0.00377512 -0.00116671 0.00255534 -0.00334407 -0.320791 0.0899683 0.0110002 0.00203142 -0.0923661 -0.0302516
174.5 0.00525531 4.56737 0.0942747 -0.0570047 0.0258578 0.0878034 2.63294 0.00847934 -0.00735008 0.0289225 -0.0147924 -1.55358 0.612172 0.0584256 0.00405337 -0.626334 -0.224166 0.0206409 -0.0124809 0.00566141 0.0192241 0.576467 0.0018565 -0.00160926 0.00633242 -0.00323872 -0.340148 0.134032 0.012792 0.000887463 -0.137132 -0.04908
175 0.00477883 4.6369 0.065686 -0.0716651 0.0287076 0.0706504 2.63294 0.00142612 -0.00943754 0.0428108 -0.0143461 -1.70536 0.788509 0.068357 -0.0016627 -0.8053 -0.288472 0.0141659 -0.0154554 0.00619112 0.0152366 0.567824 0.000307559 -0.00203531 0.00923264 -0.00309391 -0.367781 0.170051 0.014742 -0.000358581 -0.173672 -0.0622123
175.5 0.00430199 4.84663 0.0326011 -0.0814622 0.0409521 0.0473516 2.67932 -0.0036869 -0.0109996 0.0521361 -0.0138606 -1.93362 0.918166 0.0825622 -0.00667509 -0.936644 -0.319662 0.00672655 -0.016808 0.0084496 0.00977 0.552821 -0.000760714 -0.00226954 0.0107572 -0.00285983 -0.398963 0.189444 0.017035 -0.00137726 -0.193257 -0.0659555
176 0.00382481 5.21432 0.00112389 -0.085192 0.0633182 0.0229187 2.78808 -0.00690992 -0.0116398 0.0562033 -0.0131192 -2.23165 0.981105 0.102602 -0.0102014 -1.00002 -0.308444 0.000215538 -0.0163381 0.0121431 0.00439533 0.534697 -0.00132518 -0.00223227 0.0107786 -0.00251599 -0.427985 0.188156 0.019677 -0.00195642 -0.191784 -0.0591533
176.5 0.00334735 5.73759 -0.0235961 -0.082394 0.0951451 0.00182312 2.96606 -0.00840622 -0.0112313 0.0549954 -0.0119567 -2.58525 0.966528 0.129065 -0.0118727 -0.984532 -0.25099 -0.00411253 -0.0143604 0.0165828 0.00031775 0.516952 -0.00146511 -0.00195749 0.00958509 -0.00208392 -0.45058 0.168455 0.0224947 -0.00206928 -0.171593 -0.0437448
177 0.00286963 6.391 -0.0383066 -0.0734999 0.134397 -0.0128204 3.20828 -0.00843855 -0.00988729 0.0491608 -0.0103092 -2.97362 0.875539 0.161303 -0.0117225 -0.891386 -0.150322 -0.00599384 -0.0115005 0.0210292 -0.00200601 0.502 -0.00132038 -0.00154707 0.00769219 -0.00161309 -0.465282 0.136996 0.025239 -0.00183422 -0.139475 -0.023521
177.5 0.00239169 7.12676 -0.0421771 -0.0598378 0.177882 -0.0197446 3.49745 -0.00735699 -0.00788977 0.0399146 -0.0082401 -3.37101 0.721762 0.197394 -0.0101062 -0.734516 -0.01656 -0.00591813 -0.00839622 0.0249597 -0.00277049 0.490749 -0.00103231 -0.00110706 0.00560067 -0.00115622 -0.473007 0.101275 0.0276976 -0.00141807 -0.103065 -0.00232364
178 0.00191357 7.87935 -0.0367933 -0.0434796 0.22163 -0.0195963 3.80568 -0.00557934 -0.00560338 0.0288668 -0.00593489 -3.74901 0.529658 0.234357 -0.00758097 -0.538835 0.134143 -0.00466959 -0.00551817 0.0281279 -0.00248704 0.482994 -0.000708097 -0.000711148 0.0036636 -0.00075322 -0.475802 0.067221 0.0297432 -0.000962131 -0.0683857 0.0170246
178.5 0.00143531 8.57359 -0.025631 -0.0269471 0.261389 -0.0145751 4.09843 -0.00355775 -0.00339707 0.0178016 -0.00366882 -4.07922 0.330725 0.268569 -0.00477835 -0.336366 0.281855 -0.00298953 -0.00314303 0.0304877 -0.0017 0.47803 -0.000414966 -0.000396225 0.00207633 -0.000427921 -0.475789 0.0385748 0.0313251 -0.000557333 -0.0392329 0.0328748
179 0.000956932 9.13485 -0.0131267 -0.0128237 0.293149 -0.00773812 4.33992 -0.00173105 -0.00158753 0.00843603 -0.00175281 -4.33593 0.158211 0.296321 -0.0022928 -0.16088 0.405969 -0.001437 -0.00140383 0.0320913 -0.000847099 0.475095 -0.0001895 -0.000173789 0.000923499 -0.000191881 -0.474658 0.0173195 0.0324385 -0.000250995 -0.0176117 0.0444417
179.5 0.000478484 9.49995 -0.00355993 -0.00333901 0.313636 -0.00213773 4.499 -0.000469049 -0.000408469 0.0021905 -0.000470402 -4.49874 0.0413221 0.31442 -0.000599107 -0.0420145 0.488586 -0.000374731 -0.000351477 0.0330145 -0.000225025 0.473581 -4.93739e-05 -4.29969e-05 0.000230581 -4.95163e-05 -0.473554 0.00434972 0.033097 -6.30642e-05 -0.0044226 0.0514304
180 5.98114e-05 9.62661 1.90156e-15 -2.07132e-15 0.320712 9.28882e-16 4.55452 -1.93231e-05 2.67798e-16 1.3514e-15 -1.93231e-05 -4.55452 1.21916e-15 0.320706 7.32139e-16 -3.72312e-16 0.517558 1.97532e-16 -2.15166e-16 0.0333152 9.64911e-17 0.473118 -2.00726e-06 2.78185e-17 1.40381e-16 -2.00726e-06 -0.473118 1.26644e-16 0.0333146 7.60537e-17 -3.86753e-17 0.0537633
