theta 2pi*dcos S11 S12 S13 S14 S21 S22 S23 S24 S31 S32 S33 S34 S41 S42 S43 S44 S12_norm S13_norm S14_norm S21_norm S22_norm S23_norm S24_norm S31_norm S32_norm S33_norm S34_norm S41_norm S42_norm S43_norm S44_norm
0 2.39246e-06 4.29806 3.06663e-17 3.5144e-18 0.000114165 2.99949e-17 4.2951 0.000296003 -4.78788e-18 3.32728e-18 -0.000296003 4.2951 3.45029e-18 0.000114174 3.90348e-18 -3.48409e-18 4.29226 7.13491e-18 8.1767e-19 2.65621e-05 6.97869e-18 0.999311 6.88689e-05 -1.11396e-18 7.74134e-19 -6.88689e-05 0.999311 8.02754e-19 2.65641e-05 9.08196e-19 -8.10619e-19 0.998648
0.1 1.91397e-05 4.29802 -8.22099e-07 -4.09135e-10 0.000114165 -8.22098e-07 4.29506 0.000295998 3.41611e-10 3.90995e-10 -0.000295998 4.29506 5.01089e-06 0.000114174 2.64911e-10 -5.01089e-06 4.29221 -1.91274e-07 -9.51917e-11 2.65623e-05 -1.91274e-07 0.999311 6.88684e-05 7.9481e-11 9.09711e-11 -6.88684e-05 0.999311 1.16586e-06 2.65644e-05 6.16356e-11 -1.16586e-06 0.998648
0.2 3.82793e-05 4.29788 -3.28815e-06 -1.63653e-09 0.000114165 -3.28814e-06 4.29491 0.000295981 1.36639e-09 1.56397e-09 -0.000295981 4.29491 2.0043e-05 0.000114174 1.0596e-09 -2.0043e-05 4.29207 -7.65064e-07 -3.80775e-10 2.65631e-05 -7.65062e-07 0.999311 6.88667e-05 3.17922e-10 3.63893e-10 -6.88667e-05 0.999311 4.66347e-06 2.65651e-05 2.4654e-10 -4.66347e-06 0.998648
0.3 5.74188e-05 4.29764 -7.39741e-06 -3.68212e-09 0.000114164 -7.39739e-06 4.29468 0.000295953 3.07418e-09 3.51886e-09 -0.000295953 4.29468 4.50947e-05 0.000114173 2.38392e-09 -4.50947e-05 4.29183 -1.72127e-06 -8.56777e-10 2.65644e-05 -1.72127e-06 0.999311 6.8864e-05 7.15317e-10 8.18789e-10 -6.8864e-05 0.999311 1.04929e-05 2.65664e-05 5.54704e-10 -1.04929e-05 0.998648
0.4 7.65581e-05 4.29731 -1.31486e-05 -6.54584e-09 0.000114163 -1.31486e-05 4.29435 0.000295914 5.4647e-09 6.25561e-09 -0.000295914 4.29435 8.01633e-05 0.000114172 4.23765e-09 -8.01633e-05 4.29151 -3.05973e-06 -1.52324e-09 2.65662e-05 -3.05973e-06 0.99931 6.88602e-05 1.27165e-09 1.4557e-09 -6.88602e-05 0.99931 1.86543e-05 2.65681e-05 9.86115e-10 -1.86543e-05 0.998648
0.5 9.56972e-05 4.29689 -2.05401e-05 -1.02276e-08 0.000114162 -2.05401e-05 4.29393 0.000295864 8.53759e-09 9.77411e-09 -0.000295864 4.29393 0.000125245 0.00011417 6.62046e-09 -0.000125245 4.29108 -4.78022e-06 -2.38022e-09 2.65685e-05 -4.78021e-06 0.99931 6.88553e-05 1.98692e-09 2.27469e-09 -6.88553e-05 0.99931 2.91478e-05 2.65704e-05 1.54075e-09 -2.91477e-05 0.998648
0.6 0.000114836 4.29638 -2.95696e-05 -1.47271e-08 0.00011416 -2.95695e-05 4.29341 0.000295802 1.22924e-08 1.40742e-08 -0.000295802 4.29341 0.000180334 0.000114168 9.53193e-09 -0.000180334 4.29057 -6.88245e-06 -3.42781e-09 2.65713e-05 -6.88243e-06 0.99931 6.88492e-05 2.8611e-09 3.27583e-09 -6.88492e-05 0.99931 4.19736e-05 2.65732e-05 2.2186e-09 -4.19736e-05 0.998648
0.7 0.000133974 4.29577 -4.02344e-05 -2.00444e-08 0.000114159 -4.02343e-05 4.2928 0.00029573 1.67284e-08 1.91557e-08 -0.00029573 4.2928 0.000245426 0.000114166 1.29716e-08 -0.000245426 4.28996 -9.36605e-06 -4.66608e-09 2.65746e-05 -9.36603e-06 0.99931 6.88421e-05 3.89416e-09 4.45921e-09 -6.88421e-05 0.99931 5.7132e-05 2.65765e-05 3.01961e-09 -5.7132e-05 0.998648
0.8 0.000153112 4.29507 -5.25313e-05 -2.61791e-08 0.000114156 -5.25311e-05 4.2921 0.000295646 2.18451e-08 2.50185e-08 -0.000295646 4.2921 0.000320512 0.000114164 1.69387e-08 -0.000320512 4.28926 -1.22306e-05 -6.09516e-09 2.65785e-05 -1.22306e-05 0.999309 6.88339e-05 5.08609e-09 5.82494e-09 -6.88339e-05 0.999309 7.46233e-05 2.65803e-05 3.94376e-09 -7.46233e-05 0.998647
0.9 0.00017225 4.29427 -6.64565e-05 -3.31311e-08 0.000114154 -6.64564e-05 4.2913 0.000295551 2.76415e-08 3.16623e-08 -0.000295551 4.2913 0.000405585 0.000114161 2.14328e-08 -0.000405585 4.28846 -1.54756e-05 -7.71518e-09 2.65829e-05 -1.54756e-05 0.999309 6.88246e-05 6.43685e-09 7.37314e-09 -6.88246e-05 0.999309 9.44479e-05 2.65845e-05 4.99101e-09 -9.44479e-05 0.998647
1 0.000191387 4.29338 -8.20059e-05 -4.08999e-08 0.000114151 -8.20057e-05 4.29041 0.000295446 3.41169e-08 3.90867e-08 -0.000295446 4.29041 0.000500635 0.000114158 2.64529e-08 -0.000500635 4.28757 -1.91006e-05 -9.52628e-09 2.65878e-05 -1.91005e-05 0.999309 6.88142e-05 7.9464e-09 9.10396e-09 -6.88142e-05 0.999309 0.000116606 2.65893e-05 6.16132e-09 -0.000116606 0.998647
1.1 0.000210523 4.2924 -9.91748e-05 -4.94854e-08 0.000114148 -9.91746e-05 4.28943 0.000295329 4.12701e-08 4.72917e-08 -0.000295329 4.28943 0.000605652 0.000114155 3.19982e-08 -0.000605651 4.28659 -2.31048e-05 -1.15286e-08 2.65932e-05 -2.31047e-05 0.999308 6.88027e-05 9.6147e-09 1.10176e-08 -6.88027e-05 0.999308 0.000141099 2.65946e-05 7.45462e-09 -0.000141099 0.998646
1.2 0.000229659 4.29132 -0.000117958 -5.88872e-08 0.000114145 -0.000117958 4.28835 0.0002952 4.91001e-08 5.62768e-08 -0.0002952 4.28835 0.000720623 0.000114151 3.80677e-08 -0.000720623 4.28551 -2.74876e-05 -1.37224e-08 2.65991e-05 -2.74875e-05 0.999308 6.87902e-05 1.14417e-08 1.31141e-08 -6.87902e-05 0.999308 0.000167926 2.66005e-05 8.87086e-09 -0.000167926 0.998646
1.3 0.000248794 4.29015 -0.00013835 -6.91049e-08 0.000114141 -0.00013835 4.28718 0.000295061 5.76055e-08 6.60416e-08 -0.000295061 4.28718 0.000845538 0.000114147 4.46604e-08 -0.000845538 4.28434 -3.22483e-05 -1.61078e-08 2.66055e-05 -3.22482e-05 0.999307 6.87765e-05 1.34274e-08 1.53938e-08 -6.87765e-05 0.999307 0.000197088 2.66068e-05 1.041e-08 -0.000197088 0.998646
1.4 0.000267929 4.28889 -0.000160344 -8.0138e-08 0.000114138 -0.000160344 4.28591 0.000294911 6.67852e-08 7.65858e-08 -0.000294911 4.28591 0.000980381 0.000114143 5.1775e-08 -0.000980381 4.28308 -3.7386e-05 -1.86851e-08 2.66124e-05 -3.73859e-05 0.999307 6.87617e-05 1.55717e-08 1.78568e-08 -6.87617e-05 0.999307 0.000228586 2.66136e-05 1.20719e-08 -0.000228586 0.998645
1.5 0.000287062 4.28753 -0.000183935 -9.19862e-08 0.000114133 -0.000183934 4.28455 0.00029475 7.66376e-08 8.79089e-08 -0.00029475 4.28455 0.00112514 0.000114138 5.94105e-08 -0.00112514 4.28172 -4.28999e-05 -2.14544e-08 2.66199e-05 -4.28998e-05 0.999306 6.87458e-05 1.78745e-08 2.05034e-08 -6.87458e-05 0.999306 0.000262421 2.66209e-05 1.38566e-08 -0.000262421 0.998645
1.6 0.000306195 4.28608 -0.000209114 -1.04649e-07 0.000114129 -0.000209113 4.2831 0.000294577 8.71612e-08 1.00011e-07 -0.000294577 4.2831 0.00127979 0.000114133 6.75653e-08 -0.00127979 4.28027 -4.8789e-05 -2.4416e-08 2.66278e-05 -4.87889e-05 0.999306 6.87288e-05 2.03359e-08 2.33338e-08 -6.87288e-05 0.999306 0.000298593 2.66287e-05 1.57639e-08 -0.000298593 0.998644
1.7 0.000325327 4.28454 -0.000235874 -1.18126e-07 0.000114124 -0.000235873 4.28156 0.000294394 9.83544e-08 1.1289e-07 -0.000294394 4.28156 0.00144433 0.000114127 7.62382e-08 -0.00144433 4.27873 -5.50523e-05 -2.75703e-08 2.66363e-05 -5.50522e-05 0.999305 6.87108e-05 2.29557e-08 2.63483e-08 -6.87108e-05 0.999305 0.000337103 2.66371e-05 1.77938e-08 -0.000337103 0.998644
1.8 0.000344457 4.2829 -0.000264207 -1.32416e-07 0.000114119 -0.000264206 4.27992 0.000294199 1.10215e-07 1.26548e-07 -0.000294199 4.27992 0.00161873 0.000114122 8.54275e-08 -0.00161873 4.27709 -6.16887e-05 -3.09174e-08 2.66453e-05 -6.16886e-05 0.999304 6.86916e-05 2.57338e-08 2.95472e-08 -6.86916e-05 0.999304 0.000377951 2.66459e-05 1.99462e-08 -0.000377951 0.998643
1.9 0.000363587 4.28117 -0.000294104 -1.47519e-07 0.000114114 -0.000294104 4.27819 0.000293994 1.22742e-07 1.40982e-07 -0.000293994 4.27819 0.00180297 0.000114116 9.51317e-08 -0.00180297 4.27536 -6.86971e-05 -3.44577e-08 2.66548e-05 -6.8697e-05 0.999303 6.86713e-05 2.86702e-08 3.29306e-08 -6.86713e-05 0.999303 0.00042114 2.66552e-05 2.22209e-08 -0.00042114 0.998642
2 0.000382716 4.27935 -0.000325557 -1.63435e-07 0.000114108 -0.000325557 4.27637 0.000293777 1.35933e-07 1.56192e-07 -0.000293777 4.27637 0.00199704 0.000114109 1.05349e-07 -0.00199704 4.27354 -7.60763e-05 -3.81915e-08 2.66648e-05 -7.60761e-05 0.999303 6.865e-05 3.17649e-08 3.64991e-08 -6.865e-05 0.999303 0.000466668 2.66651e-05 2.4618e-08 -0.000466668 0.998642
2.1 0.000401843 4.27744 -0.000358556 -1.80162e-07 0.000114102 -0.000358555 4.27445 0.00029355 1.49786e-07 1.72179e-07 -0.00029355 4.27445 0.00220091 0.000114102 1.16078e-07 -0.00220091 4.27162 -8.3825e-05 -4.21192e-08 2.66754e-05 -8.38248e-05 0.999302 6.86275e-05 3.50176e-08 4.02528e-08 -6.86275e-05 0.999302 0.000514539 2.66754e-05 2.71372e-08 -0.000514538 0.998641
2.2 0.000420969 4.27543 -0.000393091 -1.97701e-07 0.000114096 -0.00039309 4.27244 0.000293312 1.64298e-07 1.8894e-07 -0.000293312 4.27244 0.00241456 0.000114095 1.27316e-07 -0.00241455 4.26962 -9.19418e-05 -4.62411e-08 2.66864e-05 -9.19416e-05 0.999301 6.8604e-05 3.84285e-08 4.41921e-08 -6.8604e-05 0.999301 0.000564751 2.66863e-05 2.97785e-08 -0.000564751 0.99864
2.3 0.000440094 4.27333 -0.000429151 -2.16049e-07 0.000114089 -0.00042915 4.27034 0.000293062 1.79468e-07 2.06477e-07 -0.000293062 4.27034 0.00263796 0.000114088 1.39062e-07 -0.00263796 4.26752 -0.000100425 -5.05575e-08 2.6698e-05 -0.000100425 0.9993 6.85793e-05 4.19972e-08 4.83175e-08 -6.85793e-05 0.9993 0.000617307 2.66976e-05 3.25418e-08 -0.000617307 0.998639
2.4 0.000459218 4.27114 -0.000466725 -2.35207e-07 0.000114082 -0.000466724 4.26815 0.000292802 1.95293e-07 2.24787e-07 -0.000292802 4.26815 0.0028711 0.00011408 1.51313e-07 -0.0028711 4.26533 -0.000109274 -5.5069e-08 2.67101e-05 -0.000109274 0.999299 6.85535e-05 4.57239e-08 5.26291e-08 -6.85535e-05 0.999299 0.000672208 2.67095e-05 3.54268e-08 -0.000672208 0.998639
2.5 0.00047834 4.26886 -0.000505803 -2.55174e-07 0.000114075 -0.000505802 4.26586 0.000292531 2.11771e-07 2.4387e-07 -0.000292531 4.26586 0.00311394 0.000114072 1.64068e-07 -0.00311394 4.26304 -0.000118487 -5.97758e-08 2.67226e-05 -0.000118486 0.999298 6.85267e-05 4.96083e-08 5.71276e-08 -6.85267e-05 0.999298 0.000729455 2.67219e-05 3.84336e-08 -0.000729455 0.998638
2.6 0.000497461 4.26648 -0.000546371 -2.75949e-07 0.000114068 -0.00054637 4.26349 0.000292249 2.28898e-07 2.63725e-07 -0.000292249 4.26348 0.00336646 0.000114063 1.77323e-07 -0.00336646 4.26067 -0.000128061 -6.46784e-08 2.67358e-05 -0.000128061 0.999297 6.84987e-05 5.36503e-08 6.18132e-08 -6.84987e-05 0.999297 0.000789048 2.67347e-05 4.15619e-08 -0.000789048 0.998637
2.7 0.00051658 4.26402 -0.000588419 -2.97532e-07 0.00011406 -0.000588418 4.26102 0.000291956 2.46673e-07 2.84352e-07 -0.000291956 4.26101 0.00362864 0.000114054 1.91078e-07 -0.00362863 4.2582 -0.000137996 -6.97773e-08 2.67494e-05 -0.000137996 0.999296 6.84696e-05 5.78499e-08 6.66864e-08 -6.84696e-05 0.999296 0.00085099 2.67481e-05 4.48116e-08 -0.00085099 0.998636
2.8 0.000535698 4.26146 -0.000631932 -3.1992e-07 0.000114052 -0.000631931 4.25845 0.000291652 2.65092e-07 3.0575e-07 -0.000291652 4.25845 0.00390043 0.000114045 2.05328e-07 -0.00390043 4.25564 -0.00014829 -7.50729e-08 2.67635e-05 -0.00014829 0.999295 6.84394e-05 6.2207e-08 7.17477e-08 -6.84394e-05 0.999294 0.000915281 2.6762e-05 4.81826e-08 -0.000915281 0.998635
2.9 0.000554814 4.25881 -0.000676898 -3.43114e-07 0.000114043 -0.000676897 4.2558 0.000291337 2.84153e-07 3.27918e-07 -0.000291337 4.2558 0.00418182 0.000114035 2.20073e-07 -0.00418182 4.25299 -0.000158941 -8.05657e-08 2.67781e-05 -0.00015894 0.999294 6.84082e-05 6.67213e-08 7.69975e-08 -6.84082e-05 0.999293 0.000981923 2.67764e-05 5.16748e-08 -0.000981923 0.998634
3 0.000573928 4.25607 -0.000723303 -3.67112e-07 0.000114034 -0.000723302 4.25306 0.000291012 3.03853e-07 3.50854e-07 -0.000291012 4.25305 0.00447277 0.000114025 2.35309e-07 -0.00447277 4.25025 -0.000169946 -8.62562e-08 2.67933e-05 -0.000169946 0.999293 6.83758e-05 7.13929e-08 8.24362e-08 -6.83758e-05 0.999292 0.00105092 2.67912e-05 5.52879e-08 -0.00105092 0.998633
3.1 0.00059304 4.25324 -0.000771133 -3.91914e-07 0.000114025 -0.000771131 4.25022 0.000290676 3.24188e-07 3.74559e-07 -0.000290676 4.25022 0.00477326 0.000114015 2.51033e-07 -0.00477325 4.24742 -0.000181305 -9.2145e-08 2.6809e-05 -0.000181305 0.999291 6.83423e-05 7.62215e-08 8.80645e-08 -6.83423e-05 0.999291 0.00112226 2.68066e-05 5.90218e-08 -0.00112226 0.998632
3.2 0.000612151 4.25031 -0.000820373 -4.17519e-07 0.000114015 -0.000820371 4.24729 0.000290329 3.45156e-07 3.99031e-07 -0.000290329 4.24729 0.00508324 0.000114004 2.67244e-07 -0.00508323 4.24449 -0.000193015 -9.82325e-08 2.68251e-05 -0.000193014 0.99929 6.83077e-05 8.12071e-08 9.38828e-08 -6.83077e-05 0.999289 0.00119597 2.68225e-05 6.28763e-08 -0.00119597 0.998631
3.3 0.00063126 4.2473 -0.000871008 -4.43925e-07 0.000114005 -0.000871006 4.24428 0.000289971 3.66752e-07 4.24269e-07 -0.000289971 4.24427 0.00540268 0.000113993 2.83937e-07 -0.00540268 4.24148 -0.000205073 -1.04519e-07 2.68418e-05 -0.000205073 0.999289 6.8272e-05 8.63495e-08 9.98916e-08 -6.8272e-05 0.999288 0.00127203 2.68389e-05 6.68512e-08 -0.00127203 0.998629
3.4 0.000650367 4.24419 -0.000923022 -4.71131e-07 0.000113995 -0.00092302 4.24117 0.000289603 3.88974e-07 4.50273e-07 -0.000289603 4.24116 0.00573155 0.000113981 3.0111e-07 -0.00573155 4.23837 -0.000217479 -1.11006e-07 2.6859e-05 -0.000217478 0.999287 6.82352e-05 9.16486e-08 1.06092e-07 -6.82352e-05 0.999286 0.00135045 2.68558e-05 7.09465e-08 -0.00135044 0.998628
3.5 0.000669472 4.241 -0.0009764 -4.99137e-07 0.000113984 -0.000976398 4.23797 0.000289224 4.11819e-07 4.77041e-07 -0.000289224 4.23796 0.00606981 0.000113969 3.18761e-07 -0.00606981 4.23517 -0.000230229 -1.17693e-07 2.68768e-05 -0.000230228 0.999286 6.81972e-05 9.71042e-08 1.12483e-07 -6.81972e-05 0.999285 0.00143122 2.68732e-05 7.51618e-08 -0.00143122 0.998627
3.6 0.000688575 4.23771 -0.00103112 -5.2794e-07 0.000113973 -0.00103112 4.23468 0.000288835 4.35282e-07 5.04572e-07 -0.000288835 4.23467 0.00641743 0.000113957 3.36885e-07 -0.00641743 4.23189 -0.000243321 -1.24582e-07 2.6895e-05 -0.000243321 0.999285 6.81582e-05 1.02716e-07 1.19067e-07 -6.81582e-05 0.999283 0.00151436 2.68911e-05 7.9497e-08 -0.00151436 0.998625
3.7 0.000707676 4.23433 -0.00108718 -5.57541e-07 0.000113962 -0.00108718 4.2313 0.000288435 4.5936e-07 5.32865e-07 -0.000288435 4.23129 0.00677436 0.000113944 3.55481e-07 -0.00677436 4.22851 -0.000256754 -1.31672e-07 2.69137e-05 -0.000256753 0.999283 6.8118e-05 1.08484e-07 1.25844e-07 -6.81181e-05 0.999282 0.00159986 2.69096e-05 8.39519e-08 -0.00159986 0.998624
3.8 0.000726775 4.23087 -0.00114455 -5.87938e-07 0.00011395 -0.00114455 4.22783 0.000288024 4.84048e-07 5.61919e-07 -0.000288024 4.22782 0.00714057 0.000113931 3.74543e-07 -0.00714057 4.22504 -0.000270523 -1.38964e-07 2.6933e-05 -0.000270523 0.999281 6.80768e-05 1.14409e-07 1.32814e-07 -6.80768e-05 0.99928 0.00168773 2.69285e-05 8.85264e-08 -0.00168773 0.998623
3.9 0.000745871 4.22731 -0.00120321 -6.1913e-07 0.000113938 -0.00120321 4.22427 0.000287603 5.09345e-07 5.91732e-07 -0.000287603 4.22426 0.00751602 0.000113917 3.9407e-07 -0.00751602 4.22148 -0.000284628 -1.46459e-07 2.69528e-05 -0.000284627 0.99928 6.80344e-05 1.20489e-07 1.39978e-07 -6.80344e-05 0.999278 0.00177797 2.69479e-05 9.322e-08 -0.00177797 0.998621
4 0.000764965 4.22367 -0.00126315 -6.51115e-07 0.000113925 -0.00126315 4.22062 0.000287171 5.35244e-07 6.22305e-07 -0.000287171 4.22061 0.00790067 0.000113903 4.14058e-07 -0.00790066 4.21784 -0.000299065 -1.54159e-07 2.69731e-05 -0.000299065 0.999278 6.79909e-05 1.26725e-07 1.47338e-07 -6.79909e-05 0.999276 0.00187057 2.69678e-05 9.80328e-08 -0.00187057 0.99862
4.1 0.000784057 4.21993 -0.00132435 -6.83892e-07 0.000113912 -0.00132435 4.21688 0.000286729 5.61743e-07 6.53635e-07 -0.000286729 4.21687 0.00829447 0.000113889 4.34503e-07 -0.00829446 4.2141 -0.000313832 -1.62062e-07 2.69939e-05 -0.000313832 0.999277 6.79463e-05 1.33116e-07 1.54892e-07 -6.79463e-05 0.999275 0.00196554 2.69882e-05 1.02964e-07 -0.00196554 0.998618
4.2 0.000803147 4.21611 -0.00138679 -7.1746e-07 0.000113899 -0.00138679 4.21305 0.000286276 5.88836e-07 6.85721e-07 -0.000286277 4.21304 0.00869738 0.000113874 4.55401e-07 -0.00869737 4.21028 -0.000328927 -1.70171e-07 2.70152e-05 -0.000328926 0.999275 6.79006e-05 1.39663e-07 1.62643e-07 -6.79006e-05 0.999273 0.00206289 2.70092e-05 1.08015e-07 -0.00206289 0.998616
4.3 0.000822234 4.2122 -0.00145045 -7.51818e-07 0.000113885 -0.00145045 4.20914 0.000285813 6.16521e-07 7.18562e-07 -0.000285814 4.20913 0.00910935 0.000113858 4.7675e-07 -0.00910935 4.20636 -0.000344345 -1.78486e-07 2.7037e-05 -0.000344344 0.999273 6.78537e-05 1.46366e-07 1.70591e-07 -6.78538e-05 0.999271 0.00216261 2.70306e-05 1.13183e-07 -0.00216261 0.998615
4.4 0.000841318 4.2082 -0.00151531 -7.86963e-07 0.000113871 -0.00151531 4.20513 0.00028534 6.44792e-07 7.52157e-07 -0.00028534 4.20512 0.00953035 0.000113842 4.98545e-07 -0.00953035 4.20236 -0.000360085 -1.87007e-07 2.70593e-05 -0.000360084 0.999271 6.78058e-05 1.53223e-07 1.78736e-07 -6.78058e-05 0.999269 0.00226471 2.70525e-05 1.1847e-07 -0.00226471 0.998613
4.5 0.0008604 4.20411 -0.00158135 -8.22896e-07 0.000113856 -0.00158134 4.20104 0.000284857 6.73645e-07 7.86504e-07 -0.000284857 4.20103 0.00996032 0.000113826 5.20782e-07 -0.00996032 4.19827 -0.000376143 -1.95736e-07 2.70822e-05 -0.000376143 0.99927 6.77567e-05 1.60235e-07 1.8708e-07 -6.77568e-05 0.999267 0.00236919 2.7075e-05 1.23874e-07 -0.00236919 0.998611
4.6 0.00087948 4.19993 -0.00164855 -8.59613e-07 0.000113841 -0.00164854 4.19686 0.000284363 7.03075e-07 8.21603e-07 -0.000284363 4.19684 0.0103992 0.000113809 5.43458e-07 -0.0103992 4.19409 -0.000392518 -2.04673e-07 2.71055e-05 -0.000392517 0.999268 6.77065e-05 1.67401e-07 1.95623e-07 -6.77066e-05 0.999264 0.00247605 2.70979e-05 1.29397e-07 -0.00247604 0.998609
4.7 0.000898556 4.19567 -0.00171688 -8.97115e-07 0.000113826 -0.00171688 4.19259 0.000283859 7.33078e-07 8.5745e-07 -0.000283859 4.19257 0.010847 0.000113792 5.66568e-07 -0.010847 4.18983 -0.000409204 -2.13819e-07 2.71294e-05 -0.000409203 0.999266 6.76552e-05 1.74723e-07 2.04366e-07 -6.76552e-05 0.999262 0.00258529 2.71213e-05 1.35036e-07 -0.00258529 0.998608
4.8 0.00091763 4.19132 -0.00178634 -9.35399e-07 0.00011381 -0.00178634 4.18823 0.000283344 7.63649e-07 8.94047e-07 -0.000283345 4.18821 0.0113036 0.000113774 5.90108e-07 -0.0113036 4.18547 -0.0004262 -2.23175e-07 2.71538e-05 -0.000426199 0.999264 6.76027e-05 1.82198e-07 2.13309e-07 -6.76028e-05 0.99926 0.00269691 2.71453e-05 1.40793e-07 -0.00269691 0.998606
4.9 0.000936701 4.18688 -0.00185689 -9.74464e-07 0.000113794 -0.00185688 4.18379 0.00028282 7.94783e-07 9.3139e-07 -0.00028282 4.18377 0.011769 0.000113756 6.14075e-07 -0.011769 4.18103 -0.000443502 -2.32742e-07 2.71787e-05 -0.000443501 0.999262 6.75491e-05 1.89827e-07 2.22455e-07 -6.75492e-05 0.999258 0.00281093 2.71697e-05 1.46667e-07 -0.00281093 0.998604
5 0.00095577 4.18235 -0.00192851 -1.01431e-06 0.000113777 -0.00192851 4.17925 0.000282285 8.26476e-07 9.69478e-07 -0.000282286 4.17923 0.0122431 0.000113738 6.38464e-07 -0.0122431 4.1765 -0.000461107 -2.42521e-07 2.72041e-05 -0.000461106 0.99926 6.74944e-05 1.97611e-07 2.31802e-07 -6.74945e-05 0.999255 0.00292733 2.71947e-05 1.52657e-07 -0.00292733 0.998602
5.1 0.000974835 4.17774 -0.00200119 -1.05493e-06 0.00011376 -0.00200118 4.17464 0.000281741 8.58723e-07 1.00831e-06 -0.000281741 4.17461 0.0127259 0.000113718 6.63271e-07 -0.0127259 4.17189 -0.000479012 -2.52512e-07 2.723e-05 -0.000479011 0.999258 6.74386e-05 2.05547e-07 2.41353e-07 -6.74387e-05 0.999253 0.00304613 2.72201e-05 1.58763e-07 -0.00304613 0.998599
5.2 0.000993897 4.17304 -0.00207489 -1.09633e-06 0.000113742 -0.00207488 4.16993 0.000281186 8.91517e-07 1.04788e-06 -0.000281187 4.16991 0.0132174 0.000113699 6.88491e-07 -0.0132174 4.16718 -0.000497213 -2.62717e-07 2.72564e-05 -0.000497211 0.999256 6.73817e-05 2.13637e-07 2.51108e-07 -6.73818e-05 0.99925 0.00316732 2.72461e-05 1.64986e-07 -0.00316732 0.998597
5.3 0.00101296 4.16825 -0.00214959 -1.1385e-06 0.000113724 -0.00214959 4.16514 0.000280622 9.24855e-07 1.0882e-06 -0.000280622 4.16511 0.0137174 0.000113679 7.1412e-07 -0.0137173 4.16239 -0.000515706 -2.73136e-07 2.72833e-05 -0.000515705 0.999253 6.73236e-05 2.21881e-07 2.61069e-07 -6.73237e-05 0.999248 0.00329091 2.72725e-05 1.71324e-07 -0.00329091 0.998595
5.4 0.00103201 4.16338 -0.00222528 -1.18145e-06 0.000113705 -0.00222527 4.16026 0.000280047 9.5873e-07 1.12926e-06 -0.000280047 4.16024 0.0142259 0.000113658 7.40154e-07 -0.0142259 4.15752 -0.000534488 -2.83771e-07 2.73108e-05 -0.000534487 0.999251 6.72643e-05 2.30277e-07 2.71235e-07 -6.72645e-05 0.999245 0.0034169 2.72995e-05 1.77777e-07 -0.0034169 0.998593
5.5 0.00105107 4.15842 -0.00230192 -1.22516e-06 0.000113686 -0.00230191 4.1553 0.000279463 9.93139e-07 1.17105e-06 -0.000279463 4.15527 0.0147428 0.000113637 7.66588e-07 -0.0147428 4.15256 -0.000553556 -2.94622e-07 2.73387e-05 -0.000553555 0.999249 6.7204e-05 2.38826e-07 2.81609e-07 -6.72041e-05 0.999242 0.0035453 2.73269e-05 1.84346e-07 -0.0035453 0.99859
5.6 0.00107012 4.15338 -0.00237949 -1.26965e-06 0.000113666 -0.00237949 4.15025 0.000278868 1.02807e-06 1.21358e-06 -0.000278869 4.15022 0.0152682 0.000113615 7.93417e-07 -0.0152682 4.14751 -0.000572905 -3.0569e-07 2.73672e-05 -0.000572904 0.999247 6.71425e-05 2.47527e-07 2.9219e-07 -6.71426e-05 0.999239 0.0036761 2.73549e-05 1.91029e-07 -0.00367609 0.998588
5.7 0.00108916 4.14825 -0.00245798 -1.3149e-06 0.000113646 -0.00245797 4.14512 0.000278264 1.06353e-06 1.25684e-06 -0.000278265 4.14508 0.0158019 0.000113593 8.20636e-07 -0.0158019 4.14238 -0.000592533 -3.16977e-07 2.73962e-05 -0.000592531 0.999244 6.70799e-05 2.56381e-07 3.0298e-07 -6.708e-05 0.999236 0.0038093 2.73833e-05 1.97827e-07 -0.0038093 0.998585
5.8 0.00110821 4.14304 -0.00253734 -1.36092e-06 0.000113626 -0.00253733 4.1399 0.00027765 1.0995e-06 1.30083e-06 -0.000277651 4.13986 0.016344 0.00011357 8.48241e-07 -0.016344 4.13717 -0.000612434 -3.28483e-07 2.74257e-05 -0.000612433 0.999242 6.70161e-05 2.65386e-07 3.13981e-07 -6.70163e-05 0.999233 0.00394492 2.74123e-05 2.04739e-07 -0.00394492 0.998583
5.9 0.00112725 4.13774 -0.00261756 -1.4077e-06 0.000113605 -0.00261755 4.1346 0.000277027 1.13599e-06 1.34556e-06 -0.000277028 4.13456 0.0168942 0.000113547 8.76227e-07 -0.0168942 4.13187 -0.000632606 -3.4021e-07 2.74557e-05 -0.000632604 0.999239 6.69512e-05 2.74543e-07 3.25192e-07 -6.69514e-05 0.99923 0.00408295 2.74417e-05 2.11764e-07 -0.00408295 0.99858
6 0.00172656 4.13236 -0.00269861 -1.45525e-06 0.000113583 -0.0026986 4.12921 0.000276394 1.17298e-06 1.39102e-06 -0.000276394 4.12917 0.0174526 0.000113523 9.04589e-07 -0.0174526 4.12648 -0.000653043 -3.52159e-07 2.74862e-05 -0.000653042 0.999237 6.68851e-05 2.83851e-07 3.36615e-07 -6.68853e-05 0.999227 0.0042234 2.74717e-05 2.18904e-07 -0.0042234 0.998578
6.2 0.00236869 4.12135 -0.0028631 -1.55262e-06 0.000113538 -0.00286309 4.11818 0.000275098 1.24844e-06 1.48411e-06 -0.000275099 4.11814 0.0185937 0.000113474 9.6242e-07 -0.0185937 4.11546 -0.0006947 -3.76725e-07 2.75488e-05 -0.000694698 0.999232 6.67496e-05 3.02921e-07 3.60102e-07 -6.67498e-05 0.999221 0.00451156 2.75331e-05 2.33521e-07 -0.00451156 0.998572
6.4 0.00244479 4.11 -0.0030306 -1.65301e-06 0.000113491 -0.00303059 4.10682 0.000273765 1.32586e-06 1.5801e-06 -0.000273766 4.10677 0.0197667 0.000113422 1.02169e-06 -0.0197667 4.10411 -0.00073737 -4.02192e-07 2.76134e-05 -0.000737369 0.999226 6.66095e-05 3.22593e-07 3.84451e-07 -6.66097e-05 0.999214 0.00480942 2.75965e-05 2.48587e-07 -0.00480942 0.998566
6.6 0.00252085 4.09833 -0.00320088 -1.75642e-06 0.000113442 -0.00320087 4.09514 0.000272395 1.40517e-06 1.67896e-06 -0.000272396 4.09508 0.0209712 0.000113368 1.08237e-06 -0.0209712 4.09243 -0.00078102 -4.28569e-07 2.768e-05 -0.000781018 0.999221 6.64648e-05 3.42865e-07 4.0967e-07 -6.6465e-05 0.999207 0.005117 2.76619e-05 2.641e-07 -0.005117 0.99856
6.8 0.00259689 4.08633 -0.00337373 -1.86282e-06 0.00011339 -0.00337372 4.08312 0.000270987 1.48634e-06 1.7807e-06 -0.000270988 4.08306 0.0222065 0.000113311 1.1444e-06 -0.0222065 4.08042 -0.000825613 -4.55866e-07 2.77487e-05 -0.000825611 0.999215 6.63154e-05 3.63734e-07 4.35769e-07 -6.63157e-05 0.999199 0.00543434 2.77293e-05 2.80056e-07 -0.00543434 0.998554
7 0.00267289 4.074 -0.00354891 -1.97219e-06 0.000113336 -0.0035489 4.07078 0.000269542 1.5693e-06 1.88528e-06 -0.000269544 4.07071 0.0234722 0.000113252 1.20775e-06 -0.0234722 4.06808 -0.000871111 -4.84092e-07 2.78194e-05 -0.000871108 0.999209 6.61615e-05 3.85197e-07 4.62758e-07 -6.61618e-05 0.999192 0.00576146 2.77987e-05 2.96453e-07 -0.00576145 0.998547
7.2 0.00274886 4.06136 -0.0037262 -2.08453e-06 0.00011328 -0.00372619 4.05812 0.000268061 1.654e-06 1.99269e-06 -0.000268063 4.05804 0.0247677 0.000113191 1.27237e-06 -0.0247677 4.05543 -0.000917475 -5.13259e-07 2.78921e-05 -0.000917473 0.999203 6.60029e-05 4.07253e-07 4.90647e-07 -6.60033e-05 0.999183 0.00609838 2.78701e-05 3.13286e-07 -0.00609837 0.99854
7.4 0.0028248 4.04839 -0.00390535 -2.19981e-06 0.000113221 -0.00390534 4.04514 0.000266545 1.7404e-06 2.10293e-06 -0.000266546 4.04505 0.0260924 0.000113126 1.33821e-06 -0.0260924 4.04245 -0.000964666 -5.43378e-07 2.79669e-05 -0.000964664 0.999197 6.58396e-05 4.29899e-07 5.19447e-07 -6.58401e-05 0.999175 0.00644513 2.79435e-05 3.30553e-07 -0.00644513 0.998532
7.6 0.00290071 4.03511 -0.00408613 -2.31801e-06 0.000113159 -0.00408612 4.03185 0.000264993 1.82843e-06 2.21596e-06 -0.000264995 4.03175 0.0274458 0.000113059 1.40523e-06 -0.0274458 4.02916 -0.00101264 -5.7446e-07 2.80437e-05 -0.00101264 0.99919 6.56717e-05 4.53131e-07 5.49169e-07 -6.56722e-05 0.999166 0.00680174 2.80189e-05 3.48249e-07 -0.00680174 0.998524
7.8 0.00297657 4.02152 -0.00426829 -2.43912e-06 0.000113095 -0.00426828 4.01824 0.000263406 1.91805e-06 2.33178e-06 -0.000263408 4.01813 0.0288273 0.00011299 1.47337e-06 -0.0288273 4.01556 -0.00106136 -6.06517e-07 2.81225e-05 -0.00106136 0.999184 6.54991e-05 4.76947e-07 5.79824e-07 -6.54996e-05 0.999156 0.00716825 2.80962e-05 3.66372e-07 -0.00716824 0.998516
8 0.00305241 4.00762 -0.00445158 -2.56312e-06 0.000113028 -0.00445157 4.00432 0.000261785 2.00919e-06 2.45036e-06 -0.000261787 4.0042 0.0302362 0.000112917 1.5426e-06 -0.0302362 4.00164 -0.00111078 -6.3956e-07 2.82034e-05 -0.00111077 0.999177 6.53217e-05 5.01343e-07 6.11424e-07 -6.53223e-05 0.999147 0.00754467 2.81756e-05 3.84917e-07 -0.00754467 0.998508
8.2 0.0031282 3.99342 -0.00463575 -2.68998e-06 0.000112959 -0.00463574 3.9901 0.00026013 2.1018e-06 2.57168e-06 -0.000260133 3.98997 0.031672 0.000112842 1.61286e-06 -0.031672 3.98742 -0.00116085 -6.73604e-07 2.82862e-05 -0.00116084 0.99917 6.51397e-05 5.26317e-07 6.4398e-07 -6.51403e-05 0.999136 0.00793105 2.82569e-05 4.0388e-07 -0.00793104 0.998499
8.4 0.00320396 3.97891 -0.00482054 -2.8197e-06 0.000112886 -0.00482053 3.97558 0.000258442 2.19582e-06 2.69574e-06 -0.000258445 3.97543 0.033134 0.000112763 1.6841e-06 -0.033134 3.9729 -0.00121152 -7.0866e-07 2.83712e-05 -0.00121152 0.999163 6.49529e-05 5.51865e-07 6.77506e-07 -6.49536e-05 0.999126 0.0083274 2.83402e-05 4.23257e-07 -0.0083274 0.998489
8.6 0.00327968 3.96411 -0.0050057 -2.95224e-06 0.000112811 -0.00500569 3.96076 0.000256721 2.29119e-06 2.8225e-06 -0.000256724 3.9606 0.0346216 0.000112682 1.75628e-06 -0.0346216 3.95808 -0.00126276 -7.44742e-07 2.84581e-05 -0.00126275 0.999155 6.47613e-05 5.77983e-07 7.12014e-07 -6.47621e-05 0.999114 0.00873378 2.84255e-05 4.43045e-07 -0.00873377 0.998479
8.8 0.00335535 3.94901 -0.00519096 -3.08759e-06 0.000112732 -0.00519095 3.94564 0.000254968 2.38784e-06 2.95195e-06 -0.000254971 3.94546 0.0361342 0.000112597 1.82933e-06 -0.0361342 3.94296 -0.0013145 -7.81864e-07 2.8547e-05 -0.00131449 0.999147 6.4565e-05 6.0467e-07 7.47518e-07 -6.45659e-05 0.999103 0.0091502 2.85128e-05 4.63238e-07 -0.0091502 0.998469
9 0.00343099 3.93361 -0.00537606 -3.22572e-06 0.000112651 -0.00537604 3.93023 0.000253183 2.48573e-06 3.08408e-06 -0.000253186 3.93004 0.0376711 0.000112509 1.90321e-06 -0.037671 3.92755 -0.0013667 -8.20041e-07 2.8638e-05 -0.00136669 0.999139 6.43639e-05 6.3192e-07 7.84032e-07 -6.43648e-05 0.999091 0.0095767 2.8602e-05 4.83833e-07 -0.0095767 0.998458
9.2 0.00350659 3.91793 -0.00556072 -3.36663e-06 0.000112566 -0.0055607 3.91453 0.000251366 2.58478e-06 3.21885e-06 -0.000251371 3.91432 0.0392315 0.000112418 1.97787e-06 -0.0392315 3.91185 -0.0014193 -8.59286e-07 2.8731e-05 -0.0014193 0.999131 6.41579e-05 6.59729e-07 8.21569e-07 -6.4159e-05 0.999078 0.0100133 2.86932e-05 5.04824e-07 -0.0100133 0.998447
9.4 0.00358214 3.90197 -0.00574468 -3.51027e-06 0.000112478 -0.00574467 3.89855 0.00024952 2.68493e-06 3.35625e-06 -0.000249524 3.89832 0.040815 0.000112324 2.05325e-06 -0.040815 3.89587 -0.00147225 -8.99616e-07 2.8826e-05 -0.00147225 0.999123 6.39471e-05 6.88096e-07 8.60144e-07 -6.39483e-05 0.999065 0.0104601 2.87864e-05 5.26208e-07 -0.0104601 0.998436
9.6 0.00365765 3.88572 -0.00592767 -3.65664e-06 0.000112387 -0.00592766 3.88228 0.000247643 2.78612e-06 3.49627e-06 -0.000247648 3.88204 0.0424207 0.000112226 2.12929e-06 -0.0424207 3.8796 -0.0015255 -9.41046e-07 2.8923e-05 -0.0015255 0.999114 6.37315e-05 7.17014e-07 8.99772e-07 -6.37327e-05 0.999051 0.0109171 2.88815e-05 5.47978e-07 -0.0109171 0.998423
9.8 0.00373311 3.8692 -0.00610942 -3.80571e-06 0.000112292 -0.0061094 3.86574 0.000245737 2.88828e-06 3.63887e-06 -0.000245742 3.86548 0.044048 0.000112124 2.20595e-06 -0.044048 3.86305 -0.00157899 -9.83591e-07 2.9022e-05 -0.00157898 0.999106 6.3511e-05 7.4648e-07 9.40469e-07 -6.35124e-05 0.999037 0.0113843 2.89786e-05 5.70131e-07 -0.0113842 0.998411
10 0.00380853 3.85241 -0.00628964 -3.95746e-06 0.000112194 -0.00628962 3.84893 0.000243802 2.99136e-06 3.78403e-06 -0.000243808 3.84864 0.0456961 0.000112019 2.28317e-06 -0.0456961 3.84623 -0.00163265 -1.02727e-06 2.9123e-05 -0.00163265 0.999097 6.32856e-05 7.7649e-07 9.82251e-07 -6.32871e-05 0.999022 0.0118617 2.90777e-05 5.9266e-07 -0.0118617 0.998398
10.2 0.0038839 3.83534 -0.00646805 -4.11186e-06 0.000112092 -0.00646803 3.83184 0.000241839 3.09528e-06 3.93174e-06 -0.000241845 3.83153 0.0473644 0.00011191 2.36089e-06 -0.0473644 3.82914 -0.00168643 -1.0721e-06 2.9226e-05 -0.00168643 0.999087 6.30553e-05 8.0704e-07 1.02513e-06 -6.30569e-05 0.999006 0.0123495 2.91787e-05 6.15562e-07 -0.0123495 0.998384
10.4 0.00395923 3.81801 -0.00664439 -4.26889e-06 0.000111986 -0.00664437 3.81449 0.000239848 3.19997e-06 4.08197e-06 -0.000239854 3.81416 0.0490522 0.000111798 2.43906e-06 -0.0490521 3.81179 -0.00174027 -1.11809e-06 2.9331e-05 -0.00174027 0.999078 6.282e-05 8.38125e-07 1.06913e-06 -6.28218e-05 0.99899 0.0128476 2.92817e-05 6.38829e-07 -0.0128476 0.998369
10.6 0.0040345 3.80042 -0.00681837 -4.42853e-06 0.000111877 -0.00681834 3.79688 0.00023783 3.30538e-06 4.2347e-06 -0.000237837 3.79652 0.0507586 0.000111682 2.51762e-06 -0.0507586 3.79417 -0.00179411 -1.16527e-06 2.9438e-05 -0.0017941 0.999068 6.25798e-05 8.6974e-07 1.11427e-06 -6.25817e-05 0.998974 0.013356 2.93866e-05 6.62457e-07 -0.013356 0.998355
10.8 0.00410973 3.78258 -0.0069897 -4.59076e-06 0.000111764 -0.00698968 3.77901 0.000235786 3.41143e-06 4.38991e-06 -0.000235793 3.77863 0.052483 0.000111561 2.59651e-06 -0.052483 3.77629 -0.00184787 -1.21366e-06 2.9547e-05 -0.00184786 0.999058 6.23346e-05 9.0188e-07 1.16056e-06 -6.23367e-05 0.998956 0.0138749 2.94935e-05 6.8644e-07 -0.0138749 0.998339
11 0.00418491 3.76448 -0.00715812 -4.75554e-06 0.000111647 -0.00715809 3.76089 0.000233715 3.51806e-06 4.54757e-06 -0.000233724 3.76048 0.0542246 0.000111437 2.67568e-06 -0.0542246 3.75816 -0.00190149 -1.26327e-06 2.9658e-05 -0.00190148 0.999048 6.20845e-05 9.34542e-07 1.20802e-06 -6.20866e-05 0.998938 0.0144043 2.96023e-05 7.10771e-07 -0.0144043 0.998323
11.2 0.00426003 3.74613 -0.00732333 -4.92285e-06 0.000111526 -0.0073233 3.74252 0.00023162 3.62519e-06 4.70765e-06 -0.000231629 3.74208 0.0559828 0.000111309 2.75507e-06 -0.0559827 3.73978 -0.00195491 -1.31412e-06 2.9771e-05 -0.0019549 0.999038 6.18292e-05 9.67718e-07 1.25667e-06 -6.18316e-05 0.998919 0.0149442 2.9713e-05 7.35445e-07 -0.0149442 0.998306
11.4 0.00433511 3.72753 -0.00748505 -5.09267e-06 0.000111401 -0.00748502 3.7239 0.0002295 3.73277e-06 4.87015e-06 -0.00022951 3.72343 0.0577566 0.000111176 2.83462e-06 -0.0577566 3.72115 -0.00200804 -1.36623e-06 2.98859e-05 -0.00200804 0.999027 6.1569e-05 1.00141e-06 1.30653e-06 -6.15715e-05 0.9989 0.0154946 2.98257e-05 7.60456e-07 -0.0154946 0.998289
11.6 0.00441013 3.7087 -0.007643 -5.26498e-06 0.000111271 -0.00764298 3.70505 0.000227357 3.84071e-06 5.03502e-06 -0.000227367 3.70454 0.0595454 0.000111039 2.91428e-06 -0.0595454 3.70228 -0.00206083 -1.41963e-06 3.00029e-05 -0.00206083 0.999016 6.13037e-05 1.0356e-06 1.35763e-06 -6.13064e-05 0.998879 0.0160556 2.99403e-05 7.85796e-07 -0.0160556 0.99827
11.8 0.0044851 3.68962 -0.00779691 -5.43974e-06 0.000111138 -0.00779688 3.68595 0.00022519 3.94896e-06 5.20226e-06 -0.000225201 3.68541 0.0613484 0.000110898 2.99398e-06 -0.0613483 3.68317 -0.0021132 -1.47433e-06 3.01218e-05 -0.00211319 0.999005 6.10332e-05 1.07029e-06 1.40997e-06 -6.10362e-05 0.998858 0.0166273 3.00568e-05 8.1146e-07 -0.0166273 0.998251
12 0.0139046 3.67032 -0.00794648 -5.61693e-06 0.000111 -0.00794645 3.66663 0.000223 4.05744e-06 5.37182e-06 -0.000223012 3.66605 0.0631648 0.000110753 3.07368e-06 -0.0631647 3.66383 -0.00216506 -1.53037e-06 3.02426e-05 -0.00216506 0.998994 6.07577e-05 1.10547e-06 1.46358e-06 -6.07608e-05 0.998836 0.0172096 3.01752e-05 8.37441e-07 -0.0172096 0.998232
13 0.0246683 3.57048 -0.00861958 -6.53843e-06 0.000110243 -0.00861954 3.56667 0.000211738 4.60086e-06 6.25372e-06 -0.000211754 3.56589 0.0724206 0.000109956 3.46993e-06 -0.0724206 3.56377 -0.00241412 -1.83125e-06 3.08764e-05 -0.00241411 0.998932 5.93024e-05 1.28858e-06 1.75151e-06 -5.93068e-05 0.998715 0.0202832 3.0796e-05 9.71839e-07 -0.0202832 0.998122
14 0.0265294 3.4655 -0.00914283 -7.51661e-06 0.000109366 -0.00914279 3.46156 0.000200013 5.13956e-06 7.19002e-06 -0.000200034 3.46054 0.0818934 0.000109038 3.85716e-06 -0.0818934 3.45853 -0.00263824 -2.16898e-06 3.15586e-05 -0.00263823 0.998864 5.77155e-05 1.48306e-06 2.07474e-06 -5.77215e-05 0.998569 0.0236311 3.14639e-05 1.11302e-06 -0.023631 0.99799
15 0.0283823 3.35597 -0.00948292 -8.54789e-06 0.000108359 -0.00948287 3.3519 0.000187913 5.66481e-06 8.17727e-06 -0.00018794 3.35058 0.0914826 0.000107989 4.22818e-06 -0.0914826 3.34869 -0.00282569 -2.54707e-06 3.22885e-05 -0.00282567 0.998788 5.59937e-05 1.68798e-06 2.43664e-06 -5.60017e-05 0.998396 0.0272597 3.21782e-05 1.2599e-06 -0.0272597 0.997832
16 0.0302266 3.24246 -0.00960843 -9.62851e-06 0.000107213 -0.00960838 3.23826 0.000175526 6.16798e-06 9.21186e-06 -0.000175561 3.2366 0.101087 0.000106799 4.57594e-06 -0.101087 3.23483 -0.00296331 -2.9695e-06 3.30652e-05 -0.00296329 0.998704 5.41336e-05 1.90225e-06 2.841e-06 -5.41442e-05 0.998191 0.031176 3.29377e-05 1.41126e-06 -0.031176 0.997645
17 0.0320617 3.12559 -0.00949053 -1.07545e-05 0.000105918 -0.00949047 3.12125 0.000162943 6.64072e-06 1.029e-05 -0.000162986 3.11919 0.110606 0.000105461 4.89373e-06 -0.110606 3.11754 -0.00303639 -3.4408e-06 3.38874e-05 -0.00303637 0.998611 5.21319e-05 2.12463e-06 3.29218e-06 -5.21457e-05 0.997951 0.0353871 3.37412e-05 1.5657e-06 -0.0353871 0.997425
18 0.0338871 3.00596 -0.00910352 -1.19219e-05 0.000104469 -0.00910344 3.00147 0.000150253 7.07507e-06 1.14079e-05 -0.000150306 2.99895 0.11994 0.000103968 5.17519e-06 -0.11994 2.99744 -0.00302849 -3.96611e-06 3.4754e-05 -0.00302847 0.998508 4.99851e-05 2.35368e-06 3.79508e-06 -5.00027e-05 0.997669 0.0399007 3.45873e-05 1.72165e-06 -0.0399007 0.997166
19 0.0357021 2.88416 -0.00842535 -1.31265e-05 0.000102858 -0.00842527 2.87953 0.000137545 7.46354e-06 1.25613e-05 -0.00013761 2.87649 0.128993 0.000102314 5.41448e-06 -0.128993 2.87511 -0.00292125 -4.55124e-06 3.5663e-05 -0.00292122 0.998395 4.76899e-05 2.58777e-06 4.35526e-06 -4.77122e-05 0.997341 0.0447246 3.54743e-05 1.87732e-06 -0.0447246 0.996863
20 0.0375062 2.7608 -0.00743813 -1.43639e-05 0.00010108 -0.00743804 2.75602 0.000124907 7.79924e-06 1.37461e-05 -0.000124984 2.75241 0.137672 0.000100493 5.60632e-06 -0.137672 2.75117 -0.00269419 -5.20281e-06 3.66127e-05 -0.00269416 0.998269 4.5243e-05 2.82499e-06 4.97902e-06 -4.5271e-05 0.99696 0.0498668 3.63999e-05 2.03069e-06 -0.0498668 0.996511
21 0.0392989 2.63647 -0.00612851 -1.56297e-05 9.91322e-05 -0.0061284 2.63154 0.000112424 8.07598e-06 1.4958e-05 -0.000112515 2.62729 0.14589 9.85027e-05 5.7461e-06 -0.14589 2.6262 -0.00232451 -5.92827e-06 3.76003e-05 -0.00232447 0.998131 4.26417e-05 3.06318e-06 5.67348e-06 -4.26765e-05 0.996519 0.0553353 3.73616e-05 2.17947e-06 -0.0553353 0.996103
22 0.0410797 2.51174 -0.00448794 -1.69193e-05 9.70114e-05 -0.00448783 2.50667 0.000100177 8.28833e-06 1.61924e-05 -0.000100285 2.50172 0.153563 9.63412e-05 5.82992e-06 -0.153563 2.50077 -0.00178679 -6.73607e-06 3.86232e-05 -0.00178674 0.997979 3.98834e-05 3.29983e-06 6.44667e-06 -3.99264e-05 0.99601 0.0611382 3.83563e-05 2.32107e-06 -0.0611382 0.995631
23 0.0428479 2.38718 -0.00251299 -1.82278e-05 9.47173e-05 -0.00251286 2.38195 8.82452e-05 8.43172e-06 1.74447e-05 -8.83707e-05 2.37625 0.160617 9.4008e-05 5.85466e-06 -0.160617 2.37545 -0.0010527 -7.63574e-06 3.96776e-05 -0.00105265 0.997811 3.69664e-05 3.53209e-06 7.30767e-06 -3.7019e-05 0.995425 0.0672833 3.93804e-05 2.45255e-06 -0.0672833 0.995087
24 0.0446031 2.26331 -0.000205386 -1.95506e-05 9.22508e-05 -0.000205241 2.25793 7.67025e-05 8.5025e-06 1.87101e-05 -7.68472e-05 2.25143 0.166982 9.15045e-05 5.81803e-06 -0.166982 2.25077 -9.0746e-05 -8.63806e-06 4.07593e-05 -9.0682e-05 0.997627 3.38896e-05 3.75667e-06 8.26673e-06 -3.39535e-05 0.994754 0.0737779 4.04296e-05 2.57059e-06 -0.0737779 0.994462
25 0.0463447 2.14065 0.00242787 -2.08824e-05 8.96146e-05 0.00242803 2.13513 6.56176e-05 8.49795e-06 1.99838e-05 -6.57829e-05 2.12777 0.172597 8.88335e-05 5.71858e-06 -0.172597 2.12726 0.00113417 -9.75519e-06 4.18634e-05 0.00113425 0.997423 3.06532e-05 3.9698e-06 9.33539e-06 -3.07304e-05 0.993986 0.0806286 4.14984e-05 2.67143e-06 -0.0806286 0.993746
26 0.0480722 2.01968 0.00537457 -2.22182e-05 8.68129e-05 0.00537474 2.01402 5.50539e-05 8.41634e-06 2.12604e-05 -5.52413e-05 2.00576 0.177411 8.59996e-05 5.55572e-06 -0.17741 2.0054 0.0026611 -1.10008e-05 4.29835e-05 0.00266119 0.997199 2.72587e-05 4.16717e-06 1.05266e-05 -2.73515e-05 0.993109 0.0878409 4.25808e-05 2.75079e-06 -0.0878409 0.992927
27 0.049785 1.90086 0.00861743 -2.35524e-05 8.38517e-05 0.00861762 1.89507 4.50688e-05 8.25698e-06 2.25349e-05 -4.52796e-05 1.88586 0.181378 8.3009e-05 5.32975e-06 -0.181378 1.88564 0.00453344 -1.23904e-05 4.41125e-05 0.00453354 0.996951 2.37097e-05 4.34381e-06 1.18551e-05 -2.38206e-05 0.99211 0.0954189 4.36692e-05 2.80386e-06 -0.0954188 0.991994
28 0.0514827 1.78461 0.0121343 -2.48797e-05 8.07385e-05 0.0121345 1.77868 3.57135e-05 8.02014e-06 2.38017e-05 -3.59488e-05 1.7685 0.184465 7.98696e-05 5.04181e-06 -0.184465 1.76842 0.00679944 -1.39413e-05 4.52416e-05 0.00679956 0.996679 2.00119e-05 4.49406e-06 1.33372e-05 -2.01438e-05 0.990974 0.103364 4.47547e-05 2.82517e-06 -0.103364 0.990932
29 0.0531646 1.67131 0.0158986 -2.61943e-05 7.74824e-05 0.0158988 1.66525 2.70322e-05 7.70712e-06 2.50551e-05 -2.72931e-05 1.65407 0.186646 7.65905e-05 4.69388e-06 -0.186646 1.65413 0.00951265 -1.56729e-05 4.63603e-05 0.00951279 0.996378 1.61743e-05 4.61143e-06 1.49913e-05 -1.63304e-05 0.989684 0.111677 4.58267e-05 2.80851e-06 -0.111676 0.989725
30 0.0548304 1.56131 0.0198793 -2.74902e-05 7.40939e-05 0.0198795 1.55514 1.90627e-05 7.3202e-06 2.62894e-05 -1.935e-05 1.54292 0.187905 7.31826e-05 4.28875e-06 -0.187905 1.54313 0.0127324 -1.76071e-05 4.74563e-05 0.0127326 0.996046 1.22094e-05 4.68851e-06 1.6838e-05 -1.23935e-05 0.988223 0.120351 4.68726e-05 2.74689e-06 -0.120351 0.988355
31 0.0564795 1.45492 0.0240418 -2.87612e-05 7.05851e-05 0.0240421 1.44864 1.18353e-05 6.86258e-06 2.74983e-05 -1.21497e-05 1.43538 0.188236 6.96577e-05 3.82993e-06 -0.188236 1.43572 0.0165245 -1.97682e-05 4.85147e-05 0.0165247 0.99568 8.13464e-06 4.71681e-06 1.89002e-05 -8.35078e-06 0.986569 0.129379 4.78773e-05 2.6324e-06 -0.129379 0.986805
32 0.0581114 1.35242 0.0283483 -3.00011e-05 6.69689e-05 0.0283486 1.34603 5.37328e-06 6.33836e-06 2.86757e-05 -5.7153e-06 1.33173 0.187641 6.60292e-05 3.32167e-06 -0.187641 1.3322 0.0209612 -2.21833e-05 4.95179e-05 0.0209614 0.995276 3.97309e-06 4.68668e-06 2.12033e-05 -4.22599e-06 0.984699 0.138745 4.88231e-05 2.45609e-06 -0.138745 0.985051
33 0.0597256 1.25403 0.0327582 -3.12032e-05 6.32597e-05 0.0327585 1.24755 -3.07146e-07 5.75244e-06 2.98151e-05 -6.26505e-08 1.2322 0.186133 6.23113e-05 2.76881e-06 -0.186133 1.23281 0.0261222 -2.48823e-05 5.04449e-05 0.0261225 0.99483 -2.44926e-07 4.58715e-06 2.37753e-05 -4.99591e-08 0.98259 0.148427 4.96887e-05 2.20792e-06 -0.148427 0.983071
34 0.0613216 1.15997 0.0372289 -3.23608e-05 5.94726e-05 0.0372292 1.1534 -5.197e-06 5.11052e-06 3.09097e-05 4.79948e-06 1.13701 0.183731 5.85192e-05 2.17679e-06 -0.183731 1.13774 0.0320948 -2.78981e-05 5.1271e-05 0.0320951 0.994338 -4.4803e-06 4.40575e-06 2.66471e-05 4.13761e-06 0.980212 0.158393 5.04491e-05 1.8766e-06 -0.158393 0.980838
35 0.0628989 1.07037 0.0417161 -3.3467e-05 5.56235e-05 0.0417165 1.06373 -9.29427e-06 4.41892e-06 3.19527e-05 8.86935e-06 1.04632 0.180464 5.46688e-05 1.55147e-06 -0.180464 1.04716 0.0389737 -3.12668e-05 5.19667e-05 0.038974 0.993795 -8.68326e-06 4.12842e-06 2.98521e-05 8.28627e-06 0.977536 0.1686 5.10748e-05 1.44948e-06 -0.1686 0.978323
36 0.064457 0.98536 0.046175 -3.45144e-05 5.17291e-05 0.0461754 0.978654 -1.26038e-05 3.68458e-06 3.2937e-05 1.21521e-05 0.96026 0.176368 5.07766e-05 8.99147e-07 -0.176368 0.961213 0.0468611 -3.50272e-05 5.24976e-05 0.0468615 0.993195 -1.27911e-05 3.73933e-06 3.34264e-05 1.23326e-05 0.974528 0.178989 5.1531e-05 9.12506e-07 -0.178989 0.975495
37 0.0659956 0.905025 0.0505602 -3.54957e-05 4.78063e-05 0.0505607 0.898268 -1.51369e-05 2.9149e-06 3.38553e-05 1.46592e-05 0.878917 0.171488 4.68594e-05 2.26384e-07 -0.171488 0.879973 0.0558661 -3.92207e-05 5.28231e-05 0.0558666 0.992534 -1.67254e-05 3.22079e-06 3.74082e-05 1.61976e-05 0.971152 0.189484 5.17769e-05 2.50141e-07 -0.189484 0.972319
38 0.067514 0.829411 0.054827 -3.64036e-05 4.38724e-05 0.0548275 0.822614 -1.69113e-05 2.11765e-06 3.47003e-05 1.64088e-05 0.802348 0.165872 4.29344e-05 -4.60039e-07 -0.165872 0.803499 0.0661035 -4.38908e-05 5.28959e-05 0.0661041 0.991805 -2.03896e-05 2.5532e-06 4.18373e-05 1.97837e-05 0.967371 0.199988 5.1765e-05 -5.54657e-07 -0.199988 0.968759
39 0.0690118 0.758531 0.0589316 -3.72302e-05 3.99449e-05 0.0589322 0.751707 -1.79505e-05 1.30092e-06 3.54643e-05 1.74246e-05 0.730575 0.159578 3.90189e-05 -1.15323e-06 -0.159578 0.731813 0.0776918 -4.90819e-05 5.26608e-05 0.0776925 0.991003 -2.36649e-05 1.71505e-06 4.67539e-05 2.29715e-05 0.963144 0.210378 5.144e-05 -1.52035e-06 -0.210378 0.964776
40 0.10628 0.692367 0.0628321 -3.79679e-05 3.6041e-05 0.0628326 0.685527 -1.82836e-05 4.72904e-07 3.61398e-05 1.77359e-05 0.663584 0.152666 3.51299e-05 -1.84629e-06 -0.152666 0.664902 0.0907496 -5.48378e-05 5.20548e-05 0.0907505 0.990121 -2.64073e-05 6.83025e-07 5.21975e-05 2.56163e-05 0.958429 0.220498 5.07388e-05 -2.66663e-06 -0.220498 0.960331
42 0.146749 0.573965 0.0698635 -3.91455e-05 2.83723e-05 0.0698642 0.567134 -1.69721e-05 -1.18388e-06 3.71946e-05 1.63867e-05 0.543757 0.137251 2.74984e-05 -3.20483e-06 -0.137251 0.545206 0.121721 -6.8202e-05 4.94321e-05 0.121722 0.988099 -2.957e-05 -2.06264e-06 6.4803e-05 2.85501e-05 0.94737 0.239128 4.79096e-05 -5.58367e-06 -0.239128 0.949894
44 0.152348 0.473497 0.0756383 -3.98747e-05 2.09975e-05 0.0756391 0.466727 -1.33014e-05 -2.78776e-06 3.78039e-05 1.26876e-05 0.442197 0.120187 2.01695e-05 -4.48347e-06 -0.120186 0.443741 0.159744 -8.42132e-05 4.43456e-05 0.159746 0.985702 -2.80919e-05 -5.8876e-06 7.98397e-05 2.67954e-05 0.933896 0.253827 4.25969e-05 -9.46884e-06 -0.253827 0.937156
46 0.157761 0.389889 0.0799314 -4.00958e-05 1.40378e-05 0.0799323 0.383231 -7.65241e-06 -4.27799e-06 3.79088e-05 7.02027e-06 0.357855 0.102059 1.32619e-05 -5.63523e-06 -0.102059 0.359455 0.205011 -0.000102839 3.60047e-05 0.205013 0.982922 -1.96271e-05 -1.09723e-05 9.72296e-05 1.80058e-05 0.917839 0.261764 3.40144e-05 -1.44534e-05 -0.261763 0.921942
48 0.162982 0.321775 0.082586 -3.97533e-05 7.60018e-06 0.082587 0.315277 -4.44744e-07 -5.60102e-06 3.74549e-05 -1.94895e-07 0.289376 0.0834579 6.88043e-06 -6.62052e-06 -0.0834577 0.290994 0.256657 -0.000123544 2.36195e-05 0.256661 0.979804 -1.38216e-06 -1.74066e-05 0.000116401 -6.05687e-07 0.89931 0.259367 2.13827e-05 -2.0575e-05 -0.259366 0.904339
50 0.168004 0.267581 0.0835199 -3.87988e-05 1.77503e-06 0.0835211 0.261286 7.88074e-06 -6.71308e-06 3.63947e-05 -8.51733e-06 0.235179 0.064952 1.1137e-06 -7.40894e-06 -0.0649517 0.236779 0.312129 -0.000144998 6.63361e-06 0.312134 0.976474 2.94518e-05 -2.5088e-05 0.000136014 -3.18308e-05 0.878906 0.242737 4.16212e-06 -2.76886e-05 -0.242736 0.884887
52 0.172821 0.225602 0.0827272 -3.71933e-05 -3.36549e-06 0.0827285 0.219547 1.68793e-05 -7.58217e-06 3.46904e-05 -1.75032e-05 0.19354 0.0470666 -3.96784e-06 -7.98046e-06 -0.0470662 0.19509 0.366696 -0.000164863 -1.49178e-05 0.366702 0.973164 7.48188e-05 -3.36087e-05 0.000153768 -7.75845e-05 0.857883 0.208627 -1.75878e-05 -3.53741e-05 -0.208625 0.864753
54 0.177428 0.194074 0.0802754 -3.49102e-05 -7.76837e-06 0.080277 0.188291 2.61181e-05 -8.18933e-06 3.23168e-05 -2.67214e-05 0.162665 0.0302663 -8.31251e-06 -8.32604e-06 -0.0302658 0.164136 0.413633 -0.000179881 -4.00278e-05 0.413641 0.970199 0.000134578 -4.21969e-05 0.000166518 -0.000137687 0.838157 0.155952 -4.28316e-05 -4.29013e-05 -0.15595 0.845736
56 0.181819 0.171244 0.0762995 -3.19378e-05 -1.13997e-05 0.0763013 0.165751 3.51908e-05 -8.5293e-06 2.92637e-05 -3.57679e-05 0.140756 0.0149405 -1.18873e-05 -8.44776e-06 -0.0149398 0.142126 0.44556 -0.000186504 -6.657e-05 0.44557 0.967923 0.000205501 -4.98078e-05 0.000170889 -0.000208871 0.821961 0.0872465 -6.94175e-05 -4.93317e-05 -0.0872427 0.829961
58 0.185988 0.155422 0.0709918 -2.82817e-05 -1.42441e-05 0.0709938 0.150229 4.37295e-05 -8.61036e-06 2.55388e-05 -4.42774e-05 0.126074 0.00139373 -1.46776e-05 -8.35834e-06 -0.00139291 0.127329 0.456767 -0.000181967 -9.16478e-05 0.45678 0.966584 0.000281359 -5.53998e-05 0.000164319 -0.000284885 0.81117 0.00896738 -9.44367e-05 -5.37783e-05 -0.00896211 0.819243
60 0.286303 0.14503 0.0645898 -2.39665e-05 -1.63034e-05 0.064592 0.140132 5.14141e-05 -8.4536e-06 2.1169e-05 -5.1933e-05 0.116983 -0.010159 -1.66854e-05 -8.08025e-06 0.01016 0.118118 0.445355 -0.000165252 -0.000112414 0.445371 0.96623 0.000354507 -5.82887e-05 0.000145963 -0.000358085 0.806613 -0.0700474 -0.000115048 -5.57144e-05 0.0700544 0.81444
64 0.394175 0.134983 0.0495954 -1.35588e-05 -1.81516e-05 0.0495982 0.130613 6.32215e-05 -7.56593e-06 1.07069e-05 -6.36952e-05 0.109789 -0.0268724 -1.84401e-05 -7.08878e-06 0.0268739 0.110714 0.367419 -0.000100448 -0.000134473 0.367439 0.967623 0.000468365 -5.60508e-05 7.93198e-05 -0.000471874 0.813349 -0.19908 -0.00013661 -5.25159e-05 0.19909 0.820205
68 0.406626 0.131818 0.0335855 -1.31801e-06 -1.72462e-05 0.0335888 0.127793 6.92193e-05 -6.22604e-06 -1.49252e-06 -6.96818e-05 0.109423 -0.0352113 -1.74561e-05 -5.79262e-06 0.0352132 0.110261 0.254787 -9.99872e-06 -0.000130833 0.254812 0.969469 0.000525113 -4.72321e-05 -1.13226e-05 -0.000528622 0.830105 -0.267121 -0.000132426 -4.39441e-05 0.267135 0.836466
72 0.417095 0.129293 0.0186672 1.18568e-05 -1.40653e-05 0.018671 0.125322 6.8975e-05 -4.86742e-06 -1.45026e-05 -6.94712e-05 0.109245 -0.0363077 -1.42177e-05 -4.56108e-06 0.03631 0.110222 0.144379 9.17051e-05 -0.000108786 0.144408 0.969286 0.000533478 -3.76464e-05 -0.000112169 -0.000537316 0.84494 -0.280817 -0.000109965 -3.52771e-05 0.280835 0.852498
76 0.425533 0.124062 0.00645002 2.48542e-05 -9.21971e-06 0.00645414 0.119758 6.29151e-05 -3.91485e-06 -2.71935e-05 -6.34851e-05 0.105617 -0.03203 -9.34544e-06 -3.75208e-06 0.0320326 0.107054 0.0519902 0.000200336 -7.43152e-05 0.0520234 0.965305 0.000507126 -3.15556e-05 -0.000219192 -0.00051172 0.85132 -0.258177 -7.53286e-05 -3.02436e-05 0.258198 0.862906
80 0.431897 0.11516 -0.00214083 3.64795e-05 -3.41465e-06 -0.00213656 0.110075 5.21308e-05 -3.71076e-06 -3.83724e-05 -5.27937e-05 0.0974105 -0.0245535 -3.55635e-06 -3.65683e-06 0.0245563 0.0996996 -0.01859 0.000316771 -2.96513e-05 -0.0185529 0.955844 0.00045268 -3.22226e-05 -0.000333209 -0.000458437 0.845869 -0.213212 -3.08817e-05 -3.17542e-05 0.213236 0.865747
84 0.436158 0.103303 -0.00688834 4.56119e-05 2.58961e-06 -0.00688411 0.0969761 3.81369e-05 -4.4626e-06 -4.6949e-05 -3.88795e-05 0.0853083 -0.0159702 2.38027e-06 -4.45751e-06 0.0159731 0.08887 -0.0666812 0.000441537 2.50682e-05 -0.0666403 0.938758 0.000369176 -4.31993e-05 -0.00045448 -0.000376365 0.82581 -0.154597 2.30417e-05 -4.31501e-05 0.154625 0.860288
88 0.328636 0.0901415 -0.00816971 5.13615e-05 8.02955e-06 -0.00816572 0.0821572 2.26242e-05 -6.21777e-06 -5.20926e-05 -2.33962e-05 0.0710432 -0.00799483 7.69895e-06 -6.2024e-06 0.00799769 0.0762713 -0.0906321 0.000569788 8.90772e-05 -0.0905878 0.911425 0.000250986 -6.89779e-05 -0.000577898 -0.000259549 0.78813 -0.088692 8.54097e-05 -6.88074e-05 0.0887237 0.846128
90 0.219313 0.0836764 -0.00774185 5.27857e-05 1.03151e-05 -0.00773803 0.0747381 1.48187e-05 -7.44269e-06 -5.32192e-05 -1.55757e-05 0.0637548 -0.00462398 9.90576e-06 -7.40562e-06 0.00462681 0.069938 -0.0925212 0.000630831 0.000123274 -0.0924756 0.893179 0.000177095 -8.89461e-05 -0.000636012 -0.000186142 0.76192 -0.0552602 0.000118382 -8.85031e-05 0.0552941 0.835815
92 0.328636 0.0775941 -0.00675319 5.31991e-05 1.22077e-05 -0.00674958 0.0676424 7.23491e-06 -8.86583e-06 -5.33525e-05 -7.95287e-06 0.0567041 -0.00179769 1.17097e-05 -8.80028e-06 0.00180049 0.0639022 -0.0870322 0.000685607 0.000157327 -0.0869857 0.871746 9.32405e-05 -0.000114259 -0.000687584 -0.000102493 0.730779 -0.0231679 0.000150909 -0.000113414 0.023204 0.823545
96 0.436158 0.0673193 -0.00356364 5.10343e-05 1.45761e-05 -0.00356048 0.0552552 -6.61698e-06 -1.21635e-05 -5.07181e-05 6.05798e-06 0.0441843 0.00203512 1.38803e-05 -1.2034e-05 -0.00203236 0.0535032 -0.0529364 0.000758093 0.000216521 -0.0528895 0.820793 -9.82924e-05 -0.000180683 -0.000753396 8.99888e-05 0.656339 0.0302309 0.000206186 -0.00017876 -0.0301899 0.794768
100 0.431897 0.0603794 0.000529373 4.52271e-05 1.48214e-05 0.000532072 0.0462678 -1.78703e-05 -1.57748e-05 -4.46094e-05 1.75816e-05 0.0348122 0.00343707 1.39174e-05 -1.55903e-05 -0.00343428 0.0461987 0.00876744 0.000749049 0.000245471 0.00881214 0.766284 -0.000295967 -0.000261261 -0.000738818 0.000291185 0.576558 0.0569245 0.000230499 -0.000258205 -0.0568783 0.765139
104 0.425533 0.0570953 0.00486192 3.653e-05 1.29307e-05 0.00486422 0.0412327 -2.58836e-05 -1.93191e-05 -3.58034e-05 2.5967e-05 0.0291727 0.00272776 1.18275e-05 -1.91013e-05 -0.00272489 0.0423394 0.0851545 0.000639807 0.000226476 0.0851947 0.722174 -0.00045334 -0.000338365 -0.000627081 0.000454802 0.510948 0.0477756 0.000207153 -0.00033455 -0.0477253 0.741556
108 0.417095 0.0570738 0.00904491 2.59711e-05 9.21816e-06 0.00904689 0.0399818 -3.04468e-05 -2.24192e-05 -2.53121e-05 3.09815e-05 0.0270964 0.000451795 7.93997e-06 -2.21911e-05 -0.000448795 0.0415234 0.158477 0.000455044 0.000161513 0.158512 0.700528 -0.000533463 -0.000392811 -0.000443497 0.000542832 0.474761 0.00791598 0.000139118 -0.000388814 -0.00786342 0.727538
112 0.406626 0.0593711 0.0129528 1.47017e-05 4.29716e-06 0.0129546 0.0417557 -3.17435e-05 -2.47453e-05 -1.42364e-05 3.27771e-05 0.0277841 -0.00277404 2.87949e-06 -2.45209e-05 0.00277713 0.0427559 0.218167 0.000247624 7.23781e-05 0.218197 0.7033 -0.000534663 -0.00041679 -0.000239787 0.000552072 0.467974 -0.0467238 4.84999e-05 -0.000413011 0.0467759 0.720147
116 0.394175 0.0627411 0.0166493 3.83511e-06 -1.00345e-06 0.0166508 0.0454205 -3.02736e-05 -2.60489e-05 -3.62159e-06 3.1819e-05 0.0300186 -0.00637888 -2.51703e-06 -2.58272e-05 0.00638195 0.0446969 0.265364 6.11259e-05 -1.59934e-05 0.265389 0.723935 -0.000482516 -0.000415181 -5.77227e-05 0.000507147 0.478452 -0.10167 -4.01177e-05 -0.000411646 0.101719 0.712402
120 0.379804 0.0659168 0.0202769 -5.69324e-06 -5.76885e-06 0.0202783 0.049723 -2.67474e-05 -2.61874e-05 5.66449e-06 2.87842e-05 0.0324176 -0.00990835 -7.32806e-06 -2.595e-05 0.00991123 0.0459435 0.307613 -8.63701e-05 -8.75171e-05 0.307634 0.75433 -0.000405776 -0.00039728 8.59339e-05 0.000436674 0.491795 -0.150316 -0.000111171 -0.000393677 0.15036 0.696992
124 0.363583 0.0678683 0.0239437 -1.32241e-05 -9.15019e-06 0.0239449 0.0535354 -2.19673e-05 -2.51353e-05 1.30138e-05 2.44467e-05 0.0336805 -0.0130476 -1.06993e-05 -2.48499e-05 0.0130501 0.045294 0.352797 -0.000194849 -0.000134823 0.352814 0.788813 -0.000323676 -0.000370354 0.00019175 0.000360208 0.496263 -0.192249 -0.000157649 -0.000366148 0.192285 0.667381
128 0.34559 0.0679959 0.0276341 -1.84183e-05 -1.05098e-05 0.0276349 0.0560495 -1.67133e-05 -2.29854e-05 1.8114e-05 1.95634e-05 0.0327941 -0.0156069 -1.19905e-05 -2.26134e-05 0.0156087 0.0419531 0.406408 -0.000270874 -0.000154565 0.40642 0.824307 -0.000245798 -0.000338041 0.000266399 0.000287715 0.482296 -0.229527 -0.000176342 -0.000332569 0.229554 0.616994
132 0.325914 0.0662248 0.0311643 -2.12482e-05 -9.53006e-06 0.0311647 0.0568913 -1.16479e-05 -1.99389e-05 2.09391e-05 1.47777e-05 0.0291669 -0.0174863 -1.08862e-05 -1.94456e-05 0.0174874 0.0356469 0.470584 -0.00032085 -0.000143905 0.47059 0.859064 -0.000175885 -0.000301079 0.000316183 0.000223145 0.440423 -0.264045 -0.000164382 -0.000293631 0.264061 0.538271
136 0.304649 0.0629897 0.0341927 -2.19446e-05 -6.26381e-06 0.0341927 0.0561416 -7.25336e-06 -1.62847e-05 2.17018e-05 1.05542e-05 0.0226816 -0.0186366 -7.44674e-06 -1.56502e-05 0.0186368 0.026637 0.542831 -0.000348383 -9.94418e-05 0.54283 0.891283 -0.000115152 -0.000258529 0.00034453 0.000167554 0.360085 -0.295867 -0.000118222 -0.000248457 0.295871 0.422878
140 0.281901 0.0591162 0.0362797 -2.0917e-05 -1.11347e-06 0.0362792 0.0542659 -3.80457e-06 -1.23676e-05 2.07824e-05 7.15261e-06 0.0136648 -0.0190305 -2.08828e-06 -1.15946e-05 0.01903 0.0156372 0.613702 -0.000353829 -1.88352e-05 0.613693 0.917953 -6.43576e-05 -0.000209209 0.000351551 0.000120993 0.231151 -0.321917 -3.5325e-05 -0.000196133 0.321909 0.264517
144 0.257779 0.0556241 0.0369832 -1.86645e-05 5.25583e-06 0.0369823 0.051972 -1.3789e-06 -8.54764e-06 1.86482e-05 4.64046e-06 0.00278787 -0.0186528 4.50556e-06 -7.66459e-06 0.0186517 0.00365542 0.664877 -0.000335546 9.44883e-05 0.66486 0.934342 -2.47896e-05 -0.000153668 0.000335254 8.34253e-05 0.0501198 -0.335337 8.1e-05 -0.000137792 0.335317 0.0657165
148 0.232401 0.0534945 0.0359685 -1.56925e-05 1.20511e-05 0.0359673 0.0500286 1.05598e-07 -5.15272e-06 1.5779e-05 2.93564e-06 -0.00907569 -0.0175087 1.15203e-05 -4.21165e-06 0.0175072 -0.00820664 0.672378 -0.000293348 0.000225278 0.672355 0.935209 1.974e-06 -9.63223e-05 0.000294965 5.48774e-05 -0.169656 -0.327299 0.000215355 -7.87306e-05 0.327271 -0.153411
152 0.205891 0.0534466 0.0331062 -1.24501e-05 1.85045e-05 0.0331048 0.0490815 8.34023e-07 -2.43388e-06 1.26071e-05 1.8659e-06 -0.0210081 -0.0156453 1.8167e-05 -1.50272e-06 0.0156436 -0.0189544 0.619425 -0.000232945 0.000346224 0.6194 0.918329 1.56048e-05 -4.55386e-05 0.000235883 3.49115e-05 -0.393067 -0.292727 0.00033991 -2.81164e-05 0.292696 -0.354643
156 0.178378 0.0557712 0.028536 -9.29106e-06 2.40099e-05 0.0285347 0.0495071 1.03414e-06 -5.29761e-07 9.47996e-06 1.22942e-06 -0.0321884 -0.0131751 2.38234e-05 3.1941e-07 0.0131735 -0.0278644 0.511661 -0.000166592 0.000430506 0.511638 0.887683 1.85426e-05 -9.49883e-06 0.00016998 2.2044e-05 -0.57715 -0.236234 0.000427162 5.72715e-06 0.236206 -0.499619
160 0.0971232 0.0602549 0.0226813 -6.46056e-06 2.8215e-05 0.0226803 0.0513308 9.24344e-07 5.51241e-07 6.64488e-06 8.44432e-07 -0.0419932 -0.0102908 2.81301e-05 1.25584e-06 0.0102894 -0.0345794 0.376423 -0.000107221 0.000468261 0.376405 0.851894 1.53406e-05 9.14848e-06 0.00011028 1.40143e-05 -0.696926 -0.170787 0.000466852 2.08421e-05 0.170765 -0.573886
161 0.0357021 0.0616416 0.0210908 -5.8231e-06 2.90491e-05 0.0210898 0.0519739 8.70186e-07 7.04145e-07 6.00143e-06 7.7082e-07 -0.0441795 -0.00953519 2.8982e-05 1.36519e-06 0.00953393 -0.0359101 0.342152 -9.44671e-05 0.000471258 0.342135 0.843164 1.41169e-05 1.14232e-05 9.736e-05 1.25049e-05 -0.716716 -0.154688 0.00047017 2.21473e-05 0.154667 -0.582564
162 0.0338871 0.0631073 0.0194731 -5.21693e-06 2.97979e-05 0.0194721 0.0526774 8.10056e-07 8.15355e-07 5.38764e-06 7.03019e-07 -0.0462514 -0.00877517 2.97459e-05 1.43074e-06 0.008774 -0.0371073 0.308571 -8.26676e-05 0.000472178 0.308556 0.834728 1.28362e-05 1.29201e-05 8.53727e-05 1.11401e-05 -0.732901 -0.139052 0.000471355 2.26716e-05 0.139033 -0.588003
163 0.0320617 0.064636 0.017841 -4.64311e-06 3.04639e-05 0.0178401 0.0534321 7.45905e-07 8.88145e-07 4.80478e-06 6.39846e-07 -0.0482061 -0.00801578 3.04245e-05 1.45625e-06 0.0080147 -0.0381757 0.276022 -7.18347e-05 0.000471315 0.276009 0.826661 1.15401e-05 1.37407e-05 7.43359e-05 9.89922e-06 -0.745809 -0.124014 0.000470705 2.253e-05 0.123997 -0.590626
164 0.0302266 0.066211 0.0162077 -4.10245e-06 3.10506e-05 0.0162069 0.054228 6.79454e-07 9.26091e-07 4.25383e-06 5.80362e-07 -0.050042 -0.00726219 3.10213e-05 1.4458e-06 0.0072612 -0.0391214 0.244789 -6.19602e-05 0.000468964 0.244777 0.819019 1.0262e-05 1.3987e-05 6.42467e-05 8.76534e-06 -0.755796 -0.109683 0.000468522 2.18363e-05 0.109668 -0.590859
165 0.0283823 0.0678144 0.0145866 -3.5955e-06 3.15619e-05 0.0145858 0.0550546 6.12206e-07 9.3302e-07 3.73559e-06 5.23858e-07 -0.0517579 -0.00651968 3.15405e-05 1.40374e-06 0.00651878 -0.039951 0.215096 -5.30197e-05 0.000465416 0.215085 0.811842 9.02768e-06 1.37584e-05 5.50855e-05 7.72488e-06 -0.763229 -0.0961401 0.000465101 2.06997e-05 0.0961269 -0.589123
166 0.0265294 0.069428 0.0129911 -3.12262e-06 3.20025e-05 0.0129905 0.0559006 5.45455e-07 9.12954e-07 3.25062e-06 4.69843e-07 -0.0533534 -0.00579359 3.19872e-05 1.33463e-06 0.00579278 -0.0406721 0.187116 -4.49764e-05 0.000460945 0.187107 0.805159 7.85642e-06 1.31496e-05 4.682e-05 6.76734e-06 -0.768471 -0.0834474 0.000460724 1.92233e-05 0.0834358 -0.585817
167 0.0246683 0.0710333 0.0114348 -2.68397e-06 3.23777e-05 0.0114342 0.0567546 4.80299e-07 8.7005e-07 2.7993e-06 4.18027e-07 -0.0548288 -0.00508923 3.23666e-05 1.24318e-06 0.00508852 -0.0412927 0.160977 -3.77847e-05 0.000455809 0.160969 0.798985 6.76161e-06 1.22485e-05 3.94083e-05 5.88494e-06 -0.771875 -0.0716456 0.000455654 1.75013e-05 0.0716357 -0.581315
168 0.0172754 0.0726117 0.00993083 -2.27957e-06 3.26929e-05 0.00993033 0.0576048 4.17657e-07 8.08545e-07 2.3819e-06 3.68294e-07 -0.0561848 -0.00441187 3.26848e-05 1.13415e-06 0.00441125 -0.0418213 0.136766 -3.1394e-05 0.000450243 0.136759 0.793327 5.75193e-06 1.11352e-05 3.28033e-05 5.0721e-06 -0.773771 -0.0607598 0.000450131 1.56193e-05 0.0607513 -0.575958
168.5 0.0109315 0.073385 0.00920259 -2.09018e-06 3.28299e-05 0.00920212 0.0580249 3.87521e-07 7.72146e-07 2.18596e-06 3.44217e-07 -0.0568184 -0.00408493 3.28227e-05 1.07454e-06 0.00408436 -0.0420538 0.125401 -2.84824e-05 0.000447365 0.125395 0.790691 5.28065e-06 1.05218e-05 2.97875e-05 4.69056e-06 -0.774251 -0.0556644 0.000447267 1.46424e-05 0.0556566 -0.573057
169 0.0104622 0.0741447 0.00849228 -1.9093e-06 3.29541e-05 0.00849184 0.0584397 3.58285e-07 7.32688e-07 1.99853e-06 3.20687e-07 -0.0574227 -0.00376667 3.29476e-05 1.01232e-06 0.00376614 -0.0422665 0.114536 -2.5751e-05 0.000444456 0.114531 0.788184 4.83224e-06 9.88186e-06 2.69544e-05 4.32515e-06 -0.774468 -0.0508016 0.000444369 1.36533e-05 0.0507944 -0.570054
169.5 0.00999215 0.0748886 0.00780145 -1.7369e-06 3.30662e-05 0.00780105 0.0588477 3.30021e-07 6.90694e-07 1.81961e-06 2.97729e-07 -0.0579977 -0.0034577 3.30602e-05 9.48083e-07 0.00345721 -0.0424605 0.104174 -2.31931e-05 0.000441539 0.104169 0.785803 4.40683e-06 9.22295e-06 2.42976e-05 3.97563e-06 -0.774454 -0.0461712 0.000441459 1.26599e-05 0.0461647 -0.566983
170 0.0095213 0.0756144 0.00713162 -1.57294e-06 3.31671e-05 0.00713126 0.0592475 3.02795e-07 6.4668e-07 1.64921e-06 2.75375e-07 -0.0585438 -0.00315862 3.31613e-05 8.82407e-07 0.00315817 -0.042637 0.0943157 -2.08021e-05 0.000438635 0.0943109 0.783549 4.00446e-06 8.55234e-06 2.18108e-05 3.64184e-06 -0.774243 -0.0417727 0.000438559 1.16698e-05 0.0417668 -0.563874
170.5 0.00904972 0.0763199 0.00648427 -1.41738e-06 3.32575e-05 0.00648393 0.0596378 2.76661e-07 6.01154e-07 1.4873e-06 2.53663e-07 -0.0590612 -0.00287002 3.32517e-05 8.15857e-07 0.00286961 -0.0427969 0.0849616 -1.85716e-05 0.000435764 0.0849573 0.781419 3.62502e-06 7.87676e-06 1.94877e-05 3.32368e-06 -0.773864 -0.0376051 0.000435689 1.069e-05 0.0375998 -0.560757
171 0.00857745 0.0770032 0.00586081 -1.27019e-06 3.3338e-05 0.00586051 0.0600172 2.51671e-07 5.54612e-07 1.33387e-06 2.32634e-07 -0.0595501 -0.00259248 3.33322e-05 7.4899e-07 0.00259211 -0.0429414 0.0761113 -1.64953e-05 0.000432943 0.0761074 0.779412 3.26832e-06 7.20245e-06 1.73223e-05 3.02109e-06 -0.773346 -0.0336672 0.000432867 9.72674e-06 0.0336624 -0.557658
171.5 0.00810453 0.0776621 0.00526264 -1.13132e-06 3.34095e-05 0.00526237 0.0603844 2.27868e-07 5.07539e-07 1.18892e-06 2.12334e-07 -0.0600107 -0.00232655 3.34034e-05 6.82346e-07 0.00232622 -0.0430715 0.0677633 -1.45671e-05 0.00043019 0.0677598 0.777527 2.93409e-06 6.53521e-06 1.53088e-05 2.73408e-06 -0.772715 -0.0299573 0.000430112 8.78608e-06 0.0299531 -0.554601
172 0.00763099 0.0782948 0.00469108 -1.00071e-06 3.34726e-05 0.00469084 0.0607381 2.0529e-07 4.60403e-07 1.05241e-06 1.92813e-07 -0.0604433 -0.00207276 3.34661e-05 6.16448e-07 0.00207247 -0.0431881 0.0599157 -1.27813e-05 0.00042752 0.0599126 0.775761 2.62202e-06 5.88038e-06 1.34416e-05 2.46265e-06 -0.771997 -0.0264738 0.000427438 7.87343e-06 0.0264701 -0.551609
172.5 0.00715688 0.0788992 0.00414741 -8.7833e-07 3.35281e-05 0.0041472 0.061077 1.83971e-07 4.13659e-07 9.24333e-07 1.74122e-07 -0.0608482 -0.00183163 3.35211e-05 5.51803e-07 0.00183137 -0.0432923 0.0525659 -1.11323e-05 0.000424948 0.0525632 0.774114 2.33172e-06 5.24288e-06 1.17154e-05 2.20689e-06 -0.771215 -0.0232148 0.00042486 6.99377e-06 0.0232115 -0.548704
173 0.00668221 0.0794737 0.00363284 -7.64124e-07 3.35765e-05 0.00363265 0.0613999 1.63938e-07 3.67742e-07 8.04663e-07 1.56314e-07 -0.0612256 -0.00160364 3.3569e-05 4.88895e-07 0.00160341 -0.043385 0.0457112 -9.61482e-06 0.000422486 0.0457089 0.772582 2.06279e-06 4.62722e-06 1.01249e-05 1.96686e-06 -0.770388 -0.0201783 0.000422392 6.15167e-06 0.0201754 -0.545904
173.5 0.00620704 0.0800164 0.00314852 -6.58045e-07 3.36185e-05 0.00314836 0.0617058 1.45215e-07 3.23067e-07 6.93377e-07 1.39442e-07 -0.0615757 -0.00138926 3.36105e-05 4.28188e-07 0.00138906 -0.0434671 0.0393485 -8.22388e-06 0.000420146 0.0393465 0.771165 1.81481e-06 4.03751e-06 8.66544e-06 1.74267e-06 -0.769539 -0.0173622 0.000420045 5.35126e-06 0.0173598 -0.543227
174 0.0057314 0.0805257 0.00269555 -5.60045e-07 3.36548e-05 0.00269541 0.0619936 1.27822e-07 2.80029e-07 5.90451e-07 1.23561e-07 -0.0618988 -0.00118893 3.36462e-05 3.7012e-07 0.00118876 -0.0435394 0.0334744 -6.95486e-06 0.000417939 0.0334726 0.769861 1.58735e-06 3.47751e-06 7.33245e-06 1.53442e-06 -0.768683 -0.0147646 0.000417831 4.5963e-06 0.0147625 -0.54069
174.5 0.00525531 0.0810002 0.00227493 -4.70079e-07 3.3686e-05 0.00227482 0.0622623 1.11778e-07 2.38999e-07 4.95862e-07 1.08722e-07 -0.062195 -0.00100305 3.36766e-05 3.15106e-07 0.00100291 -0.0436028 0.0280855 -5.80343e-06 0.000415875 0.0280841 0.768668 1.37997e-06 2.9506e-06 6.12174e-06 1.34225e-06 -0.767838 -0.0123833 0.00041576 3.89018e-06 0.0123816 -0.538305
175 0.00477883 0.0814384 0.00188763 -3.88101e-07 3.37125e-05 0.00188753 0.0625108 9.70941e-08 2.00326e-07 4.09588e-07 9.49786e-08 -0.0624648 -0.000832017 3.37025e-05 2.6353e-07 0.000831898 -0.0436581 0.0231786 -4.76558e-06 0.000413963 0.0231775 0.767584 1.19224e-06 2.45985e-06 5.02942e-06 1.16626e-06 -0.767019 -0.0102165 0.000413841 3.23595e-06 0.0102151 -0.536087
175.5 0.00430199 0.0818389 0.00153451 -3.14069e-07 3.37348e-05 0.00153443 0.0627384 8.37837e-08 1.64332e-07 3.31605e-07 8.23785e-08 -0.0627081 -0.000676177 3.37243e-05 2.15752e-07 0.00067608 -0.0437058 0.0187504 -3.83765e-06 0.00041221 0.0187494 0.766609 1.02376e-06 2.00799e-06 4.05193e-06 1.00659e-06 -0.766238 -0.00826229 0.000412081 2.6363e-06 0.00826111 -0.534047
176 0.00382481 0.0822006 0.00121638 -2.47944e-07 3.37536e-05 0.00121631 0.0629443 7.18555e-08 1.31311e-07 2.61894e-07 7.09687e-08 -0.0629253 -0.000535855 3.37424e-05 1.72099e-07 0.000535778 -0.0437468 0.0147977 -3.01633e-06 0.000410624 0.0147969 0.76574 8.74149e-07 1.59744e-06 3.18603e-06 8.63359e-07 -0.765509 -0.00651887 0.000410489 2.09364e-06 0.00651793 -0.532196
176.5 0.00334735 0.0825223 0.000933947 -1.89689e-07 3.37691e-05 0.000933899 0.0631276 6.13171e-08 1.01531e-07 2.00433e-07 6.07922e-08 -0.0631165 -0.000411342 3.37574e-05 1.32867e-07 0.000411283 -0.0437815 0.0113175 -2.29864e-06 0.000409211 0.0113169 0.764976 7.43036e-07 1.23034e-06 2.42884e-06 7.36676e-07 -0.764841 -0.00498462 0.000409069 1.61008e-06 0.0049839 -0.530541
177 0.00286963 0.0828032 0.000687862 -1.39272e-07 3.37817e-05 0.000687826 0.0632879 5.21743e-08 7.52307e-08 1.47206e-07 5.18886e-08 -0.0632818 -0.000302899 3.37695e-05 9.83225e-08 0.000302856 -0.0438105 0.00830719 -1.68196e-06 0.000407976 0.00830676 0.764317 6.301e-07 9.08548e-07 1.77778e-06 6.2665e-07 -0.764244 -0.00365806 0.000407829 1.18742e-06 0.00365754 -0.529092
177.5 0.00239169 0.0830423 0.000478681 -9.66623e-08 3.37918e-05 0.000478657 0.0634244 4.44316e-08 5.26188e-08 1.02196e-07 4.42929e-08 -0.0634215 -0.000210752 3.37792e-05 6.86954e-08 0.000210722 -0.0438342 0.00576431 -1.16401e-06 0.000406923 0.00576401 0.763761 5.35048e-07 6.33639e-07 1.23065e-06 5.33378e-07 -0.763726 -0.00253789 0.000406771 8.27233e-07 0.00253753 -0.527854
178 0.00191357 0.0832389 0.00030688 -6.18353e-08 3.37997e-05 0.000306864 0.0635368 3.80927e-08 3.3873e-08 6.53897e-08 3.80355e-08 -0.0635356 -0.000135094 3.37867e-05 4.41833e-08 0.000135075 -0.0438531 0.00368674 -7.42865e-07 0.000406057 0.00368655 0.763307 4.5763e-07 4.06938e-07 7.85567e-07 4.56944e-07 -0.763292 -0.00162297 0.000405901 5.30802e-07 0.00162274 -0.526835
178.5 0.00143531 0.0833925 0.00017285 -3.47698e-08 3.38056e-05 0.000172841 0.0636246 3.316e-08 1.914e-08 3.67747e-08 3.31418e-08 -0.0636243 -7.60838e-05 3.37923e-05 2.49488e-08 7.60729e-05 -0.0438675 0.00207273 -4.16941e-07 0.00040538 0.00207262 0.762954 3.97637e-07 2.29517e-07 4.40984e-07 3.9742e-07 -0.76295 -0.000912358 0.000405221 2.99174e-07 0.000912227 -0.526037
179 0.000956932 0.0835025 7.68951e-05 -1.54492e-08 3.38097e-05 7.68911e-05 0.0636876 2.96354e-08 8.53411e-09 1.63421e-08 2.96318e-08 -0.0636875 -3.38447e-05 3.37962e-05 1.11188e-08 3.38398e-05 -0.0438776 0.000920872 -1.85015e-07 0.000404895 0.000920825 0.762703 3.54904e-07 1.02202e-07 1.95708e-07 3.54861e-07 -0.762702 -0.000405313 0.000404733 1.33155e-07 0.000405255 -0.525464
179.5 0.000478484 0.0835686 1.92347e-05 -3.8617e-09 3.38121e-05 1.92337e-05 0.0637255 2.75202e-08 2.13765e-09 4.08518e-09 2.752e-08 -0.0637255 -8.46561e-06 3.37985e-05 2.78427e-09 8.4644e-06 -0.0438835 0.000230167 -4.621e-08 0.000404603 0.000230155 0.762553 3.29312e-07 2.55796e-08 4.88842e-08 3.2931e-07 -0.762553 -0.000101301 0.00040444 3.33172e-08 0.000101287 -0.52512
180 5.98114e-05 0.0835907 -1.34569e-18 -4.71217e-19 3.38129e-05 -5.92106e-19 0.0637381 2.6815e-08 1.74912e-18 8.29591e-19 2.6815e-08 -0.0637381 -7.25876e-20 3.37992e-05 1.47609e-19 -5.41759e-19 -0.0438855 -1.60986e-17 -5.6372e-18 0.000404505 -7.08339e-18 0.762502 3.2079e-07 2.09248e-17 9.92445e-18 3.2079e-07 -0.762502 -8.68369e-19 0.000404342 1.76586e-18 -6.48109e-18 -0.525005
