theta 2pi*dcos S11 S12 S13 S14 S21 S22 S23 S24 S31 S32 S33 S34 S41 S42 S43 S44 S12_norm S13_norm S14_norm S21_norm S22_norm S23_norm S24_norm S31_norm S32_norm S33_norm S34_norm S41_norm S42_norm S43_norm S44_norm
0 2.39246e-06 0.0720697 0 0 3.32256e-07 0 0.0718487 -5.51603e-08 0 0 5.51603e-08 0.0718487 0 3.32495e-07 0 0 0.0716277 0 0 4.6102e-06 0 0.996933 -7.65374e-07 0 0 7.65374e-07 0.996933 0 4.61352e-06 0 0 0.993867
0.1 1.91397e-05 0.0720695 -6.91803e-08 -3.21037e-14 3.32254e-07 -6.91803e-08 0.0718485 -5.51601e-08 -2.25947e-13 1.00898e-13 5.51601e-08 0.0718485 2.10537e-09 3.32494e-07 -4.70797e-13 -2.10536e-09 0.0716275 -9.5991e-07 -4.45454e-13 4.61019e-06 -9.5991e-07 0.996933 -7.65374e-07 -3.13512e-12 1.40001e-12 7.65374e-07 0.996933 2.92131e-08 4.61352e-06 -6.53254e-12 -2.92129e-08 0.993867
0.2 3.82793e-05 0.0720689 -2.76719e-07 -1.28393e-13 3.3225e-07 -2.76719e-07 0.0718479 -5.51598e-08 -9.03777e-13 4.03612e-13 5.51598e-08 0.0718479 8.42139e-09 3.3249e-07 -1.88318e-12 -8.42134e-09 0.0716269 -3.83964e-06 -1.78153e-12 4.61018e-06 -3.83964e-06 0.996933 -7.65376e-07 -1.25405e-11 5.60036e-12 7.65376e-07 0.996933 1.16852e-07 4.6135e-06 -2.61303e-11 -1.16851e-07 0.993866
0.3 5.74188e-05 0.0720679 -6.2261e-07 -2.88897e-13 3.32244e-07 -6.2261e-07 0.0718469 -5.51592e-08 -2.03346e-12 9.08101e-13 5.51592e-08 0.0718469 1.89477e-08 3.32484e-07 -4.23711e-12 -1.89476e-08 0.0716259 -8.63921e-06 -4.00867e-12 4.61015e-06 -8.63921e-06 0.996933 -7.65379e-07 -2.82158e-11 1.26006e-11 7.65379e-07 0.996933 2.62915e-07 4.61348e-06 -5.87933e-11 -2.62913e-07 0.993866
0.4 7.65581e-05 0.0720665 -1.10684e-06 -5.13586e-13 3.32235e-07 -1.10684e-06 0.0718455 -5.51585e-08 -3.61494e-12 1.61438e-12 5.51585e-08 0.0718455 3.36839e-08 3.32475e-07 -7.53251e-12 -3.36837e-08 0.0716245 -1.53586e-05 -7.12656e-12 4.61011e-06 -1.53586e-05 0.996933 -7.65383e-07 -5.01612e-11 2.24012e-11 7.65383e-07 0.996933 4.674e-07 4.61344e-06 -1.04522e-10 -4.67397e-07 0.993866
0.5 9.56972e-05 0.0720647 -1.7294e-06 -8.02476e-13 3.32223e-07 -1.7294e-06 0.0718436 -5.51574e-08 -5.64817e-12 2.52241e-12 5.51574e-08 0.0718436 5.26291e-08 3.32463e-07 -1.17693e-11 -5.26288e-08 0.0716227 -2.39979e-05 -1.11355e-11 4.61006e-06 -2.39979e-05 0.996932 -7.65388e-07 -7.83763e-11 3.5002e-11 7.65388e-07 0.996932 7.30303e-07 4.6134e-06 -1.63316e-10 -7.30299e-07 0.993866
0.6 0.000114836 0.0720625 -2.49027e-06 -1.15556e-12 3.32208e-07 -2.49027e-06 0.0718414 -5.51562e-08 -8.13305e-12 3.63216e-12 5.51562e-08 0.0718414 7.57823e-08 3.32449e-07 -1.69473e-11 -7.57819e-08 0.0716205 -3.45571e-05 -1.60355e-11 4.61e-06 -3.45571e-05 0.996932 -7.65394e-07 -1.12861e-10 5.0403e-11 7.65394e-07 0.996932 1.05162e-06 4.61334e-06 -2.35175e-10 -1.05161e-06 0.993866
0.7 0.000133974 0.0720599 -3.38942e-06 -1.57284e-12 3.32191e-07 -3.38942e-06 0.0718388 -5.51547e-08 -1.10695e-11 4.9436e-12 5.51547e-08 0.0718388 1.03143e-07 3.32432e-07 -2.30665e-11 -1.03142e-07 0.0716179 -4.70362e-05 -2.18268e-11 4.60993e-06 -4.70362e-05 0.996932 -7.65401e-07 -1.53615e-10 6.86041e-11 7.65401e-07 0.996932 1.43134e-06 4.61328e-06 -3.20102e-10 -1.43134e-06 0.993866
0.8 0.000153112 0.0720569 -4.42683e-06 -2.0543e-12 3.32171e-07 -4.42683e-06 0.0718358 -5.5153e-08 -1.44573e-11 6.4567e-12 5.5153e-08 0.0718358 1.34708e-07 3.32413e-07 -3.01266e-11 -1.34708e-07 0.0716149 -6.14352e-05 -2.85095e-11 4.60985e-06 -6.14352e-05 0.996932 -7.6541e-07 -2.00637e-10 8.96056e-11 7.6541e-07 0.996932 1.86947e-06 4.6132e-06 -4.18094e-10 -1.86946e-06 0.993866
0.9 0.00017225 0.0720535 -5.60247e-06 -2.59996e-12 3.32149e-07 -5.60247e-06 0.0718324 -5.51511e-08 -1.82964e-11 8.17139e-12 5.51511e-08 0.0718324 1.70478e-07 3.32391e-07 -3.81274e-11 -1.70477e-07 0.0716115 -7.77543e-05 -3.60838e-11 4.60976e-06 -7.77543e-05 0.996932 -7.65419e-07 -2.53928e-10 1.13407e-10 7.65419e-07 0.996932 2.36599e-06 4.61312e-06 -5.29154e-10 -2.36598e-06 0.993866
1 0.000191387 0.0720496 -6.91629e-06 -3.2098e-12 3.32124e-07 -6.91629e-06 0.0718286 -5.5149e-08 -2.25867e-11 1.00876e-11 5.5149e-08 0.0718286 2.1045e-07 3.32367e-07 -4.70687e-11 -2.10449e-07 0.0716076 -9.59934e-05 -4.45498e-11 4.60965e-06 -9.59934e-05 0.996932 -7.6543e-07 -3.13487e-10 1.4001e-10 7.6543e-07 0.996932 2.9209e-06 4.61303e-06 -6.53281e-10 -2.92089e-06 0.993865
1.1 0.000210523 0.0720454 -8.36827e-06 -3.88383e-12 3.32096e-07 -8.36827e-06 0.0718244 -5.51466e-08 -2.73278e-11 1.22054e-11 5.51466e-08 0.0718244 2.54622e-07 3.3234e-07 -5.69502e-11 -2.54621e-07 0.0716034 -0.000116153 -5.39081e-11 4.60954e-06 -0.000116153 0.996932 -7.65442e-07 -3.79314e-10 1.69412e-10 7.65442e-07 0.996932 3.53419e-06 4.61292e-06 -7.90476e-10 -3.53417e-06 0.993865
1.2 0.000229659 0.0720408 -9.95835e-06 -4.62204e-12 3.32066e-07 -9.95835e-06 0.0718198 -5.5144e-08 -3.25197e-11 1.45245e-11 5.5144e-08 0.0718198 3.02992e-07 3.3231e-07 -6.77717e-11 -3.0299e-07 0.0715988 -0.000138232 -6.41586e-11 4.60941e-06 -0.000138232 0.996932 -7.65455e-07 -4.51407e-10 2.01615e-10 7.65455e-07 0.996932 4.20584e-06 4.61281e-06 -9.4074e-10 -4.20581e-06 0.993865
1.3 0.000248794 0.0720358 -1.16865e-05 -5.42442e-12 3.32033e-07 -1.16865e-05 0.0718148 -5.51412e-08 -3.81621e-11 1.7045e-11 5.51412e-08 0.0718148 3.55557e-07 3.32278e-07 -7.95328e-11 -3.55555e-07 0.0715938 -0.000162232 -7.53017e-11 4.60928e-06 -0.000162232 0.996932 -7.65469e-07 -5.29766e-10 2.36618e-10 7.65469e-07 0.996932 4.93584e-06 4.61268e-06 -1.10407e-09 -4.93582e-06 0.993864
1.4 0.000267929 0.0720304 -1.35526e-05 -6.29097e-12 3.31997e-07 -1.35526e-05 0.0718093 -5.51381e-08 -4.42548e-11 1.97668e-11 5.51381e-08 0.0718093 4.12316e-07 3.32244e-07 -9.22332e-11 -4.12313e-07 0.0715884 -0.000188152 -8.73377e-11 4.60913e-06 -0.000188152 0.996931 -7.65484e-07 -6.1439e-10 2.74422e-10 7.65484e-07 0.996931 5.72419e-06 4.61255e-06 -1.28048e-09 -5.72416e-06 0.993864
1.5 0.000287062 0.0720246 -1.55567e-05 -7.22169e-12 3.31959e-07 -1.55567e-05 0.0718035 -5.51348e-08 -5.07975e-11 2.26897e-11 5.51348e-08 0.0718035 4.73264e-07 3.32206e-07 -1.05872e-10 -4.73261e-07 0.0715826 -0.000215992 -1.00267e-10 4.60897e-06 -0.000215992 0.996931 -7.65501e-07 -7.0528e-10 3.15027e-10 7.65501e-07 0.996931 6.57087e-06 4.61241e-06 -1.46995e-09 -6.57083e-06 0.993864
1.6 0.000306195 0.0720183 -1.76987e-05 -8.21657e-12 3.31918e-07 -1.76987e-05 0.0717973 -5.51313e-08 -5.77899e-11 2.58137e-11 5.51313e-08 0.0717973 5.38399e-07 3.32167e-07 -1.2045e-10 -5.38396e-07 0.0715764 -0.000245753 -1.1409e-10 4.6088e-06 -0.000245753 0.996931 -7.65518e-07 -8.02433e-10 3.58432e-10 7.65518e-07 0.996931 7.47586e-06 4.61225e-06 -1.6725e-09 -7.47582e-06 0.993863
1.7 0.000325327 0.0720117 -1.99785e-05 -9.27562e-12 3.31875e-07 -1.99785e-05 0.0717907 -5.51276e-08 -6.52317e-11 2.91387e-11 5.51276e-08 0.0717907 6.07718e-07 3.32124e-07 -1.35966e-10 -6.07715e-07 0.0715698 -0.000277434 -1.28807e-10 4.60862e-06 -0.000277434 0.996931 -7.65537e-07 -9.05848e-10 4.04639e-10 7.65537e-07 0.996931 8.43916e-06 4.61209e-06 -1.88811e-09 -8.43911e-06 0.993863
1.8 0.000344457 0.0720047 -2.23961e-05 -1.03988e-11 3.31829e-07 -2.23961e-05 0.0717837 -5.51237e-08 -7.31226e-11 3.26646e-11 5.51237e-08 0.0717837 6.81217e-07 3.32079e-07 -1.5242e-10 -6.81213e-07 0.0715628 -0.000311036 -1.44419e-10 4.60843e-06 -0.000311036 0.996931 -7.65557e-07 -1.01553e-09 4.53646e-10 7.65557e-07 0.996931 9.46073e-06 4.61191e-06 -2.11681e-09 -9.46068e-06 0.993863
1.9 0.000363587 0.0719973 -2.49513e-05 -1.15862e-11 3.3178e-07 -2.49513e-05 0.0717763 -5.51195e-08 -8.14624e-11 3.63913e-11 5.51195e-08 0.0717763 7.58892e-07 3.32032e-07 -1.69811e-10 -7.58888e-07 0.0715554 -0.000346559 -1.60925e-10 4.60823e-06 -0.000346559 0.99693 -7.65578e-07 -1.13146e-09 5.05454e-10 7.65578e-07 0.99693 1.05406e-05 4.61173e-06 -2.35857e-09 -1.05405e-05 0.993862
2 0.000382716 0.0719894 -2.76441e-05 -1.28376e-11 3.31729e-07 -2.76441e-05 0.0717685 -5.51151e-08 -9.02506e-11 4.03186e-11 5.51151e-08 0.0717684 8.4074e-07 3.31982e-07 -1.88138e-10 -8.40736e-07 0.0715475 -0.000384003 -1.78327e-10 4.60802e-06 -0.000384003 0.99693 -7.656e-07 -1.25366e-09 5.60062e-10 7.656e-07 0.99693 1.16787e-05 4.61154e-06 -2.61341e-09 -1.16786e-05 0.993862
2.1 0.000401843 0.0719812 -3.04745e-05 -1.41533e-11 3.31675e-07 -3.04745e-05 0.0717602 -5.51105e-08 -9.94868e-11 4.44464e-11 5.51105e-08 0.0717602 9.26757e-07 3.31929e-07 -2.07402e-10 -9.26752e-07 0.0715393 -0.000423367 -1.96624e-10 4.6078e-06 -0.000423367 0.99693 -7.65623e-07 -1.38212e-09 6.17473e-10 7.65623e-07 0.99693 1.2875e-05 4.61133e-06 -2.88133e-09 -1.28749e-05 0.993861
2.2 0.000420969 0.0719726 -3.34423e-05 -1.5533e-11 3.31618e-07 -3.34423e-05 0.0717516 -5.51056e-08 -1.09171e-10 4.87747e-11 5.51056e-08 0.0717516 1.01694e-06 3.31874e-07 -2.27601e-10 -1.01693e-06 0.0715307 -0.000464653 -2.15819e-10 4.60756e-06 -0.000464653 0.99693 -7.65647e-07 -1.51684e-09 6.77684e-10 7.65647e-07 0.99693 1.41295e-05 4.61112e-06 -3.16233e-09 -1.41294e-05 0.993861
2.3 0.000440094 0.0719636 -3.65474e-05 -1.69769e-11 3.31559e-07 -3.65474e-05 0.0717426 -5.51005e-08 -1.19302e-10 5.33032e-11 5.51005e-08 0.0717426 1.11128e-06 3.31816e-07 -2.48735e-10 -1.11127e-06 0.0715217 -0.00050786 -2.3591e-10 4.60732e-06 -0.00050786 0.996929 -7.65673e-07 -1.65781e-09 7.40697e-10 7.65673e-07 0.996929 1.54422e-05 4.6109e-06 -3.4564e-09 -1.54421e-05 0.99386
2.4 0.000459218 0.0719541 -3.97898e-05 -1.84849e-11 3.31497e-07 -3.97898e-05 0.0717332 -5.50952e-08 -1.2988e-10 5.80318e-11 5.50952e-08 0.0717332 1.20977e-06 3.31756e-07 -2.70804e-10 -1.20976e-06 0.0715123 -0.000552988 -2.56898e-10 4.60706e-06 -0.000552988 0.996929 -7.65699e-07 -1.80503e-09 8.06511e-10 7.65699e-07 0.996929 1.68131e-05 4.61066e-06 -3.76356e-09 -1.6813e-05 0.993859
2.5 0.00047834 0.0719443 -4.31693e-05 -2.0057e-11 3.31433e-07 -4.31693e-05 0.0717234 -5.50897e-08 -1.40904e-10 6.29604e-11 5.50897e-08 0.0717234 1.31242e-06 3.31693e-07 -2.93806e-10 -1.31241e-06 0.0715025 -0.000600038 -2.78785e-10 4.6068e-06 -0.000600038 0.996929 -7.65727e-07 -1.95851e-09 8.75126e-10 7.65727e-07 0.996929 1.82421e-05 4.61042e-06 -4.0838e-09 -1.8242e-05 0.993859
2.6 0.000497461 0.0719341 -4.66859e-05 -2.16932e-11 3.31366e-07 -4.66859e-05 0.0717132 -5.5084e-08 -1.52374e-10 6.80888e-11 5.5084e-08 0.0717131 1.41921e-06 3.31628e-07 -3.17741e-10 -1.4192e-06 0.0714923 -0.000649009 -3.0157e-10 4.60652e-06 -0.000649009 0.996929 -7.65756e-07 -2.11825e-09 9.46544e-10 7.65756e-07 0.996928 1.97292e-05 4.61017e-06 -4.41712e-09 -1.97291e-05 0.993858
2.7 0.00051658 0.0719235 -5.03394e-05 -2.33935e-11 3.31296e-07 -5.03394e-05 0.0717026 -5.5078e-08 -1.6429e-10 7.34168e-11 5.5078e-08 0.0717025 1.53013e-06 3.3156e-07 -3.42609e-10 -1.53012e-06 0.0714817 -0.000699902 -3.25255e-10 4.60623e-06 -0.000699902 0.996928 -7.65786e-07 -2.28423e-09 1.02076e-09 7.65786e-07 0.996928 2.12745e-05 4.6099e-06 -4.76352e-09 -2.12743e-05 0.993858
2.8 0.000535698 0.0719125 -5.41298e-05 -2.51579e-11 3.31224e-07 -5.41298e-05 0.0716915 -5.50718e-08 -1.7665e-10 7.89443e-11 5.50718e-08 0.0716915 1.6452e-06 3.3149e-07 -3.68409e-10 -1.64519e-06 0.0714707 -0.000752718 -3.4984e-10 4.60593e-06 -0.000752718 0.996928 -7.65817e-07 -2.45646e-09 1.09778e-09 7.65817e-07 0.996928 2.28778e-05 4.60963e-06 -5.12302e-09 -2.28776e-05 0.993857
2.9 0.000554814 0.071901 -5.80568e-05 -2.69863e-11 3.31149e-07 -5.80568e-05 0.0716801 -5.50654e-08 -1.89455e-10 8.46711e-11 5.50654e-08 0.0716801 1.76439e-06 3.31417e-07 -3.95139e-10 -1.76438e-06 0.0714593 -0.000807455 -3.75326e-10 4.60562e-06 -0.000807455 0.996928 -7.6585e-07 -2.63495e-09 1.17761e-09 7.65849e-07 0.996927 2.45391e-05 4.60935e-06 -5.4956e-09 -2.45389e-05 0.993856
3 0.000573928 0.0718892 -6.21205e-05 -2.88788e-11 3.31071e-07 -6.21205e-05 0.0716683 -5.50588e-08 -2.02704e-10 9.05971e-11 5.50587e-08 0.0716683 1.8877e-06 3.31341e-07 -4.228e-10 -1.88769e-06 0.0714475 -0.000864114 -4.01713e-10 4.6053e-06 -0.000864114 0.996927 -7.65883e-07 -2.81967e-09 1.26023e-09 7.65883e-07 0.996927 2.62584e-05 4.60905e-06 -5.88126e-09 -2.62583e-05 0.993855
3.1 0.00059304 0.071877 -6.63206e-05 -3.08354e-11 3.30991e-07 -6.63206e-05 0.0716561 -5.50519e-08 -2.16396e-10 9.67219e-11 5.50519e-08 0.0716561 2.01512e-06 3.31263e-07 -4.51389e-10 -2.01511e-06 0.0714353 -0.000922696 -4.29002e-10 4.60497e-06 -0.000922696 0.996927 -7.65918e-07 -3.01065e-09 1.34566e-09 7.65917e-07 0.996926 2.80357e-05 4.60875e-06 -6.28003e-09 -2.80356e-05 0.993855
3.2 0.000612151 0.0718644 -7.06571e-05 -3.2856e-11 3.30909e-07 -7.06571e-05 0.0716435 -5.50448e-08 -2.30531e-10 1.03046e-10 5.50448e-08 0.0716435 2.14666e-06 3.31183e-07 -4.80908e-10 -2.14665e-06 0.0714227 -0.0009832 -4.57195e-10 4.60462e-06 -0.000983201 0.996926 -7.65954e-07 -3.20786e-09 1.43389e-09 7.65953e-07 0.996926 2.9871e-05 4.60844e-06 -6.69188e-09 -2.98708e-05 0.993854
3.3 0.00063126 0.0718514 -7.51298e-05 -3.49407e-11 3.30823e-07 -7.51298e-05 0.0716305 -5.50375e-08 -2.45108e-10 1.09568e-10 5.50374e-08 0.0716305 2.2823e-06 3.31099e-07 -5.11354e-10 -2.28229e-06 0.0714097 -0.00104563 -4.86291e-10 4.60427e-06 -0.00104563 0.996926 -7.65991e-07 -3.41132e-09 1.52492e-09 7.6599e-07 0.996926 3.17642e-05 4.60812e-06 -7.11683e-09 -3.1764e-05 0.993853
3.4 0.000650367 0.071838 -7.97386e-05 -3.70894e-11 3.30735e-07 -7.97386e-05 0.0716171 -5.503e-08 -2.60126e-10 1.16288e-10 5.50299e-08 0.0716171 2.42203e-06 3.31014e-07 -5.42727e-10 -2.42202e-06 0.0713963 -0.00110998 -5.16292e-10 4.60391e-06 -0.00110998 0.996926 -7.66029e-07 -3.62101e-09 1.61876e-09 7.66028e-07 0.996925 3.37152e-05 4.60778e-06 -7.55487e-09 -3.3715e-05 0.993852
3.5 0.000669472 0.0718242 -8.44833e-05 -3.93021e-11 3.30645e-07 -8.44833e-05 0.0716033 -5.50222e-08 -2.75585e-10 1.23207e-10 5.50221e-08 0.0716033 2.56586e-06 3.30926e-07 -5.75025e-10 -2.56584e-06 0.0713825 -0.00117625 -5.47199e-10 4.60353e-06 -0.00117625 0.996925 -7.66068e-07 -3.83694e-09 1.71539e-09 7.66067e-07 0.996925 3.57242e-05 4.60744e-06 -8.00601e-09 -3.5724e-05 0.993851
3.6 0.000688575 0.07181 -8.93638e-05 -4.15788e-11 3.30552e-07 -8.93638e-05 0.0715891 -5.50142e-08 -2.91485e-10 1.30323e-10 5.50142e-08 0.0715891 2.71376e-06 3.30835e-07 -6.08249e-10 -2.71375e-06 0.0713683 -0.00124445 -5.79012e-10 4.60315e-06 -0.00124445 0.996925 -7.66109e-07 -4.05911e-09 1.81484e-09 7.66108e-07 0.996924 3.77909e-05 4.60709e-06 -8.47026e-09 -3.77907e-05 0.99385
3.7 0.000707676 0.0717954 -9.43799e-05 -4.39196e-11 3.30456e-07 -9.43799e-05 0.0715745 -5.5006e-08 -3.07824e-10 1.37637e-10 5.5006e-08 0.0715745 2.86574e-06 3.30742e-07 -6.42396e-10 -2.86572e-06 0.0713538 -0.00131457 -6.11732e-10 4.60275e-06 -0.00131457 0.996924 -7.6615e-07 -4.28751e-09 1.91708e-09 7.66149e-07 0.996924 3.99154e-05 4.60673e-06 -8.9476e-09 -3.99152e-05 0.993849
3.8 0.000726775 0.0717804 -9.95315e-05 -4.63243e-11 3.30358e-07 -9.95315e-05 0.0715596 -5.49976e-08 -3.24601e-10 1.45149e-10 5.49975e-08 0.0715595 3.02179e-06 3.30646e-07 -6.77467e-10 -3.02177e-06 0.0713388 -0.00138661 -6.45361e-10 4.60234e-06 -0.00138661 0.996924 -7.66193e-07 -4.52215e-09 2.02213e-09 7.66192e-07 0.996923 4.20977e-05 4.60636e-06 -9.43805e-09 -4.20974e-05 0.993848
3.9 0.000745871 0.071765 -0.000104819 -4.87929e-11 3.30257e-07 -0.000104819 0.0715442 -5.4989e-08 -3.41817e-10 1.52858e-10 5.49889e-08 0.0715441 3.18189e-06 3.30548e-07 -7.13459e-10 -3.18187e-06 0.0713234 -0.00146058 -6.79899e-10 4.60192e-06 -0.00146058 0.996923 -7.66237e-07 -4.76301e-09 2.12998e-09 7.66236e-07 0.996922 4.43376e-05 4.60597e-06 -9.94161e-09 -4.43374e-05 0.993847
4 0.000764965 0.0717492 -0.000110241 -5.13256e-11 3.30153e-07 -0.000110241 0.0715284 -5.49801e-08 -3.5947e-10 1.60764e-10 5.498e-08 0.0715283 3.34604e-06 3.30447e-07 -7.50372e-10 -3.34602e-06 0.0713076 -0.00153647 -7.15347e-10 4.60149e-06 -0.00153647 0.996923 -7.66282e-07 -5.0101e-09 2.24063e-09 7.66281e-07 0.996922 4.66353e-05 4.60558e-06 -1.04583e-08 -4.6635e-05 0.993846
4.1 0.000784057 0.071733 -0.000115798 -5.39222e-11 3.30047e-07 -0.000115798 0.0715122 -5.4971e-08 -3.7756e-10 1.68866e-10 5.49709e-08 0.0715121 3.51424e-06 3.30343e-07 -7.88206e-10 -3.51422e-06 0.0712915 -0.00161429 -7.51707e-10 4.60105e-06 -0.00161429 0.996922 -7.66328e-07 -5.26341e-09 2.35409e-09 7.66327e-07 0.996921 4.89905e-05 4.60518e-06 -1.0988e-08 -4.89903e-05 0.993845
4.2 0.000803147 0.0717164 -0.00012149 -5.65827e-11 3.29939e-07 -0.00012149 0.0714957 -5.49617e-08 -3.96086e-10 1.77165e-10 5.49616e-08 0.0714956 3.68647e-06 3.30237e-07 -8.26957e-10 -3.68645e-06 0.0712749 -0.00169403 -7.88978e-10 4.6006e-06 -0.00169403 0.996922 -7.66376e-07 -5.52295e-09 2.47035e-09 7.66374e-07 0.996921 5.14034e-05 4.60477e-06 -1.15309e-08 -5.14031e-05 0.993844
4.3 0.000822234 0.0716994 -0.000127316 -5.93072e-11 3.29827e-07 -0.000127316 0.0714787 -5.49522e-08 -4.15047e-10 1.8566e-10 5.4952e-08 0.0714786 3.86272e-06 3.30129e-07 -8.66627e-10 -3.8627e-06 0.071258 -0.0017757 -8.27164e-10 4.60014e-06 -0.0017757 0.996921 -7.66425e-07 -5.7887e-09 2.58942e-09 7.66422e-07 0.99692 5.38738e-05 4.60435e-06 -1.20869e-08 -5.38735e-05 0.993843
4.4 0.000841318 0.0716821 -0.000133278 -6.20955e-11 3.29714e-07 -0.000133278 0.0714613 -5.49425e-08 -4.34442e-10 1.94351e-10 5.49423e-08 0.0714612 4.04299e-06 3.30018e-07 -9.07213e-10 -4.04297e-06 0.0712406 -0.00185929 -8.66263e-10 4.59967e-06 -0.00185929 0.996921 -7.66474e-07 -6.06068e-09 2.71129e-09 7.66472e-07 0.996919 5.64017e-05 4.60392e-06 -1.26561e-08 -5.64014e-05 0.993842
4.5 0.0008604 0.0716643 -0.000139373 -6.49478e-11 3.29597e-07 -0.000139373 0.0714436 -5.49325e-08 -4.54271e-10 2.03238e-10 5.49323e-08 0.0714435 4.22727e-06 3.29905e-07 -9.48714e-10 -4.22724e-06 0.0712229 -0.00194481 -9.06278e-10 4.59919e-06 -0.00194481 0.99692 -7.66525e-07 -6.33887e-09 2.83597e-09 7.66523e-07 0.996919 5.89871e-05 4.60348e-06 -1.32383e-08 -5.89867e-05 0.99384
4.6 0.00087948 0.0716461 -0.000145603 -6.78639e-11 3.29478e-07 -0.000145603 0.0714254 -5.49223e-08 -4.74532e-10 2.12319e-10 5.49221e-08 0.0714253 4.41554e-06 3.29789e-07 -9.91129e-10 -4.41552e-06 0.0712047 -0.00203225 -9.4721e-10 4.59869e-06 -0.00203225 0.99692 -7.66577e-07 -6.62327e-09 2.96345e-09 7.66575e-07 0.996918 6.16299e-05 4.60302e-06 -1.38337e-08 -6.16295e-05 0.993839
4.7 0.000898556 0.0716276 -0.000151966 -7.0844e-11 3.29357e-07 -0.000151966 0.0714069 -5.49119e-08 -4.95225e-10 2.21596e-10 5.49117e-08 0.0714067 4.6078e-06 3.2967e-07 -1.03446e-09 -4.60778e-06 0.0711862 -0.00212162 -9.8906e-10 4.59819e-06 -0.00212162 0.996919 -7.66631e-07 -6.91389e-09 3.09373e-09 7.66628e-07 0.996917 6.433e-05 4.60256e-06 -1.44422e-08 -6.43297e-05 0.993838
4.8 0.00091763 0.0716086 -0.000158463 -7.38879e-11 3.29233e-07 -0.000158464 0.071388 -5.49013e-08 -5.16349e-10 2.31068e-10 5.4901e-08 0.0713878 4.80404e-06 3.2955e-07 -1.0787e-09 -4.80402e-06 0.0711673 -0.00221291 -1.03183e-09 4.59767e-06 -0.00221291 0.996919 -7.66685e-07 -7.21071e-09 3.22682e-09 7.66682e-07 0.996916 6.70875e-05 4.60209e-06 -1.50638e-08 -6.70871e-05 0.993836
4.9 0.000936701 0.0715893 -0.000165094 -7.69956e-11 3.29106e-07 -0.000165094 0.0713687 -5.48904e-08 -5.37903e-10 2.40734e-10 5.48902e-08 0.0713685 5.00425e-06 3.29426e-07 -1.12385e-09 -5.00422e-06 0.0711479 -0.00230613 -1.07552e-09 4.59714e-06 -0.00230613 0.996918 -7.66741e-07 -7.51373e-09 3.36272e-09 7.66737e-07 0.996915 6.99022e-05 4.60161e-06 -1.56985e-08 -6.99018e-05 0.993835
5 0.00095577 0.0715695 -0.000171859 -8.01671e-11 3.28977e-07 -0.000171859 0.0713489 -5.48794e-08 -5.59886e-10 2.50595e-10 5.48791e-08 0.0713487 5.20842e-06 3.293e-07 -1.16991e-09 -5.20839e-06 0.0711282 -0.00240128 -1.12013e-09 4.59661e-06 -0.00240128 0.996918 -7.66798e-07 -7.82296e-09 3.50142e-09 7.66794e-07 0.996915 7.27742e-05 4.60112e-06 -1.63464e-08 -7.27738e-05 0.993834
5.1 0.000974835 0.0715494 -0.000178756 -8.34025e-11 3.28845e-07 -0.000178756 0.0713288 -5.48681e-08 -5.82297e-10 2.60649e-10 5.48678e-08 0.0713286 5.41653e-06 3.29172e-07 -1.21687e-09 -5.4165e-06 0.0711081 -0.00249835 -1.16566e-09 4.59606e-06 -0.00249835 0.996917 -7.66856e-07 -8.13839e-09 3.64292e-09 7.66852e-07 0.996914 7.57034e-05 4.60062e-06 -1.70075e-08 -7.57029e-05 0.993832
5.2 0.000993897 0.0715289 -0.000185786 -8.67017e-11 3.28711e-07 -0.000185786 0.0713083 -5.48566e-08 -6.05136e-10 2.70897e-10 5.48563e-08 0.0713081 5.62858e-06 3.29041e-07 -1.26475e-09 -5.62855e-06 0.0710876 -0.00259736 -1.21212e-09 4.5955e-06 -0.00259736 0.996916 -7.66915e-07 -8.46002e-09 3.78724e-09 7.66911e-07 0.996913 7.86896e-05 4.60011e-06 -1.76816e-08 -7.86892e-05 0.993831
5.3 0.00101296 0.071508 -0.000192949 -9.00646e-11 3.28574e-07 -0.000192949 0.0712874 -5.48449e-08 -6.28401e-10 2.81338e-10 5.48445e-08 0.0712872 5.84456e-06 3.28908e-07 -1.31352e-09 -5.84453e-06 0.0710667 -0.00269829 -1.2595e-09 4.59493e-06 -0.00269829 0.996916 -7.66976e-07 -8.78784e-09 3.93435e-09 7.66971e-07 0.996912 8.1733e-05 4.59959e-06 -1.83689e-08 -8.17325e-05 0.993829
5.4 0.00103201 0.0714867 -0.000200245 -9.34913e-11 3.28435e-07 -0.000200245 0.0712661 -5.4833e-08 -6.52091e-10 2.91972e-10 5.48326e-08 0.0712659 6.06446e-06 3.28772e-07 -1.36321e-09 -6.06442e-06 0.0710454 -0.00280114 -1.30781e-09 4.59435e-06 -0.00280114 0.996915 -7.67037e-07 -9.12185e-09 4.08428e-09 7.67032e-07 0.996911 8.48334e-05 4.59906e-06 -1.90694e-08 -8.48329e-05 0.993827
5.5 0.00105107 0.071465 -0.000207672 -9.69818e-11 3.28293e-07 -0.000207672 0.0712445 -5.48208e-08 -6.76205e-10 3.02798e-10 5.48204e-08 0.0712442 6.28825e-06 3.28634e-07 -1.41379e-09 -6.28822e-06 0.0710237 -0.00290593 -1.35705e-09 4.59376e-06 -0.00290593 0.996914 -7.671e-07 -9.46205e-09 4.23701e-09 7.67095e-07 0.99691 8.79907e-05 4.59853e-06 -1.9783e-08 -8.79902e-05 0.993826
5.6 0.00107012 0.0714429 -0.000215232 -1.00536e-10 3.28149e-07 -0.000215232 0.0712224 -5.48085e-08 -7.00743e-10 3.13816e-10 5.4808e-08 0.0712221 6.51595e-06 3.28493e-07 -1.46527e-09 -6.51591e-06 0.0710017 -0.00301265 -1.40722e-09 4.59316e-06 -0.00301265 0.996914 -7.67164e-07 -9.80844e-09 4.39255e-09 7.67158e-07 0.996909 9.12049e-05 4.59798e-06 -2.05097e-08 -9.12044e-05 0.993824
5.7 0.00108916 0.0714204 -0.000222924 -1.04154e-10 3.28002e-07 -0.000222924 0.0711999 -5.47959e-08 -7.25703e-10 3.25027e-10 5.47954e-08 0.0711996 6.74752e-06 3.28349e-07 -1.51766e-09 -6.74748e-06 0.0709792 -0.00312129 -1.45832e-09 4.59255e-06 -0.00312129 0.996913 -7.6723e-07 -1.0161e-08 4.55089e-09 7.67223e-07 0.996908 9.4476e-05 4.59742e-06 -2.12496e-08 -9.44755e-05 0.993823
5.8 0.00110821 0.0713976 -0.000230747 -1.07836e-10 3.27852e-07 -0.000230747 0.0711771 -5.47831e-08 -7.51084e-10 3.36428e-10 5.47826e-08 0.0711767 6.98296e-06 3.28204e-07 -1.57094e-09 -6.98292e-06 0.0709564 -0.00323186 -1.51035e-09 4.59192e-06 -0.00323186 0.996912 -7.67296e-07 -1.05197e-08 4.71204e-09 7.67289e-07 0.996907 9.78039e-05 4.59685e-06 -2.20027e-08 -9.78034e-05 0.993821
5.9 0.00112725 0.0713743 -0.000238702 -1.11581e-10 3.277e-07 -0.000238702 0.0711539 -5.47701e-08 -7.76886e-10 3.48021e-10 5.47695e-08 0.0711535 7.22226e-06 3.28056e-07 -1.62511e-09 -7.22222e-06 0.0709331 -0.00334436 -1.56332e-09 4.59129e-06 -0.00334436 0.996912 -7.67364e-07 -1.08847e-08 4.876e-09 7.67356e-07 0.996906 0.000101189 4.59627e-06 -2.27689e-08 -0.000101188 0.993819
6 0.00172656 0.0713507 -0.000246787 -1.1539e-10 3.27546e-07 -0.000246787 0.0711302 -5.47568e-08 -8.03106e-10 3.59805e-10 5.47563e-08 0.0711298 7.46541e-06 3.27905e-07 -1.68018e-09 -7.46537e-06 0.0709095 -0.00345879 -1.61722e-09 4.59065e-06 -0.00345879 0.996911 -7.67433e-07 -1.12558e-08 5.04277e-09 7.67425e-07 0.996905 0.00010463 4.59568e-06 -2.35483e-08 -0.000104629 0.993817
6.2 0.00236869 0.0713022 -0.000263351 -1.23199e-10 3.27229e-07 -0.000263351 0.0710818 -5.47297e-08 -8.568e-10 3.83942e-10 5.47291e-08 0.0710813 7.96319e-06 3.27596e-07 -1.793e-09 -7.96315e-06 0.0708611 -0.00369345 -1.72784e-09 4.58932e-06 -0.00369345 0.996909 -7.67574e-07 -1.20165e-08 5.38472e-09 7.67565e-07 0.996903 0.000111682 4.59448e-06 -2.51465e-08 -0.000111682 0.993813
6.4 0.00244479 0.0712522 -0.000280436 -1.31262e-10 3.26902e-07 -0.000280436 0.0710319 -5.47018e-08 -9.12157e-10 4.08838e-10 5.4701e-08 0.0710313 8.47621e-06 3.27278e-07 -1.90938e-09 -8.47616e-06 0.0708111 -0.00393583 -1.84222e-09 4.58796e-06 -0.00393583 0.996908 -7.67721e-07 -1.28018e-08 5.7379e-09 7.6771e-07 0.9969 0.000118961 4.59323e-06 -2.67975e-08 -0.00011896 0.993809
6.6 0.00252085 0.0712006 -0.000298041 -1.3958e-10 3.26566e-07 -0.000298041 0.0709804 -5.4673e-08 -9.69168e-10 4.34489e-10 5.46721e-08 0.0709797 9.00435e-06 3.2695e-07 -2.0293e-09 -9.0043e-06 0.0707596 -0.00418593 -1.96037e-09 4.58655e-06 -0.00418593 0.996906 -7.67872e-07 -1.36118e-08 6.10232e-09 7.6786e-07 0.996897 0.000126464 4.59195e-06 -2.85012e-08 -0.000126464 0.993805
6.8 0.00259689 0.0711476 -0.000316163 -1.48152e-10 3.26219e-07 -0.000316163 0.0709273 -5.46433e-08 -1.02782e-09 4.60892e-10 5.46424e-08 0.0709266 9.54751e-06 3.26612e-07 -2.15276e-09 -9.54746e-06 0.0707065 -0.00444377 -2.08231e-09 4.5851e-06 -0.00444377 0.996905 -7.68028e-07 -1.44463e-08 6.47798e-09 7.68015e-07 0.996895 0.000134193 4.59063e-06 -3.02576e-08 -0.000134192 0.993801
7 0.00267289 0.0710929 -0.0003348 -1.56977e-10 3.25862e-07 -0.0003348 0.0708727 -5.46128e-08 -1.08811e-09 4.88043e-10 5.46118e-08 0.0708719 1.01056e-05 3.26264e-07 -2.27972e-09 -1.01055e-05 0.0706519 -0.00470933 -2.20806e-09 4.58361e-06 -0.00470933 0.996903 -7.6819e-07 -1.53055e-08 6.86487e-09 7.68175e-07 0.996892 0.000142146 4.58926e-06 -3.20668e-08 -0.000142145 0.993796
7.2 0.00274886 0.0710367 -0.00035395 -1.66057e-10 3.25496e-07 -0.00035395 0.0708166 -5.45815e-08 -1.15002e-09 5.15939e-10 5.45803e-08 0.0708157 1.06785e-05 3.25907e-07 -2.4102e-09 -1.06784e-05 0.0705957 -0.00498263 -2.33762e-09 4.58208e-06 -0.00498263 0.996901 -7.68356e-07 -1.61892e-08 7.26299e-09 7.68339e-07 0.996889 0.000150323 4.58786e-06 -3.39289e-08 -0.000150322 0.993792
7.4 0.0028248 0.070979 -0.000373611 -1.7539e-10 3.2512e-07 -0.000373611 0.070759 -5.45493e-08 -1.21355e-09 5.44577e-10 5.4548e-08 0.070758 1.1266e-05 3.2554e-07 -2.54415e-09 -1.1266e-05 0.070538 -0.00526368 -2.47102e-09 4.5805e-06 -0.00526368 0.9969 -7.68527e-07 -1.70973e-08 7.67236e-09 7.68508e-07 0.996886 0.000158723 4.58642e-06 -3.58437e-08 -0.000158722 0.993787
7.6 0.00290071 0.0709198 -0.000393779 -1.84977e-10 3.24733e-07 -0.000393779 0.0706998 -5.45163e-08 -1.27868e-09 5.73952e-10 5.45148e-08 0.0706987 1.18681e-05 3.25164e-07 -2.68158e-09 -1.18681e-05 0.0704788 -0.00555246 -2.60826e-09 4.57888e-06 -0.00555246 0.996898 -7.68704e-07 -1.803e-08 8.09297e-09 7.68683e-07 0.996882 0.000167346 4.58495e-06 -3.78115e-08 -0.000167345 0.993781
7.8 0.00297657 0.0708591 -0.000414454 -1.94817e-10 3.24337e-07 -0.000414454 0.0706391 -5.44825e-08 -1.34541e-09 6.0406e-10 5.44808e-08 0.0706379 1.24847e-05 3.24778e-07 -2.82246e-09 -1.24846e-05 0.070418 -0.00584899 -2.74936e-09 4.57722e-06 -0.00584899 0.996896 -7.68885e-07 -1.89871e-08 8.52482e-09 7.68862e-07 0.996879 0.00017619 4.58343e-06 -3.98321e-08 -0.000176189 0.993776
8 0.00305241 0.0707968 -0.000435631 -2.04911e-10 3.23932e-07 -0.000435631 0.0705769 -5.44478e-08 -1.41371e-09 6.34899e-10 5.4446e-08 0.0705755 1.31156e-05 3.24382e-07 -2.96679e-09 -1.31155e-05 0.0703557 -0.00615326 -2.89435e-09 4.57552e-06 -0.00615326 0.996894 -7.69072e-07 -1.99686e-08 8.96791e-09 7.69046e-07 0.996875 0.000185256 4.58187e-06 -4.19057e-08 -0.000185255 0.99377
8.2 0.0031282 0.070733 -0.00045731 -2.15257e-10 3.23516e-07 -0.00045731 0.0705132 -5.44123e-08 -1.48359e-09 6.66464e-10 5.44103e-08 0.0705117 1.37606e-05 3.23977e-07 -3.11453e-09 -1.37605e-05 0.0702919 -0.00646529 -3.04323e-09 4.57377e-06 -0.00646529 0.996892 -7.69263e-07 -2.09745e-08 9.42225e-09 7.69235e-07 0.996871 0.000194543 4.58028e-06 -4.40322e-08 -0.000194542 0.993764
8.4 0.00320396 0.0706677 -0.000479486 -2.25856e-10 3.23091e-07 -0.000479486 0.0704479 -5.4376e-08 -1.55502e-09 6.9875e-10 5.43738e-08 0.0704463 1.44197e-05 3.23562e-07 -3.26568e-09 -1.44196e-05 0.0702266 -0.00678508 -3.19603e-09 4.57198e-06 -0.00678508 0.99689 -7.6946e-07 -2.20047e-08 9.88783e-09 7.69429e-07 0.996867 0.000204049 4.57865e-06 -4.62117e-08 -0.000204048 0.993758
8.6 0.00327968 0.0706009 -0.000502158 -2.36708e-10 3.22657e-07 -0.000502158 0.0703812 -5.43389e-08 -1.628e-09 7.31754e-10 5.43364e-08 0.0703794 1.50927e-05 3.23139e-07 -3.42021e-09 -1.50926e-05 0.0701598 -0.00711263 -3.35276e-09 4.57015e-06 -0.00711263 0.996888 -7.69662e-07 -2.30592e-08 1.03647e-08 7.69628e-07 0.996862 0.000213775 4.57698e-06 -4.84443e-08 -0.000213774 0.993752
8.8 0.00335535 0.0705326 -0.000525322 -2.47812e-10 3.22212e-07 -0.000525322 0.0703129 -5.43009e-08 -1.70252e-09 7.65471e-10 5.42983e-08 0.070311 1.57795e-05 3.22705e-07 -3.57812e-09 -1.57794e-05 0.0700914 -0.00744794 -3.51344e-09 4.56828e-06 -0.00744794 0.996886 -7.6987e-07 -2.41381e-08 1.08527e-08 7.69832e-07 0.996858 0.00022372 4.57527e-06 -5.073e-08 -0.000223719 0.993745
9 0.00343099 0.0704628 -0.000548977 -2.59168e-10 3.21759e-07 -0.000548977 0.0702432 -5.42622e-08 -1.77856e-09 7.99898e-10 5.42593e-08 0.070241 1.648e-05 3.22263e-07 -3.73937e-09 -1.64799e-05 0.0700216 -0.00779102 -3.67809e-09 4.56636e-06 -0.00779102 0.996884 -7.70082e-07 -2.52411e-08 1.13521e-08 7.70041e-07 0.996853 0.000233882 4.57352e-06 -5.30687e-08 -0.000233881 0.993738
9.2 0.00350659 0.0703915 -0.000573118 -2.70777e-10 3.21295e-07 -0.000573118 0.070172 -5.42226e-08 -1.85611e-09 8.35029e-10 5.42194e-08 0.0701696 1.71939e-05 3.21811e-07 -3.90396e-09 -1.71938e-05 0.0699502 -0.00814187 -3.84673e-09 4.56441e-06 -0.00814187 0.996881 -7.703e-07 -2.63684e-08 1.18626e-08 7.70256e-07 0.996848 0.000244261 4.57173e-06 -5.54606e-08 -0.00024426 0.993731
9.4 0.00358214 0.0703187 -0.000597744 -2.82637e-10 3.20823e-07 -0.000597744 0.0700993 -5.41823e-08 -1.93516e-09 8.70859e-10 5.41788e-08 0.0700967 1.79212e-05 3.2135e-07 -4.07185e-09 -1.79211e-05 0.0698774 -0.00850049 -4.01937e-09 4.56241e-06 -0.00850049 0.996879 -7.70524e-07 -2.75198e-08 1.23845e-08 7.70475e-07 0.996843 0.000254857 4.56991e-06 -5.79057e-08 -0.000254855 0.993723
9.6 0.00365765 0.0702445 -0.000622851 -2.94749e-10 3.20341e-07 -0.000622851 0.0700251 -5.41411e-08 -2.01569e-09 9.07385e-10 5.41374e-08 0.0700223 1.86617e-05 3.2088e-07 -4.24305e-09 -1.86616e-05 0.069803 -0.0088669 -4.19605e-09 4.56037e-06 -0.0088669 0.996877 -7.70753e-07 -2.86953e-08 1.29175e-08 7.70699e-07 0.996837 0.000265668 4.56805e-06 -6.0404e-08 -0.000265666 0.993715
9.8 0.00373311 0.0701687 -0.000648436 -3.07113e-10 3.19849e-07 -0.000648436 0.0699494 -5.40992e-08 -2.09769e-09 9.44602e-10 5.40951e-08 0.0699464 1.94152e-05 3.20401e-07 -4.41751e-09 -1.94151e-05 0.0697272 -0.00924109 -4.37677e-09 4.55829e-06 -0.00924109 0.996874 -7.70987e-07 -2.98949e-08 1.34619e-08 7.70929e-07 0.996831 0.000276694 4.56615e-06 -6.29556e-08 -0.000276692 0.993707
10 0.00380853 0.0700915 -0.000674496 -3.19727e-10 3.19349e-07 -0.000674496 0.0698723 -5.40564e-08 -2.18115e-09 9.82504e-10 5.4052e-08 0.069869 2.01817e-05 3.19912e-07 -4.59523e-09 -2.01816e-05 0.0696499 -0.00962307 -4.56157e-09 4.55616e-06 -0.00962307 0.996872 -7.71227e-07 -3.11186e-08 1.40174e-08 7.71164e-07 0.996825 0.000287933 4.56421e-06 -6.55604e-08 -0.000287932 0.993699
10.2 0.0038839 0.0700129 -0.000701028 -3.32593e-10 3.18839e-07 -0.000701028 0.0697937 -5.40129e-08 -2.26606e-09 1.02109e-09 5.40082e-08 0.0697901 2.09609e-05 3.19415e-07 -4.77618e-09 -2.09607e-05 0.0695711 -0.0100128 -4.75045e-09 4.554e-06 -0.0100128 0.996869 -7.71472e-07 -3.23663e-08 1.45843e-08 7.71404e-07 0.996819 0.000299386 4.56223e-06 -6.82186e-08 -0.000299384 0.99369
10.4 0.00395923 0.0699327 -0.000728029 -3.45709e-10 3.18319e-07 -0.000728029 0.0697136 -5.39687e-08 -2.3524e-09 1.06034e-09 5.39635e-08 0.0697098 2.17526e-05 3.18909e-07 -4.96034e-09 -2.17525e-05 0.0694908 -0.0104104 -4.94345e-09 4.55179e-06 -0.0104104 0.996867 -7.71722e-07 -3.3638e-08 1.51624e-08 7.71649e-07 0.996812 0.00031105 4.56022e-06 -7.09302e-08 -0.000311049 0.993681
10.6 0.0040345 0.0698512 -0.000755495 -3.59076e-10 3.17791e-07 -0.000755495 0.0696321 -5.39236e-08 -2.44015e-09 1.10027e-09 5.39181e-08 0.069628 2.25568e-05 3.18393e-07 -5.14769e-09 -2.25566e-05 0.0694091 -0.0108158 -5.14059e-09 4.54955e-06 -0.0108158 0.996864 -7.71979e-07 -3.49336e-08 1.57517e-08 7.719e-07 0.996805 0.000322926 4.55817e-06 -7.36951e-08 -0.000322924 0.993671
10.8 0.00410973 0.0697681 -0.000783424 -3.72694e-10 3.17254e-07 -0.000783424 0.0695492 -5.38778e-08 -2.52931e-09 1.14087e-09 5.38718e-08 0.0695447 2.33732e-05 3.17869e-07 -5.33821e-09 -2.33731e-05 0.0693259 -0.011229 -5.34189e-09 4.54726e-06 -0.011229 0.996862 -7.72241e-07 -3.6253e-08 1.63523e-08 7.72155e-07 0.996798 0.000335012 4.55608e-06 -7.65136e-08 -0.00033501 0.993662
11 0.00418491 0.0696837 -0.000811812 -3.86561e-10 3.16707e-07 -0.000811812 0.0694648 -5.38312e-08 -2.61985e-09 1.18212e-09 5.38248e-08 0.06946 2.42017e-05 3.17336e-07 -5.53187e-09 -2.42015e-05 0.0692413 -0.01165 -5.54737e-09 4.54493e-06 -0.01165 0.996859 -7.72508e-07 -3.75963e-08 1.69641e-08 7.72417e-07 0.996791 0.000347308 4.55395e-06 -7.93855e-08 -0.000347306 0.993651
11.2 0.00426003 0.0695978 -0.000840656 -4.00678e-10 3.16152e-07 -0.000840656 0.069379 -5.37839e-08 -2.71177e-09 1.22403e-09 5.3777e-08 0.0693739 2.50421e-05 3.16794e-07 -5.72866e-09 -2.50419e-05 0.0691552 -0.0120788 -5.75706e-09 4.54256e-06 -0.0120788 0.996856 -7.72782e-07 -3.89635e-08 1.75872e-08 7.72683e-07 0.996783 0.000359812 4.55179e-06 -8.2311e-08 -0.00035981 0.993641
11.4 0.00433511 0.0695104 -0.000869951 -4.15046e-10 3.15587e-07 -0.000869951 0.0692917 -5.37358e-08 -2.80505e-09 1.26659e-09 5.37285e-08 0.0692862 2.58942e-05 3.16244e-07 -5.92855e-09 -2.58941e-05 0.0690676 -0.0125154 -5.97098e-09 4.54015e-06 -0.0125154 0.996854 -7.73061e-07 -4.03543e-08 1.82215e-08 7.72955e-07 0.996774 0.000372523 4.54958e-06 -8.529e-08 -0.000372521 0.99363
11.6 0.00441013 0.0694217 -0.000899695 -4.29662e-10 3.15014e-07 -0.000899695 0.0692031 -5.3687e-08 -2.89967e-09 1.30979e-09 5.36791e-08 0.0691972 2.67579e-05 3.15684e-07 -6.13151e-09 -2.67578e-05 0.0689787 -0.0129599 -6.18916e-09 4.53769e-06 -0.0129599 0.996851 -7.73346e-07 -4.17689e-08 1.88671e-08 7.73233e-07 0.996766 0.00038544 4.54734e-06 -8.83227e-08 -0.000385438 0.993619
11.8 0.0044851 0.0693315 -0.000929885 -4.44528e-10 3.14432e-07 -0.000929885 0.069113 -5.36374e-08 -2.99562e-09 1.35362e-09 5.3629e-08 0.0691067 2.7633e-05 3.15116e-07 -6.33753e-09 -2.76328e-05 0.0688883 -0.0134122 -6.41163e-09 4.5352e-06 -0.0134122 0.996848 -7.73637e-07 -4.32072e-08 1.95239e-08 7.73515e-07 0.996757 0.000398563 4.54507e-06 -9.1409e-08 -0.000398561 0.993607
12 0.0139046 0.0692399 -0.000960516 -4.59643e-10 3.13841e-07 -0.000960516 0.0690215 -5.35871e-08 -3.09288e-09 1.39809e-09 5.35781e-08 0.0690147 2.85193e-05 3.1454e-07 -6.54657e-09 -2.85191e-05 0.0687964 -0.0138723 -6.6384e-09 4.53267e-06 -0.0138723 0.996845 -7.73934e-07 -4.46691e-08 2.0192e-08 7.73804e-07 0.996748 0.000411891 4.54275e-06 -9.45491e-08 -0.000411888 0.993595
13 0.0246683 0.0687611 -0.00112016 -5.38943e-10 3.10758e-07 -0.00112016 0.0685431 -5.33248e-08 -3.59836e-09 1.62971e-09 5.33125e-08 0.0685339 3.31121e-05 3.11531e-07 -7.63636e-09 -3.31119e-05 0.068316 -0.0162907 -7.8379e-09 4.51939e-06 -0.0162907 0.996829 -7.75508e-07 -5.23314e-08 2.3701e-08 7.75329e-07 0.996695 0.000481553 4.53063e-06 -1.11056e-07 -0.00048155 0.993527
14 0.0265294 0.068248 -0.00129028 -6.24431e-10 3.07465e-07 -0.00129028 0.0680305 -5.3045e-08 -4.13429e-09 1.87618e-09 5.30286e-08 0.0680182 3.79563e-05 3.08316e-07 -8.79806e-09 -3.79561e-05 0.0678008 -0.0189058 -9.14944e-09 4.50511e-06 -0.0189058 0.996813 -7.77238e-07 -6.05775e-08 2.74907e-08 7.76998e-07 0.996632 0.000556153 4.51759e-06 -1.28913e-07 -0.00055615 0.993447
15 0.0283823 0.0677016 -0.00147037 -7.16075e-10 3.0397e-07 -0.00147037 0.0674846 -5.27484e-08 -4.69859e-09 2.1367e-09 5.2727e-08 0.0674685 4.30265e-05 3.04904e-07 -1.00283e-08 -4.30263e-05 0.0672516 -0.0217184 -1.05769e-08 4.48984e-06 -0.0217184 0.996795 -7.7913e-07 -6.94015e-08 3.15606e-08 7.78814e-07 0.996557 0.000635532 4.50364e-06 -1.48125e-07 -0.000635529 0.993353
16 0.0302266 0.0671227 -0.0016599 -8.13841e-10 3.00281e-07 -0.0016599 0.0669063 -5.24358e-08 -5.28908e-09 2.41037e-09 5.24084e-08 0.0668855 4.8296e-05 3.01301e-07 -1.13234e-08 -4.82957e-05 0.0666693 -0.0247293 -1.21247e-08 4.47361e-06 -0.0247293 0.996775 -7.81193e-07 -7.87972e-08 3.59099e-08 7.80784e-07 0.996466 0.000719518 4.48881e-06 -1.68697e-07 -0.000719514 0.993244
17 0.0320617 0.0665125 -0.00185831 -9.17695e-10 2.96407e-07 -0.00185831 0.0662966 -5.21081e-08 -5.90355e-09 2.69626e-09 5.20735e-08 0.0662704 5.37367e-05 2.97517e-07 -1.26796e-08 -5.37365e-05 0.0660547 -0.0279392 -1.37973e-08 4.45641e-06 -0.0279392 0.996755 -7.83433e-07 -8.87586e-08 4.05377e-08 7.82914e-07 0.99636 0.00080792 4.4731e-06 -1.90636e-07 -0.000807916 0.993117
18 0.0338871 0.0658718 -0.00206503 -1.0276e-09 2.92357e-07 -0.00206503 0.0656566 -5.1766e-08 -6.53971e-09 2.99337e-09 5.17231e-08 0.0656239 5.93196e-05 2.9356e-07 -1.4093e-08 -5.93193e-05 0.0654088 -0.0313492 -1.56e-08 4.43828e-06 -0.0313492 0.996732 -7.8586e-07 -9.92793e-08 4.54424e-08 7.85209e-07 0.996236 0.000900531 4.45653e-06 -2.13946e-07 -0.000900526 0.992971
19 0.0357021 0.0652019 -0.00227946 -1.14352e-09 2.88142e-07 -0.00227946 0.0649873 -5.14106e-08 -7.19524e-09 3.30068e-09 5.1358e-08 0.0649471 6.50145e-05 2.89439e-07 -1.55594e-08 -6.50141e-05 0.0647327 -0.03496 -1.75381e-08 4.41922e-06 -0.03496 0.996709 -7.88483e-07 -1.10353e-07 5.06224e-08 7.87676e-07 0.996092 0.000997125 4.43911e-06 -2.38634e-07 -0.00099712 0.992803
20 0.0375062 0.0645038 -0.00250099 -1.26541e-09 2.83769e-07 -0.00250099 0.0642899 -5.10426e-08 -7.86779e-09 3.61708e-09 5.09789e-08 0.0642409 7.07902e-05 2.85163e-07 -1.70744e-08 -7.07898e-05 0.0640272 -0.0387727 -1.96176e-08 4.39926e-06 -0.0387727 0.996684 -7.91311e-07 -1.21974e-07 5.60755e-08 7.90324e-07 0.995924 0.00109746 4.42088e-06 -2.64704e-07 -0.00109745 0.992611
21 0.0392989 0.0637787 -0.00272897 -1.39324e-09 2.7925e-07 -0.00272897 0.0635655 -5.0663e-08 -8.55504e-09 3.94146e-09 5.05867e-08 0.0635066 7.66148e-05 2.80743e-07 -1.86337e-08 -7.66144e-05 0.0632936 -0.0427882 -2.18449e-08 4.37842e-06 -0.0427882 0.996657 -7.94355e-07 -1.34136e-07 6.17989e-08 7.93159e-07 0.995733 0.00120126 4.40183e-06 -2.92162e-07 -0.00120125 0.992393
22 0.0410797 0.0630278 -0.00296278 -1.52695e-09 2.74594e-07 -0.00296278 0.0628154 -5.02727e-08 -9.25461e-09 4.27263e-09 5.01822e-08 0.062745 8.24557e-05 2.76188e-07 -2.02326e-08 -8.24553e-05 0.0625328 -0.0470075 -2.42267e-08 4.35671e-06 -0.0470075 0.99663 -7.97626e-07 -1.46834e-07 6.77896e-08 7.96191e-07 0.995513 0.00130824 4.382e-06 -3.2101e-07 -0.00130824 0.992146
23 0.0428479 0.0622524 -0.00320174 -1.66651e-09 2.69812e-07 -0.00320174 0.0620407 -4.98726e-08 -9.9642e-09 4.60939e-09 4.97662e-08 0.0619575 8.82798e-05 2.71507e-07 -2.18663e-08 -8.82793e-05 0.0617461 -0.0514317 -2.67703e-08 4.33417e-06 -0.0514317 0.9966 -8.01135e-07 -1.60061e-07 7.40437e-08 7.99427e-07 0.995263 0.00141809 4.36139e-06 -3.51253e-07 -0.00141809 0.991867
24 0.0446031 0.0614536 -0.0034452 -1.81186e-09 2.64914e-07 -0.0034452 0.0612427 -4.94636e-08 -1.06815e-08 4.95049e-09 4.93398e-08 0.0611451 9.40534e-05 2.66711e-07 -2.35302e-08 -9.40529e-05 0.0609345 -0.0560619 -2.94835e-08 4.3108e-06 -0.0560619 0.996569 -8.04895e-07 -1.73814e-07 8.05566e-08 8.02879e-07 0.994981 0.00153048 4.34005e-06 -3.82894e-07 -0.00153047 0.991554
25 0.0463447 0.0606327 -0.00369248 -1.96296e-09 2.59911e-07 -0.00369248 0.0604227 -4.90468e-08 -1.14042e-08 5.29465e-09 4.89037e-08 0.060309 9.97427e-05 2.61811e-07 -2.52192e-08 -9.97422e-05 0.0600993 -0.0608991 -3.23746e-08 4.28664e-06 -0.0608991 0.996537 -8.08917e-07 -1.88087e-07 8.73233e-08 8.06556e-07 0.994662 0.00164503 4.31797e-06 -4.15933e-07 -0.00164502 0.991203
26 0.0480722 0.0597911 -0.0039429 -2.11973e-09 2.54812e-07 -0.0039429 0.059582 -4.8623e-08 -1.21303e-08 5.64056e-09 4.84588e-08 0.0594505 0.000105314 2.56815e-07 -2.69283e-08 -0.000105313 0.0592417 -0.0659445 -3.54523e-08 4.26171e-06 -0.0659445 0.996503 -8.13215e-07 -2.02877e-07 9.43378e-08 8.10469e-07 0.994304 0.00176136 4.2952e-06 -4.50373e-07 -0.00176135 0.990811
27 0.049785 0.05893 -0.00419578 -2.28213e-09 2.4963e-07 -0.00419578 0.0587218 -4.81931e-08 -1.28574e-08 5.98688e-09 4.80061e-08 0.0585707 0.000110732 2.51734e-07 -2.86525e-08 -0.000110731 0.0583628 -0.0711993 -3.8726e-08 4.23603e-06 -0.0711993 0.996467 -8.17803e-07 -2.1818e-07 1.01593e-07 8.14629e-07 0.993903 0.00187904 4.27175e-06 -4.86212e-07 -0.00187903 0.990374
28 0.0514827 0.0580508 -0.00445044 -2.45007e-09 2.44373e-07 -0.00445044 0.0578436 -4.77581e-08 -1.35835e-08 6.33226e-09 4.75465e-08 0.057671 0.000115963 2.4658e-07 -3.03867e-08 -0.000115963 0.057464 -0.0766646 -4.22055e-08 4.20964e-06 -0.0766646 0.99643 -8.22695e-07 -2.33994e-07 1.09081e-07 8.19049e-07 0.993456 0.00199762 4.24765e-06 -5.2345e-07 -0.00199761 0.98989
29 0.0531646 0.0571548 -0.00470621 -2.62348e-09 2.39053e-07 -0.00470621 0.0569485 -4.73188e-08 -1.43067e-08 6.67534e-09 4.70808e-08 0.0567524 0.000120975 2.4136e-07 -3.21257e-08 -0.000120974 0.0565464 -0.0823415 -4.59012e-08 4.18255e-06 -0.0823415 0.996391 -8.27905e-07 -2.50316e-07 1.16794e-07 8.23742e-07 0.992959 0.00211661 4.22292e-06 -5.62082e-07 -0.0021166 0.989355
30 0.0548304 0.0562434 -0.00496242 -2.80227e-09 2.33679e-07 -0.00496242 0.0560381 -4.6876e-08 -1.50251e-08 7.01472e-09 4.66101e-08 0.0558164 0.000125732 2.36087e-07 -3.38644e-08 -0.000125731 0.0556114 -0.0882312 -4.98241e-08 4.15479e-06 -0.0882312 0.99635 -8.33449e-07 -2.67145e-07 1.24721e-07 8.28722e-07 0.992409 0.0022355 4.19759e-06 -6.02105e-07 -0.00223549 0.988764
31 0.0564795 0.0553178 -0.0052184 -2.98635e-09 2.28263e-07 -0.0052184 0.0551135 -4.64305e-08 -1.57369e-08 7.34902e-09 4.61352e-08 0.0548642 0.000130202 2.30768e-07 -3.55976e-08 -0.000130202 0.0546602 -0.0943349 -5.39854e-08 4.1264e-06 -0.0943349 0.996307 -8.39342e-07 -2.84481e-07 1.32851e-07 8.34003e-07 0.991801 0.00235372 4.17169e-06 -6.43511e-07 -0.0023537 0.988113
32 0.0581114 0.0543794 -0.00547349 -3.17561e-09 2.22814e-07 -0.00547349 0.0541761 -4.59833e-08 -1.64402e-08 7.67685e-09 4.5657e-08 0.053897 0.000134353 2.25415e-07 -3.73202e-08 -0.000134353 0.0536941 -0.100654 -5.83974e-08 4.09739e-06 -0.100654 0.996263 -8.45601e-07 -3.02325e-07 1.41172e-07 8.39601e-07 0.99113 0.00247066 4.14524e-06 -6.86293e-07 -0.00247065 0.987399
33 0.0597256 0.0534295 -0.00572705 -3.36993e-09 2.17341e-07 -0.00572705 0.0532274 -4.55349e-08 -1.71337e-08 7.99683e-09 4.51764e-08 0.0529162 0.000138153 2.20037e-07 -3.9027e-08 -0.000138152 0.0527144 -0.107189 -6.30725e-08 4.06781e-06 -0.107189 0.996217 -8.52242e-07 -3.20678e-07 1.49671e-07 8.45533e-07 0.990393 0.0025857 4.11827e-06 -7.30438e-07 -0.00258569 0.986616
34 0.0613216 0.0524695 -0.00597845 -3.56917e-09 2.11855e-07 -0.00597845 0.0522685 -4.50861e-08 -1.78157e-08 8.30757e-09 4.46943e-08 0.0519231 0.00014157 2.14643e-07 -4.0713e-08 -0.00014157 0.0517224 -0.113941 -6.80237e-08 4.03767e-06 -0.113941 0.996168 -8.59281e-07 -3.39544e-07 1.58331e-07 8.51815e-07 0.989585 0.00269815 4.09081e-06 -7.75936e-07 -0.00269813 0.98576
35 0.0628989 0.0515007 -0.00622707 -3.77318e-09 2.06364e-07 -0.00622707 0.0513008 -4.46376e-08 -1.84849e-08 8.60772e-09 4.42116e-08 0.0509188 0.000144576 2.09242e-07 -4.23732e-08 -0.000144576 0.0507193 -0.120912 -7.32647e-08 4.00702e-06 -0.120912 0.996118 -8.66736e-07 -3.58925e-07 1.67138e-07 8.58466e-07 0.988701 0.00280726 4.06289e-06 -8.22769e-07 -0.00280725 0.984826
36 0.064457 0.0505244 -0.00647232 -3.9818e-09 2.00879e-07 -0.00647232 0.0503256 -4.41899e-08 -1.914e-08 8.89593e-09 4.37292e-08 0.0499048 0.000147141 2.03843e-07 -4.40027e-08 -0.00014714 0.0497064 -0.128103 -7.88095e-08 3.97588e-06 -0.128103 0.996066 -8.74624e-07 -3.78826e-07 1.76072e-07 8.65506e-07 0.987736 0.00291227 4.03454e-06 -8.7092e-07 -0.00291226 0.983809
37 0.0659956 0.0495418 -0.00671361 -4.19484e-09 1.95407e-07 -0.00671361 0.0493443 -4.37436e-08 -1.97798e-08 9.1709e-09 4.32477e-08 0.0488822 0.000149237 1.98454e-07 -4.55967e-08 -0.000149236 0.048685 -0.135514 -8.46726e-08 3.94427e-06 -0.135514 0.996012 -8.82963e-07 -3.99255e-07 1.85114e-07 8.72954e-07 0.986685 0.00301234 4.00579e-06 -9.20368e-07 -0.00301233 0.982704
38 0.067514 0.0485543 -0.00695038 -4.41208e-09 1.89956e-07 -0.00695038 0.0483579 -4.32992e-08 -2.04033e-08 9.43134e-09 4.27682e-08 0.0478523 0.000150838 1.93084e-07 -4.71505e-08 -0.000150837 0.0476563 -0.143147 -9.0869e-08 3.91225e-06 -0.143147 0.995956 -8.91769e-07 -4.20217e-07 1.94243e-07 8.80832e-07 0.985542 0.00310658 3.97665e-06 -9.71088e-07 -0.00310657 0.981505
39 0.0690118 0.047563 -0.0071821 -4.63331e-09 1.84536e-07 -0.0071821 0.0473679 -4.28572e-08 -2.10096e-08 9.676e-09 4.22913e-08 0.0468163 0.000151919 1.87739e-07 -4.86595e-08 -0.000151918 0.0466216 -0.151002 -9.74141e-08 3.87982e-06 -0.151002 0.995897 -9.0106e-07 -4.41721e-07 2.03435e-07 8.89164e-07 0.984301 0.00319405 3.94717e-06 -1.02305e-06 -0.00319404 0.980206
40 0.10628 0.0465692 -0.00740825 -4.85826e-09 1.79154e-07 -0.00740825 0.0463754 -4.24178e-08 -2.15977e-08 9.9037e-09 4.18179e-08 0.0457755 0.000152456 1.82429e-07 -5.01193e-08 -0.000152455 0.0455821 -0.15908 -1.04323e-07 3.84704e-06 -0.15908 0.995837 -9.10854e-07 -4.63776e-07 2.12666e-07 8.97972e-07 0.982956 0.00327375 3.91737e-06 -1.07623e-06 -0.00327373 0.978802
42 0.146749 0.0445789 -0.00784188 -5.31824e-09 1.6853e-07 -0.00784188 0.0443876 -4.15483e-08 -2.27166e-08 1.03037e-08 4.08842e-08 0.0436843 0.000151812 1.71937e-07 -5.28744e-08 -0.000151812 0.0434934 -0.17591 -1.19299e-07 3.7805e-06 -0.17591 0.995709 -9.32017e-07 -5.09583e-07 2.31134e-07 9.1712e-07 0.979932 0.00340547 3.85691e-06 -1.18609e-06 -0.00340546 0.97565
44 0.152348 0.0425924 -0.00824767 -5.78948e-09 1.58141e-07 -0.00824767 0.0424038 -4.06924e-08 -2.37552e-08 1.06228e-08 3.99727e-08 0.0415879 0.00014875 1.61658e-07 -5.5384e-08 -0.00014875 0.0413997 -0.193642 -1.35928e-07 3.71289e-06 -0.193642 0.995571 -9.55391e-07 -5.57733e-07 2.49406e-07 9.38493e-07 0.976416 0.0034924 3.79547e-06 -1.30033e-06 -0.0034924 0.971998
46 0.157761 0.0406185 -0.00862241 -6.26903e-09 1.48032e-07 -0.00862241 0.0404325 -3.98506e-08 -2.47096e-08 1.08538e-08 3.90882e-08 0.0394954 0.000143142 1.51638e-07 -5.76194e-08 -0.000143141 0.03931 -0.212278 -1.54339e-07 3.64444e-06 -0.212278 0.995423 -9.81095e-07 -6.08335e-07 2.67212e-07 9.62325e-07 0.972351 0.00352405 3.73323e-06 -1.41855e-06 -0.00352405 0.967788
48 0.162982 0.0386651 -0.00896339 -6.75346e-09 1.38243e-07 -0.00896339 0.038482 -3.90223e-08 -2.55773e-08 1.09904e-08 3.8235e-08 0.0374153 0.00013489 1.41913e-07 -5.95556e-08 -0.00013489 0.0372329 -0.231821 -1.74665e-07 3.57539e-06 -0.231821 0.995264 -1.00924e-06 -6.6151e-07 2.84246e-07 9.88877e-07 0.967677 0.00348866 3.67031e-06 -1.54029e-06 -0.00348866 0.962958
50 0.168004 0.0367399 -0.00926834 -7.23889e-09 1.28808e-07 -0.00926834 0.0365596 -3.82059e-08 -2.63565e-08 1.10282e-08 3.74169e-08 0.0353558 0.000123928 1.32513e-07 -6.11714e-08 -0.000123928 0.0351763 -0.252269 -1.97031e-07 3.50594e-06 -0.252269 0.995095 -1.0399e-06 -7.17381e-07 3.00169e-07 1.01843e-06 0.962329 0.00337312 3.6068e-06 -1.66499e-06 -0.00337312 0.957443
52 0.172821 0.0348495 -0.00953546 -7.72099e-09 1.19752e-07 -0.00953546 0.0346723 -3.73987e-08 -2.70457e-08 1.09639e-08 3.66366e-08 0.0333244 0.000110224 1.23462e-07 -6.24499e-08 -0.000110225 0.0331479 -0.273618 -2.21552e-07 3.43626e-06 -0.273618 0.994913 -1.07315e-06 -7.76072e-07 3.14607e-07 1.05128e-06 0.956236 0.00316287 3.54271e-06 -1.79199e-06 -0.00316287 0.951173
54 0.177428 0.0330003 -0.00976347 -8.19502e-09 1.11095e-07 -0.00976347 0.032826 -3.65971e-08 -2.76442e-08 1.07962e-08 3.58963e-08 0.031328 9.37795e-05 1.14774e-07 -6.33787e-08 -9.378e-05 0.0311546 -0.29586 -2.48332e-07 3.36648e-06 -0.29586 0.994719 -1.10899e-06 -8.37695e-07 3.27154e-07 1.08776e-06 0.949324 0.00284178 3.47798e-06 -1.92055e-06 -0.00284179 0.944072
56 0.181819 0.0311976 -0.00995151 -8.65586e-09 1.02848e-07 -0.00995151 0.0310263 -3.57967e-08 -2.81509e-08 1.05253e-08 3.51973e-08 0.029373 7.4628e-05 1.06459e-07 -6.39497e-08 -7.46287e-05 0.0292028 -0.318984 -2.77453e-07 3.29666e-06 -0.318984 0.994511 -1.14742e-06 -9.02341e-07 3.37376e-07 1.12821e-06 0.941514 0.00239211 3.41242e-06 -2.04983e-06 -0.00239213 0.936062
58 0.185988 0.0294462 -0.0100992 -9.09813e-09 9.50164e-08 -0.0100992 0.0292781 -3.49923e-08 -2.85649e-08 1.01534e-08 3.45399e-08 0.0274651 5.28379e-05 9.85186e-08 -6.41596e-08 -5.28389e-05 0.0272983 -0.342971 -3.08975e-07 3.22678e-06 -0.342971 0.99429 -1.18835e-06 -9.7007e-07 3.44812e-07 1.17298e-06 0.932721 0.00179439 3.34571e-06 -2.17888e-06 -0.00179442 0.927056
60 0.286303 0.0277503 -0.0102066 -9.51625e-09 8.75994e-08 -0.0102066 0.0275853 -3.41784e-08 -2.8885e-08 9.68432e-09 3.39237e-08 0.0256095 2.85101e-05 9.09484e-08 -6.40094e-08 -2.85113e-05 0.0254461 -0.367801 -3.42924e-07 3.1567e-06 -0.367801 0.994054 -1.23164e-06 -1.04089e-06 3.48981e-07 1.22246e-06 0.922856 0.00102738 3.27739e-06 -2.30662e-06 -0.00102742 0.916965
64 0.394175 0.024538 -0.0103026 -1.02575e-08 7.39748e-08 -0.0103026 0.0243793 -3.24978e-08 -2.92376e-08 8.47881e-09 3.28088e-08 0.0220726 -2.71996e-05 7.68746e-08 -6.26553e-08 2.71979e-05 0.0219161 -0.419863 -4.18025e-07 3.0147e-06 -0.419863 0.993534 -1.32439e-06 -1.19152e-06 3.45538e-07 1.33706e-06 0.899525 -0.00110847 3.13288e-06 -2.5534e-06 0.0011084 0.893147
68 0.406626 0.0215807 -0.0102475 -1.08361e-08 6.18514e-08 -0.0102475 0.0214284 -3.07073e-08 -2.91927e-08 6.97289e-09 3.18322e-08 0.0187905 -9.1094e-05 6.40998e-08 -5.99812e-08 9.10916e-05 0.0186412 -0.474847 -5.02118e-07 2.86605e-06 -0.474847 0.992945 -1.42291e-06 -1.35272e-06 3.23108e-07 1.47503e-06 0.87071 -0.00422109 2.97024e-06 -2.77939e-06 0.00422098 0.863792
72 0.417095 0.018889 -0.0100542 -1.12142e-08 5.10297e-08 -0.0100542 0.0187432 -2.87643e-08 -2.87309e-08 5.25255e-09 3.09613e-08 0.0157822 -0.000161354 5.24219e-08 -5.61392e-08 0.000161351 0.0156404 -0.532277 -5.93688e-07 2.70156e-06 -0.532277 0.99228 -1.52281e-06 -1.52104e-06 2.78075e-07 1.63912e-06 0.835522 -0.00854225 2.77526e-06 -2.97206e-06 0.00854208 0.828017
76 0.425533 0.0164652 -0.00973903 -1.13647e-08 4.12483e-08 -0.00973903 0.0163258 -2.6638e-08 -2.78336e-08 3.41905e-09 3.01536e-08 0.0130572 -0.000235835 4.15934e-08 -5.13277e-08 0.000235831 0.0129233 -0.59149 -6.90222e-07 2.50517e-06 -0.59149 0.991533 -1.61783e-06 -1.69045e-06 2.07652e-07 1.83135e-06 0.793019 -0.0143232 2.52613e-06 -3.11734e-06 0.0143229 0.784883
80 0.431897 0.0143051 -0.00932108 -1.12752e-08 3.21995e-08 -0.00932107 0.014172 -2.4315e-08 -2.64894e-08 1.58071e-09 2.93604e-08 0.0106175 -0.00031216 3.13397e-08 -4.57759e-08 0.000312156 0.0104916 -0.651593 -7.88195e-07 2.25091e-06 -0.651592 0.990697 -1.69975e-06 -1.85175e-06 1.105e-07 2.05245e-06 0.74222 -0.0218217 2.19082e-06 -3.19998e-06 0.0218214 0.73342
84 0.436158 0.0123985 -0.00882045 -1.09507e-08 2.35455e-08 -0.00882044 0.0122716 -2.18031e-08 -2.47007e-08 -1.55907e-10 2.8531e-08 0.0084577 -0.000387835 2.13757e-08 -3.97289e-08 0.00038783 0.00834018 -0.711413 -8.83229e-07 1.89906e-06 -0.711412 0.989766 -1.75853e-06 -1.99223e-06 -1.25746e-08 2.30116e-06 0.682155 -0.0312808 1.72405e-06 -3.20433e-06 0.0312804 0.672676
88 0.328636 0.0107316 -0.00825747 -1.04144e-08 1.49352e-08 -0.00825746 0.0106107 -1.91324e-08 -2.24903e-08 -1.69471e-09 2.7617e-08 0.00656688 -0.000460349 1.14189e-08 -3.34314e-08 0.000460343 0.006458 -0.769456 -9.70446e-07 1.39171e-06 -0.769454 0.988738 -1.78282e-06 -2.09571e-06 -1.57918e-07 2.57343e-06 0.611922 -0.0428967 1.06405e-06 -3.11523e-06 0.0428962 0.601776
90 0.219313 0.00998278 -0.00795875 -1.00786e-08 1.05373e-08 -0.00795873 0.00986485 -1.77526e-08 -2.12405e-08 -2.36465e-09 2.7115e-08 0.00571767 -0.00049466 6.35882e-09 -3.02619e-08 0.000494654 0.00561321 -0.797247 -1.0096e-06 1.05555e-06 -0.797246 0.988186 -1.77833e-06 -2.12771e-06 -2.36873e-07 2.71618e-06 0.572753 -0.0495513 6.36979e-07 -3.03141e-06 0.0495507 0.562289
92 0.328636 0.00928743 -0.00765166 -9.7058e-09 6.02125e-09 -0.00765165 0.00917237 -1.63536e-08 -1.99045e-08 -2.95759e-09 2.65774e-08 0.00492962 -0.000527288 1.20177e-09 -2.71149e-08 0.000527281 0.00482965 -0.823872 -1.04505e-06 6.48322e-07 -0.823871 0.98761 -1.76083e-06 -2.14317e-06 -3.18451e-07 2.86165e-06 0.530784 -0.0567743 1.29398e-07 -2.91953e-06 0.0567736 0.52002
96 0.436158 0.00804757 -0.00702109 -8.87691e-09 -3.52381e-09 -0.00702107 0.00793803 -1.35342e-08 -1.70143e-08 -3.89012e-09 2.53824e-08 0.00352718 -0.00058643 -9.52015e-09 -2.09865e-08 0.000586422 0.00343638 -0.872449 -1.10305e-06 -4.37872e-07 -0.872446 0.986389 -1.68178e-06 -2.11422e-06 -4.8339e-07 3.15405e-06 0.438291 -0.0728704 -1.18298e-06 -2.60781e-06 0.0728695 0.427008
100 0.431897 0.0069927 -0.00638182 -7.98659e-09 -1.39909e-08 -0.0063818 0.0068884 -1.07524e-08 -1.39124e-08 -4.46473e-09 2.40163e-08 0.00233866 -0.000635836 -2.09603e-08 -1.52209e-08 0.000635828 0.00225728 -0.91264 -1.14213e-06 -2.00079e-06 -0.912638 0.985083 -1.53765e-06 -1.98956e-06 -6.38485e-07 3.43449e-06 0.334443 -0.0909285 -2.99745e-06 -2.17669e-06 0.0909274 0.322805
104 0.425533 0.00610356 -0.00574762 -7.0939e-09 -2.56202e-08 -0.0057476 0.00600415 -8.08951e-09 -1.07081e-08 -4.68148e-09 2.24789e-08 0.00134205 -0.000673925 -3.32949e-08 -9.95627e-09 0.000673917 0.00127031 -0.941683 -1.16226e-06 -4.19758e-06 -0.941679 0.983713 -1.32538e-06 -1.7544e-06 -7.67009e-07 3.68292e-06 0.21988 -0.110415 -5.45499e-06 -1.63122e-06 0.110414 0.208126
108 0.417095 0.00536144 -0.0051298 -6.25149e-09 -3.8588e-08 -0.00512978 0.00526657 -5.62307e-09 -7.51913e-09 -4.56617e-09 2.07854e-08 0.000515034 -0.000699528 -4.66576e-08 -5.29289e-09 0.00069952 0.000453125 -0.956795 -1.16601e-06 -7.19732e-06 -0.956791 0.982306 -1.0488e-06 -1.40245e-06 -8.51668e-07 3.87682e-06 0.0960625 -0.130474 -8.70243e-06 -9.87214e-07 0.130472 0.0845155
112 0.406626 0.00474861 -0.00453727 -5.50002e-09 -5.29979e-08 -0.00453725 0.0046579 -3.4196e-09 -4.46357e-09 -4.16638e-09 1.89645e-08 -0.000164235 -0.00071193 -6.11341e-08 -1.29478e-09 0.000711922 -0.000216157 -0.955495 -1.15824e-06 -1.11607e-05 -0.95549 0.980899 -7.20128e-07 -9.39975e-07 -8.77391e-07 3.99369e-06 -0.0345858 -0.149924 -1.28741e-05 -2.72665e-07 0.149922 -0.0455201
116 0.394175 0.00424853 -0.00397665 -4.86432e-09 -6.88745e-08 -0.00397663 0.0041616 -1.52958e-09 -1.65102e-09 -3.54601e-09 1.70557e-08 -0.000716578 -0.000710889 -7.67577e-08 2.00698e-09 0.000710881 -0.00075841 -0.936006 -1.14494e-06 -1.62114e-05 -0.936 0.979539 -3.60026e-07 -3.88611e-07 -8.34644e-07 4.01448e-06 -0.168665 -0.167326 -1.80669e-05 4.72394e-07 0.167324 -0.178511
120 0.379804 0.00384604 -0.00345253 -4.35187e-09 -8.61616e-08 -0.0034525 0.00376249 1.5914e-11 8.2458e-10 -2.77875e-09 1.51052e-08 -0.00116137 -0.000696638 -9.35051e-08 4.60967e-09 0.000696629 -0.00119307 -0.897683 -1.13152e-06 -2.24027e-05 -0.897677 0.978277 4.13776e-09 2.14397e-07 -7.22497e-07 3.92746e-06 -0.301965 -0.181131 -2.4312e-05 1.19855e-06 0.181129 -0.310207
124 0.363583 0.00352732 -0.00296769 -3.95368e-09 -1.04724e-07 -0.00296767 0.00344675 1.20626e-09 2.89056e-09 -1.94137e-09 1.31617e-08 -0.00151625 -0.000669869 -1.11294e-07 6.53396e-09 0.00066986 -0.00153783 -0.841346 -1.12088e-06 -2.96894e-05 -0.841339 0.97716 3.41976e-07 8.19478e-07 -5.5038e-07 3.73135e-06 -0.429859 -0.189909 -3.1552e-05 1.85239e-06 0.189906 -0.435978
128 0.34559 0.00327989 -0.00252351 -3.64732e-09 -1.24353e-07 -0.00252349 0.00320192 2.05035e-09 4.49892e-09 -1.10728e-09 1.12723e-08 -0.00179694 -0.0006317 -1.29981e-07 7.81921e-09 0.000631692 -0.00180852 -0.76939 -1.11203e-06 -3.79139e-05 -0.769383 0.97623 6.25129e-07 1.37167e-06 -3.37598e-07 3.43678e-06 -0.547867 -0.192598 -3.96297e-05 2.38399e-06 0.192596 -0.551396
132 0.325914 0.00309253 -0.00212019 -3.40159e-09 -1.44776e-07 -0.00212017 0.0030168 2.57398e-09 5.6278e-09 -3.41008e-10 9.47897e-09 -0.00201722 -0.000583632 -1.49364e-07 8.51938e-09 0.000583624 -0.00201897 -0.685583 -1.09994e-06 -4.68147e-05 -0.685577 0.975511 8.32321e-07 1.81981e-06 -1.10268e-07 3.06512e-06 -0.652287 -0.188723 -4.82982e-05 2.75483e-06 0.188721 -0.652853
136 0.304649 0.00295519 -0.00175709 -3.182e-09 -1.65665e-07 -0.00175707 0.00288134 2.81604e-09 6.28112e-09 3.06261e-10 7.81614e-09 -0.00218889 -0.000527487 -1.69184e-07 8.69982e-09 0.00052748 -0.00218109 -0.594578 -1.07675e-06 -5.6059e-05 -0.594571 0.975009 9.52915e-07 2.12546e-06 1.03635e-07 2.64489e-06 -0.740694 -0.178495 -5.72497e-05 2.94391e-06 0.178493 -0.738055
140 0.281901 0.00285886 -0.001433 -2.95635e-09 -1.86651e-07 -0.00143299 0.00278656 2.82423e-09 6.4869e-09 7.99587e-10 6.30896e-09 -0.00232191 -0.000465342 -1.89131e-07 8.43479e-09 0.000465336 -0.00230494 -0.501251 -1.0341e-06 -6.52885e-05 -0.501245 0.974712 9.87887e-07 2.26905e-06 2.79688e-07 2.20681e-06 -0.812181 -0.162772 -6.61563e-05 2.95041e-06 0.16277 -0.806246
144 0.257779 0.00279549 -0.00114638 -2.69957e-09 -2.07334e-07 -0.00114637 0.00272446 2.65064e-09 6.29452e-09 1.1217e-09 4.973e-09 -0.00242451 -0.000399456 -2.08857e-07 7.80558e-09 0.000399451 -0.00239885 -0.410081 -9.65688e-07 -7.41674e-05 -0.410077 0.97459 9.48184e-07 2.25167e-06 4.01252e-07 1.77894e-06 -0.867293 -0.142893 -7.47119e-05 2.7922e-06 0.142891 -0.858112
148 0.232401 0.00275792 -0.000895495 -2.39716e-09 -2.27302e-07 -0.000895484 0.00268789 2.34788e-09 5.77124e-09 1.27285e-09 3.81475e-09 -0.00250336 -0.000332188 -2.27978e-07 6.89889e-09 0.000332184 -0.00246957 -0.3247 -8.69193e-07 -8.24181e-05 -0.324696 0.974607 8.51322e-07 2.09261e-06 4.61525e-07 1.3832e-06 -0.907699 -0.120449 -8.2663e-05 2.50149e-06 0.120447 -0.895449
152 0.205891 0.00273977 -0.000678624 -2.04703e-09 -2.46137e-07 -0.000678616 0.00267052 1.96584e-09 4.99813e-09 1.26927e-09 2.83289e-09 -0.00256375 -0.000265919 -2.46096e-07 5.80499e-09 0.000265915 -0.00252253 -0.247693 -7.47154e-07 -8.98384e-05 -0.24769 0.974722 7.17518e-07 1.82428e-06 4.63274e-07 1.03399e-06 -0.935754 -0.0970588 -8.98234e-05 2.11878e-06 0.0970574 -0.920706
156 0.178378 0.00273547 -0.000494129 -1.65943e-09 -2.63432e-07 -0.000494123 0.00266679 1.54943e-09 4.06541e-09 1.14033e-09 2.02008e-09 -0.00260982 -0.000202972 -2.62809e-07 4.61556e-09 0.000202969 -0.00256192 -0.180638 -6.06635e-07 -9.63025e-05 -0.180636 0.974895 5.66422e-07 1.48618e-06 4.16867e-07 7.38476e-07 -0.954067 -0.0742001 -9.60748e-05 1.6873e-06 0.0741991 -0.936556
160 0.0971232 0.00274013 -0.000340538 -1.25517e-09 -2.78804e-07 -0.000340534 0.00267189 1.13714e-09 3.0674e-09 9.24796e-10 1.36491e-09 -0.00264467 -0.000145535 -2.77728e-07 3.42096e-09 0.000145533 -0.00259096 -0.124278 -4.5807e-07 -0.000101748 -0.124277 0.975094 4.14996e-07 1.11943e-06 3.375e-07 4.98119e-07 -0.965163 -0.0531125 -0.000101356 1.24847e-06 0.0531118 -0.94556
161 0.0357021 0.0027422 -0.000306816 -1.15471e-09 -2.82304e-07 -0.000306813 0.00267404 1.03857e-09 2.8187e-09 8.62468e-10 1.2242e-09 -0.00265192 -0.000132275 -2.81134e-07 3.1317e-09 0.000132273 -0.0025969 -0.111887 -4.21089e-07 -0.000102948 -0.111885 0.975144 3.78735e-07 1.02789e-06 3.14517e-07 4.46429e-07 -0.967078 -0.0482368 -0.000102521 1.14204e-06 0.0482362 -0.947013
162 0.0338871 0.00274451 -0.000274928 -1.05545e-09 -2.85658e-07 -0.000274925 0.00267643 9.42676e-10 2.57316e-09 7.98165e-10 1.09228e-09 -0.00265865 -0.000119513 -2.844e-07 2.84879e-09 0.000119512 -0.00260238 -0.100174 -3.84567e-07 -0.000104083 -0.100172 0.975193 3.43476e-07 9.37566e-07 2.90822e-07 3.97988e-07 -0.968715 -0.0435463 -0.000103625 1.03799e-06 0.0435456 -0.948211
163 0.0320617 0.00274701 -0.000244857 -9.57883e-10 -2.88859e-07 -0.000244854 0.002679 8.49865e-10 2.33217e-09 7.32588e-10 9.6895e-10 -0.00266488 -0.000107277 -2.87521e-07 2.57345e-09 0.000107276 -0.00260742 -0.0891357 -3.487e-07 -0.000105154 -0.0891346 0.975242 3.09378e-07 8.48985e-07 2.66685e-07 3.52729e-07 -0.970102 -0.0390523 -0.000104667 9.36818e-07 0.0390518 -0.949185
164 0.0302266 0.00274965 -0.000216587 -8.62519e-10 -2.91903e-07 -0.000216584 0.0026817 7.60506e-10 2.09706e-09 6.66429e-10 8.53983e-10 -0.00267064 -9.55933e-05 -2.90491e-07 2.30689e-09 9.55919e-05 -0.00261205 -0.0787691 -3.13684e-07 -0.00010616 -0.0787681 0.975289 2.76583e-07 7.62664e-07 2.42369e-07 3.10579e-07 -0.971268 -0.0347657 -0.000105647 8.38978e-07 0.0347652 -0.94996
165 0.0283823 0.00275237 -0.000190104 -7.69861e-10 -2.94786e-07 -0.000190102 0.00268448 6.74943e-10 1.86911e-09 6.00368e-10 7.47173e-10 -0.00267595 -8.44865e-05 -2.93306e-07 2.05026e-09 8.44853e-05 -0.0026163 -0.0690692 -2.79709e-07 -0.000107103 -0.0690684 0.975335 2.45223e-07 6.79091e-07 2.18128e-07 2.71466e-07 -0.972237 -0.0306959 -0.000106565 7.44908e-07 0.0306955 -0.950564
166 0.0265294 0.00275513 -0.000165394 -6.80409e-10 -2.97504e-07 -0.000165392 0.0026873 5.93493e-10 1.64957e-09 5.35069e-10 6.48318e-10 -0.00268084 -7.39809e-05 -2.95961e-07 1.80466e-09 7.39798e-05 -0.00262019 -0.0600311 -2.46961e-07 -0.000107982 -0.0600304 0.975379 2.15414e-07 5.98726e-07 1.94208e-07 2.35313e-07 -0.973034 -0.026852 -0.000107422 6.55018e-07 0.0268517 -0.95102
167 0.0246683 0.00275789 -0.000142443 -5.94653e-10 -3.00052e-07 -0.000142441 0.0026901 5.1645e-10 1.43962e-09 4.71174e-10 5.57218e-10 -0.00268531 -6.40988e-05 -2.98453e-07 1.57114e-09 6.40979e-05 -0.00262372 -0.0516493 -2.15619e-07 -0.000108798 -0.0516486 0.975421 1.87263e-07 5.22002e-07 1.70846e-07 2.02045e-07 -0.973682 -0.023242 -0.000108218 5.6969e-07 0.0232416 -0.951352
168 0.0172754 0.00276061 -0.00012124 -5.13072e-10 -3.02427e-07 -0.000121239 0.00269286 4.44083e-10 1.24041e-09 4.09301e-10 4.73687e-10 -0.00268939 -5.48615e-05 -3.00777e-07 1.3507e-09 5.48607e-05 -0.00262693 -0.0439179 -1.85855e-07 -0.000109551 -0.0439174 0.975461 1.60864e-07 4.49325e-07 1.48265e-07 1.71588e-07 -0.974201 -0.019873 -0.000108953 4.89278e-07 0.0198727 -0.951578
168.5 0.0109315 0.00276194 -0.000111291 -4.73993e-10 -3.03549e-07 -0.000111289 0.00269422 4.09731e-10 1.14516e-09 3.79308e-10 4.34703e-10 -0.00269128 -5.04908e-05 -3.01875e-07 1.24568e-09 5.04901e-05 -0.00262842 -0.0402944 -1.71616e-07 -0.000109904 -0.0402939 0.97548 1.48349e-07 4.14623e-07 1.37334e-07 1.5739e-07 -0.974419 -0.0182809 -0.000109298 4.51018e-07 0.0182807 -0.951658
169 0.0104622 0.00276325 -0.000101774 -4.36128e-10 -3.04625e-07 -0.000101773 0.00269554 3.76639e-10 1.05299e-09 3.50038e-10 3.97544e-10 -0.00269309 -4.62886e-05 -3.02929e-07 1.14428e-09 4.6288e-05 -0.00262983 -0.0368313 -1.57832e-07 -0.000110242 -0.0368309 0.975498 1.36303e-07 3.81071e-07 1.26676e-07 1.43869e-07 -0.974611 -0.0167516 -0.000109628 4.14108e-07 0.0167513 -0.951719
169.5 0.00999215 0.00276452 -9.26889e-05 -3.99533e-10 -3.05657e-07 -9.26878e-05 0.00269684 3.44834e-10 9.64023e-10 3.21561e-10 3.6219e-10 -0.0026948 -4.22572e-05 -3.0394e-07 1.04661e-09 4.22566e-05 -0.00263117 -0.033528 -1.44521e-07 -0.000110564 -0.0335276 0.975516 1.24735e-07 3.48712e-07 1.16317e-07 1.31013e-07 -0.97478 -0.0152855 -0.000109943 3.78585e-07 0.0152853 -0.951762
170 0.0095213 0.00276577 -8.40343e-05 -3.6426e-10 -3.06644e-07 -8.40333e-05 0.0026981 3.14341e-10 8.78371e-10 2.93942e-10 3.2862e-10 -0.00269643 -3.83987e-05 -3.04907e-07 9.52759e-10 3.83982e-05 -0.00263243 -0.0303837 -1.31703e-07 -0.000110871 -0.0303833 0.975533 1.13654e-07 3.17586e-07 1.06278e-07 1.18817e-07 -0.974928 -0.0138836 -0.000110243 3.44483e-07 0.0138834 -0.951791
170.5 0.00904972 0.00276698 -7.5809e-05 -3.30361e-10 -3.07584e-07 -7.5808e-05 0.00269932 2.85185e-10 7.96151e-10 2.67245e-10 2.96816e-10 -0.00269796 -3.47151e-05 -3.05828e-07 8.6284e-10 3.47146e-05 -0.00263363 -0.0273977 -1.19394e-07 -0.000111163 -0.0273974 0.975549 1.03067e-07 2.87733e-07 9.65837e-08 1.07271e-07 -0.975057 -0.0125462 -0.000110528 3.11835e-07 0.012546 -0.951806
171 0.00857745 0.00276815 -6.80118e-05 -2.97885e-10 -3.08479e-07 -6.8011e-05 0.00270051 2.57389e-10 7.17473e-10 2.41532e-10 2.66758e-10 -0.00269941 -3.12085e-05 -3.06705e-07 7.76944e-10 3.1208e-05 -0.00263475 -0.0245694 -1.07612e-07 -0.000111439 -0.0245691 0.975564 9.29823e-08 2.59189e-07 8.7254e-08 9.63671e-08 -0.975168 -0.0112741 -0.000110798 2.80673e-07 0.011274 -0.951811
171.5 0.00810453 0.00276927 -6.06419e-05 -2.6688e-10 -3.09327e-07 -6.06412e-05 0.00270165 2.30975e-10 6.4244e-10 2.16862e-10 2.3843e-10 -0.00270077 -2.78806e-05 -3.07537e-07 6.95162e-10 2.78802e-05 -0.00263581 -0.0218981 -9.63717e-08 -0.0001117 -0.0218979 0.975579 8.34063e-08 2.31989e-07 7.83099e-08 8.60982e-08 -0.975264 -0.0100678 -0.000111053 2.51027e-07 0.0100677 -0.951805
172 0.00763099 0.00277035 -5.36983e-05 -2.3739e-10 -3.10128e-07 -5.36976e-05 0.00270274 2.05963e-10 5.71151e-10 1.9329e-10 2.11813e-10 -0.00270205 -2.47333e-05 -3.08323e-07 6.17581e-10 2.4733e-05 -0.0026368 -0.0193832 -8.56896e-08 -0.000111945 -0.0193829 0.975593 7.43455e-08 2.06165e-07 6.97708e-08 7.6457e-08 -0.975346 -0.00892786 -0.000111294 2.22925e-07 0.00892773 -0.951791
172.5 0.00715688 0.00277138 -4.71799e-05 -2.09461e-10 -3.10883e-07 -4.71794e-05 0.00270378 1.82373e-10 5.03701e-10 1.7087e-10 1.86892e-10 -0.00270325 -2.17683e-05 -3.09063e-07 5.44283e-10 2.1768e-05 -0.00263772 -0.017024 -7.55799e-08 -0.000112176 -0.0170238 0.975607 6.58059e-08 1.81751e-07 6.16552e-08 6.74364e-08 -0.975416 -0.00785467 -0.000111519 1.96394e-07 0.00785455 -0.951771
173 0.00668221 0.00277236 -4.10861e-05 -1.83132e-10 -3.1159e-07 -4.10856e-05 0.00270477 1.60223e-10 4.40178e-10 1.49653e-10 1.63652e-10 -0.00270437 -1.89871e-05 -3.09757e-07 4.75345e-10 1.89868e-05 -0.00263858 -0.0148199 -6.60564e-08 -0.000112392 -0.0148197 0.975619 5.7793e-08 1.58774e-07 5.39805e-08 5.90299e-08 -0.975475 -0.00684871 -0.00011173 1.71459e-07 0.00684861 -0.951745
173.5 0.00620704 0.00277328 -3.54159e-05 -1.58443e-10 -3.12249e-07 -3.54155e-05 0.0027057 1.39529e-10 3.80667e-10 1.29687e-10 1.42078e-10 -0.0027054 -1.63912e-05 -3.10404e-07 4.1084e-10 1.63909e-05 -0.00263937 -0.0127704 -5.71321e-08 -0.000112592 -0.0127703 0.975631 5.03119e-08 1.37262e-07 4.67631e-08 5.12311e-08 -0.975523 -0.00591039 -0.000111927 1.48142e-07 0.00591031 -0.951716
174 0.0057314 0.00277414 -3.01687e-05 -1.35432e-10 -3.12861e-07 -3.01684e-05 0.00270657 1.20306e-10 3.25245e-10 1.11016e-10 1.22157e-10 -0.00270635 -1.3982e-05 -3.11004e-07 3.50837e-10 1.39818e-05 -0.00264011 -0.010875 -4.88192e-08 -0.000112778 -0.0108748 0.975642 4.33671e-08 1.17242e-07 4.00182e-08 4.40343e-08 -0.975564 -0.00504011 -0.000112108 1.26467e-07 0.00504004 -0.951684
174.5 0.00525531 0.00277494 -2.53438e-05 -1.14131e-10 -3.13424e-07 -2.53435e-05 0.00270738 1.0257e-10 2.73985e-10 9.36824e-11 1.03877e-10 -0.00270723 -1.17608e-05 -3.11557e-07 2.95398e-10 1.17606e-05 -0.00264078 -0.00913309 -4.11291e-08 -0.000112948 -0.00913298 0.975652 3.69629e-08 9.87352e-08 3.37601e-08 3.74339e-08 -0.975597 -0.0042382 -0.000112275 1.06452e-07 0.00423814 -0.95165
175 0.00477883 0.00277568 -2.09406e-05 -9.45735e-11 -3.1394e-07 -2.09403e-05 0.00270813 8.63327e-11 2.26954e-10 7.77245e-11 8.72253e-11 -0.00270802 -9.72871e-06 -3.12063e-07 2.44582e-10 9.72857e-06 -0.00264139 -0.00754429 -3.40722e-08 -0.000113103 -0.0075442 0.975661 3.11032e-08 8.17651e-08 2.80019e-08 3.14248e-08 -0.975623 -0.00350498 -0.000112427 8.81159e-08 0.00350493 -0.951616
175.5 0.00430199 0.00277636 -1.69584e-05 -7.67886e-11 -3.14406e-07 -1.69582e-05 0.00270881 7.16062e-11 1.84215e-10 6.31779e-11 7.21919e-11 -0.00270874 -7.88691e-06 -3.12521e-07 1.98443e-10 7.88679e-06 -0.00264194 -0.00610813 -2.7658e-08 -0.000113244 -0.00610806 0.975669 2.57914e-08 6.63513e-08 2.27557e-08 2.60024e-08 -0.975644 -0.00284074 -0.000112565 7.14758e-08 0.0028407 -0.951583
176 0.00382481 0.00277697 -1.33968e-05 -6.08029e-11 -3.14824e-07 -1.33966e-05 0.00270942 5.84014e-11 1.45823e-10 5.00749e-11 5.87671e-11 -0.00270938 -6.23634e-06 -3.12932e-07 1.57029e-10 6.23625e-06 -0.00264243 -0.00482423 -2.18954e-08 -0.00011337 -0.00482418 0.975677 2.10306e-08 5.25116e-08 1.80322e-08 2.11623e-08 -0.975661 -0.00224573 -0.000112688 5.65468e-08 0.0022457 -0.95155
176.5 0.00334735 0.00277751 -1.02552e-05 -4.66406e-11 -3.15194e-07 -1.02551e-05 0.00270997 4.67278e-11 1.11829e-10 3.84446e-11 4.69422e-11 -0.00270995 -4.77788e-06 -3.13295e-07 1.20384e-10 4.77781e-06 -0.00264286 -0.00369224 -1.67922e-08 -0.000113481 -0.00369219 0.975683 1.68236e-08 4.02622e-08 1.38414e-08 1.69008e-08 -0.975674 -0.0017202 -0.000112797 4.33423e-08 0.00172018 -0.95152
177 0.00286963 0.00277798 -7.5334e-06 -3.43229e-11 -3.15514e-07 -7.53331e-06 0.00271045 3.65938e-11 8.22765e-11 2.83125e-11 3.67095e-11 -0.00271043 -3.5123e-06 -3.13609e-07 8.85462e-11 3.51225e-06 -0.00264323 -0.00271182 -1.23553e-08 -0.000113577 -0.00271179 0.975689 1.31728e-08 2.96174e-08 1.01918e-08 1.32144e-08 -0.975684 -0.00126434 -0.000112891 3.18743e-08 0.00126432 -0.951493
177.5 0.00239169 0.00277838 -5.2309e-06 -2.38685e-11 -3.15785e-07 -5.23084e-06 0.00271085 2.80066e-11 5.72051e-11 1.97012e-11 2.80624e-11 -0.00271085 -2.44029e-06 -3.13876e-07 6.15499e-11 2.44026e-06 -0.00264354 -0.00188271 -8.59079e-09 -0.000113658 -0.00188269 0.975694 1.00802e-08 2.05893e-08 7.0909e-09 1.01003e-08 -0.975691 -0.000878313 -0.000112971 2.21531e-08 0.0008783 -0.951468
178 0.00191357 0.00277871 -3.34745e-06 -1.52932e-11 -3.16007e-07 -3.34741e-06 0.00271118 2.09724e-11 3.66472e-11 1.26296e-11 2.09953e-11 -0.00271118 -1.56241e-06 -3.14094e-07 3.94231e-11 1.56239e-06 -0.0026438 -0.00120468 -5.50371e-09 -0.000113724 -0.00120466 0.975698 7.54753e-09 1.31885e-08 4.54513e-09 7.55575e-09 -0.975697 -0.000562278 -0.000113036 1.41875e-08 0.00056227 -0.951448
178.5 0.00143531 0.00277897 -1.8828e-06 -8.61006e-12 -3.1618e-07 -1.88278e-06 0.00271144 1.54962e-11 2.06298e-11 7.11329e-12 1.55034e-11 -0.00271144 -8.79129e-07 -3.14264e-07 2.21891e-11 8.79116e-07 -0.002644 -0.000677517 -3.09829e-09 -0.000113776 -0.000677509 0.975701 5.57623e-09 7.42353e-09 2.55968e-09 5.57883e-09 -0.975701 -0.00031635 -0.000113086 7.98465e-09 0.000316346 -0.951431
179 0.000956932 0.00277916 -8.36755e-07 -3.82911e-12 -3.16303e-07 -8.36745e-07 0.00271163 1.15818e-11 9.17378e-12 3.16436e-12 1.15833e-11 -0.00271163 -3.90811e-07 -3.14385e-07 9.86616e-12 3.90805e-07 -0.00264414 -0.000301083 -1.3778e-09 -0.000113813 -0.000301079 0.975703 4.16739e-09 3.30092e-09 1.1386e-09 4.1679e-09 -0.975703 -0.000140622 -0.000113122 3.55006e-09 0.00014062 -0.951419
179.5 0.000478484 0.00277927 -2.09182e-07 -9.57642e-13 -3.16378e-07 -2.09179e-07 0.00271174 9.2321e-12 2.2942e-12 7.91525e-13 9.23219e-12 -0.00271174 -9.77156e-08 -3.14458e-07 2.46719e-12 9.77142e-08 -0.00264423 -7.52652e-05 -3.44567e-10 -0.000113835 -7.52643e-05 0.975704 3.32178e-09 8.25468e-10 2.84797e-10 3.32181e-09 -0.975704 -3.51588e-05 -0.000113144 8.87712e-10 3.51583e-05 -0.951412
180 5.98114e-05 0.0027793 0 0 -3.16402e-07 0 0.00271178 8.44867e-12 0 0 8.44867e-12 -0.00271178 0 -3.14482e-07 0 0 -0.00264426 0 0 -0.000113842 0 0.975705 3.03985e-09 0 0 3.03985e-09 -0.975705 0 -0.000113151 0 0 -0.95141
