theta 2pi*dcos S11 S12 S13 S14 S21 S22 S23 S24 S31 S32 S33 S34 S41 S42 S43 S44 S12_norm S13_norm S14_norm S21_norm S22_norm S23_norm S24_norm S31_norm S32_norm S33_norm S34_norm S41_norm S42_norm S43_norm S44_norm
0 2.39246e-06 926.914 6.26951e-15 -6.24947e-17 -0.383451 6.32364e-15 926.314 1.10353 -2.2865e-16 -8.09397e-17 -1.10353 926.314 2.58051e-16 -0.383458 1.53835e-16 -2.69041e-16 926.03 6.76385e-18 -6.74223e-20 -0.000413685 6.82224e-18 0.999352 0.00119054 -2.46679e-19 -8.73217e-20 -0.00119054 0.999352 2.78398e-19 -0.000413693 1.65964e-19 -2.90255e-19 0.999045
0.1 1.91397e-05 926.638 0.000293992 2.7259e-05 -0.383229 0.000300202 926.038 1.1032 -1.80367e-05 2.2791e-05 -1.1032 926.038 0.00966496 -0.383245 3.30116e-05 -0.00966344 925.754 3.17267e-07 2.94171e-08 -0.000413569 3.23969e-07 0.999352 0.00119054 -1.94647e-08 2.45954e-08 -0.00119054 0.999352 1.04301e-05 -0.000413587 3.56251e-08 -1.04285e-05 0.999045
0.2 3.82793e-05 925.81 0.00117566 0.00010899 -0.382564 0.00120048 925.21 1.10222 -7.20418e-05 9.11243e-05 -1.10222 925.21 0.0386313 -0.382606 0.000131906 -0.0386252 924.926 1.26987e-06 1.17723e-07 -0.000413221 1.29668e-06 0.999352 0.00119055 -7.78149e-08 9.84265e-08 -0.00119055 0.999352 4.1727e-05 -0.000413266 1.42476e-07 -4.17204e-05 0.999045
0.3 5.74188e-05 924.432 0.00264409 0.000245052 -0.381458 0.00269984 923.832 1.10058 -0.000161701 0.000204881 -1.10058 923.832 0.0868135 -0.381544 0.000296261 -0.0867998 923.548 2.86023e-06 2.65083e-07 -0.000412641 2.92054e-06 0.999351 0.00119055 -1.74919e-07 2.21629e-07 -0.00119055 0.999351 9.39101e-05 -0.000412733 3.20479e-07 -9.38953e-05 0.999044
0.4 7.65581e-05 922.505 0.00469773 0.000435212 -0.379915 0.00479665 921.905 1.09829 -0.000286491 0.000363861 -1.09829 921.905 0.154069 -0.380061 0.000525377 -0.154045 921.621 5.09237e-06 4.71773e-07 -0.00041183 5.19959e-06 0.99935 0.00119056 -3.10558e-07 3.94428e-07 -0.00119056 0.99935 0.000167012 -0.000411988 5.69512e-07 -0.000166985 0.999042
0.5 9.56972e-05 920.032 0.00733443 0.000679146 -0.37794 0.00748857 919.433 1.09536 -0.000445685 0.000567788 -1.09536 919.433 0.2402 -0.378163 0.000818279 -0.240162 919.149 7.97193e-06 7.38177e-07 -0.000410789 8.13946e-06 0.999349 0.00119056 -4.84424e-07 6.1714e-07 -0.00119056 0.999349 0.000261077 -0.000411033 8.89402e-07 -0.000261037 0.99904
0.6 0.000114836 917.018 0.0105514 0.000976436 -0.375538 0.0107726 916.42 1.09177 -0.000638354 0.000816305 -1.09177 916.419 0.344951 -0.375856 0.00117372 -0.344897 916.136 1.15062e-05 1.06479e-06 -0.00040952 1.17474e-05 0.999347 0.00119057 -6.96119e-07 8.90173e-07 -0.00119057 0.999347 0.000376166 -0.000409868 1.27993e-06 -0.000376107 0.999038
0.7 0.000133974 913.467 0.0143452 0.00132657 -0.372717 0.0146451 912.869 1.08754 -0.000863371 0.00110897 -1.08754 912.869 0.468014 -0.373148 0.00159018 -0.467941 912.586 1.57041e-05 1.45224e-06 -0.000408024 1.60325e-05 0.999345 0.00119057 -9.45159e-07 1.21403e-06 -0.00119057 0.999345 0.000512349 -0.000408496 1.74082e-06 -0.000512269 0.999035
0.8 0.000153112 909.385 0.0187117 0.00172895 -0.369486 0.0191017 908.787 1.08268 -0.00111942 0.00144528 -1.08268 908.787 0.609026 -0.370047 0.0020659 -0.608932 908.504 2.05762e-05 1.90123e-06 -0.000406303 2.10051e-05 0.999343 0.00119056 -1.23096e-06 1.5893e-06 -0.00119056 0.999343 0.000669712 -0.00040692 2.27175e-06 -0.000669608 0.999031
0.9 0.00017225 904.777 0.0236462 0.00218288 -0.365855 0.0241373 904.181 1.07719 -0.001405 0.00182464 -1.07719 904.18 0.767571 -0.366563 0.00259884 -0.767453 903.898 2.61348e-05 2.41261e-06 -0.000404359 2.66776e-05 0.99934 0.00119056 -1.55287e-06 2.01667e-06 -0.00119056 0.99934 0.000848353 -0.000405141 2.87236e-06 -0.000848223 0.999028
1 0.000191387 899.652 0.0291433 0.00268758 -0.361835 0.0297461 899.056 1.07107 -0.00171843 0.00224636 -1.07107 899.055 0.943182 -0.362707 0.00318675 -0.943038 898.773 3.23939e-05 2.98735e-06 -0.000402194 3.3064e-05 0.999338 0.00119054 -1.91011e-06 2.49692e-06 -0.00119054 0.999337 0.00104839 -0.000403164 3.5422e-06 -0.00104823 0.999023
1.1 0.000210523 894.016 0.0351967 0.00324217 -0.357439 0.0359216 893.421 1.06433 -0.00205787 0.00270971 -1.06434 893.421 1.13534 -0.358493 0.00382712 -1.13517 893.139 3.93692e-05 3.62653e-06 -0.000399813 4.018e-05 0.999334 0.00119051 -2.30183e-06 3.03095e-06 -0.00119051 0.999334 0.00126994 -0.000400991 4.28081e-06 -0.00126974 0.999018
1.2 0.000229659 887.879 0.0417998 0.00384571 -0.352681 0.0426564 887.285 1.05699 -0.00242131 0.00321386 -1.05699 887.284 1.34349 -0.353933 0.00451722 -1.34329 887.003 4.70782e-05 4.33134e-06 -0.000397217 4.8043e-05 0.999331 0.00119047 -2.72708e-06 3.61971e-06 -0.00119047 0.99933 0.00151314 -0.000398628 5.08766e-06 -0.00151292 0.999013
1.3 0.000248794 881.25 0.0489447 0.00449714 -0.347574 0.0499426 880.657 1.04905 -0.00280661 0.00375791 -1.04905 880.656 1.56701 -0.349043 0.00525414 -1.56677 880.375 5.55401e-05 5.10314e-06 -0.00039441 5.66724e-05 0.999327 0.00119041 -3.1848e-06 4.26429e-06 -0.00119041 0.999325 0.00177816 -0.000396077 5.96215e-06 -0.0017779 0.999007
1.4 0.000267929 874.139 0.0566233 0.00519533 -0.342135 0.0577712 873.547 1.04051 -0.00321146 0.00434087 -1.04052 873.545 1.80524 -0.343837 0.00603474 -1.80498 873.265 6.47761e-05 5.94337e-06 -0.000391397 6.60893e-05 0.999323 0.00119033 -3.67385e-06 4.96588e-06 -0.00119033 0.999321 0.00206517 -0.000393344 6.90364e-06 -0.00206486 0.999
1.5 0.000287062 866.557 0.0648264 0.00593907 -0.336381 0.0661327 865.966 1.0314 -0.00363346 0.00496169 -1.0314 865.964 2.0575 -0.338334 0.00685571 -2.0572 865.684 7.48091e-05 6.85365e-06 -0.000388181 7.63166e-05 0.999318 0.00119023 -4.19298e-06 5.72576e-06 -0.00119023 0.999315 0.00237434 -0.000390435 7.91144e-06 -0.002374 0.998993
1.6 0.000306195 858.515 0.0735439 0.00672706 -0.330329 0.0750164 857.925 1.02172 -0.00407007 0.00561925 -1.02172 857.922 2.32304 -0.332549 0.00771356 -2.3227 857.643 8.56642e-05 7.83569e-06 -0.000384768 8.73793e-05 0.999313 0.0011901 -4.74083e-06 6.54532e-06 -0.0011901 0.99931 0.00270588 -0.000387354 8.98478e-06 -0.00270549 0.998985
1.7 0.000325327 850.025 0.0827653 0.00755791 -0.323997 0.0844111 849.437 1.01148 -0.00451868 0.00631234 -1.01148 849.433 2.60108 -0.326502 0.00860468 -2.60071 849.155 9.7368e-05 8.8914e-06 -0.000381162 9.93042e-05 0.999308 0.00118994 -5.31594e-06 7.42606e-06 -0.00118994 0.999303 0.00306 -0.000384108 1.01228e-05 -0.00305957 0.998976
1.8 0.000344457 841.101 0.0924788 0.00843018 -0.317405 0.0943046 840.515 1.00069 -0.00497656 0.00703968 -1.0007 840.51 2.89082 -0.320212 0.00952527 -2.89041 840.232 0.00010995 1.00228e-05 -0.000377368 0.00011212 0.999303 0.00118974 -5.91672e-06 8.36959e-06 -0.00118975 0.999297 0.00343694 -0.000380705 1.13248e-05 -0.00343646 0.998966
1.9 0.000363587 831.756 0.102672 0.00934231 -0.310572 0.104684 831.171 0.989375 -0.00544094 0.00779993 -0.989385 831.165 3.1914 -0.313697 0.0104715 -3.19096 830.888 0.00012344 1.1232e-05 -0.000373393 0.000125859 0.999296 0.0011895 -6.54151e-06 9.37766e-06 -0.00118951 0.999289 0.00383695 -0.000377151 1.25896e-05 -0.00383642 0.998956
2 0.000382716 822.003 0.113332 0.0102927 -0.303519 0.115534 821.42 0.97754 -0.00590896 0.00859167 -0.977552 821.412 3.50196 -0.30698 0.0114392 -3.50149 821.136 0.000137872 1.25215e-05 -0.000369243 0.000140552 0.99929 0.00118922 -7.18848e-06 1.04521e-05 -0.00118923 0.999281 0.00426028 -0.000373454 1.39163e-05 -0.0042597 0.998944
2.1 0.000401843 811.858 0.124443 0.0112797 -0.296267 0.126842 811.276 0.965201 -0.00637774 0.00941342 -0.965217 811.266 3.8216 -0.30008 0.0124245 -3.82109 810.991 0.000153282 1.38937e-05 -0.000364925 0.000156237 0.999283 0.00118888 -7.85573e-06 1.15949e-05 -0.0011889 0.999272 0.00470723 -0.000369622 1.53038e-05 -0.0047066 0.998932
2.2 0.000420969 801.334 0.135992 0.0123015 -0.288837 0.13859 800.754 0.952373 -0.00684436 0.0102636 -0.952393 800.743 4.14938 -0.293019 0.0134232 -4.14884 800.468 0.000169707 1.53512e-05 -0.000360445 0.000172949 0.999276 0.00118848 -8.54121e-06 1.28082e-05 -0.00118851 0.999262 0.00517809 -0.000365664 1.6751e-05 -0.00517742 0.998919
2.3 0.000440094 790.448 0.147961 0.0133563 -0.281251 0.150762 789.869 0.939073 -0.00730591 0.0111407 -0.939096 789.856 4.48437 -0.285819 0.014431 -4.48379 789.582 0.000187186 1.68971e-05 -0.000355813 0.00019073 0.999268 0.00118803 -9.24274e-06 1.40941e-05 -0.00118806 0.999251 0.00567319 -0.000361591 1.82567e-05 -0.00567247 0.998905
2.4 0.000459218 779.216 0.160334 0.0144422 -0.273532 0.163341 778.639 0.925316 -0.00775945 0.0120428 -0.925344 778.623 4.82558 -0.278502 0.0154437 -4.82498 778.35 0.000205763 1.85342e-05 -0.000351035 0.000209622 0.999259 0.0011875 -9.95803e-06 1.54551e-05 -0.00118753 0.99924 0.00619287 -0.000357413 1.98196e-05 -0.0061921 0.998889
2.5 0.00047834 767.653 0.173092 0.0155572 -0.265701 0.176307 767.078 0.911119 -0.00820208 0.0129684 -0.911153 767.06 5.17205 -0.271089 0.0164571 -5.17142 766.787 0.000225482 2.0266e-05 -0.000346121 0.00022967 0.999251 0.00118689 -1.06846e-05 1.68936e-05 -0.00118693 0.999227 0.00673748 -0.00035314 2.14382e-05 -0.00673667 0.998872
2.6 0.000497461 755.777 0.186217 0.0166994 -0.257781 0.18964 755.203 0.8965 -0.00863093 0.0139156 -0.89654 755.182 5.52277 -0.263603 0.0174669 -5.52212 754.911 0.000246391 2.20957e-05 -0.000341081 0.000250921 0.999241 0.0011862 -1.142e-05 1.84124e-05 -0.00118625 0.999214 0.00730741 -0.000348784 2.31112e-05 -0.00730655 0.998854
2.7 0.00051658 743.604 0.199688 0.0178667 -0.249795 0.20332 743.032 0.881476 -0.00904318 0.0148826 -0.881523 743.008 5.87675 -0.256066 0.0184689 -5.87607 742.738 0.000268541 2.40271e-05 -0.000335925 0.000273426 0.999231 0.00118541 -1.21613e-05 2.00141e-05 -0.00118547 0.999199 0.00790306 -0.000344358 2.48371e-05 -0.00790216 0.998835
2.8 0.000535698 731.152 0.213484 0.0190569 -0.241765 0.217326 730.582 0.866066 -0.00943607 0.0158673 -0.866122 730.554 6.23296 -0.2485 0.019459 -6.23227 730.285 0.000291984 2.60642e-05 -0.000330663 0.000297237 0.999221 0.00118452 -1.29058e-05 2.17018e-05 -0.0011846 0.999183 0.00852486 -0.000339875 2.66141e-05 -0.00852391 0.998814
2.9 0.000554814 718.438 0.227584 0.0202678 -0.233713 0.231633 717.87 0.85029 -0.00980691 0.0168679 -0.850355 717.839 6.5904 -0.240928 0.0204329 -6.5897 717.57 0.000316776 2.8211e-05 -0.000325307 0.000322412 0.999209 0.00118353 -1.36503e-05 2.34786e-05 -0.00118362 0.999166 0.00917324 -0.00033535 2.84407e-05 -0.00917226 0.998792
3 0.000573928 705.48 0.241963 0.0214974 -0.225661 0.246219 704.914 0.834166 -0.0101531 0.0178824 -0.834241 704.879 6.94806 -0.233372 0.0213867 -6.94734 704.611 0.000342977 3.04719e-05 -0.000319869 0.000349009 0.999198 0.00118241 -1.43918e-05 2.53479e-05 -0.00118252 0.999148 0.00984869 -0.000330798 3.0315e-05 -0.00984768 0.998768
3.1 0.00059304 692.297 0.256599 0.0227432 -0.217632 0.261059 691.732 0.817714 -0.0104722 0.0189086 -0.817801 691.693 7.30491 -0.225852 0.0223163 -7.30419 691.426 0.000370649 3.28518e-05 -0.000314363 0.000377091 0.999185 0.00118116 -1.51268e-05 2.73129e-05 -0.00118129 0.999128 0.0105517 -0.000326236 3.22352e-05 -0.0105507 0.998742
3.2 0.000612151 678.905 0.271466 0.0240029 -0.209647 0.276127 678.343 0.800955 -0.0107619 0.0199445 -0.801056 678.299 7.65996 -0.21839 0.0232181 -7.65923 678.032 0.000399858 3.53553e-05 -0.000308802 0.000406724 0.999172 0.00117977 -1.58519e-05 2.93775e-05 -0.00117992 0.999106 0.0112828 -0.00032168 3.41993e-05 -0.0112817 0.998714
3.3 0.00063126 665.325 0.286537 0.0252743 -0.201727 0.291396 664.764 0.78391 -0.0110199 0.020988 -0.784025 664.715 8.0122 -0.211007 0.0240882 -8.01148 664.449 0.000430673 3.7988e-05 -0.0003032 0.000437975 0.999158 0.00117824 -1.65632e-05 3.15454e-05 -0.00117841 0.999083 0.0120425 -0.000317148 3.62051e-05 -0.0120415 0.998685
3.4 0.000650367 651.573 0.301786 0.026555 -0.193892 0.306838 651.014 0.766599 -0.0112441 0.0220367 -0.766731 650.959 8.36065 -0.203722 0.024923 -8.35994 650.695 0.000463166 4.07553e-05 -0.000297575 0.00047092 0.999143 0.00117654 -1.72569e-05 3.38208e-05 -0.00117674 0.999058 0.0128315 -0.000312662 3.82506e-05 -0.0128304 0.998653
3.5 0.000669472 637.668 0.317185 0.0278426 -0.186163 0.322426 637.112 0.749044 -0.0114327 0.0230886 -0.749194 637.051 8.70434 -0.196555 0.0257193 -8.70365 636.787 0.000497414 4.36631e-05 -0.000291943 0.000505633 0.999127 0.00117466 -1.79289e-05 3.62078e-05 -0.0011749 0.999032 0.0136503 -0.000308241 4.03333e-05 -0.0136492 0.998618
3.6 0.000688575 623.629 0.332705 0.0291346 -0.178558 0.338129 623.075 0.731267 -0.0115838 0.0241413 -0.731437 623.007 9.04232 -0.189526 0.0264737 -9.04164 622.745 0.000533498 4.67178e-05 -0.000286321 0.000542195 0.999111 0.0011726 -1.85748e-05 3.8711e-05 -0.00117287 0.999003 0.0144995 -0.000303908 4.2451e-05 -0.0144984 0.998582
3.7 0.000707676 609.474 0.348315 0.0304285 -0.171097 0.353917 608.922 0.71329 -0.011696 0.0251926 -0.713482 608.848 9.37365 -0.182652 0.0271832 -9.373 608.586 0.000571502 4.99259e-05 -0.000280729 0.000580692 0.999093 0.00117034 -1.91903e-05 4.1335e-05 -0.00117065 0.998972 0.0153799 -0.000299687 4.4601e-05 -0.0153788 0.998542
3.8 0.000726775 595.222 0.363987 0.0317221 -0.163798 0.369759 594.671 0.695135 -0.0117678 0.0262403 -0.695351 594.59 9.69742 -0.17595 0.0278449 -9.69681 594.329 0.000611514 5.32946e-05 -0.000275188 0.000621212 0.999075 0.00116786 -1.97704e-05 4.40849e-05 -0.00116822 0.998938 0.0162921 -0.000295604 4.67807e-05 -0.0162911 0.9985
3.9 0.000745871 580.89 0.379686 0.0330127 -0.156676 0.385622 580.341 0.676824 -0.011798 0.0272819 -0.677067 580.252 10.0128 -0.169437 0.0284562 -10.0122 579.992 0.000653629 5.68312e-05 -0.000269718 0.000663848 0.999055 0.00116515 -2.03103e-05 4.69658e-05 -0.00116557 0.998902 0.0172369 -0.000291685 4.89874e-05 -0.0172359 0.998455
4 0.000764965 566.496 0.395383 0.0342979 -0.149749 0.401475 565.949 0.65838 -0.0117858 0.0283153 -0.658652 565.852 10.3188 -0.163128 0.0290148 -10.3183 565.593 0.000697944 6.05439e-05 -0.000264343 0.000708698 0.999035 0.0011622 -2.08048e-05 4.99832e-05 -0.00116268 0.998864 0.0182151 -0.00028796 5.1218e-05 -0.0182142 0.998407
4.1 0.000784057 552.059 0.411042 0.0355752 -0.143032 0.417283 551.514 0.639826 -0.0117303 0.029338 -0.64013 551.409 10.6147 -0.157038 0.0295184 -10.6142 551.151 0.000744562 6.4441e-05 -0.000259089 0.000755866 0.999013 0.00115898 -2.12483e-05 5.31428e-05 -0.00115953 0.998822 0.0192275 -0.000284459 5.34696e-05 -0.0192266 0.998355
4.2 0.000803147 537.596 0.426631 0.0368423 -0.136539 0.433012 537.053 0.621184 -0.011631 0.0303477 -0.621523 536.939 10.8997 -0.151181 0.0299651 -10.8993 536.682 0.000793591 6.85315e-05 -0.000253981 0.00080546 0.99899 0.00115548 -2.16353e-05 5.64508e-05 -0.00115611 0.998778 0.0202748 -0.000281216 5.5739e-05 -0.0202741 0.998299
4.3 0.000822234 523.125 0.442116 0.0380965 -0.130283 0.448628 522.584 0.602477 -0.0114877 0.0313422 -0.602854 522.461 11.173 -0.145568 0.0303532 -11.1727 522.204 0.000845144 7.28249e-05 -0.000249047 0.000857593 0.998965 0.00115169 -2.19597e-05 5.99133e-05 -0.00115241 0.99873 0.0213582 -0.000278266 5.80228e-05 -0.0213575 0.99824
4.4 0.000841318 508.662 0.457461 0.0393355 -0.124276 0.464095 508.123 0.583729 -0.0113001 0.032319 -0.584147 507.99 11.4339 -0.140211 0.0306812 -11.4336 507.735 0.00089934 7.73313e-05 -0.000244318 0.000912384 0.998939 0.00114758 -2.22152e-05 6.35372e-05 -0.0011484 0.998679 0.0224784 -0.000275646 6.03175e-05 -0.0224779 0.998176
4.5 0.0008604 494.226 0.47263 0.0405569 -0.118529 0.479378 493.688 0.564962 -0.0110684 0.0332759 -0.565423 493.546 11.6817 -0.13512 0.0309481 -11.6816 493.291 0.000956304 8.20615e-05 -0.000239827 0.000969957 0.998912 0.00114313 -2.23954e-05 6.73294e-05 -0.00114406 0.998624 0.0236364 -0.000273398 6.26194e-05 -0.0236361 0.998108
4.6 0.00087948 479.831 0.487589 0.0417582 -0.113052 0.49444 479.295 0.546199 -0.010793 0.0342106 -0.546708 479.143 11.9158 -0.130305 0.031153 -11.9158 478.889 0.00101617 8.70269e-05 -0.000235607 0.00103044 0.998883 0.00113831 -2.24934e-05 7.12972e-05 -0.00113937 0.998565 0.0248334 -0.000271565 6.49248e-05 -0.0248332 0.998035
4.7 0.000898556 465.495 0.5023 0.0429372 -0.107854 0.509244 464.961 0.527462 -0.0104746 0.0351209 -0.528022 464.798 12.1356 -0.125773 0.0312951 -12.1357 464.544 0.00107906 9.22397e-05 -0.000231697 0.00109398 0.998852 0.00113312 -2.2502e-05 7.54484e-05 -0.00113432 0.998501 0.0260703 -0.000270192 6.72297e-05 -0.0260704 0.997957
4.8 0.00091763 451.234 0.516727 0.0440914 -0.102942 0.523755 450.701 0.508774 -0.0101139 0.0360045 -0.509389 450.527 12.3405 -0.121531 0.0313742 -12.3407 450.274 0.00114514 9.77129e-05 -0.000228134 0.00116072 0.998819 0.00112752 -2.24139e-05 7.97912e-05 -0.00112888 0.998433 0.0273484 -0.000269331 6.95298e-05 -0.0273487 0.997873
4.9 0.000936701 437.062 0.530833 0.0452185 -0.0983229 0.537935 436.531 0.490158 -0.00971202 0.0368592 -0.490831 436.345 12.53 -0.117584 0.0313902 -12.5303 436.094 0.00121455 0.00010346 -0.000224963 0.0012308 0.998785 0.00112148 -2.22211e-05 8.4334e-05 -0.00112302 0.99836 0.0286687 -0.000269034 7.18208e-05 -0.0286694 0.997784
5 0.00095577 422.995 0.544581 0.0463164 -0.0940018 0.551746 422.466 0.471635 -0.00927022 0.0376828 -0.472371 422.268 12.7037 -0.113937 0.0313432 -12.7041 422.017 0.00128744 0.000109496 -0.000222229 0.00130438 0.998748 0.00111499 -2.19157e-05 8.90857e-05 -0.00111673 0.998281 0.0300327 -0.000269358 7.40982e-05 -0.0300336 0.997688
5.1 0.000974835 409.048 0.557935 0.0473828 -0.0899826 0.565153 408.52 0.453228 -0.00879002 0.0384733 -0.454031 408.31 12.8611 -0.110593 0.0312338 -12.8616 408.06 0.00136399 0.000115837 -0.000219981 0.00138163 0.998709 0.00110801 -2.1489e-05 9.40558e-05 -0.00110997 0.998197 0.0314414 -0.000270366 7.63572e-05 -0.0314428 0.997585
5.2 0.000993897 395.234 0.570857 0.0484156 -0.0862681 0.578117 394.707 0.434957 -0.00827314 0.0392286 -0.435831 394.485 13.0018 -0.107552 0.0310626 -13.0025 394.236 0.00144435 0.000122499 -0.000218271 0.00146272 0.998668 0.00110051 -2.09323e-05 9.92542e-05 -0.00110272 0.998107 0.0328964 -0.000272123 7.8593e-05 -0.0328982 0.997475
5.3 0.00101296 381.567 0.583311 0.0494127 -0.0828598 0.590603 381.042 0.416844 -0.00772151 0.0399467 -0.417794 380.807 13.1255 -0.104817 0.0308307 -13.1264 380.558 0.00152873 0.0001295 -0.000217157 0.00154784 0.998624 0.00109245 -2.02363e-05 0.000104691 -0.00109494 0.99801 0.0343991 -0.000274702 8.08003e-05 -0.0344013 0.997357
5.4 0.00103201 368.06 0.595259 0.0503721 -0.0797582 0.602573 367.536 0.39891 -0.00713726 0.0406255 -0.39994 367.289 13.2321 -0.102386 0.0305394 -13.2331 367.041 0.00161729 0.000136859 -0.000216699 0.00163716 0.998577 0.00108382 -1.93916e-05 0.000110378 -0.00108662 0.997906 0.0359508 -0.000278178 8.29739e-05 -0.0359536 0.997231
5.5 0.00105107 354.726 0.606666 0.0512919 -0.0769626 0.613991 354.203 0.381175 -0.00652273 0.0412634 -0.38229 353.943 13.3211 -0.100258 0.03019 -13.3223 353.695 0.00171024 0.000144596 -0.000216964 0.00173089 0.998527 0.00107456 -1.83881e-05 0.000116325 -0.00107771 0.997794 0.0375533 -0.000282635 8.51081e-05 -0.0375567 0.997095
5.6 0.00107012 341.576 0.617496 0.0521701 -0.0744709 0.624822 341.055 0.363659 -0.00588043 0.0418584 -0.364864 340.782 13.3925 -0.0984291 0.0297845 -13.3939 340.535 0.00180778 0.000152733 -0.000218021 0.00182923 0.998474 0.00106465 -1.72156e-05 0.000122545 -0.00106818 0.997674 0.039208 -0.000288161 8.71973e-05 -0.0392121 0.99695
5.7 0.00108916 328.623 0.627714 0.053005 -0.0722802 0.635031 328.103 0.34638 -0.00521304 0.0424087 -0.347681 327.816 13.4462 -0.0968959 0.0293249 -13.4478 327.57 0.00191013 0.000161294 -0.000219949 0.0019324 0.998418 0.00105404 -1.58633e-05 0.00012905 -0.00105799 0.997545 0.0409167 -0.000294854 8.92356e-05 -0.0409216 0.996794
5.8 0.00110821 315.877 0.637284 0.0537949 -0.0703863 0.644582 315.358 0.329359 -0.0045234 0.0429129 -0.33076 315.058 13.482 -0.0956529 0.0288132 -13.4838 314.811 0.00201751 0.000170303 -0.000222828 0.00204061 0.998357 0.00104268 -1.43201e-05 0.000135853 -0.00104712 0.997407 0.0426812 -0.000302817 9.12166e-05 -0.0426869 0.996627
5.9 0.00112725 303.348 0.646173 0.0545381 -0.068784 0.653443 302.83 0.312613 -0.00381453 0.0433692 -0.314119 302.516 13.5 -0.094694 0.028252 -13.502 302.27 0.00213014 0.000179787 -0.00022675 0.0021541 0.998293 0.00103054 -1.25748e-05 0.000142969 -0.00103551 0.997258 0.0445032 -0.000312163 9.31341e-05 -0.0445099 0.996448
6 0.00172656 291.046 0.654348 0.0552331 -0.0674671 0.66158 290.529 0.29616 -0.00308955 0.0437763 -0.297775 290.202 13.5001 -0.0940119 0.027644 -13.5023 289.956 0.00224826 0.000189774 -0.000231809 0.00227311 0.998225 0.00101757 -1.06153e-05 0.00015041 -0.00102312 0.997098 0.0463847 -0.000323014 9.49816e-05 -0.0463924 0.996256
6.2 0.00236869 267.159 0.668428 0.0564729 -0.0656596 0.675557 266.644 0.264198 -0.00160444 0.0444372 -0.266049 266.289 13.4472 -0.0934437 0.026299 -13.4499 266.045 0.00250198 0.000211383 -0.00024577 0.00252867 0.998073 0.000988915 -6.00554e-06 0.000166332 -0.000995845 0.996742 0.0503339 -0.000349768 9.84393e-05 -0.050344 0.995827
6.4 0.00244479 244.282 0.679277 0.0575039 -0.0648948 0.686269 243.769 0.233599 -9.53958e-05 0.0448858 -0.235708 243.386 13.3244 -0.0938709 0.024803 -13.3276 243.142 0.00278071 0.0002354 -0.000265655 0.00280933 0.997899 0.000956269 -3.90515e-07 0.000183746 -0.000964901 0.99633 0.054545 -0.000384273 0.000101534 -0.0545581 0.995333
6.6 0.00252085 222.47 0.686672 0.0583174 -0.0650901 0.693495 221.958 0.204479 0.00140896 0.045114 -0.206866 221.547 13.1336 -0.0952026 0.0231833 -13.1373 221.304 0.00308658 0.000262136 -0.000292579 0.00311725 0.9977 0.000919129 6.33328e-06 0.000202787 -0.00092986 0.995853 0.0590353 -0.000427935 0.000104209 -0.0590521 0.994761
6.8 0.00259689 201.769 0.690408 0.0589065 -0.0661508 0.697035 201.259 0.176936 0.00287927 0.0451154 -0.179624 200.821 12.8774 -0.0973364 0.0214694 -12.8817 200.578 0.00342177 0.00029195 -0.000327854 0.00345462 0.99747 0.000876926 1.42701e-05 0.000223599 -0.000890243 0.995299 0.0638223 -0.000482415 0.000106406 -0.0638436 0.994097
7 0.00267289 182.215 0.690308 0.0592659 -0.0679724 0.696713 181.706 0.15106 0.00428589 0.0448857 -0.154067 181.241 12.5589 -0.10016 0.0196919 -12.5638 180.999 0.00378842 0.000325252 -0.000373033 0.00382357 0.997204 0.000829019 2.35211e-05 0.000246333 -0.000845524 0.994655 0.0689236 -0.000549679 0.00010807 -0.0689505 0.993327
7.2 0.00274886 163.835 0.686222 0.0593925 -0.0704419 0.692385 163.326 0.126921 0.00559953 0.0444223 -0.130269 162.836 12.1821 -0.103553 0.0178826 -12.1876 162.595 0.0041885 0.000362514 -0.000429957 0.00422612 0.996895 0.00077469 3.41779e-05 0.00027114 -0.000795123 0.993905 0.0743559 -0.000632057 0.00010915 -0.0743894 0.99243
7.4 0.0028248 146.645 0.678032 0.0592847 -0.0734405 0.683934 146.137 0.104578 0.00679169 0.0437247 -0.108284 145.623 11.7512 -0.10739 0.0160733 -11.7573 145.381 0.00462363 0.000404274 -0.000500805 0.00466388 0.996534 0.000713135 4.63138e-05 0.000298167 -0.00073841 0.99303 0.0801333 -0.000732314 0.000109607 -0.0801751 0.991383
7.6 0.00290071 130.653 0.665648 0.0589431 -0.0768451 0.671277 130.145 0.0840705 0.00783527 0.0427946 -0.0881533 129.609 11.2709 -0.111543 0.0142959 -11.2777 129.368 0.00509477 0.000451141 -0.00058816 0.00513785 0.996113 0.000643463 5.997e-05 0.000327543 -0.000674712 0.992005 0.0862659 -0.000853729 0.000109418 -0.0863176 0.990159
7.8 0.00297657 115.859 0.649019 0.0583698 -0.0805307 0.654363 115.351 0.0654259 0.00870504 0.0416354 -0.0699004 114.794 10.7466 -0.11588 0.0125814 -10.754 114.552 0.0056018 0.0005038 -0.000695075 0.00564793 0.995618 0.000564703 7.51348e-05 0.000359362 -0.000603323 0.990804 0.0927559 -0.00100018 0.000108592 -0.0928198 0.988723
8 0.00305241 102.253 0.628126 0.0575691 -0.0843725 0.63318 101.745 0.0486537 0.00937813 0.0402525 -0.0535333 101.168 10.1837 -0.120273 0.0109594 -10.1918 100.927 0.00614287 0.000563007 -0.000825135 0.00619229 0.995035 0.000475817 9.1715e-05 0.000393657 -0.000523538 0.989394 0.0995935 -0.00117623 0.000107179 -0.0996723 0.987036
8.2 0.0031282 89.8181 0.602987 0.0565468 -0.0882476 0.607748 89.3102 0.0337481 0.00983444 0.0386535 -0.039044 88.7163 9.58805 -0.124594 0.00945797 -9.59677 88.4753 0.00671343 0.00062957 -0.000982514 0.00676643 0.994345 0.000375738 0.000109493 0.000430354 -0.000434701 0.987734 0.10675 -0.00138718 0.000105301 -0.106847 0.98505
8.4 0.00320396 78.5302 0.573658 0.0553104 -0.092037 0.578125 78.022 0.0206879 0.0100571 0.0368476 -0.0264085 77.4134 8.96554 -0.128723 0.00810269 -8.97492 77.1723 0.00730493 0.00070432 -0.001172 0.00736181 0.993528 0.000263439 0.000128067 0.000469215 -0.000336284 0.985778 0.114167 -0.00163916 0.000103179 -0.114286 0.982708
8.6 0.00327968 68.3585 0.540229 0.0538692 -0.0956277 0.544406 67.8498 0.00943712 0.0100327 0.0348456 -0.0155877 67.2289 8.32225 -0.132545 0.00691651 -8.33227 66.9877 0.00790288 0.000788039 -0.00139891 0.00796398 0.992558 0.000138053 0.000146766 0.000509748 -0.000228028 0.983475 0.121744 -0.00193896 0.00010118 -0.121891 0.979947
8.8 0.00335535 59.2662 0.502829 0.0522337 -0.0989137 0.506722 58.7568 -5.48619e-05 0.00975175 0.0326602 -0.00652778 58.1261 7.66426 -0.135951 0.00591933 -7.67492 57.8849 0.00848425 0.000881342 -0.00166897 0.00854994 0.991406 -9.25687e-07 0.000164542 0.000551077 -0.000110143 0.980764 0.129319 -0.00229391 9.9877e-05 -0.129499 0.976694
9 0.00343099 51.211 0.461621 0.050416 -0.101798 0.465239 50.7009 -0.00785212 0.00920862 0.0303055 0.000838776 50.0631 6.99762 -0.138846 0.00512766 -7.00891 49.8218 0.00901411 0.000984477 -0.00198781 0.00908475 0.99004 -0.000153329 0.000179817 0.000591778 1.63788e-05 0.977585 0.136643 -0.00271126 0.000100128 -0.136863 0.972873
9.2 0.00350659 44.1461 0.416804 0.0484293 -0.104193 0.420157 43.6353 -0.0140314 0.00840193 0.0277968 0.00659246 42.993 6.32826 -0.141144 0.00455438 -6.34015 42.7516 0.00944147 0.00109702 -0.00236019 0.00951742 0.988428 -0.00031784 0.000190321 0.000629654 0.000149333 0.973878 0.143348 -0.00319719 0.000103166 -0.143617 0.96841
9.4 0.00358214 38.0208 0.368608 0.0462876 -0.106023 0.371709 37.509 -0.0186811 0.00733445 0.0251506 0.0108255 36.865 5.66194 -0.142769 0.00420858 -5.67441 36.6235 0.00969492 0.00121743 -0.00278856 0.00977647 0.986541 -0.00049134 0.000192907 0.000661496 0.000284726 0.969601 0.148917 -0.00375503 0.000110692 -0.149245 0.96325
9.6 0.00365765 32.7808 0.317295 0.0440063 -0.107224 0.320157 32.2681 -0.0219001 0.00601319 0.0223843 0.0136407 31.625 5.00417 -0.143661 0.00409538 -5.01719 31.3835 0.0096793 0.00134244 -0.00327093 0.0097666 0.984361 -0.000668077 0.000183436 0.000682848 0.00041612 0.964743 0.152656 -0.00438248 0.000124932 -0.153053 0.957376
9.8 0.00373311 28.3694 0.263154 0.0416009 -0.107743 0.265792 27.8558 -0.0237962 0.00444923 0.0195161 0.0151501 27.2164 4.36019 -0.143772 0.00421595 -4.37374 26.9749 0.00927598 0.0014664 -0.00379786 0.00936894 0.981895 -0.000838796 0.000156832 0.000687928 0.00053403 0.959357 0.153693 -0.00506784 0.000148609 -0.154171 0.950842
10 0.00380853 24.728 0.206502 0.039088 -0.107542 0.20893 24.2134 -0.0244852 0.00265762 0.0165649 0.0154735 23.5803 3.73488 -0.143067 0.00456748 -3.74891 23.3388 0.00835091 0.00158072 -0.004349 0.0084491 0.979187 -0.000990177 0.000107474 0.000669883 0.000625748 0.953586 0.151038 -0.0057856 0.000184708 -0.151606 0.943819
10.2 0.0038839 21.7966 0.147675 0.0364841 -0.106595 0.149909 21.2809 -0.024089 0.000657129 0.0135497 0.0147369 20.6567 3.13275 -0.141525 0.00514331 -3.14723 20.4152 0.00677516 0.00167385 -0.00489046 0.00687765 0.97634 -0.00110517 3.01482e-05 0.000621642 0.000676112 0.947704 0.143727 -0.00649298 0.000235969 -0.144391 0.936625
10.4 0.00395923 19.5144 0.087033 0.0338062 -0.104889 0.089088 18.9976 -0.0227345 -0.00153007 0.0104897 0.0130712 18.3848 2.55787 -0.139139 0.00593308 -2.57275 18.1434 0.00445994 0.00173237 -0.00537496 0.00456525 0.973519 -0.00116501 -7.84075e-05 0.000537537 0.000669824 0.942115 0.131076 -0.0071301 0.000304036 -0.131839 0.929746
10.6 0.0040345 17.8206 0.0249483 0.031071 -0.102423 0.026839 17.3028 -0.0205517 -0.00387874 0.00740418 0.0106102 16.7036 2.01387 -0.135917 0.00692292 -2.0291 16.4624 0.00139997 0.00174354 -0.00574743 0.00150607 0.970944 -0.00115325 -0.000217655 0.000415484 0.00059539 0.937319 0.113008 -0.00762694 0.000388478 -0.113863 0.923783
10.8 0.00410973 16.655 -0.0381926 0.0282952 -0.0992083 -0.036452 16.1361 -0.0176724 -0.00636097 0.00431206 0.00748943 15.5527 1.5039 -0.131875 0.00809575 -1.51944 15.3117 -0.00229317 0.0016989 -0.00595668 -0.00218866 0.968848 -0.00106109 -0.000381926 0.000258906 0.000449682 0.933817 0.0902972 -0.00791808 0.000486087 -0.0912307 0.919347
11 0.00418491 15.958 -0.101995 0.0254951 -0.095269 -0.100391 15.4382 -0.0142284 -0.00894667 0.00123185 0.00384417 14.8725 1.03061 -0.127046 0.00943163 -1.04642 14.6318 -0.00639143 0.00159763 -0.00596997 -0.00629094 0.967424 -0.000891616 -0.000560637 7.71931e-05 0.000240892 0.931974 0.0645827 -0.00796126 0.000591026 -0.0655734 0.916889
11.2 0.00426003 15.6719 -0.166058 0.0226866 -0.0906386 -0.164579 15.1511 -0.0103505 -0.0116041 -0.00181855 -0.000191841 14.6049 0.596179 -0.121471 0.0109081 -0.612199 14.3645 -0.0105959 0.00144759 -0.0057835 -0.0105015 0.966767 -0.000660445 -0.000740436 -0.000116039 -1.2241e-05 0.931911 0.0380412 -0.00775086 0.000696025 -0.0390634 0.916572
11.4 0.00433511 15.7406 -0.22998 0.0198848 -0.0853609 -0.228616 15.2188 -0.00616615 -0.0143002 -0.00482201 -0.00448807 14.6935 0.202242 -0.115202 0.0125005 -0.21842 14.4535 -0.0146107 0.00126328 -0.00542298 -0.014524 0.966851 -0.000391736 -0.000908492 -0.000306343 -0.000285128 0.933482 0.0128484 -0.00731878 0.000794157 -0.0138762 0.918235
11.6 0.00441013 16.1101 -0.293363 0.0171042 -0.079488 -0.292103 15.5874 -0.00179905 -0.0170014 -0.00776232 -0.00891858 15.0845 -0.150045 -0.108299 0.0141826 0.133764 14.8449 -0.0182099 0.00106171 -0.00493405 -0.0181317 0.967556 -0.000111672 -0.00105533 -0.000481829 -0.000553602 0.936335 -0.00931375 -0.00672241 0.000880357 0.00830308 0.921467
11.8 0.0044851 16.7293 -0.355813 0.0143584 -0.07308 -0.354649 16.2057 0.00263281 -0.019674 -0.0106243 -0.0133634 15.7261 -0.460023 -0.10083 0.0159271 0.443692 15.4871 -0.0212689 0.000858282 -0.00436839 -0.0211993 0.968706 0.000157378 -0.00117602 -0.000635072 -0.000798802 0.940036 -0.0274981 -0.00602718 0.000952048 0.0265219 0.92575
12 0.0139046 17.5497 -0.416945 0.0116601 -0.066203 -0.415872 17.0253 0.00701817 -0.0222848 -0.0133939 -0.0177097 16.5698 -0.727509 -0.0928709 0.0177056 0.711182 16.3314 -0.023758 0.000664404 -0.00377232 -0.0236969 0.970123 0.000399903 -0.00126982 -0.000763199 -0.00100912 0.944169 -0.0414543 -0.00529189 0.00100888 0.040524 0.930584
13 0.0246683 23.1993 -0.690471 -0.000752805 -0.0273782 -0.689783 22.6719 0.0249481 -0.0333446 -0.0254547 -0.0346485 22.3404 -1.45151 -0.0485731 0.0261279 1.436 22.1057 -0.0297625 -3.24494e-05 -0.00118013 -0.0297329 0.977266 0.00107538 -0.00143731 -0.00109722 -0.00149351 0.962977 -0.062567 -0.00209373 0.00112623 0.0618982 0.95286
14 0.0265294 28.5226 -0.884001 -0.0107122 0.0118389 -0.883646 27.9937 0.0303857 -0.0389732 -0.0338552 -0.0378797 27.7709 -1.31221 -0.00436879 0.0315219 1.29865 27.5406 -0.030993 -0.00037557 0.000415071 -0.0309805 0.981455 0.00106532 -0.0013664 -0.00118696 -0.00132806 0.973642 -0.0460058 -0.000153169 0.00110515 0.0455306 0.965569
15 0.0283823 31.2327 -0.975388 -0.0178419 0.0432824 -0.975262 30.7034 0.0208146 -0.0379936 -0.0382956 -0.0253022 30.5535 -0.636461 0.03107 0.0319417 0.625632 30.3274 -0.0312297 -0.000571258 0.00138581 -0.0312257 0.983054 0.000666436 -0.00121647 -0.00122614 -0.000810119 0.978254 -0.0203781 0.000994791 0.0010227 0.0200314 0.971016
16 0.0302266 30.7973 -0.96169 -0.0222482 0.062241 -0.961517 30.2684 -0.000348011 -0.031426 -0.0390869 -0.000987126 30.1484 0.213487 0.0529141 0.0271836 -0.221324 29.9256 -0.0312265 -0.000722407 0.00202099 -0.0312209 0.982829 -1.13001e-05 -0.00102042 -0.00126917 -3.20524e-05 0.978932 0.006932 0.00171815 0.000882662 -0.00718648 0.971696
17 0.0320617 27.8312 -0.857958 -0.0242833 0.0679274 -0.857266 27.3031 -0.0261532 -0.0217963 -0.0368927 0.0274011 27.1757 0.939668 0.060554 0.0185482 -0.944769 26.9547 -0.0308272 -0.000872521 0.00244069 -0.0308023 0.981025 -0.000939707 -0.000783161 -0.00132559 0.000984545 0.976445 0.033763 0.00217575 0.000666453 -0.0339463 0.968504
18 0.0338871 23.4635 -0.693147 -0.0243725 0.0625105 -0.691387 22.9359 -0.0491062 -0.0119407 -0.0325368 0.0517959 22.7782 1.36449 0.0564691 0.00809492 -1.36756 22.5579 -0.0295415 -0.00103874 0.00266416 -0.0294665 0.977515 -0.00209288 -0.000508907 -0.0013867 0.00220751 0.970795 0.0581538 0.00240668 0.000345001 -0.0582847 0.961404
19 0.0357021 18.8402 -0.504316 -0.0229606 0.0495589 -0.501065 18.3128 -0.0636211 -0.00391632 -0.0269244 0.0663486 18.1194 1.44009 0.044522 -0.00218153 -1.44215 17.8992 -0.026768 -0.0012187 0.00263048 -0.0265955 0.972002 -0.00337687 -0.00020787 -0.00142909 0.00352164 0.961738 0.0764369 0.00236313 -0.000115791 -0.076546 0.950052
20 0.0375062 14.829 -0.329899 -0.0205487 0.0327296 -0.325054 14.301 -0.0672484 0.00149356 -0.0210307 0.0687261 14.081 1.22239 0.0285616 -0.0108656 -1.22458 13.8614 -0.0222469 -0.00138571 0.00220714 -0.0219202 0.964398 -0.00453493 0.000100719 -0.00141822 0.00463458 0.949561 0.0824328 0.00192607 -0.000732725 -0.0825803 0.934755
21 0.0392989 11.9082 -0.202613 -0.0177266 0.0151373 -0.196479 11.3793 -0.0605872 0.00454785 -0.0158542 0.0599757 11.15 0.827666 0.0117803 -0.0171773 -0.831047 10.9323 -0.0170147 -0.00148861 0.00127117 -0.0164995 0.955589 -0.00508787 0.00038191 -0.00133137 0.00503652 0.936335 0.069504 0.000989259 -0.00144248 -0.0697879 0.918049
22 0.0410797 10.1889 -0.142866 -0.0151218 -0.000665037 -0.13608 9.65883 -0.046312 0.00585339 -0.0122637 0.0434059 9.43892 0.387874 -0.00327598 -0.0207001 -0.393222 9.22453 -0.0140218 -0.00148415 -6.5271e-05 -0.0133558 0.94798 -0.00454536 0.000574489 -0.00120364 0.00426013 0.926396 0.0380684 -0.000321526 -0.00203164 -0.0385933 0.905354
23 0.0428479 9.50607 -0.154045 -0.0132438 -0.0124908 -0.147384 8.97482 -0.0279471 0.00568823 -0.0107574 0.0231692 8.77843 0.0154602 -0.014474 -0.0210752 -0.0230744 8.56878 -0.0162049 -0.00139319 -0.00131398 -0.0155042 0.944115 -0.00293992 0.000598379 -0.00113163 0.00243731 0.923455 0.00162635 -0.0015226 -0.00221703 -0.00242733 0.901401
24 0.0446031 9.53398 -0.221371 -0.0122889 -0.0185149 -0.215513 9.00166 -0.00890496 0.00375841 -0.01124 0.00313065 8.83517 -0.21814 -0.0200607 -0.017931 0.208551 8.63105 -0.0232191 -0.00128895 -0.00194199 -0.0226047 0.944167 -0.000934024 0.000394213 -0.00117894 0.000328368 0.926703 -0.0228803 -0.00210413 -0.00188075 0.0218745 0.905294
25 0.0463447 9.89645 -0.315482 -0.0120106 -0.0176206 -0.310842 9.36334 0.0080141 -0.000489184 -0.0129573 -0.0137254 9.2247 -0.290277 -0.0189821 -0.011124 0.279584 9.0261 -0.0318783 -0.00121362 -0.0017805 -0.0314095 0.946132 0.000809796 -4.94302e-05 -0.00130929 -0.0013869 0.932123 -0.0293314 -0.00191807 -0.00112404 0.0282509 0.912055
26 0.0480722 10.2583 -0.40051 -0.0117499 -0.00992935 -0.397212 9.72478 0.0207664 -0.00722005 -0.0146711 -0.0254341 9.60507 -0.223202 -0.0113705 -0.00114068 0.212701 9.4113 -0.0390424 -0.0011454 -0.000967929 -0.0387208 0.947987 0.00202434 -0.000703822 -0.00143016 -0.00247935 0.936318 -0.0217581 -0.00110841 -0.000111195 0.0207345 0.917429
27 0.049785 10.389 -0.444645 -0.0106439 0.00285389 -0.442608 9.85529 0.0280944 -0.0156546 -0.0150452 -0.0309942 9.74161 -0.0712956 0.0011672 0.0106274 0.0624005 9.55165 -0.0427997 -0.00102454 0.000274704 -0.0426037 0.948631 0.00270425 -0.00150684 -0.00144819 -0.00298338 0.937688 -0.00686263 0.00011235 0.00102295 0.00600642 0.919403
28 0.0514827 10.1915 -0.42981 -0.00794603 0.0176103 -0.428899 9.65809 0.0296134 -0.0239749 -0.0131032 -0.0303405 9.53709 0.0973429 0.0157614 0.0219775 -0.10348 9.34999 -0.0421733 -0.000779671 0.00172793 -0.0420839 0.947659 0.00290569 -0.00235243 -0.0012857 -0.00297703 0.935787 0.00955136 0.00154652 0.00215645 -0.0101535 0.917428
29 0.0531646 9.69651 -0.357009 -0.0033318 0.030576 -0.357132 9.16369 0.0259423 -0.0298119 -0.008571 -0.0243866 9.02495 0.220808 0.0290363 0.0304145 -0.223642 8.84017 -0.0368183 -0.000343608 0.0031533 -0.0368309 0.94505 0.00267542 -0.00307449 -0.000883926 -0.00251499 0.930742 0.0227719 0.00299451 0.00313664 -0.0230642 0.911685
30 0.0548304 9.02396 -0.24525 0.00293508 0.03848 -0.24636 8.49211 0.0187177 -0.0311084 -0.00196315 -0.0150108 8.33059 0.26004 0.0381527 0.0339166 -0.259822 8.14814 -0.0271777 0.000325254 0.00426421 -0.0273006 0.941063 0.00207423 -0.00344731 -0.000217548 -0.00166344 0.923164 0.0288166 0.00422793 0.00375851 -0.0287925 0.902945
31 0.0564795 8.32726 -0.124347 0.0100446 0.0396049 -0.126355 7.79674 0.0103154 -0.0269502 0.00561618 -0.00480207 7.61378 0.207789 0.0417084 0.0316257 -0.205516 7.43423 -0.0149326 0.00120623 0.00475606 -0.0151737 0.936292 0.00123876 -0.00323639 0.000674433 -0.000576669 0.91432 0.0249528 0.00500866 0.00379785 -0.0246799 0.892759
32 0.0581114 7.7371 -0.0242882 0.0168741 0.0343289 -0.0269571 7.20816 0.00324359 -0.0179708 0.0128637 0.0035065 7.01076 0.0874131 0.0401135 0.0241556 -0.0845364 6.83508 -0.00313919 0.00218094 0.00443693 -0.00348413 0.931636 0.000419225 -0.00232267 0.0016626 0.000453206 0.906123 0.0112979 0.00518456 0.00312206 -0.0109261 0.883416
33 0.0597256 7.32261 0.0348305 0.0223242 0.0249151 0.0319287 6.79533 -0.00062456 -0.00614522 0.0186913 0.00780081 6.59389 -0.0578176 0.0352869 0.0133804 0.0598311 6.42316 0.00475657 0.00304867 0.00340249 0.00436029 0.927993 -8.52921e-05 -0.000839212 0.00255255 0.0010653 0.900484 -0.00789576 0.0048189 0.00182727 0.00817074 0.877168
34 0.0613216 7.08023 0.0486061 0.0256321 0.0146361 0.0460156 6.5545 -0.000676394 0.00591812 0.0225056 0.00726767 6.35949 -0.181003 0.0298196 0.00179353 0.181106 6.19468 0.00686505 0.00362023 0.00206718 0.00649917 0.925746 -9.55326e-05 0.000835865 0.00317865 0.00102647 0.898203 -0.0255645 0.00421166 0.000253315 0.0255791 0.874926
35 0.0628989 6.94966 0.0280137 0.0265564 0.00659289 0.0262276 6.42517 0.00224351 0.0158659 0.0242698 0.00269267 6.24387 -0.247644 0.0259617 -0.00829151 0.245491 6.08564 0.00403094 0.00382125 0.000948664 0.00377393 0.92453 0.000322823 0.00228298 0.00349223 0.000387453 0.898442 -0.035634 0.00373568 -0.00119308 0.0353241 0.875675
36 0.064457 6.84689 -0.00639141 0.0253782 0.00269141 -0.00710986 6.32325 0.00618169 0.0222939 0.0243702 -0.00379552 6.15751 -0.2459 0.0248412 -0.0153853 0.241874 6.00605 -0.000933475 0.00370652 0.000393084 -0.00103841 0.923521 0.000902845 0.00325606 0.00355931 -0.000554341 0.899314 -0.0359141 0.0036281 -0.00224705 0.0353261 0.877194
37 0.0659956 6.69949 -0.0330247 0.0227334 0.00314143 -0.0327359 6.17628 0.00884627 0.0250004 0.0233787 -0.00947421 6.02202 -0.187945 0.0261836 -0.0190932 0.182944 5.87703 -0.00492944 0.00339331 0.000468906 -0.00488633 0.921903 0.00132044 0.00373169 0.00348963 -0.00141417 0.898878 -0.0280536 0.00390831 -0.00284996 0.0273071 0.877236
38 0.067514 6.47068 -0.0370424 0.0193496 0.00660359 -0.0360835 5.94755 0.0084924 0.0247702 0.0218269 -0.0119962 5.79622 -0.102836 0.0285789 -0.0199724 0.0978985 5.65692 -0.00572465 0.00299036 0.00102054 -0.00557646 0.919154 0.00131244 0.00382807 0.0033732 -0.00185393 0.895767 -0.0158927 0.00441667 -0.0030866 0.0151295 0.874239
39 0.0690118 6.1655 -0.0144944 0.0157877 0.0108478 -0.0133113 5.64216 0.00457424 0.0228581 0.0200676 -0.0102121 5.48353 -0.0244037 0.0301251 -0.0191047 0.0203279 5.34887 -0.00235088 0.00256065 0.00175943 -0.002159 0.915117 0.000741908 0.00370742 0.00325482 -0.00165632 0.88939 -0.00395811 0.00488608 -0.00309864 0.00329703 0.867548
40 0.10628 5.82011 0.0281872 0.0122841 0.0136173 0.0292433 5.29628 -0.00207173 0.0204307 0.0182425 -0.00454333 5.12174 0.0208582 0.0291688 -0.0175998 -0.0237644 4.99058 0.00484308 0.00211063 0.0023397 0.00502453 0.909996 -0.000355961 0.00351036 0.0031344 -0.000780626 0.880007 0.00358382 0.00501174 -0.00302397 -0.00408315 0.857471
42 0.146749 5.18857 0.123158 0.00489835 0.00968877 0.123825 4.66278 -0.0155434 0.0162889 0.0141997 0.0105293 4.44827 -0.0175162 0.0174748 -0.0152533 0.0159077 4.32158 0.0237364 0.000944066 0.00186733 0.0238649 0.898663 -0.00299571 0.00313938 0.00273673 0.00202933 0.857321 -0.00337592 0.00336794 -0.00293978 0.00306592 0.832904
44 0.152348 4.78385 0.166848 -0.00441814 -0.00439605 0.167781 4.25487 -0.0162156 0.0123396 0.00879903 0.0152363 4.01962 -0.14438 -0.00125772 -0.0136807 0.141677 3.8967 0.0348773 -0.000923552 -0.000918934 0.0350724 0.889423 -0.00338965 0.00257942 0.00183932 0.00318494 0.840247 -0.0301807 -0.00026291 -0.00285976 0.0296157 0.814554
46 0.157761 4.51619 0.156149 -0.0140359 -0.0163527 0.157035 3.98458 -0.000861519 0.00636092 0.00174788 0.00343765 3.75662 -0.221301 -0.0131814 -0.0100547 0.217269 3.6395 0.0345754 -0.00310791 -0.00362091 0.0347715 0.882287 -0.000190762 0.00140847 0.000387026 0.000761183 0.831812 -0.0490016 -0.00291869 -0.00222638 0.048109 0.805878
48 0.162982 4.21826 0.130951 -0.0185358 -0.0162976 0.130351 3.68696 0.018124 -0.000723698 -0.00512219 -0.0130557 3.47151 -0.209774 -0.00995761 -0.00341072 0.206539 3.36281 0.0310438 -0.00439417 -0.00386357 0.0309016 0.874046 0.00429655 -0.000171563 -0.00121429 -0.00309505 0.822972 -0.04973 -0.0023606 -0.00080856 0.048963 0.797203
50 0.168004 3.86009 0.114418 -0.0146727 -0.0064673 0.111809 3.33134 0.0256624 -0.00550602 -0.00834198 -0.0187253 3.11037 -0.162331 0.00267851 0.00305895 0.161234 3.01192 0.0296413 -0.00380113 -0.00167543 0.0289654 0.863021 0.00664814 -0.0014264 -0.00216108 -0.004851 0.805776 -0.0420536 0.000693897 0.000792455 0.0417695 0.780271
52 0.172821 3.51523 0.113401 -0.00569096 0.001604 0.109817 2.98723 0.0191869 -0.00552304 -0.00641512 -0.0113321 2.74324 -0.131011 0.0104876 0.00405739 0.131166 2.65538 0.03226 -0.00161894 0.000456301 0.0312405 0.849796 0.00545821 -0.00157117 -0.00182495 -0.0032237 0.780386 -0.0372696 0.00298347 0.00115423 0.0373137 0.755392
54 0.177428 3.2349 0.133808 0.00181672 0.000472246 0.130511 2.70327 0.0103134 -0.00144026 -0.0025564 -0.00287 2.43655 -0.132316 0.0064047 -0.00206951 0.132859 2.35743 0.041364 0.0005616 0.000145985 0.0403447 0.835659 0.00318816 -0.000445225 -0.000790257 -0.0008872 0.753207 -0.0409026 0.00197988 -0.000639744 0.0410705 0.72875
56 0.181819 3.01412 0.16482 0.00419838 -0.00428959 0.162535 2.47678 0.00993986 0.00312885 -0.00135137 -0.00377308 2.20134 -0.162743 -0.00170576 -0.00955552 0.164655 2.12729 0.0546825 0.00139291 -0.00142316 0.0539245 0.821726 0.00329777 0.00103806 -0.000448347 -0.0012518 0.730341 -0.0539934 -0.000565922 -0.00317025 0.0546278 0.705775
58 0.185988 2.82952 0.173751 0.00287704 -0.00282261 0.172779 2.2884 0.0146442 0.00445144 -0.00283852 -0.00997328 2.01717 -0.203206 -0.00274692 -0.0105635 0.207339 1.94517 0.0614063 0.00101679 -0.000997557 0.0610627 0.808759 0.0051755 0.00157321 -0.00100318 -0.00352472 0.7129 -0.0718164 -0.000970807 -0.00373331 0.0732771 0.687456
60 0.286303 2.65984 0.144337 0.00129165 0.00362363 0.144078 2.11772 0.0131325 0.00229157 -0.00294996 -0.00996433 1.85306 -0.220284 0.00180644 -0.00504679 0.224991 1.78334 0.0542654 0.00048561 0.00136235 0.0541677 0.796183 0.00493732 0.000861542 -0.00110907 -0.00374621 0.696682 -0.0828182 0.000679153 -0.0018974 0.0845879 0.670468
64 0.394175 2.29984 0.0970884 0.00180731 -0.00605155 0.0940744 1.75527 -0.00499556 -0.00070047 0.00245109 0.0048405 1.47912 -0.152408 -0.00920707 -0.00308347 0.15318 1.42356 0.0422152 0.000785839 -0.00263129 0.0409047 0.763213 -0.00217213 -0.000304573 0.00106576 0.00210471 0.64314 -0.0662691 -0.00400335 -0.00134073 0.0666046 0.618983
68 0.406626 2.00046 0.140341 0.00356813 -0.0184031 0.137113 1.45267 -0.000203641 -0.00209111 -3.49699e-06 -0.0020237 1.13172 -0.167615 -0.0210181 -0.00738185 0.167899 1.09596 0.0701547 0.00178366 -0.00919946 0.068541 0.726168 -0.000101797 -0.00104532 -1.7481e-06 -0.00101162 0.565733 -0.0837884 -0.0105066 -0.00369008 0.0839301 0.547855
72 0.417095 1.85444 0.0855637 0.00406496 -0.00291119 0.081939 1.30976 0.000242716 -0.00285619 0.00102078 0.0016235 0.95792 -0.22795 -0.00277076 -0.00558659 0.226575 0.93767 0.0461399 0.00219201 -0.00156985 0.0441853 0.706282 0.000130883 -0.00154019 0.000550453 0.000875465 0.516554 -0.122921 -0.00149412 -0.00301254 0.122179 0.505635
76 0.425533 1.65893 0.0610808 -0.000883854 0.00276685 0.0568575 1.10859 -0.0127259 -0.00209791 0.000119461 0.011804 0.759375 -0.160835 0.00441634 -0.00344532 0.162369 0.758003 0.0368194 -0.000532785 0.00166785 0.0342736 0.668259 -0.00767114 -0.00126462 7.20106e-05 0.00711545 0.45775 -0.096951 0.00266216 -0.00207683 0.0978758 0.456923
80 0.431897 1.50302 0.0967429 0.00760333 -0.00838442 0.0930561 0.939165 -0.00922082 -0.0059547 0.00386491 0.00945741 0.553554 -0.175232 -0.0115632 0.00313362 0.177016 0.577867 0.0643659 0.00505871 -0.0055784 0.0619129 0.624854 -0.00613488 -0.00396184 0.00257144 0.00629229 0.368296 -0.116587 -0.00769336 0.00208489 0.117774 0.384472
84 0.436158 1.43394 0.0448257 0.00545545 -0.00461651 0.0384416 0.868908 0.00764396 0.00200067 0.00300685 -0.00256276 0.452717 -0.221545 -0.00705587 -0.00383403 0.222883 0.492134 0.0312605 0.00380452 -0.00321946 0.0268083 0.605958 0.00533074 0.00139523 0.00209692 -0.00178722 0.315716 -0.154501 -0.00492062 -0.00267377 0.155434 0.343204
88 0.328636 1.33439 0.0229584 -0.00169277 0.00581181 0.0182187 0.754789 -0.00762705 0.00139047 -0.00339395 0.00833842 0.336377 -0.169498 0.00934302 0.00277666 0.167664 0.402057 0.0172051 -0.00126858 0.00435541 0.0136532 0.565643 -0.00571576 0.00104203 -0.00254345 0.00624887 0.252083 -0.127023 0.00700172 0.00208084 0.125648 0.301304
90 0.219313 1.30479 0.0447667 0.000565219 -0.000748293 0.0402642 0.716823 -0.0123483 -0.00264562 -0.00340516 0.0118804 0.278256 -0.170972 0.00516686 0.00273357 0.167609 0.359085 0.0343094 0.000433186 -0.000573496 0.0308587 0.549377 -0.00946382 -0.00202762 -0.00260973 0.00910522 0.213257 -0.131034 0.0039599 0.00209502 0.128456 0.275204
92 0.328636 1.29772 0.0554963 0.00331354 -0.00595476 0.0507257 0.706855 -0.00812638 -0.00560289 -0.00161792 0.00830135 0.235159 -0.205043 0.000105587 -0.000958886 0.201432 0.328224 0.0427644 0.00255335 -0.00458863 0.0390883 0.544689 -0.00626204 -0.00431749 -0.00124674 0.00639687 0.18121 -0.158003 8.13632e-05 -0.0007389 0.15522 0.252923
96 0.436158 1.27888 0.00140376 0.00623323 0.00700874 -0.00277976 0.684622 0.00250614 -0.00475365 -0.000498765 0.00488022 0.16527 -0.250397 0.0109318 -0.00487839 0.248277 0.288535 0.00109765 0.00487396 0.00548035 -0.00217358 0.535328 0.00195963 -0.00371703 -0.00039 0.003816 0.12923 -0.195793 0.00854792 -0.00381457 0.194135 0.225615
100 0.431897 1.24947 -0.0179509 0.00277919 0.007125 -0.0236594 0.63788 -0.00893916 -0.00568351 -0.00130694 0.0179179 0.0969111 -0.222915 0.00653997 -0.00977248 0.220502 0.263072 -0.0143668 0.00222429 0.00570241 -0.0189355 0.51052 -0.00715435 -0.00454873 -0.00104599 0.0143404 0.0775617 -0.178407 0.00523419 -0.00782129 0.176476 0.210546
104 0.425533 1.25354 -0.0128987 -0.000726778 -0.00396861 -0.0130571 0.624377 -0.0079861 -0.00903732 0.00358489 0.0130883 0.0356093 -0.245453 -0.00464933 -0.0103884 0.24246 0.24439 -0.0102898 -0.000579782 -0.00316593 -0.0104162 0.498092 -0.00637086 -0.00720946 0.00285982 0.0104411 0.0284071 -0.195808 -0.00370897 -0.00828728 0.193421 0.194961
108 0.417095 1.2667 -0.0391876 0.00145225 0.00542059 -0.040659 0.605223 -0.00338115 -0.0073409 0.000508069 0.00698244 -0.0324129 -0.278331 0.00655298 -0.00706314 0.274251 0.232768 -0.0309367 0.00114648 0.00427929 -0.0320983 0.477793 -0.00266925 -0.00579528 0.000401095 0.00551229 -0.0255884 -0.219728 0.00517325 -0.005576 0.216508 0.183759
112 0.406626 1.32541 -0.0428681 0.000830461 0.00684877 -0.0467011 0.622547 -0.000958495 -0.0160683 -0.00143764 0.00521933 -0.07825 -0.312814 -0.0018817 -0.0162169 0.312018 0.244402 -0.0323432 0.000626568 0.00516727 -0.0352352 0.469701 -0.000723167 -0.0121233 -0.00108467 0.00393789 -0.0590383 -0.236012 -0.00141971 -0.0122354 0.235412 0.184397
116 0.394175 1.36911 -0.0632945 0.00281067 0.00247263 -0.0623073 0.603782 -0.00446068 -0.0165356 -0.00397683 0.00730681 -0.13439 -0.298446 -0.00475551 -0.0163595 0.298463 0.264118 -0.0462305 0.00205292 0.00180602 -0.0455094 0.441004 -0.00325809 -0.0120777 -0.00290469 0.00533691 -0.098159 -0.217986 -0.00347344 -0.011949 0.217998 0.192913
120 0.379804 1.46562 -0.0574265 0.0024977 0.00123646 -0.0553478 0.629177 -0.00372033 -0.0107357 0.00931458 0.00111708 -0.19701 -0.339598 0.000981779 -0.00591592 0.336067 0.279828 -0.0391824 0.0017042 0.000843646 -0.0377641 0.429291 -0.0025384 -0.00732501 0.00635539 0.000762191 -0.134421 -0.231709 0.000669873 -0.00403647 0.2293 0.190928
124 0.363583 1.5253 -0.0857687 -0.000553979 0.00418498 -0.0878137 0.615995 0.00873717 -0.00241385 0.0071973 -0.00576081 -0.241169 -0.330516 0.00276115 -0.000516131 0.327712 0.314551 -0.0562307 -0.000363193 0.00274371 -0.0575714 0.403852 0.00572816 -0.00158254 0.00471861 -0.00377683 -0.158113 -0.216689 0.00181023 -0.00033838 0.214851 0.206222
128 0.34559 1.5698 -0.0628833 0.00342697 -0.00356919 -0.0633706 0.573149 0.00661297 -0.0234279 -0.00603314 -0.0105301 -0.306484 -0.280703 -0.00355227 -0.0168163 0.274216 0.342658 -0.0400581 0.00218306 -0.00227365 -0.0403685 0.365109 0.0042126 -0.0149241 -0.00384325 -0.00670789 -0.195237 -0.178814 -0.00226288 -0.0107123 0.174682 0.218281
132 0.325914 1.66877 -0.0529295 -0.00724609 -0.0161754 -0.0479386 0.601361 -0.0059433 -0.0277437 0.0028629 -0.00150208 -0.38424 -0.303767 -0.0150001 -0.0194988 0.304224 0.347061 -0.0317177 -0.00434219 -0.00969304 -0.028727 0.360363 -0.00356149 -0.0166253 0.00171558 -0.000900114 -0.230254 -0.182031 -0.00898875 -0.0116846 0.182305 0.207974
136 0.304649 1.75345 -0.0937817 -0.000662243 -0.00835544 -0.086817 0.611624 -0.0212764 -0.00717607 0.000742396 0.00752435 -0.443928 -0.274718 -0.00935893 -0.00830537 0.283326 0.378966 -0.0534842 -0.000377681 -0.00476515 -0.0495122 0.348812 -0.012134 -0.00409255 0.000423392 0.00429117 -0.253174 -0.156673 -0.00533745 -0.0047366 0.161582 0.216126
140 0.281901 1.83039 -0.123187 0.0255111 0.0147842 -0.106653 0.61275 -0.0293273 -0.009433 -0.0188421 0.013812 -0.533471 -0.221261 0.0147989 -0.0160399 0.224529 0.380564 -0.067301 0.0139376 0.00807708 -0.058268 0.334765 -0.0160225 -0.00515356 -0.010294 0.00754592 -0.291453 -0.120882 0.0080851 -0.00876312 0.122668 0.207915
144 0.257779 1.93191 -0.114868 0.0207251 0.00953599 -0.107739 0.636622 -0.0293974 -0.00818209 -0.0175712 0.0307935 -0.628449 -0.188275 0.0150687 -0.00481082 0.17868 0.371616 -0.0594583 0.0107278 0.00493604 -0.0557679 0.329529 -0.0152167 -0.00423523 -0.00909525 0.0159394 -0.325299 -0.0974551 0.0077999 -0.00249019 0.0924886 0.192356
148 0.232401 1.99236 -0.0816342 0.000237356 -0.00671036 -0.0814441 0.666918 -0.0182623 -0.0109553 -0.00422173 0.0205043 -0.70394 -0.130189 -0.00794209 -0.00425936 0.128998 0.32867 -0.0409737 0.000119133 -0.00336805 -0.0408782 0.334738 -0.00916616 -0.00549867 -0.00211896 0.0102915 -0.35332 -0.065344 -0.00398628 -0.00213785 0.0647465 0.164965
152 0.205891 2.0965 -0.0641601 -0.00235836 -0.0150995 -0.0552329 0.74973 -0.012091 -0.00297734 0.00154421 0.00932506 -0.758774 -0.120311 -0.0192263 -0.00638344 0.122704 0.315789 -0.0306035 -0.00112491 -0.00720225 -0.0263453 0.357611 -0.00576724 -0.00142015 0.000736568 0.00444793 -0.361925 -0.0573866 -0.0091707 -0.00304481 0.058528 0.150627
156 0.178378 2.20361 -0.031491 0.00249544 -0.0316303 -0.0270592 0.829723 0.00855565 -0.00390446 0.0138656 -0.0060545 -0.797622 -0.12792 -0.01574 -0.00908435 0.112684 0.315838 -0.0142907 0.00113244 -0.0143539 -0.0122795 0.37653 0.00388257 -0.00177185 0.00629225 -0.00274754 -0.361962 -0.0580502 -0.00714285 -0.00412249 0.051136 0.143328
160 0.0971232 2.274 0.00711978 -0.0177716 -0.0312277 0.00401332 0.894655 -0.000329797 -0.0288392 0.02144 -0.0138159 -0.906778 -0.0920727 -0.0309592 -0.0327802 0.0820001 0.212289 0.00313095 -0.00781514 -0.0137325 0.00176487 0.393428 -0.000145029 -0.0126822 0.00942832 -0.00607561 -0.398759 -0.0404893 -0.0136144 -0.0144152 0.0360599 0.0933548
161 0.0357021 2.29526 0.00766001 -0.0254986 -0.0281678 0.00328846 0.915011 -0.00441128 -0.0313317 0.0233295 -0.0111761 -0.930739 -0.0834681 -0.0340819 -0.0363775 0.0789642 0.190601 0.00333731 -0.0111092 -0.0122722 0.00143272 0.398652 -0.00192191 -0.0136506 0.0101642 -0.00486919 -0.405504 -0.0363654 -0.0148488 -0.0158489 0.0344031 0.0830408
162 0.0338871 2.31247 0.00197477 -0.0320363 -0.0250224 -0.00328564 0.931418 -0.00594796 -0.0306293 0.0257644 -0.00766627 -0.948936 -0.0738354 -0.0349886 -0.0363283 0.0743855 0.175711 0.000853965 -0.0138537 -0.0108206 -0.00142083 0.40278 -0.00257212 -0.0132453 0.0111415 -0.00331518 -0.410356 -0.0319292 -0.0151304 -0.0157097 0.0321671 0.0759842
163 0.0320617 2.32545 -0.00760497 -0.0358834 -0.021847 -0.0130268 0.944105 -0.00409343 -0.0267965 0.0284759 -0.00409829 -0.960318 -0.0650532 -0.032808 -0.0321611 0.0691016 0.168208 -0.00327032 -0.0154308 -0.00939476 -0.00560186 0.405988 -0.00176028 -0.0115231 0.0122453 -0.00176236 -0.41296 -0.0279745 -0.0141083 -0.0138301 0.0297154 0.0723334
164 0.0302266 2.33759 -0.0158962 -0.0357422 -0.018212 -0.0203045 0.958018 0.000935902 -0.0204156 0.0307055 -0.000986536 -0.963541 -0.0615408 -0.0268802 -0.024475 0.0671541 0.167452 -0.00680023 -0.0152902 -0.0077909 -0.00868606 0.409831 0.00040037 -0.00873361 0.0131355 -0.00042203 -0.412194 -0.0263266 -0.0114991 -0.0104702 0.0287279 0.0716345
165 0.0283823 2.35333 -0.0162222 -0.030857 -0.013511 -0.018116 0.981278 0.00796018 -0.0124466 0.0313255 0.00160522 -0.956515 -0.0680054 -0.0170003 -0.0148967 0.073639 0.170954 -0.00689329 -0.0131121 -0.00574123 -0.00769802 0.416974 0.00338252 -0.00528892 0.0133111 0.000682105 -0.406452 -0.0288975 -0.00722394 -0.00633004 0.0312914 0.0726436
166 0.0265294 2.37349 -0.0029256 -0.0212915 -0.00748514 -0.000838621 1.02104 0.0152476 -0.00406682 0.0291244 0.00398322 -0.936873 -0.0855035 -0.00375669 -0.00566751 0.0905525 0.173519 -0.00123262 -0.00897057 -0.00315365 -0.000353329 0.430184 0.00642414 -0.00171344 0.0122707 0.00167822 -0.394724 -0.0360245 -0.00158277 -0.00238784 0.0381517 0.0731074
167 0.0246683 2.39154 0.0259216 -0.00804308 -0.000705034 0.0329199 1.07868 0.0210745 0.00348121 0.0231894 0.00655127 -0.90349 -0.10788 0.0112005 0.0010242 0.11279 0.167086 0.0108389 -0.00336313 -0.000294803 0.0137651 0.451041 0.00881208 0.00145563 0.00969642 0.00273935 -0.377785 -0.0451089 0.00468336 0.000428259 0.0471621 0.0698655
168 0.0172754 2.39399 0.0668655 0.00707314 0.00527164 0.078718 1.14715 0.0242309 0.00904626 0.0132712 0.00948711 -0.858569 -0.121104 0.0251799 0.00373361 0.12701 0.142216 0.0279305 0.00295454 0.00220203 0.0328815 0.47918 0.0101215 0.00377874 0.00554355 0.00396288 -0.358635 -0.0505865 0.0105179 0.00155958 0.0530537 0.0594052
168.5 0.0109315 2.38462 0.0893646 0.0146227 0.00727381 0.10325 1.1812 0.0246466 0.0107944 0.00698301 0.0110323 -0.83382 -0.118586 0.0307821 0.00346599 0.125454 0.120362 0.0374753 0.00613207 0.0030503 0.0432983 0.495342 0.0103356 0.00452668 0.00292835 0.00462644 -0.349665 -0.0497294 0.0129086 0.00145348 0.0526094 0.0504744
169 0.0104622 2.36642 0.111429 0.021772 0.00823151 0.126894 1.21245 0.0243077 0.01175 1.44025e-05 0.0125407 -0.809325 -0.107046 0.0349125 0.00221071 0.115115 0.0915587 0.0470877 0.00920042 0.00347847 0.053623 0.512356 0.010272 0.00496529 6.08622e-06 0.00529943 -0.342005 -0.0452353 0.0147533 0.0009342 0.0486451 0.0386909
169.5 0.00999215 2.33914 0.131629 0.0282449 0.00789098 0.148105 1.23903 0.0232883 0.0118795 -0.00741329 0.0139201 -0.786821 -0.0848345 0.0372156 0.000129233 0.0942488 0.0559733 0.0562723 0.0120749 0.00337346 0.0633161 0.529695 0.00995595 0.00507858 -0.00316925 0.00595097 -0.336372 -0.0362675 0.01591 5.52482e-05 0.0402921 0.023929
170 0.0095213 2.3038 0.148613 0.0338007 0.00606286 0.165453 1.25952 0.0216981 0.0111914 -0.0150361 0.0150702 -0.768282 -0.0510808 0.037419 -0.00256181 0.0618646 0.0144526 0.0645078 0.0146717 0.00263168 0.0718175 0.546716 0.0094184 0.00485779 -0.00652665 0.00654144 -0.333485 -0.0221724 0.0162423 -0.00111199 0.0268533 0.00627337
170.5 0.00904972 2.26289 0.161239 0.0382478 0.00264715 0.177762 1.2732 0.0196711 0.00973906 -0.0225606 0.0158941 -0.755823 -0.00590886 0.035362 -0.00561085 0.0179583 -0.0314207 0.0712534 0.0169022 0.00116981 0.0785551 0.562644 0.00869293 0.00430381 -0.00996979 0.00702381 -0.334008 -0.0026112 0.0156269 -0.00247951 0.00793601 -0.0138852
171 0.00857745 2.22041 0.168677 0.0414547 -0.00234931 0.184217 1.28018 0.0173531 0.00762176 -0.0296798 0.0163117 -0.751571 0.0494282 0.0310164 -0.00875382 -0.0363386 -0.0793382 0.0759665 0.0186699 -0.00105805 0.0829653 0.57655 0.00781529 0.0034326 -0.0133668 0.00734627 -0.338483 0.0222609 0.0139688 -0.00394244 -0.0163657 -0.0357313
171.5 0.00810453 2.18174 0.17049 0.043356 -0.00880536 0.184447 1.28149 0.0148894 0.00498159 -0.0360912 0.0162701 -0.757518 0.11253 0.0244963 -0.0117367 -0.0987271 -0.126354 0.0781438 0.0198722 -0.00403593 0.0845412 0.587371 0.00682456 0.00228331 -0.0165424 0.00745741 -0.347208 0.0515779 0.0112279 -0.00537949 -0.0452515 -0.0579143
172 0.00763099 2.15337 0.166672 0.0439536 -0.0164893 0.178557 1.27909 0.0124145 0.00199689 -0.0415144 0.015752 -0.775372 0.179956 0.0160559 -0.0143356 -0.165839 -0.169055 0.0774004 0.0204115 -0.00765744 0.08292 0.593996 0.00576518 0.000927334 -0.0192788 0.00731507 -0.360074 0.0835697 0.00745616 -0.00665731 -0.0770139 -0.0785074
172.5 0.00715688 2.14235 0.157643 0.0433136 -0.025074 0.167114 1.27567 0.0100437 -0.00112832 -0.0457093 0.0147793 -0.806414 0.247468 0.0060735 -0.0163735 -0.233468 -0.203805 0.0735841 0.0202178 -0.011704 0.0780051 0.595453 0.00468817 -0.000526672 -0.0213361 0.00689866 -0.376416 0.115512 0.00283497 -0.00764276 -0.108978 -0.0951316
173 0.00668221 2.15571 0.144202 0.0415591 -0.0341628 0.151088 1.27441 0.00786738 -0.00417823 -0.048492 0.0134123 -0.851367 0.310374 -0.004976 -0.0177303 -0.296917 -0.227044 0.066893 0.0192786 -0.0158476 0.070087 0.591179 0.00364955 -0.00193821 -0.0224947 0.00622176 -0.394935 0.143977 -0.00230828 -0.0082248 -0.137735 -0.105322
173.5 0.00620704 2.19971 0.12744 0.0388582 -0.0433226 0.131747 1.27867 0.00594847 -0.00694157 -0.0497475 0.0117439 -0.910298 0.363962 -0.0165592 -0.0183484 -0.35143 -0.235621 0.057935 0.0176652 -0.0196947 0.0598928 0.581289 0.00270421 -0.00315568 -0.0226155 0.00533884 -0.413827 0.165459 -0.00752789 -0.00834128 -0.159762 -0.107115
174 0.0057314 2.27908 0.108626 0.0354111 -0.0521216 0.110533 1.29153 0.00432241 -0.00922889 -0.049439 0.00988976 -0.982555 0.403971 -0.0281278 -0.0182308 -0.392671 -0.227127 0.0476624 0.0155375 -0.0228696 0.0484989 0.566692 0.00189656 -0.00404939 -0.0216925 0.00433937 -0.431119 0.177252 -0.0123417 -0.00799921 -0.172294 -0.0996574
174.5 0.00525531 2.39637 0.0890808 0.0314349 -0.0601682 0.0889144 1.3155 0.00299948 -0.0108892 -0.0476125 0.00797601 -1.06675 0.427045 -0.0391645 -0.0174352 -0.417191 -0.200192 0.0371731 0.0131177 -0.025108 0.0371037 0.548953 0.00125167 -0.00454404 -0.0198686 0.00332837 -0.445151 0.178204 -0.0163432 -0.00727564 -0.174092 -0.0835393
175 0.00477883 2.55142 0.0700457 0.0271493 -0.0671449 0.0682461 1.35205 0.00196887 -0.0118242 -0.0443966 0.00612541 -1.16078 0.431129 -0.0492252 -0.0160627 -0.422831 -0.154714 0.0274536 0.0106408 -0.0263166 0.0267482 0.52992 0.000771676 -0.00463437 -0.0174007 0.00240078 -0.454952 0.168976 -0.0192932 -0.00629558 -0.165724 -0.0606382
175.5 0.00430199 2.741 0.0525728 0.0227631 -0.0728355 0.0496462 1.40145 0.00120384 -0.0119983 -0.0399966 0.0044444 -1.2619 0.415753 -0.0579736 -0.0142455 -0.40902 -0.0919919 0.0191801 0.00830467 -0.0265726 0.0181124 0.511291 0.000439196 -0.00437733 -0.0145919 0.00162145 -0.460377 0.151679 -0.0211505 -0.0051972 -0.149223 -0.0335614
176 0.00382481 2.95879 0.0374377 0.0184641 -0.0771412 0.0339066 1.46257 0.000667139 -0.0114428 -0.0346845 0.00301252 -1.36684 0.38216 -0.065204 -0.0121328 -0.376912 -0.0147365 0.0126531 0.00624042 -0.0260719 0.0114596 0.494313 0.000225477 -0.00386741 -0.0117225 0.00101816 -0.461958 0.129161 -0.0220374 -0.00410058 -0.127387 -0.00498057
176.5 0.00334735 3.19559 0.0250926 0.0144113 -0.0800845 0.0214453 1.53289 0.000316303 -0.0102548 -0.0287841 0.0018757 -1.47195 0.333267 -0.0708498 -0.00987731 -0.329356 0.073048 0.00785226 0.00450974 -0.025061 0.0067109 0.47969 9.89812e-05 -0.00320905 -0.00900747 0.000586966 -0.46062 0.10429 -0.0221711 -0.00309092 -0.103066 0.022859
177 0.00286963 3.43987 0.0156589 0.0107315 -0.0817995 0.0123046 1.6087 0.000108107 -0.00858805 -0.0226529 0.00104409 -1.57338 0.273454 -0.074977 -0.007625 -0.270686 0.166306 0.00455219 0.00311973 -0.0237799 0.00357707 0.467663 3.14278e-05 -0.00249662 -0.00658541 0.000303526 -0.457396 0.0794955 -0.0217965 -0.00221666 -0.0786909 0.0483465
177.5 0.00239169 3.67853 0.00896237 0.00751896 -0.082511 0.00619646 1.68534 2.07179e-06 -0.00663925 -0.0166613 0.000494875 -1.66726 0.208182 -0.0777628 -0.0055064 -0.206343 0.259282 0.0024364 0.00204401 -0.0224304 0.00168449 0.458156 5.63212e-07 -0.00180486 -0.00452933 0.00013453 -0.453241 0.0565937 -0.0211396 -0.0014969 -0.0560938 0.0704852
178 0.00191357 3.89791 0.00460165 0.0048384 -0.0825029 0.00258414 1.75768 -3.71853e-05 -0.0046289 -0.0111709 0.000179424 -1.74991 0.143498 -0.0794626 -0.00363171 -0.142376 0.345958 0.00118054 0.00124128 -0.0211659 0.000662956 0.450929 -9.53979e-06 -0.00118753 -0.00286587 4.60308e-05 -0.448934 0.0368141 -0.020386 -0.000931706 -0.0365261 0.0887549
178.5 0.00143531 4.0848 0.00204231 0.00272985 -0.0820816 0.000792341 1.82055 -3.86423e-05 -0.00277958 -0.00651322 3.37061e-05 -1.81799 0.0854615 -0.0803696 -0.00208861 -0.0848577 0.420528 0.000499978 0.000668294 -0.0200944 0.000193973 0.445688 -9.46004e-06 -0.00068047 -0.0015945 8.25161e-06 -0.445063 0.0209219 -0.0196753 -0.000511313 -0.020774 0.102949
179 0.000956932 4.22756 0.000721809 0.00121506 -0.0815371 0.000128007 1.86926 -2.44226e-05 -0.00129359 -0.00296947 -9.57394e-06 -1.86874 0.039552 -0.0807706 -0.000942445 -0.0392934 0.47787 0.000170739 0.000287414 -0.019287 3.02792e-05 0.44216 -5.77701e-06 -0.00030599 -0.000702408 -2.26465e-06 -0.442038 0.00935576 -0.0191057 -0.000222929 -0.00929459 0.113037
179.5 0.000478484 4.31709 0.000151272 0.000303949 -0.0811066 -3.09493e-06 1.90009 -9.90368e-06 -0.000332378 -0.000753759 -8.95422e-06 -1.90006 0.0101299 -0.0809051 -0.000237698 -0.0100668 0.513979 3.50402e-05 7.0406e-05 -0.0187873 -7.16903e-07 0.440132 -2.29406e-06 -7.69912e-05 -0.000174599 -2.07413e-06 -0.440125 0.00234646 -0.0187406 -5.50597e-05 -0.00233185 0.119057
180 5.98114e-05 4.3476 8.04365e-16 -3.19028e-18 -0.0809451 1.11744e-15 1.91065 -4.07977e-06 1.11857e-16 -6.11233e-17 -4.07977e-06 -1.91065 6.19841e-16 -0.0809315 1.6609e-18 -6.20878e-16 0.526308 1.85014e-16 -7.33802e-19 -0.0186184 2.57025e-16 0.439471 -9.38395e-07 2.57284e-17 -1.40591e-17 -9.38395e-07 -0.439471 1.42571e-16 -0.0186152 3.82027e-19 -1.42809e-16 0.121057
