theta 2pi*dcos S11 S12 S13 S14 S21 S22 S23 S24 S31 S32 S33 S34 S41 S42 S43 S44 S12_norm S13_norm S14_norm S21_norm S22_norm S23_norm S24_norm S31_norm S32_norm S33_norm S34_norm S41_norm S42_norm S43_norm S44_norm
0 2.39246e-06 33.857 1.32957e-16 4.90082e-17 -0.00214155 1.42427e-16 33.7604 -0.0782591 -2.20158e-17 5.16874e-17 0.0782591 33.7604 1.72393e-17 -0.00214253 2.04218e-17 -1.80376e-17 33.6964 3.92702e-18 1.44751e-18 -6.32527e-05 4.20671e-18 0.997147 -0.00231146 -6.50259e-19 1.52664e-18 0.00231146 0.997147 5.09178e-19 -6.32817e-05 6.03177e-19 -5.32757e-19 0.995257
0.1 1.91397e-05 33.855 -8.0524e-05 1.06084e-08 -0.00214185 -8.03332e-05 33.7584 -0.0782533 1.08554e-08 -2.45237e-07 0.0782533 33.7584 0.000148594 -0.00214301 -1.89194e-08 -0.000148791 33.6944 -2.3785e-06 3.13347e-10 -6.32653e-05 -2.37286e-06 0.997147 -0.00231143 3.20645e-10 -7.24374e-09 0.00231143 0.997147 4.38912e-06 -6.32996e-05 -5.58837e-10 -4.39495e-06 0.995257
0.2 3.82793e-05 33.8489 -0.000322053 4.24011e-08 -0.00214273 -0.00032129 33.7523 -0.0782359 4.34509e-08 -9.80773e-07 0.0782359 33.7523 0.00059428 -0.00214444 -7.56006e-08 -0.00059507 33.6884 -9.51443e-06 1.25266e-09 -6.33028e-05 -9.49189e-06 0.997147 -0.00231133 1.28367e-09 -2.8975e-08 0.00231133 0.997147 1.75568e-05 -6.33532e-05 -2.23347e-09 -1.75802e-05 0.995256
0.3 5.74188e-05 33.8388 -0.00072446 9.52808e-08 -0.00214421 -0.000722744 33.7422 -0.0782069 9.78735e-08 -2.20609e-06 0.0782069 33.7422 0.00133678 -0.00214682 -1.69812e-07 -0.00133855 33.6783 -2.14092e-05 2.81573e-09 -6.33654e-05 -2.13584e-05 0.997146 -0.00231116 2.89235e-09 -6.5194e-08 0.00231116 0.997146 3.95042e-05 -6.34426e-05 -5.01827e-09 -3.95567e-05 0.995256
0.4 7.65581e-05 33.8246 -0.00128753 1.69086e-07 -0.00214627 -0.00128448 33.7281 -0.0781664 1.74269e-07 -3.9203e-06 0.0781664 33.7281 0.00237561 -0.00215015 -3.01169e-07 -0.00237876 33.6642 -3.80649e-05 4.9989e-09 -6.3453e-05 -3.79747e-05 0.997146 -0.00231093 5.15213e-09 -1.15901e-07 0.00231093 0.997146 7.02331e-05 -6.35677e-05 -8.90384e-09 -7.03264e-05 0.995256
0.5 9.56972e-05 33.8064 -0.00201097 2.6359e-07 -0.00214893 -0.00200621 33.7099 -0.0781142 2.7284e-07 -6.12221e-06 0.0781142 33.7099 0.00371011 -0.00215443 -4.69133e-07 -0.00371504 33.646 -5.94848e-05 7.79703e-09 -6.35656e-05 -5.9344e-05 0.997146 -0.00231063 8.07065e-09 -1.81096e-07 0.00231063 0.997146 0.000109746 -6.37286e-05 -1.3877e-08 -0.000109892 0.995256
0.6 0.000114836 33.7842 -0.00289439 3.78502e-07 -0.00215217 -0.00288754 33.6877 -0.0780506 3.93847e-07 -8.81024e-06 0.0780506 33.6877 0.00533945 -0.00215966 -6.73012e-07 -0.00534654 33.6239 -8.56729e-05 1.12035e-08 -6.37034e-05 -8.54701e-05 0.997145 -0.00231027 1.16577e-08 -2.6078e-07 0.00231027 0.997145 0.000158046 -6.39252e-05 -1.99209e-08 -0.000158256 0.995256
0.7 0.000133974 33.7579 -0.00393732 5.13469e-07 -0.00215599 -0.00392801 33.6615 -0.0779754 5.37607e-07 -1.19825e-05 0.0779754 33.6615 0.00726257 -0.00216583 -9.11965e-07 -0.00727221 33.5977 -0.000116634 1.52103e-08 -6.38662e-05 -0.000116358 0.997144 -0.00230984 1.59254e-08 -3.54953e-07 0.00230984 0.997144 0.000215137 -6.41577e-05 -2.70149e-08 -0.000215423 0.995256
0.8 0.000153112 33.7276 -0.00513922 6.68073e-07 -0.0021604 -0.00512707 33.6313 -0.0778887 7.04496e-07 -1.56367e-05 0.0778887 33.6313 0.00947825 -0.00217293 -1.185e-06 -0.00949084 33.5676 -0.000152374 1.98079e-08 -6.40542e-05 -0.000152014 0.997143 -0.00230935 2.08878e-08 -4.63616e-07 0.00230935 0.997143 0.000281024 -6.4426e-05 -3.51344e-08 -0.000281397 0.995256
0.9 0.00017225 33.6933 -0.00649944 8.41834e-07 -0.00216538 -0.00648408 33.597 -0.0777906 8.94941e-07 -1.97702e-05 0.0777906 33.597 0.0119851 -0.00218097 -1.49097e-06 -0.012001 33.5335 -0.0001929 2.49852e-08 -6.42674e-05 -0.000192444 0.997143 -0.00230878 2.65614e-08 -5.8677e-07 0.00230879 0.997142 0.000355711 -6.47301e-05 -4.42513e-08 -0.000356184 0.995255
1 0.000191387 33.655 -0.00801728 1.03421e-06 -0.00217095 -0.00799834 33.5588 -0.0776811 1.10943e-06 -2.43802e-05 0.0776811 33.5588 0.0147815 -0.00218994 -1.8286e-06 -0.0148011 33.4953 -0.000238219 3.07298e-08 -6.45058e-05 -0.000237657 0.997142 -0.00230816 3.29648e-08 -7.24415e-07 0.00230816 0.997141 0.000439206 -6.50701e-05 -5.43335e-08 -0.000439789 0.995255
1.1 0.000210523 33.6128 -0.00969192 1.2446e-06 -0.00217708 -0.00966904 33.5166 -0.0775602 1.3485e-06 -2.94633e-05 0.0775603 33.5166 0.0178657 -0.00219982 -2.19643e-06 -0.0178894 33.4533 -0.00028834 3.70276e-08 -6.47695e-05 -0.00028766 0.99714 -0.00230746 4.01187e-08 -8.76551e-07 0.00230746 0.99714 0.000531515 -6.5446e-05 -6.53452e-08 -0.00053222 0.995255
1.2 0.000229659 33.5665 -0.0115225 1.47234e-06 -0.00218379 -0.0114953 33.4705 -0.077428 1.61274e-06 -3.50159e-05 0.0774281 33.4705 0.0212357 -0.00221062 -2.59291e-06 -0.0212639 33.4072 -0.000343273 4.38634e-08 -6.50584e-05 -0.000342463 0.997139 -0.0023067 4.80462e-08 -1.04318e-06 0.00230671 0.997139 0.000632644 -6.58579e-05 -7.72469e-08 -0.000633484 0.995254
1.3 0.000248794 33.5164 -0.013508 1.71671e-06 -0.00219106 -0.0134762 33.4204 -0.0772846 1.90281e-06 -4.10341e-05 0.0772847 33.4204 0.0248894 -0.00222233 -3.01631e-06 -0.0249224 33.3573 -0.000403027 5.12201e-08 -6.53728e-05 -0.000402077 0.997138 -0.00230588 5.67725e-08 -1.2243e-06 0.00230588 0.997137 0.000742604 -6.63057e-05 -8.99951e-08 -0.000743588 0.995254
1.4 0.000267929 33.4622 -0.0156474 1.97693e-06 -0.00219889 -0.0156106 33.3664 -0.0771299 2.21939e-06 -4.75136e-05 0.07713 33.3664 0.0288244 -0.00223493 -3.46477e-06 -0.0288626 33.3034 -0.000467614 5.90793e-08 -6.57125e-05 -0.000466513 0.997136 -0.00230498 6.63251e-08 -1.41992e-06 0.00230499 0.997136 0.000861401 -6.67896e-05 -1.03543e-07 -0.000862543 0.995253
1.5 0.000287062 33.4042 -0.0179396 2.25215e-06 -0.00220728 -0.0178974 33.3085 -0.0769641 2.56323e-06 -5.44498e-05 0.0769643 33.3085 0.0330383 -0.00224842 -3.93629e-06 -0.0330821 33.2456 -0.000537047 6.74212e-08 -6.60778e-05 -0.000535783 0.997135 -0.00230402 7.67337e-08 -1.63003e-06 0.00230403 0.997134 0.000989046 -6.73095e-05 -1.17838e-07 -0.000990357 0.995253
1.6 0.000306195 33.3423 -0.0203834 2.54149e-06 -0.00221622 -0.0203355 33.2467 -0.0767873 2.93513e-06 -6.18376e-05 0.0767875 33.2467 0.0375284 -0.00226279 -4.42876e-06 -0.0375781 33.184 -0.000611337 7.62243e-08 -6.64686e-05 -0.000609901 0.997133 -0.002303 8.80301e-08 -1.85463e-06 0.00230301 0.997132 0.00112555 -6.78655e-05 -1.32827e-07 -0.00112704 0.995252
1.7 0.000325327 33.2765 -0.0229775 2.844e-06 -0.0022257 -0.0229235 33.181 -0.0765994 3.33593e-06 -6.9672e-05 0.0765997 33.181 0.0422918 -0.00227803 -4.93992e-06 -0.0423478 33.1185 -0.000690501 8.54658e-08 -6.68851e-05 -0.00068888 0.997131 -0.00230191 1.00249e-07 -2.09373e-06 0.00230192 0.99713 0.00127092 -6.84577e-05 -1.48451e-07 -0.0012726 0.995251
1.8 0.000344457 33.2069 -0.0257204 3.15868e-06 -0.00223573 -0.0256601 33.1115 -0.0764006 3.76651e-06 -7.79472e-05 0.076401 33.1115 0.0473255 -0.00229413 -5.46738e-06 -0.0473881 33.0492 -0.000774552 9.51214e-08 -6.73273e-05 -0.000772736 0.997129 -0.00230075 1.13426e-07 -2.34732e-06 0.00230076 0.997128 0.00142517 -6.90861e-05 -1.64646e-07 -0.00142706 0.99525
1.9 0.000363587 33.1334 -0.0286109 3.48448e-06 -0.00224629 -0.0285439 33.0382 -0.076191 4.22782e-06 -8.66574e-05 0.0761915 33.0382 0.0526263 -0.00231108 -6.00863e-06 -0.052696 32.976 -0.000863506 1.05165e-07 -6.77953e-05 -0.000861484 0.997127 -0.00229952 1.276e-07 -2.61541e-06 0.00229954 0.997126 0.00158832 -6.97508e-05 -1.81347e-07 -0.00159042 0.995249
2 0.000382716 33.0562 -0.0316473 3.82028e-06 -0.00225738 -0.0315733 32.9611 -0.0759706 4.72083e-06 -9.57963e-05 0.0759712 32.9611 0.0581909 -0.00232887 -6.56105e-06 -0.0582679 32.8991 -0.000957381 1.1557e-07 -6.82892e-05 -0.000955142 0.997125 -0.00229823 1.42812e-07 -2.89799e-06 0.00229825 0.997123 0.00176036 -7.04518e-05 -1.98482e-07 -0.00176269 0.995248
2.1 0.000401843 32.9751 -0.0348282 4.16495e-06 -0.00226899 -0.0347468 32.8803 -0.0757396 5.24655e-06 -0.000105357 0.0757403 32.8802 0.0640157 -0.00234748 -7.12191e-06 -0.0641004 32.8184 -0.00105619 1.26306e-07 -6.88091e-05 -0.00105373 0.997123 -0.00229687 1.59106e-07 -3.19506e-06 0.00229689 0.99712 0.00194133 -7.11892e-05 -2.15978e-07 -0.0019439 0.995247
2.2 0.000420969 32.8904 -0.0381517 4.51728e-06 -0.00228112 -0.0380627 32.7957 -0.075498 5.80604e-06 -0.000115334 0.0754988 32.7956 0.0700971 -0.0023669 -7.68833e-06 -0.0701897 32.734 -0.00115996 1.37344e-07 -6.93552e-05 -0.00115726 0.99712 -0.00229544 1.76527e-07 -3.50662e-06 0.00229547 0.997117 0.00213123 -7.19632e-05 -2.33756e-07 -0.00213405 0.995246
2.3 0.000440094 32.8019 -0.0416162 4.87603e-06 -0.00229375 -0.0415192 32.7074 -0.0752459 6.4004e-06 -0.000125719 0.0752469 32.7072 0.0764311 -0.00238711 -8.25736e-06 -0.0765321 32.6459 -0.00126871 1.48651e-07 -6.99274e-05 -0.00126576 0.997118 -0.00229395 1.95123e-07 -3.83267e-06 0.00229398 0.997114 0.00233008 -7.27736e-05 -2.51734e-07 -0.00233316 0.995245
2.4 0.000459218 32.7097 -0.0452198 5.23991e-06 -0.00230689 -0.0451147 32.6154 -0.0749835 7.03075e-06 -0.000136504 0.0749847 32.6152 0.0830138 -0.00240811 -8.82595e-06 -0.0831234 32.5541 -0.00138246 1.60194e-07 -7.0526e-05 -0.00137924 0.997115 -0.00229239 2.14943e-07 -4.1732e-06 0.00229243 0.997111 0.00253789 -7.36207e-05 -2.69826e-07 -0.00254124 0.995243
2.5 0.00047834 32.6139 -0.0489608 5.60759e-06 -0.00232051 -0.0488471 32.5198 -0.0747108 7.69825e-06 -0.000147683 0.0747121 32.5196 0.0898411 -0.00242988 -9.39091e-06 -0.0899596 32.4587 -0.00150122 1.71939e-07 -7.1151e-05 -0.00149774 0.997113 -0.00229076 2.36042e-07 -4.52822e-06 0.0022908 0.997108 0.00275468 -7.45045e-05 -2.87942e-07 -0.00275832 0.995242
2.6 0.000497461 32.5145 -0.052837 5.97771e-06 -0.00233463 -0.0527146 32.4205 -0.0744279 8.40411e-06 -0.000159247 0.0744295 32.4203 0.0969085 -0.00245241 -9.94899e-06 -0.0970363 32.3597 -0.00162503 1.83847e-07 -7.18026e-05 -0.00162126 0.99711 -0.00228907 2.58473e-07 -4.89772e-06 0.00228912 0.997104 0.00298047 -7.54251e-05 -3.05986e-07 -0.0029844 0.99524
2.7 0.00051658 32.4115 -0.0568466 6.34885e-06 -0.00234921 -0.0567151 32.3177 -0.074135 9.14953e-06 -0.000171188 0.0741369 32.3175 0.104212 -0.00247567 -1.04968e-05 -0.104349 32.2571 -0.0017539 1.95883e-07 -7.24809e-05 -0.00174985 0.997107 -0.00228731 2.82293e-07 -5.28169e-06 0.00228736 0.9971 0.00321527 -7.63826e-05 -3.23862e-07 -0.00321951 0.995238
2.8 0.000535698 32.3049 -0.0609875 6.71959e-06 -0.00236427 -0.0608467 32.2114 -0.0738322 9.93578e-06 -0.000183496 0.0738343 32.2111 0.111746 -0.00249966 -1.1031e-05 -0.111893 32.151 -0.00188787 2.08005e-07 -7.3186e-05 -0.00188351 0.997103 -0.00228548 3.07562e-07 -5.68013e-06 0.00228554 0.997096 0.0034591 -7.7377e-05 -3.41466e-07 -0.00346366 0.995236
2.9 0.000554814 32.1949 -0.0652574 7.08843e-06 -0.00237979 -0.065107 32.1015 -0.0735195 1.07641e-05 -0.000196165 0.073522 32.1012 0.119507 -0.00252435 -1.15481e-05 -0.119664 32.0414 -0.00202695 2.20173e-07 -7.39182e-05 -0.00202228 0.9971 -0.00228358 3.34343e-07 -6.09304e-06 0.00228365 0.997091 0.00371198 -7.84085e-05 -3.58692e-07 -0.00371687 0.995233
3 0.000573928 32.0814 -0.0696543 7.45388e-06 -0.00239575 -0.069494 31.9882 -0.0731972 1.16359e-05 -0.000209183 0.0732 31.9879 0.127489 -0.00254974 -1.20443e-05 -0.127657 31.9284 -0.00217118 2.32343e-07 -7.46775e-05 -0.00216618 0.997097 -0.00228161 3.62699e-07 -6.5204e-06 0.0022817 0.997086 0.00397393 -7.94772e-05 -3.7543e-07 -0.00397915 0.995231
3.1 0.00059304 31.9644 -0.0741757 7.81441e-06 -0.00241216 -0.0740054 31.8715 -0.0728654 1.25523e-05 -0.000222543 0.0728686 31.8711 0.135688 -0.00257579 -1.25161e-05 -0.135866 31.8119 -0.00232057 2.44472e-07 -7.5464e-05 -0.00231525 0.997093 -0.00227958 3.92697e-07 -6.96221e-06 0.00227968 0.997081 0.00424496 -8.05832e-05 -3.91565e-07 -0.00425054 0.995228
3.2 0.000612151 31.844 -0.0788195 8.16844e-06 -0.002429 -0.0786389 31.7514 -0.0725241 1.35148e-05 -0.000236234 0.0725277 31.7509 0.144098 -0.0026025 -1.29598e-05 -0.144287 31.692 -0.00247517 2.56514e-07 -7.62781e-05 -0.0024695 0.997089 -0.00227748 4.24406e-07 -7.41846e-06 0.00227759 0.997076 0.00452511 -8.17266e-05 -4.06978e-07 -0.00453105 0.995225
3.3 0.00063126 31.7203 -0.0835831 8.51439e-06 -0.00244626 -0.0833921 31.6279 -0.0721735 1.45247e-05 -0.000250246 0.0721776 31.6274 0.152714 -0.00262985 -1.33716e-05 -0.152914 31.5688 -0.002635 2.68421e-07 -7.71197e-05 -0.00262898 0.997086 -0.00227531 4.57898e-07 -7.88913e-06 0.00227544 0.99707 0.00481438 -8.29075e-05 -4.21546e-07 -0.0048207 0.995222
3.4 0.000650367 31.5933 -0.0884642 8.85066e-06 -0.00246394 -0.0882624 31.5011 -0.0718138 1.55833e-05 -0.00026457 0.0718184 31.5006 0.16153 -0.00265782 -1.37476e-05 -0.161742 31.4423 -0.00280009 2.80143e-07 -7.79892e-05 -0.00279371 0.997082 -0.00227307 4.93247e-07 -8.37423e-06 0.00227322 0.997065 0.0051128 -8.4126e-05 -4.35141e-07 -0.0051195 0.995219
3.5 0.000669472 31.463 -0.0934602 9.17561e-06 -0.00248201 -0.0932476 31.3711 -0.0714451 1.66921e-05 -0.000279194 0.0714503 31.3705 0.170542 -0.00268639 -1.40839e-05 -0.170765 31.3125 -0.00297048 2.91631e-07 -7.88867e-05 -0.00296372 0.997077 -0.00227076 5.30529e-07 -8.87372e-06 0.00227093 0.997058 0.00542039 -8.53823e-05 -4.47633e-07 -0.00542749 0.995215
3.6 0.000688575 31.3296 -0.0985687 9.4876e-06 -0.00250048 -0.098345 31.2379 -0.0710676 1.78523e-05 -0.00029411 0.0710733 31.2372 0.179743 -0.00271553 -1.43767e-05 -0.179978 31.1795 -0.00314619 3.02832e-07 -7.98123e-05 -0.00313905 0.997073 -0.00226839 5.69823e-07 -9.38761e-06 0.00226857 0.997052 0.00573718 -8.66764e-05 -4.58886e-07 -0.00574469 0.995211
3.7 0.000707676 31.1929 -0.103787 9.78496e-06 -0.00251933 -0.103552 31.1014 -0.0706813 1.90654e-05 -0.000309304 0.0706877 31.1007 0.189128 -0.00274524 -1.46219e-05 -0.189375 31.0434 -0.00332726 3.13692e-07 -8.07663e-05 -0.00331973 0.997069 -0.00226594 6.1121e-07 -9.91587e-06 0.00226615 0.997045 0.00606318 -8.80086e-05 -4.68759e-07 -0.00607111 0.995207
3.8 0.000726775 31.0531 -0.109112 1.0066e-05 -0.00253856 -0.108866 30.9619 -0.0702865 2.03328e-05 -0.000324768 0.0702936 30.9611 0.198691 -0.00277549 -1.48157e-05 -0.19895 30.9041 -0.00351374 3.24155e-07 -8.17489e-05 -0.0035058 0.997064 -0.00226343 6.54775e-07 -1.04585e-05 0.00226366 0.997037 0.00639842 -8.93789e-05 -4.77108e-07 -0.00640678 0.995203
3.9 0.000745871 30.9102 -0.114542 1.03291e-05 -0.00255814 -0.114284 30.8193 -0.0698833 2.16558e-05 -0.000340489 0.0698911 30.8184 0.208425 -0.00280626 -1.49539e-05 -0.208697 30.7618 -0.00370564 3.34165e-07 -8.27603e-05 -0.0036973 0.997059 -0.00226085 7.00602e-07 -1.10154e-05 0.0022611 0.99703 0.00674292 -9.07875e-05 -4.83785e-07 -0.00675172 0.995198
4 0.000764965 30.7643 -0.120074 1.05725e-05 -0.00257807 -0.119804 30.6737 -0.0694719 2.30357e-05 -0.000356456 0.0694805 30.6727 0.218325 -0.00283753 -1.50325e-05 -0.21861 30.6164 -0.00390302 3.43661e-07 -8.38007e-05 -0.00389425 0.997055 -0.0022582 7.48781e-07 -1.15867e-05 0.00225848 0.997021 0.00709671 -9.22346e-05 -4.88635e-07 -0.00710597 0.995193
4.1 0.000784057 30.6154 -0.125704 1.07945e-05 -0.00259834 -0.125422 30.5251 -0.0690524 2.44741e-05 -0.000372658 0.0690618 30.5239 0.228385 -0.00286928 -1.50475e-05 -0.228683 30.4681 -0.00410591 3.52584e-07 -8.48704e-05 -0.00409671 0.997049 -0.00225548 7.99404e-07 -1.21722e-05 0.00225579 0.997013 0.00745981 -9.37202e-05 -4.91503e-07 -0.00746953 0.995187
4.2 0.000803147 30.4636 -0.13143 1.09934e-05 -0.00261894 -0.131137 30.3735 -0.0686249 2.59721e-05 -0.000389082 0.0686353 30.3723 0.238598 -0.00290149 -1.49949e-05 -0.238909 30.3168 -0.00431435 3.60872e-07 -8.59695e-05 -0.00430471 0.997044 -0.00225269 8.52563e-07 -1.2772e-05 0.00225303 0.997004 0.00783224 -9.52447e-05 -4.92225e-07 -0.00784244 0.995181
4.3 0.000822234 30.3089 -0.13725 1.11676e-05 -0.00263985 -0.136944 30.2191 -0.0681897 2.75312e-05 -0.000405717 0.0682011 30.2178 0.248958 -0.00293414 -1.48706e-05 -0.249282 30.1626 -0.00452838 3.6846e-07 -8.70983e-05 -0.0045183 0.997039 -0.00224983 9.08356e-07 -1.33861e-05 0.0022502 0.996994 0.00821403 -9.6808e-05 -4.90635e-07 -0.00822472 0.995175
4.4 0.000841318 30.1513 -0.14316 1.13153e-05 -0.00266107 -0.142842 30.0619 -0.067747 2.91527e-05 -0.000422551 0.0677593 30.0604 0.259458 -0.00296721 -1.46705e-05 -0.259796 30.0056 -0.00474805 3.75282e-07 -8.82571e-05 -0.00473751 0.997033 -0.0022469 9.66879e-07 -1.40143e-05 0.00224731 0.996984 0.00860521 -9.84105e-05 -4.86562e-07 -0.00861639 0.995168
4.5 0.0008604 29.991 -0.149157 1.14347e-05 -0.00268258 -0.148827 29.9019 -0.0672968 3.08378e-05 -0.000439571 0.0673102 29.9002 0.270093 -0.00300067 -1.43906e-05 -0.270444 29.8459 -0.0049734 3.81273e-07 -8.94462e-05 -0.00496239 0.997027 -0.0022439 1.02824e-06 -1.46568e-05 0.00224435 0.996974 0.0090058 -0.000100052 -4.79831e-07 -0.00901749 0.995161
4.6 0.00087948 29.828 -0.155239 1.15244e-05 -0.00270437 -0.154896 29.7391 -0.0668393 3.25879e-05 -0.000456765 0.066854 29.7374 0.280855 -0.0030345 -1.40269e-05 -0.281219 29.6834 -0.00520447 3.86361e-07 -9.06657e-05 -0.00519299 0.997021 -0.00224083 1.09253e-06 -1.53133e-05 0.00224132 0.996963 0.00941583 -0.000101733 -4.70261e-07 -0.00942804 0.995154
4.7 0.000898556 29.6622 -0.161401 1.15824e-05 -0.00272644 -0.161047 29.5737 -0.0663748 3.44042e-05 -0.00047412 0.0663907 29.5718 0.291738 -0.00306868 -1.35755e-05 -0.292115 29.5183 -0.00544131 3.90477e-07 -9.1916e-05 -0.00542935 0.997015 -0.00223769 1.15986e-06 -1.5984e-05 0.00223822 0.996952 0.00983532 -0.000103454 -4.57668e-07 -0.00984806 0.995146
4.8 0.00091763 29.4939 -0.167642 1.16073e-05 -0.00274876 -0.167275 29.4057 -0.0659034 3.62878e-05 -0.000491624 0.0659206 29.4037 0.302734 -0.0031032 -1.30322e-05 -0.303126 29.3505 -0.00568397 3.93549e-07 -9.31974e-05 -0.00567151 0.997009 -0.00223448 1.23035e-06 -1.66687e-05 0.00223506 0.99694 0.0102643 -0.000105215 -4.41862e-07 -0.0102776 0.995137
4.9 0.000936701 29.323 -0.173959 1.15973e-05 -0.00277132 -0.173579 29.2351 -0.0654253 3.82401e-05 -0.000509264 0.0654439 29.2329 0.313838 -0.00313802 -1.23934e-05 -0.314244 29.1802 -0.00593249 3.95501e-07 -9.45101e-05 -0.00591954 0.997002 -0.00223119 1.3041e-06 -1.73674e-05 0.00223183 0.996927 0.0107028 -0.000107015 -4.22649e-07 -0.0107166 0.995128
5 0.00095577 29.1496 -0.180347 1.15507e-05 -0.00279412 -0.179955 29.0621 -0.0649407 4.02621e-05 -0.000527026 0.0649607 29.0597 0.325042 -0.00317312 -1.16549e-05 -0.325462 29.0073 -0.00618694 3.96257e-07 -9.58545e-05 -0.00617348 0.996996 -0.00222784 1.38122e-06 -1.808e-05 0.00222853 0.996914 0.0111508 -0.000108856 -3.99831e-07 -0.0111652 0.995119
5.1 0.000974835 28.9738 -0.186804 1.14661e-05 -0.00281715 -0.186399 28.8865 -0.0644497 4.2355e-05 -0.000544899 0.0644713 28.884 0.33634 -0.00320849 -1.08131e-05 -0.336774 28.8321 -0.00644735 3.9574e-07 -9.72309e-05 -0.00643337 0.996989 -0.00222441 1.46184e-06 -1.88066e-05 0.00222516 0.9969 0.0116084 -0.000110738 -3.73203e-07 -0.0116234 0.995109
5.2 0.000993897 28.7956 -0.193327 1.13417e-05 -0.00284038 -0.19291 28.7086 -0.0639526 4.45197e-05 -0.000562867 0.0639757 28.7059 0.347724 -0.0032441 -9.86412e-06 -0.348172 28.6544 -0.00671378 3.93871e-07 -9.86395e-05 -0.00669928 0.996982 -0.00222092 1.54606e-06 -1.9547e-05 0.00222172 0.996885 0.0120756 -0.00011266 -3.42557e-07 -0.0120912 0.995098
5.3 0.00101296 28.615 -0.199913 1.11761e-05 -0.00286381 -0.199483 28.5284 -0.0634495 4.67574e-05 -0.000580919 0.0634743 28.5254 0.359188 -0.00327993 -8.80428e-06 -0.35965 28.4744 -0.00698629 3.90566e-07 -0.000100081 -0.00697126 0.996974 -0.00221735 1.63402e-06 -2.03012e-05 0.00221822 0.99687 0.0125525 -0.000114623 -3.07681e-07 -0.0125686 0.995087
5.4 0.00103201 28.4322 -0.206558 1.09675e-05 -0.00288743 -0.206115 28.3459 -0.0629405 4.9069e-05 -0.000599041 0.0629672 28.3427 0.370725 -0.00331595 -7.62992e-06 -0.371201 28.2921 -0.00726493 3.85744e-07 -0.000101555 -0.00724936 0.996967 -0.00221371 1.72583e-06 -2.10691e-05 0.00221465 0.996854 0.0130389 -0.000116627 -2.68355e-07 -0.0130557 0.995075
5.5 0.00105107 28.2471 -0.213259 1.07147e-05 -0.00291122 -0.212804 28.1612 -0.062426 5.14554e-05 -0.00061722 0.0624545 28.1578 0.382327 -0.00335214 -6.33746e-06 -0.382817 28.1076 -0.00754975 3.79319e-07 -0.000103063 -0.00753364 0.996959 -0.00221 1.82162e-06 -2.18507e-05 0.00221101 0.996838 0.0135351 -0.000118672 -2.24358e-07 -0.0135524 0.995062
5.6 0.00107012 28.0599 -0.220013 1.04159e-05 -0.00293518 -0.219545 27.9743 -0.0619061 5.39175e-05 -0.000635441 0.0619365 27.9707 0.393987 -0.00338849 -4.92342e-06 -0.394492 27.921 -0.00784083 3.71204e-07 -0.000104604 -0.00782416 0.996951 -0.00220621 1.92151e-06 -2.26459e-05 0.0022073 0.996821 0.0140409 -0.000120759 -1.75461e-07 -0.0140589 0.995049
5.7 0.00108916 27.8706 -0.226817 1.00699e-05 -0.00295928 -0.226336 27.7854 -0.0613809 5.64561e-05 -0.000653692 0.0614134 27.7815 0.405699 -0.00342496 -3.38437e-06 -0.406218 27.7322 -0.0081382 3.61309e-07 -0.000106179 -0.00812098 0.996943 -0.00220235 2.02565e-06 -2.34545e-05 0.00220352 0.996802 0.0145565 -0.000122888 -1.21432e-07 -0.0145751 0.995035
5.8 0.00110821 27.6793 -0.233667 9.67515e-06 -0.00298353 -0.233174 27.5944 -0.0608507 5.90718e-05 -0.000671959 0.0608853 27.5902 0.417455 -0.00346154 -1.717e-06 -0.417988 27.5414 -0.00844195 3.49545e-07 -0.000107789 -0.00842416 0.996934 -0.00219842 2.13415e-06 -2.42766e-05 0.00219967 0.996784 0.0150819 -0.000125059 -6.2032e-08 -0.0151011 0.99502
5.9 0.00112725 27.4859 -0.24056 9.23029e-06 -0.00300789 -0.240056 27.4015 -0.0603157 6.17654e-05 -0.000690228 0.0603525 27.397 0.429247 -0.0034982 8.19252e-08 -0.429795 27.3487 -0.00875212 3.35818e-07 -0.000109434 -0.00873376 0.996926 -0.00219442 2.24716e-06 -2.5112e-05 0.00219576 0.996764 0.015617 -0.000127272 2.98062e-09 -0.0156369 0.995005
6 0.00172656 27.2907 -0.247494 8.73397e-06 -0.00303238 -0.246977 27.2066 -0.059776 6.45375e-05 -0.000708486 0.0598151 27.2018 0.44107 -0.00353493 2.01553e-06 -0.441632 27.154 -0.00906879 3.20034e-07 -0.000111114 -0.00904984 0.996917 -0.00219034 2.36482e-06 -2.59607e-05 0.00219178 0.996743 0.0161619 -0.000129528 7.38541e-08 -0.0161825 0.994989
6.2 0.00236869 26.8948 -0.261467 7.5818e-06 -0.00308164 -0.260926 26.8114 -0.0586835 7.03192e-05 -0.000744912 0.0587275 26.806 0.464777 -0.00360847 6.29876e-06 -0.465367 26.7591 -0.00972186 2.81906e-07 -0.000114581 -0.00970174 0.996898 -0.00218197 2.6146e-06 -2.76973e-05 0.0021836 0.996699 0.0172813 -0.00013417 2.342e-07 -0.0173033 0.994954
6.4 0.00244479 26.4919 -0.275562 6.20875e-06 -0.00313121 -0.274997 26.4092 -0.0575747 7.64201e-05 -0.000781128 0.0576241 26.4032 0.488518 -0.00368199 1.11555e-05 -0.489136 26.3572 -0.0104017 2.34364e-07 -0.000118195 -0.0103804 0.996878 -0.00217329 2.88465e-06 -2.94855e-05 0.00217515 0.996652 0.0184402 -0.000138985 4.2109e-07 -0.0184636 0.994915
6.6 0.00252085 26.0827 -0.28975 4.60565e-06 -0.00318101 -0.289162 26.0007 -0.0564513 8.28421e-05 -0.000817024 0.0565063 25.994 0.512236 -0.00375532 1.66066e-05 -0.512882 25.9489 -0.0111089 1.76579e-07 -0.000121959 -0.0110864 0.996858 -0.00216432 3.17614e-06 -3.13244e-05 0.00216643 0.9966 0.0196389 -0.000143978 6.36691e-07 -0.0196637 0.994873
6.8 0.00259689 25.6675 -0.304007 2.76416e-06 -0.00323094 -0.303397 25.5863 -0.0553147 8.9586e-05 -0.000852492 0.0553758 25.5788 0.535874 -0.00382829 2.26709e-05 -0.536548 25.5347 -0.011844 1.07691e-07 -0.000125877 -0.0118203 0.996836 -0.00215505 3.49025e-06 -3.32129e-05 0.00215743 0.996544 0.0208775 -0.000149149 8.83253e-07 -0.0209038 0.994826
7 0.00267289 25.2469 -0.318306 6.76776e-07 -0.0032809 -0.317674 25.1664 -0.0541665 9.66508e-05 -0.000887422 0.0542341 25.1581 0.559376 -0.00390072 2.93649e-05 -0.560078 25.115 -0.0126077 2.68063e-08 -0.000129953 -0.0125827 0.996812 -0.00214547 3.82822e-06 -3.51497e-05 0.00214815 0.996484 0.0221562 -0.000154503 1.16311e-06 -0.022184 0.994775
7.2 0.00274886 24.8214 -0.332622 -1.66311e-06 -0.00333082 -0.33197 24.7417 -0.0530084 0.000104034 -0.000921708 0.0530829 24.7325 0.582688 -0.00397247 3.67028e-05 -0.583416 24.6904 -0.0134006 -6.70031e-08 -0.000134191 -0.0133743 0.996788 -0.00213559 4.1913e-06 -3.71335e-05 0.00213859 0.996418 0.0234752 -0.000160042 1.47867e-06 -0.0235045 0.994719
7.4 0.0028248 24.3916 -0.34693 -4.26117e-06 -0.0033806 -0.346257 24.3126 -0.0518418 0.000111731 -0.000955244 0.0519236 24.3025 0.605753 -0.00404336 4.46964e-05 -0.606507 24.2613 -0.0142233 -1.74698e-07 -0.000138597 -0.0141958 0.996762 -0.0021254 4.58074e-06 -3.91629e-05 0.00212875 0.996347 0.0248345 -0.000165769 1.83245e-06 -0.0248654 0.994658
7.6 0.00290071 23.9578 -0.361204 -7.12209e-06 -0.00343016 -0.360512 23.8796 -0.0506683 0.000119737 -0.000987925 0.0507579 23.8685 0.628519 -0.00411326 5.33547e-05 -0.629298 23.8282 -0.0150766 -2.97276e-07 -0.000143175 -0.0150478 0.996735 -0.00211489 4.99783e-06 -4.1236e-05 0.00211863 0.996271 0.0262344 -0.000171687 2.22703e-06 -0.0262669 0.994592
7.8 0.00297657 23.5207 -0.375419 -1.02496e-05 -0.00347942 -0.374709 23.4432 -0.0494894 0.000128043 -0.00101965 0.0495871 23.431 0.650933 -0.004182 6.26842e-05 -0.651736 23.3918 -0.0159612 -4.35768e-07 -0.00014793 -0.0159311 0.996706 -0.00210408 5.44386e-06 -4.33512e-05 0.00210824 0.996189 0.0276749 -0.000177801 2.66507e-06 -0.0277091 0.99452
8 0.00305241 23.0807 -0.389551 -1.36463e-05 -0.0035283 -0.388825 23.0039 -0.0483066 0.00013664 -0.00105031 0.0484129 22.9906 0.672942 -0.00424945 7.26885e-05 -0.67377 22.9523 -0.0168778 -5.91242e-07 -0.000152868 -0.0168464 0.996676 -0.00209295 5.92013e-06 -4.55063e-05 0.00209756 0.9961 0.0291561 -0.000184113 3.14933e-06 -0.029192 0.994441
8.2 0.0031282 22.6382 -0.403578 -1.73138e-05 -0.00357673 -0.402836 22.5623 -0.0471214 0.000145517 -0.00107982 0.0472368 22.5478 0.694498 -0.00431547 8.33685e-05 -0.695348 22.5105 -0.0178273 -7.64802e-07 -0.000157995 -0.0177945 0.996644 -0.0020815 6.42792e-06 -4.76991e-05 0.00208659 0.996005 0.0306781 -0.000190627 3.68264e-06 -0.0307156 0.994356
8.4 0.00320396 22.1939 -0.417474 -2.12527e-05 -0.00362464 -0.416718 22.1187 -0.0459353 0.000154659 -0.00110808 0.0460601 22.103 0.71555 -0.00437993 9.4722e-05 -0.716422 22.0666 -0.0188103 -9.57589e-07 -0.000163317 -0.0187762 0.99661 -0.00206972 6.96852e-06 -4.99273e-05 0.00207535 0.995903 0.0322408 -0.000197348 4.26792e-06 -0.0322801 0.994264
8.6 0.00327968 21.7482 -0.431219 -2.54624e-05 -0.00367195 -0.430449 21.6737 -0.0447497 0.000164051 -0.001135 0.0448843 21.6567 0.736053 -0.00444271 0.000106744 -0.736946 21.6213 -0.0198278 -1.17078e-06 -0.000168839 -0.0197924 0.996575 -0.00205762 7.54319e-06 -5.21882e-05 0.00206381 0.995793 0.0338443 -0.000204279 4.90817e-06 -0.0338853 0.994165
8.8 0.00335535 21.3016 -0.444789 -2.99414e-05 -0.0037186 -0.444008 21.2278 -0.043566 0.000173675 -0.00116048 0.0437108 21.2095 0.755959 -0.0045037 0.000119426 -0.756872 21.175 -0.0208805 -1.4056e-06 -0.000174569 -0.0208439 0.996537 -0.0020452 8.15315e-06 -5.44788e-05 0.002052 0.995675 0.0354884 -0.000211425 5.60645e-06 -0.0355313 0.994057
9 0.00343099 20.8545 -0.458163 -3.46871e-05 -0.00376453 -0.457372 20.7815 -0.0423856 0.000183511 -0.00118445 0.042541 20.7617 0.775227 -0.00456278 0.000132758 -0.776158 20.7282 -0.0219695 -1.66329e-06 -0.000180514 -0.0219316 0.996498 -0.00203244 8.79961e-06 -5.67959e-05 0.0020399 0.995549 0.0371731 -0.000218791 6.36591e-06 -0.0372178 0.993941
9.2 0.00350659 20.4074 -0.471322 -3.96956e-05 -0.00380969 -0.470522 20.3351 -0.0412098 0.000193538 -0.00120682 0.0413762 20.3139 0.793813 -0.00461986 0.000146725 -0.794762 20.2813 -0.0230956 -1.94515e-06 -0.000186681 -0.0230564 0.996456 -0.00201935 9.48369e-06 -5.91362e-05 0.00202751 0.995414 0.0388982 -0.000226381 7.18978e-06 -0.0389447 0.993816
9.4 0.00358214 19.9609 -0.484244 -4.49623e-05 -0.00385401 -0.483437 19.8892 -0.0400399 0.00020373 -0.00122751 0.0402177 19.8664 0.811679 -0.00467484 0.00016131 -0.812644 19.8347 -0.0242597 -2.25252e-06 -0.000193078 -0.0242193 0.996413 -0.00200592 1.02065e-05 -6.14959e-05 0.00201483 0.99527 0.0406635 -0.0002342 8.08132e-06 -0.0407119 0.993682
9.6 0.00365765 19.5152 -0.496912 -5.04813e-05 -0.00389745 -0.496099 19.4443 -0.0388773 0.000214062 -0.00124645 0.0390667 19.4199 0.828786 -0.00472763 0.000176493 -0.829766 19.3891 -0.0254628 -2.58677e-06 -0.000199714 -0.0254212 0.996367 -0.00199216 1.0969e-05 -6.38708e-05 0.00200186 0.995116 0.0424688 -0.000242254 9.0439e-06 -0.042519 0.993538
9.8 0.00373311 19.0709 -0.509306 -5.62459e-05 -0.00393996 -0.50849 19.0007 -0.0377231 0.000224504 -0.00126357 0.0379244 18.9746 0.845099 -0.00477817 0.000192252 -0.846093 18.9447 -0.0267059 -2.94931e-06 -0.000206595 -0.0266631 0.996318 -0.00197804 1.17721e-05 -6.62566e-05 0.0019886 0.994952 0.0443136 -0.000250548 1.00809e-05 -0.0443657 0.993383
10 0.00380853 18.6284 -0.52141 -6.22484e-05 -0.0039815 -0.520591 18.5588 -0.0365784 0.000235026 -0.00127881 0.0367921 18.5311 0.860585 -0.00482637 0.000208559 -0.861591 18.502 -0.0279901 -3.34158e-06 -0.000213733 -0.0279461 0.996267 -0.00196358 1.26165e-05 -6.86484e-05 0.00197505 0.994776 0.0461975 -0.000259087 1.11958e-05 -0.0462515 0.993217
10.2 0.0038839 18.1881 -0.533207 -6.848e-05 -0.00402203 -0.532387 18.1192 -0.0354445 0.000245594 -0.0012921 0.0356707 18.0897 0.875212 -0.00487219 0.000225387 -0.87623 18.0615 -0.0293163 -3.7651e-06 -0.000221135 -0.0292712 0.996213 -0.00194877 1.3503e-05 -7.10412e-05 0.00196121 0.994589 0.04812 -0.000267878 1.2392e-05 -0.048176 0.993039
10.4 0.00395923 17.7504 -0.544682 -7.49313e-05 -0.00406151 -0.543862 17.6822 -0.0343224 0.000256174 -0.0013034 0.0345614 17.6508 0.888953 -0.00491556 0.000242704 -0.88998 17.6235 -0.0306855 -4.22138e-06 -0.000228812 -0.0306394 0.996156 -0.00193361 1.4432e-05 -7.34291e-05 0.00194708 0.99439 0.0500807 -0.000276926 1.36732e-05 -0.0501385 0.992848
10.6 0.0040345 17.3158 -0.555819 -8.15919e-05 -0.00409992 -0.555002 17.2482 -0.0332131 0.000266728 -0.00131265 0.0334652 17.215 0.901782 -0.00495644 0.000260476 -0.902817 17.1884 -0.032099 -4.712e-06 -0.000236774 -0.0320518 0.996097 -0.00191808 1.54038e-05 -7.58064e-05 0.00193264 0.994178 0.0520786 -0.000286239 1.50427e-05 -0.0521384 0.992644
10.8 0.00410973 16.8845 -0.566605 -8.84506e-05 -0.00413722 -0.565793 16.8175 -0.0321176 0.000277217 -0.0013198 0.0323831 16.7824 0.913674 -0.0049948 0.000278666 -0.914715 16.7566 -0.0335577 -5.23856e-06 -0.000245031 -0.0335096 0.996034 -0.0019022 1.64184e-05 -7.81663e-05 0.00191791 0.993952 0.0541131 -0.000295822 1.65042e-05 -0.0541748 0.992427
11 0.00418491 16.457 -0.577028 -9.54955e-05 -0.0041734 -0.576221 16.3907 -0.031037 0.0002876 -0.00132482 0.0313158 16.3535 0.924609 -0.00503061 0.000297235 -0.925655 16.3286 -0.0350628 -5.80273e-06 -0.000253594 -0.0350137 0.995968 -0.00188594 1.74758e-05 -8.05021e-05 0.00190289 0.993713 0.0561833 -0.000305682 1.80613e-05 -0.0562469 0.992194
11.2 0.00426003 16.0336 -0.587076 -0.000102714 -0.00420843 -0.586276 15.9679 -0.0299719 0.000297833 -0.00132768 0.0302644 15.9287 0.934568 -0.00506384 0.000316141 -0.935618 15.9045 -0.0366153 -6.40617e-06 -0.000262475 -0.0365654 0.995898 -0.00186932 1.85755e-05 -8.2806e-05 0.00188756 0.993459 0.058288 -0.000315826 1.97173e-05 -0.0583535 0.991946
11.4 0.00433511 15.6147 -0.596737 -0.000110093 -0.00424229 -0.595946 15.5495 -0.0289234 0.000307871 -0.00132835 0.0292296 15.5083 0.943536 -0.00509447 0.00033534 -0.944588 15.4848 -0.0382164 -7.05062e-06 -0.000271686 -0.0381657 0.995825 -0.00185232 1.97168e-05 -8.50702e-05 0.00187193 0.993189 0.0604261 -0.000326261 2.14759e-05 -0.0604935 0.991683
11.6 0.00441013 15.2005 -0.606002 -0.000117619 -0.00427498 -0.605221 15.1359 -0.0278921 0.000317669 -0.00132679 0.0282121 15.0927 0.951499 -0.00512252 0.000354788 -0.952552 15.0698 -0.0398671 -7.73782e-06 -0.000281239 -0.0398158 0.995747 -0.00183494 2.08985e-05 -8.72859e-05 0.001856 0.992903 0.0625964 -0.000336996 2.33405e-05 -0.0626657 0.991402
11.8 0.0044851 14.7915 -0.614862 -0.000125278 -0.00430648 -0.614093 14.7274 -0.0268787 0.000327176 -0.00132301 0.0272127 14.682 0.958447 -0.00514796 0.000374435 -0.9595 14.6599 -0.0415686 -8.46959e-06 -0.000291146 -0.0415167 0.995666 -0.00181718 2.21192e-05 -8.9444e-05 0.00183976 0.9926 0.0647972 -0.000348036 2.53143e-05 -0.0648684 0.991103
12 0.0139046 14.3878 -0.623308 -0.000133054 -0.00433678 -0.622553 14.3242 -0.025884 0.000336344 -0.00131698 0.0262319 14.2767 0.964372 -0.00517082 0.000394234 -0.965423 14.2552 -0.043322 -9.24772e-06 -0.000301421 -0.0432695 0.99558 -0.00179902 2.33771e-05 -9.15346e-05 0.00182321 0.992279 0.0670271 -0.000359389 2.74006e-05 -0.0671001 0.990785
13 0.0246683 12.4593 -0.659133 -0.000173181 -0.0044703 -0.658468 12.398 -0.021209 0.000375262 -0.00125321 0.0216262 12.3395 0.97856 -0.00524699 0.00049366 -0.979577 12.3209 -0.0529028 -1.38997e-05 -0.000358792 -0.0528494 0.995081 -0.00170226 3.0119e-05 -0.000100584 0.00173574 0.990383 0.0785403 -0.000421129 3.96217e-05 -0.078622 0.988886
14 0.0265294 10.7004 -0.683971 -0.000213983 -0.00457423 -0.683427 10.6409 -0.0170669 0.000397613 -0.00113497 0.0175494 10.5712 0.967475 -0.00526298 0.00058876 -0.968425 10.5547 -0.0639201 -1.99977e-05 -0.000427482 -0.0638692 0.994439 -0.00159497 3.71586e-05 -0.000106068 0.00164007 0.987923 0.0904148 -0.000491848 5.50222e-05 -0.0905036 0.986381
15 0.0283823 9.12969 -0.697823 -0.000253665 -0.00464977 -0.697423 9.07144 -0.0134788 0.000396432 -0.000967125 0.0140189 8.99093 0.932935 -0.00522538 0.000672517 -0.933788 8.97587 -0.0764345 -2.77846e-05 -0.000509303 -0.0763907 0.99362 -0.00147637 4.34224e-05 -0.000105932 0.00153553 0.984801 0.102187 -0.00057235 7.36627e-05 -0.10228 0.983152
16 0.0302266 7.7559 -0.701136 -0.000290764 -0.00469832 -0.700892 7.69841 -0.0104354 0.000365178 -0.000757504 0.0110222 7.6081 0.878056 -0.00514218 0.000738256 -0.878789 7.59379 -0.0904003 -3.74894e-05 -0.000605774 -0.0903689 0.992586 -0.00134548 4.70839e-05 -9.7668e-05 0.00142114 0.980942 0.113211 -0.000663002 9.51864e-05 -0.113306 0.979099
17 0.0320617 6.57869 -0.694698 -0.000324362 -0.0047207 -0.694611 6.52146 -0.00790201 0.000298444 -0.000516237 0.00852211 6.42289 0.806962 -0.00502142 0.000780216 -0.807558 6.40873 -0.105598 -4.93049e-05 -0.000717574 -0.105585 0.991301 -0.00120115 4.53653e-05 -7.8471e-05 0.00129541 0.976317 0.122663 -0.000763285 0.000118597 -0.122754 0.974164
18 0.0338871 5.58976 -0.679516 -0.000354233 -0.00471655 -0.679577 5.53238 -0.00582494 0.000192693 -0.000254936 0.00646364 5.42755 0.724434 -0.00486993 0.00079402 -0.724885 5.413 -0.121564 -6.33717e-05 -0.000843783 -0.121575 0.989734 -0.00104207 3.44725e-05 -4.56078e-05 0.00115634 0.970981 0.1296 -0.000871223 0.000142049 -0.129681 0.968378
19 0.0357021 4.77443 -0.656703 -0.000380932 -0.0046839 -0.656893 4.71653 -0.00413858 4.69135e-05 1.42295e-05 0.00478121 4.60783 0.635524 -0.00469245 0.000776999 -0.63583 4.59248 -0.137546 -7.97857e-05 -0.000981038 -0.137586 0.987872 -0.000866822 9.82599e-06 2.98036e-06 0.00100142 0.965105 0.13311 -0.000982827 0.000162741 -0.133174 0.96189
20 0.0375062 4.11337 -0.627378 -0.0004058 -0.00461911 -0.62767 4.05466 -0.00277276 -0.000136861 0.000279475 0.0034058 3.94468 0.545187 -0.00449105 0.00072835 -0.545353 3.92825 -0.152522 -9.86538e-05 -0.00112295 -0.152592 0.985726 -0.000674084 -3.32721e-05 6.79431e-05 0.000827982 0.958989 0.13254 -0.00109182 0.000177069 -0.132581 0.954995
21 0.0392989 3.58437 -0.592586 -0.000430901 -0.00451703 -0.592946 3.52462 -0.0016594 -0.000353253 0.000530251 0.00227155 3.41602 0.457928 -0.00426516 0.000649129 -0.457967 3.39835 -0.165325 -0.000120217 -0.0012602 -0.165426 0.983332 -0.000462956 -9.85539e-05 0.000147934 0.000633739 0.953034 0.127757 -0.00118994 0.0001811 -0.127768 0.948105
22 0.0410797 3.16406 -0.553249 -0.000458886 -0.00437157 -0.553643 3.10314 -0.000738325 -0.000593522 0.000757943 0.00132119 2.99846 0.377517 -0.00401201 0.000542085 -0.377445 2.97953 -0.174854 -0.000145031 -0.00138163 -0.174978 0.980745 -0.000233347 -0.000187582 0.000239547 0.00041756 0.94766 0.119314 -0.00126799 0.000171326 -0.119291 0.941678
23 0.0428479 2.82954 -0.510149 -0.000492801 -0.00417657 -0.510543 2.76734 3.85262e-05 -0.00084585 0.00095635 0.000509887 2.66885 0.306772 -0.00372747 0.000411379 -0.306612 2.64875 -0.180294 -0.000174163 -0.00147606 -0.180433 0.97802 1.36157e-05 -0.000298936 0.000337988 0.000180202 0.943211 0.108418 -0.00131734 0.000145387 -0.108361 0.936108
24 0.0446031 2.55959 -0.463939 -0.00053585 -0.00392674 -0.464302 2.4961 0.000704492 -0.00109595 0.0011219 -0.000192551 2.40564 0.247443 -0.00340731 0.000262232 -0.247215 2.38456 -0.181255 -0.00020935 -0.00153413 -0.181397 0.975194 0.000275236 -0.000428175 0.000438313 -7.52273e-05 0.939855 0.096673 -0.00133119 0.000102451 -0.096584 0.931619
25 0.0463447 2.33577 -0.415179 -0.000591131 -0.00361888 -0.415487 2.27098 0.00127745 -0.00132798 0.00125362 -0.000801356 2.1899 0.200173 -0.00304857 0.000100542 -0.1999 2.1681 -0.177748 -0.000253078 -0.00154933 -0.17788 0.972263 0.000546907 -0.00056854 0.000536706 -0.00034308 0.937549 0.0856987 -0.00130517 4.30443e-05 -0.0855823 0.928216
26 0.0480722 2.14301 -0.364389 -0.000661352 -0.00325292 -0.364626 2.07697 0.00176081 -0.00152563 0.00135282 -0.0013181 2.00598 0.164559 -0.00265088 -6.74859e-05 -0.164264 1.98378 -0.170036 -0.000308609 -0.00151792 -0.170147 0.969183 0.000821653 -0.000711908 0.000631271 -0.000615071 0.936059 0.0767885 -0.00123699 -3.14911e-05 -0.0766511 0.925697
27 0.049785 1.96996 -0.312108 -0.000748552 -0.00283281 -0.312266 1.90273 0.00214606 -0.00167343 0.00142263 -0.00173345 1.84195 0.139294 -0.00221767 -0.000235655 -0.138997 1.81968 -0.158433 -0.000379983 -0.001438 -0.158514 0.965871 0.00108939 -0.000849473 0.000722161 -0.000879941 0.935021 0.0707091 -0.00112575 -0.000119624 -0.0705581 0.923711
28 0.0514827 1.80897 -0.258949 -0.000853828 -0.00236713 -0.25903 1.74062 0.00241643 -0.00175803 0.00146736 -0.00203089 1.68957 0.122368 -0.00175695 -0.000398033 -0.122084 1.66754 -0.143147 -0.000471997 -0.00130855 -0.143192 0.962218 0.0013358 -0.000971843 0.000811157 -0.00112268 0.933994 0.0676451 -0.000971242 -0.000220033 -0.0674884 0.92182
29 0.0531646 1.6558 -0.205649 -0.000977103 -0.00186929 -0.205665 1.58642 0.00255138 -0.00176942 0.00149184 -0.00219112 1.54405 0.111311 -0.00128159 -0.000549123 -0.111055 1.52259 -0.124199 -0.00059011 -0.00112893 -0.124209 0.958099 0.00154088 -0.00106862 0.000900981 -0.0013233 0.932513 0.0672251 -0.000773999 -0.000331637 -0.0670705 0.919552
30 0.0548304 1.50912 -0.153093 -0.00111692 -0.00135719 -0.153061 1.43879 0.00253126 -0.00170187 0.00150079 -0.00219647 1.40366 0.103464 -0.000809084 -0.000683979 -0.103245 1.38301 -0.101445 -0.000740115 -0.000899323 -0.101424 0.953396 0.0016773 -0.00112772 0.000994476 -0.00145546 0.930115 0.0685589 -0.000536129 -0.00045323 -0.0684138 0.916434
31 0.0564795 1.36987 -0.102311 -0.00127034 -0.000852474 -0.102254 1.29867 0.00234171 -0.00155467 0.00149822 -0.00203498 1.269 0.0962359 -0.000360674 -0.000798263 -0.0960598 1.24937 -0.0746867 -0.000927344 -0.000622301 -0.0746448 0.948024 0.00170944 -0.0011349 0.00109369 -0.00148552 0.926364 0.0702516 -0.000263289 -0.000582727 -0.0701231 0.912031
32 0.0581114 1.24051 -0.0544596 -0.00143287 -0.000379259 -0.0544022 1.16852 0.00197743 -0.00133237 0.00148709 -0.00170371 1.14238 0.0873466 4.0089e-05 -0.000888274 -0.0872154 1.12389 -0.0439009 -0.00115506 -0.000305728 -0.0438547 0.941967 0.00159405 -0.00107405 0.00119877 -0.00137339 0.920895 0.0704118 3.23165e-05 -0.000716055 -0.0703061 0.905986
33 0.0597256 1.12428 -0.0107614 -0.0015985 3.74861e-05 -0.0107292 1.05157 0.00144478 -0.00104462 0.00146907 -0.00121097 1.02702 0.0750172 0.000369159 -0.000950983 -0.0749298 1.00972 -0.00957188 -0.00142181 3.33424e-05 -0.00954319 0.935332 0.00128507 -0.000929151 0.00130668 -0.00107711 0.913495 0.0667249 0.000328352 -0.000845862 -0.0666471 0.898109
34 0.0613216 1.02452 0.0275618 -0.00175994 0.000373812 0.0275465 0.951179 0.000763109 -0.000705568 0.00144454 -0.00057724 0.926405 0.0581084 0.000604106 -0.000984069 -0.0580607 0.910292 0.0269021 -0.00171781 0.000364864 0.0268872 0.928412 0.000744843 -0.000688679 0.00140996 -0.000563423 0.904231 0.0567175 0.000589646 -0.000960515 -0.056671 0.888503
35 0.0628989 0.944121 0.0593805 -0.00190882 0.000608747 0.0593002 0.870214 -3.53428e-05 -0.000332865 0.00141272 0.000165231 0.843656 0.0361911 0.00072627 -0.00098598 -0.036177 0.828656 0.062895 -0.00202179 0.000644776 0.06281 0.921718 -3.74346e-05 -0.000352566 0.00149633 0.000175011 0.893589 0.0383331 0.000769255 -0.00104434 -0.0383181 0.877701
36 0.064457 0.885028 0.0837507 -0.00203615 0.000726169 0.0835946 0.810635 -0.000907004 5.36327e-05 0.00137201 0.000974115 0.78108 0.00954974 0.000722765 -0.000956017 -0.00956139 0.767073 0.0946305 -0.00230066 0.000820504 0.0944542 0.915942 -0.00102483 6.06e-05 0.00155024 0.00110066 0.882548 0.0107903 0.000816658 -0.00108021 -0.0108035 0.866721
37 0.0659956 0.847996 0.100004 -0.00213282 0.000716399 0.0997687 0.773196 -0.00179974 0.000433379 0.00132034 0.00179978 0.73984 -0.0208791 0.000588108 -0.000894426 0.0208505 0.726671 0.11793 -0.00251513 0.000844815 0.117652 0.911792 -0.00212235 0.000511062 0.00155702 0.00212239 0.872457 -0.0246217 0.000693528 -0.00105475 0.024588 0.856928
38 0.067514 0.832452 0.107823 -0.00219018 0.000577375 0.107514 0.757327 -0.00265664 0.0007867 0.00125568 0.00258887 0.719798 -0.0536235 0.000325298 -0.000802481 0.0535871 0.707294 0.129525 -0.002631 0.000693584 0.129154 0.909755 -0.00319134 0.00094504 0.00150842 0.00310993 0.864672 -0.0644164 0.000390771 -0.000963997 0.0643726 0.849652
39 0.0690118 0.836527 0.107299 -0.0022007 0.000315265 0.106928 0.76116 -0.00342032 0.00109629 0.00117637 0.00328835 0.719507 -0.0868356 -5.37817e-05 -0.000682527 0.0868004 0.707494 0.128268 -0.00263076 0.000376873 0.127824 0.909905 -0.00408871 0.00131052 0.00140626 0.00393096 0.860111 -0.103805 -6.42916e-05 -0.000815905 0.103763 0.845751
40 0.10628 0.857217 0.0989531 -0.00215857 -5.55516e-05 0.0985377 0.781688 -0.00403755 0.00134845 0.00108153 0.00384967 0.736334 -0.118477 -0.00052871 -0.000537978 0.118452 0.724647 0.115435 -0.00251811 -6.48046e-05 0.114951 0.91189 -0.00471006 0.00157306 0.00126168 0.00449089 0.858982 -0.138212 -0.000616775 -0.000627587 0.138182 0.845348
42 0.146749 0.932336 0.0629529 -0.00190509 -0.00102937 0.06252 0.856698 -0.00466558 0.00164922 0.000846932 0.00440805 0.80633 -0.169111 -0.00164895 -0.00019351 0.169125 0.794909 0.0675217 -0.00204335 -0.00110407 0.0670574 0.918873 -0.00500418 0.00176891 0.000908398 0.00472797 0.864849 -0.181384 -0.00176862 -0.000207554 0.181399 0.8526
44 0.152348 1.02215 0.0114948 -0.00143649 -0.002105 0.0111426 0.946607 -0.00434314 0.00167765 0.000566674 0.00409191 0.895278 -0.192512 -0.00275824 0.000187372 0.192582 0.883861 0.0112457 -0.00140536 -0.00205938 0.0109011 0.926094 -0.00424903 0.0016413 0.000554394 0.00400323 0.875878 -0.18834 -0.00269847 0.000183312 0.188408 0.864708
46 0.157761 1.09299 -0.0405576 -0.000808299 -0.00300938 -0.0407533 1.01759 -0.00312457 0.00149696 0.000271736 0.0029589 0.968992 -0.183027 -0.00356781 0.000556933 0.183155 0.957647 -0.037107 -0.000739531 -0.00275335 -0.0372861 0.931012 -0.00285874 0.00136961 0.000248618 0.00270716 0.886552 -0.167455 -0.00326427 0.00050955 0.167573 0.876172
48 0.162982 1.12184 -0.0789267 -0.000117159 -0.0035099 -0.0789329 1.04644 -0.00130246 0.00121738 2.436e-06 0.00127945 1.00265 -0.144113 -0.00385935 0.000873624 0.14429 0.991723 -0.0703543 -0.000104434 -0.00312869 -0.0703599 0.932781 -0.001161 0.00108516 2.17143e-06 0.00114048 0.893752 -0.128461 -0.00344018 0.000778738 0.128619 0.884011
50 0.168004 1.10062 -0.0936308 0.000519416 -0.00347804 -0.0934586 1.02487 0.000679026 0.000955936 -0.00020077 -0.000543224 0.985805 -0.0870405 -0.00354676 0.00111053 0.0872437 0.975799 -0.0850706 0.000471929 -0.00316006 -0.0849141 0.931174 0.000616946 0.00086854 -0.000182414 -0.00049356 0.895678 -0.0790828 -0.0032225 0.001009 0.0792675 0.886587
52 0.172821 1.03546 -0.0814577 0.00099048 -0.00292253 -0.0811461 0.958894 0.00235375 0.000798209 -0.000305808 -0.00208855 0.922525 -0.0272259 -0.00269776 0.00125861 0.0274229 0.913967 -0.0786684 0.000956563 -0.00282246 -0.0783675 0.926059 0.00227315 0.000770876 -0.000295336 -0.00201704 0.890935 -0.0262936 -0.00260538 0.00121551 0.0264839 0.882671
54 0.177428 0.942169 -0.0464558 0.00121806 -0.0019824 -0.0460469 0.86428 0.00336366 0.0007748 -0.000295042 -0.00303319 0.827522 0.0204387 -0.00150976 0.00132389 -0.0202854 0.820841 -0.0493072 0.00129282 -0.00210408 -0.0488733 0.91733 0.00357012 0.000822357 -0.000313152 -0.00321937 0.878315 0.0216932 -0.00160243 0.00140515 -0.0215305 0.871224
56 0.181819 0.840031 0.00164521 0.00117464 -0.000883041 0.00212771 0.760362 0.00354946 0.000858793 -0.000168364 -0.00323098 0.720152 0.0457122 -0.000249675 0.00132089 -0.0456401 0.715605 0.00195851 0.00139833 -0.0010512 0.00253289 0.905159 0.00422539 0.00102233 -0.000200426 -0.00384626 0.857291 0.0544172 -0.000297221 0.00157242 -0.0543314 0.851879
58 0.185988 0.745926 0.0505101 0.000887078 0.000130098 0.0510692 0.664182 0.0029774 0.000982793 5.65515e-05 -0.00273766 0.618434 0.0453735 0.000821867 0.00126611 -0.0454134 0.616081 0.0677146 0.00118923 0.000174412 0.0684642 0.890412 0.00399154 0.00131755 7.58137e-05 -0.00367014 0.829082 0.0608284 0.00110181 0.00169737 -0.0608819 0.825928
60 0.286303 0.670558 0.0887629 0.000426741 0.000859868 0.0894185 0.586675 0.00189927 0.00106776 0.000346613 -0.00177749 0.534782 0.0232968 0.00151825 0.00117503 -0.023465 0.534491 0.132372 0.000636397 0.00128232 0.133349 0.874906 0.00283238 0.00159235 0.000516903 -0.00265077 0.797518 0.0347425 0.00226417 0.00175232 -0.0349933 0.797085
64 0.394175 0.583463 0.109079 -0.000623012 0.00119333 0.109937 0.496128 -0.000392412 0.000917776 0.00094387 0.000287168 0.435296 -0.0482059 0.00161825 0.000951241 0.0478175 0.438166 0.186951 -0.00106778 0.00204525 0.188422 0.850317 -0.000672557 0.00157298 0.0016177 0.000492178 0.746056 -0.0826203 0.00277353 0.00163034 0.0819546 0.750975
68 0.406626 0.548296 0.0659964 -0.00127937 0.000616641 0.0668026 0.459815 -0.00118965 0.000427444 0.00127742 0.00098858 0.396917 -0.0927254 0.00072709 0.000834383 0.0923041 0.401282 0.120366 -0.00233335 0.00112465 0.121837 0.838626 -0.00216972 0.000779588 0.00232979 0.00180301 0.723911 -0.169116 0.00132609 0.00152178 0.168347 0.731872
72 0.417095 0.518683 0.014901 -0.00126186 0.000425316 0.0151888 0.431222 -0.000500437 0.000133042 0.00117257 0.000328498 0.368146 -0.0830478 0.000163271 0.00103197 0.0828295 0.373105 0.0287285 -0.00243281 0.000819992 0.0292835 0.831379 -0.000964821 0.0002565 0.00226068 0.000633331 0.70977 -0.160113 0.00031478 0.0019896 0.159692 0.719331
76 0.425533 0.479004 -0.0025599 -0.000785419 0.00114204 -0.00296832 0.392451 -1.94284e-05 0.000455034 0.000735046 -5.48184e-05 0.325605 -0.0484904 0.000487468 0.00152483 0.0485757 0.332638 -0.0053442 -0.00163969 0.00238419 -0.00619686 0.819307 -4.05599e-05 0.000949958 0.00153453 -0.000114442 0.679754 -0.101232 0.00101767 0.00318334 0.10141 0.694437
80 0.431897 0.435892 0.00958274 -0.000342531 0.00194775 0.00886046 0.347169 -0.00107775 0.00117849 0.000274634 0.00112056 0.273534 -0.0261278 0.00111267 0.00193839 0.0264229 0.28679 0.0219842 -0.000785815 0.00446842 0.0203272 0.796457 -0.00247251 0.00270363 0.00063005 0.00257072 0.627526 -0.0599411 0.00255262 0.00444694 0.0606179 0.657938
84 0.436158 0.395114 0.0248713 -0.000336453 0.00168743 0.0244057 0.300515 -0.00329135 0.00163179 8.73782e-05 0.00337577 0.2205 -0.0243401 0.00110032 0.0018548 0.0246787 0.244023 0.0629473 -0.000851535 0.00427074 0.0617688 0.760578 -0.00833013 0.00412992 0.000221147 0.00854378 0.558067 -0.0616027 0.00278483 0.00469434 0.0624597 0.617601
88 0.328636 0.357722 0.0299283 -0.000705645 0.000254987 0.0299176 0.257005 -0.0051069 0.00139252 0.000179234 0.00508497 0.171212 -0.0308975 0.000209554 0.00126199 0.0311861 0.204567 0.0836636 -0.00197261 0.000712808 0.0836335 0.718449 -0.0142762 0.00389275 0.000501042 0.0142148 0.478618 -0.086373 0.000585802 0.00352785 0.0871796 0.57186
90 0.219313 0.341106 0.0300271 -0.000856585 -0.000571922 0.0301697 0.238834 -0.00547335 0.00107272 0.000213602 0.00537129 0.149578 -0.0341819 -0.000365304 0.00089398 0.0344361 0.185844 0.0880286 -0.0025112 -0.00167667 0.0884467 0.700174 -0.0160459 0.00314484 0.000626204 0.0157467 0.438507 -0.100209 -0.00107094 0.00262082 0.100954 0.544828
92 0.328636 0.326594 0.0300012 -0.000859574 -0.00123643 0.0302157 0.224219 -0.00545312 0.000717501 0.000144859 0.00529359 0.130908 -0.0372624 -0.000853808 0.000552925 0.0374757 0.168269 0.0918609 -0.00263193 -0.00378582 0.0925175 0.686538 -0.0166969 0.00219692 0.000443545 0.0162085 0.400829 -0.114094 -0.00261428 0.001693 0.114747 0.515224
96 0.436158 0.304586 0.0305342 -0.000191956 -0.00165191 0.0307215 0.204789 -0.00474218 0.000144528 -0.000489111 0.0046376 0.102924 -0.0437442 -0.00118988 3.31557e-05 0.0438177 0.138869 0.100248 -0.000630219 -0.00542345 0.100863 0.672352 -0.0155693 0.000474506 -0.00160582 0.0152259 0.337916 -0.143618 -0.00390653 0.000108855 0.14386 0.455927
100 0.431897 0.28926 0.0277112 0.0011736 -0.0010117 0.0278367 0.188767 -0.00423463 -0.00026916 -0.00158663 0.0043625 0.0812785 -0.0491726 -0.000672262 -0.000474242 0.0489959 0.118765 0.0958001 0.00405725 -0.00349756 0.0962341 0.652587 -0.0146395 -0.00093051 -0.00548512 0.0150816 0.280987 -0.169994 -0.00232407 -0.0016395 0.169383 0.410583
104 0.425533 0.277758 0.0188969 0.00225264 -0.000422883 0.018986 0.165481 -0.00449036 -0.00106413 -0.00221759 0.00470232 0.0552602 -0.0496089 -0.000164324 -0.00144617 0.049183 0.105872 0.0680337 0.00811007 -0.00152248 0.0683542 0.595772 -0.0161664 -0.00383112 -0.00798388 0.0169295 0.19895 -0.178605 -0.000591607 -0.00520657 0.177071 0.381164
108 0.417095 0.274771 0.0120485 0.00204344 -0.000954984 0.0120318 0.142319 -0.0046361 -0.00263886 -0.00152767 0.00459146 0.0246027 -0.0480652 -0.000726182 -0.00307419 0.0475998 0.0974361 0.0438492 0.00743688 -0.00347556 0.0437883 0.517957 -0.0168726 -0.00960386 -0.00555978 0.0167101 0.0895391 -0.174928 -0.00264286 -0.0111882 0.173235 0.354608
112 0.406626 0.286019 0.0167097 0.000585922 -0.00254214 0.0165495 0.138692 -0.00335411 -0.00460823 0.000150977 0.00299435 0.00204426 -0.0539619 -0.00243475 -0.00490093 0.0537041 0.0922744 0.0584218 0.00204855 -0.00888802 0.0578615 0.484906 -0.0117269 -0.0161117 0.000527856 0.0104691 0.00714731 -0.188665 -0.00851254 -0.017135 0.187764 0.322617
116 0.394175 0.303623 0.0292576 -0.000926529 -0.00380979 0.0290753 0.155639 -0.000557574 -0.00612024 0.00140276 0.000232185 -0.00564493 -0.0674418 -0.00389882 -0.00613768 0.067409 0.0879715 0.0963618 -0.00305158 -0.0125478 0.0957612 0.512607 -0.0018364 -0.0201574 0.00462007 0.000764715 -0.0185919 -0.222124 -0.012841 -0.0202148 0.222016 0.289739
120 0.379804 0.310921 0.0357631 -0.00123072 -0.00310359 0.0357065 0.164245 0.00217491 -0.00673266 0.00114879 -0.00214733 -0.0126996 -0.0737815 -0.00325499 -0.00644018 0.0737753 0.0823176 0.115023 -0.00395831 -0.00998193 0.114841 0.528253 0.00699505 -0.0216539 0.00369479 -0.00690637 -0.0408451 -0.2373 -0.0104689 -0.0207133 0.23728 0.264754
124 0.363583 0.309041 0.030729 -0.000233018 -0.000124288 0.030816 0.139214 0.00301175 -0.00676635 -0.000216948 -0.00271156 -0.0390412 -0.0635688 -0.000122566 -0.00629055 0.0634753 0.0813544 0.0994332 -0.000754004 -0.000402173 0.0997149 0.450469 0.00974546 -0.0218947 -0.000702005 -0.00877412 -0.12633 -0.205697 -0.0003966 -0.020355 0.205394 0.263248
128 0.34559 0.325521 0.0254201 0.000879191 0.00335913 0.0256232 0.0983044 0.00164441 -0.00678167 -0.00125884 -0.00135855 -0.0808097 -0.0517452 0.00348428 -0.0064049 0.0516949 0.0980478 0.0780905 0.00270087 0.0103192 0.0787144 0.301991 0.00505162 -0.0208333 -0.00386714 -0.00417347 -0.248247 -0.158961 0.0107037 -0.0196758 0.158807 0.301202
132 0.325914 0.379212 0.0324638 0.000796253 0.00488402 0.0328012 0.0874462 -0.000469627 -0.00688129 -0.000891345 0.000613126 -0.110218 -0.0606559 0.00480997 -0.00678064 0.0608069 0.132892 0.0856085 0.00209976 0.0128794 0.0864983 0.2306 -0.00123843 -0.0181463 -0.00235052 0.00161684 -0.29065 -0.159953 0.0126841 -0.0178809 0.160351 0.350442
136 0.304649 0.443532 0.0470408 -0.000695765 0.00370469 0.0474045 0.120532 -0.00156843 -0.00665395 0.00079963 0.00159915 -0.112575 -0.0839355 0.00320847 -0.00666152 0.0842147 0.161023 0.10606 -0.00156869 0.0083527 0.10688 0.271755 -0.00353623 -0.0150022 0.00180287 0.00360549 -0.253815 -0.189243 0.00723391 -0.0150193 0.189873 0.363048
140 0.281901 0.470929 0.0512083 -0.00268936 0.00155849 0.0512463 0.154352 -0.00110875 -0.00580509 0.0028924 0.00101013 -0.112109 -0.0868219 0.000872712 -0.00563092 0.0870297 0.155561 0.108739 -0.00571075 0.00330939 0.108819 0.327761 -0.00235438 -0.0123269 0.00614191 0.00214497 -0.23806 -0.184363 0.00185317 -0.011957 0.184804 0.330328
144 0.257779 0.459974 0.0365189 -0.00420225 0.000733897 0.0359833 0.141963 0.000154515 -0.00474948 0.00447759 -0.000417667 -0.144784 -0.0535025 0.000339203 -0.00442884 0.0536506 0.126961 0.0793934 -0.00913585 0.00159552 0.078229 0.308632 0.000335922 -0.0103255 0.00973445 -0.000908023 -0.314766 -0.116316 0.000737439 -0.00962845 0.116638 0.276017
148 0.232401 0.467288 0.0147429 -0.00501433 0.0016688 0.0139317 0.0986572 0.00127924 -0.00436511 0.0052156 -0.00159395 -0.207575 -0.01651 0.00173462 -0.00424264 0.016893 0.118274 0.03155 -0.0107307 0.00357125 0.029814 0.211127 0.00273758 -0.00934138 0.0111614 -0.00341108 -0.444213 -0.0353316 0.00371211 -0.0090793 0.0361512 0.253107
152 0.205891 0.526907 0.00268588 -0.00545305 0.00288845 0.0022467 0.0880113 0.00197365 -0.00494532 0.00533245 -0.00213071 -0.25332 -0.0157534 0.00311273 -0.00518677 0.0165649 0.144089 0.00509745 -0.0103492 0.00548189 0.00426394 0.167034 0.00374574 -0.00938558 0.0101203 -0.00404381 -0.480769 -0.029898 0.00590756 -0.00984381 0.0314379 0.273462
156 0.178378 0.584153 0.00199023 -0.00565977 0.00304748 0.00220879 0.142201 0.00237134 -0.0055142 0.00521201 -0.00227431 -0.245601 -0.0363554 0.00312967 -0.00589292 0.0372598 0.151922 0.00340704 -0.00968885 0.00521692 0.00378119 0.24343 0.00405945 -0.00943965 0.00892234 -0.00389336 -0.420439 -0.0622361 0.00535762 -0.010088 0.0637843 0.260072
160 0.0971232 0.563454 0.000340433 -0.00536596 0.0022551 0.000843783 0.225338 0.00243791 -0.0046382 0.00496376 -0.00214876 -0.207515 -0.0197156 0.00233375 -0.00489587 0.019953 0.0809371 0.000604189 -0.00952332 0.00400228 0.00149752 0.399923 0.00432671 -0.00823172 0.00880952 -0.00381356 -0.36829 -0.0349907 0.00414187 -0.00868903 0.035412 0.143645
161 0.0357021 0.547362 -0.00141856 -0.00517881 0.00200052 -0.000938181 0.244061 0.00237707 -0.00412739 0.00485881 -0.00205655 -0.20071 -0.00553661 0.00213835 -0.00434956 0.00550234 0.0519245 -0.00259163 -0.0094614 0.00365484 -0.001714 0.445886 0.00434276 -0.00754052 0.00887678 -0.0037572 -0.366685 -0.0101151 0.00390665 -0.0079464 0.0100525 0.0948631
162 0.0338871 0.530594 -0.00372557 -0.0049441 0.00173944 -0.00330044 0.260938 0.00228074 -0.00352229 0.00472695 -0.00193509 -0.197085 0.0120708 0.00195895 -0.00371694 -0.0123982 0.0212515 -0.00702152 -0.00931806 0.00327829 -0.00622027 0.491784 0.00429847 -0.00663839 0.0089088 -0.00364703 -0.371442 0.0227497 0.003692 -0.00700525 -0.0233667 0.0400524
163 0.0320617 0.515981 -0.00645682 -0.00466462 0.00147182 -0.00611207 0.275943 0.00214977 -0.00284816 0.0045639 -0.00178483 -0.197432 0.0321443 0.00179005 -0.00302617 -0.0327713 -0.00890761 -0.0125137 -0.00904029 0.00285247 -0.0118455 0.534792 0.00416637 -0.00551989 0.0088451 -0.00345911 -0.382634 0.0622975 0.00346921 -0.00586489 -0.0635127 -0.0172634
164 0.0302266 0.50663 -0.00943018 -0.00434529 0.00119277 -0.00918244 0.289334 0.00198723 -0.0021361 0.00436653 -0.00160862 -0.202306 0.0534236 0.00161919 -0.00230936 -0.0543405 -0.0361625 -0.0186136 -0.00857685 0.00235432 -0.0181246 0.571095 0.00392244 -0.00421629 0.00861878 -0.00317515 -0.399317 0.105449 0.00319601 -0.00455827 -0.107259 -0.0713786
165 0.0283823 0.505661 -0.0124241 -0.00399289 0.000893439 -0.0122808 0.301603 0.00179836 -0.00142069 0.00413326 -0.00141171 -0.211989 0.074456 0.00142867 -0.00160024 -0.0756368 -0.0580927 -0.02457 -0.00789637 0.00176687 -0.0242867 0.596453 0.00355645 -0.00280958 0.00817397 -0.00279182 -0.419231 0.147245 0.00282535 -0.00316464 -0.14958 -0.114885
166 0.0265294 0.515929 -0.0152002 -0.00361561 0.000562507 -0.0151601 0.313406 0.00159026 -0.000737332 0.00386434 -0.00120146 -0.226482 0.0937248 0.00119783 -0.000931716 -0.0951281 -0.0724503 -0.0294618 -0.00700796 0.00109028 -0.029384 0.607459 0.00308233 -0.00142913 0.00749006 -0.00232873 -0.438978 0.181662 0.0023217 -0.0018059 -0.184382 -0.140427
167 0.0246683 0.539739 -0.0175277 -0.00322256 0.000188116 -0.0175814 0.325466 0.00137134 -0.000119388 0.003562 -0.000986689 -0.245508 0.109788 0.000905954 -0.000333437 -0.11136 -0.0773621 -0.0324744 -0.00597059 0.000348531 -0.0325739 0.603006 0.00254075 -0.000221195 0.00659948 -0.00182808 -0.454864 0.20341 0.0016785 -0.000617774 -0.206321 -0.143332
168 0.0172754 0.578594 -0.0192069 -0.00282324 -0.000240023 -0.019339 0.338478 0.0011506 0.000404509 0.00323046 -0.000776902 -0.268543 0.121417 0.000535213 0.000170362 -0.123092 -0.0715116 -0.0331957 -0.00487949 -0.000414839 -0.033424 0.585 0.00198861 0.000699124 0.00558329 -0.00134274 -0.46413 0.209848 0.000925022 0.000294442 -0.212743 -0.123595
168.5 0.0109315 0.603863 -0.0197546 -0.00262418 -0.000476523 -0.0199186 0.345523 0.00104233 0.000624132 0.00305557 -0.000676789 -0.281341 0.125272 0.000316194 0.000381174 -0.126973 -0.0643286 -0.0327137 -0.00434565 -0.000789124 -0.0329854 0.572189 0.00172611 0.00103357 0.00506004 -0.00112077 -0.465902 0.207452 0.00052362 0.000631226 -0.210268 -0.106529
169 0.0104622 0.632992 -0.0200897 -0.00242702 -0.000728571 -0.0202804 0.353003 0.000936871 0.000812834 0.00287579 -0.000581298 -0.294851 0.127714 7.35025e-05 0.000562583 -0.129423 -0.0542863 -0.0317376 -0.0038342 -0.001151 -0.0320389 0.557674 0.00148007 0.00128411 0.00454317 -0.000918334 -0.465805 0.201763 0.000116119 0.000888768 -0.204463 -0.0857615
169.5 0.00999215 0.665865 -0.0202043 -0.00223284 -0.000996146 -0.0204161 0.360953 0.000835162 0.000969327 0.00269213 -0.000491379 -0.308957 0.128698 -0.000193106 0.000713759 -0.130398 -0.0414337 -0.0303429 -0.00335329 -0.00149602 -0.030661 0.542082 0.00125425 0.00145574 0.00404305 -0.000737956 -0.463993 0.19328 -0.000290007 0.00107193 -0.195832 -0.0622254
170 0.0095213 0.702292 -0.0200954 -0.00204267 -0.00127881 -0.0203227 0.369393 0.00073806 0.00109295 0.00250566 -0.000407856 -0.323536 0.12821 -0.000483269 0.000834426 -0.129882 -0.0258724 -0.028614 -0.00290858 -0.00182091 -0.0289377 0.525982 0.00105093 0.00155626 0.00356784 -0.00058075 -0.460686 0.18256 -0.000688131 0.00118815 -0.18494 -0.0368399
170.5 0.00904972 0.742007 -0.0197649 -0.00185746 -0.00157567 -0.0200022 0.378321 0.000646303 0.00118368 0.00231756 -0.000331402 -0.338459 0.126266 -0.000795996 0.000924862 -0.127895 -0.00775597 -0.026637 -0.00250329 -0.00212353 -0.0269569 0.509863 0.000871021 0.00159524 0.00312336 -0.000446629 -0.45614 0.170169 -0.00107276 0.00124643 -0.172363 -0.0104527
171 0.00857745 0.784674 -0.0192196 -0.00167807 -0.00188541 -0.0194617 0.38772 0.000560497 0.00124213 0.00212901 -0.000262525 -0.353596 0.122916 -0.00112966 0.000985886 -0.124484 0.0127114 -0.0244937 -0.00213856 -0.00240279 -0.0248022 0.494116 0.000714305 0.00158299 0.00271324 -0.000334566 -0.450627 0.156645 -0.00143965 0.00125643 -0.158644 0.0161997
171.5 0.00810453 0.829891 -0.0184713 -0.00150531 -0.00220623 -0.018713 0.39755 0.000481111 0.00126953 0.00194127 -0.000201559 -0.368813 0.118236 -0.00148199 0.00101884 -0.119731 0.035278 -0.0222575 -0.00181387 -0.00265846 -0.0225487 0.479038 0.000579728 0.00152976 0.00233918 -0.000242874 -0.444411 0.142472 -0.00178577 0.00122768 -0.144273 0.0425092
172 0.00763099 0.877192 -0.0175362 -0.0013399 -0.00253591 -0.0177729 0.407752 0.00040847 0.00126771 0.0017556 -0.000148655 -0.383978 0.112335 -0.00185012 0.00102554 -0.113743 0.0596476 -0.0199913 -0.00152749 -0.00289095 -0.0202611 0.464838 0.000465656 0.0014452 0.00200139 -0.000169466 -0.437736 0.128062 -0.00210914 0.00116911 -0.129667 0.0679983
172.5 0.00715688 0.926058 -0.0164348 -0.00118246 -0.00287183 -0.0166624 0.418251 0.000342755 0.00123904 0.00157329 -0.000103782 -0.398961 0.105348 -0.00223062 0.00100825 -0.106657 0.0854849 -0.0177471 -0.00127688 -0.00310113 -0.0179928 0.451647 0.000370123 0.00133797 0.00169891 -0.000112069 -0.430817 0.11376 -0.00240873 0.00108875 -0.115174 0.0923105
173 0.00668221 0.975921 -0.0151916 -0.00103356 -0.00321097 -0.0154064 0.428952 0.000284006 0.00118637 0.00139561 -6.67349e-05 -0.413633 0.0974324 -0.00261954 0.00096962 -0.0986346 0.11242 -0.0155664 -0.00105906 -0.0032902 -0.0157865 0.439536 0.000291014 0.00121564 0.00143004 -6.83814e-05 -0.423839 0.0998364 -0.00268417 0.000993544 -0.101068 0.115194
173.5 0.00620704 1.02618 -0.0138341 -0.000893655 -0.00355001 -0.014033 0.439749 0.000232131 0.00111299 0.00122382 -3.71418e-05 -0.427871 0.0887679 -0.00301248 0.000912632 -0.0898559 0.140057 -0.0134812 -0.000870858 -0.00345945 -0.013675 0.428531 0.00022621 0.0010846 0.0011926 -3.61943e-05 -0.416956 0.0865035 -0.00293563 0.000889351 -0.0875637 0.136485
174 0.0057314 1.07619 -0.0123924 -0.000763153 -0.00388537 -0.0125732 0.450519 0.000186914 0.00102252 0.00105916 -1.44819e-05 -0.441557 0.0795505 -0.0034047 0.00084052 -0.0805196 0.167978 -0.0115151 -0.000709122 -0.00361029 -0.011683 0.418622 0.000173681 0.000950127 0.000984171 -1.34566e-05 -0.410295 0.0739184 -0.00316365 0.000781011 -0.0748188 0.156085
174.5 0.00525531 1.12532 -0.010899 -0.00064238 -0.00421326 -0.0110598 0.461132 0.000148034 0.000918853 0.000902811 1.89428e-06 -0.454578 0.0699888 -0.0037912 0.000756708 -0.0708367 0.195752 -0.00968519 -0.00057084 -0.00374404 -0.00982807 0.409778 0.000131548 0.000816523 0.000802268 1.68332e-06 -0.403953 0.0621944 -0.00336899 0.000672436 -0.0629479 0.173952
175 0.00477883 1.17291 -0.00938708 -0.0005316 -0.00452978 -0.00952688 0.471451 0.000115078 0.00080604 0.000755914 1.27411e-05 -0.466829 0.0602991 -0.0041668 0.000664729 -0.061026 0.222943 -0.00800324 -0.000453232 -0.003862 -0.00812243 0.40195 9.81131e-05 0.000687214 0.000644477 1.08628e-05 -0.39801 0.0514098 -0.00355253 0.000566735 -0.0520296 0.190077
175.5 0.00430199 1.21831 -0.0078907 -0.00043102 -0.00483099 -0.00800913 0.481335 8.75653e-05 0.000688213 0.000619538 1.889e-05 -0.478214 0.0507008 -0.00452629 0.000568152 -0.0513094 0.249119 -0.00647678 -0.000353786 -0.00396533 -0.00657399 0.395086 7.18746e-05 0.000564894 0.000508524 1.55051e-05 -0.392524 0.0416159 -0.00371523 0.000466346 -0.0421154 0.20448
176 0.00382481 1.26088 -0.00644346 -0.000340796 -0.00511301 -0.00654077 0.490642 6.49675e-05 0.000569478 0.000494682 2.12199e-05 -0.488643 0.0414116 -0.0048645 0.000470495 -0.0419068 0.273857 -0.00511028 -0.000270284 -0.0040551 -0.00518746 0.389126 5.15255e-05 0.000451651 0.000392331 1.68294e-05 -0.387541 0.0328434 -0.00385802 0.000373148 -0.0332361 0.217195
176.5 0.00334735 1.30004 -0.00507791 -0.000261044 -0.00537206 -0.005155 0.499235 4.6731e-05 0.000453823 0.000382262 2.06264e-05 -0.498036 0.0326421 -0.00517645 0.000375156 -0.0330311 0.296755 -0.00390598 -0.000200798 -0.00413224 -0.00396527 0.384016 3.59459e-05 0.000349085 0.00029404 1.5866e-05 -0.383094 0.0251086 -0.00398178 0.000288574 -0.0254078 0.228267
177 0.00286963 1.33521 -0.00382483 -0.000191843 -0.00560461 -0.00388314 0.506982 3.23003e-05 0.000345022 0.000283103 1.79906e-05 -0.506322 0.0245914 -0.00545744 0.000285333 -0.0248835 0.317436 -0.00286459 -0.00014368 -0.00419755 -0.00290826 0.379702 2.41912e-05 0.000258403 0.000212029 1.3474e-05 -0.379208 0.0184176 -0.00408733 0.000213699 -0.0186364 0.237742
177.5 0.00239169 1.3659 -0.00271248 -0.000133246 -0.00580738 -0.00275396 0.513762 2.11403e-05 0.000246546 0.000197934 1.41488e-05 -0.513439 0.0174422 -0.00570315 0.000203955 -0.0176489 0.335558 -0.00198586 -9.75523e-05 -0.0042517 -0.00201623 0.376136 1.54772e-05 0.000180502 0.000144911 1.03586e-05 -0.375899 0.0127698 -0.00417539 0.000149319 -0.0129211 0.245669
178 0.00191357 1.39164 -0.00176595 -8.5284e-05 -0.00597749 -0.00179302 0.519468 1.27577e-05 0.000161486 0.00012738 9.86331e-06 -0.519334 0.011357 -0.00590975 0.000133616 -0.0114913 0.350818 -0.00126897 -6.12829e-05 -0.00429527 -0.00128842 0.373276 9.16739e-06 0.00011604 9.15317e-05 7.08752e-06 -0.37318 0.00816086 -0.00424659 9.60133e-05 -0.00825739 0.252089
178.5 0.00143531 1.41208 -0.00100662 -4.79733e-05 -0.00611246 -0.00102208 0.524006 6.72034e-06 9.24735e-05 7.19593e-05 5.79689e-06 -0.523963 0.00647426 -0.00607396 7.65251e-05 -0.00655073 0.362962 -0.000712863 -3.39735e-05 -0.0043287 -0.000723811 0.371089 4.75918e-06 6.54875e-05 5.09598e-05 4.10522e-06 -0.371058 0.00458492 -0.00430143 5.41932e-05 -0.00463907 0.257041
179 0.000956932 1.42689 -0.000451638 -2.13213e-05 -0.00621033 -0.000458583 0.527303 2.67339e-06 4.16242e-05 3.20801e-05 2.48989e-06 -0.527294 0.00290499 -0.00619318 3.44486e-05 -0.00293926 0.371786 -0.000316518 -1.49425e-05 -0.00435234 -0.000321385 0.369546 1.87357e-06 2.91712e-05 2.24824e-05 1.74497e-06 -0.36954 0.00203588 -0.00434032 2.41423e-05 -0.0020599 0.260556
179.5 0.000478484 1.43587 -0.000113551 -5.33028e-06 -0.00626964 -0.000115299 0.529303 3.53464e-07 1.04853e-05 8.03476e-06 3.41955e-07 -0.529302 0.000730404 -0.00626549 8.67815e-06 -0.000739015 0.377141 -7.90816e-05 -3.71222e-06 -0.00436643 -8.02986e-05 0.368628 2.46167e-07 7.30236e-06 5.59573e-06 2.38151e-07 -0.368627 0.000508682 -0.00436354 6.04381e-06 -0.00051468 0.262656
180 5.98114e-05 1.43888 1.17649e-17 4.35477e-17 -0.0062895 2.79797e-17 0.529973 -4.01594e-07 1.37091e-17 -4.24133e-17 -4.01594e-07 -0.529973 -1.42669e-17 -0.00628972 4.51038e-18 2.4226e-17 0.378936 8.17641e-18 3.0265e-17 -0.00437111 1.94454e-17 0.368323 -2.79102e-07 9.52759e-18 -2.94766e-17 -2.79102e-07 -0.368323 -9.91526e-18 -0.00437126 3.13464e-18 1.68367e-17 0.263354
