theta 2pi*dcos S11 S12 S13 S14 S21 S22 S23 S24 S31 S32 S33 S34 S41 S42 S43 S44 S12_norm S13_norm S14_norm S21_norm S22_norm S23_norm S24_norm S31_norm S32_norm S33_norm S34_norm S41_norm S42_norm S43_norm S44_norm
0 2.39246e-06 0.00952585 0 0 2.64147e-08 0 0.0094897 3.57719e-09 0 0 -3.57719e-09 0.0094897 0 2.65249e-08 0 0 0.00945356 0 0 2.77295e-06 0 0.996206 3.75524e-07 0 0 -3.75524e-07 0.996206 0 2.78452e-06 0 0 0.992412
0.1 1.91397e-05 0.00952582 -1.24464e-08 -3.00669e-15 2.64146e-08 -1.24464e-08 0.00948968 3.57719e-09 -1.44015e-14 4.16853e-15 -3.57719e-09 0.00948968 -2.90203e-10 2.65248e-08 -3.32108e-14 2.90202e-10 0.00945354 -1.3066e-06 -3.15635e-13 2.77295e-06 -1.30659e-06 0.996206 3.75525e-07 -1.51184e-12 4.37604e-13 -3.75525e-07 0.996206 -3.04648e-08 2.78452e-06 -3.4864e-12 3.04648e-08 0.992412
0.2 3.82793e-05 0.00952576 -4.97854e-08 -1.20275e-14 2.64144e-08 -4.97853e-08 0.00948962 3.57719e-09 -5.76098e-14 1.66704e-14 -3.57719e-09 0.00948962 -1.16081e-09 2.65247e-08 -1.32842e-13 1.1608e-09 0.00945348 -5.22639e-06 -1.26263e-12 2.77295e-06 -5.22639e-06 0.996206 3.75528e-07 -6.04779e-12 1.75004e-12 -3.75528e-07 0.996206 -1.2186e-07 2.78452e-06 -1.39456e-11 1.2186e-07 0.992412
0.3 5.74188e-05 0.00952566 -1.12016e-07 -2.70609e-14 2.64141e-08 -1.12016e-07 0.00948951 3.5772e-09 -1.29621e-13 3.75074e-14 -3.5772e-09 0.00948951 -2.6118e-09 2.65244e-08 -2.98892e-13 2.6118e-09 0.00945337 -1.17594e-05 -2.84085e-12 2.77295e-06 -1.17594e-05 0.996206 3.75533e-07 -1.36075e-11 3.93751e-12 -3.75533e-07 0.996206 -2.74186e-07 2.78452e-06 -3.13775e-11 2.74185e-07 0.992412
0.4 7.65581e-05 0.00952551 -1.99137e-07 -4.81113e-14 2.64137e-08 -1.99137e-07 0.00948937 3.57721e-09 -2.30432e-13 6.66784e-14 -3.57721e-09 0.00948937 -4.64316e-09 2.6524e-08 -5.31358e-13 4.64316e-09 0.00945323 -2.09057e-05 -5.05078e-12 2.77294e-06 -2.09057e-05 0.996205 3.7554e-07 -2.41911e-11 6.99998e-12 -3.7554e-07 0.996205 -4.87445e-07 2.78452e-06 -5.57826e-11 4.87444e-07 0.992411
0.5 9.56972e-05 0.00952533 -3.11147e-07 -7.51758e-14 2.64132e-08 -3.11147e-07 0.00948918 3.57722e-09 -3.60042e-13 1.04183e-13 -3.57722e-09 0.00948918 -7.25487e-09 2.65235e-08 -8.30231e-13 7.25486e-09 0.00945304 -3.26653e-05 -7.8922e-12 2.77294e-06 -3.26652e-05 0.996205 3.75549e-07 -3.77984e-11 1.09375e-11 -3.75549e-07 0.996205 -7.6164e-07 2.78452e-06 -8.71604e-11 7.61639e-07 0.992411
0.6 0.000114836 0.0095251 -4.48044e-07 -1.08257e-13 2.64125e-08 -4.48043e-07 0.00948895 3.57724e-09 -5.18443e-13 1.50022e-13 -3.57724e-09 0.00948895 -1.04469e-08 2.65228e-08 -1.19551e-12 1.04469e-08 0.00945281 -4.70382e-05 -1.13654e-11 2.77294e-06 -4.70382e-05 0.996205 3.7556e-07 -5.44292e-11 1.57501e-11 -3.7556e-07 0.996205 -1.09677e-06 2.78452e-06 -1.25511e-10 1.09677e-06 0.992411
0.7 0.000133974 0.00952483 -6.09824e-07 -1.47354e-13 2.64117e-08 -6.09823e-07 0.00948868 3.57726e-09 -7.05632e-13 2.04192e-13 -3.57726e-09 0.00948868 -1.42192e-08 2.65221e-08 -1.62717e-12 1.42192e-08 0.00945254 -6.40246e-05 -1.54705e-11 2.77294e-06 -6.40246e-05 0.996205 3.75572e-07 -7.40835e-11 2.14378e-11 -3.75572e-07 0.996205 -1.49285e-06 2.78452e-06 -1.70835e-10 1.49285e-06 0.992411
0.8 0.000153112 0.00952451 -7.96484e-07 -1.9247e-13 2.64108e-08 -7.96483e-07 0.00948837 3.57729e-09 -9.21604e-13 2.66692e-13 -3.57729e-09 0.00948837 -1.85717e-08 2.65212e-08 -2.12523e-12 1.85716e-08 0.00945223 -8.36246e-05 -2.02079e-11 2.77293e-06 -8.36245e-05 0.996205 3.75587e-07 -9.67612e-11 2.80006e-11 -3.75587e-07 0.996205 -1.94988e-06 2.78452e-06 -2.23132e-10 1.94988e-06 0.992411
0.9 0.00017225 0.00952416 -1.00802e-06 -2.43605e-13 2.64098e-08 -1.00802e-06 0.00948802 3.57731e-09 -1.16635e-12 3.37525e-13 -3.57731e-09 0.00948802 -2.35043e-08 2.65202e-08 -2.68965e-12 2.35043e-08 0.00945188 -0.000105838 -2.55776e-11 2.77293e-06 -0.000105838 0.996205 3.75604e-07 -1.22462e-10 3.54388e-11 -3.75604e-07 0.996205 -2.46786e-06 2.78452e-06 -2.82403e-10 2.46786e-06 0.992411
1 0.000191387 0.00952376 -1.24443e-06 -3.00762e-13 2.64087e-08 -1.24443e-06 0.00948762 3.57734e-09 -1.43986e-12 4.16686e-13 -3.57734e-09 0.00948762 -2.90171e-08 2.65191e-08 -3.32043e-12 2.9017e-08 0.00945149 -0.000130666 -3.15801e-11 2.77292e-06 -0.000130666 0.996205 3.75623e-07 -1.51186e-10 4.37522e-11 -3.75623e-07 0.996205 -3.04681e-06 2.78452e-06 -3.48647e-10 3.0468e-06 0.992411
1.1 0.000210523 0.00952333 -1.50571e-06 -3.63941e-13 2.64074e-08 -1.5057e-06 0.00948719 3.57738e-09 -1.74213e-12 5.04174e-13 -3.57738e-09 0.00948719 -3.51098e-08 2.65179e-08 -4.01756e-12 3.51098e-08 0.00945105 -0.000158107 -3.82157e-11 2.77292e-06 -0.000158107 0.996205 3.75643e-07 -1.82933e-10 5.29409e-11 -3.75643e-07 0.996205 -3.68672e-06 2.78452e-06 -4.21865e-10 3.68672e-06 0.992411
1.2 0.000229659 0.00952285 -1.79184e-06 -4.33147e-13 2.6406e-08 -1.79184e-06 0.00948671 3.57741e-09 -2.07314e-12 5.99987e-13 -3.57741e-09 0.00948671 -4.17826e-08 2.65166e-08 -4.78101e-12 4.17825e-08 0.00945057 -0.000188163 -4.5485e-11 2.77291e-06 -0.000188162 0.996205 3.75666e-07 -2.17702e-10 6.3005e-11 -3.75666e-07 0.996205 -4.38761e-06 2.78452e-06 -5.02056e-10 4.38761e-06 0.99241
1.3 0.000248794 0.00952233 -2.10284e-06 -5.08379e-13 2.64045e-08 -2.10284e-06 0.00948619 3.57745e-09 -2.43289e-12 7.04126e-13 -3.57745e-09 0.00948619 -4.90351e-08 2.65152e-08 -5.61077e-12 4.90351e-08 0.00945006 -0.000220832 -5.33881e-11 2.7729e-06 -0.000220832 0.996205 3.75691e-07 -2.55493e-10 7.39447e-11 -3.75691e-07 0.996205 -5.14949e-06 2.78453e-06 -5.89222e-10 5.14948e-06 0.99241
1.4 0.000267929 0.00952177 -2.43868e-06 -5.8964e-13 2.64029e-08 -2.43868e-06 0.00948563 3.57749e-09 -2.82137e-12 8.16585e-13 -3.57749e-09 0.00948563 -5.68674e-08 2.65136e-08 -6.50681e-12 5.68674e-08 0.0094495 -0.000256116 -6.19254e-11 2.7729e-06 -0.000256116 0.996204 3.75717e-07 -2.96307e-10 8.57599e-11 -3.75717e-07 0.996204 -5.97236e-06 2.78453e-06 -6.83362e-10 5.97236e-06 0.99241
1.5 0.000287062 0.00952116 -2.79937e-06 -6.76934e-13 2.64011e-08 -2.79936e-06 0.00948502 3.57754e-09 -3.23855e-12 9.37366e-13 -3.57754e-09 0.00948502 -6.52794e-08 2.65119e-08 -7.46913e-12 6.52793e-08 0.00944889 -0.000294015 -7.10978e-11 2.77289e-06 -0.000294015 0.996204 3.75746e-07 -3.40142e-10 9.84508e-11 -3.75746e-07 0.996204 -6.85624e-06 2.78453e-06 -7.84476e-10 6.85623e-06 0.99241
1.6 0.000306195 0.00952052 -3.18489e-06 -7.70262e-13 2.63993e-08 -3.18489e-06 0.00948438 3.57759e-09 -3.68443e-12 1.06646e-12 -3.57759e-09 0.00948438 -7.42709e-08 2.65102e-08 -8.49769e-12 7.42708e-08 0.00944825 -0.000334529 -8.09054e-11 2.77288e-06 -0.000334529 0.996204 3.75776e-07 -3.86999e-10 1.12017e-10 -3.75776e-07 0.996204 -7.80114e-06 2.78453e-06 -8.92565e-10 7.80113e-06 0.992409
1.7 0.000325327 0.00951983 -3.59524e-06 -8.69628e-13 2.63973e-08 -3.59523e-06 0.00948369 3.57764e-09 -4.15899e-12 1.20388e-12 -3.57764e-09 0.00948369 -8.38418e-08 2.65083e-08 -9.59247e-12 8.38417e-08 0.00944757 -0.000377658 -9.13491e-11 2.77287e-06 -0.000377657 0.996204 3.75809e-07 -4.36876e-10 1.2646e-10 -3.75809e-07 0.996204 -8.80707e-06 2.78453e-06 -1.00763e-09 8.80706e-06 0.992409
1.8 0.000344457 0.00951911 -4.03041e-06 -9.75034e-13 2.63952e-08 -4.0304e-06 0.00948297 3.57769e-09 -4.66222e-12 1.3496e-12 -3.57769e-09 0.00948297 -9.39921e-08 2.65062e-08 -1.07534e-11 9.3992e-08 0.00944684 -0.000423402 -1.02429e-10 2.77286e-06 -0.000423401 0.996204 3.75843e-07 -4.89775e-10 1.41778e-10 -3.75843e-07 0.996204 -9.87404e-06 2.78453e-06 -1.12967e-09 9.87403e-06 0.992409
1.9 0.000363587 0.00951834 -4.49038e-06 -1.08648e-12 2.6393e-08 -4.49038e-06 0.0094822 3.57775e-09 -5.19409e-12 1.50364e-12 -3.57775e-09 0.0094822 -1.04721e-07 2.65041e-08 -1.19806e-11 1.04721e-07 0.00944608 -0.000471761 -1.14146e-10 2.77285e-06 -0.000471761 0.996203 3.7588e-07 -5.45693e-10 1.57973e-10 -3.7588e-07 0.996203 -1.10021e-05 2.78453e-06 -1.25868e-09 1.10021e-05 0.992408
2 0.000382716 0.00951753 -4.97516e-06 -1.20398e-12 2.63906e-08 -4.97516e-06 0.00948139 3.57781e-09 -5.7546e-12 1.66599e-12 -3.57781e-09 0.00948139 -1.1603e-07 2.65019e-08 -1.32739e-11 1.1603e-07 0.00944527 -0.000522737 -1.26502e-10 2.77284e-06 -0.000522736 0.996203 3.75918e-07 -6.04632e-10 1.75044e-10 -3.75918e-07 0.996203 -1.21912e-05 2.78453e-06 -1.39468e-09 1.21912e-05 0.992408
2.1 0.000401843 0.00951667 -5.48473e-06 -1.32753e-12 2.63882e-08 -5.48473e-06 0.00948054 3.57787e-09 -6.34371e-12 1.83664e-12 -3.57787e-09 0.00948054 -1.27917e-07 2.64995e-08 -1.46332e-11 1.27917e-07 0.00944442 -0.000576329 -1.39495e-10 2.77283e-06 -0.000576328 0.996203 3.75958e-07 -6.66589e-10 1.92992e-10 -3.75958e-07 0.996203 -1.34414e-05 2.78454e-06 -1.53764e-09 1.34414e-05 0.992407
2.2 0.000420969 0.00951578 -6.01908e-06 -1.45713e-12 2.63856e-08 -6.01908e-06 0.00947964 3.57794e-09 -6.96142e-12 2.01559e-12 -3.57794e-09 0.00947964 -1.40383e-07 2.6497e-08 -1.60587e-11 1.40383e-07 0.00944353 -0.000632537 -1.53128e-10 2.77282e-06 -0.000632536 0.996203 3.76001e-07 -7.31566e-10 2.11815e-10 -3.76001e-07 0.996202 -1.47527e-05 2.78454e-06 -1.68759e-09 1.47526e-05 0.992407
2.3 0.000440094 0.00951484 -6.5782e-06 -1.59279e-12 2.63829e-08 -6.57819e-06 0.00947871 3.57801e-09 -7.6077e-12 2.20284e-12 -3.57801e-09 0.00947871 -1.53428e-07 2.64945e-08 -1.75502e-11 1.53427e-07 0.00944259 -0.000691362 -1.67401e-10 2.77281e-06 -0.000691361 0.996202 3.76045e-07 -7.99561e-10 2.31516e-10 -3.76045e-07 0.996202 -1.61251e-05 2.78454e-06 -1.84451e-09 1.61251e-05 0.992407
2.4 0.000459218 0.00951387 -7.16208e-06 -1.73452e-12 2.638e-08 -7.16207e-06 0.00947773 3.57808e-09 -8.28253e-12 2.39838e-12 -3.57808e-09 0.00947773 -1.6705e-07 2.64917e-08 -1.91077e-11 1.6705e-07 0.00944162 -0.000752804 -1.82315e-10 2.7728e-06 -0.000752803 0.996202 3.76091e-07 -8.70574e-10 2.52093e-10 -3.76091e-07 0.996202 -1.75586e-05 2.78454e-06 -2.00841e-09 1.75586e-05 0.992406
2.5 0.00047834 0.00951285 -7.7707e-06 -1.88231e-12 2.63771e-08 -7.77069e-06 0.00947672 3.57816e-09 -8.98588e-12 2.60222e-12 -3.57816e-09 0.00947671 -1.81252e-07 2.64889e-08 -2.07312e-11 1.81251e-07 0.0094406 -0.000816863 -1.9787e-10 2.77279e-06 -0.000816863 0.996202 3.7614e-07 -9.44605e-10 2.73548e-10 -3.7614e-07 0.996201 -1.90533e-05 2.78454e-06 -2.17928e-09 1.90533e-05 0.992406
2.6 0.000497461 0.00951179 -8.40405e-06 -2.03618e-12 2.6374e-08 -8.40405e-06 0.00947566 3.57824e-09 -9.71774e-12 2.81435e-12 -3.57824e-09 0.00947566 -1.96031e-07 2.6486e-08 -2.24206e-11 1.9603e-07 0.00943955 -0.000883541 -2.14069e-10 2.77277e-06 -0.00088354 0.996202 3.7619e-07 -1.02165e-09 2.9588e-10 -3.7619e-07 0.996201 -2.06092e-05 2.78454e-06 -2.35714e-09 2.06092e-05 0.992405
2.7 0.00051658 0.00951069 -9.06213e-06 -2.19612e-12 2.63708e-08 -9.06212e-06 0.00947456 3.57832e-09 -1.04781e-11 3.03475e-12 -3.57832e-09 0.00947455 -2.11388e-07 2.6483e-08 -2.41759e-11 2.11387e-07 0.00943845 -0.000952836 -2.3091e-10 2.77276e-06 -0.000952835 0.996201 3.76242e-07 -1.10172e-09 3.19089e-10 -3.76242e-07 0.996201 -2.22263e-05 2.78455e-06 -2.54197e-09 2.22263e-05 0.992405
2.8 0.000535698 0.00950955 -9.74491e-06 -2.36214e-12 2.63675e-08 -9.7449e-06 0.00947342 3.5784e-09 -1.12669e-11 3.26344e-12 -3.57841e-09 0.00947341 -2.27322e-07 2.64798e-08 -2.5997e-11 2.27322e-07 0.00943731 -0.00102475 -2.48397e-10 2.77274e-06 -0.00102475 0.996201 3.76296e-07 -1.1848e-09 3.43175e-10 -3.76296e-07 0.9962 -2.39046e-05 2.78455e-06 -2.73378e-09 2.39046e-05 0.992404
2.9 0.000554814 0.00950836 -1.04524e-05 -2.53425e-12 2.63641e-08 -1.04524e-05 0.00947224 3.57849e-09 -1.20841e-11 3.50041e-12 -3.57849e-09 0.00947223 -2.43834e-07 2.64765e-08 -2.7884e-11 2.43834e-07 0.00943613 -0.00109928 -2.66528e-10 2.77273e-06 -0.00109928 0.996201 3.76352e-07 -1.27089e-09 3.6814e-10 -3.76352e-07 0.9962 -2.56442e-05 2.78455e-06 -2.93257e-09 2.56441e-05 0.992403
3 0.000573928 0.00950714 -1.11845e-05 -2.71245e-12 2.63606e-08 -1.11845e-05 0.00947101 3.57858e-09 -1.29297e-11 3.74564e-12 -3.57858e-09 0.009471 -2.60923e-07 2.64731e-08 -2.98367e-11 2.60923e-07 0.00943491 -0.00117644 -2.85307e-10 2.77271e-06 -0.00117644 0.9962 3.7641e-07 -1.36e-09 3.93982e-10 -3.7641e-07 0.996199 -2.7445e-05 2.78455e-06 -3.13835e-09 2.74449e-05 0.992403
3.1 0.00059304 0.00950587 -1.19414e-05 -2.89675e-12 2.63569e-08 -1.19413e-05 0.00946975 3.57868e-09 -1.38037e-11 3.99914e-12 -3.57868e-09 0.00946974 -2.78589e-07 2.64696e-08 -3.18551e-11 2.78589e-07 0.00943365 -0.00125621 -3.04732e-10 2.7727e-06 -0.00125621 0.9962 3.7647e-07 -1.45212e-09 4.20703e-10 -3.7647e-07 0.996199 -2.9307e-05 2.78455e-06 -3.3511e-09 2.9307e-05 0.992402
3.2 0.000612151 0.00950456 -1.27228e-05 -3.08715e-12 2.63531e-08 -1.27228e-05 0.00946844 3.57877e-09 -1.4706e-11 4.26091e-12 -3.57877e-09 0.00946843 -2.96832e-07 2.6466e-08 -3.39392e-11 2.96831e-07 0.00943234 -0.0013386 -3.24807e-10 2.77268e-06 -0.0013386 0.996199 3.76532e-07 -1.54726e-09 4.48302e-10 -3.76532e-07 0.996199 -3.12304e-05 2.78456e-06 -3.57083e-09 3.12304e-05 0.992401
3.3 0.00063126 0.00950321 -1.35289e-05 -3.28366e-12 2.63492e-08 -1.35289e-05 0.00946709 3.57887e-09 -1.56366e-11 4.53093e-12 -3.57887e-09 0.00946708 -3.15651e-07 2.64623e-08 -3.60889e-11 3.1565e-07 0.009431 -0.00142361 -3.45531e-10 2.77267e-06 -0.00142361 0.996199 3.76596e-07 -1.64541e-09 4.76779e-10 -3.76596e-07 0.996198 -3.32152e-05 2.78456e-06 -3.79755e-09 3.32151e-05 0.992401
3.4 0.000650367 0.00950182 -1.43596e-05 -3.48628e-12 2.63452e-08 -1.43596e-05 0.0094657 3.57898e-09 -1.65956e-11 4.80921e-12 -3.57898e-09 0.00946569 -3.35046e-07 2.64584e-08 -3.83042e-11 3.35046e-07 0.00942961 -0.00151125 -3.66907e-10 2.77265e-06 -0.00151125 0.996199 3.76662e-07 -1.74657e-09 5.06135e-10 -3.76662e-07 0.996197 -3.52613e-05 2.78456e-06 -4.03125e-09 3.52612e-05 0.9924
3.5 0.000669472 0.00950039 -1.52149e-05 -3.69503e-12 2.63411e-08 -1.52149e-05 0.00946427 3.57908e-09 -1.75827e-11 5.09573e-12 -3.57908e-09 0.00946426 -3.55018e-07 2.64545e-08 -4.0585e-11 3.55017e-07 0.00942818 -0.00160151 -3.88934e-10 2.77263e-06 -0.0016015 0.996198 3.7673e-07 -1.85074e-09 5.36371e-10 -3.7673e-07 0.996197 -3.73687e-05 2.78456e-06 -4.27193e-09 3.73687e-05 0.992399
3.6 0.000688575 0.00949892 -1.60948e-05 -3.9099e-12 2.63368e-08 -1.60948e-05 0.0094628 3.57919e-09 -1.85981e-11 5.3905e-12 -3.57919e-09 0.00946279 -3.75565e-07 2.64504e-08 -4.29312e-11 3.75564e-07 0.00942671 -0.00169438 -4.11615e-10 2.77261e-06 -0.00169438 0.996198 3.768e-07 -1.95792e-09 5.67485e-10 -3.768e-07 0.996196 -3.95376e-05 2.78457e-06 -4.51959e-09 3.95376e-05 0.992398
3.7 0.000707676 0.0094974 -1.69993e-05 -4.1309e-12 2.63324e-08 -1.69993e-05 0.00946129 3.5793e-09 -1.96417e-11 5.6935e-12 -3.5793e-09 0.00946127 -3.96687e-07 2.64462e-08 -4.53429e-11 3.96687e-07 0.0094252 -0.00178989 -4.34951e-10 2.77259e-06 -0.00178988 0.996197 3.76872e-07 -2.06811e-09 5.9948e-10 -3.76872e-07 0.996196 -4.17679e-05 2.78457e-06 -4.77424e-09 4.17679e-05 0.992398
3.8 0.000726775 0.00949585 -1.79283e-05 -4.35805e-12 2.63279e-08 -1.79283e-05 0.00945974 3.57942e-09 -2.07134e-11 6.00474e-12 -3.57942e-09 0.00945972 -4.18385e-07 2.64419e-08 -4.78199e-11 4.18384e-07 0.00942365 -0.00188801 -4.58943e-10 2.77257e-06 -0.00188801 0.996197 3.76945e-07 -2.18131e-09 6.32354e-10 -3.76945e-07 0.996195 -4.40597e-05 2.78457e-06 -5.03587e-09 4.40597e-05 0.992397
3.9 0.000745871 0.00949425 -1.88818e-05 -4.59135e-12 2.63233e-08 -1.88818e-05 0.00945814 3.57953e-09 -2.18132e-11 6.3242e-12 -3.57953e-09 0.00945812 -4.40657e-07 2.64375e-08 -5.03622e-11 4.40657e-07 0.00942206 -0.00198876 -4.83592e-10 2.77255e-06 -0.00198876 0.996196 3.77021e-07 -2.29751e-09 6.66108e-10 -3.77021e-07 0.996194 -4.6413e-05 2.78458e-06 -5.30449e-09 4.6413e-05 0.992396
4 0.000764965 0.00949262 -1.98598e-05 -4.83079e-12 2.63186e-08 -1.98598e-05 0.00945651 3.57965e-09 -2.29411e-11 6.65188e-12 -3.57965e-09 0.00945648 -4.63504e-07 2.64329e-08 -5.29697e-11 4.63504e-07 0.00942042 -0.00209213 -5.089e-10 2.77253e-06 -0.00209213 0.996196 3.77099e-07 -2.41673e-09 7.00743e-10 -3.77099e-07 0.996194 -4.88279e-05 2.78458e-06 -5.58009e-09 4.88278e-05 0.992395
4.1 0.000784057 0.00949094 -2.08623e-05 -5.0764e-12 2.63137e-08 -2.08623e-05 0.00945483 3.57978e-09 -2.4097e-11 6.98778e-12 -3.57978e-09 0.00945481 -4.86926e-07 2.64283e-08 -5.56423e-11 4.86925e-07 0.00941875 -0.00219813 -5.34869e-10 2.77251e-06 -0.00219813 0.996195 3.77178e-07 -2.53895e-09 7.36258e-10 -3.77178e-07 0.996193 -5.13043e-05 2.78458e-06 -5.86268e-09 5.13042e-05 0.992394
4.2 0.000803147 0.00948922 -2.18893e-05 -5.32818e-12 2.63088e-08 -2.18893e-05 0.00945311 3.5799e-09 -2.52809e-11 7.33188e-12 -3.5799e-09 0.00945309 -5.10921e-07 2.64235e-08 -5.83801e-11 5.1092e-07 0.00941703 -0.00230676 -5.61499e-10 2.77249e-06 -0.00230675 0.996195 3.7726e-07 -2.66417e-09 7.72654e-10 -3.7726e-07 0.996192 -5.38423e-05 2.78458e-06 -6.15226e-09 5.38422e-05 0.992393
4.3 0.000822234 0.00948746 -2.29407e-05 -5.58614e-12 2.63037e-08 -2.29407e-05 0.00945135 3.58003e-09 -2.64928e-11 7.68419e-12 -3.58003e-09 0.00945132 -5.3549e-07 2.64187e-08 -6.11829e-11 5.35489e-07 0.00941527 -0.00241801 -5.88792e-10 2.77247e-06 -0.002418 0.996194 3.77343e-07 -2.7924e-09 8.09931e-10 -3.77344e-07 0.996192 -5.64419e-05 2.78459e-06 -6.44882e-09 5.64418e-05 0.992392
4.4 0.000841318 0.00948565 -2.40166e-05 -5.85028e-12 2.62985e-08 -2.40165e-05 0.00944955 3.58016e-09 -2.77325e-11 8.04469e-12 -3.58016e-09 0.00944952 -5.60632e-07 2.64137e-08 -6.40507e-11 5.60631e-07 0.00941348 -0.00253188 -6.1675e-10 2.77245e-06 -0.00253188 0.996194 3.77429e-07 -2.92363e-09 8.4809e-10 -3.77429e-07 0.996191 -5.91031e-05 2.78459e-06 -6.75238e-09 5.91031e-05 0.992391
4.5 0.0008604 0.00948381 -2.51168e-05 -6.12061e-12 2.62931e-08 -2.51168e-05 0.00944771 3.58029e-09 -2.90002e-11 8.41338e-12 -3.5803e-09 0.00944768 -5.86347e-07 2.64086e-08 -6.69834e-11 5.86346e-07 0.00941164 -0.00264839 -6.45374e-10 2.77242e-06 -0.00264839 0.996193 3.77516e-07 -3.05786e-09 8.87131e-10 -3.77517e-07 0.99619 -6.18261e-05 2.78459e-06 -7.06292e-09 6.1826e-05 0.99239
4.6 0.00087948 0.00948193 -2.62414e-05 -6.39714e-12 2.62877e-08 -2.62414e-05 0.00944583 3.58043e-09 -3.02957e-11 8.79026e-12 -3.58043e-09 0.00944579 -6.12635e-07 2.64034e-08 -6.99809e-11 6.12634e-07 0.00940976 -0.00276752 -6.74667e-10 2.7724e-06 -0.00276752 0.996193 3.77606e-07 -3.1951e-09 9.27054e-10 -3.77606e-07 0.996189 -6.46108e-05 2.7846e-06 -7.38045e-09 6.46107e-05 0.992388
4.7 0.000898556 0.00948 -2.73904e-05 -6.67988e-12 2.62821e-08 -2.73904e-05 0.00944391 3.58057e-09 -3.1619e-11 9.17531e-12 -3.58057e-09 0.00944387 -6.39495e-07 2.6398e-08 -7.30432e-11 6.39494e-07 0.00940783 -0.00288928 -7.04629e-10 2.77237e-06 -0.00288928 0.996192 3.77697e-07 -3.33533e-09 9.67859e-10 -3.77697e-07 0.996188 -6.74573e-05 2.7846e-06 -7.70498e-09 6.74572e-05 0.992387
4.8 0.00091763 0.00947804 -2.85637e-05 -6.96884e-12 2.62764e-08 -2.85637e-05 0.00944194 3.58071e-09 -3.297e-11 9.56853e-12 -3.58071e-09 0.0094419 -6.66927e-07 2.63926e-08 -7.61702e-11 6.66926e-07 0.00940587 -0.00301367 -7.35262e-10 2.77235e-06 -0.00301367 0.996192 3.7779e-07 -3.47857e-09 1.00955e-09 -3.77791e-07 0.996187 -7.03655e-05 2.7846e-06 -8.03649e-09 7.03654e-05 0.992386
4.9 0.000936701 0.00947603 -2.97613e-05 -7.26402e-12 2.62706e-08 -2.97613e-05 0.00943994 3.58086e-09 -3.43487e-11 9.96991e-12 -3.58086e-09 0.00943989 -6.94931e-07 2.6387e-08 -7.93618e-11 6.9493e-07 0.00940387 -0.00314069 -7.66568e-10 2.77232e-06 -0.00314069 0.996191 3.77886e-07 -3.6248e-09 1.05212e-09 -3.77886e-07 0.996186 -7.33356e-05 2.78461e-06 -8.375e-09 7.33355e-05 0.992385
5 0.00095577 0.00947398 -3.09832e-05 -7.56544e-12 2.62647e-08 -3.09832e-05 0.00943789 3.581e-09 -3.57551e-11 1.03794e-11 -3.58101e-09 0.00943784 -7.23505e-07 2.63814e-08 -8.26179e-11 7.23505e-07 0.00940182 -0.00327035 -7.98549e-10 2.7723e-06 -0.00327034 0.996191 3.77983e-07 -3.77403e-09 1.09557e-09 -3.77983e-07 0.996185 -7.63676e-05 2.78461e-06 -8.7205e-09 7.63675e-05 0.992383
5.1 0.000974835 0.0094719 -3.22294e-05 -7.8731e-12 2.62587e-08 -3.22293e-05 0.00943581 3.58115e-09 -3.71891e-11 1.07971e-11 -3.58116e-09 0.00943575 -7.52651e-07 2.63756e-08 -8.59385e-11 7.5265e-07 0.00939974 -0.00340263 -8.31207e-10 2.77227e-06 -0.00340263 0.99619 3.78082e-07 -3.92626e-09 1.13991e-09 -3.78082e-07 0.996184 -7.94615e-05 2.78462e-06 -9.073e-09 7.94614e-05 0.992382
5.2 0.000993897 0.00946977 -3.34997e-05 -8.18702e-12 2.62525e-08 -3.34997e-05 0.00943368 3.58131e-09 -3.86506e-11 1.12229e-11 -3.58131e-09 0.00943362 -7.82367e-07 2.63697e-08 -8.93235e-11 7.82366e-07 0.00939761 -0.00353755 -8.64543e-10 2.77225e-06 -0.00353754 0.996189 3.78183e-07 -4.08148e-09 1.18513e-09 -3.78184e-07 0.996183 -8.26173e-05 2.78462e-06 -9.43249e-09 8.26173e-05 0.992381
5.3 0.00101296 0.0094676 -3.47943e-05 -8.50719e-12 2.62462e-08 -3.47943e-05 0.00943151 3.58146e-09 -4.01397e-11 1.16569e-11 -3.58147e-09 0.00943145 -8.12653e-07 2.63637e-08 -9.27727e-11 8.12652e-07 0.00939545 -0.0036751 -8.98559e-10 2.77222e-06 -0.00367509 0.996189 3.78286e-07 -4.23969e-09 1.23124e-09 -3.78287e-07 0.996182 -8.58352e-05 2.78462e-06 -9.79897e-09 8.58351e-05 0.992379
5.4 0.00103201 0.00946539 -3.61131e-05 -8.83364e-12 2.62399e-08 -3.61131e-05 0.0094293 3.58162e-09 -4.16562e-11 1.2099e-11 -3.58162e-09 0.00942923 -8.43509e-07 2.63576e-08 -9.62862e-11 8.43508e-07 0.00939324 -0.00381528 -9.33257e-10 2.77219e-06 -0.00381528 0.996188 3.78391e-07 -4.4009e-09 1.27823e-09 -3.78392e-07 0.996181 -8.91151e-05 2.78463e-06 -1.01725e-08 8.9115e-05 0.992378
5.5 0.00105107 0.00946313 -3.7456e-05 -9.16637e-12 2.62333e-08 -3.7456e-05 0.00942706 3.58178e-09 -4.32001e-11 1.25492e-11 -3.58178e-09 0.00942698 -8.74934e-07 2.63513e-08 -9.98638e-11 8.74933e-07 0.00939099 -0.0039581 -9.68639e-10 2.77216e-06 -0.0039581 0.996187 3.78498e-07 -4.56509e-09 1.32611e-09 -3.78499e-07 0.99618 -9.24571e-05 2.78463e-06 -1.05529e-08 9.2457e-05 0.992376
5.6 0.00107012 0.00946084 -3.88231e-05 -9.50538e-12 2.62267e-08 -3.8823e-05 0.00942477 3.58194e-09 -4.47714e-11 1.30075e-11 -3.58195e-09 0.00942469 -9.06927e-07 2.6345e-08 -1.03506e-10 9.06926e-07 0.0093887 -0.00410355 -1.00471e-09 2.77213e-06 -0.00410355 0.996187 3.78607e-07 -4.73228e-09 1.37487e-09 -3.78608e-07 0.996178 -9.58611e-05 2.78463e-06 -1.09404e-08 9.5861e-05 0.992374
5.7 0.00108916 0.00945851 -4.02142e-05 -9.8507e-12 2.622e-08 -4.02142e-05 0.00942244 3.58211e-09 -4.63699e-11 1.34739e-11 -3.58211e-09 0.00942235 -9.39489e-07 2.63385e-08 -1.07211e-10 9.39488e-07 0.00938637 -0.00425164 -1.04146e-09 2.7721e-06 -0.00425164 0.996186 3.78718e-07 -4.90246e-09 1.42452e-09 -3.78719e-07 0.996177 -9.93274e-05 2.78464e-06 -1.13349e-08 9.93273e-05 0.992373
5.8 0.00110821 0.00945614 -4.16294e-05 -1.02023e-11 2.62131e-08 -4.16294e-05 0.00942007 3.58228e-09 -4.79958e-11 1.39483e-11 -3.58228e-09 0.00941997 -9.72619e-07 2.6332e-08 -1.10981e-10 9.72618e-07 0.009384 -0.00440237 -1.07891e-09 2.77207e-06 -0.00440237 0.996185 3.78831e-07 -5.07562e-09 1.47506e-09 -3.78831e-07 0.996176 -0.000102856 2.78464e-06 -1.17364e-08 0.000102856 0.992371
5.9 0.00112725 0.00945372 -4.30687e-05 -1.05603e-11 2.62061e-08 -4.30686e-05 0.00941765 3.58245e-09 -4.96488e-11 1.44309e-11 -3.58245e-09 0.00941756 -1.00632e-06 2.63253e-08 -1.14814e-10 1.00632e-06 0.00938159 -0.00455574 -1.11705e-09 2.77204e-06 -0.00455573 0.996185 3.78946e-07 -5.25177e-09 1.52648e-09 -3.78946e-07 0.996174 -0.000106447 2.78465e-06 -1.21448e-08 0.000106447 0.992369
6 0.00172656 0.00945127 -4.45319e-05 -1.09246e-11 2.6199e-08 -4.45319e-05 0.0094152 3.58262e-09 -5.1329e-11 1.49216e-11 -3.58263e-09 0.0094151 -1.04058e-06 2.63185e-08 -1.18711e-10 1.04058e-06 0.00937913 -0.00471174 -1.15588e-09 2.77201e-06 -0.00471174 0.996184 3.79062e-07 -5.43091e-09 1.57879e-09 -3.79063e-07 0.996173 -0.0001101 2.78465e-06 -1.25603e-08 0.0001101 0.992368
6.2 0.00236869 0.00944624 -4.75303e-05 -1.16722e-11 2.61845e-08 -4.75303e-05 0.00941018 3.58297e-09 -5.47705e-11 1.5927e-11 -3.58298e-09 0.00941006 -1.11081e-06 2.63046e-08 -1.26696e-10 1.11081e-06 0.00937411 -0.00503167 -1.23564e-09 2.77195e-06 -0.00503166 0.996182 3.79302e-07 -5.79813e-09 1.68607e-09 -3.79302e-07 0.99617 -0.000117593 2.78466e-06 -1.34123e-08 0.000117593 0.992364
6.4 0.00244479 0.00944105 -5.06244e-05 -1.24452e-11 2.61695e-08 -5.06244e-05 0.00940499 3.58334e-09 -5.83199e-11 1.69647e-11 -3.58334e-09 0.00940486 -1.1833e-06 2.62902e-08 -1.34934e-10 1.1833e-06 0.00936892 -0.00536216 -1.3182e-09 2.77188e-06 -0.00536216 0.996181 3.79549e-07 -6.17727e-09 1.79691e-09 -3.79549e-07 0.996166 -0.000125336 2.78467e-06 -1.42923e-08 0.000125336 0.99236
6.6 0.00252085 0.00943569 -5.3814e-05 -1.32438e-11 2.6154e-08 -5.38139e-05 0.00939964 3.58371e-09 -6.19768e-11 1.80345e-11 -3.58372e-09 0.00939949 -1.25805e-06 2.62754e-08 -1.43425e-10 1.25805e-06 0.00936356 -0.00570323 -1.40359e-09 2.77182e-06 -0.00570323 0.996179 3.79803e-07 -6.56833e-09 1.9113e-09 -3.79804e-07 0.996163 -0.000133329 2.78468e-06 -1.52003e-08 0.000133329 0.992355
6.8 0.00259689 0.00943018 -5.70986e-05 -1.4068e-11 2.61381e-08 -5.70986e-05 0.00939414 3.58409e-09 -6.57406e-11 1.91363e-11 -3.5841e-09 0.00939396 -1.33506e-06 2.62601e-08 -1.52169e-10 1.33506e-06 0.00935805 -0.00605488 -1.49181e-09 2.77175e-06 -0.00605488 0.996178 3.80066e-07 -6.97129e-09 2.02926e-09 -3.80067e-07 0.996159 -0.000141573 2.78469e-06 -1.61363e-08 0.000141573 0.992351
7 0.00267289 0.00942451 -6.04782e-05 -1.4918e-11 2.61217e-08 -6.04782e-05 0.00938847 3.58448e-09 -6.96108e-11 2.027e-11 -3.58449e-09 0.00938827 -1.41431e-06 2.62444e-08 -1.61163e-10 1.41431e-06 0.00935237 -0.00641712 -1.58289e-09 2.77168e-06 -0.00641712 0.996176 3.80336e-07 -7.38614e-09 2.15078e-09 -3.80337e-07 0.996155 -0.000150068 2.7847e-06 -1.71004e-08 0.000150067 0.992346
7.2 0.00274886 0.00941867 -6.39524e-05 -1.57938e-11 2.61048e-08 -6.39523e-05 0.00938264 3.58488e-09 -7.35869e-11 2.14356e-11 -3.58489e-09 0.00938242 -1.49582e-06 2.62282e-08 -1.70408e-10 1.49581e-06 0.00934653 -0.00678996 -1.67686e-09 2.7716e-06 -0.00678995 0.996174 3.80614e-07 -7.81287e-09 2.27587e-09 -3.80615e-07 0.996151 -0.000158814 2.78471e-06 -1.80926e-08 0.000158814 0.992341
7.4 0.0028248 0.00941268 -6.75209e-05 -1.66955e-11 2.60875e-08 -6.75209e-05 0.00937665 3.58529e-09 -7.76684e-11 2.2633e-11 -3.5853e-09 0.00937641 -1.57956e-06 2.62116e-08 -1.79903e-10 1.57956e-06 0.00934054 -0.0071734 -1.77372e-09 2.77153e-06 -0.0071734 0.996173 3.809e-07 -8.25146e-09 2.40453e-09 -3.80901e-07 0.996147 -0.000167812 2.78472e-06 -1.91128e-08 0.000167812 0.992336
7.6 0.00290071 0.00940652 -7.11835e-05 -1.76232e-11 2.60697e-08 -7.11834e-05 0.0093705 3.5857e-09 -8.18547e-11 2.38621e-11 -3.58572e-09 0.00937023 -1.66554e-06 2.61946e-08 -1.89646e-10 1.66554e-06 0.00933437 -0.00756746 -1.87351e-09 2.77145e-06 -0.00756745 0.996171 3.81193e-07 -8.70191e-09 2.53677e-09 -3.81195e-07 0.996142 -0.000177063 2.78473e-06 -2.01611e-08 0.000177062 0.99233
7.8 0.00297657 0.00940021 -7.49398e-05 -1.85771e-11 2.60514e-08 -7.49397e-05 0.0093642 3.58613e-09 -8.61453e-11 2.51229e-11 -3.58614e-09 0.0093639 -1.75376e-06 2.61771e-08 -1.99636e-10 1.75376e-06 0.00932805 -0.00797214 -1.97624e-09 2.77137e-06 -0.00797213 0.996169 3.81494e-07 -9.16419e-09 2.67258e-09 -3.81496e-07 0.996137 -0.000186566 2.78474e-06 -2.12374e-08 0.000186566 0.992324
8 0.00305241 0.00939374 -7.87895e-05 -1.95572e-11 2.60327e-08 -7.87894e-05 0.00935773 3.58656e-09 -9.05397e-11 2.64151e-11 -3.58658e-09 0.0093574 -1.8442e-06 2.61592e-08 -2.09874e-10 1.8442e-06 0.00932157 -0.00838745 -2.08194e-09 2.77129e-06 -0.00838744 0.996167 3.81803e-07 -9.6383e-09 2.81199e-09 -3.81805e-07 0.996132 -0.000196323 2.78475e-06 -2.23419e-08 0.000196323 0.992318
8.2 0.0031282 0.00938711 -8.27323e-05 -2.05636e-11 2.60136e-08 -8.27323e-05 0.00935111 3.587e-09 -9.50372e-11 2.77387e-11 -3.58702e-09 0.00935074 -1.93687e-06 2.61408e-08 -2.20357e-10 1.93687e-06 0.00931493 -0.0088134 -2.19063e-09 2.7712e-06 -0.00881339 0.996165 3.8212e-07 -1.01242e-08 2.95498e-09 -3.82122e-07 0.996126 -0.000206333 2.78476e-06 -2.34744e-08 0.000206333 0.992311
8.4 0.00320396 0.00938032 -8.6768e-05 -2.15965e-11 2.5994e-08 -8.67679e-05 0.00934433 3.58745e-09 -9.96372e-11 2.90937e-11 -3.58747e-09 0.00934392 -2.03176e-06 2.6122e-08 -2.31085e-10 2.03176e-06 0.00930813 -0.00925 -2.30232e-09 2.77112e-06 -0.00925 0.996163 3.82444e-07 -1.06219e-08 3.10157e-09 -3.82446e-07 0.99612 -0.000216598 2.78477e-06 -2.4635e-08 0.000216598 0.992304
8.6 0.00327968 0.00937337 -9.08961e-05 -2.2656e-11 2.59739e-08 -9.0896e-05 0.00933739 3.5879e-09 -1.04339e-10 3.04799e-11 -3.58793e-09 0.00933694 -2.12886e-06 2.61028e-08 -2.42056e-10 2.12886e-06 0.00930117 -0.00969727 -2.41706e-09 2.77103e-06 -0.00969726 0.996161 3.82776e-07 -1.11315e-08 3.25176e-09 -3.82779e-07 0.996114 -0.000227118 2.78478e-06 -2.58238e-08 0.000227118 0.992297
8.8 0.00335535 0.00936627 -9.51163e-05 -2.37421e-11 2.59533e-08 -9.51163e-05 0.00933029 3.58836e-09 -1.09143e-10 3.18973e-11 -3.58839e-09 0.00932981 -2.22817e-06 2.60831e-08 -2.5327e-10 2.22817e-06 0.00929404 -0.0101552 -2.53485e-09 2.77094e-06 -0.0101552 0.996159 3.83116e-07 -1.16527e-08 3.40555e-09 -3.83118e-07 0.996107 -0.000237893 2.7848e-06 -2.70407e-08 0.000237893 0.992289
9 0.00343099 0.00935901 -9.94284e-05 -2.48551e-11 2.59324e-08 -9.94283e-05 0.00932304 3.58883e-09 -1.14047e-10 3.33456e-11 -3.58886e-09 0.00932251 -2.32969e-06 2.6063e-08 -2.64726e-10 2.32968e-06 0.00928676 -0.0106238 -2.65574e-09 2.77085e-06 -0.0106238 0.996157 3.83463e-07 -1.21858e-08 3.56295e-09 -3.83466e-07 0.9961 -0.000248924 2.78481e-06 -2.82857e-08 0.000248924 0.992281
9.2 0.00350659 0.00935159 -0.000103832 -2.59949e-11 2.59109e-08 -0.000103832 0.00931563 3.5893e-09 -1.19051e-10 3.48249e-11 -3.58934e-09 0.00931505 -2.4334e-06 2.60425e-08 -2.76422e-10 2.4334e-06 0.00927932 -0.0111031 -2.77973e-09 2.77075e-06 -0.0111031 0.996155 3.83818e-07 -1.27305e-08 3.72396e-09 -3.83821e-07 0.996093 -0.000260212 2.78482e-06 -2.95589e-08 0.000260212 0.992272
9.4 0.00358214 0.00934402 -0.000108326 -2.71618e-11 2.58891e-08 -0.000108326 0.00930807 3.58979e-09 -1.24154e-10 3.6335e-11 -3.58982e-09 0.00930743 -2.5393e-06 2.60215e-08 -2.88358e-10 2.5393e-06 0.00927173 -0.0115931 -2.90687e-09 2.77066e-06 -0.0115931 0.996152 3.8418e-07 -1.3287e-08 3.88859e-09 -3.84184e-07 0.996085 -0.000271757 2.78483e-06 -3.08602e-08 0.000271757 0.992263
9.6 0.00365765 0.00933629 -0.000112912 -2.83559e-11 2.58667e-08 -0.000112912 0.00930035 3.59027e-09 -1.29356e-10 3.78758e-11 -3.59031e-09 0.00929966 -2.64739e-06 2.60001e-08 -3.00532e-10 2.64739e-06 0.00926397 -0.0120938 -3.03717e-09 2.77056e-06 -0.0120938 0.99615 3.8455e-07 -1.38552e-08 4.05684e-09 -3.84554e-07 0.996076 -0.00028356 2.78484e-06 -3.21897e-08 0.000283559 0.992254
9.8 0.00373311 0.00932841 -0.000117587 -2.95772e-11 2.5844e-08 -0.000117587 0.00929247 3.59076e-09 -1.34656e-10 3.94472e-11 -3.5908e-09 0.00929173 -2.75767e-06 2.59783e-08 -3.12943e-10 2.75766e-06 0.00925605 -0.0126053 -3.17066e-09 2.77046e-06 -0.0126053 0.996148 3.84928e-07 -1.44351e-08 4.22872e-09 -3.84932e-07 0.996068 -0.00029562 2.78486e-06 -3.35473e-08 0.00029562 0.992244
10 0.00380853 0.00932037 -0.000122353 -3.08259e-11 2.58207e-08 -0.000122353 0.00928444 3.59126e-09 -1.40054e-10 4.10491e-11 -3.5913e-09 0.00928364 -2.87012e-06 2.5956e-08 -3.2559e-10 2.87011e-06 0.00924798 -0.0131275 -3.30737e-09 2.77035e-06 -0.0131274 0.996145 3.85313e-07 -1.50267e-08 4.40424e-09 -3.85318e-07 0.996059 -0.00030794 2.78487e-06 -3.49332e-08 0.00030794 0.992233
10.2 0.0038839 0.00931218 -0.000127208 -3.21022e-11 2.57971e-08 -0.000127208 0.00927626 3.59176e-09 -1.45548e-10 4.26814e-11 -3.59181e-09 0.00927539 -2.98473e-06 2.59333e-08 -3.38472e-10 2.98473e-06 0.00923975 -0.0136604 -3.44734e-09 2.77025e-06 -0.0136604 0.996143 3.85706e-07 -1.56299e-08 4.58339e-09 -3.85711e-07 0.996049 -0.000320519 2.78488e-06 -3.63472e-08 0.000320519 0.992223
10.4 0.00395923 0.00930383 -0.000132152 -3.34062e-11 2.5773e-08 -0.000132152 0.00926792 3.59227e-09 -1.51138e-10 4.43438e-11 -3.59232e-09 0.00926698 -3.10152e-06 2.59102e-08 -3.51587e-10 3.10151e-06 0.00923137 -0.0142041 -3.59058e-09 2.77014e-06 -0.014204 0.99614 3.86106e-07 -1.62447e-08 4.76619e-09 -3.86112e-07 0.996039 -0.000333359 2.7849e-06 -3.77894e-08 0.000333359 0.992211
10.6 0.0040345 0.00929534 -0.000137185 -3.4738e-11 2.57484e-08 -0.000137185 0.00925943 3.59278e-09 -1.56824e-10 4.60364e-11 -3.59283e-09 0.00925842 -3.22045e-06 2.58867e-08 -3.64934e-10 3.22045e-06 0.00922283 -0.0147585 -3.73714e-09 2.77003e-06 -0.0147585 0.996138 3.86514e-07 -1.68712e-08 4.95264e-09 -3.8652e-07 0.996028 -0.000346459 2.78491e-06 -3.92599e-08 0.000346459 0.992199
10.8 0.00410973 0.00928669 -0.000142307 -3.60976e-11 2.57234e-08 -0.000142307 0.00925079 3.5933e-09 -1.62603e-10 4.7759e-11 -3.59335e-09 0.0092497 -3.34154e-06 2.58627e-08 -3.78512e-10 3.34154e-06 0.00921413 -0.0153237 -3.88703e-09 2.76992e-06 -0.0153237 0.996135 3.8693e-07 -1.75093e-08 5.14274e-09 -3.86936e-07 0.996017 -0.000359821 2.78492e-06 -4.07586e-08 0.000359821 0.992187
11 0.00418491 0.00927788 -0.000147516 -3.74854e-11 2.5698e-08 -0.000147516 0.009242 3.59382e-09 -1.68477e-10 4.95115e-11 -3.59388e-09 0.00924082 -3.46478e-06 2.58383e-08 -3.9232e-10 3.46478e-06 0.00920527 -0.0158998 -4.0403e-09 2.76981e-06 -0.0158997 0.996132 3.87353e-07 -1.8159e-08 5.33651e-09 -3.87359e-07 0.996005 -0.000373445 2.78494e-06 -4.22855e-08 0.000373445 0.992174
11.2 0.00426003 0.00926893 -0.000152813 -3.89014e-11 2.56721e-08 -0.000152813 0.00923306 3.59434e-09 -1.74443e-10 5.12937e-11 -3.5944e-09 0.00923179 -3.59015e-06 2.58135e-08 -4.06356e-10 3.59015e-06 0.00919626 -0.0164866 -4.19697e-09 2.7697e-06 -0.0164866 0.99613 3.87784e-07 -1.88202e-08 5.53394e-09 -3.8779e-07 0.995993 -0.000387332 2.78495e-06 -4.38407e-08 0.000387331 0.99216
11.4 0.00433511 0.00925983 -0.000158197 -4.03457e-11 2.56458e-08 -0.000158197 0.00922396 3.59487e-09 -1.80502e-10 5.31056e-11 -3.59493e-09 0.0092226 -3.71766e-06 2.57883e-08 -4.20619e-10 3.71765e-06 0.0091871 -0.0170842 -4.35707e-09 2.76958e-06 -0.0170842 0.996127 3.88222e-07 -1.9493e-08 5.73505e-09 -3.88229e-07 0.99598 -0.000401482 2.78496e-06 -4.54241e-08 0.000401482 0.992146
11.6 0.00441013 0.00925057 -0.000163668 -4.18185e-11 2.56191e-08 -0.000163668 0.00921472 3.5954e-09 -1.86652e-10 5.49469e-11 -3.59547e-09 0.00921326 -3.84728e-06 2.57626e-08 -4.35108e-10 3.84728e-06 0.00917778 -0.0176927 -4.52064e-09 2.76946e-06 -0.0176927 0.996124 3.88667e-07 -2.01773e-08 5.93984e-09 -3.88675e-07 0.995967 -0.000415897 2.78498e-06 -4.70358e-08 0.000415896 0.992131
11.8 0.0044851 0.00924117 -0.000169225 -4.332e-11 2.55919e-08 -0.000169224 0.00920532 3.59593e-09 -1.92892e-10 5.68176e-11 -3.596e-09 0.00920377 -3.97903e-06 2.57366e-08 -4.4982e-10 3.97903e-06 0.0091683 -0.018312 -4.68771e-09 2.76934e-06 -0.018312 0.996121 3.89121e-07 -2.08732e-08 6.14831e-09 -3.89129e-07 0.995953 -0.000430577 2.78499e-06 -4.86757e-08 0.000430576 0.992115
12 0.0139046 0.00923161 -0.000174867 -4.48502e-11 2.55643e-08 -0.000174867 0.00919578 3.59646e-09 -1.99223e-10 5.87175e-11 -3.59654e-09 0.00919411 -4.11289e-06 2.57101e-08 -4.64756e-10 4.11288e-06 0.00915868 -0.0189422 -4.85832e-09 2.76922e-06 -0.0189422 0.996118 3.89581e-07 -2.15805e-08 6.36048e-09 -3.8959e-07 0.995938 -0.000445522 2.785e-06 -5.0344e-08 0.000445522 0.992099
13 0.0246683 0.00918163 -0.000204351 -5.29379e-11 2.542e-08 -0.000204351 0.00914584 3.59915e-09 -2.32192e-10 6.86503e-11 -3.59926e-09 0.00914356 -4.81359e-06 2.55715e-08 -5.42725e-10 4.81358e-06 0.00910824 -0.0222565 -5.76563e-09 2.76857e-06 -0.0222565 0.996103 3.91995e-07 -2.52888e-08 7.47692e-09 -3.92007e-07 0.995854 -0.000524263 2.78508e-06 -5.91099e-08 0.000524263 0.992008
14 0.0265294 0.009128 -0.000235907 -6.17671e-11 2.52651e-08 -0.000235907 0.00909227 3.60185e-09 -2.67279e-10 7.9292e-11 -3.60198e-09 0.00908921 -5.56595e-06 2.54228e-08 -6.26039e-10 5.56594e-06 0.00905402 -0.0258444 -6.76677e-09 2.76787e-06 -0.0258444 0.996086 3.94594e-07 -2.92813e-08 8.68668e-09 -3.94608e-07 0.995751 -0.000609767 2.78515e-06 -6.85845e-08 0.000609766 0.991896
15 0.0283823 0.00907081 -0.000269473 -7.13569e-11 2.51e-08 -0.000269473 0.00903515 3.60451e-09 -3.04373e-10 9.06231e-11 -3.60467e-09 0.00903112 -6.36898e-06 2.52642e-08 -7.14498e-10 6.36897e-06 0.00899608 -0.0297077 -7.86665e-09 2.76712e-06 -0.0297077 0.996069 3.97375e-07 -3.35552e-08 9.99063e-09 -3.97392e-07 0.995625 -0.000702141 2.78522e-06 -7.8769e-08 0.00070214 0.991761
16 0.0302266 0.00901014 -0.000304981 -8.17269e-11 2.49249e-08 -0.000304981 0.00897455 3.60708e-09 -3.43356e-10 1.02623e-10 -3.60727e-09 0.00896936 -7.22162e-06 2.50958e-08 -8.07889e-10 7.22162e-06 0.00893446 -0.0338486 -9.07055e-09 2.76632e-06 -0.0338486 0.996049 4.00336e-07 -3.81077e-08 1.13897e-08 -4.00356e-07 0.995474 -0.000801499 2.78529e-06 -8.96644e-08 0.000801499 0.9916
17 0.0320617 0.00894609 -0.00034236 -9.28971e-11 2.47401e-08 -0.000342359 0.00891056 3.60952e-09 -3.84106e-10 1.1527e-10 -3.60973e-09 0.00890398 -8.12275e-06 2.4918e-08 -9.05986e-10 8.12274e-06 0.00886924 -0.0382692 -1.03841e-08 2.76546e-06 -0.0382691 0.996029 4.03474e-07 -4.29356e-08 1.2885e-08 -4.03498e-07 0.995293 -0.000907967 2.78535e-06 -1.01272e-07 0.000907966 0.99141
18 0.0338871 0.00887875 -0.000381534 -1.04887e-10 2.45457e-08 -0.000381534 0.00884329 3.61176e-09 -4.26497e-10 1.28542e-10 -3.61201e-09 0.00883505 -9.07118e-06 2.47309e-08 -1.00855e-09 9.07117e-06 0.00880048 -0.0429717 -1.18133e-08 2.76455e-06 -0.0429716 0.996007 4.06788e-07 -4.80357e-08 1.44774e-08 -4.06815e-07 0.995079 -0.00102167 2.78541e-06 -1.13591e-07 0.00102167 0.991185
19 0.0357021 0.00880821 -0.000422428 -1.17718e-10 2.43422e-08 -0.000422427 0.00877283 3.61377e-09 -4.704e-10 1.42413e-10 -3.61403e-09 0.00876265 -1.00657e-05 2.45348e-08 -1.11533e-09 1.00656e-05 0.00872825 -0.0479584 -1.33646e-08 2.76358e-06 -0.0479584 0.995984 4.10274e-07 -5.34047e-08 1.61682e-08 -4.10303e-07 0.994828 -0.00114276 2.78545e-06 -1.26624e-07 0.00114276 0.990923
20 0.0375062 0.00873458 -0.000464958 -1.31408e-10 2.41297e-08 -0.000464958 0.00869928 3.61549e-09 -5.15681e-10 1.56859e-10 -3.61576e-09 0.00868684 -1.11049e-05 2.433e-08 -1.22607e-09 1.11049e-05 0.00865263 -0.0532319 -1.50446e-08 2.76255e-06 -0.0532319 0.995959 4.13929e-07 -5.90391e-08 1.79584e-08 -4.13959e-07 0.994535 -0.00127137 2.78549e-06 -1.4037e-07 0.00127137 0.990618
21 0.0392989 0.00865796 -0.000509042 -1.45976e-10 2.39086e-08 -0.000509042 0.00862275 3.61686e-09 -5.62205e-10 1.71854e-10 -3.61713e-09 0.00860771 -1.21875e-05 2.41168e-08 -1.3405e-09 1.21874e-05 0.00857369 -0.0587947 -1.68604e-08 2.76146e-06 -0.0587947 0.995933 4.1775e-07 -6.4935e-08 1.98492e-08 -4.1778e-07 0.994195 -0.00140766 2.78551e-06 -1.54829e-07 0.00140766 0.990266
22 0.0410797 0.00857847 -0.000554594 -1.61442e-10 2.36792e-08 -0.000554593 0.00854335 3.61784e-09 -6.09834e-10 1.8737e-10 -3.61807e-09 0.00852532 -1.3312e-05 2.38954e-08 -1.45834e-09 1.3312e-05 0.00849151 -0.0646495 -1.88194e-08 2.76031e-06 -0.0646494 0.995906 4.21734e-07 -7.10889e-08 2.18419e-08 -4.21762e-07 0.993804 -0.00155179 2.7855e-06 -1.7e-07 0.00155179 0.989863
23 0.0428479 0.00849622 -0.000601523 -1.77822e-10 2.34418e-08 -0.000601522 0.00846119 3.61835e-09 -6.58429e-10 2.0338e-10 -3.61854e-09 0.00843977 -1.4477e-05 2.36661e-08 -1.57929e-09 1.4477e-05 0.00840617 -0.0707989 -2.09295e-08 2.75909e-06 -0.0707988 0.995877 4.25878e-07 -7.74967e-08 2.39377e-08 -4.259e-07 0.993356 -0.00170393 2.78548e-06 -1.85882e-07 0.00170393 0.989401
24 0.0446031 0.00841133 -0.000649739 -1.95133e-10 2.31968e-08 -0.000649738 0.00837639 3.61836e-09 -7.0785e-10 2.19854e-10 -3.61846e-09 0.00835114 -1.5681e-05 2.34291e-08 -1.70307e-09 1.56809e-05 0.00831776 -0.0772457 -2.31988e-08 2.7578e-06 -0.0772457 0.995846 4.30177e-07 -8.41544e-08 2.61379e-08 -4.30189e-07 0.992844 -0.00186427 2.78543e-06 -2.02473e-07 0.00186426 0.988876
25 0.0463447 0.0083239 -0.000699148 -2.13389e-10 2.29443e-08 -0.000699148 0.00828906 3.6178e-09 -7.57956e-10 2.36763e-10 -3.61778e-09 0.00825951 -1.69223e-05 2.31849e-08 -1.82936e-09 1.69223e-05 0.00822636 -0.0839929 -2.56356e-08 2.75644e-06 -0.0839928 0.995815 4.34628e-07 -9.10577e-08 2.84437e-08 -4.34626e-07 0.992264 -0.00203297 2.78534e-06 -2.19771e-07 0.00203297 0.988282
26 0.0480722 0.00823408 -0.000749656 -2.32603e-10 2.26849e-08 -0.000749656 0.00819934 3.61663e-09 -8.08606e-10 2.54076e-10 -3.61643e-09 0.00816498 -1.81993e-05 2.29336e-08 -1.95784e-09 1.81993e-05 0.00813207 -0.0910432 -2.82489e-08 2.755e-06 -0.0910431 0.995781 4.39227e-07 -9.82024e-08 3.08567e-08 -4.39203e-07 0.991608 -0.00221025 2.78521e-06 -2.37773e-07 0.00221024 0.987612
27 0.049785 0.00814197 -0.000801166 -2.52788e-10 2.24187e-08 -0.000801166 0.00810734 3.61479e-09 -8.5966e-10 2.71762e-10 -3.61435e-09 0.00806764 -1.95105e-05 2.26757e-08 -2.08821e-09 1.95105e-05 0.00803497 -0.0983996 -3.10475e-08 2.75348e-06 -0.0983995 0.995747 4.4397e-07 -1.05584e-07 3.33779e-08 -4.43916e-07 0.99087 -0.00239629 2.78504e-06 -2.56475e-07 0.00239628 0.986858
28 0.0514827 0.00804771 -0.00085358 -2.73952e-10 2.21462e-08 -0.000853579 0.00801319 3.61222e-09 -9.1098e-10 2.8979e-10 -3.61147e-09 0.00796757 -2.0854e-05 2.24113e-08 -2.22014e-09 2.0854e-05 0.00793516 -0.106065 -3.4041e-08 2.75186e-06 -0.106065 0.99571 4.48851e-07 -1.13197e-07 3.6009e-08 -4.48758e-07 0.990042 -0.00259129 2.78481e-06 -2.75872e-07 0.00259129 0.986015
29 0.0531646 0.00795143 -0.000906799 -2.96103e-10 2.18676e-08 -0.000906798 0.00791702 3.60888e-09 -9.62426e-10 3.08127e-10 -3.60774e-09 0.00786488 -2.22281e-05 2.21409e-08 -2.35328e-09 2.22281e-05 0.00783274 -0.114042 -3.7239e-08 2.75015e-06 -0.114042 0.995672 4.53866e-07 -1.21038e-07 3.87511e-08 -4.53722e-07 0.989116 -0.00279549 2.78452e-06 -2.95957e-07 0.00279548 0.985073
30 0.0548304 0.00785325 -0.000960723 -3.19246e-10 2.15834e-08 -0.000960722 0.00781895 3.60473e-09 -1.01386e-09 3.2674e-10 -3.60308e-09 0.00775967 -2.3631e-05 2.18646e-08 -2.48732e-09 2.3631e-05 0.0077278 -0.122334 -4.06515e-08 2.74834e-06 -0.122334 0.995633 4.59011e-07 -1.29101e-07 4.16057e-08 -4.58801e-07 0.988084 -0.00300908 2.78415e-06 -3.16726e-07 0.00300907 0.984026
31 0.0564795 0.0077533 -0.00101525 -3.43383e-10 2.12937e-08 -0.00101525 0.00771912 3.5997e-09 -1.06516e-09 3.45596e-10 -3.59744e-09 0.00765203 -2.5061e-05 2.15829e-08 -2.62192e-09 2.50609e-05 0.00762043 -0.130944 -4.42886e-08 2.74641e-06 -0.130944 0.995591 4.6428e-07 -1.37381e-07 4.45741e-08 -4.63989e-07 0.986938 -0.00323229 2.78371e-06 -3.38168e-07 0.00323229 0.982863
32 0.0581114 0.00765173 -0.00107028 -3.68513e-10 2.09991e-08 -0.00107028 0.00761766 3.59376e-09 -1.11618e-09 3.64663e-10 -3.59076e-09 0.00754206 -2.6516e-05 2.12961e-08 -2.75672e-09 2.6516e-05 0.00751075 -0.139875 -4.81608e-08 2.74436e-06 -0.139875 0.995549 4.69667e-07 -1.45873e-07 4.76576e-08 -4.69275e-07 0.985668 -0.00346536 2.78317e-06 -3.60275e-07 0.00346536 0.981576
33 0.0597256 0.00754865 -0.00112572 -3.94634e-10 2.06997e-08 -0.00112572 0.00751471 3.58688e-09 -1.16679e-09 3.83906e-10 -3.58298e-09 0.00742987 -2.79943e-05 2.10043e-08 -2.8914e-09 2.79943e-05 0.00739885 -0.149128 -5.22787e-08 2.74217e-06 -0.149128 0.995504 4.75168e-07 -1.5457e-07 5.08575e-08 -4.74652e-07 0.984264 -0.00370852 2.78253e-06 -3.83036e-07 0.00370852 0.980156
34 0.0613216 0.0074442 -0.00118145 -4.21738e-10 2.0396e-08 -0.00118145 0.00741039 3.57899e-09 -1.21688e-09 4.03292e-10 -3.57404e-09 0.00731555 -2.94939e-05 2.0708e-08 -3.02561e-09 2.94939e-05 0.00728484 -0.158708 -5.66533e-08 2.73985e-06 -0.158708 0.995458 4.80776e-07 -1.63466e-07 5.41753e-08 -4.8011e-07 0.982718 -0.003962 2.78176e-06 -4.06438e-07 0.003962 0.978592
35 0.0628989 0.00733852 -0.00123739 -4.49817e-10 2.00882e-08 -0.00123739 0.00730484 3.57009e-09 -1.26631e-09 4.22786e-10 -3.56388e-09 0.00719921 -3.10129e-05 2.04075e-08 -3.159e-09 3.10129e-05 0.00716881 -0.168616 -6.12953e-08 2.73736e-06 -0.168616 0.99541 4.86486e-07 -1.72556e-07 5.76119e-08 -4.85639e-07 0.981016 -0.00422605 2.78087e-06 -4.30468e-07 0.00422604 0.976874
36 0.064457 0.00723174 -0.00129343 -4.78857e-10 1.97767e-08 -0.00129343 0.00719818 3.56012e-09 -1.31496e-09 4.42357e-10 -3.55244e-09 0.00708096 -3.25494e-05 2.01029e-08 -3.29124e-09 3.25493e-05 0.00705088 -0.178854 -6.62161e-08 2.73471e-06 -0.178854 0.99536 4.9229e-07 -1.81832e-07 6.11688e-08 -4.91229e-07 0.97915 -0.00450091 2.77982e-06 -4.55111e-07 0.0045009 0.97499
37 0.0659956 0.00712399 -0.00134947 -5.08843e-10 1.94618e-08 -0.00134946 0.00709057 3.54906e-09 -1.36273e-09 4.61969e-10 -3.53968e-09 0.00696089 -3.41013e-05 1.97948e-08 -3.42199e-09 3.41012e-05 0.00693114 -0.189425 -7.14267e-08 2.73187e-06 -0.189425 0.995308 4.98184e-07 -1.91287e-07 6.48469e-08 -4.96868e-07 0.977106 -0.00478682 2.77861e-06 -4.80347e-07 0.00478681 0.972929
38 0.067514 0.00701541 -0.00140541 -5.39754e-10 1.91438e-08 -0.00140541 0.00698212 3.53688e-09 -1.40949e-09 4.8159e-10 -3.52555e-09 0.00683913 -3.56666e-05 1.94832e-08 -3.55091e-09 3.56665e-05 0.0068097 -0.200331 -7.69384e-08 2.72883e-06 -0.200331 0.995255 5.04159e-07 -2.00914e-07 6.86475e-08 -5.02544e-07 0.974873 -0.00508404 2.77721e-06 -5.06159e-07 0.00508403 0.970678
39 0.0690118 0.00690612 -0.00146115 -5.71567e-10 1.88231e-08 -0.00146115 0.00687296 3.52357e-09 -1.45514e-09 5.01186e-10 -3.51e-09 0.00671576 -3.72433e-05 1.91686e-08 -3.67767e-09 3.72433e-05 0.00668667 -0.211574 -8.27624e-08 2.72556e-06 -0.211574 0.995199 5.10209e-07 -2.10703e-07 7.25713e-08 -5.08245e-07 0.972436 -0.0053928 2.7756e-06 -5.32523e-07 0.0053928 0.968225
40 0.10628 0.00679625 -0.00151661 -6.04255e-10 1.84998e-08 -0.00151661 0.00676324 3.50909e-09 -1.49957e-09 5.20725e-10 -3.49298e-09 0.0065909 -3.88295e-05 1.88512e-08 -3.80194e-09 3.88294e-05 0.00656216 -0.223154 -8.89101e-08 2.72206e-06 -0.223153 0.995142 5.16328e-07 -2.20647e-07 7.66195e-08 -5.13956e-07 0.969784 -0.00571337 2.77376e-06 -5.59417e-07 0.00571336 0.965555
42 0.146749 0.00657531 -0.00162627 -6.72131e-10 1.78471e-08 -0.00162627 0.00654258 3.47661e-09 -1.58437e-09 5.59503e-10 -3.45437e-09 0.00633711 -4.20218e-05 1.82089e-08 -4.04173e-09 4.20218e-05 0.00630908 -0.24733 -1.0222e-07 2.71427e-06 -0.247329 0.995022 5.28738e-07 -2.40957e-07 8.50915e-08 -5.25354e-07 0.963774 -0.00639085 2.76929e-06 -6.14684e-07 0.00639084 0.959511
44 0.152348 0.0063536 -0.00173366 -7.43093e-10 1.71881e-08 -0.00173365 0.00632115 3.43938e-09 -1.6631e-09 5.97672e-10 -3.40943e-09 0.00607862 -4.52273e-05 1.75587e-08 -4.26781e-09 4.52272e-05 0.00605133 -0.272862 -1.16956e-07 2.70525e-06 -0.272862 0.994894 5.41328e-07 -2.61757e-07 9.40683e-08 -5.36614e-07 0.956721 -0.00711837 2.76358e-06 -6.71716e-07 0.00711837 0.952426
46 0.157761 0.00613209 -0.00183807 -8.16793e-10 1.65248e-08 -0.00183806 0.00609994 3.39738e-09 -1.73505e-09 6.34993e-10 -3.35793e-09 0.00581625 -4.84295e-05 1.69023e-08 -4.47782e-09 4.84295e-05 0.00578972 -0.299745 -1.332e-07 2.69481e-06 -0.299745 0.994758 5.54032e-07 -2.82945e-07 1.03552e-07 -5.47599e-07 0.948494 -0.00789772 2.75637e-06 -7.30227e-07 0.00789771 0.944168
48 0.162982 0.00591174 -0.00193883 -8.92827e-10 1.58594e-08 -0.00193883 0.00587989 3.35067e-09 -1.79954e-09 6.71238e-10 -3.29967e-09 0.00555083 -5.16123e-05 1.62416e-08 -4.66956e-09 5.16123e-05 0.00552508 -0.327964 -1.51026e-07 2.6827e-06 -0.327963 0.994613 5.66782e-07 -3.04401e-07 1.13543e-07 -5.58156e-07 0.93895 -0.00873049 2.74736e-06 -7.8988e-07 0.00873048 0.934596
50 0.168004 0.00569343 -0.00203534 -9.70738e-10 1.51939e-08 -0.00203534 0.00566189 3.29937e-09 -1.85595e-09 7.06197e-10 -3.23455e-09 0.00528316 -5.47595e-05 1.55784e-08 -4.84104e-09 5.47595e-05 0.00525823 -0.35749 -1.70501e-07 2.66867e-06 -0.357489 0.99446 5.79505e-07 -3.25981e-07 1.24037e-07 -5.6812e-07 0.927939 -0.00961802 2.73621e-06 -8.50285e-07 0.00961801 0.92356
52 0.172821 0.00547804 -0.00212702 -1.05002e-09 1.45301e-08 -0.00212701 0.00544681 3.24368e-09 -1.90371e-09 7.39674e-10 -3.16253e-09 0.00501403 -5.78554e-05 1.49141e-08 -4.99047e-09 5.78553e-05 0.00498993 -0.388281 -1.91678e-07 2.65242e-06 -0.38828 0.994299 5.92125e-07 -3.47517e-07 1.35025e-07 -5.7731e-07 0.915298 -0.0105613 2.72253e-06 -9.10996e-07 0.0105613 0.910898
54 0.177428 0.00526634 -0.00221333 -1.13012e-09 1.38696e-08 -0.00221333 0.00523542 3.18384e-09 -1.94228e-09 7.71494e-10 -3.08361e-09 0.00474422 -6.08842e-05 1.42502e-08 -5.11629e-09 6.08842e-05 0.00472096 -0.420278 -2.14593e-07 2.63364e-06 -0.420278 0.994129 6.04563e-07 -3.68811e-07 1.46495e-07 -5.85532e-07 0.900856 -0.011561 2.7059e-06 -9.71507e-07 0.011561 0.89644
56 0.181819 0.0050591 -0.00229381 -1.21045e-09 1.32141e-08 -0.00229381 0.00502849 3.12014e-09 -1.97117e-09 8.01503e-10 -2.9979e-09 0.00447444 -6.38311e-05 1.35878e-08 -5.2172e-09 6.3831e-05 0.00445206 -0.453403 -2.39262e-07 2.61195e-06 -0.453402 0.99395 6.16738e-07 -3.89628e-07 1.58428e-07 -5.92576e-07 0.884434 -0.0126171 2.68582e-06 -1.03125e-06 0.0126171 0.88001
58 0.185988 0.00485699 -0.00236804 -1.2904e-09 1.2565e-08 -0.00236804 0.0048267 3.05294e-09 -1.98991e-09 8.29564e-10 -2.90557e-09 0.00420542 -6.66813e-05 1.29281e-08 -5.29217e-09 6.66812e-05 0.00418392 -0.487552 -2.65678e-07 2.58699e-06 -0.487552 0.993763 6.28565e-07 -4.09701e-07 1.70798e-07 -5.98225e-07 0.865848 -0.0137289 2.66175e-06 -1.0896e-06 0.0137289 0.861422
60 0.286303 0.00466064 -0.00243565 -1.36932e-09 1.19235e-08 -0.00243565 0.00463066 2.98261e-09 -1.9981e-09 8.55566e-10 -2.80685e-09 0.00393782 -6.94207e-05 1.22719e-08 -5.34045e-09 6.94206e-05 0.00391723 -0.5226 -2.93805e-07 2.55834e-06 -0.5226 0.993568 6.39957e-07 -4.28718e-07 1.83573e-07 -6.02246e-07 0.844909 -0.0148951 2.6331e-06 -1.14586e-06 0.0148951 0.840491
64 0.394175 0.0042874 -0.00254988 -1.52148e-09 1.06678e-08 -0.00254988 0.00425805 2.83431e-09 -1.98133e-09 9.01047e-10 -2.59156e-09 0.00340943 -7.45142e-05 1.09733e-08 -5.35538e-09 7.45141e-05 0.00339069 -0.594738 -3.54872e-07 2.48819e-06 -0.594738 0.993154 6.61079e-07 -4.6213e-07 2.10162e-07 -6.0446e-07 0.795222 -0.0173798 2.55943e-06 -1.2491e-06 0.0173798 0.790851
68 0.406626 0.00394309 -0.00263472 -1.66175e-09 9.45448e-09 -0.00263472 0.00391436 2.67886e-09 -1.91843e-09 9.37466e-10 -2.35527e-09 0.00289396 -7.90127e-05 9.69661e-09 -5.26185e-09 7.90126e-05 0.00287712 -0.668188 -4.21435e-07 2.39774e-06 -0.668187 0.992714 6.79381e-07 -4.86529e-07 2.37749e-07 -5.97316e-07 0.733932 -0.0200383 2.45914e-06 -1.33445e-06 0.0200383 0.729661
72 0.417095 0.00363041 -0.00268931 -1.78525e-09 8.28824e-09 -0.0026893 0.00360229 2.51999e-09 -1.80787e-09 9.64662e-10 -2.10218e-09 0.00239545 -8.28299e-05 8.44458e-09 -5.06433e-09 8.28299e-05 0.00238055 -0.740771 -4.91747e-07 2.283e-06 -0.74077 0.992253 6.94133e-07 -4.97979e-07 2.65717e-07 -5.79046e-07 0.659827 -0.0228156 2.32607e-06 -1.39497e-06 0.0228155 0.655724
76 0.425533 0.00335109 -0.00271359 -1.88763e-09 7.17139e-09 -0.00271359 0.00332356 2.36129e-09 -1.6494e-09 9.82747e-10 -1.83722e-09 0.0019173 -8.58943e-05 7.21839e-09 -4.77163e-09 8.58942e-05 0.00190439 -0.809763 -5.63289e-07 2.14002e-06 -0.809762 0.991783 7.04632e-07 -4.92196e-07 2.93262e-07 -5.48244e-07 0.572143 -0.0256317 2.15404e-06 -1.4239e-06 0.0256317 0.568288
80 0.431897 0.00310592 -0.0027083 -1.96545e-09 6.10353e-09 -0.0027083 0.00307895 2.20592e-09 -1.44434e-09 9.92049e-10 -1.56586e-09 0.00146228 -8.81497e-05 6.01794e-09 -4.39635e-09 8.81496e-05 0.00145136 -0.871982 -6.32806e-07 1.96513e-06 -0.87198 0.991316 7.10231e-07 -4.65027e-07 3.19406e-07 -5.04154e-07 0.470806 -0.0283812 1.93757e-06 -1.41547e-06 0.0283812 0.467289
84 0.436158 0.00289484 -0.00267484 -2.01624e-09 5.08156e-09 -0.00267484 0.00286841 2.05646e-09 -1.19594e-09 9.93046e-10 -1.29384e-09 0.0010325 -8.95564e-05 4.84221e-09 -3.9541e-09 8.95563e-05 0.00102359 -0.924003 -6.96495e-07 1.75538e-06 -0.924002 0.990869 7.10388e-07 -4.13129e-07 3.4304e-07 -4.46948e-07 0.356668 -0.0309365 1.6727e-06 -1.36591e-06 0.0309365 0.35359
88 0.328636 0.00271709 -0.00261518 -2.03875e-09 4.09981e-09 -0.00261517 0.00269116 1.91477e-09 -9.09652e-10 9.86298e-10 -1.02689e-09 0.00062945 -9.00918e-05 3.68957e-09 -3.46267e-09 9.00917e-05 0.000622551 -0.962493 -7.50345e-07 1.5089e-06 -0.962491 0.990459 7.04714e-07 -3.34789e-07 3.62999e-07 -3.77939e-07 0.231664 -0.0331575 1.35792e-06 -1.2744e-06 0.0331575 0.229124
90 0.219313 0.00264029 -0.00257626 -2.03933e-09 3.62159e-09 -0.00257625 0.00261461 1.84721e-09 -7.54616e-10 9.80204e-10 -8.9704e-10 0.000438266 -9.00304e-05 3.1213e-09 -3.2044e-09 9.00302e-05 0.000432371 -0.975749 -7.72389e-07 1.37167e-06 -0.975747 0.990274 6.99623e-07 -2.85808e-07 3.71249e-07 -3.39751e-07 0.165992 -0.0340987 1.18218e-06 -1.21366e-06 0.0340987 0.163759
92 0.328636 0.00257125 -0.00253172 -2.03289e-09 3.15026e-09 -0.00253172 0.0025458 1.78193e-09 -5.9317e-10 9.72392e-10 -7.70466e-10 0.000254074 -8.97504e-05 2.55806e-09 -2.94097e-09 8.97503e-05 0.000249181 -0.984627 -7.90623e-07 1.22519e-06 -0.984626 0.990104 6.93022e-07 -2.30694e-07 3.78179e-07 -2.99647e-07 0.0988137 -0.0349054 9.9487e-07 -1.14379e-06 0.0349053 0.0969106
96 0.436158 0.00245542 -0.00242724 -1.99969e-09 2.22301e-09 -0.00242723 0.00243042 1.65831e-09 -2.56364e-10 9.51886e-10 -5.2951e-10 -9.32101e-05 -8.85438e-05 1.4456e-09 -2.40811e-09 8.85437e-05 -9.61127e-05 -0.988523 -8.14399e-07 9.05347e-07 -0.988521 0.989817 6.75367e-07 -1.04407e-07 3.87668e-07 -2.1565e-07 -0.037961 -0.0360606 5.88741e-07 -9.80732e-07 0.0360605 -0.0391431
100 0.431897 0.0023673 -0.00230472 -1.94119e-09 1.30685e-09 -0.00230472 0.00234271 1.54363e-09 8.90835e-11 9.25287e-10 -3.08246e-10 -0.000412444 -8.65002e-05 3.50271e-10 -1.88241e-09 8.65e-05 -0.00041338 -0.973563 -8.2e-07 5.52042e-07 -0.973561 0.98961 6.52062e-07 3.76308e-08 3.90861e-07 -1.3021e-07 -0.174225 -0.0365395 1.47962e-07 -7.9517e-07 0.0365395 -0.174621
104 0.425533 0.00230433 -0.00216729 -1.86021e-09 3.9012e-10 -0.00216729 0.00228011 1.43714e-09 4.30229e-10 8.93029e-10 -1.10017e-10 -0.000704064 -8.36632e-05 -7.29569e-10 -1.38057e-09 8.36631e-05 -0.000703067 -0.94053 -8.07267e-07 1.69298e-07 -0.940529 0.989488 6.23669e-07 1.86704e-07 3.87544e-07 -4.77434e-08 -0.305539 -0.0363069 -3.16608e-07 -5.99118e-07 0.0363069 -0.305106
108 0.417095 0.00226376 -0.00201813 -1.76014e-09 -5.38458e-10 -0.00201812 0.00223987 1.3378e-09 7.53613e-10 8.55486e-10 6.28161e-11 -0.000968843 -8.00916e-05 -1.79505e-09 -9.16972e-10 8.00915e-05 -0.000965953 -0.891495 -7.77531e-07 -2.3786e-07 -0.891493 0.989448 5.90963e-07 3.32904e-07 3.77905e-07 2.77486e-08 -0.42798 -0.03538 -7.92951e-07 -4.05067e-07 0.0353799 -0.426704
112 0.406626 0.00224274 -0.00186034 -1.64469e-09 -1.48879e-09 -0.00186033 0.00221916 1.24442e-09 1.04611e-09 8.12986e-10 2.08909e-10 -0.00120782 -7.58571e-05 -2.84663e-09 -5.03181e-10 7.5857e-05 -0.00120309 -0.829493 -7.33337e-07 -6.63827e-07 -0.829491 0.989483 5.54865e-07 4.66442e-07 3.62496e-07 9.31489e-08 -0.538547 -0.0338234 -1.26926e-06 -2.2436e-07 0.0338233 -0.536437
116 0.394175 0.00223846 -0.00169695 -1.51765e-09 -2.46854e-09 -0.00169695 0.00221513 1.15589e-09 1.29581e-09 7.6585e-10 3.27923e-10 -0.00142226 -7.10436e-05 -3.88397e-09 -1.47618e-10 7.10435e-05 -0.00141574 -0.758091 -6.77989e-07 -1.10278e-06 -0.758089 0.989581 5.1638e-07 5.78884e-07 3.42133e-07 1.46495e-07 -0.635375 -0.0317377 -1.73511e-06 -6.59463e-08 0.0317377 -0.632462
120 0.379804 0.00224812 -0.00153084 -1.38274e-09 -3.48228e-09 -0.00153084 0.00222503 1.07128e-09 1.49285e-09 7.14429e-10 4.20452e-10 -0.00161356 -6.57448e-05 -4.90572e-09 1.44553e-10 6.57446e-05 -0.00160532 -0.680941 -6.15063e-07 -1.54897e-06 -0.68094 0.989729 4.76523e-07 6.64041e-07 3.17789e-07 1.87023e-07 -0.717736 -0.0292443 -2.18214e-06 6.42993e-08 0.0292442 -0.714071
124 0.363583 0.00226908 -0.00136467 -1.2434e-09 -4.53095e-09 -0.00136466 0.00224618 9.89918e-10 1.63009e-09 6.59142e-10 4.87915e-10 -0.00178323 -6.00628e-05 -5.9095e-09 3.71359e-10 6.00627e-05 -0.00177334 -0.60142 -5.47977e-07 -1.99683e-06 -0.601418 0.989912 4.36265e-07 7.18394e-07 2.90489e-07 2.15028e-07 -0.785885 -0.0264702 -2.60437e-06 1.63661e-07 0.0264701 -0.781527
128 0.34559 0.0022988 -0.00120089 -1.10276e-09 -5.61146e-09 -0.00120089 0.00227608 9.1146e-10 1.70363e-09 6.00519e-10 5.32416e-10 -0.00193284 -5.41061e-05 -6.89173e-09 5.33799e-10 5.4106e-05 -0.00192138 -0.522398 -4.79711e-07 -2.44104e-06 -0.522397 0.990116 3.96494e-07 7.41096e-07 2.61232e-07 2.31606e-07 -0.840805 -0.0235367 -2.99797e-06 2.32207e-07 0.0235366 -0.83582
132 0.325914 0.00233497 -0.00104173 -9.63542e-10 -6.71659e-09 -0.00104172 0.00231239 8.35884e-10 1.71304e-09 5.39231e-10 5.56586e-10 -0.00206397 -4.79873e-05 -7.84768e-09 6.35497e-10 4.79872e-05 -0.00205103 -0.446141 -4.12657e-07 -2.87652e-06 -0.44614 0.99033 3.57985e-07 7.33644e-07 2.30937e-07 2.3837e-07 -0.883939 -0.0205516 -3.36093e-06 2.72165e-07 0.0205515 -0.878397
136 0.304649 0.00237544 -0.000889154 -8.2809e-10 -7.83519e-09 -0.000889151 0.00235298 7.63444e-10 1.66135e-09 4.761e-10 5.63418e-10 -0.00217817 -4.18213e-05 -8.77143e-09 6.82268e-10 4.18212e-05 -0.00216384 -0.374311 -3.48605e-07 -3.29841e-06 -0.374309 0.990545 3.2139e-07 6.99387e-07 2.00426e-07 2.37184e-07 -0.916953 -0.0176057 -3.69255e-06 2.87217e-07 0.0176057 -0.91092
140 0.281901 0.0024183 -0.000744917 -6.98395e-10 -8.95255e-09 -0.000744915 0.00239594 6.94613e-10 1.55487e-09 4.12113e-10 5.56114e-10 -0.00227695 -3.5723e-05 -9.65605e-09 6.81625e-10 3.5723e-05 -0.00226133 -0.308034 -2.88796e-07 -3.702e-06 -0.308033 0.990752 2.87232e-07 6.42962e-07 1.70414e-07 2.29961e-07 -0.94155 -0.014772 -3.99291e-06 2.81861e-07 0.0147719 -0.935089
144 0.257779 0.00246182 -0.000610529 -5.76143e-10 -1.00511e-08 -0.000610527 0.00243953 6.30001e-10 1.40269e-09 3.48405e-10 5.37938e-10 -0.00236173 -2.98055e-05 -1.04937e-08 6.42273e-10 2.98054e-05 -0.00234492 -0.248 -2.34032e-07 -4.0828e-06 -0.247999 0.990947 2.55909e-07 5.69781e-07 1.41524e-07 2.18513e-07 -0.959346 -0.0121071 -4.26258e-06 2.60894e-07 0.0121071 -0.952517
148 0.232401 0.00250448 -0.000487286 -4.62783e-10 -1.11112e-08 -0.000487284 0.00248226 5.70282e-10 1.21612e-09 2.86238e-10 5.12094e-10 -0.00243385 -2.41776e-05 -1.12759e-08 5.73611e-10 2.41775e-05 -0.00241596 -0.194565 -1.84782e-07 -4.4365e-06 -0.194565 0.991125 2.27704e-07 4.85578e-07 1.1429e-07 2.04471e-07 -0.971799 -0.00965373 -4.50227e-06 2.29034e-07 0.0096537 -0.964656
152 0.205891 0.00254499 -0.000376284 -3.59573e-10 -1.21118e-08 -0.000376283 0.00252281 5.16123e-10 1.00797e-09 2.26961e-10 4.8162e-10 -0.00249453 -1.89427e-05 -1.19937e-08 4.85256e-10 1.89426e-05 -0.00247568 -0.147853 -1.41287e-07 -4.75908e-06 -0.147852 0.991285 2.02799e-07 3.96059e-07 8.91793e-08 1.89242e-07 -0.980172 -0.00744312 -4.71266e-06 1.90671e-07 0.0074431 -0.972764
156 0.178378 0.00258222 -0.000278439 -2.6763e-10 -1.30319e-08 -0.000278438 0.00256007 4.68128e-10 7.91789e-10 1.7196e-10 4.49309e-10 -0.00254485 -1.41963e-05 -1.26382e-08 3.86622e-10 1.41963e-05 -0.00252516 -0.107829 -1.03643e-07 -5.0468e-06 -0.107829 0.991424 1.81289e-07 3.06631e-07 6.65939e-08 1.74001e-07 -0.985529 -0.00549771 -4.89432e-06 1.49725e-07 0.0054977 -0.977901
160 0.0971232 0.00261523 -0.000194497 -1.87949e-10 -1.3851e-08 -0.000194497 0.00259311 4.26808e-10 5.81137e-10 1.22608e-10 4.17648e-10 -0.00258579 -1.00248e-05 -1.32008e-08 2.86555e-10 1.00248e-05 -0.00256537 -0.074371 -7.18672e-08 -5.29629e-06 -0.0743708 0.991541 1.63201e-07 2.22212e-07 4.68822e-08 1.59699e-07 -0.988742 -0.00383326 -5.04767e-06 1.09572e-07 0.00383325 -0.980935
161 0.0357021 0.00262273 -0.000175758 -1.70052e-10 -1.40377e-08 -0.000175757 0.00260061 4.17571e-10 5.30864e-10 1.11306e-10 4.10094e-10 -0.00259465 -9.08093e-06 -1.33277e-08 2.6227e-10 9.08091e-06 -0.00257407 -0.0670134 -6.48377e-08 -5.35233e-06 -0.0670132 0.991567 1.59212e-07 2.02409e-07 4.24392e-08 1.56362e-07 -0.989295 -0.0034624 -5.08162e-06 9.99989e-08 0.00346239 -0.981449
162 0.0338871 0.0026299 -0.000157934 -1.52989e-10 -1.42166e-08 -0.000157933 0.00260779 4.08781e-10 4.81935e-10 1.00459e-10 4.02746e-10 -0.00260299 -8.1788e-06 -1.34488e-08 2.38513e-10 8.17878e-06 -0.00258226 -0.0600531 -5.81729e-08 -5.40576e-06 -0.0600529 0.991592 1.55436e-07 1.83252e-07 3.81987e-08 1.53141e-07 -0.989768 -0.00310993 -5.11381e-06 9.06927e-08 0.00310992 -0.981885
163 0.0320617 0.00263674 -0.000141032 -1.36774e-10 -1.43875e-08 -0.000141032 0.00261464 4.00443e-10 4.3453e-10 9.00833e-11 3.95633e-10 -0.00261082 -7.31949e-06 -1.35641e-08 2.15393e-10 7.31947e-06 -0.00258995 -0.0534873 -5.18723e-08 -5.45653e-06 -0.0534871 0.991616 1.5187e-07 1.64798e-07 3.41646e-08 1.50046e-07 -0.990169 -0.00277596 -5.14427e-06 8.16891e-08 0.00277595 -0.982251
164 0.0302266 0.00264324 -0.000125061 -1.21418e-10 -1.455e-08 -0.00012506 0.00262114 3.92563e-10 3.88826e-10 8.01978e-11 3.88782e-10 -0.00261815 -6.50395e-06 -1.36734e-08 1.93015e-10 6.50394e-06 -0.00259714 -0.0473134 -4.59353e-08 -5.50461e-06 -0.0473132 0.991638 1.48516e-07 1.47102e-07 3.03407e-08 1.47085e-07 -0.990506 -0.0024606 -5.17297e-06 7.30222e-08 0.00246059 -0.982556
165 0.0283823 0.00264939 -0.000110026 -1.06933e-10 -1.4704e-08 -0.000110025 0.00262729 3.85144e-10 3.44993e-10 7.08197e-11 3.82217e-10 -0.00262498 -5.73313e-06 -1.37767e-08 1.71479e-10 5.73311e-06 -0.00260384 -0.0415286 -4.03613e-08 -5.54995e-06 -0.0415285 0.991658 1.45371e-07 1.30216e-07 2.67305e-08 1.44266e-07 -0.990786 -0.00216394 -5.19994e-06 6.47239e-08 0.00216393 -0.982807
166 0.0265294 0.00265518 -9.59328e-05 -9.33291e-11 -1.48492e-08 -9.59325e-05 0.00263308 3.78189e-10 3.03192e-10 6.19651e-11 3.75964e-10 -0.00263133 -5.00788e-06 -1.38737e-08 1.50878e-10 5.00787e-06 -0.00261007 -0.0361304 -3.51498e-08 -5.59253e-06 -0.0361303 0.991678 1.42434e-07 1.14189e-07 2.33374e-08 1.41597e-07 -0.991018 -0.00188608 -5.22516e-06 5.68241e-08 0.00188607 -0.98301
167 0.0246683 0.0026606 -8.27882e-05 -8.06168e-11 -1.49854e-08 -8.27879e-05 0.00263851 3.71701e-10 2.63576e-10 5.36499e-11 3.70045e-10 -0.00263721 -4.32903e-06 -1.39646e-08 1.31303e-10 4.32902e-06 -0.00261583 -0.0311163 -3.03002e-08 -5.63232e-06 -0.0311162 0.991696 1.39706e-07 9.90664e-08 2.01646e-08 1.39083e-07 -0.991206 -0.00162708 -5.24864e-06 4.93507e-08 0.00162708 -0.983173
168 0.0172754 0.00266565 -7.05969e-05 -6.88057e-11 -1.51123e-08 -7.05967e-05 0.00264356 3.65685e-10 2.26291e-10 4.58886e-11 3.6448e-10 -0.00264261 -3.69734e-06 -1.4049e-08 1.12835e-10 3.69733e-06 -0.00262114 -0.0264839 -2.5812e-08 -5.66928e-06 -0.0264838 0.991712 1.37184e-07 8.48914e-08 1.72148e-08 1.36732e-07 -0.991358 -0.00138703 -5.27038e-06 4.23292e-08 0.00138703 -0.983301
168.5 0.0109315 0.00266803 -6.48603e-05 -6.32409e-11 -1.51723e-08 -6.48601e-05 0.00264594 3.62853e-10 2.08565e-10 4.22202e-11 3.61837e-10 -0.00264514 -3.39941e-06 -1.40888e-08 1.04041e-10 3.3994e-06 -0.00262362 -0.0243102 -2.37032e-08 -5.68669e-06 -0.0243101 0.99172 1.36e-07 7.81717e-08 1.58245e-08 1.35619e-07 -0.991421 -0.00127413 -5.2806e-06 3.89955e-08 0.00127412 -0.983353
169 0.0104622 0.00267032 -5.93638e-05 -5.79048e-11 -1.52299e-08 -5.93636e-05 0.00264823 3.60141e-10 1.91471e-10 3.86953e-11 3.59289e-10 -0.00264756 -3.11353e-06 -1.4127e-08 9.55533e-11 3.11352e-06 -0.00262599 -0.022231 -2.16846e-08 -5.70338e-06 -0.0222309 0.991728 1.34868e-07 7.17035e-08 1.44909e-08 1.34549e-07 -0.991478 -0.00116598 -5.29038e-06 3.57835e-08 0.00116597 -0.983399
169.5 0.00999215 0.00267251 -5.41079e-05 -5.27984e-11 -1.5285e-08 -5.41077e-05 0.00265042 3.57547e-10 1.75026e-10 3.53157e-11 3.5684e-10 -0.00264987 -2.83979e-06 -1.41636e-08 8.738e-11 2.83978e-06 -0.00262825 -0.0202461 -1.97561e-08 -5.71936e-06 -0.020246 0.991735 1.33787e-07 6.54912e-08 1.32144e-08 1.33522e-07 -0.991528 -0.00106259 -5.29973e-06 3.26959e-08 0.00106259 -0.983438
170 0.0095213 0.0026746 -4.90931e-05 -4.79227e-11 -1.53378e-08 -4.9093e-05 0.00265251 3.55072e-10 1.59244e-10 3.20828e-11 3.5449e-10 -0.00265206 -2.57826e-06 -1.41985e-08 7.95298e-11 2.57825e-06 -0.0026304 -0.0183553 -1.79177e-08 -5.73461e-06 -0.0183553 0.991742 1.32757e-07 5.95393e-08 1.19953e-08 1.32539e-07 -0.991571 -0.000963979 -5.30865e-06 2.97352e-08 0.000963976 -0.983473
170.5 0.00904972 0.00267659 -4.432e-05 -4.32786e-11 -1.53881e-08 -4.43198e-05 0.00265451 3.52717e-10 1.44139e-10 2.89981e-11 3.52243e-10 -0.00265414 -2.32901e-06 -1.42318e-08 7.20106e-11 2.32901e-06 -0.00263243 -0.0165584 -1.61693e-08 -5.74914e-06 -0.0165583 0.991748 1.31778e-07 5.38517e-08 1.08339e-08 1.31601e-07 -0.991609 -0.000870141 -5.31713e-06 2.69038e-08 0.000870138 -0.983502
171 0.00857745 0.00267849 -3.97889e-05 -3.8867e-11 -1.5436e-08 -3.97888e-05 0.0026564 3.50481e-10 1.29725e-10 2.6063e-11 3.50099e-10 -0.0026561 -2.09213e-06 -1.42634e-08 6.48304e-11 2.09212e-06 -0.00263436 -0.014855 -1.45108e-08 -5.76293e-06 -0.0148549 0.991754 1.3085e-07 4.84323e-08 9.73047e-09 1.30708e-07 -0.991643 -0.000781084 -5.32517e-06 2.42041e-08 0.000781082 -0.983526
171.5 0.00810453 0.00268029 -3.55004e-05 -3.46889e-11 -1.54813e-08 -3.55003e-05 0.0026582 3.48365e-10 1.16016e-10 2.32788e-11 3.48061e-10 -0.00265796 -1.86766e-06 -1.42934e-08 5.79962e-11 1.86766e-06 -0.00263619 -0.013245 -1.29422e-08 -5.776e-06 -0.013245 0.99176 1.29973e-07 4.32849e-08 8.6852e-09 1.2986e-07 -0.991671 -0.000696814 -5.33278e-06 2.16381e-08 0.000696812 -0.983547
172 0.00763099 0.00268198 -3.14547e-05 -3.0745e-11 -1.55242e-08 -3.14546e-05 0.0026599 3.46369e-10 1.03023e-10 2.06469e-11 3.4613e-10 -0.00265971 -1.65568e-06 -1.43217e-08 5.15152e-11 1.65568e-06 -0.0026379 -0.0117282 -1.14635e-08 -5.78833e-06 -0.0117281 0.991765 1.29147e-07 3.84128e-08 7.69836e-09 1.29058e-07 -0.991696 -0.000617335 -5.33996e-06 1.92079e-08 0.000617334 -0.983563
172.5 0.00715688 0.00268358 -2.76524e-05 -2.70361e-11 -1.55646e-08 -2.76523e-05 0.0026615 3.44493e-10 9.07574e-11 1.81683e-11 3.44309e-10 -0.00266135 -1.45625e-06 -1.43483e-08 4.53939e-11 1.45625e-06 -0.00263951 -0.0103043 -1.00746e-08 -5.79993e-06 -0.0103043 0.991771 1.28371e-07 3.38195e-08 6.77018e-09 1.28302e-07 -0.991717 -0.000542652 -5.3467e-06 1.69154e-08 0.000542651 -0.983577
173 0.00668221 0.00268508 -2.40937e-05 -2.3563e-11 -1.56024e-08 -2.40936e-05 0.00266299 3.42738e-10 7.92313e-11 1.58443e-11 3.42598e-10 -0.00266288 -1.26942e-06 -1.43732e-08 3.96384e-11 1.26942e-06 -0.00264101 -0.00897319 -8.77556e-09 -5.81079e-06 -0.00897316 0.991775 1.27645e-07 2.9508e-08 5.90087e-09 1.27593e-07 -0.991735 -0.000472769 -5.353e-06 1.47625e-08 0.000472768 -0.983588
173.5 0.00620704 0.00268647 -2.0779e-05 -2.03264e-11 -1.56377e-08 -2.07789e-05 0.00266439 3.41103e-10 6.84547e-11 1.36759e-11 3.40998e-10 -0.00266431 -1.09525e-06 -1.43964e-08 3.42545e-11 1.09524e-06 -0.0026424 -0.00773468 -7.56621e-09 -5.82091e-06 -0.00773466 0.99178 1.26971e-07 2.54813e-08 5.09065e-09 1.26932e-07 -0.99175 -0.00040769 -5.35887e-06 1.27508e-08 0.000407689 -0.983597
174 0.0057314 0.00268776 -1.77086e-05 -1.73269e-11 -1.56704e-08 -1.77085e-05 0.00266568 3.39588e-10 5.84372e-11 1.1664e-11 3.39512e-10 -0.00266562 -9.33776e-07 -1.4418e-08 2.92477e-11 9.33773e-07 -0.00264369 -0.0065886 -6.44658e-09 -5.83029e-06 -0.00658858 0.991784 1.26346e-07 2.17419e-08 4.33968e-09 1.26318e-07 -0.991762 -0.000347418 -5.36431e-06 1.08818e-08 0.000347417 -0.983603
174.5 0.00525531 0.00268895 -1.48828e-05 -1.45651e-11 -1.57006e-08 -1.48827e-05 0.00266687 3.38194e-10 4.91878e-11 9.80972e-12 3.38141e-10 -0.00266683 -7.85055e-07 -1.44378e-08 2.46229e-11 7.85053e-07 -0.00264488 -0.00553478 -5.41663e-09 -5.83892e-06 -0.00553476 0.991788 1.25772e-07 1.82925e-08 3.64815e-09 1.25752e-07 -0.991772 -0.000291956 -5.36931e-06 9.15707e-09 0.000291955 -0.983608
175 0.00477883 0.00269004 -1.23018e-05 -1.20415e-11 -1.57282e-08 -1.23018e-05 0.00266796 3.36921e-10 4.07147e-11 8.11377e-12 3.36885e-10 -0.00266793 -6.49126e-07 -1.44559e-08 2.03848e-11 6.49124e-07 -0.00264596 -0.00457309 -4.47634e-09 -5.84681e-06 -0.00457307 0.991791 1.25248e-07 1.51353e-08 3.01622e-09 1.25234e-07 -0.991781 -0.000241307 -5.37387e-06 7.57788e-09 0.000241306 -0.983612
175.5 0.00430199 0.00269103 -9.96591e-06 -9.75681e-12 -1.57531e-08 -9.96587e-06 0.00266895 3.35769e-10 3.30256e-11 6.57697e-12 3.35745e-10 -0.00266893 -5.26027e-07 -1.44724e-08 1.65376e-11 5.26025e-07 -0.00264693 -0.00370338 -3.62568e-09 -5.85395e-06 -0.00370337 0.991795 1.24774e-07 1.22725e-08 2.44404e-09 1.24765e-07 -0.991788 -0.000195474 -5.37801e-06 6.14545e-09 0.000195474 -0.983614
176 0.00382481 0.00269191 -7.87532e-06 -7.71131e-12 -1.57755e-08 -7.8753e-06 0.00266983 3.34738e-10 2.61274e-11 5.20002e-12 3.34723e-10 -0.00266982 -4.15792e-07 -1.44871e-08 1.3085e-11 4.15791e-07 -0.00264781 -0.00292555 -2.86462e-09 -5.86034e-06 -0.00292554 0.991797 1.2435e-07 9.70588e-09 1.93172e-09 1.24344e-07 -0.991793 -0.00015446 -5.3817e-06 4.86087e-09 0.000154459 -0.983616
176.5 0.00334735 0.00269269 -6.03024e-06 -5.90548e-12 -1.57953e-08 -6.03022e-06 0.00267061 3.33828e-10 2.00261e-11 3.98357e-12 3.33819e-10 -0.0026706 -3.18453e-07 -1.45e-08 1.00306e-11 3.18452e-07 -0.00264858 -0.00223948 -2.19315e-09 -5.86599e-06 -0.00223948 0.9918 1.23976e-07 7.43721e-09 1.4794e-09 1.23972e-07 -0.991797 -0.000118266 -5.38496e-06 3.72512e-09 0.000118265 -0.983617
177 0.00286963 0.00269337 -4.43082e-06 -4.33968e-12 -1.58124e-08 -4.43081e-06 0.00267129 3.33039e-10 1.47273e-11 2.92817e-12 3.33035e-10 -0.00267128 -2.34037e-07 -1.45113e-08 7.37729e-12 2.34036e-07 -0.00264924 -0.00164509 -1.61125e-09 -5.87088e-06 -0.00164508 0.991802 1.23652e-07 5.46798e-09 1.08718e-09 1.2365e-07 -0.991801 -8.68937e-05 -5.38779e-06 2.73906e-09 8.68935e-05 -0.983617
177.5 0.00239169 0.00269394 -3.07722e-06 -3.01423e-12 -1.5827e-08 -3.07721e-06 0.00267186 3.32372e-10 1.02357e-11 2.03432e-12 3.3237e-10 -0.00267186 -1.62567e-07 -1.45208e-08 5.12775e-12 1.62567e-07 -0.0026498 -0.00114227 -1.11889e-09 -5.87502e-06 -0.00114227 0.991804 1.23378e-07 3.79951e-09 7.55145e-10 1.23377e-07 -0.991803 -6.03456e-05 -5.39018e-06 1.90344e-09 6.03455e-05 -0.983617
178 0.00191357 0.00269441 -1.96955e-06 -1.92941e-12 -1.58388e-08 -1.96955e-06 0.00267233 3.31826e-10 6.5552e-12 1.30242e-12 3.31825e-10 -0.00267233 -1.04065e-07 -1.45286e-08 3.28418e-12 1.04065e-07 -0.00265027 -0.000730979 -7.16078e-10 -5.87841e-06 -0.000730976 0.991805 1.23153e-07 2.43289e-09 4.83377e-10 1.23153e-07 -0.991805 -3.86226e-05 -5.39214e-06 1.21889e-09 3.86225e-05 -0.983617
178.5 0.00143531 0.00269477 -1.10793e-06 -1.08542e-12 -1.58481e-08 -1.10793e-06 0.00267269 3.31401e-10 3.68922e-12 7.32807e-13 3.31401e-10 -0.00267269 -5.85463e-08 -1.45347e-08 1.84841e-12 5.85461e-08 -0.00265062 -0.000411142 -4.02788e-10 -5.88105e-06 -0.00041114 0.991806 1.22979e-07 1.36903e-09 2.71936e-10 1.22979e-07 -0.991806 -2.17259e-05 -5.39366e-06 6.85925e-10 2.17258e-05 -0.983616
179 0.000956932 0.00269503 -4.92434e-07 -4.82451e-13 -1.58547e-08 -4.92432e-07 0.00267295 3.31097e-10 1.64026e-12 3.25755e-13 3.31097e-10 -0.00267295 -2.60236e-08 -1.4539e-08 8.21854e-13 2.60236e-08 -0.00265088 -0.000182719 -1.79015e-10 -5.88294e-06 -0.000182718 0.991807 1.22855e-07 6.08625e-10 1.20872e-10 1.22855e-07 -0.991807 -9.65614e-06 -5.39475e-06 3.04951e-10 9.65611e-06 -0.983616
179.5 0.000478484 0.00269519 -1.23111e-07 -1.20618e-13 -1.58587e-08 -1.23111e-07 0.00267311 3.30915e-10 4.10157e-13 8.14479e-14 3.30915e-10 -0.00267311 -6.50636e-09 -1.45416e-08 2.05514e-13 6.50635e-09 -0.00265103 -4.56782e-05 -4.47531e-11 -5.88407e-06 -4.5678e-05 0.991808 1.2278e-07 1.52181e-10 3.02197e-11 1.2278e-07 -0.991808 -2.41407e-06 -5.3954e-06 7.62523e-11 2.41406e-06 -0.983616
180 5.98114e-05 0.00269524 0 0 -1.586e-08 0 0.00267316 3.30854e-10 0 0 3.30854e-10 -0.00267316 0 -1.45425e-08 0 0 -0.00265108 0 0 -5.88444e-06 0 0.991808 1.22755e-07 0 0 1.22755e-07 -0.991808 0 -5.39562e-06 0 0 -0.983616
