theta 2pi*dcos S11 S12 S13 S14 S21 S22 S23 S24 S31 S32 S33 S34 S41 S42 S43 S44 S12_norm S13_norm S14_norm S21_norm S22_norm S23_norm S24_norm S31_norm S32_norm S33_norm S34_norm S41_norm S42_norm S43_norm S44_norm
0 2.39246e-06 1.93317 1.31819e-17 2.05164e-18 -3.27943e-05 1.29716e-17 1.93099 -7.37352e-05 -7.73646e-19 1.7799e-18 7.37352e-05 1.93099 2.07582e-18 -3.27999e-05 9.29605e-19 -1.21232e-18 1.92883 6.81882e-18 1.06129e-18 -1.6964e-05 6.71004e-18 0.998872 -3.81422e-05 -4.00196e-19 9.20719e-19 3.81422e-05 0.998872 1.07379e-18 -1.69669e-05 4.80872e-19 -6.27114e-19 0.997757
0.1 1.91397e-05 1.93315 -9.50225e-07 3.14485e-11 -3.27939e-05 -9.50223e-07 1.93097 -7.37345e-05 -4.1212e-11 -3.04158e-11 7.37345e-05 1.93097 1.85014e-06 -3.27995e-05 -3.26819e-11 -1.85014e-06 1.92882 -4.91542e-07 1.6268e-11 -1.6964e-05 -4.91541e-07 0.998872 -3.81421e-05 -2.13186e-11 -1.57338e-11 3.81421e-05 0.998872 9.57059e-07 -1.69669e-05 -1.6906e-11 -9.57057e-07 0.997757
0.2 3.82793e-05 1.93311 -3.80079e-06 1.2579e-10 -3.27929e-05 -3.80078e-06 1.93093 -7.37324e-05 -1.64844e-10 -1.21658e-10 7.37324e-05 1.93093 7.40044e-06 -3.27985e-05 -1.30725e-10 -7.40042e-06 1.92877 -1.96615e-06 6.50711e-11 -1.69638e-05 -1.96614e-06 0.998872 -3.81419e-05 -8.52742e-11 -6.29338e-11 3.81419e-05 0.998872 3.82825e-06 -1.69667e-05 -6.76241e-11 -3.82825e-06 0.997757
0.3 5.74188e-05 1.93304 -8.55133e-06 2.83011e-10 -3.27913e-05 -8.55131e-06 1.93086 -7.3729e-05 -3.70886e-10 -2.73711e-10 7.3729e-05 1.93086 1.66505e-05 -3.27968e-05 -2.94121e-10 -1.66505e-05 1.92871 -4.42377e-06 1.46407e-10 -1.69636e-05 -4.42376e-06 0.998872 -3.81414e-05 -1.91867e-10 -1.41596e-10 3.81414e-05 0.998872 8.61364e-06 -1.69664e-05 -1.52154e-10 -8.61362e-06 0.997757
0.4 7.65581e-05 1.93294 -1.52013e-05 5.03091e-10 -3.27889e-05 -1.52012e-05 1.93076 -7.37241e-05 -6.5932e-10 -4.86549e-10 7.37241e-05 1.93076 2.95998e-05 -3.27944e-05 -5.22856e-10 -2.95997e-05 1.92861 -7.86432e-06 2.60272e-10 -1.69632e-05 -7.8643e-06 0.998872 -3.81409e-05 -3.41096e-10 -2.51714e-10 3.81409e-05 0.998872 1.53133e-05 -1.69661e-05 -2.70497e-10 -1.53133e-05 0.997757
0.5 9.56972e-05 1.93282 -2.37498e-05 7.86e-10 -3.27859e-05 -2.37498e-05 1.93064 -7.37179e-05 -1.03012e-09 -7.60134e-10 7.37179e-05 1.93064 4.62473e-05 -3.27914e-05 -8.16911e-10 -4.62472e-05 1.92848 -1.22877e-05 4.0666e-10 -1.69628e-05 -1.22876e-05 0.998872 -3.81401e-05 -5.32963e-10 -3.93277e-10 3.81401e-05 0.998872 2.39274e-05 -1.69656e-05 -4.22653e-10 -2.39273e-05 0.997757
0.6 0.000114836 1.93267 -3.41959e-05 1.1317e-09 -3.27823e-05 -3.41959e-05 1.93049 -7.37103e-05 -1.48326e-09 -1.09442e-09 7.37103e-05 1.93049 6.6592e-05 -3.27877e-05 -1.17626e-09 -6.65919e-05 1.92833 -1.76937e-05 5.85565e-10 -1.69622e-05 -1.76936e-05 0.998872 -3.81392e-05 -7.67466e-10 -5.66275e-10 3.81392e-05 0.998872 3.4456e-05 -1.6965e-05 -6.08622e-10 -3.4456e-05 0.997757
0.7 0.000133974 1.93249 -4.65383e-05 1.54015e-09 -3.2778e-05 -4.65382e-05 1.93031 -7.37014e-05 -2.01868e-09 -1.48935e-09 7.37014e-05 1.93031 9.06324e-05 -3.27833e-05 -1.60088e-09 -9.06323e-05 1.92815 -2.40821e-05 7.96977e-10 -1.69615e-05 -2.4082e-05 0.998872 -3.81381e-05 -1.04461e-09 -7.70692e-10 3.81381e-05 0.998872 4.68994e-05 -1.69643e-05 -8.28405e-10 -4.68993e-05 0.997757
0.8 0.000153112 1.93228 -6.07755e-05 2.01128e-09 -3.2773e-05 -6.07753e-05 1.9301 -7.3691e-05 -2.63636e-09 -1.94486e-09 7.3691e-05 1.9301 0.000118367 -3.27782e-05 -2.09073e-09 -0.000118367 1.92794 -3.14528e-05 1.04089e-09 -1.69608e-05 -3.14527e-05 0.998872 -3.81369e-05 -1.36438e-09 -1.00651e-09 3.81369e-05 0.998872 6.12578e-05 -1.69635e-05 -1.082e-09 -6.12577e-05 0.997757
0.9 0.00017225 1.93204 -7.69057e-05 2.54504e-09 -3.27673e-05 -7.69055e-05 1.92986 -7.36793e-05 -3.33624e-09 -2.46086e-09 7.36793e-05 1.92986 0.000149794 -3.27725e-05 -2.64577e-09 -0.000149794 1.92771 -3.98054e-05 1.31728e-09 -1.69599e-05 -3.98053e-05 0.998872 -3.81355e-05 -1.72679e-09 -1.27371e-09 3.81355e-05 0.998872 7.75315e-05 -1.69626e-05 -1.36942e-09 -7.75314e-05 0.997757
1 0.000191387 1.93178 -9.4927e-05 3.14136e-09 -3.2761e-05 -9.49267e-05 1.9296 -7.36662e-05 -4.11824e-09 -3.03727e-09 7.36662e-05 1.9296 0.000184911 -3.2766e-05 -3.26595e-09 -0.000184911 1.92744 -4.91397e-05 1.62615e-09 -1.6959e-05 -4.91396e-05 0.998872 -3.81339e-05 -2.13184e-09 -1.57227e-09 3.81339e-05 0.998872 9.57208e-05 -1.69616e-05 -1.69065e-09 -9.57206e-05 0.997757
1.1 0.000210523 1.93149 -0.000114837 3.80015e-09 -3.2754e-05 -0.000114837 1.92931 -7.36517e-05 -4.98232e-09 -3.67399e-09 7.36517e-05 1.92931 0.000223716 -3.27589e-05 -3.95123e-09 -0.000223716 1.92715 -5.94553e-05 1.96747e-09 -1.69579e-05 -5.94552e-05 0.998872 -3.81321e-05 -2.57952e-09 -1.90216e-09 3.81321e-05 0.998872 0.000115826 -1.69605e-05 -2.04569e-09 -0.000115826 0.997757
1.2 0.000229659 1.93117 -0.000136634 4.52132e-09 -3.27463e-05 -0.000136633 1.92899 -7.36358e-05 -5.92838e-09 -4.37091e-09 7.36358e-05 1.92899 0.000266206 -3.27512e-05 -4.70154e-09 -0.000266206 1.92683 -7.07519e-05 2.34124e-09 -1.69567e-05 -7.07517e-05 0.998872 -3.81302e-05 -3.06984e-09 -2.26335e-09 3.81302e-05 0.998872 0.000137847 -1.69593e-05 -2.43456e-09 -0.000137847 0.997757
1.3 0.000248794 1.93082 -0.000160314 5.30479e-09 -3.2738e-05 -0.000160314 1.92864 -7.36186e-05 -6.95635e-09 -5.12791e-09 7.36186e-05 1.92864 0.000312379 -3.27427e-05 -5.51682e-09 -0.000312378 1.92649 -8.3029e-05 2.74743e-09 -1.69555e-05 -8.30288e-05 0.998872 -3.81281e-05 -3.6028e-09 -2.65582e-09 3.81281e-05 0.998872 0.000161786 -1.69579e-05 -2.85724e-09 -0.000161785 0.997757
1.4 0.000267929 1.93045 -0.000185875 6.15043e-09 -3.2729e-05 -0.000185875 1.92827 -7.36e-05 -8.06614e-09 -5.94486e-09 7.36e-05 1.92827 0.000362231 -3.27336e-05 -6.39701e-09 -0.00036223 1.92611 -9.62863e-05 3.18602e-09 -1.69541e-05 -9.6286e-05 0.998872 -3.81259e-05 -4.17838e-09 -3.07953e-09 3.81259e-05 0.998872 0.000187641 -1.69565e-05 -3.31375e-09 -0.000187641 0.997757
1.5 0.000287062 1.93004 -0.000213314 7.05815e-09 -3.27193e-05 -0.000213314 1.92787 -7.358e-05 -9.25765e-09 -6.82162e-09 7.358e-05 1.92787 0.000415758 -3.27238e-05 -7.34204e-09 -0.000415758 1.92571 -0.000110523 3.65699e-09 -1.69526e-05 -0.000110523 0.998872 -3.81235e-05 -4.7966e-09 -3.53444e-09 3.81235e-05 0.998871 0.000215414 -1.69549e-05 -3.80408e-09 -0.000215414 0.997757
1.6 0.000306195 1.92961 -0.000242628 8.02781e-09 -3.2709e-05 -0.000242627 1.92744 -7.35586e-05 -1.05308e-08 -7.75803e-09 7.35586e-05 1.92744 0.000472958 -3.27133e-05 -8.35182e-09 -0.000472958 1.92528 -0.000125739 4.16032e-09 -1.69511e-05 -0.000125739 0.998871 -3.81209e-05 -5.45746e-09 -4.02051e-09 3.81209e-05 0.998871 0.000245105 -1.69533e-05 -4.32823e-09 -0.000245105 0.997756
1.7 0.000325327 1.92916 -0.000273812 9.05929e-09 -3.2698e-05 -0.000273812 1.92698 -7.35359e-05 -1.18854e-08 -8.75395e-09 7.35359e-05 1.92698 0.000533827 -3.27022e-05 -9.42626e-09 -0.000533826 1.92483 -0.000141934 4.69599e-09 -1.69494e-05 -0.000141933 0.998871 -3.81182e-05 -6.16095e-09 -4.53771e-09 3.81182e-05 0.998871 0.000276715 -1.69515e-05 -4.88621e-09 -0.000276715 0.997756
1.8 0.000344457 1.92867 -0.000306864 1.01525e-08 -3.26864e-05 -0.000306863 1.92649 -7.35118e-05 -1.33215e-08 -9.80918e-09 7.35118e-05 1.92649 0.000598359 -3.26904e-05 -1.05653e-08 -0.000598358 1.92434 -0.000159106 5.26396e-09 -1.69476e-05 -0.000159106 0.998871 -3.81153e-05 -6.90707e-09 -5.08598e-09 3.81153e-05 0.998871 0.000310244 -1.69497e-05 -5.47802e-09 -0.000310244 0.997756
1.9 0.000363587 1.92816 -0.000341778 1.13071e-08 -3.26741e-05 -0.000341777 1.92598 -7.34863e-05 -1.48388e-08 -1.09236e-08 7.34863e-05 1.92598 0.000666552 -3.26779e-05 -1.17688e-08 -0.000666551 1.92383 -0.000177256 5.86422e-09 -1.69458e-05 -0.000177256 0.998871 -3.81122e-05 -7.69582e-09 -5.66529e-09 3.81122e-05 0.998871 0.000345694 -1.69477e-05 -6.10365e-09 -0.000345693 0.997756
2 0.000382716 1.92762 -0.000378551 1.25232e-08 -3.26611e-05 -0.00037855 1.92544 -7.34595e-05 -1.64372e-08 -1.20969e-08 7.34595e-05 1.92544 0.0007384 -3.26647e-05 -1.30367e-08 -0.000738399 1.92329 -0.000196383 6.49672e-09 -1.69438e-05 -0.000196382 0.998871 -3.81089e-05 -8.5272e-09 -6.27557e-09 3.81089e-05 0.998871 0.000383064 -1.69456e-05 -6.76312e-09 -0.000383063 0.997756
2.1 0.000401843 1.92705 -0.000417179 1.38005e-08 -3.26475e-05 -0.000417178 1.92487 -7.34313e-05 -1.81166e-08 -1.3329e-08 7.34313e-05 1.92487 0.000813899 -3.26509e-05 -1.43689e-08 -0.000813897 1.92273 -0.000216486 7.16145e-09 -1.69417e-05 -0.000216485 0.998871 -3.81055e-05 -9.40121e-09 -6.91678e-09 3.81055e-05 0.998871 0.000422355 -1.69434e-05 -7.45642e-09 -0.000422354 0.997756
2.2 0.000420969 1.92645 -0.000457656 1.51388e-08 -3.26332e-05 -0.000457655 1.92428 -7.34017e-05 -1.98769e-08 -1.46196e-08 7.34017e-05 1.92428 0.000893043 -3.26364e-05 -1.57653e-08 -0.000893041 1.92213 -0.000237564 7.85836e-09 -1.69395e-05 -0.000237563 0.998871 -3.8102e-05 -1.03179e-08 -7.58886e-09 3.8102e-05 0.998871 0.000463568 -1.69411e-05 -8.18356e-09 -0.000463567 0.997756
2.3 0.000440094 1.92583 -0.000499978 1.65379e-08 -3.26183e-05 -0.000499976 1.92366 -7.33708e-05 -2.17178e-08 -1.59685e-08 7.33708e-05 1.92366 0.000975827 -3.26212e-05 -1.72257e-08 -0.000975825 1.92151 -0.000259616 8.58743e-09 -1.69372e-05 -0.000259616 0.998871 -3.80982e-05 -1.12771e-08 -8.29176e-09 3.80982e-05 0.99887 0.000506704 -1.69387e-05 -8.94453e-09 -0.000506703 0.997756
2.4 0.000459218 1.92518 -0.000544139 1.79978e-08 -3.26026e-05 -0.000544137 1.92301 -7.33385e-05 -2.36393e-08 -1.73755e-08 7.33385e-05 1.92301 0.00106225 -3.26053e-05 -1.875e-08 -0.00106224 1.92086 -0.000282643 9.34862e-09 -1.69348e-05 -0.000282642 0.99887 -3.80943e-05 -1.2279e-08 -9.02541e-09 3.80943e-05 0.99887 0.000551764 -1.69362e-05 -9.73935e-09 -0.000551763 0.997755
2.5 0.00047834 1.9245 -0.000590134 1.95181e-08 -3.25864e-05 -0.000590132 1.92233 -7.33048e-05 -2.56412e-08 -1.88404e-08 7.33048e-05 1.92233 0.00115229 -3.25888e-05 -2.03382e-08 -0.00115229 1.92018 -0.000306642 1.01419e-08 -1.69324e-05 -0.000306641 0.99887 -3.80902e-05 -1.33235e-08 -9.78974e-09 3.80903e-05 0.99887 0.000598748 -1.69336e-05 -1.0568e-08 -0.000598747 0.997755
2.6 0.000497461 1.9238 -0.000637958 2.10987e-08 -3.25694e-05 -0.000637956 1.92162 -7.32698e-05 -2.77233e-08 -2.03628e-08 7.32698e-05 1.92162 0.00124596 -3.25716e-05 -2.199e-08 -0.00124596 1.91948 -0.000331614 1.09672e-08 -1.69298e-05 -0.000331613 0.99887 -3.8086e-05 -1.44107e-08 -1.05847e-08 3.8086e-05 0.99887 0.000647658 -1.69309e-05 -1.14305e-08 -0.000647657 0.997755
2.7 0.00051658 1.92307 -0.000687604 2.27393e-08 -3.25519e-05 -0.000687602 1.92089 -7.32335e-05 -2.98854e-08 -2.19426e-08 7.32335e-05 1.92089 0.00134325 -3.25538e-05 -2.37053e-08 -0.00134325 1.91875 -0.000357556 1.18245e-08 -1.69271e-05 -0.000357555 0.99887 -3.80816e-05 -1.55405e-08 -1.14102e-08 3.80816e-05 0.99887 0.000698494 -1.69281e-05 -1.23268e-08 -0.000698493 0.997755
2.8 0.000535698 1.92231 -0.000739067 2.44398e-08 -3.25336e-05 -0.000739065 1.92013 -7.31958e-05 -3.21273e-08 -2.35794e-08 7.31958e-05 1.92013 0.00144415 -3.25353e-05 -2.54841e-08 -0.00144414 1.91799 -0.000384469 1.27138e-08 -1.69243e-05 -0.000384468 0.99887 -3.80771e-05 -1.67129e-08 -1.22662e-08 3.80771e-05 0.998869 0.000751257 -1.69251e-05 -1.3257e-08 -0.000751256 0.997755
2.9 0.000554814 1.92152 -0.00079234 2.61998e-08 -3.25147e-05 -0.000792338 1.91935 -7.31567e-05 -3.44488e-08 -2.5273e-08 7.31567e-05 1.91935 0.00154865 -3.25161e-05 -2.73261e-08 -0.00154864 1.9172 -0.000412351 1.3635e-08 -1.69214e-05 -0.00041235 0.99887 -3.80723e-05 -1.79279e-08 -1.31526e-08 3.80723e-05 0.998869 0.000805949 -1.69221e-05 -1.42211e-08 -0.000805948 0.997755
3 0.000573928 1.9207 -0.000847417 2.80193e-08 -3.24952e-05 -0.000847415 1.91853 -7.31163e-05 -3.68497e-08 -2.7023e-08 7.31163e-05 1.91853 0.00165674 -3.24962e-05 -2.92312e-08 -0.00165674 1.91639 -0.000441201 1.4588e-08 -1.69184e-05 -0.0004412 0.998869 -3.80674e-05 -1.91855e-08 -1.40693e-08 3.80674e-05 0.998869 0.00086257 -1.69189e-05 -1.5219e-08 -0.000862568 0.997754
3.1 0.00059304 1.91986 -0.000904291 2.98978e-08 -3.2475e-05 -0.000904289 1.91769 -7.30745e-05 -3.93299e-08 -2.88293e-08 7.30745e-05 1.91769 0.00176843 -3.24757e-05 -3.11992e-08 -0.00176842 1.91555 -0.000471019 1.55729e-08 -1.69152e-05 -0.000471017 0.998869 -3.80624e-05 -2.04858e-08 -1.50163e-08 3.80624e-05 0.998869 0.000921121 -1.69157e-05 -1.62508e-08 -0.00092112 0.997754
3.2 0.000612151 1.91899 -0.000962955 3.18352e-08 -3.24541e-05 -0.000962953 1.91682 -7.30314e-05 -4.18891e-08 -3.06913e-08 7.30314e-05 1.91682 0.00188369 -3.24546e-05 -3.32301e-08 -0.00188369 1.91468 -0.000501802 1.65896e-08 -1.6912e-05 -0.000501801 0.998869 -3.80571e-05 -2.18287e-08 -1.59935e-08 3.80572e-05 0.998868 0.000981604 -1.69123e-05 -1.73164e-08 -0.000981602 0.997754
3.3 0.00063126 1.9181 -0.0010234 3.38313e-08 -3.24326e-05 -0.0010234 1.91593 -7.2987e-05 -4.4527e-08 -3.2609e-08 7.2987e-05 1.91593 0.00200253 -3.24327e-05 -3.53235e-08 -0.00200253 1.91379 -0.000533551 1.76379e-08 -1.69087e-05 -0.000533549 0.998869 -3.80518e-05 -2.32142e-08 -1.70007e-08 3.80518e-05 0.998868 0.00104402 -1.69088e-05 -1.84159e-08 -0.00104402 0.997754
3.4 0.000650367 1.91717 -0.00108563 3.58856e-08 -3.24104e-05 -0.00108562 1.915 -7.29412e-05 -4.72435e-08 -3.45818e-08 7.29412e-05 1.915 0.00212493 -3.24102e-05 -3.74793e-08 -0.00212493 1.91287 -0.000566263 1.8718e-08 -1.69053e-05 -0.000566262 0.998868 -3.80462e-05 -2.46423e-08 -1.80379e-08 3.80462e-05 0.998868 0.00110837 -1.69052e-05 -1.95492e-08 -0.00110837 0.997753
3.5 0.000669472 1.91622 -0.00114962 3.7998e-08 -3.23876e-05 -0.00114961 1.91405 -7.28941e-05 -5.00384e-08 -3.66095e-08 7.28941e-05 1.91405 0.0022509 -3.2387e-05 -3.96974e-08 -0.00225089 1.91192 -0.000599938 1.98296e-08 -1.69018e-05 -0.000599937 0.998868 -3.80405e-05 -2.6113e-08 -1.9105e-08 3.80405e-05 0.998867 0.00117465 -1.69015e-05 -2.07165e-08 -0.00117465 0.997753
3.6 0.000688575 1.91525 -0.00121537 4.01682e-08 -3.23641e-05 -0.00121536 1.91308 -7.28456e-05 -5.29113e-08 -3.86917e-08 7.28456e-05 1.91308 0.00238041 -3.23632e-05 -4.19776e-08 -0.0023804 1.91094 -0.000634575 2.09729e-08 -1.68981e-05 -0.000634573 0.998868 -3.80346e-05 -2.76263e-08 -2.02019e-08 3.80346e-05 0.998867 0.00124287 -1.68977e-05 -2.19176e-08 -0.00124287 0.997753
3.7 0.000707676 1.91424 -0.00128287 4.23959e-08 -3.234e-05 -0.00128287 1.91207 -7.27958e-05 -5.5862e-08 -4.0828e-08 7.27959e-05 1.91207 0.00251346 -3.23387e-05 -4.43196e-08 -0.00251345 1.90994 -0.000670171 2.21476e-08 -1.68944e-05 -0.00067017 0.998868 -3.80286e-05 -2.91823e-08 -2.13286e-08 3.80286e-05 0.998867 0.00131303 -1.68938e-05 -2.31526e-08 -0.00131303 0.997752
3.8 0.000726775 1.91321 -0.00135212 4.46807e-08 -3.23152e-05 -0.00135211 1.91104 -7.27447e-05 -5.88902e-08 -4.30181e-08 7.27448e-05 1.91104 0.00265004 -3.23136e-05 -4.67233e-08 -0.00265003 1.90891 -0.000706727 2.33538e-08 -1.68906e-05 -0.000706725 0.998868 -3.80224e-05 -3.07809e-08 -2.24848e-08 3.80224e-05 0.998866 0.00138513 -1.68897e-05 -2.44214e-08 -0.00138512 0.997752
3.9 0.000745871 1.91215 -0.0014231 4.70224e-08 -3.22898e-05 -0.0014231 1.90999 -7.26923e-05 -6.19958e-08 -4.52616e-08 7.26923e-05 1.90998 0.00279014 -3.22878e-05 -4.91885e-08 -0.00279014 1.90785 -0.00074424 2.45914e-08 -1.68866e-05 -0.000744238 0.998867 -3.8016e-05 -3.2422e-08 -2.36705e-08 3.8016e-05 0.998866 0.00145916 -1.68856e-05 -2.57242e-08 -0.00145916 0.997752
4 0.000764965 1.91107 -0.00149581 4.94206e-08 -3.22637e-05 -0.0014958 1.9089 -7.26385e-05 -6.51784e-08 -4.75582e-08 7.26386e-05 1.9089 0.00293376 -3.22613e-05 -5.1715e-08 -0.00293375 1.90677 -0.000782709 2.58603e-08 -1.68826e-05 -0.000782707 0.998867 -3.80094e-05 -3.41058e-08 -2.48857e-08 3.80095e-05 0.998866 0.00153514 -1.68813e-05 -2.70608e-08 -0.00153514 0.997751
4.1 0.000784057 1.90995 -0.00157024 5.18751e-08 -3.2237e-05 -0.00157023 1.90779 -7.25835e-05 -6.84377e-08 -4.99073e-08 7.25835e-05 1.90779 0.00308088 -3.22342e-05 -5.43025e-08 -0.00308087 1.90566 -0.000822133 2.71604e-08 -1.68784e-05 -0.000822131 0.998867 -3.80027e-05 -3.58321e-08 -2.61301e-08 3.80028e-05 0.998865 0.00161306 -1.6877e-05 -2.84313e-08 -0.00161306 0.997751
4.2 0.000803147 1.90881 -0.00164637 5.43855e-08 -3.22096e-05 -0.00164637 1.90665 -7.25271e-05 -7.17735e-08 -5.23087e-08 7.25271e-05 1.90665 0.00323149 -3.22065e-05 -5.69509e-08 -0.00323148 1.90452 -0.00086251 2.84918e-08 -1.68742e-05 -0.000862508 0.998866 -3.79959e-05 -3.76011e-08 -2.74037e-08 3.79959e-05 0.998865 0.00169293 -1.68725e-05 -2.98357e-08 -0.00169293 0.997751
4.3 0.000822234 1.90765 -0.00172421 5.69514e-08 -3.21816e-05 -0.0017242 1.90549 -7.24694e-05 -7.51855e-08 -5.47618e-08 7.24694e-05 1.90548 0.00338558 -3.2178e-05 -5.96599e-08 -0.00338558 1.90336 -0.000903839 2.98542e-08 -1.68698e-05 -0.000903836 0.998866 -3.79889e-05 -3.94127e-08 -2.87064e-08 3.79889e-05 0.998864 0.00177474 -1.68679e-05 -3.1274e-08 -0.00177474 0.99775
4.4 0.000841318 1.90646 -0.00180373 5.95725e-08 -3.2153e-05 -0.00180373 1.90429 -7.24104e-05 -7.86734e-08 -5.72663e-08 7.24104e-05 1.90429 0.00354315 -3.2149e-05 -6.24293e-08 -0.00354314 1.90217 -0.000946118 3.12478e-08 -1.68653e-05 -0.000946116 0.998866 -3.79817e-05 -4.12668e-08 -3.00381e-08 3.79817e-05 0.998864 0.0018585 -1.68632e-05 -3.27463e-08 -0.0018585 0.99775
4.5 0.0008604 1.90524 -0.00188494 6.22485e-08 -3.21237e-05 -0.00188493 1.90308 -7.235e-05 -8.22368e-08 -5.98217e-08 7.23501e-05 1.90307 0.00370418 -3.21192e-05 -6.52589e-08 -0.00370417 1.90095 -0.000989346 3.26723e-08 -1.68607e-05 -0.000989343 0.998866 -3.79743e-05 -4.31636e-08 -3.13986e-08 3.79743e-05 0.998863 0.00194421 -1.68584e-05 -3.42524e-08 -0.00194421 0.997749
4.6 0.00087948 1.90399 -0.00196781 6.49789e-08 -3.20938e-05 -0.00196781 1.90183 -7.22884e-05 -8.58755e-08 -6.24276e-08 7.22885e-05 1.90183 0.00386866 -3.20889e-05 -6.81484e-08 -0.00386865 1.8997 -0.00103352 3.41277e-08 -1.6856e-05 -0.00103352 0.998865 -3.79668e-05 -4.51029e-08 -3.27877e-08 3.79668e-05 0.998863 0.00203187 -1.68535e-05 -3.57924e-08 -0.00203187 0.997749
4.7 0.000898556 1.90272 -0.00205235 6.77634e-08 -3.20632e-05 -0.00205235 1.90056 -7.22255e-05 -8.95892e-08 -6.50834e-08 7.22255e-05 1.90055 0.00403658 -3.20579e-05 -7.10976e-08 -0.00403657 1.89843 -0.00107864 3.5614e-08 -1.68512e-05 -0.00107864 0.998865 -3.79591e-05 -4.70848e-08 -3.42055e-08 3.79591e-05 0.998862 0.00212148 -1.68484e-05 -3.73663e-08 -0.00212148 0.997748
4.8 0.00091763 1.90142 -0.00213854 7.06017e-08 -3.2032e-05 -0.00213853 1.89926 -7.21613e-05 -9.33775e-08 -6.77889e-08 7.21613e-05 1.89925 0.00420793 -3.20262e-05 -7.41063e-08 -0.00420792 1.89714 -0.00112471 3.71311e-08 -1.68463e-05 -0.0011247 0.998865 -3.79513e-05 -4.91093e-08 -3.56517e-08 3.79513e-05 0.998862 0.00221305 -1.68433e-05 -3.89742e-08 -0.00221304 0.997748
4.9 0.000936701 1.90009 -0.00222636 7.34934e-08 -3.20001e-05 -0.00222636 1.89794 -7.20958e-05 -9.724e-08 -7.05434e-08 7.20958e-05 1.89793 0.00438269 -3.19939e-05 -7.71742e-08 -0.00438269 1.89581 -0.00117171 3.86788e-08 -1.68413e-05 -0.00117171 0.998864 -3.79433e-05 -5.11764e-08 -3.71263e-08 3.79433e-05 0.998861 0.00230657 -1.6838e-05 -4.0616e-08 -0.00230656 0.997747
5 0.00095577 1.89874 -0.00231582 7.64379e-08 -3.19676e-05 -0.00231581 1.89659 -7.2029e-05 -1.01177e-07 -7.33466e-08 7.2029e-05 1.89658 0.00456087 -3.19609e-05 -8.0301e-08 -0.00456086 1.89446 -0.00121966 4.02571e-08 -1.68362e-05 -0.00121966 0.998864 -3.79351e-05 -5.32861e-08 -3.8629e-08 3.79351e-05 0.99886 0.00240205 -1.68327e-05 -4.22917e-08 -0.00240204 0.997747
5.1 0.000974835 1.89736 -0.00240689 7.94351e-08 -3.19345e-05 -0.00240688 1.89521 -7.19609e-05 -1.05187e-07 -7.61978e-08 7.1961e-05 1.8952 0.00474243 -3.19273e-05 -8.34865e-08 -0.00474242 1.89309 -0.00126854 4.1866e-08 -1.6831e-05 -0.00126854 0.998864 -3.79268e-05 -5.54383e-08 -4.01598e-08 3.79268e-05 0.99886 0.00249948 -1.68272e-05 -4.40013e-08 -0.00249948 0.997746
5.2 0.000993897 1.89596 -0.00249957 8.24843e-08 -3.19008e-05 -0.00249956 1.8938 -7.18915e-05 -1.0927e-07 -7.90967e-08 7.18916e-05 1.8938 0.00492738 -3.18931e-05 -8.67304e-08 -0.00492737 1.89169 -0.00131837 4.35053e-08 -1.68257e-05 -0.00131836 0.998863 -3.79183e-05 -5.76331e-08 -4.17185e-08 3.79183e-05 0.998859 0.00259888 -1.68216e-05 -4.57449e-08 -0.00259888 0.997746
5.3 0.00101296 1.89453 -0.00259384 8.55854e-08 -3.18664e-05 -0.00259384 1.89238 -7.18209e-05 -1.13426e-07 -8.20427e-08 7.1821e-05 1.89237 0.00511569 -3.18582e-05 -9.00325e-08 -0.00511569 1.89026 -0.00136912 4.5175e-08 -1.68202e-05 -0.00136912 0.998863 -3.79096e-05 -5.98705e-08 -4.3305e-08 3.79097e-05 0.998858 0.00270024 -1.68159e-05 -4.75224e-08 -0.00270024 0.997745
5.4 0.00103201 1.89307 -0.0026897 8.87377e-08 -3.18314e-05 -0.00268969 1.89092 -7.1749e-05 -1.17655e-07 -8.50352e-08 7.17491e-05 1.89091 0.00530736 -3.18226e-05 -9.33924e-08 -0.00530736 1.8888 -0.00142081 4.68749e-08 -1.68147e-05 -0.00142081 0.998863 -3.79008e-05 -6.21504e-08 -4.49191e-08 3.79008e-05 0.998858 0.00280357 -1.68101e-05 -4.93338e-08 -0.00280357 0.997744
5.5 0.00105107 1.89159 -0.00278713 9.19409e-08 -3.17957e-05 -0.00278712 1.88944 -7.16758e-05 -1.21956e-07 -8.80738e-08 7.16759e-05 1.88943 0.00550238 -3.17865e-05 -9.681e-08 -0.00550237 1.88732 -0.00147343 4.86051e-08 -1.6809e-05 -0.00147343 0.998862 -3.78918e-05 -6.44729e-08 -4.65607e-08 3.78919e-05 0.998857 0.00290887 -1.68041e-05 -5.11792e-08 -0.00290886 0.997744
5.6 0.00107012 1.89008 -0.00288612 9.51945e-08 -3.17595e-05 -0.00288611 1.88793 -7.16014e-05 -1.26329e-07 -9.1158e-08 7.16014e-05 1.88792 0.00570072 -3.17497e-05 -1.00285e-07 -0.00570072 1.88581 -0.00152698 5.03653e-08 -1.68032e-05 -0.00152698 0.998862 -3.78827e-05 -6.68379e-08 -4.82297e-08 3.78827e-05 0.998856 0.00301613 -1.67981e-05 -5.30585e-08 -0.00301612 0.997743
5.7 0.00108916 1.88855 -0.00298666 9.84981e-08 -3.17226e-05 -0.00298665 1.8864 -7.15257e-05 -1.30773e-07 -9.42871e-08 7.15257e-05 1.88638 0.00590239 -3.17122e-05 -1.03817e-07 -0.00590238 1.88428 -0.00158146 5.21555e-08 -1.67973e-05 -0.00158146 0.998862 -3.78734e-05 -6.92455e-08 -4.99258e-08 3.78734e-05 0.998855 0.00312536 -1.67919e-05 -5.49717e-08 -0.00312536 0.997742
5.8 0.00110821 1.88698 -0.00308873 1.01851e-07 -3.1685e-05 -0.00308872 1.88484 -7.14487e-05 -1.35288e-07 -9.74607e-08 7.14488e-05 1.88482 0.00610735 -3.16742e-05 -1.07405e-07 -0.00610734 1.88272 -0.00163686 5.39757e-08 -1.67914e-05 -0.00163686 0.998861 -3.78639e-05 -7.16956e-08 -5.16489e-08 3.7864e-05 0.998854 0.00323657 -1.67856e-05 -5.6919e-08 -0.00323656 0.997741
5.9 0.00112725 1.8854 -0.00319233 1.05253e-07 -3.16469e-05 -0.00319232 1.88325 -7.13705e-05 -1.39874e-07 -1.00678e-07 7.13706e-05 1.88324 0.00631561 -3.16355e-05 -1.1105e-07 -0.0063156 1.88114 -0.00169319 5.58256e-08 -1.67852e-05 -0.00169318 0.998861 -3.78543e-05 -7.41882e-08 -5.33989e-08 3.78544e-05 0.998854 0.00334975 -1.67792e-05 -5.89001e-08 -0.00334974 0.997741
6 0.00172656 1.88379 -0.00329744 1.08704e-07 -3.16081e-05 -0.00329743 1.88164 -7.1291e-05 -1.4453e-07 -1.03939e-07 7.12911e-05 1.88162 0.00652714 -3.15961e-05 -1.14751e-07 -0.00652713 1.87953 -0.00175043 5.77053e-08 -1.6779e-05 -0.00175043 0.99886 -3.78446e-05 -7.67234e-08 -5.51755e-08 3.78446e-05 0.998853 0.00346491 -1.67727e-05 -6.09153e-08 -0.0034649 0.99774
6.2 0.00236869 1.88048 -0.00351213 1.1575e-07 -3.15287e-05 -0.00351212 1.87834 -7.11284e-05 -1.54052e-07 -1.10588e-07 7.11285e-05 1.87832 0.00695997 -3.15156e-05 -1.22321e-07 -0.00695996 1.87623 -0.00186768 6.15533e-08 -1.67663e-05 -0.00186767 0.99886 -3.78245e-05 -8.19214e-08 -5.88083e-08 3.78246e-05 0.998851 0.00370116 -1.67593e-05 -6.50474e-08 -0.00370116 0.997738
6.4 0.00244479 1.87708 -0.00373271 1.22984e-07 -3.14468e-05 -0.0037327 1.87494 -7.09608e-05 -1.63849e-07 -1.17403e-07 7.09609e-05 1.87492 0.00740574 -3.14325e-05 -1.30111e-07 -0.00740573 1.87283 -0.00198858 6.55191e-08 -1.67531e-05 -0.00198857 0.998859 -3.78038e-05 -8.72894e-08 -6.25458e-08 3.78039e-05 0.998849 0.00394535 -1.67455e-05 -6.93155e-08 -0.00394535 0.997736
6.6 0.00252085 1.87357 -0.00395907 1.30404e-07 -3.13625e-05 -0.00395906 1.87143 -7.07883e-05 -1.73919e-07 -1.2438e-07 7.07885e-05 1.87141 0.00786431 -3.1347e-05 -1.38119e-07 -0.0078643 1.86933 -0.00211311 6.96016e-08 -1.67394e-05 -0.00211311 0.998858 -3.77825e-05 -9.28274e-08 -6.63866e-08 3.77826e-05 0.998846 0.00419749 -1.67311e-05 -7.37194e-08 -0.00419749 0.997734
6.8 0.00259689 1.86997 -0.0041911 1.38003e-07 -3.12757e-05 -0.00419109 1.86783 -7.0611e-05 -1.84258e-07 -1.31513e-07 7.06111e-05 1.8678 0.00833557 -3.1259e-05 -1.46342e-07 -0.00833556 1.86572 -0.00224127 7.38e-08 -1.67253e-05 -0.00224126 0.998857 -3.77606e-05 -9.85353e-08 -7.03293e-08 3.77607e-05 0.998844 0.00445761 -1.67163e-05 -7.82593e-08 -0.0044576 0.997732
7 0.00267289 1.86626 -0.00442868 1.4578e-07 -3.11865e-05 -0.00442866 1.86412 -7.04288e-05 -1.94862e-07 -1.38798e-07 7.0429e-05 1.8641 0.00881939 -3.11685e-05 -1.54778e-07 -0.00881938 1.86202 -0.00237303 7.81134e-08 -1.67107e-05 -0.00237302 0.998856 -3.7738e-05 -1.04413e-07 -7.43724e-08 3.77381e-05 0.998842 0.00472571 -1.67011e-05 -8.29352e-08 -0.00472571 0.997729
7.2 0.00274886 1.86245 -0.00467169 1.53728e-07 -3.10948e-05 -0.00467168 1.86032 -7.02419e-05 -2.05728e-07 -1.46229e-07 7.02421e-05 1.86029 0.00931565 -3.10756e-05 -1.63424e-07 -0.00931563 1.85822 -0.00250836 8.25409e-08 -1.66957e-05 -0.00250835 0.998855 -3.77148e-05 -1.10461e-07 -7.85143e-08 3.77149e-05 0.998839 0.00500183 -1.66853e-05 -8.7747e-08 -0.00500182 0.997727
7.4 0.0028248 1.85854 -0.00492002 1.61844e-07 -3.10008e-05 -0.00492001 1.85641 -7.00502e-05 -2.16851e-07 -1.538e-07 7.00504e-05 1.85638 0.0098242 -3.09802e-05 -1.72277e-07 -0.00982419 1.85431 -0.00264725 8.70814e-08 -1.66802e-05 -0.00264724 0.998854 -3.7691e-05 -1.16678e-07 -8.27533e-08 3.76911e-05 0.998836 0.00528598 -1.66691e-05 -9.26948e-08 -0.00528597 0.997724
7.6 0.00290071 1.85453 -0.00517355 1.70124e-07 -3.09044e-05 -0.00517354 1.85241 -6.98538e-05 -2.28229e-07 -1.61508e-07 6.98541e-05 1.85237 0.0103449 -3.08824e-05 -1.81334e-07 -0.0103449 1.85031 -0.00278968 9.17341e-08 -1.66642e-05 -0.00278967 0.998853 -3.76665e-05 -1.23065e-07 -8.7088e-08 3.76666e-05 0.998833 0.00557817 -1.66524e-05 -9.77787e-08 -0.00557817 0.997721
7.8 0.00297657 1.85043 -0.00543215 1.78562e-07 -3.08056e-05 -0.00543213 1.84831 -6.96528e-05 -2.39857e-07 -1.69345e-07 6.96531e-05 1.84826 0.0108777 -3.07822e-05 -1.90592e-07 -0.0108776 1.84621 -0.00293561 9.64977e-08 -1.66478e-05 -0.00293561 0.998852 -3.76414e-05 -1.29622e-07 -9.15164e-08 3.76416e-05 0.99883 0.00587845 -1.66352e-05 -1.02999e-07 -0.00587844 0.997718
8 0.00305241 1.84623 -0.00569569 1.87155e-07 -3.07044e-05 -0.00569568 1.84411 -6.94472e-05 -2.5173e-07 -1.77306e-07 6.94475e-05 1.84406 0.0114223 -3.06796e-05 -2.00047e-07 -0.0114223 1.84201 -0.00308504 1.01371e-07 -1.66309e-05 -0.00308503 0.998851 -3.76157e-05 -1.36348e-07 -9.60369e-08 3.76159e-05 0.998826 0.00618682 -1.66175e-05 -1.08354e-07 -0.00618681 0.997715
8.2 0.0031282 1.84193 -0.00596405 1.95896e-07 -3.06009e-05 -0.00596404 1.83981 -6.9237e-05 -2.63846e-07 -1.85386e-07 6.92374e-05 1.83976 0.0119786 -3.05747e-05 -2.09697e-07 -0.0119786 1.83771 -0.00323794 1.06354e-07 -1.66135e-05 -0.00323793 0.99885 -3.75894e-05 -1.43244e-07 -1.00648e-07 3.75896e-05 0.998823 0.00650331 -1.65993e-05 -1.13846e-07 -0.0065033 0.997711
8.4 0.00320396 1.83753 -0.0062371 2.04782e-07 -3.0495e-05 -0.00623708 1.83542 -6.90223e-05 -2.76199e-07 -1.93579e-07 6.90227e-05 1.83536 0.0125466 -3.04674e-05 -2.19539e-07 -0.0125466 1.83332 -0.00339427 1.11444e-07 -1.65956e-05 -0.00339426 0.998849 -3.75625e-05 -1.50309e-07 -1.05347e-07 3.75627e-05 0.998819 0.00682794 -1.65806e-05 -1.19475e-07 -0.00682793 0.997708
8.6 0.00327968 1.83304 -0.00651469 2.13808e-07 -3.03869e-05 -0.00651467 1.83093 -6.88032e-05 -2.88784e-07 -2.01878e-07 6.88036e-05 1.83087 0.013126 -3.03578e-05 -2.29568e-07 -0.0131259 1.82884 -0.00355403 1.16641e-07 -1.65773e-05 -0.00355402 0.998847 -3.75349e-05 -1.57544e-07 -1.10133e-07 3.75351e-05 0.998815 0.00716074 -1.65614e-05 -1.25239e-07 -0.00716073 0.997704
8.8 0.00335535 1.82846 -0.0067967 2.22968e-07 -3.02764e-05 -0.00679668 1.82635 -6.85796e-05 -3.01599e-07 -2.10278e-07 6.858e-05 1.82628 0.0137166 -3.02458e-05 -2.39782e-07 -0.0137166 1.82425 -0.00371717 1.21943e-07 -1.65584e-05 -0.00371716 0.998846 -3.75068e-05 -1.64947e-07 -1.15003e-07 3.7507e-05 0.99881 0.00750173 -1.65417e-05 -1.31139e-07 -0.00750172 0.997699
9 0.00343099 1.82378 -0.00708298 2.32257e-07 -3.01637e-05 -0.00708296 1.82167 -6.83517e-05 -3.14638e-07 -2.18773e-07 6.83521e-05 1.8216 0.0143184 -3.01315e-05 -2.50178e-07 -0.0143184 1.81958 -0.00388368 1.27349e-07 -1.65391e-05 -0.00388366 0.998845 -3.7478e-05 -1.72519e-07 -1.19956e-07 3.74782e-05 0.998806 0.00785094 -1.65215e-05 -1.37175e-07 -0.00785093 0.997695
9.2 0.00350659 1.81901 -0.00737339 2.4167e-07 -3.00487e-05 -0.00737337 1.81691 -6.81194e-05 -3.27896e-07 -2.27356e-07 6.81199e-05 1.81683 0.0149311 -3.0015e-05 -2.60751e-07 -0.0149311 1.81481 -0.00405352 1.32858e-07 -1.65193e-05 -0.00405351 0.998844 -3.74486e-05 -1.80261e-07 -1.24989e-07 3.74489e-05 0.998801 0.00820839 -1.65007e-05 -1.43348e-07 -0.00820838 0.99769
9.4 0.00358214 1.81415 -0.00766779 2.51202e-07 -2.99315e-05 -0.00766777 1.81205 -6.78829e-05 -3.41369e-07 -2.36021e-07 6.78834e-05 1.81196 0.0155547 -2.98962e-05 -2.71498e-07 -0.0155547 1.80995 -0.00422667 1.38468e-07 -1.64989e-05 -0.00422666 0.998842 -3.74186e-05 -1.88171e-07 -1.301e-07 3.74189e-05 0.998795 0.00857411 -1.64795e-05 -1.49656e-07 -0.0085741 0.997685
9.6 0.00365765 1.80919 -0.00796604 2.60847e-07 -2.9812e-05 -0.00796602 1.80709 -6.76422e-05 -3.55053e-07 -2.44762e-07 6.76427e-05 1.807 0.0161889 -2.97751e-05 -2.82415e-07 -0.0161888 1.80499 -0.0044031 1.44179e-07 -1.64781e-05 -0.00440309 0.998841 -3.73881e-05 -1.9625e-07 -1.35288e-07 3.73884e-05 0.99879 0.00894813 -1.64577e-05 -1.561e-07 -0.00894811 0.99768
9.8 0.00373311 1.80414 -0.00826799 2.706e-07 -2.96904e-05 -0.00826797 1.80205 -6.73973e-05 -3.68942e-07 -2.53572e-07 6.73979e-05 1.80195 0.0168335 -2.96519e-05 -2.935e-07 -0.0168335 1.79995 -0.00458278 1.49988e-07 -1.64568e-05 -0.00458276 0.99884 -3.73569e-05 -2.04497e-07 -1.40549e-07 3.73573e-05 0.998784 0.00933047 -1.64354e-05 -1.62681e-07 -0.00933045 0.997674
10 0.00380853 1.79901 -0.00857349 2.80456e-07 -2.95665e-05 -0.00857347 1.79692 -6.71483e-05 -3.83031e-07 -2.62444e-07 6.7149e-05 1.79681 0.0174884 -2.95264e-05 -3.04747e-07 -0.0174884 1.79481 -0.00476568 1.55895e-07 -1.64349e-05 -0.00476566 0.998838 -3.73252e-05 -2.12912e-07 -1.45883e-07 3.73255e-05 0.998778 0.00972116 -1.64126e-05 -1.69397e-07 -0.00972114 0.997668
10.2 0.0038839 1.79378 -0.00888239 2.90408e-07 -2.94405e-05 -0.00888237 1.7917 -6.68952e-05 -3.97315e-07 -2.71373e-07 6.6896e-05 1.79158 0.0181535 -2.93987e-05 -3.16154e-07 -0.0181535 1.78959 -0.00495177 1.61897e-07 -1.64125e-05 -0.00495175 0.998837 -3.72928e-05 -2.21496e-07 -1.51285e-07 3.72932e-05 0.998771 0.0101202 -1.63892e-05 -1.7625e-07 -0.0101202 0.997662
10.4 0.00395923 1.78847 -0.00919454 3.00452e-07 -2.93123e-05 -0.00919451 1.78639 -6.66382e-05 -4.1179e-07 -2.8035e-07 6.6639e-05 1.78626 0.0188285 -2.92689e-05 -3.27715e-07 -0.0188285 1.78428 -0.00514101 1.67994e-07 -1.63896e-05 -0.005141 0.998835 -3.72599e-05 -2.30247e-07 -1.56754e-07 3.72603e-05 0.998765 0.0105277 -1.63653e-05 -1.83238e-07 -0.0105277 0.997655
10.6 0.0040345 1.78307 -0.00950978 3.10581e-07 -2.9182e-05 -0.00950975 1.78099 -6.63772e-05 -4.2645e-07 -2.89371e-07 6.63781e-05 1.78085 0.0195132 -2.91369e-05 -3.39429e-07 -0.0195132 1.77888 -0.00533338 1.74183e-07 -1.63662e-05 -0.00533336 0.998834 -3.72264e-05 -2.39167e-07 -1.62288e-07 3.72269e-05 0.998757 0.0109436 -1.63409e-05 -1.90362e-07 -0.0109436 0.997648
10.8 0.00410973 1.77758 -0.00982795 3.20789e-07 -2.90496e-05 -0.00982793 1.7755 -6.61123e-05 -4.41291e-07 -2.98427e-07 6.61133e-05 1.77536 0.0202076 -2.90028e-05 -3.51289e-07 -0.0202076 1.77339 -0.00552884 1.80464e-07 -1.63422e-05 -0.00552882 0.998832 -3.71923e-05 -2.48254e-07 -1.67884e-07 3.71928e-05 0.99875 0.011368 -1.63159e-05 -1.97622e-07 -0.011368 0.997641
11 0.00418491 1.77201 -0.0101489 3.31071e-07 -2.89151e-05 -0.0101489 1.76993 -6.58436e-05 -4.56306e-07 -3.07512e-07 6.58446e-05 1.76978 0.0209113 -2.88665e-05 -3.63293e-07 -0.0209113 1.76781 -0.00572735 1.86834e-07 -1.63177e-05 -0.00572734 0.99883 -3.71577e-05 -2.57508e-07 -1.73539e-07 3.71582e-05 0.998742 0.0118009 -1.62903e-05 -2.05018e-07 -0.0118009 0.997633
11.2 0.00426003 1.76635 -0.0104725 3.41421e-07 -2.87786e-05 -0.0104725 1.76428 -6.55712e-05 -4.7149e-07 -3.16619e-07 6.55723e-05 1.76411 0.0216243 -2.87283e-05 -3.75436e-07 -0.0216242 1.76215 -0.00592889 1.93292e-07 -1.62927e-05 -0.00592887 0.998829 -3.71224e-05 -2.66929e-07 -1.7925e-07 3.7123e-05 0.998734 0.0122423 -1.62642e-05 -2.12549e-07 -0.0122423 0.997625
11.4 0.00433511 1.76061 -0.0107985 3.51833e-07 -2.864e-05 -0.0107985 1.75854 -6.5295e-05 -4.86839e-07 -3.25741e-07 6.52962e-05 1.75836 0.0223462 -2.85879e-05 -3.87714e-07 -0.0223462 1.75641 -0.00613342 1.99836e-07 -1.62671e-05 -0.0061334 0.998827 -3.70867e-05 -2.76518e-07 -1.85016e-07 3.70873e-05 0.998725 0.0126923 -1.62375e-05 -2.20216e-07 -0.0126923 0.997617
11.6 0.00441013 1.75478 -0.0111269 3.623e-07 -2.84993e-05 -0.0111268 1.75272 -6.50152e-05 -5.02346e-07 -3.34871e-07 6.50165e-05 1.75253 0.023077 -2.84455e-05 -4.00124e-07 -0.023077 1.75058 -0.00634089 2.06465e-07 -1.6241e-05 -0.00634087 0.998825 -3.70503e-05 -2.86272e-07 -1.90833e-07 3.7051e-05 0.998716 0.0131509 -1.62103e-05 -2.28019e-07 -0.0131509 0.997608
11.8 0.0044851 1.74887 -0.0114574 3.72817e-07 -2.83567e-05 -0.0114573 1.74682 -6.47319e-05 -5.18006e-07 -3.44001e-07 6.47331e-05 1.74661 0.0238164 -2.83011e-05 -4.12659e-07 -0.0238164 1.74467 -0.00655127 2.13176e-07 -1.62143e-05 -0.00655125 0.998824 -3.70134e-05 -2.96194e-07 -1.96699e-07 3.70142e-05 0.998706 0.0136181 -1.61825e-05 -2.35957e-07 -0.0136181 0.997598
12 0.0139046 1.74289 -0.0117898 3.83378e-07 -2.82121e-05 -0.0117898 1.74083 -6.44449e-05 -5.33813e-07 -3.53126e-07 6.44463e-05 1.74061 0.0245643 -2.81547e-05 -4.25317e-07 -0.0245643 1.73868 -0.00676453 2.19967e-07 -1.6187e-05 -0.00676451 0.998822 -3.6976e-05 -3.06281e-07 -2.0261e-07 3.69768e-05 0.998696 0.014094 -1.61541e-05 -2.4403e-07 -0.014094 0.997589
13 0.0246683 1.71176 -0.0134759 4.36616e-07 -2.74602e-05 -0.0134758 1.70973 -6.29598e-05 -6.14862e-07 -3.98401e-07 6.29616e-05 1.70943 0.0284232 -2.73937e-05 -4.90287e-07 -0.0284232 1.70754 -0.00787251 2.55068e-07 -1.60421e-05 -0.00787249 0.998812 -3.67807e-05 -3.59199e-07 -2.32744e-07 3.67818e-05 0.998639 0.0166047 -1.60032e-05 -2.86422e-07 -0.0166046 0.997532
14 0.0265294 1.67875 -0.0151861 4.89995e-07 -2.66623e-05 -0.0151861 1.67674 -6.13961e-05 -6.98726e-07 -4.42436e-07 6.13985e-05 1.67635 0.0324626 -2.65866e-05 -5.5764e-07 -0.0324626 1.67449 -0.00904608 2.91881e-07 -1.58822e-05 -0.00904606 0.998801 -3.65724e-05 -4.16218e-07 -2.6355e-07 3.65739e-05 0.998567 0.0193374 -1.58371e-05 -3.32175e-07 -0.0193373 0.997461
15 0.0283823 1.64399 -0.0168992 5.42708e-07 -2.58216e-05 -0.0168992 1.642 -5.97622e-05 -7.84646e-07 -4.84315e-07 5.97653e-05 1.64149 0.036656 -2.57367e-05 -6.26788e-07 -0.036656 1.63967 -0.0102794 3.30117e-07 -1.57067e-05 -0.0102794 0.99879 -3.6352e-05 -4.77283e-07 -2.94598e-07 3.63539e-05 0.99848 0.022297 -1.56551e-05 -3.81261e-07 -0.022297 0.997375
16 0.0302266 1.6076 -0.0185937 5.93933e-07 -2.49414e-05 -0.0185936 1.60563 -5.80667e-05 -8.71839e-07 -5.2313e-07 5.80706e-05 1.60498 0.0409759 -2.48474e-05 -6.97121e-07 -0.0409758 1.60321 -0.0115661 3.69454e-07 -1.55147e-05 -0.0115661 0.998777 -3.61202e-05 -5.42325e-07 -3.25412e-07 3.61226e-05 0.998374 0.0254889 -1.54562e-05 -4.33642e-07 -0.0254889 0.997269
17 0.0320617 1.56972 -0.020248 6.42847e-07 -2.40252e-05 -0.0202479 1.56778 -5.63185e-05 -9.595e-07 -5.57985e-07 5.63233e-05 1.56697 0.0453941 -2.39223e-05 -7.68008e-07 -0.045394 1.56523 -0.0128991 4.0953e-07 -1.53054e-05 -0.0128991 0.998762 -3.58781e-05 -6.11256e-07 -3.55468e-07 3.58811e-05 0.998247 0.0289186 -1.52398e-05 -4.89265e-07 -0.0289186 0.997142
18 0.0338871 1.53049 -0.021841 6.88632e-07 -2.30767e-05 -0.021841 1.52857 -5.45265e-05 -1.04681e-06 -5.8801e-07 5.45322e-05 1.52758 0.0498819 -2.29651e-05 -8.38804e-07 -0.0498819 1.52589 -0.0142706 4.49941e-07 -1.50779e-05 -0.0142705 0.998746 -3.56267e-05 -6.83968e-07 -3.84197e-07 3.56305e-05 0.998095 0.0325921 -1.5005e-05 -5.48062e-07 -0.0325921 0.996991
19 0.0357021 1.49006 -0.0233522 7.30482e-07 -2.20995e-05 -0.0233521 1.48817 -5.26997e-05 -1.13294e-06 -6.12374e-07 5.27066e-05 1.48696 0.0544105 -2.19798e-05 -9.08853e-07 -0.0544105 1.48531 -0.015672 4.90237e-07 -1.48313e-05 -0.0156719 0.998729 -3.53675e-05 -7.60329e-07 -4.10973e-07 3.53721e-05 0.997917 0.0365157 -1.4751e-05 -6.09944e-07 -0.0365156 0.996812
20 0.0375062 1.44856 -0.0247616 7.67616e-07 -2.10977e-05 -0.0247616 1.4467 -5.08472e-05 -1.21705e-06 -6.30292e-07 5.08554e-05 1.44524 0.0589507 -2.09704e-05 -9.7749e-07 -0.0589506 1.44364 -0.0170939 5.29915e-07 -1.45645e-05 -0.0170939 0.998709 -3.51018e-05 -8.40174e-07 -4.35115e-07 3.51074e-05 0.997707 0.0406959 -1.44767e-05 -6.74799e-07 -0.0406959 0.996603
21 0.0392989 1.40615 -0.0260505 7.9928e-07 -2.00752e-05 -0.0260504 1.40431 -4.89782e-05 -1.29831e-06 -6.41038e-07 4.89876e-05 1.40258 0.0634735 -1.99409e-05 -1.04405e-06 -0.0634735 1.40103 -0.0185261 5.68416e-07 -1.42767e-05 -0.018526 0.998688 -3.48313e-05 -9.23306e-07 -4.55881e-07 3.48381e-05 0.997463 0.0451399 -1.41812e-05 -7.42486e-07 -0.0451398 0.996358
22 0.0410797 1.36297 -0.0272012 8.24758e-07 -1.90361e-05 -0.0272011 1.36115 -4.71014e-05 -1.37589e-06 -6.43954e-07 4.71123e-05 1.35912 0.0679503 -1.88957e-05 -1.10786e-06 -0.0679502 1.35761 -0.0199573 6.05121e-07 -1.39667e-05 -0.0199573 0.998665 -3.4558e-05 -1.00948e-06 -4.72465e-07 3.4566e-05 0.99718 0.0498547 -1.38637e-05 -8.12828e-07 -0.0498547 0.996074
23 0.0428479 1.31915 -0.0281973 8.43381e-07 -1.79846e-05 -0.0281972 1.31735 -4.52256e-05 -1.44898e-06 -6.38456e-07 4.52381e-05 1.315 0.0723527 -1.7839e-05 -1.16825e-06 -0.0723527 1.31354 -0.0213753 6.39337e-07 -1.36335e-05 -0.0213753 0.998639 -3.42839e-05 -1.09842e-06 -4.83991e-07 3.42934e-05 0.996855 0.054848 -1.35231e-05 -8.85608e-07 -0.054848 0.995747
24 0.0446031 1.27485 -0.0290241 8.5453e-07 -1.69249e-05 -0.029024 1.27308 -4.33595e-05 -1.51677e-06 -6.24045e-07 4.33735e-05 1.27036 0.0766534 -1.6775e-05 -1.22457e-06 -0.0766534 1.26895 -0.0227667 6.703e-07 -1.32761e-05 -0.0227666 0.99861 -3.40116e-05 -1.18977e-06 -4.89506e-07 3.40225e-05 0.996482 0.0601275 -1.31585e-05 -9.60562e-07 -0.0601275 0.995371
25 0.0463447 1.2302 -0.0296685 8.57642e-07 -1.58614e-05 -0.0296684 1.22845 -4.15113e-05 -1.57848e-06 -6.0031e-07 4.1527e-05 1.22534 0.0808256 -1.57083e-05 -1.27616e-06 -0.0808255 1.22398 -0.0241169 6.97158e-07 -1.28934e-05 -0.0241168 0.998579 -3.37436e-05 -1.28311e-06 -4.87979e-07 3.37563e-05 0.996056 0.0657013 -1.27689e-05 -1.03737e-06 -0.0657013 0.994942
26 0.0480722 1.18534 -0.0301193 8.52221e-07 -1.47982e-05 -0.0301192 1.18361 -3.96889e-05 -1.63335e-06 -5.66935e-07 3.97063e-05 1.18009 0.0848436 -1.4643e-05 -1.3224e-06 -0.0848435 1.17876 -0.0254099 7.18969e-07 -1.24844e-05 -0.0254098 0.998545 -3.34832e-05 -1.37796e-06 -4.78289e-07 3.34978e-05 0.995571 0.0715775 -1.23534e-05 -1.11563e-06 -0.0715775 0.994454
27 0.049785 1.1404 -0.030367 8.37838e-07 -1.37396e-05 -0.0303669 1.1387 -3.78999e-05 -1.68065e-06 -5.23701e-07 3.7919e-05 1.13473 0.0886829 -1.35836e-05 -1.36265e-06 -0.0886829 1.13345 -0.0266283 7.34686e-07 -1.20481e-05 -0.0266282 0.998506 -3.32338e-05 -1.47374e-06 -4.59224e-07 3.32505e-05 0.995023 0.0777646 -1.19112e-05 -1.19488e-06 -0.0777645 0.993901
28 0.0514827 1.09552 -0.0304045 8.14136e-07 -1.269e-05 -0.0304043 1.09384 -3.61515e-05 -1.71968e-06 -4.70492e-07 3.61722e-05 1.08939 0.0923205 -1.25343e-05 -1.39631e-06 -0.0923205 1.08816 -0.0277534 7.43149e-07 -1.15835e-05 -0.0277533 0.998464 -3.29993e-05 -1.56973e-06 -4.29468e-07 3.30183e-05 0.994403 0.0842708 -1.14414e-05 -1.27456e-06 -0.0842708 0.993276
29 0.0531646 1.05082 -0.0302263 7.80836e-07 -1.16534e-05 -0.0302261 1.04916 -3.44502e-05 -1.74976e-06 -4.07293e-07 3.44727e-05 1.04421 0.0957346 -1.14994e-05 -1.42279e-06 -0.0957346 1.04301 -0.0287645 7.43074e-07 -1.10898e-05 -0.0287644 0.998417 -3.27842e-05 -1.66514e-06 -3.87596e-07 3.28055e-05 0.993707 0.0911048 -1.09433e-05 -1.35399e-06 -0.0911048 0.992573
30 0.0548304 1.00641 -0.0298293 7.37738e-07 -1.06341e-05 -0.0298291 1.00477 -3.28024e-05 -1.77029e-06 -3.34193e-07 3.28265e-05 0.999293 0.0989052 -1.04831e-05 -1.44155e-06 -0.0989051 0.998145 -0.0296392 7.33036e-07 -1.05663e-05 -0.0296391 0.998365 -3.25933e-05 -1.759e-06 -3.32064e-07 3.26173e-05 0.992924 0.0982749 -1.04163e-05 -1.43237e-06 -0.0982748 0.991784
31 0.0564795 0.96242 -0.0292125 6.84724e-07 -9.63595e-06 -0.0292123 0.960792 -3.12135e-05 -1.78065e-06 -2.51381e-07 3.12392e-05 0.954768 0.101814 -9.48944e-06 -1.45205e-06 -0.101814 0.953663 -0.0303532 7.11461e-07 -1.00122e-05 -0.030353 0.998308 -3.24323e-05 -1.85018e-06 -2.61197e-07 3.2459e-05 0.992049 0.105789 -9.85997e-06 -1.50874e-06 -0.105789 0.9909
32 0.0581114 0.918947 -0.0283769 6.2176e-07 -8.66301e-06 -0.0283768 0.917333 -2.96888e-05 -1.78032e-06 -1.59146e-07 2.9716e-05 0.910742 0.104444 -8.52229e-06 -1.45377e-06 -0.104444 0.909678 -0.0308799 6.76601e-07 -9.42711e-06 -0.0308797 0.998244 -3.23074e-05 -1.93735e-06 -1.73183e-07 3.23371e-05 0.991072 0.113656 -9.27397e-06 -1.58199e-06 -0.113656 0.989913
33 0.0597256 0.876094 -0.0273258 5.48896e-07 -7.71904e-06 -0.0273256 0.874494 -2.82326e-05 -1.7688e-06 -5.78711e-08 2.82613e-05 0.867318 0.106781 -7.58547e-06 -1.44624e-06 -0.106781 0.866294 -0.0311905 6.26526e-07 -8.81074e-06 -0.0311903 0.998173 -3.22255e-05 -2.01896e-06 -6.60558e-08 3.22583e-05 0.989982 0.121883 -8.65828e-06 -1.65078e-06 -0.121883 0.988813
34 0.0613216 0.833958 -0.0260642 4.66265e-07 -6.80768e-06 -0.0260641 0.832368 -2.68489e-05 -1.74564e-06 5.19679e-08 2.68789e-05 0.824593 0.108812 -6.68261e-06 -1.42902e-06 -0.108812 0.823608 -0.0312537 5.59099e-07 -8.1631e-06 -0.0312535 0.998094 -3.21946e-05 -2.09319e-06 6.23149e-08 3.22306e-05 0.988771 0.130477 -8.01312e-06 -1.71354e-06 -0.130477 0.98759
35 0.0628989 0.792624 -0.0245994 3.74083e-07 -5.93238e-06 -0.0245993 0.791043 -2.55409e-05 -1.71043e-06 1.69811e-07 2.55722e-05 0.782659 0.110527 -5.81714e-06 -1.40169e-06 -0.110527 0.781712 -0.0310354 4.71955e-07 -7.48448e-06 -0.0310352 0.998005 -3.22232e-05 -2.15793e-06 2.14239e-07 3.22626e-05 0.987427 0.139444 -7.33908e-06 -1.76842e-06 -0.139444 0.986233
36 0.064457 0.752175 -0.0229404 2.7265e-07 -5.09644e-06 -0.0229402 0.7506 -2.43113e-05 -1.66282e-06 2.95021e-07 2.43436e-05 0.741598 0.111916 -4.99229e-06 -1.36389e-06 -0.111916 0.740688 -0.0304987 3.62483e-07 -6.7756e-06 -0.0304985 0.997907 -3.23213e-05 -2.21069e-06 3.92224e-07 3.23643e-05 0.985938 0.14879 -6.63713e-06 -1.81326e-06 -0.14879 0.984729
37 0.0659956 0.712683 -0.0210978 1.62345e-07 -4.3029e-06 -0.0210977 0.711113 -2.3162e-05 -1.60254e-06 4.26887e-07 2.31952e-05 0.701487 0.112974 -4.21107e-06 -1.31526e-06 -0.112974 0.700614 -0.0296034 2.27794e-07 -6.03761e-06 -0.0296031 0.997796 -3.24997e-05 -2.2486e-06 5.98985e-07 3.25463e-05 0.984289 0.158519 -5.90876e-06 -1.84551e-06 -0.158519 0.983065
38 0.067514 0.674215 -0.0190843 4.36212e-08 -3.55463e-06 -0.0190841 0.672646 -2.20944e-05 -1.52933e-06 5.64637e-07 2.21284e-05 0.662395 0.113696 -3.47626e-06 -1.25551e-06 -0.113696 0.661558 -0.0283059 6.46993e-08 -5.27224e-06 -0.0283056 0.997673 -3.27706e-05 -2.26831e-06 8.37473e-07 3.2821e-05 0.982468 0.168634 -5.15601e-06 -1.86218e-06 -0.168634 0.981226
39 0.0690118 0.63683 -0.0169135 -8.29917e-08 -2.85421e-06 -0.0169133 0.635259 -2.11093e-05 -1.44301e-06 7.07446e-07 2.11439e-05 0.624385 0.114078 -2.79037e-06 -1.18438e-06 -0.114078 0.623583 -0.0265589 -1.3032e-07 -4.4819e-06 -0.0265586 0.997534 -3.31475e-05 -2.26593e-06 1.11089e-06 3.32019e-05 0.980459 0.179135 -4.38166e-06 -1.85981e-06 -0.179135 0.979199
40 0.10628 0.600578 -0.0146008 -2.16897e-07 -2.20399e-06 -0.0146006 0.599004 -2.02068e-05 -1.34345e-06 8.54443e-07 2.02419e-05 0.587512 0.114122 -2.15566e-06 -1.10165e-06 -0.114122 0.586744 -0.0243113 -3.61146e-07 -3.66978e-06 -0.024311 0.997378 -3.36456e-05 -2.23693e-06 1.4227e-06 3.3704e-05 0.978243 0.19002 -3.58931e-06 -1.83431e-06 -0.19002 0.976964
42 0.146749 0.531649 -0.0096164 -5.03876e-07 -1.06221e-06 -0.00961621 0.530057 -1.86473e-05 -1.10442e-06 1.15735e-06 1.86828e-05 0.517358 0.1132 -1.04739e-06 -9.00718e-07 -0.1132 0.516657 -0.0180879 -9.47762e-07 -1.99795e-06 -0.0180875 0.997006 -3.50745e-05 -2.07735e-06 2.17691e-06 3.51412e-05 0.97312 0.212923 -1.97007e-06 -1.6942e-06 -0.212923 0.971802
44 0.152348 0.467698 -0.00427324 -8.11348e-07 -1.42526e-07 -0.00427304 0.466076 -1.74054e-05 -8.12382e-07 1.46588e-06 1.74406e-05 0.45223 0.110966 -1.63733e-07 -6.51848e-07 -0.110966 0.451596 -0.00913674 -1.73477e-06 -3.0474e-07 -0.00913633 0.996533 -3.7215e-05 -1.73698e-06 3.13425e-06 3.72904e-05 0.966929 0.237261 -3.50084e-07 -1.39374e-06 -0.237261 0.965572
46 0.157761 0.408891 0.00127611 -1.13259e-06 5.46494e-07 0.00127631 0.407227 -1.64622e-05 -4.68434e-07 1.77245e-06 1.64967e-05 0.392318 0.107486 4.87815e-07 -3.54925e-07 -0.107486 0.39175 0.00312092 -2.7699e-06 1.33653e-06 0.00312139 0.99593 -4.02606e-05 -1.14562e-06 4.33477e-06 4.0345e-05 0.959468 0.262872 1.19302e-06 -8.68018e-07 -0.262872 0.958079
48 0.162982 0.355295 0.00687473 -1.46032e-06 1.00114e-06 0.00687493 0.353575 -1.57917e-05 -7.46279e-08 2.0697e-06 1.58249e-05 0.337707 0.10285 9.04703e-07 -1.0634e-08 -0.10285 0.337208 0.0193494 -4.11017e-06 2.81777e-06 0.0193499 0.995158 -4.44466e-05 -2.10045e-07 5.8253e-06 4.45403e-05 0.950499 0.289477 2.54634e-06 -2.993e-08 -0.289478 0.949094
50 0.168004 0.306887 0.0123671 -1.78698e-06 1.22257e-06 0.0123673 0.305097 -1.53614e-05 3.66046e-07 2.35075e-06 1.5393e-05 0.288393 0.0971722 1.08929e-06 3.795e-07 -0.0971723 0.287967 0.0402986 -5.82291e-06 3.98377e-06 0.0402992 0.994166 -5.00555e-05 1.19277e-06 7.65999e-06 5.01587e-05 0.939738 0.316638 3.54948e-06 1.23661e-06 -0.316639 0.938347
52 0.172821 0.263567 0.0176046 -2.10488e-06 1.21672e-06 0.0176048 0.261692 -1.51343e-05 8.49676e-07 2.60944e-06 1.5164e-05 0.244288 0.0905859 1.0487e-06 8.13076e-07 -0.0905859 0.243939 0.0667938 -7.98614e-06 4.61636e-06 0.0667946 0.992888 -5.7421e-05 3.22376e-06 9.90051e-06 5.75339e-05 0.926854 0.343693 3.97889e-06 3.0849e-06 -0.343693 0.92553
54 0.177428 0.225165 0.0224504 -2.40652e-06 9.94101e-07 0.0224506 0.223193 -1.50697e-05 1.37146e-06 2.8405e-06 1.50973e-05 0.205231 0.0832382 7.94586e-07 1.28678e-06 -0.0832382 0.204967 0.0997061 -1.06878e-05 4.41498e-06 0.099707 0.99124 -6.69274e-05 6.09092e-06 1.26152e-05 6.70498e-05 0.911468 0.369676 3.5289e-06 5.71484e-06 -0.369676 0.910294
56 0.181819 0.19146 0.0267834 -2.68476e-06 5.69495e-07 0.0267836 0.189377 -1.51253e-05 1.92578e-06 3.03965e-06 1.51504e-05 0.171004 0.0752867 3.42746e-07 1.7964e-06 -0.0752867 0.170833 0.13989 -1.40225e-05 2.97448e-06 0.139891 0.989116 -7.89996e-05 1.00584e-05 1.58761e-05 7.91307e-05 0.893156 0.393223 1.79016e-06 9.38259e-06 -0.393223 0.892261
58 0.185988 0.162185 0.0305021 -2.93305e-06 -3.84608e-08 0.0305023 0.159977 -1.52579e-05 2.50621e-06 3.20373e-06 1.52803e-05 0.141339 0.0668949 -2.87311e-07 2.33675e-06 -0.0668948 0.141271 0.18807 -1.80846e-05 -2.37141e-07 0.188071 0.986384 -9.40772e-05 1.54528e-05 1.97535e-05 9.42149e-05 0.871469 0.41246 -1.7715e-06 1.44079e-05 -0.412459 0.871048
60 0.286303 0.13704 0.0335267 -3.14563e-06 -8.07748e-07 0.0335269 0.134695 -1.54254e-05 3.10567e-06 3.33061e-06 1.54446e-05 0.115933 0.0582275 -1.07289e-06 2.90178e-06 -0.0582273 0.115979 0.244649 -2.29541e-05 -5.89425e-06 0.244651 0.982888 -0.000112562 2.26625e-05 2.43039e-05 0.000112701 0.845978 0.424894 -7.82904e-06 2.11747e-05 -0.424893 0.846312
64 0.394175 0.0978396 0.0372917 -3.4453e-06 -2.72869e-06 0.037292 0.0951886 -1.57081e-05 4.33048e-06 3.46935e-06 1.57186e-05 0.0765577 0.0407083 -3.00746e-06 4.07728e-06 -0.0407079 0.0768673 0.381152 -3.52137e-05 -2.78895e-05 0.381155 0.972905 -0.00016055 4.4261e-05 3.54595e-05 0.000160657 0.782482 0.416072 -3.07387e-05 4.16731e-05 -0.416068 0.785647
68 0.406626 0.0711778 0.0379125 -3.55795e-06 -4.9715e-06 0.0379129 0.068187 -1.56975e-05 5.53382e-06 3.45739e-06 1.56948e-05 0.0500997 0.0239297 -5.23855e-06 5.25833e-06 -0.0239291 0.050722 0.532645 -4.99868e-05 -6.98461e-05 0.53265 0.957982 -0.00022054 7.77464e-05 4.8574e-05 0.000220502 0.703867 0.336196 -7.35981e-05 7.38759e-05 -0.336188 0.712609
72 0.417095 0.0544023 0.0355809 -3.47597e-06 -7.29866e-06 0.0355813 0.0510523 -1.51967e-05 6.64606e-06 3.30631e-06 1.5174e-05 0.033786 0.00889254 -7.53204e-06 6.37131e-06 -0.00889162 0.0347646 0.654032 -6.38938e-05 -0.000134161 0.654041 0.938422 -0.000279339 0.000122165 6.07751e-05 0.000278922 0.621039 0.163459 -0.000138451 0.000117115 -0.163442 0.639027
76 0.425533 0.0450607 0.0307844 -3.2091e-06 -9.47677e-06 0.0307849 0.0413499 -1.41025e-05 7.59916e-06 3.03265e-06 1.40516e-05 0.0250456 -0.00366987 -9.66106e-06 7.33908e-06 0.00367109 0.0264115 0.683175 -7.12172e-05 -0.000210311 0.683188 0.91765 -0.000312967 0.000168643 6.73014e-05 0.000311836 0.555818 -0.0814428 -0.000214401 0.000162871 0.0814698 0.586132
80 0.431897 0.0410014 0.0242155 -2.78125e-06 -1.12943e-05 0.0242161 0.0369487 -1.24083e-05 8.33166e-06 2.65363e-06 1.23209e-05 0.0216311 -0.0133242 -1.14223e-05 8.08799e-06 0.0133257 0.0233956 0.590601 -6.78331e-05 -0.000275462 0.590618 0.901158 -0.00030263 0.000203204 6.47204e-05 0.000300499 0.52757 -0.324969 -0.000278584 0.000197261 0.325005 0.570604
84 0.436158 0.040417 0.0166695 -2.2259e-06 -1.25763e-05 0.0166703 0.0360632 -1.01934e-05 8.79354e-06 2.18468e-06 1.00633e-05 0.0216755 -0.0199361 -1.2649e-05 8.55566e-06 0.0199378 0.0238239 0.412438 -5.50734e-05 -0.000311164 0.412457 0.892279 -0.000252206 0.00021757 5.40536e-05 0.000248986 0.536296 -0.493261 -0.000312962 0.000211685 0.493302 0.589452
88 0.328636 0.0418464 0.00894571 -1.58094e-06 -1.3195e-05 0.00894656 0.0372543 -7.60447e-06 8.95045e-06 1.63921e-06 7.42873e-06 0.0236981 -0.0236405 -1.32196e-05 8.69834e-06 0.0236422 0.0261868 0.213775 -3.77796e-05 -0.00031532 0.213795 0.890261 -0.000181723 0.000213888 3.91719e-05 0.000177523 0.56631 -0.564934 -0.000315908 0.000207863 0.564974 0.625782
90 0.219313 0.042949 0.00524673 -1.23677e-06 -1.32304e-05 0.00524759 0.0382676 -6.22776e-06 8.90893e-06 1.34174e-06 6.02933e-06 0.0250877 -0.0245056 -1.32348e-05 8.64072e-06 0.0245072 0.0277208 0.122162 -2.87962e-05 -0.000308049 0.122182 0.891 -0.000145004 0.00020743 3.12402e-05 0.000140383 0.584128 -0.570573 -0.000308151 0.000201186 0.570613 0.645436
92 0.328636 0.0441516 0.00176274 -8.84166e-07 -1.30767e-05 0.00176359 0.0394039 -4.82998e-06 8.78703e-06 1.03004e-06 4.60954e-06 0.0265767 -0.0247893 -1.30635e-05 8.49674e-06 0.0247909 0.0293322 0.0399247 -2.00257e-05 -0.000296176 0.0399441 0.892469 -0.000109395 0.00019902 2.33296e-05 0.000104402 0.601942 -0.561459 -0.000295879 0.000192445 0.561496 0.664352
96 0.436158 0.0464819 -0.00430388 -1.70145e-07 -1.22036e-05 -0.00430306 0.0416782 -2.07301e-06 8.30899e-06 3.71961e-07 1.81167e-06 0.0295002 -0.0238866 -1.21626e-05 7.95918e-06 0.0238881 0.0324222 -0.0925926 -3.66046e-06 -0.000262545 -0.092575 0.896654 -4.45983e-05 0.000178757 8.00228e-06 3.89758e-05 0.63466 -0.51389 -0.000261664 0.000171232 0.513922 0.697522
100 0.431897 0.048237 -0.00885941 5.31185e-07 -1.06136e-05 -0.00885869 0.0434876 4.74404e-07 7.54358e-06 -3.15963e-07 -7.72092e-07 0.0319145 -0.0215176 -1.0551e-05 7.12156e-06 0.0215188 0.0348818 -0.183664 1.1012e-05 -0.00022003 -0.183649 0.90154 9.83486e-06 0.000156386 -6.55022e-06 -1.60062e-05 0.661619 -0.446081 -0.000218732 0.000147637 0.446106 0.723134
104 0.425533 0.0490321 -0.0117033 1.19438e-06 -8.39555e-06 -0.0117027 0.0444509 2.65246e-06 6.53825e-06 -1.00904e-06 -2.98389e-06 0.0334702 -0.0182805 -8.31155e-06 6.04397e-06 0.0182813 0.0363503 -0.238686 2.43591e-05 -0.000171226 -0.238674 0.906568 5.40964e-05 0.000133346 -2.05791e-05 -6.0856e-05 0.682618 -0.372827 -0.000169512 0.000123266 0.372844 0.741357
108 0.417095 0.048668 -0.0128212 1.79741e-06 -5.68304e-06 -0.0128207 0.0443642 4.34823e-06 5.35728e-06 -1.67721e-06 -4.71511e-06 0.0339768 -0.0147268 -5.57126e-06 4.80448e-06 0.0147272 0.0366375 -0.263441 3.6932e-05 -0.000116772 -0.263432 0.911567 8.93448e-05 0.000110078 -3.44622e-05 -9.68832e-05 0.698134 -0.302597 -0.000114475 9.87196e-05 0.302606 0.752804
112 0.406626 0.0471053 -0.0123604 2.32049e-06 -2.64577e-06 -0.0123601 0.0431738 5.50297e-06 4.0766e-06 -2.28701e-06 -5.91233e-06 0.0333659 -0.0113154 -2.49393e-06 3.49094e-06 0.0113154 0.0356881 -0.2624 4.92618e-05 -5.61671e-05 -0.262392 0.916538 0.000116823 8.65422e-05 -4.85509e-05 -0.000125513 0.708326 -0.240214 -5.29438e-05 7.41093e-05 0.240215 0.757624
116 0.394175 0.04444 -0.0105942 2.74556e-06 5.20681e-07 -0.010594 0.040953 6.11214e-06 2.77718e-06 -2.80488e-06 -6.57558e-06 0.0316622 -0.00838228 7.28563e-07 2.19206e-06 0.00838197 0.0335528 -0.238393 6.17812e-05 1.17165e-05 -0.238388 0.921533 0.000137537 6.24927e-05 -6.3116e-05 -0.000147965 0.712471 -0.18862 1.63943e-05 4.93263e-05 0.188613 0.755012
120 0.379804 0.0408782 -0.00787935 3.05678e-06 3.60683e-06 -0.00787917 0.0378772 6.21934e-06 1.53776e-06 -3.20118e-06 -6.75035e-06 0.028961 -0.00612783 3.88725e-06 9.8888e-07 0.00612724 0.0303637 -0.192752 7.47776e-05 8.82335e-05 -0.192747 0.926587 0.000152143 3.76181e-05 -7.83101e-05 -0.000165133 0.708469 -0.149905 9.50934e-05 2.41909e-05 0.14989 0.742784
124 0.363583 0.0367077 -0.00461286 3.24215e-06 6.40267e-06 -0.0046127 0.0341986 5.9056e-06 4.2779e-07 -3.45412e-06 -6.51554e-06 0.0254096 -0.00461971 6.76893e-06 -5.23733e-08 0.00461894 0.0263136 -0.125665 8.83234e-05 0.000174423 -0.12566 0.931646 0.000160882 1.1654e-05 -9.4098e-05 -0.000177498 0.692214 -0.125851 0.000184401 -1.42677e-06 0.12583 0.716842
128 0.34559 0.0322663 -0.00119057 3.29571e-06 8.71229e-06 -0.00119037 0.0302166 5.27609e-06 -4.98549e-07 -3.55286e-06 -5.96988e-06 0.0211919 -0.00381021 9.1709e-06 -8.85272e-07 0.00380935 0.0216355 -0.0368983 0.000102141 0.000270012 -0.0368921 0.936475 0.000163517 -1.5451e-05 -0.00011011 -0.000185019 0.656781 -0.118086 0.000284225 -2.74364e-05 0.11806 0.67053
132 0.325914 0.0279073 0.00202876 3.21961e-06 1.03688e-05 0.00202903 0.0262474 4.4461e-06 -1.2064e-06 -3.4991e-06 -5.21861e-06 0.0165133 -0.00356387 1.09167e-05 -1.48569e-06 0.00356301 0.0165829 0.0726964 0.000115368 0.000371546 0.0727059 0.940521 0.000159317 -4.32289e-05 -0.000125383 -0.000186998 0.591718 -0.127704 0.000391176 -5.32365e-05 0.127673 0.594213
136 0.304649 0.0239633 0.00475188 3.02519e-06 1.1249e-05 0.00475223 0.0225915 3.52796e-06 -1.68202e-06 -3.30696e-06 -4.3622e-06 0.011586 -0.00369145 1.18718e-05 -1.85168e-06 0.00369067 0.01141 0.198298 0.000126243 0.000469426 0.198313 0.942754 0.000147223 -7.01916e-05 -0.000138001 -0.000182037 0.48349 -0.154046 0.000495416 -7.72714e-05 0.154013 0.476144
140 0.281901 0.020713 0.00677074 2.73275e-06 1.12854e-05 0.00677116 0.0195039 2.62022e-06 -1.93209e-06 -3.00111e-06 -3.48785e-06 0.00661612 -0.00398585 1.19582e-05 -2.00103e-06 0.0039852 0.00635354 0.326883 0.000131934 0.000544846 0.326903 0.941624 0.000126501 -9.32792e-05 -0.00014489 -0.000168389 0.319418 -0.192432 0.000577327 -9.66074e-05 0.192401 0.306741
144 0.257779 0.018353 0.00797282 2.36959e-06 1.04757e-05 0.00797328 0.0171687 1.79995e-06 -1.98087e-06 -2.61347e-06 -2.66414e-06 0.00179074 -0.00425549 1.11649e-05 -1.96693e-06 0.00425499 0.00161632 0.434415 0.000129112 0.000570792 0.434441 0.935474 9.80737e-05 -0.000107932 -0.0001424 -0.000145161 0.0975723 -0.231869 0.000608341 -0.000107172 0.231842 0.0880684
148 0.232401 0.0169781 0.00834218 1.96688e-06 8.88667e-06 0.00834266 0.0156818 1.11848e-06 -1.86566e-06 -2.17928e-06 -1.93862e-06 -0.00273153 -0.00435144 9.55383e-06 -1.79242e-06 0.00435109 -0.00264507 0.49135 0.000115848 0.00052342 0.491378 0.92365 6.58776e-05 -0.000109886 -0.000128359 -0.000114184 -0.160886 -0.256298 0.000562715 -0.000105573 0.256277 -0.155793
152 0.205891 0.0165735 0.00795198 1.55593e-06 6.65202e-06 0.00795245 0.0150428 6.00715e-07 -1.63142e-06 -1.73301e-06 -1.33806e-06 -0.00682731 -0.00418548 7.25911e-06 -1.52461e-06 0.00418525 -0.00632741 0.479801 9.38804e-05 0.000401364 0.479829 0.907639 3.62455e-05 -9.84353e-05 -0.000104565 -8.07351e-05 -0.411941 -0.25254 0.000437995 -9.19908e-05 0.252527 -0.381778
156 0.178378 0.0170193 0.00694964 1.1646e-06 3.96427e-06 0.00695005 0.0151587 2.47417e-07 -1.32537e-06 -1.30495e-06 -8.70618e-07 -0.010411 -0.00373743 4.47871e-06 -1.20926e-06 0.00373731 -0.00938206 0.408339 6.8428e-05 0.000232928 0.408363 0.890677 1.45374e-05 -7.78748e-05 -7.66745e-05 -5.11547e-05 -0.611717 -0.2196 0.000263154 -7.10525e-05 0.219592 -0.55126
160 0.0971232 0.0181073 0.00553625 8.1477e-07 1.05972e-06 0.00553658 0.0158586 3.98795e-08 -9.92271e-07 -9.19014e-07 -5.29485e-07 -0.0134333 -0.00305172 1.45919e-06 -8.86638e-07 0.00305166 -0.01181 0.305746 4.49967e-05 5.85243e-05 0.305764 0.875811 2.2024e-06 -5.47994e-05 -5.07537e-05 -2.92415e-05 -0.741871 -0.168535 8.05855e-05 -4.89657e-05 0.168532 -0.652223
161 0.0357021 0.0184491 0.00514541 7.35682e-07 3.29987e-07 0.00514572 0.0160992 7.22198e-09 -9.09481e-07 -8.31223e-07 -4.62078e-07 -0.0140984 -0.00285352 6.98781e-07 -8.0881e-07 0.00285348 -0.0123232 0.278898 3.98764e-05 1.78864e-05 0.278915 0.87263 3.91455e-07 -4.92969e-05 -4.5055e-05 -2.50462e-05 -0.764183 -0.15467 3.78763e-05 -4.38402e-05 0.154668 -0.667956
162 0.0338871 0.0188097 0.004747 6.603e-07 -3.92891e-07 0.00474729 0.0163585 -1.88761e-08 -8.27998e-07 -7.47328e-07 -4.01174e-07 -0.0147272 -0.0026482 -5.50819e-08 -7.32998e-07 0.00264817 -0.0128004 0.25237 3.51043e-05 -2.08877e-05 0.252385 0.869684 -1.00353e-06 -4.40198e-05 -3.97311e-05 -2.13281e-05 -0.782961 -0.140789 -2.92838e-06 -3.89692e-05 0.140788 -0.680525
163 0.0320617 0.0191845 0.00434475 5.88758e-07 -1.10478e-06 0.00434501 0.0166325 -3.90187e-08 -7.48324e-07 -6.67494e-07 -3.46414e-07 -0.0153197 -0.00243773 -7.98028e-07 -6.59582e-07 0.00243771 -0.0132429 0.226472 3.06892e-05 -5.75871e-05 0.226485 0.866973 -2.03386e-06 -3.90066e-05 -3.47934e-05 -1.80569e-05 -0.798545 -0.127068 -4.15975e-05 -3.43809e-05 0.127067 -0.690292
164 0.0302266 0.0195689 0.00394234 5.21162e-07 -1.8016e-06 0.00394258 0.0169172 -5.38207e-08 -6.70925e-07 -5.9186e-07 -2.97427e-07 -0.015876 -0.00222419 -1.52573e-06 -5.88906e-07 0.00222418 -0.0136516 0.201459 2.66321e-05 -9.20642e-05 0.201471 0.864493 -2.75031e-06 -3.42852e-05 -3.02448e-05 -1.51989e-05 -0.811286 -0.113659 -7.7967e-05 -3.00939e-05 0.113658 -0.697618
165 0.0283823 0.0199583 0.00354339 4.57599e-07 -2.47934e-06 0.0035436 0.0172088 -6.39014e-08 -5.96235e-07 -5.20541e-07 -2.53835e-07 -0.0163963 -0.00200969 -2.23394e-06 -5.21281e-07 0.00200968 -0.0140278 0.17754 2.29278e-05 -0.000124226 0.177551 0.862238 -3.20175e-06 -2.98741e-05 -2.60815e-05 -1.27183e-05 -0.821529 -0.100695 -0.000111931 -2.61185e-05 0.100694 -0.702855
166 0.0265294 0.0203479 0.00315144 3.98131e-07 -3.13408e-06 0.00315163 0.0175032 -6.98779e-08 -5.24656e-07 -4.53633e-07 -2.15257e-07 -0.0168808 -0.00179637 -2.9185e-06 -4.56985e-07 0.00179637 -0.0143725 0.154878 1.95662e-05 -0.000154025 0.154887 0.860199 -3.43416e-06 -2.57843e-05 -2.22938e-05 -1.05788e-05 -0.829611 -0.0882831 -0.00014343 -2.24586e-05 0.0882828 -0.706336
167 0.0246683 0.0207333 0.00276993 3.42802e-07 -3.76203e-06 0.0027701 0.0177967 -7.23592e-08 -4.56553e-07 -3.91211e-07 -1.81313e-07 -0.0173299 -0.00158639 -3.57538e-06 -3.96267e-07 0.00158639 -0.0146869 0.133598 1.65339e-05 -0.000181449 0.133606 0.858365 -3.49e-06 -2.20203e-05 -1.88687e-05 -8.74503e-06 -0.83585 -0.0765141 -0.000172446 -1.91126e-05 0.076514 -0.708372
168 0.0172754 0.0211101 0.00240215 2.91642e-07 -4.35954e-06 0.0024023 0.0180855 -7.19399e-08 -3.92261e-07 -3.33335e-07 -1.5163e-07 -0.0177438 -0.00138186 -4.20071e-06 -3.39343e-07 0.00138186 -0.0149723 0.113792 1.38153e-05 -0.000206515 0.113799 0.856725 -3.40785e-06 -1.85817e-05 -1.57903e-05 -7.18285e-06 -0.840538 -0.0654599 -0.000198991 -1.60749e-05 0.0654599 -0.709247
168.5 0.0109315 0.0212939 0.00222441 2.67629e-07 -4.64579e-06 0.00222454 0.018227 -7.0823e-08 -3.61641e-07 -3.06115e-07 -1.38272e-07 -0.0179377 -0.0012823 -4.50038e-06 -3.12365e-07 0.0012823 -0.0151044 0.104462 1.25683e-05 -0.000218175 0.104468 0.855973 -3.32598e-06 -1.69833e-05 -1.43757e-05 -6.49353e-06 -0.842387 -0.060219 -0.000211346 -1.46692e-05 0.0602191 -0.70933
169 0.0104622 0.021474 0.00205126 2.44662e-07 -4.92314e-06 0.00205138 0.018366 -6.91946e-08 -3.32084e-07 -2.80047e-07 -1.25844e-07 -0.0181229 -0.00118487 -4.79079e-06 -2.86404e-07 0.00118487 -0.0152297 0.095523 1.13934e-05 -0.00022926 0.0955287 0.855266 -3.22225e-06 -1.54645e-05 -1.30412e-05 -5.86031e-06 -0.843947 -0.055177 -0.000223097 -1.33373e-05 0.0551771 -0.709217
169.5 0.00999215 0.0216499 0.00188308 2.2274e-07 -5.19118e-06 0.00188319 0.018502 -6.71225e-08 -3.03625e-07 -2.55133e-07 -1.14302e-07 -0.0182995 -0.00108983 -5.07151e-06 -2.61482e-07 0.00108984 -0.0153483 0.0869789 1.02883e-05 -0.000239779 0.0869841 0.854602 -3.10037e-06 -1.40243e-05 -1.17845e-05 -5.27959e-06 -0.845248 -0.050339 -0.000234251 -1.20777e-05 0.0503391 -0.708935
170 0.0095213 0.021821 0.00172023 2.01864e-07 -5.44952e-06 0.00172033 0.0186347 -6.46727e-08 -2.76294e-07 -2.31378e-07 -1.03605e-07 -0.0184675 -0.000997426 -5.34211e-06 -2.37615e-07 0.000997429 -0.0154604 0.0788334 9.25088e-06 -0.000249737 0.0788382 0.853978 -2.96378e-06 -1.26618e-05 -1.06034e-05 -4.74793e-06 -0.846318 -0.0457094 -0.000244815 -1.08893e-05 0.0457096 -0.70851
170.5 0.00904972 0.021987 0.00156303 1.82031e-07 -5.69779e-06 0.00156313 0.0187636 -6.19091e-08 -2.50121e-07 -2.08782e-07 -9.37103e-08 -0.018627 -0.000907887 -5.60221e-06 -2.14821e-07 0.000907891 -0.0155661 0.071089 8.27901e-06 -0.000259143 0.0710933 0.853394 -2.81571e-06 -1.13759e-05 -9.49568e-06 -4.26208e-06 -0.847182 -0.041292 -0.000254796 -9.77038e-06 0.0412922 -0.707967
171 0.00857745 0.0221474 0.00141184 1.63239e-07 -5.93561e-06 0.00141192 0.0188884 -5.88933e-08 -2.25133e-07 -1.87347e-07 -8.45792e-08 -0.018778 -0.000821446 -5.85141e-06 -1.93116e-07 0.00082145 -0.0156654 0.0637475 7.3706e-06 -0.000268006 0.0637513 0.852849 -2.65916e-06 -1.01652e-05 -8.45911e-06 -3.81893e-06 -0.847866 -0.03709 -0.000264203 -8.71962e-06 0.0370902 -0.707328
171.5 0.00810453 0.0223016 0.00126695 1.45488e-07 -6.16265e-06 0.00126703 0.0190086 -5.56847e-08 -2.01357e-07 -1.67074e-07 -7.61734e-08 -0.0189206 -0.000738325 -6.08933e-06 -1.72514e-07 0.000738328 -0.0157587 0.0568097 6.52363e-06 -0.000276332 0.0568132 0.852341 -2.49689e-06 -9.02879e-06 -7.49158e-06 -3.4156e-06 -0.848393 -0.0331063 -0.000273044 -7.73551e-06 0.0331065 -0.706615
172 0.00763099 0.0224494 0.00112867 1.28773e-07 -6.37857e-06 0.00112874 0.019124 -5.23403e-08 -1.78816e-07 -1.47965e-07 -6.84559e-08 -0.0190547 -0.000658736 -6.31563e-06 -1.53029e-07 0.00065874 -0.0158459 0.0502762 5.73612e-06 -0.00028413 0.0502793 0.851869 -2.33148e-06 -7.96527e-06 -6.59103e-06 -3.04933e-06 -0.848783 -0.0293431 -0.000281327 -6.81659e-06 0.0293433 -0.705846
172.5 0.00715688 0.0225904 0.000997293 1.13092e-07 -6.58304e-06 0.000997353 0.0192341 -4.89145e-08 -1.57533e-07 -1.30019e-07 -6.13915e-08 -0.0191805 -0.000582886 -6.52997e-06 -1.34671e-07 0.00058289 -0.0159271 0.0441468 5.00621e-06 -0.000291409 0.0441495 0.851431 -2.16528e-06 -6.97346e-06 -5.7555e-06 -2.7176e-06 -0.849056 -0.0258024 -0.00028906 -5.96143e-06 0.0258026 -0.70504
173 0.00668221 0.022724 0.000873082 9.84426e-08 -6.77577e-06 0.000873135 0.0193388 -4.54588e-08 -1.37529e-07 -1.13236e-07 -5.49468e-08 -0.019298 -0.00051097 -6.73202e-06 -1.17452e-07 0.000510973 -0.0160026 0.0384211 4.33209e-06 -0.000298176 0.0384234 0.851027 -2.00047e-06 -6.05215e-06 -4.98308e-06 -2.418e-06 -0.849231 -0.0224859 -0.000296251 -5.16863e-06 0.022486 -0.704214
173.5 0.00620704 0.0228501 0.000756296 8.48212e-08 -6.95647e-06 0.000756341 0.0194376 -4.2022e-08 -1.18824e-07 -9.76153e-08 -4.909e-08 -0.0194071 -0.000443172 -6.92149e-06 -1.01382e-07 0.000443175 -0.0160724 0.0330982 3.71208e-06 -0.00030444 0.0331002 0.850656 -1.83903e-06 -5.20015e-06 -4.27199e-06 -2.14835e-06 -0.849325 -0.0193948 -0.000302909 -4.43685e-06 0.0193949 -0.703383
174 0.0057314 0.0229682 0.000647175 7.22249e-08 -7.12489e-06 0.000647214 0.0195302 -3.86503e-08 -1.01435e-07 -8.31571e-08 -4.37911e-08 -0.0195081 -0.000379668 -7.09808e-06 -8.64704e-08 0.00037967 -0.0161365 0.028177 3.14456e-06 -0.000310207 0.0281787 0.850316 -1.68277e-06 -4.41633e-06 -3.62053e-06 -1.9066e-06 -0.849353 -0.0165302 -0.00030904 -3.76479e-06 0.0165303 -0.702561
174.5 0.00525531 0.023078 0.000545943 6.06504e-08 -7.28076e-06 0.000545977 0.0196165 -3.53863e-08 -8.53787e-08 -6.98603e-08 -3.90222e-08 -0.0196008 -0.000320621 -7.26154e-06 -7.27244e-08 0.000320623 -0.0161952 0.0236564 2.62806e-06 -0.000315485 0.0236579 0.850006 -1.53333e-06 -3.69957e-06 -3.02714e-06 -1.69088e-06 -0.849328 -0.0138929 -0.000314652 -3.15124e-06 0.013893 -0.70176
175 0.00477883 0.0231793 0.000452809 5.00946e-08 -7.42386e-06 0.000452837 0.0196961 -3.22701e-08 -7.06699e-08 -5.77242e-08 -3.47572e-08 -0.0196854 -0.000266184 -7.41162e-06 -6.01514e-08 0.000266186 -0.0162485 0.0195351 2.16118e-06 -0.00032028 0.0195363 0.849727 -1.39219e-06 -3.04884e-06 -2.49033e-06 -1.49949e-06 -0.849265 -0.0114837 -0.000319752 -2.59505e-06 0.0114838 -0.700992
175.5 0.00430199 0.0232718 0.000367962 4.05544e-08 -7.55398e-06 0.000367985 0.0197688 -2.93381e-08 -5.73223e-08 -4.67477e-08 -3.09722e-08 -0.0197618 -0.000216498 -7.5481e-06 -4.87578e-08 0.000216499 -0.0162965 0.0158115 1.74264e-06 -0.000324599 0.0158125 0.849476 -1.26068e-06 -2.46317e-06 -2.00878e-06 -1.33089e-06 -0.849174 -0.00930302 -0.000324346 -2.09515e-06 0.00930309 -0.700267
176 0.00382481 0.0233551 0.000291576 3.2027e-08 -7.67092e-06 0.000291594 0.0198344 -2.66239e-08 -4.53478e-08 -3.693e-08 -2.76453e-08 -0.01983 -0.00017169 -7.67076e-06 -3.85493e-08 0.000171691 -0.0163391 0.0124845 1.37131e-06 -0.000328447 0.0124852 0.849254 -1.13996e-06 -1.94166e-06 -1.58124e-06 -1.18369e-06 -0.849065 -0.00735127 -0.00032844 -1.65057e-06 0.00735133 -0.699595
176.5 0.00334735 0.0234292 0.000223807 2.45098e-08 -7.77452e-06 0.000223821 0.0198928 -2.41574e-08 -3.47572e-08 -2.827e-08 -2.47568e-08 -0.0198902 -0.000131877 -7.77944e-06 -2.95308e-08 0.000131878 -0.0163767 0.00955246 1.04612e-06 -0.00033183 0.00955304 0.849059 -1.03108e-06 -1.4835e-06 -1.20661e-06 -1.05666e-06 -0.848949 -0.00562874 -0.000332039 -1.26042e-06 0.00562878 -0.698983
177 0.00286963 0.0234939 0.000164792 1.80001e-08 -7.86462e-06 0.000164802 0.0199437 -2.19654e-08 -2.55599e-08 -2.07669e-08 -2.22892e-08 -0.0199424 -9.71618e-05 -7.87395e-06 -2.17065e-08 9.71627e-05 -0.016409 0.00701427 7.66164e-07 -0.000334752 0.0070147 0.848892 -9.34941e-07 -1.08794e-06 -8.83927e-07 -9.48725e-07 -0.848832 -0.00413562 -0.000335149 -9.23921e-07 0.00413566 -0.698439
177.5 0.00239169 0.0235488 0.000114653 1.24959e-08 -7.94108e-06 0.00011466 0.0199871 -2.0071e-08 -1.7764e-08 -1.44197e-08 -2.02273e-08 -0.0199864 -6.7634e-05 -7.95417e-06 -1.508e-08 6.76346e-05 -0.0164364 0.00486872 5.30639e-07 -0.000337218 0.00486901 0.84875 -8.52314e-07 -7.54347e-07 -6.12331e-07 -8.58951e-07 -0.848722 -0.00287207 -0.000337773 -6.40372e-07 0.0028721 -0.697969
178 0.00191357 0.023594 7.34895e-05 7.99518e-09 -8.0038e-06 7.3494e-05 0.0200227 -1.8494e-08 -1.13763e-08 -9.22765e-09 -1.85581e-08 -0.0200224 -4.33699e-05 -8.01996e-06 -9.65437e-09 4.33703e-05 -0.0164586 0.00311475 3.38865e-07 -0.00033923 0.00311494 0.848636 -7.83843e-07 -4.82169e-07 -3.91101e-07 -7.86558e-07 -0.848624 -0.00183818 -0.000339915 -4.09187e-07 0.00183819 -0.697577
178.5 0.00143531 0.0236293 4.13869e-05 4.49632e-09 -8.05267e-06 4.13894e-05 0.0200505 -1.72506e-08 -6.40238e-09 -5.19014e-09 -1.72709e-08 -0.0200504 -2.44325e-05 -8.07124e-06 -5.43196e-09 2.44327e-05 -0.0164759 0.00175151 1.90286e-07 -0.000340792 0.00175161 0.848547 -7.30052e-07 -2.70951e-07 -2.19649e-07 -7.3091e-07 -0.848543 -0.00103399 -0.000341578 -2.29883e-07 0.001034 -0.697268
179 0.000956932 0.0236545 1.84097e-05 1.99805e-09 -8.08763e-06 1.84108e-05 0.0200705 -1.63534e-08 -2.84652e-09 -2.30659e-09 -1.63574e-08 -0.0200704 -1.08706e-05 -8.10792e-06 -2.41464e-09 1.08707e-05 -0.0164883 0.000778275 8.44681e-08 -0.000341907 0.000778322 0.848483 -6.91343e-07 -1.20337e-07 -9.75117e-08 -6.91512e-07 -0.848483 -0.000459557 -0.000342764 -1.02079e-07 0.000459561 -0.697045
179.5 0.000478484 0.0236697 4.60476e-06 4.99466e-10 -8.10863e-06 4.60504e-06 0.0200824 -1.58114e-08 -7.11783e-10 -5.76628e-10 -1.58117e-08 -0.0200824 -2.71941e-06 -8.12996e-06 -6.03724e-10 2.71944e-06 -0.0164957 0.000194543 2.11015e-08 -0.000342574 0.000194554 0.848446 -6.68003e-07 -3.00715e-08 -2.43614e-08 -6.68014e-07 -0.848445 -0.00011489 -0.000343475 -2.55062e-08 0.000114891 -0.696911
180 5.98114e-05 0.0236748 0 0 -8.11564e-06 0 0.0200864 -1.56302e-08 0 0 -1.56302e-08 -0.0200864 0 -8.1373e-06 0 0 -0.0164981 0 0 -0.000342797 0 0.848433 -6.60205e-07 0 0 -6.60205e-07 -0.848433 0 -0.000343712 0 0 -0.696866
