theta 2pi*dcos S11 S12 S13 S14 S21 S22 S23 S24 S31 S32 S33 S34 S41 S42 S43 S44 S12_norm S13_norm S14_norm S21_norm S22_norm S23_norm S24_norm S31_norm S32_norm S33_norm S34_norm S41_norm S42_norm S43_norm S44_norm
0 2.39246e-06 8.2496 5.24728e-17 -3.29469e-18 0.000935794 5.2812e-17 8.24347 -0.00242354 -4.99832e-18 -3.02826e-18 0.00242354 8.24347 4.58985e-18 0.000935805 7.00865e-18 -4.65214e-18 8.23778 6.36065e-18 -3.99375e-19 0.000113435 6.40176e-18 0.999256 -0.000293777 -6.05886e-19 -3.6708e-19 0.000293777 0.999256 5.56373e-19 0.000113436 8.49574e-19 -5.63923e-19 0.998567
0.1 1.91397e-05 8.24946 8.9285e-07 -7.73629e-10 0.000935757 8.92854e-07 8.24333 -0.00242351 -1.59164e-09 1.17465e-09 0.00242351 8.24333 1.38785e-05 0.000935768 -1.83602e-09 -1.38785e-05 8.23764 1.08231e-07 -9.37793e-11 0.000113432 1.08232e-07 0.999256 -0.000293778 -1.92938e-10 1.42392e-10 0.000293778 0.999256 1.68235e-06 0.000113434 -2.22562e-10 -1.68235e-06 0.998567
0.2 3.82793e-05 8.24905 3.57184e-06 -3.09426e-09 0.000935645 3.57186e-06 8.24292 -0.00242344 -6.36644e-09 4.69829e-09 0.00242344 8.24292 5.55116e-05 0.000935656 -7.34394e-09 -5.55116e-05 8.23723 4.33001e-07 -3.75106e-10 0.000113425 4.33003e-07 0.999256 -0.000293784 -7.71778e-10 5.69555e-10 0.000293784 0.999256 6.72945e-06 0.000113426 -8.90276e-10 -6.72945e-06 0.998567
0.3 5.74188e-05 8.24836 8.03832e-06 -6.96115e-09 0.000935459 8.03835e-06 8.24223 -0.00242331 -1.43241e-08 1.05699e-08 0.00242331 8.24223 0.000124892 0.00093547 -1.65234e-08 -0.000124892 8.23654 9.74535e-07 -8.43943e-10 0.000113411 9.74539e-07 0.999256 -0.000293792 -1.7366e-09 1.28146e-09 0.000293792 0.999256 1.51414e-05 0.000113413 -2.00323e-09 -1.51414e-05 0.998567
0.4 7.65581e-05 8.2474 1.42945e-05 -1.2373e-08 0.000935198 1.42945e-05 8.24127 -0.00242313 -2.54641e-08 1.87879e-08 0.00242313 8.24127 0.000222008 0.000935209 -2.93736e-08 -0.000222008 8.23558 1.73321e-06 -1.50023e-09 0.000113393 1.73322e-06 0.999256 -0.000293805 -3.08753e-09 2.27804e-09 0.000293805 0.999256 2.69186e-05 0.000113394 -3.56156e-09 -2.69186e-05 0.998567
0.5 9.56972e-05 8.24617 2.23435e-05 -1.93282e-08 0.000934863 2.23436e-05 8.24003 -0.00242289 -3.97857e-08 2.93499e-08 0.00242289 8.24003 0.000346843 0.000934874 -4.58938e-08 -0.000346843 8.23435 2.70956e-06 -2.3439e-09 0.000113369 2.70957e-06 0.999256 -0.00029382 -4.82475e-09 3.55922e-09 0.00029382 0.999256 4.20612e-05 0.000113371 -5.56548e-09 -4.20612e-05 0.998567
0.6 0.000114836 8.24466 3.21892e-05 -2.78243e-08 0.000934454 3.21894e-05 8.23852 -0.00242261 -5.7288e-08 4.22531e-08 0.00242261 8.23852 0.000499376 0.000934464 -6.60828e-08 -0.000499376 8.23284 3.90425e-06 -3.37482e-09 0.000113341 3.90427e-06 0.999255 -0.00029384 -6.9485e-09 5.12491e-09 0.00029384 0.999255 6.05696e-05 0.000113342 -8.01523e-09 -6.05696e-05 0.998566
0.7 0.000133974 8.24287 4.38367e-05 -3.78586e-08 0.00093397 4.38369e-05 8.23673 -0.00242227 -7.79698e-08 5.74938e-08 0.00242227 8.23673 0.000679579 0.00093398 -8.9939e-08 -0.000679579 8.23105 5.31813e-06 -4.59289e-09 0.000113306 5.31815e-06 0.999255 -0.000293862 -9.45906e-09 6.97497e-09 0.000293862 0.999255 8.24445e-05 0.000113308 -1.09111e-08 -8.24445e-05 0.998566
0.8 0.000153112 8.24081 5.72915e-05 -4.94278e-08 0.000933413 5.72918e-05 8.23467 -0.00242188 -1.0183e-07 7.50677e-08 0.00242188 8.23467 0.000887423 0.000933421 -1.17461e-07 -0.000887423 8.22899 6.95217e-06 -5.99793e-09 0.000113267 6.9522e-06 0.999254 -0.000293888 -1.23568e-08 9.10926e-09 0.000293888 0.999254 0.000107686 0.000113268 -1.42536e-08 -0.000107686 0.998566
0.9 0.00017225 8.23848 7.25605e-05 -6.25283e-08 0.00093278 7.25608e-05 8.23233 -0.00242144 -1.28867e-07 9.49699e-08 0.00242144 8.23233 0.00112287 0.000932788 -1.48646e-07 -0.00112287 8.22666 8.80751e-06 -7.58978e-09 0.000113222 8.80755e-06 0.999254 -0.000293918 -1.5642e-08 1.15276e-08 0.000293918 0.999254 0.000136296 0.000113223 -1.80429e-08 -0.000136296 0.998565
1 0.000191387 8.23587 8.9651e-05 -7.71556e-08 0.000932074 8.96514e-05 8.22972 -0.00242094 -1.59078e-07 1.17195e-07 0.00242094 8.22972 0.00138589 0.000932081 -1.83493e-07 -0.00138589 8.22405 1.08854e-05 -9.36824e-09 0.000113173 1.08855e-05 0.999253 -0.000293951 -1.93153e-08 1.42298e-08 0.000293951 0.999253 0.000168274 0.000113173 -2.22797e-08 -0.000168274 0.998565
1.1 0.000210523 8.23299 0.000108571 -9.33052e-08 0.000931294 0.000108572 8.22684 -0.0024204 -1.92463e-07 1.41736e-07 0.0024204 8.22684 0.00167642 0.0009313 -2.21999e-07 -0.00167642 8.22117 1.31874e-05 -1.13331e-08 0.000113117 1.31874e-05 0.999253 -0.000293988 -2.3377e-08 1.72157e-08 0.000293988 0.999253 0.000203622 0.000113118 -2.69645e-08 -0.000203622 0.998564
1.2 0.000229659 8.22984 0.000129331 -1.10972e-07 0.00093044 0.000129332 8.22368 -0.0024198 -2.29018e-07 1.68588e-07 0.0024198 8.22368 0.00199442 0.000930445 -2.64161e-07 -0.00199442 8.21802 1.57149e-05 -1.34841e-08 0.000113057 1.5715e-05 0.999252 -0.000294028 -2.78277e-08 2.04849e-08 0.000294028 0.999252 0.00024234 0.000113058 -3.20979e-08 -0.00024234 0.998564
1.3 0.000248794 8.22641 0.00015194 -1.30149e-07 0.000929512 0.000151941 8.22025 -0.00241915 -2.68741e-07 1.97741e-07 0.00241915 8.22025 0.00233983 0.000929516 -3.09975e-07 -0.00233983 8.21459 1.84698e-05 -1.58209e-08 0.000112991 1.84699e-05 0.999251 -0.000294071 -3.26681e-08 2.40374e-08 0.000294071 0.999251 0.00028443 0.000112992 -3.76805e-08 -0.00028443 0.998563
1.4 0.000267929 8.22271 0.00017641 -1.50832e-07 0.00092851 0.00017641 8.21655 -0.00241845 -3.11631e-07 2.29189e-07 0.00241845 8.21654 0.00271261 0.000928513 -3.5944e-07 -0.00271261 8.21089 2.1454e-05 -1.83433e-08 0.00011292 2.14541e-05 0.99925 -0.000294118 -3.78988e-08 2.78726e-08 0.000294118 0.99925 0.000329892 0.000112921 -4.37131e-08 -0.000329892 0.998562
1.5 0.000287062 8.21874 0.000202751 -1.73012e-07 0.000927435 0.000202752 8.21257 -0.0024177 -3.57683e-07 2.62921e-07 0.0024177 8.21257 0.00311267 0.000927437 -4.12551e-07 -0.00311267 8.20692 2.46694e-05 -2.1051e-08 0.000112844 2.46695e-05 0.999249 -0.000294169 -4.35204e-08 3.19905e-08 0.000294169 0.999249 0.000378728 0.000112844 -5.01964e-08 -0.000378728 0.998562
1.6 0.000306195 8.2145 0.000230978 -1.96684e-07 0.000926286 0.000230979 8.20832 -0.00241689 -4.06895e-07 2.9893e-07 0.00241689 8.20832 0.00353996 0.000926286 -4.69304e-07 -0.00353996 8.20267 2.81183e-05 -2.39435e-08 0.000112762 2.81184e-05 0.999248 -0.000294223 -4.95338e-08 3.63905e-08 0.000294223 0.999248 0.00043094 0.000112762 -5.71312e-08 -0.00043094 0.998561
1.7 0.000325327 8.20998 0.000261103 -2.21838e-07 0.000925064 0.000261104 8.2038 -0.00241603 -4.59264e-07 3.37204e-07 0.00241603 8.2038 0.00399439 0.000925063 -5.29696e-07 -0.00399439 8.19816 3.18031e-05 -2.70206e-08 0.000112676 3.18032e-05 0.999247 -0.00029428 -5.59397e-08 4.10724e-08 0.00029428 0.999247 0.000486529 0.000112675 -6.45185e-08 -0.000486529 0.99856
1.8 0.000344457 8.20519 0.000293141 -2.48468e-07 0.000923769 0.000293142 8.19901 -0.00241512 -5.14786e-07 3.77733e-07 0.00241512 8.19901 0.0044759 0.000923766 -5.93721e-07 -0.0044759 8.19337 3.57262e-05 -3.02818e-08 0.000112583 3.57264e-05 0.999246 -0.000294341 -6.27391e-08 4.60358e-08 0.000294341 0.999246 0.000545496 0.000112583 -7.23592e-08 -0.000545496 0.998559
1.9 0.000363587 8.20014 0.000327106 -2.76564e-07 0.0009224 0.000327108 8.19394 -0.00241416 -5.73458e-07 4.20505e-07 0.00241416 8.19394 0.00498439 0.000922396 -6.61376e-07 -0.00498439 8.18831 3.98904e-05 -3.37268e-08 0.000112486 3.98905e-05 0.999245 -0.000294405 -6.99328e-08 5.12803e-08 0.000294405 0.999245 0.000607843 0.000112485 -8.06543e-08 -0.000607843 0.998558
2 0.000382716 8.19481 0.000363016 -3.06117e-07 0.000920959 0.000363018 8.18861 -0.00241315 -6.35276e-07 4.6551e-07 0.00241315 8.18861 0.00551979 0.000920953 -7.32656e-07 -0.00551979 8.18299 4.42983e-05 -3.7355e-08 0.000112383 4.42985e-05 0.999244 -0.000294473 -7.75217e-08 5.68054e-08 0.000294473 0.999243 0.000673572 0.000112382 -8.94048e-08 -0.000673572 0.998557
2.1 0.000401843 8.18921 0.000400888 -3.37117e-07 0.000919445 0.000400889 8.18301 -0.00241209 -7.00235e-07 5.12733e-07 0.00241209 8.18301 0.006082 0.000919437 -8.07554e-07 -0.006082 8.17739 4.89531e-05 -4.1166e-08 0.000112275 4.89533e-05 0.999242 -0.000294544 -8.5507e-08 6.26108e-08 0.000294544 0.999242 0.000742684 0.000112274 -9.8612e-08 -0.000742684 0.998556
2.2 0.000420969 8.18335 0.000440737 -3.69555e-07 0.000917858 0.000440739 8.17713 -0.00241097 -7.68332e-07 5.62162e-07 0.00241097 8.17713 0.00667092 0.000917848 -8.86067e-07 -0.00667092 8.17152 5.38578e-05 -4.51594e-08 0.000112162 5.38581e-05 0.999241 -0.000294619 -9.38897e-08 6.86958e-08 0.000294619 0.999241 0.000815182 0.000112161 -1.08277e-07 -0.000815182 0.998555
2.3 0.000440094 8.17721 0.000482584 -4.03419e-07 0.000916199 0.000482587 8.17099 -0.0024098 -8.39562e-07 6.13782e-07 0.0024098 8.17099 0.00728645 0.000916187 -9.68188e-07 -0.00728645 8.16539 5.90158e-05 -4.93345e-08 0.000112043 5.9016e-05 0.99924 -0.000294697 -1.02671e-07 7.50601e-08 0.000294697 0.999239 0.000891068 0.000112042 -1.18401e-07 -0.000891068 0.998554
2.4 0.000459218 8.17081 0.000526448 -4.38698e-07 0.000914468 0.00052645 8.16458 -0.00240858 -9.1392e-07 6.6758e-07 0.00240858 8.16458 0.00792849 0.000914454 -1.05391e-06 -0.00792849 8.15898 6.44304e-05 -5.36909e-08 0.000111919 6.44306e-05 0.999238 -0.000294779 -1.11852e-07 8.17031e-08 0.000294779 0.999238 0.000970344 0.000111917 -1.28985e-07 -0.000970344 0.998553
2.5 0.00047834 8.16414 0.000572348 -4.75381e-07 0.000912665 0.000572351 8.1579 -0.00240731 -9.91402e-07 7.2354e-07 0.00240731 8.1579 0.00859693 0.000912649 -1.14323e-06 -0.00859693 8.15231 7.01052e-05 -5.8228e-08 0.00011179 7.01055e-05 0.999236 -0.000294864 -1.21434e-07 8.86242e-08 0.000294864 0.999236 0.00105301 0.000111788 -1.40031e-07 -0.00105301 0.998552
2.6 0.000497461 8.1572 0.000620306 -5.13456e-07 0.00091079 0.000620309 8.15096 -0.00240599 -1.072e-06 7.81646e-07 0.00240599 8.15095 0.00929165 0.000910772 -1.23614e-06 -0.00929165 8.14537 7.6044e-05 -6.29452e-08 0.000111655 7.60444e-05 0.999235 -0.000294952 -1.31418e-07 9.58229e-08 0.000294952 0.999234 0.00113907 0.000111652 -1.5154e-07 -0.00113907 0.99855
2.7 0.00051658 8.15 0.000670343 -5.5291e-07 0.000908844 0.000670346 8.14374 -0.00240461 -1.15572e-06 8.41883e-07 0.00240461 8.14374 0.0100125 0.000908823 -1.33263e-06 -0.0100125 8.13817 8.22508e-05 -6.78418e-08 0.000111515 8.22511e-05 0.999233 -0.000295044 -1.41806e-07 1.03299e-07 0.000295044 0.999232 0.00122853 0.000111512 -1.63513e-07 -0.00122853 0.998549
2.8 0.000535698 8.14253 0.000722482 -5.93731e-07 0.000906826 0.000722486 8.13627 -0.00240318 -1.24254e-06 9.04232e-07 0.00240318 8.13626 0.0107595 0.000906803 -1.4327e-06 -0.0107595 8.1307 8.87295e-05 -7.29173e-08 0.000111369 8.87299e-05 0.999231 -0.00029514 -1.52598e-07 1.11051e-07 0.00029514 0.99923 0.00132139 0.000111366 -1.75953e-07 -0.00132139 0.998547
2.9 0.000554814 8.13479 0.000776746 -6.35904e-07 0.000904737 0.00077675 8.12852 -0.0024017 -1.33246e-06 9.68677e-07 0.0024017 8.12851 0.0115323 0.000904711 -1.53633e-06 -0.0115323 8.12296 9.54845e-05 -7.81709e-08 0.000111218 9.54849e-05 0.999229 -0.000295238 -1.63797e-07 1.19078e-07 0.000295238 0.999228 0.00141765 0.000111215 -1.8886e-07 -0.00141765 0.998546
3 0.000573928 8.12679 0.000833159 -6.79415e-07 0.000902577 0.000833163 8.12051 -0.00240017 -1.42548e-06 1.0352e-06 0.00240017 8.1205 0.0123309 0.000902549 -1.64353e-06 -0.0123309 8.11496 0.00010252 -8.36019e-08 0.000111062 0.000102521 0.999228 -0.000295341 -1.75405e-07 1.27381e-07 0.000295341 0.999226 0.00151731 0.000111058 -2.02236e-07 -0.00151731 0.998544
3.1 0.00059304 8.11853 0.000891746 -7.24251e-07 0.000900347 0.00089175 8.11224 -0.00239859 -1.52158e-06 1.10378e-06 0.00239859 8.11223 0.0131552 0.000900316 -1.75428e-06 -0.0131552 8.1067 0.000109841 -8.92097e-08 0.0001109 0.000109841 0.999226 -0.000295446 -1.87421e-07 1.35958e-07 0.000295446 0.999224 0.00162039 0.000110896 -2.16084e-07 -0.00162039 0.998543
3.2 0.000612151 8.11 0.000952531 -7.70397e-07 0.000898046 0.000952536 8.10371 -0.00239695 -1.62077e-06 1.1744e-06 0.00239695 8.1037 0.0140049 0.000898013 -1.86858e-06 -0.0140049 8.09817 0.000117451 -9.49934e-08 0.000110733 0.000117452 0.999224 -0.000295555 -1.99849e-07 1.44809e-07 0.000295555 0.999222 0.00172687 0.000110729 -2.30404e-07 -0.00172687 0.998541
3.3 0.00063126 8.10122 0.00101554 -8.17836e-07 0.000895675 0.00101555 8.09491 -0.00239527 -1.72304e-06 1.24704e-06 0.00239527 8.0949 0.01488 0.000895639 -1.98641e-06 -0.01488 8.08938 0.000125357 -1.00952e-07 0.000110561 0.000125357 0.999221 -0.000295668 -2.12689e-07 1.53932e-07 0.000295668 0.99922 0.00183676 0.000110556 -2.45199e-07 -0.00183676 0.998539
3.4 0.000650367 8.09217 0.00108081 -8.66554e-07 0.000893235 0.00108081 8.08585 -0.00239353 -1.82838e-06 1.32167e-06 0.00239353 8.08584 0.0157803 0.000893196 -2.10777e-06 -0.0157803 8.08033 0.000133562 -1.07086e-07 0.000110383 0.000133562 0.999219 -0.000295784 -2.25944e-07 1.63327e-07 0.000295783 0.999217 0.00195008 0.000110378 -2.6047e-07 -0.00195008 0.998537
3.5 0.000669472 8.08286 0.00114835 -9.16534e-07 0.000890725 0.00114835 8.07653 -0.00239174 -1.93678e-06 1.39829e-06 0.00239174 8.07651 0.0167057 0.000890683 -2.23265e-06 -0.0167057 8.07102 0.000142072 -1.13392e-07 0.000110199 0.000142073 0.999217 -0.000295903 -2.39616e-07 1.72994e-07 0.000295903 0.999215 0.00206681 0.000110194 -2.7622e-07 -0.00206681 0.998535
3.6 0.000688575 8.07329 0.0012182 -9.67759e-07 0.000888146 0.0012182 8.06695 -0.0023899 -2.04824e-06 1.47685e-06 0.0023899 8.06693 0.017656 0.0008881 -2.36104e-06 -0.017656 8.06145 0.000150892 -1.19872e-07 0.00011001 0.000150893 0.999215 -0.000296025 -2.53705e-07 1.82931e-07 0.000296025 0.999212 0.00218696 0.000110005 -2.92451e-07 -0.00218696 0.998533
3.7 0.000707676 8.06347 0.00129039 -1.02021e-06 0.000885498 0.00129039 8.05712 -0.00238801 -2.16274e-06 1.55736e-06 0.00238801 8.05709 0.018631 0.000885449 -2.49293e-06 -0.018631 8.05162 0.000160029 -1.26523e-07 0.000109816 0.00016003 0.999212 -0.000296151 -2.68215e-07 1.93137e-07 0.000296151 0.99921 0.00231054 0.00010981 -3.09164e-07 -0.00231054 0.998531
3.8 0.000726775 8.05338 0.00136494 -1.07388e-06 0.000882781 0.00136495 8.04702 -0.00238606 -2.28028e-06 1.63977e-06 0.00238606 8.04699 0.0196305 0.000882729 -2.62831e-06 -0.0196305 8.04154 0.000169487 -1.33345e-07 0.000109616 0.000169488 0.99921 -0.000296281 -2.83146e-07 2.03612e-07 0.000296281 0.999207 0.00243755 0.00010961 -3.26361e-07 -0.00243755 0.998529
3.9 0.000745871 8.04304 0.00144189 -1.12873e-06 0.000879996 0.0014419 8.03667 -0.00238407 -2.40086e-06 1.72407e-06 0.00238406 8.03664 0.0206545 0.000879941 -2.76718e-06 -0.0206545 8.03119 0.000179272 -1.40337e-07 0.000109411 0.000179273 0.999207 -0.000296413 -2.98502e-07 2.14355e-07 0.000296413 0.999204 0.00256799 0.000109404 -3.44046e-07 -0.00256799 0.998527
4 0.000764965 8.03244 0.00152127 -1.18476e-06 0.000877143 0.00152128 8.02606 -0.00238202 -2.52446e-06 1.81023e-06 0.00238202 8.02603 0.0217026 0.000877084 -2.90951e-06 -0.0217026 8.02059 0.000189391 -1.47497e-07 0.0001092 0.000189392 0.999205 -0.00029655 -3.14283e-07 2.25365e-07 0.000296549 0.999201 0.00270187 0.000109193 -3.6222e-07 -0.00270187 0.998525
4.1 0.000784057 8.02159 0.00160311 -1.24195e-06 0.000874222 0.00160312 8.01519 -0.00237992 -2.65108e-06 1.89823e-06 0.00237992 8.01516 0.0227748 0.00087416 -3.0553e-06 -0.0227748 8.00974 0.000199849 -1.54826e-07 0.000108984 0.00019985 0.999202 -0.000296689 -3.30493e-07 2.3664e-07 0.000296689 0.999198 0.00283919 0.000108976 -3.80885e-07 -0.00283919 0.998522
4.2 0.000803147 8.01049 0.00168744 -1.30027e-06 0.000871234 0.00168745 8.00407 -0.00237777 -2.7807e-06 1.98804e-06 0.00237777 8.00404 0.0238709 0.000871169 -3.20455e-06 -0.0238709 7.99863 0.000210654 -1.62321e-07 0.000108762 0.000210655 0.999199 -0.000296832 -3.47133e-07 2.4818e-07 0.000296832 0.999195 0.00297996 0.000108754 -4.00044e-07 -0.00297996 0.99852
4.3 0.000822234 7.99913 0.0017743 -1.35971e-06 0.000868179 0.0017743 7.9927 -0.00237556 -2.91333e-06 2.07964e-06 0.00237556 7.99266 0.0249906 0.00086811 -3.35723e-06 -0.0249906 7.98727 0.000221811 -1.69983e-07 0.000108534 0.000221812 0.999197 -0.000296978 -3.64206e-07 2.59983e-07 0.000296978 0.999191 0.00312417 0.000108526 -4.19699e-07 -0.00312417 0.998517
4.4 0.000841318 7.98752 0.00186371 -1.42025e-06 0.000865058 0.00186372 7.98108 -0.00237331 -3.04894e-06 2.173e-06 0.00237331 7.98103 0.0261338 0.000864985 -3.51334e-06 -0.0261338 7.97565 0.000233328 -1.77808e-07 0.000108301 0.000233329 0.999194 -0.000297127 -3.81713e-07 2.72049e-07 0.000297127 0.999188 0.00327183 0.000108292 -4.39854e-07 -0.00327183 0.998515
4.5 0.0008604 7.97565 0.00195571 -1.48186e-06 0.00086187 0.00195572 7.9692 -0.002371 -3.18753e-06 2.26809e-06 0.002371 7.96915 0.0273003 0.000861794 -3.67286e-06 -0.0273003 7.96379 0.00024521 -1.85798e-07 0.000108063 0.000245211 0.999191 -0.00029728 -3.99658e-07 2.84377e-07 0.00029728 0.999185 0.00342296 0.000108053 -4.60509e-07 -0.00342295 0.998512
4.6 0.00087948 7.96354 0.00205034 -1.54452e-06 0.000858616 0.00205035 7.95708 -0.00236865 -3.3291e-06 2.36489e-06 0.00236865 7.95702 0.0284899 0.000858536 -3.83579e-06 -0.0284899 7.95167 0.000257466 -1.93949e-07 0.000107818 0.000257467 0.999188 -0.000297436 -4.18043e-07 2.96965e-07 0.000297436 0.999181 0.00357754 0.000107808 -4.81669e-07 -0.00357754 0.998509
4.7 0.000898556 7.95118 0.00214763 -1.60822e-06 0.000855297 0.00214764 7.9447 -0.00236624 -3.47363e-06 2.46337e-06 0.00236624 7.94464 0.0297023 0.000855213 -4.00211e-06 -0.0297023 7.93931 0.000270102 -2.02262e-07 0.000107569 0.000270103 0.999185 -0.000297596 -4.36869e-07 3.09812e-07 0.000297596 0.999177 0.00373558 0.000107558 -5.03335e-07 -0.00373558 0.998506
4.8 0.00091763 7.93858 0.00224762 -1.67293e-06 0.000851913 0.00224763 7.93208 -0.00236378 -3.62111e-06 2.5635e-06 0.00236378 7.93202 0.0309374 0.000851825 -4.17181e-06 -0.0309374 7.92669 0.000283126 -2.10735e-07 0.000107313 0.000283128 0.999182 -0.000297759 -4.5614e-07 3.22917e-07 0.000297758 0.999174 0.0038971 0.000107302 -5.25511e-07 -0.0038971 0.998503
4.9 0.000936701 7.92572 0.00235034 -1.73863e-06 0.000848464 0.00235035 7.91921 -0.00236127 -3.77153e-06 2.66525e-06 0.00236127 7.91914 0.032195 0.000848372 -4.34488e-06 -0.032195 7.91383 0.000296546 -2.19366e-07 0.000107052 0.000296547 0.999178 -0.000297925 -4.75859e-07 3.36279e-07 0.000297924 0.99917 0.00406209 0.00010704 -5.482e-07 -0.00406209 0.9985
5 0.00095577 7.91262 0.00245583 -1.8053e-06 0.000844951 0.00245584 7.9061 -0.00235871 -3.92488e-06 2.7686e-06 0.0023587 7.90602 0.0334748 0.000844855 -4.5213e-06 -0.0334748 7.90073 0.000310369 -2.28154e-07 0.000106785 0.00031037 0.999175 -0.000298094 -4.96027e-07 3.49896e-07 0.000298094 0.999166 0.00423056 0.000106773 -5.71403e-07 -0.00423055 0.998497
5.1 0.000974835 7.89928 0.00256413 -1.87291e-06 0.000841374 0.00256414 7.89274 -0.00235609 -4.08115e-06 2.8735e-06 0.00235609 7.89266 0.0347766 0.000841274 -4.70106e-06 -0.0347766 7.88738 0.000324603 -2.37099e-07 0.000106513 0.000324604 0.999172 -0.000298267 -5.16648e-07 3.63767e-07 0.000298266 0.999162 0.00440251 0.0001065 -5.95125e-07 -0.0044025 0.998494
5.2 0.000993897 7.88569 0.00267527 -1.94144e-06 0.000837733 0.00267528 7.87914 -0.00235343 -4.24033e-06 2.97994e-06 0.00235342 7.87905 0.0361003 0.000837629 -4.88414e-06 -0.0361003 7.87379 0.000339256 -2.46198e-07 0.000106235 0.000339258 0.999168 -0.000298443 -5.37725e-07 3.77892e-07 0.000298442 0.999157 0.00457794 0.000106221 -6.19368e-07 -0.00457794 0.99849
5.3 0.00101296 7.87187 0.00278929 -2.01087e-06 0.000834029 0.00278931 7.86529 -0.00235071 -4.40242e-06 3.08787e-06 0.00235071 7.8652 0.0374455 0.000833921 -5.07054e-06 -0.0374455 7.85995 0.000354337 -2.5545e-07 0.000105951 0.000354339 0.999165 -0.000298622 -5.5926e-07 3.92267e-07 0.000298621 0.999153 0.00475687 0.000105937 -6.44135e-07 -0.00475687 0.998487
5.4 0.00103201 7.8578 0.00290624 -2.08117e-06 0.000830263 0.00290625 7.85121 -0.00234794 -4.56739e-06 3.19728e-06 0.00234794 7.85111 0.038812 0.00083015 -5.26024e-06 -0.038812 7.84588 0.000369854 -2.64854e-07 0.000105661 0.000369856 0.999161 -0.000298804 -5.81255e-07 4.06893e-07 0.000298804 0.999148 0.0049393 0.000105647 -6.6943e-07 -0.0049393 0.998483
5.5 0.00105107 7.84349 0.00302614 -2.15231e-06 0.000826435 0.00302615 7.83689 -0.00234512 -4.73523e-06 3.30812e-06 0.00234512 7.83678 0.0401997 0.000826318 -5.45323e-06 -0.0401997 7.83157 0.000385816 -2.74408e-07 0.000105366 0.000385817 0.999158 -0.00029899 -6.03715e-07 4.21767e-07 0.000298989 0.999144 0.00512523 0.000105351 -6.95255e-07 -0.00512523 0.998479
5.6 0.00107012 7.82895 0.00314904 -2.22429e-06 0.000822544 0.00314906 7.82232 -0.00234225 -4.90595e-06 3.42037e-06 0.00234225 7.82221 0.0416083 0.000822423 -5.64948e-06 -0.0416083 7.81701 0.000402231 -2.8411e-07 0.000105064 0.000402233 0.999154 -0.000299179 -6.26642e-07 4.36888e-07 0.000299178 0.999139 0.00531467 0.000105049 -7.21615e-07 -0.00531467 0.998476
5.7 0.00108916 7.81417 0.00327499 -2.29706e-06 0.000818593 0.003275 7.80753 -0.00233933 -5.07951e-06 3.53399e-06 0.00233933 7.8074 0.0430375 0.000818467 -5.84899e-06 -0.0430375 7.80222 0.000419109 -2.9396e-07 0.000104758 0.000419111 0.99915 -0.000299371 -6.50039e-07 4.52255e-07 0.00029937 0.999134 0.00550762 0.000104741 -7.48511e-07 -0.00550762 0.998472
5.8 0.00110821 7.79915 0.00340401 -2.3706e-06 0.00081458 0.00340402 7.79249 -0.00233636 -5.25592e-06 3.64895e-06 0.00233636 7.79236 0.0444871 0.00081445 -6.05174e-06 -0.044487 7.7872 0.000436459 -3.03956e-07 0.000104445 0.000436461 0.999146 -0.000299566 -6.73909e-07 4.67865e-07 0.000299566 0.999129 0.00570409 0.000104428 -7.75949e-07 -0.00570409 0.998468
5.9 0.00112725 7.7839 0.00353615 -2.44489e-06 0.000810507 0.00353616 7.77723 -0.00233334 -5.43515e-06 3.76521e-06 0.00233333 7.77708 0.0459568 0.000810372 -6.25772e-06 -0.0459568 7.77194 0.00045429 -3.14095e-07 0.000104126 0.000454292 0.999143 -0.000299765 -6.98256e-07 4.83718e-07 0.000299764 0.999124 0.00590408 0.000104109 -8.03931e-07 -0.00590408 0.998463
6 0.00172656 7.76842 0.00367145 -2.5199e-06 0.000806374 0.00367146 7.76173 -0.00233026 -5.6172e-06 3.88275e-06 0.00233026 7.76157 0.0474464 0.000806235 -6.4669e-06 -0.0474464 7.75645 0.000472612 -3.24377e-07 0.000103802 0.000472614 0.999139 -0.000299966 -7.23082e-07 4.99812e-07 0.000299966 0.999119 0.00610761 0.000103784 -8.3246e-07 -0.0061076 0.998459
6.2 0.00236869 7.73676 0.00395169 -2.67197e-06 0.000797931 0.00395171 7.73003 -0.00232396 -5.9897e-06 4.12149e-06 0.00232396 7.72986 0.0504844 0.000797782 -6.89483e-06 -0.0504843 7.72477 0.000510768 -3.4536e-07 0.000103135 0.00051077 0.99913 -0.000300379 -7.74188e-07 5.32715e-07 0.000300379 0.999108 0.00652526 0.000103116 -8.91178e-07 -0.00652526 0.99845
6.4 0.00244479 7.70419 0.00424507 -2.8266e-06 0.000789254 0.00424509 7.69743 -0.00231746 -6.37331e-06 4.36489e-06 0.00231745 7.69723 0.0535988 0.000789095 -7.3354e-06 -0.0535988 7.69218 0.000551008 -3.66891e-07 0.000102445 0.000551011 0.999122 -0.000300805 -8.27253e-07 5.6656e-07 0.000300804 0.999096 0.00695709 0.000102424 -9.52131e-07 -0.00695709 0.998441
6.6 0.00252085 7.67072 0.00455193 -2.98356e-06 0.000780346 0.00455195 7.66392 -0.00231075 -6.76792e-06 4.61266e-06 0.00231074 7.66369 0.0567876 0.000780178 -7.78848e-06 -0.0567876 7.65868 0.000593416 -3.88955e-07 0.000101731 0.000593419 0.999113 -0.000301243 -8.82306e-07 6.01333e-07 0.000301242 0.999084 0.00740316 0.000101709 -1.01535e-06 -0.00740316 0.998431
6.8 0.00259689 7.63636 0.00487261 -3.14264e-06 0.000771213 0.00487263 7.62952 -0.00230384 -7.17342e-06 4.8645e-06 0.00230383 7.62927 0.0600486 0.000771034 -8.25392e-06 -0.0600486 7.62429 0.00063808 -4.11536e-07 0.000100992 0.000638082 0.999104 -0.000301693 -9.39377e-07 6.37019e-07 0.000301693 0.999071 0.00786351 0.000100969 -1.08087e-06 -0.00786351 0.99842
7 0.00267289 7.60112 0.00520744 -3.30359e-06 0.000761859 0.00520746 7.59424 -0.00229673 -7.5897e-06 5.12012e-06 0.00229672 7.59396 0.0633796 0.00076167 -8.73158e-06 -0.0633796 7.58903 0.000685088 -4.34618e-07 0.00010023 0.000685091 0.999095 -0.000302156 -9.98497e-07 6.73601e-07 0.000302155 0.999058 0.00833819 0.000100205 -1.14872e-06 -0.00833818 0.998409
7.2 0.00274886 7.56502 0.00555678 -3.46618e-06 0.000752287 0.00555681 7.5581 -0.00228941 -8.01662e-06 5.3792e-06 0.00228941 7.55778 0.0667783 0.000752087 -9.22132e-06 -0.0667783 7.5529 0.000734536 -4.58185e-07 9.94428e-05 0.000734539 0.999085 -0.000302631 -1.0597e-06 7.11062e-07 0.00030263 0.999043 0.00882725 9.94164e-05 -1.21894e-06 -0.00882724 0.998397
7.4 0.0028248 7.52807 0.00592098 -3.63017e-06 0.000742502 0.00592101 7.5211 -0.0022819 -8.45408e-06 5.64143e-06 0.00228189 7.52075 0.0702424 0.000742292 -9.72298e-06 -0.0702424 7.51591 0.000786521 -4.82218e-07 9.86312e-05 0.000786524 0.999075 -0.000303118 -1.12301e-06 7.49386e-07 0.000303117 0.999028 0.00933074 9.86032e-05 -1.29156e-06 -0.00933073 0.998385
7.6 0.00290071 7.49028 0.00630038 -3.79531e-06 0.000732509 0.00630041 7.48327 -0.00227418 -8.90195e-06 5.90648e-06 0.00227417 7.48288 0.0737696 0.000732288 -1.02364e-05 -0.0737696 7.47808 0.000841142 -5.06698e-07 9.77947e-05 0.000841146 0.999064 -0.000303617 -1.18847e-06 7.88553e-07 0.000303616 0.999013 0.00984872 9.77651e-05 -1.36662e-06 -0.00984871 0.998372
7.8 0.00297657 7.45166 0.00669535 -3.96135e-06 0.000722312 0.00669538 7.44461 -0.00226626 -9.36008e-06 6.17404e-06 0.00226625 7.44418 0.0773575 0.00072208 -1.07614e-05 -0.0773574 7.43942 0.000898504 -5.31607e-07 9.69331e-05 0.000898508 0.999054 -0.000304128 -1.25611e-06 8.28545e-07 0.000304127 0.998996 0.0103812 9.69019e-05 -1.44416e-06 -0.0103812 0.998358
8 0.00305241 7.41223 0.00710622 -4.12804e-06 0.000711916 0.00710625 7.40513 -0.00225814 -9.82836e-06 6.44376e-06 0.00225813 7.40466 0.0810035 0.000711673 -1.12979e-05 -0.0810035 7.39995 0.000958716 -5.56923e-07 9.60462e-05 0.00095872 0.999043 -0.000304651 -1.32597e-06 8.69342e-07 0.00030465 0.998979 0.0109284 9.60133e-05 -1.52422e-06 -0.0109284 0.998343
8.2 0.0031282 7.372 0.00753335 -4.29513e-06 0.000701326 0.00753339 7.36486 -0.00224983 -1.03066e-05 6.71533e-06 0.00224982 7.36434 0.0847054 0.000701071 -1.18456e-05 -0.0847053 7.35968 0.00102189 -5.82627e-07 9.51337e-05 0.00102189 0.999031 -0.000305185 -1.39808e-06 9.10923e-07 0.000305184 0.998961 0.0114901 9.50991e-05 -1.60683e-06 -0.0114901 0.998328
8.4 0.00320396 7.33099 0.0079771 -4.46234e-06 0.000690546 0.00797713 7.3238 -0.00224131 -1.07948e-05 6.98838e-06 0.0022413 7.32324 0.0884605 0.000690279 -1.24044e-05 -0.0884604 7.31862 0.00108813 -6.08696e-07 9.41954e-05 0.00108814 0.99902 -0.000305731 -1.47249e-06 9.53266e-07 0.00030573 0.998942 0.0120666 9.41591e-05 -1.69205e-06 -0.0120666 0.998312
8.6 0.00327968 7.28921 0.0084378 -4.62942e-06 0.000679581 0.00843784 7.28198 -0.0022326 -1.12927e-05 7.26259e-06 0.00223259 7.28135 0.0922663 0.000679303 -1.29741e-05 -0.0922663 7.27678 0.00115757 -6.35106e-07 9.32311e-05 0.00115758 0.999008 -0.000306288 -1.54923e-06 9.96348e-07 0.000306287 0.998922 0.0126579 9.3193e-05 -1.77991e-06 -0.0126579 0.998295
8.8 0.00335535 7.24668 0.0089158 -4.7961e-06 0.000668437 0.00891584 7.23939 -0.00222369 -1.18001e-05 7.5376e-06 0.00222368 7.23871 0.0961203 0.000668147 -1.35545e-05 -0.0961202 7.23419 0.00123033 -6.61835e-07 9.22405e-05 0.00123034 0.998995 -0.000306856 -1.62834e-06 1.04015e-06 0.000306855 0.998901 0.0132641 9.22005e-05 -1.87045e-06 -0.013264 0.998278
9 0.00343099 7.2034 0.00941146 -4.96211e-06 0.000657118 0.0094115 7.19607 -0.00221458 -1.23169e-05 7.81306e-06 0.00221457 7.19533 0.10002 0.000656817 -1.41455e-05 -0.10002 7.19086 0.00130653 -6.88857e-07 9.12233e-05 0.00130654 0.998983 -0.000307436 -1.70988e-06 1.08463e-06 0.000307434 0.99888 0.0138851 9.11815e-05 -1.96373e-06 -0.0138851 0.998259
9.2 0.00350659 7.1594 0.0099251 -5.12717e-06 0.00064563 0.00992515 7.15202 -0.00220528 -1.2843e-05 8.08861e-06 0.00220526 7.15122 0.103962 0.000645317 -1.47468e-05 -0.103962 7.1468 0.0013863 -7.16146e-07 9.01794e-05 0.00138631 0.99897 -0.000308026 -1.79387e-06 1.12979e-06 0.000308023 0.998857 0.0145211 9.01356e-05 -2.05979e-06 -0.0145211 0.99824
9.4 0.00358214 7.11469 0.0104571 -5.29101e-06 0.000633978 0.0104571 7.10726 -0.00219578 -1.33782e-05 8.36389e-06 0.00219576 7.10639 0.107945 0.000633652 -1.53583e-05 -0.107945 7.10202 0.00146979 -7.43674e-07 8.91083e-05 0.00146979 0.998956 -0.000308626 -1.88037e-06 1.17558e-06 0.000308624 0.998833 0.0151721 8.90626e-05 -2.15868e-06 -0.0151721 0.998219
9.6 0.00365765 7.06928 0.0110077 -5.45335e-06 0.000622166 0.0110077 7.06181 -0.00218609 -1.39224e-05 8.63854e-06 0.00218607 7.06086 0.111965 0.000621829 -1.59797e-05 -0.111965 7.05654 0.00155712 -7.71415e-07 8.80098e-05 0.00155712 0.998942 -0.000309237 -1.96942e-06 1.22198e-06 0.000309235 0.998808 0.0158382 8.79621e-05 -2.26045e-06 -0.0158382 0.998198
9.8 0.00373311 7.0232 0.0115773 -5.61391e-06 0.000610202 0.0115773 7.01567 -0.0021762 -1.44753e-05 8.91219e-06 0.00217618 7.01465 0.11602 0.000609852 -1.66109e-05 -0.11602 7.01038 0.00164844 -7.99338e-07 8.68837e-05 0.00164844 0.998928 -0.000309859 -2.06107e-06 1.26896e-06 0.000309856 0.998782 0.0165195 8.6834e-05 -2.36515e-06 -0.0165195 0.998175
10 0.00380853 6.97645 0.0121662 -5.77241e-06 0.000598089 0.0121662 6.96887 -0.00216612 -1.50368e-05 9.18448e-06 0.0021661 6.96777 0.120107 0.000597727 -1.72516e-05 -0.120107 6.96356 0.00174389 -8.27414e-07 8.57297e-05 0.0017439 0.998914 -0.00031049 -2.15537e-06 1.3165e-06 0.000310487 0.998755 0.0172161 8.56778e-05 -2.47283e-06 -0.0172161 0.998152
10.2 0.0038839 6.92905 0.0127747 -5.92856e-06 0.000585833 0.0127748 6.92143 -0.00215585 -1.56068e-05 9.45503e-06 0.00215582 6.92023 0.124224 0.000585459 -1.79016e-05 -0.124224 6.91608 0.00184364 -8.55609e-07 8.45474e-05 0.00184365 0.998899 -0.000311132 -2.25237e-06 1.36455e-06 0.000311128 0.998727 0.017928 8.44934e-05 -2.58356e-06 -0.0179279 0.998127
10.4 0.00395923 6.88103 0.0134031 -6.08208e-06 0.000573441 0.0134032 6.87335 -0.00214538 -1.6185e-05 9.72348e-06 0.00214536 6.87206 0.128367 0.000573054 -1.85607e-05 -0.128367 6.86796 0.00194784 -8.83891e-07 8.33365e-05 0.00194785 0.998884 -0.000311783 -2.35212e-06 1.41309e-06 0.000311779 0.998697 0.0186552 8.32804e-05 -2.69738e-06 -0.0186552 0.998101
10.6 0.0040345 6.83238 0.0140518 -6.23268e-06 0.000560917 0.0140518 6.82465 -0.00213473 -1.67712e-05 9.98944e-06 0.00213471 6.82327 0.132534 0.000560518 -1.92287e-05 -0.132534 6.81923 0.00205664 -9.12226e-07 8.20968e-05 0.00205665 0.998868 -0.000312443 -2.45467e-06 1.46207e-06 0.000312439 0.998667 0.0193979 8.20384e-05 -2.81435e-06 -0.0193979 0.998074
10.8 0.00410973 6.78314 0.0147209 -6.38007e-06 0.000548267 0.014721 6.77536 -0.00212389 -1.73654e-05 1.02526e-05 0.00212386 6.77388 0.136722 0.000547855 -1.99054e-05 -0.136722 6.76989 0.00217022 -9.40578e-07 8.08278e-05 0.00217023 0.998852 -0.000313113 -2.56008e-06 1.51148e-06 0.000313109 0.998634 0.0201561 8.07672e-05 -2.93453e-06 -0.0201561 0.998046
11 0.00418491 6.73332 0.0154108 -6.52397e-06 0.000535496 0.0154109 6.72548 -0.00211286 -1.79672e-05 1.05124e-05 0.00211283 6.7239 0.140928 0.000535073 -2.05904e-05 -0.140928 6.71997 0.00228874 -9.68909e-07 7.95293e-05 0.00228875 0.998836 -0.000313792 -2.6684e-06 1.56125e-06 0.000313787 0.998601 0.0209299 7.94664e-05 -3.05799e-06 -0.0209299 0.998017
11.2 0.00426003 6.68293 0.0161218 -6.66409e-06 0.000522612 0.0161218 6.67504 -0.00210164 -1.85766e-05 1.07687e-05 0.00210161 6.67335 0.14515 0.000522175 -2.12837e-05 -0.14515 6.66947 0.00241238 -9.97181e-07 7.82009e-05 0.00241239 0.998819 -0.000314479 -2.7797e-06 1.61137e-06 0.000314475 0.998566 0.0217195 7.81357e-05 -3.18478e-06 -0.0217194 0.997986
11.4 0.00433511 6.63199 0.016854 -6.80013e-06 0.000509618 0.0168541 6.62405 -0.00209024 -1.91932e-05 1.1021e-05 0.00209021 6.62224 0.149384 0.000509169 -2.19849e-05 -0.149384 6.61842 0.00254132 -1.02535e-06 7.68424e-05 0.00254133 0.998802 -0.000315175 -2.89403e-06 1.66179e-06 0.00031517 0.998529 0.0225247 7.67747e-05 -3.31497e-06 -0.0225247 0.997954
11.6 0.00441013 6.58053 0.0176079 -6.93181e-06 0.000496522 0.0176079 6.57252 -0.00207865 -1.9817e-05 1.12689e-05 0.00207862 6.5706 0.153628 0.00049606 -2.26938e-05 -0.153628 6.56684 0.00267575 -1.05338e-06 7.54532e-05 0.00267577 0.998784 -0.00031588 -3.01146e-06 1.71246e-06 0.000315874 0.998491 0.0233458 7.53831e-05 -3.44863e-06 -0.0233458 0.99792
11.8 0.0044851 6.52854 0.0183835 -7.05884e-06 0.000483328 0.0183836 6.52049 -0.00206688 -2.04477e-05 1.15121e-05 0.00206685 6.51843 0.157879 0.000482854 -2.34102e-05 -0.157879 6.51473 0.00281586 -1.08123e-06 7.40331e-05 0.00281588 0.998766 -0.000316592 -3.13204e-06 1.76334e-06 0.000316586 0.998452 0.0241829 7.39605e-05 -3.58583e-06 -0.0241828 0.997885
12 0.0139046 6.47606 0.0191811 -7.18092e-06 0.000470043 0.0191812 6.46795 -0.00205493 -2.1085e-05 1.17501e-05 0.00205489 6.46577 0.162134 0.000469557 -2.41338e-05 -0.162134 6.46212 0.00296185 -1.10884e-06 7.25817e-05 0.00296186 0.998748 -0.000317312 -3.25584e-06 1.81439e-06 0.000317306 0.998411 0.0250359 7.25066e-05 -3.72662e-06 -0.0250358 0.997848
13 0.0246683 6.20679 0.0235064 -7.70712e-06 0.000402459 0.0235065 6.1984 -0.00199248 -2.4365e-05 1.28504e-05 0.00199243 6.19547 0.183371 0.000401909 -2.78511e-05 -0.183371 6.19214 0.00378721 -1.24172e-06 6.48417e-05 0.00378723 0.998649 -0.000321017 -3.92555e-06 2.07037e-06 0.000321009 0.998178 0.0295437 6.47532e-05 -4.4872e-06 -0.0295436 0.99764
14 0.0265294 5.92767 0.0284078 -8.06688e-06 0.000333487 0.028408 5.919 -0.0019257 -2.778e-05 1.37666e-05 0.00192563 5.91519 0.204289 0.000332875 -3.17094e-05 -0.204288 5.91216 0.00479241 -1.36088e-06 5.62593e-05 0.00479243 0.998538 -0.000324866 -4.6865e-06 2.32243e-06 0.000324854 0.997894 0.0344635 5.61561e-05 -5.34938e-06 -0.0344635 0.997384
15 0.0283823 5.64091 0.0338965 -8.2256e-06 0.000263878 0.0338967 5.63197 -0.00185478 -3.13009e-05 1.44536e-05 0.0018547 5.6271 0.224542 0.000263205 -3.56737e-05 -0.224541 5.62439 0.00600904 -1.4582e-06 4.67793e-05 0.00600908 0.998414 -0.000328809 -5.54891e-06 2.56228e-06 0.000328794 0.997552 0.0398059 4.66599e-05 -6.3241e-06 -0.0398058 0.997071
16 0.0302266 5.3487 0.0399725 -8.15045e-06 0.000194379 0.0399727 5.33948 -0.00177998 -3.48971e-05 1.48683e-05 0.00177987 5.3334 0.243799 0.000193646 -3.97075e-05 -0.243799 5.33101 0.00747331 -1.52382e-06 3.63414e-05 0.00747335 0.998277 -0.000332787 -6.5244e-06 2.7798e-06 0.000332768 0.99714 0.045581 3.62043e-05 -7.42376e-06 -0.0455809 0.996692
17 0.0320617 5.0532 0.0466236 -7.81093e-06 0.000125724 0.0466239 5.04372 -0.00170156 -3.85364e-05 1.49708e-05 0.00170144 5.03626 0.26175 0.000124932 -4.37727e-05 -0.261749 5.03418 0.00922656 -1.54574e-06 2.48801e-05 0.00922661 0.998124 -0.00033673 -7.62613e-06 2.96264e-06 0.000336704 0.996647 0.0517988 2.47234e-05 -8.66236e-06 -0.0517987 0.996235
18 0.0338871 4.75653 0.0538248 -7.17945e-06 5.86225e-05 0.0538251 4.7468 -0.00161984 -4.21859e-05 1.47247e-05 0.00161969 4.73778 0.278105 5.77739e-05 -4.78304e-05 -0.278104 4.73601 0.011316 -1.50939e-06 1.23246e-05 0.0113161 0.997954 -0.00034055 -8.86905e-06 3.09568e-06 0.000340519 0.996058 0.0584681 1.21462e-05 -1.00557e-05 -0.0584679 0.995687
19 0.0357021 4.46071 0.0615373 -6.23182e-06 -6.24785e-06 0.0615377 4.45075 -0.00153514 -4.58119e-05 1.4098e-05 0.00153496 4.44001 0.292605 -7.1514e-06 -5.18413e-05 -0.292604 4.43855 0.0137954 -1.39705e-06 -1.40064e-06 0.0137955 0.997766 -0.000344147 -1.02701e-05 3.16048e-06 0.000344108 0.99536 0.065596 -1.6032e-06 -1.16218e-05 -0.0655958 0.995032
20 0.0375062 4.1677 0.0697092 -4.94772e-06 -6.825e-05 0.0697097 4.15752 -0.00144784 -4.93804e-05 1.30636e-05 0.00144764 4.14491 0.305022 -6.92066e-05 -5.57661e-05 -0.305021 4.14375 0.0167261 -1.18716e-06 -1.63759e-05 0.0167262 0.997558 -0.000347396 -1.18484e-05 3.13449e-06 0.000347348 0.994533 0.0731872 -1.66055e-05 -1.33805e-05 -0.073187 0.994253
21 0.0392989 3.87932 0.0782755 -3.31098e-06 -0.000126796 0.0782761 3.86895 -0.00135834 -5.28579e-05 1.15998e-05 0.00135812 3.85432 0.315166 -0.000127804 -5.95659e-05 -0.315165 3.85344 0.0201777 -8.53497e-07 -3.26851e-05 0.0201778 0.997327 -0.000350149 -1.36256e-05 2.99016e-06 0.000350092 0.993557 0.0812426 -3.29449e-05 -1.53547e-05 -0.0812423 0.993329
22 0.0410797 3.59725 0.0871586 -1.30997e-06 -0.000181354 0.0871594 3.58672 -0.00126706 -5.62112e-05 9.6904e-06 0.00126682 3.56995 0.322882 -0.000182411 -6.32032e-05 -0.322881 3.56933 0.0242292 -3.64159e-07 -5.04145e-05 0.0242294 0.997072 -0.000352231 -1.56261e-05 2.69383e-06 0.000352163 0.992408 0.089758 -5.07084e-05 -1.75698e-05 -0.0897576 0.992237
23 0.0428479 3.32306 0.0962699 1.06228e-06 -0.000231454 0.0962707 3.31239 -0.00117446 -5.94085e-05 7.32543e-06 0.00117419 3.29336 0.328059 -0.000232559 -6.66421e-05 -0.328057 3.29299 0.0289702 3.19668e-07 -6.96509e-05 0.0289705 0.996789 -0.000353427 -1.78776e-05 2.20442e-06 0.000353347 0.991061 0.0987218 -6.99832e-05 -2.00544e-05 -0.0987214 0.99095
24 0.0446031 3.05813 0.10551 3.8079e-06 -0.000276696 0.105511 3.04735 -0.001081 -6.24197e-05 4.5009e-06 0.00108072 3.02597 0.330623 -0.000277845 -6.98491e-05 -0.330622 3.02583 0.0345016 1.24517e-06 -9.04789e-05 0.0345019 0.996475 -0.000353485 -2.04111e-05 1.47178e-06 0.000353392 0.989483 0.108113 -9.08545e-05 -2.28405e-05 -0.108112 0.989437
25 0.0463447 2.80368 0.114773 6.92414e-06 -0.00031675 0.114774 2.79283 -0.000987177 -6.52168e-05 1.21907e-06 0.000986876 2.76903 0.330547 -0.00031794 -7.27936e-05 -0.330545 2.7691 0.0409364 2.46966e-06 -0.000112976 0.0409368 0.996128 -0.0003521 -2.32611e-05 4.3481e-07 0.000351993 0.98764 0.117897 -0.000113401 -2.59636e-05 -0.117897 0.987664
26 0.0480722 2.56077 0.123944 1.04034e-05 -0.000351362 0.123945 2.54987 -0.000893479 -6.77745e-05 -2.51165e-06 0.000893168 2.52362 0.32784 -0.000352591 -7.54484e-05 -0.327838 2.52387 0.0484009 4.06261e-06 -0.000137209 0.0484014 0.995743 -0.00034891 -2.64664e-05 -9.80817e-07 0.000348789 0.985492 0.128024 -0.000137689 -2.94632e-05 -0.128023 0.985591
27 0.049785 2.33027 0.132905 1.42333e-05 -0.000380354 0.132907 2.31936 -0.000800413 -7.00705e-05 -6.67677e-06 0.000800097 2.29064 0.322554 -0.000381618 -7.77904e-05 -0.322552 2.29106 0.0570343 6.10802e-06 -0.000163223 0.0570349 0.995317 -0.000343485 -3.00697e-05 -2.86524e-06 0.00034335 0.982995 0.138419 -0.000163766 -3.33826e-05 -0.138418 0.983172
28 0.0514827 2.11287 0.141537 1.83969e-05 -0.00040363 0.141539 2.10198 -0.000708483 -7.2086e-05 -1.1256e-05 0.000708169 2.07082 0.314779 -0.000404923 -7.98008e-05 -0.314777 2.07137 0.0669882 8.70707e-06 -0.000191034 0.0669889 0.994846 -0.000335317 -3.41175e-05 -5.32734e-06 0.000335169 0.980098 0.148982 -0.000191646 -3.77689e-05 -0.148981 0.980359
29 0.0531646 1.9091 0.14972 2.28728e-05 -0.000421167 0.149722 1.89827 -0.000618187 -7.38063e-05 -1.62234e-05 0.000617882 1.86471 0.304642 -0.000422484 -8.14657e-05 -0.30464 1.86537 0.0784245 1.19809e-05 -0.00022061 0.0784254 0.994325 -0.00032381 -3.86602e-05 -8.49792e-06 0.000323651 0.976747 0.159573 -0.0002213 -4.26722e-05 -0.159572 0.977094
30 0.0548304 1.71931 0.157337 2.76354e-05 -0.000433021 0.157339 1.70857 -0.000530013 -7.52207e-05 -2.15479e-05 0.000529726 1.67269 0.2923 -0.000434356 -8.27763e-05 -0.292297 1.67344 0.0915119 1.60735e-05 -0.000251857 0.091513 0.99375 -0.00030827 -4.37505e-05 -1.25329e-05 0.000308103 0.972882 0.17001 -0.000252633 -4.8145e-05 -0.170008 0.973318
31 0.0564795 1.54368 0.164277 3.26553e-05 -0.000439321 0.164279 1.53306 -0.00044443 -7.6323e-05 -2.71936e-05 0.000444168 1.49497 0.277942 -0.000440666 -8.37292e-05 -0.277939 1.49578 0.106418 2.11541e-05 -0.000284592 0.10642 0.993116 -0.000287902 -4.94421e-05 -1.7616e-05 0.000287733 0.968441 0.180051 -0.000285464 -5.42398e-05 -0.180049 0.968968
32 0.0581114 1.38225 0.170433 3.78996e-05 -0.000440264 0.170435 1.37177 -0.000361884 -7.71116e-05 -3.31201e-05 0.000361657 1.3316 0.261781 -0.000441611 -8.43265e-05 -0.261778 1.33245 0.123302 2.74189e-05 -0.000318514 0.123303 0.99242 -0.000261809 -5.57872e-05 -2.39611e-05 0.000261645 0.963361 0.189388 -0.000319488 -6.10069e-05 -0.189386 0.963977
33 0.0597256 1.23487 0.175712 4.33322e-05 -0.000436115 0.175714 1.22457 -0.000282791 -7.75897e-05 -3.92834e-05 0.00028261 1.18249 0.244052 -0.000437454 -8.45758e-05 -0.244049 1.18336 0.142291 3.50904e-05 -0.000353165 0.142293 0.991658 -0.000229004 -6.2832e-05 -3.18117e-05 0.000228858 0.957582 0.197633 -0.00035425 -6.84894e-05 -0.197631 0.958285
34 0.0613216 1.10132 0.18003 4.89142e-05 -0.000427195 0.180032 1.09121 -0.000207536 -7.7765e-05 -4.56358e-05 0.00020741 1.04741 0.225006 -0.000428516 -8.44902e-05 -0.225003 1.04827 0.163468 4.44143e-05 -0.000387895 0.16347 0.990828 -0.000188444 -7.0611e-05 -4.14375e-05 0.000188329 0.951052 0.204306 -0.000389094 -7.67175e-05 -0.204304 0.951836
35 0.0628989 0.98119 0.183315 5.4604e-05 -0.000413877 0.183318 0.97131 -0.000136461 -7.76502e-05 -5.21271e-05 0.000136401 0.925987 0.204907 -0.000415169 -8.40882e-05 -0.204905 0.926827 0.18683 5.56508e-05 -0.000421811 0.186833 0.98993 -0.000139077 -7.91388e-05 -5.31264e-05 0.000139016 0.943739 0.208835 -0.000423128 -8.57002e-05 -0.208833 0.944595
36 0.064457 0.874006 0.185514 6.03584e-05 -0.000396582 0.185517 0.864365 -6.98679e-05 -7.72621e-05 -5.87044e-05 6.98821e-05 0.817752 0.184026 -0.000397834 -8.33931e-05 -0.184024 0.818553 0.212257 6.90595e-05 -0.000453751 0.21226 0.988969 -7.99398e-05 -8.83999e-05 -6.7167e-05 7.9956e-05 0.935637 0.210555 -0.000455184 -9.54148e-05 -0.210552 0.936553
37 0.0659956 0.77918 0.186584 6.61321e-05 -0.000375765 0.186588 0.769792 -8.00885e-06 -7.66221e-05 -6.53134e-05 8.10708e-06 0.722132 0.162637 -0.000376965 -8.2433e-05 -0.162634 0.722879 0.239463 8.4874e-05 -0.000482256 0.239467 0.987951 -1.02786e-05 -9.83368e-05 -8.38232e-05 1.04046e-05 0.926784 0.208728 -0.000483797 -0.000105795 -0.208725 0.927743
38 0.067514 0.696045 0.186504 7.18786e-05 -0.000351911 0.186507 0.68692 4.89124e-05 -7.57554e-05 -7.18983e-05 -4.87217e-05 0.638467 0.141011 -0.000353048 -8.12401e-05 -0.141009 0.639148 0.267948 0.000103267 -0.000505586 0.267953 0.98689 7.02719e-05 -0.000108837 -0.000103295 -6.99979e-05 0.917278 0.202589 -0.00050722 -0.000116717 -0.202585 0.918257
39 0.0690118 0.623871 0.185266 7.75505e-05 -0.000325526 0.185269 0.615014 0.000100745 -7.46908e-05 -7.84028e-05 -0.000100454 0.566029 0.119414 -0.000326589 -7.98503e-05 -0.119412 0.566637 0.296962 0.000124305 -0.000521784 0.296968 0.985803 0.000161484 -0.000119722 -0.000125672 -0.000161018 0.907286 0.191409 -0.000523489 -0.000127992 -0.191405 0.90826
40 0.10628 0.561874 0.182881 8.30996e-05 -0.000297127 0.182885 0.553286 0.000147391 -7.34601e-05 -8.47703e-05 -0.000146994 0.504036 0.0981026 -0.000298105 -7.83022e-05 -0.0981002 0.504565 0.325485 0.000147897 -0.000528814 0.325491 0.984715 0.000262321 -0.000130741 -0.000150871 -0.000261614 0.897062 0.174599 -0.000530556 -0.000139359 -0.174595 0.898004
42 0.146749 0.465114 0.174799 9.3636e-05 -0.000236357 0.174803 0.457047 0.000225006 -7.06406e-05 -9.68694e-05 -0.000224385 0.408058 0.0572823 -0.000237139 -7.48973e-05 -0.0572801 0.408429 0.375821 0.000201318 -0.000508171 0.375829 0.982657 0.000483766 -0.000151878 -0.00020827 -0.000482429 0.87733 0.123158 -0.000509851 -0.00016103 -0.123153 0.878128
44 0.152348 0.399021 0.162671 0.000103104 -0.000173645 0.162675 0.391422 0.000282052 -6.75926e-05 -0.000107756 -0.000281201 0.343706 0.0202592 -0.000174201 -7.13672e-05 -0.0202573 0.34394 0.407675 0.000258392 -0.000435177 0.407684 0.980956 0.000706859 -0.000169396 -0.000270051 -0.000704728 0.861372 0.0507721 -0.000436571 -0.000178856 -0.0507675 0.86196
46 0.157761 0.356894 0.147137 0.000111131 -0.000112694 0.147141 0.349672 0.000319631 -6.46233e-05 -0.000117016 -0.000318566 0.304136 -0.0116157 -0.00011301 -6.80527e-05 0.0116172 0.304284 0.41227 0.000311383 -0.000315763 0.412281 0.979765 0.000895589 -0.000181071 -0.000327872 -0.000892606 0.852173 -0.0325466 -0.000316648 -0.00019068 0.0325508 0.852588
48 0.162982 0.332415 0.129016 0.000117369 -5.6661e-05 0.12902 0.325447 0.000339559 -6.20289e-05 -0.000124272 -0.000338313 0.282846 -0.0374024 -5.67347e-05 -6.52669e-05 0.0374035 0.282985 0.388116 0.000353079 -0.000170453 0.388128 0.979037 0.00102149 -0.000186601 -0.000373846 -0.00101774 0.850882 -0.112517 -0.000170674 -0.000196341 0.11252 0.851298
50 0.168004 0.31992 0.109244 0.000121504 -7.99178e-06 0.109248 0.313054 0.000344228 -6.00722e-05 -0.000129199 -0.000342855 0.27396 -0.0565936 -7.8343e-06 -6.32716e-05 0.0565943 0.274187 0.341473 0.000379796 -2.49806e-05 0.341485 0.978539 0.00107598 -0.000187773 -0.000403847 -0.00107169 0.85634 -0.176899 -2.44883e-05 -0.000197773 0.176902 0.857049
52 0.172821 0.314579 0.0888083 0.000123272 3.16773e-05 0.088812 0.307646 0.00033644 -5.89615e-05 -0.000131529 -0.000335013 0.272421 -0.0691051 3.20451e-05 -6.22555e-05 0.0691054 0.272854 0.282308 0.000391865 0.000100697 0.28232 0.977959 0.00106949 -0.00018743 -0.000418111 -0.00106495 0.865987 -0.219675 0.000101867 -0.000197901 0.219676 0.86736
54 0.177428 0.312506 0.0686786 0.00012247 6.15549e-05 0.0686822 0.305324 0.000319226 -5.88318e-05 -0.00013107 -0.000317833 0.274119 -0.0752383 6.21067e-05 -6.2318e-05 0.0752382 0.274883 0.219767 0.000391897 0.000196972 0.219779 0.977016 0.0010215 -0.000188258 -0.000419415 -0.00101704 0.877163 -0.240758 0.000198738 -0.000199413 0.240757 0.879607
56 0.181819 0.310782 0.0497466 0.00011897 8.16665e-05 0.0497501 0.303169 0.000295654 -5.97298e-05 -0.000127711 -0.000294397 0.275926 -0.0756217 8.23754e-05 -6.34581e-05 0.0756212 0.277151 0.160069 0.000382809 0.000262777 0.16008 0.975505 0.000951322 -0.000192192 -0.000410935 -0.000947277 0.887846 -0.243327 0.000265059 -0.000204189 0.243326 0.891785
58 0.185988 0.307418 0.0327733 0.000112734 9.27681e-05 0.0327766 0.299206 0.000268657 -6.16039e-05 -0.000121436 -0.000267642 0.275679 -0.0711359 9.36108e-05 -6.55706e-05 0.0711351 0.277486 0.106608 0.000366712 0.000301765 0.106619 0.973286 0.000873914 -0.000200391 -0.000395018 -0.000870613 0.896754 -0.231398 0.000304506 -0.000213294 0.231395 0.902635
60 0.286303 0.301269 0.0183499 0.000103824 9.62128e-05 0.018353 0.292309 0.000240876 -6.43003e-05 -0.000112331 -0.000240207 0.272092 -0.0628305 9.71724e-05 -6.84483e-05 0.0628294 0.27459 0.0609085 0.000344623 0.000319358 0.060919 0.97026 0.000799536 -0.000213431 -0.000372858 -0.000797316 0.903152 -0.208553 0.000322543 -0.0002272 0.208549 0.911444
64 0.394175 0.279455 -0.00145723 7.87908e-05 8.7498e-05 -0.00145428 0.268694 0.000191328 -7.10553e-05 -8.65353e-05 -0.000191616 0.253416 -0.0392953 8.86683e-05 -7.52235e-05 0.0392942 0.257514 -0.00521454 0.000281944 0.000313102 -0.005204 0.961493 0.000684648 -0.000254264 -0.000309657 -0.000685677 0.906821 -0.140614 0.00031729 -0.000269179 0.14061 0.921487
68 0.406626 0.247714 -0.00885673 4.66186e-05 7.15273e-05 -0.00885383 0.235045 0.000158421 -7.69914e-05 -5.32684e-05 -0.00015985 0.222087 -0.0136941 7.28938e-05 -8.05911e-05 0.0136935 0.227842 -0.0357539 0.000188195 0.00028875 -0.0357422 0.948856 0.000639532 -0.000310808 -0.00021504 -0.000645303 0.896545 -0.0552819 0.000294266 -0.000325339 0.0552794 0.919777
72 0.417095 0.212542 -0.00575378 1.17199e-05 6.24222e-05 -0.00575068 0.198258 0.000144829 -7.83411e-05 -1.71419e-05 -0.000147309 0.185055 0.0072053 6.39174e-05 -8.08827e-05 -0.00720478 0.192201 -0.0270713 5.51417e-05 0.000293694 -0.0270567 0.932794 0.000681414 -0.000368591 -8.0652e-05 -0.000693082 0.870677 0.0339006 0.000300729 -0.000380549 -0.0338982 0.904295
76 0.425533 0.180484 0.00422581 -2.03752e-05 6.81746e-05 0.00422942 0.165225 0.000145895 -7.15192e-05 1.61019e-05 -0.000149043 0.149713 0.0196213 6.96067e-05 -7.2852e-05 -0.0196193 0.157699 0.0234137 -0.000112892 0.000377732 0.0234337 0.915454 0.000808355 -0.000396263 8.92151e-05 -0.000825795 0.829509 0.108715 0.000385667 -0.000403648 -0.108704 0.873753
80 0.431897 0.155628 0.0169485 -4.39439e-05 8.89402e-05 0.016953 0.140215 0.000152626 -5.4189e-05 4.05415e-05 -0.000155868 0.121064 0.02283 8.99986e-05 -5.45747e-05 -0.0228262 0.129197 0.108904 -0.000282366 0.000571493 0.108933 0.900963 0.00098071 -0.000348196 0.000260503 -0.00100154 0.777909 0.146696 0.000578294 -0.000350674 -0.146672 0.830169
84 0.436158 0.138823 0.0288156 -5.42152e-05 0.00011805 0.0288209 0.124006 0.000155258 -2.61732e-05 5.12837e-05 -0.000158022 0.100653 0.0184557 0.000118415 -2.6165e-05 -0.0184504 0.108325 0.20757 -0.000390533 0.000850358 0.207609 0.893265 0.00111839 -0.000188536 0.000369417 -0.0011383 0.725045 0.132943 0.000852988 -0.000188477 -0.132906 0.780305
88 0.328636 0.128301 0.0373932 -4.84766e-05 0.000145081 0.0373995 0.114469 0.000146405 1.0052e-05 4.56346e-05 -0.000148329 0.0869901 0.00936444 0.000144593 9.85792e-06 -0.00935836 0.093937 0.29145 -0.000377836 0.00113079 0.291499 0.892193 0.00114111 7.83469e-05 0.000355685 -0.0011561 0.678018 0.0729883 0.00112699 7.68345e-05 -0.0729409 0.732163
90 0.219313 0.124463 0.0400545 -3.9521e-05 0.000154506 0.0400612 0.111087 0.000136531 2.97559e-05 3.66305e-05 -0.000138004 0.0817182 0.00400693 0.000153619 2.9295e-05 -0.00400071 0.0883783 0.32182 -0.000317533 0.00124138 0.321873 0.892533 0.00109696 0.000239075 0.000294309 -0.0011088 0.656568 0.0321939 0.00123426 0.000235372 -0.0321439 0.710079
92 0.328636 0.12106 0.0415738 -2.68507e-05 0.000159789 0.0415807 0.107997 0.000123042 4.94604e-05 2.38919e-05 -0.000124103 0.0769024 -0.00144512 0.000158575 4.86768e-05 0.00145129 0.0834393 0.343414 -0.000221796 0.00131992 0.343471 0.892089 0.00101637 0.00040856 0.000197355 -0.00102513 0.63524 -0.0119372 0.00130988 0.000402088 0.0119881 0.689237
96 0.436158 0.114375 0.041366 7.50465e-06 0.000155571 0.0413731 0.101126 8.70436e-05 8.52146e-05 -1.05143e-05 -8.75319e-05 0.067148 -0.0116525 0.000154032 8.38052e-05 0.0116581 0.074286 0.36167 6.56144e-05 0.00136019 0.361732 0.884165 0.000761037 0.000745045 -9.19283e-05 -0.000765306 0.587087 -0.10188 0.00134673 0.000732723 0.101929 0.649495
100 0.431897 0.106859 0.0374988 4.88852e-05 0.000131431 0.0375054 0.0917928 4.43312e-05 0.000109927 -5.16284e-05 -4.46901e-05 0.0557186 -0.0199843 0.000130075 0.000108188 0.0199889 0.0651083 0.350919 0.000457474 0.00122995 0.350981 0.859009 0.000414857 0.00102871 -0.000483145 -0.000418216 0.521422 -0.187016 0.00121726 0.00101244 0.187059 0.609292
104 0.425533 0.0988172 0.0310291 9.01529e-05 9.1987e-05 0.0310347 0.0798872 3.05185e-06 0.000117204 -9.22041e-05 -3.65612e-06 0.0424761 -0.0261565 9.11751e-05 0.000115616 0.0261601 0.0561435 0.314005 0.000912321 0.000930881 0.314062 0.808435 3.08838e-05 0.00118607 -0.000933078 -3.69988e-05 0.429845 -0.264696 0.000922665 0.00117 0.264732 0.568156
108 0.417095 0.0918608 0.0230782 0.000124222 4.57247e-05 0.0230825 0.0670564 -2.86497e-05 0.000103164 -0.000125252 2.76625e-05 0.0290254 -0.0305252 4.54756e-05 0.000102186 0.0305281 0.0489256 0.25123 0.00135228 0.00049776 0.251277 0.729978 -0.000311881 0.00112305 -0.0013635 0.000301135 0.315971 -0.332298 0.000495049 0.0011124 0.33233 0.532605
112 0.406626 0.0880161 0.0147323 0.00014555 2.21828e-06 0.0147352 0.0559107 -4.46831e-05 6.75732e-05 -0.000145493 4.34639e-05 0.0179659 -0.0336336 2.18783e-06 6.74839e-05 0.0336363 0.0454361 0.167382 0.00165368 2.52031e-05 0.167415 0.635233 -0.000507669 0.000767737 -0.00165303 0.000493818 0.204121 -0.38213 2.48571e-05 0.000766723 0.382161 0.516226
116 0.394175 0.0886966 0.00705708 0.000151253 -3.06866e-05 0.0070588 0.0489655 -4.24231e-05 1.43194e-05 -0.000150349 4.1348e-05 0.0118294 -0.0358323 -3.10361e-05 1.51546e-05 0.0358351 0.0470734 0.0795642 0.00170528 -0.000345973 0.0795837 0.552056 -0.000478294 0.000161442 -0.0016951 0.000466174 0.133369 -0.403987 -0.000349914 0.000170859 0.404019 0.530724
120 0.379804 0.0939297 0.00112979 0.000141558 -4.8838e-05 0.00113079 0.0476863 -2.32159e-05 -4.89721e-05 -0.000140252 2.27564e-05 0.0120703 -0.0370891 -4.99691e-05 -4.73762e-05 0.0370922 0.0538263 0.012028 0.00150706 -0.000519942 0.0120387 0.50768 -0.000247163 -0.000521369 -0.00149316 0.00024227 0.128504 -0.39486 -0.000531984 -0.00050438 0.394893 0.573049
124 0.363583 0.102122 -0.00200241 0.000119514 -5.23553e-05 -0.00200158 0.0519453 8.062e-06 -0.000112199 -0.00011826 -7.48279e-06 0.0184322 -0.0370223 -5.44309e-05 -0.000110102 0.0370255 0.0639565 -0.019608 0.0011703 -0.000512674 -0.0195998 0.508659 7.89448e-05 -0.00109867 -0.00115802 -7.3273e-05 0.180492 -0.36253 -0.000532999 -0.00107814 0.362561 0.626275
128 0.34559 0.110461 -0.00148298 9.00587e-05 -4.47816e-05 -0.00148186 0.0600457 4.42346e-05 -0.000164723 -8.91505e-05 -4.23684e-05 0.0288738 -0.0351087 -4.75933e-05 -0.000162376 0.0351117 0.0743104 -0.0134254 0.000815299 -0.000405406 -0.0134152 0.543592 0.000400455 -0.00149123 -0.000807077 -0.00038356 0.261393 -0.317838 -0.000430861 -0.00146999 0.317865 0.67273
132 0.325914 0.115828 0.00310069 5.875e-05 -3.12289e-05 0.00310237 0.0692829 7.75377e-05 -0.000197605 -5.82509e-05 -7.44003e-05 0.0400614 -0.0309695 -3.42921e-05 -0.000195196 0.0309719 0.0811736 0.0267698 0.000507219 -0.000269615 0.0267843 0.598154 0.000669422 -0.00170602 -0.000502909 -0.000642336 0.34587 -0.267376 -0.000296061 -0.00168523 0.267396 0.700813
136 0.304649 0.115915 0.0114599 3.05029e-05 -1.62153e-05 0.0114622 0.0768361 0.000101404 -0.00020561 -3.02994e-05 -9.72983e-05 0.0482612 -0.024619 -1.89617e-05 -0.00020326 0.0246205 0.0813934 0.0988645 0.000263148 -0.000139889 0.0988839 0.662863 0.000874812 -0.00177379 -0.000261393 -0.00083939 0.416348 -0.212387 -0.000163582 -0.00175352 0.2124 0.702179
140 0.281901 0.110159 0.0224619 8.6679e-06 -1.93904e-06 0.0224645 0.0806839 0.000111893 -0.000188467 -8.58519e-06 -0.000107334 0.0503447 -0.016584 -3.90246e-06 -0.000186251 0.0165845 0.0733971 0.203905 7.86855e-05 -1.76022e-05 0.203928 0.732433 0.00101574 -0.00171087 -7.79347e-05 -0.000974357 0.45702 -0.150546 -3.54258e-05 -0.00169075 0.150551 0.666285
144 0.257779 0.10013 0.0342024 -5.36803e-06 1.24561e-05 0.0342049 0.0802309 0.000108393 -0.000150985 5.47104e-06 -0.000103952 0.0446007 -0.00785268 1.15335e-05 -0.00014895 0.00785235 0.0577592 0.341582 -5.36109e-05 0.0001244 0.341606 0.801271 0.00108253 -0.0015079 5.46396e-05 -0.00103817 0.44543 -0.0784252 0.000115185 -0.00148757 0.0784219 0.576844
148 0.232401 0.089214 0.044332 -1.20411e-05 3.04098e-05 0.044334 0.0764351 9.3438e-05 -0.00010191 1.22404e-05 -8.95543e-05 0.0311151 0.000333362 3.05623e-05 -0.000100071 -0.000334319 0.0371091 0.496917 -0.000134968 0.000340863 0.49694 0.856761 0.00104735 -0.00114231 0.000137202 -0.00100382 0.348769 0.00373665 0.000342574 -0.00112169 -0.00374738 0.415956
152 0.205891 0.0816276 0.0505863 -1.30677e-05 5.64462e-05 0.0505878 0.0713992 7.16914e-05 -5.1748e-05 1.33904e-05 -6.85657e-05 0.0116301 0.0067804 5.75229e-05 -5.00876e-05 -0.00678169 0.015387 0.619721 -0.000160089 0.000691508 0.619738 0.874694 0.000878274 -0.000633952 0.000164042 -0.000839982 0.142477 0.0830651 0.0007047 -0.000613611 -0.0830808 0.188502
156 0.178378 0.0810575 0.0513881 -1.07191e-05 9.41455e-05 0.0513889 0.0675714 4.84618e-05 -1.01064e-05 1.11615e-05 -4.60715e-05 -0.0110382 0.010646 9.58567e-05 -8.59862e-06 -0.0106473 -0.00332383 0.633971 -0.000132241 0.00116147 0.633981 0.833623 0.00059787 -0.000124682 0.000137698 -0.00056838 -0.136177 0.131338 0.00118258 -0.000106081 -0.131355 -0.0410058
160 0.0971232 0.0893677 0.0463412 -7.13667e-06 0.000144253 0.0463415 0.0668417 2.8219e-05 1.6696e-05 7.66072e-06 -2.64372e-05 -0.0338043 0.011656 0.000146214 1.80457e-05 -0.0116572 -0.0160095 0.518545 -7.98574e-05 0.00161415 0.518549 0.747941 0.000315763 0.000186823 8.57213e-05 -0.000295826 -0.378261 0.130428 0.00163609 0.000201927 -0.130441 -0.179142
161 0.0357021 0.0928062 0.0442532 -6.24549e-06 0.000158434 0.0442534 0.0672519 2.39791e-05 2.07785e-05 6.77886e-06 -2.23304e-05 -0.0391872 0.0114917 0.000160392 2.20809e-05 -0.0114928 -0.0180633 0.476834 -6.7296e-05 0.00170715 0.476837 0.724648 0.000258378 0.000223892 7.30432e-05 -0.000240614 -0.422248 0.123825 0.00172824 0.000237925 -0.123837 -0.194635
162 0.0338871 0.0967274 0.0418854 -5.39354e-06 0.00017312 0.0418856 0.0678988 2.0119e-05 2.38322e-05 5.93046e-06 -1.85979e-05 -0.0443764 0.0111806 0.000175048 2.50822e-05 -0.0111816 -0.0196661 0.433025 -5.57602e-05 0.00178977 0.433027 0.701961 0.000207997 0.000246385 6.13111e-05 -0.000192271 -0.458778 0.115589 0.0018097 0.000259308 -0.1156 -0.203315
163 0.0320617 0.101082 0.0392719 -4.59386e-06 0.000188205 0.039272 0.0687721 1.66492e-05 2.58988e-05 5.12803e-06 -1.52513e-05 -0.0493437 0.0107363 0.000190077 2.70907e-05 -0.0107373 -0.020831 0.388514 -4.54468e-05 0.0018619 0.388515 0.680357 0.00016471 0.000256215 5.07313e-05 -0.00015088 -0.488154 0.106213 0.00188042 0.000268007 -0.106223 -0.20608
164 0.0302266 0.105812 0.0364508 -3.85632e-06 0.00020357 0.0364509 0.0698552 1.35719e-05 2.70375e-05 4.38106e-06 -1.2294e-05 -0.0540652 0.0101742 0.000205362 2.8165e-05 -0.0101751 -0.0215792 0.344485 -3.6445e-05 0.00192387 0.344486 0.660181 0.000128264 0.000255523 4.14041e-05 -0.000116187 -0.510954 0.0961532 0.00194082 0.000266178 -0.0961617 -0.203938
165 0.0283823 0.110851 0.0334641 -3.18773e-06 0.000219083 0.0334641 0.0711267 1.08814e-05 2.73223e-05 3.6962e-06 -9.72147e-06 -0.0585214 0.00951126 0.000220773 2.8379e-05 -0.00951208 -0.0219393 0.301884 -2.87569e-05 0.00197637 0.301884 0.641643 9.81622e-05 0.000246479 3.33439e-05 -8.76987e-05 -0.527929 0.0858024 0.00199162 0.00025601 -0.0858098 -0.197917
166 0.0265294 0.116124 0.0303567 -2.59203e-06 0.000234603 0.0303567 0.0725601 8.56507e-06 2.68411e-05 3.07747e-06 -7.52177e-06 -0.0626968 0.00876563 0.000236171 2.78205e-05 -0.00876637 -0.0219467 0.261416 -2.23213e-05 0.00202028 0.261416 0.624851 7.3758e-05 0.000231142 2.65016e-05 -6.47736e-05 -0.539913 0.0754851 0.00203378 0.000239576 -0.0754915 -0.188994
167 0.0246683 0.121552 0.0271757 -2.0706e-06 0.00024998 0.0271757 0.0741249 6.60418e-06 2.56928e-05 2.52656e-06 -5.67654e-06 -0.0665801 0.00795635 0.000251409 2.6589e-05 -0.007957 -0.0216425 0.223573 -1.70347e-05 0.00205658 0.223573 0.609821 5.43322e-05 0.000211373 2.07859e-05 -4.67006e-05 -0.547751 0.0654564 0.00206833 0.000218746 -0.0654618 -0.178051
168 0.0172754 0.12705 0.0239701 -1.62248e-06 0.000265061 0.0239701 0.075787 4.9746e-06 2.3985e-05 2.04311e-06 -4.16176e-06 -0.0701635 0.00710307 0.000266336 2.47931e-05 -0.00710365 -0.0210725 0.188667 -1.27704e-05 0.00208627 0.188666 0.596512 3.91546e-05 0.000188783 1.60812e-05 -3.27568e-05 -0.55225 0.0559076 0.0020963 0.000195144 -0.0559121 -0.165859
168.5 0.0109315 0.129799 0.0223735 -1.42508e-06 0.00027244 0.0223735 0.0766433 4.27535e-06 2.29568e-05 1.8261e-06 -3.51949e-06 -0.0718412 0.00666617 0.000273634 2.37193e-05 -0.0066667 -0.0207031 0.172371 -1.09791e-05 0.00209894 0.172371 0.590478 3.29383e-05 0.000176865 1.40687e-05 -2.71149e-05 -0.553481 0.0513577 0.00210814 0.000182739 -0.0513618 -0.159502
169 0.0104622 0.132532 0.0207894 -1.24476e-06 0.000279685 0.0207893 0.0775101 3.64804e-06 2.1832e-05 1.62506e-06 -2.94877e-06 -0.0734426 0.00622574 0.000280796 2.25481e-05 -0.00622623 -0.0202861 0.156863 -9.39215e-06 0.00211032 0.156863 0.584839 2.75256e-05 0.00016473 1.22616e-05 -2.22495e-05 -0.554149 0.0469753 0.0021187 0.000170133 -0.046979 -0.153065
169.5 0.00999215 0.13524 0.0192238 -1.08093e-06 0.000286777 0.0192238 0.0783825 3.08864e-06 2.06253e-05 1.43952e-06 -2.44549e-06 -0.0749674 0.00578427 0.000287803 2.12945e-05 -0.00578472 -0.0198278 0.142146 -7.99271e-06 0.00212051 0.142146 0.579583 2.28383e-05 0.000152509 1.06442e-05 -1.80827e-05 -0.554331 0.0427705 0.0021281 0.000157457 -0.0427739 -0.146613
170 0.0095213 0.13791 0.017683 -9.32882e-07 0.000293695 0.017683 0.0792557 2.59301e-06 1.93516e-05 1.26894e-06 -2.00536e-06 -0.0764159 0.00534421 0.000294635 1.99735e-05 -0.00534463 -0.019335 0.128222 -6.76444e-06 0.00212962 0.128221 0.574693 1.88022e-05 0.000140321 9.20127e-06 -1.45411e-05 -0.554101 0.0387515 0.00213644 0.00014483 -0.0387545 -0.140201
170.5 0.00904972 0.140532 0.016173 -7.99855e-07 0.00030042 0.016173 0.0801249 2.1569e-06 1.80259e-05 1.11274e-06 -1.62398e-06 -0.0777881 0.00490798 0.000301274 1.86004e-05 -0.00490836 -0.0188142 0.115084 -5.69164e-06 0.00213774 0.115084 0.570155 1.53482e-05 0.000128269 7.91806e-06 -1.1556e-05 -0.553527 0.0349243 0.00214382 0.000132357 -0.0349271 -0.133879
171 0.00857745 0.143095 0.0146997 -6.81031e-07 0.000306933 0.0146997 0.0809849 1.77602e-06 1.66629e-05 9.70264e-07 -1.29689e-06 -0.0790844 0.00447795 0.000307701 1.71901e-05 -0.0044783 -0.0182721 0.102727 -4.7593e-06 0.00214497 0.102727 0.565953 1.24115e-05 0.000116446 6.78057e-06 -9.06315e-06 -0.552672 0.0312936 0.00215033 0.000120131 -0.031296 -0.127693
171.5 0.00810453 0.145588 0.013269 -5.75548e-07 0.000313215 0.0132689 0.0818312 1.44602e-06 1.52771e-05 8.4085e-07 -1.01956e-06 -0.0803052 0.00405645 0.000313897 1.57575e-05 -0.00405676 -0.0177152 0.0911403 -3.95326e-06 0.00215138 0.0911401 0.562073 9.93227e-06 0.000104934 5.77554e-06 -7.00306e-06 -0.551591 0.0278625 0.00215606 0.000108233 -0.0278646 -0.121681
172 0.00763099 0.148002 0.0118864 -4.82514e-07 0.000319248 0.0118864 0.0826588 1.16261e-06 1.3883e-05 7.23801e-07 -7.87489e-07 -0.0814511 0.00364572 0.000319846 1.43172e-05 -0.003646 -0.0171501 0.0803127 -3.26019e-06 0.00215706 0.0803125 0.558499 7.85535e-06 9.38033e-05 4.89049e-06 -5.32081e-06 -0.550339 0.024633 0.00216109 9.67364e-05 -0.0246349 -0.115877
172.5 0.00715688 0.150325 0.0105576 -4.01015e-07 0.000325014 0.0105575 0.083463 9.21496e-07 1.24946e-05 6.18404e-07 -5.9618e-07 -0.0825225 0.00324796 0.000325528 1.28834e-05 -0.0032482 -0.0165829 0.0702314 -2.66765e-06 0.00216207 0.0702312 0.555216 6.13002e-06 8.31169e-05 4.11377e-06 -3.96594e-06 -0.54896 0.0216062 0.00216549 8.57038e-05 -0.0216078 -0.110314
173 0.00668221 0.152549 0.00928765 -3.3013e-07 0.000330495 0.00928763 0.0842393 7.185e-07 1.11253e-05 5.23942e-07 -4.41218e-07 -0.0835203 0.00286525 0.000330929 1.14702e-05 -0.00286547 -0.01602 0.0608831 -2.16409e-06 0.00216649 0.0608829 0.552212 4.70997e-06 7.29294e-05 3.43458e-06 -2.8923e-06 -0.547498 0.0187825 0.00216933 7.519e-05 -0.0187839 -0.105015
173.5 0.00620704 0.154663 0.00808177 -2.68939e-07 0.000335676 0.00808174 0.0849834 5.49532e-07 9.7883e-06 4.39699e-07 -3.18285e-07 -0.084445 0.00249961 0.000336032 1.00907e-05 -0.0024998 -0.0154672 0.0522539 -1.73886e-06 0.00217036 0.0522537 0.549473 3.55308e-06 6.32877e-05 2.84294e-06 -2.05792e-06 -0.545992 0.0161616 0.00217267 6.52427e-05 -0.0161628 -0.100006
174 0.0057314 0.15666 0.0069447 -2.16534e-07 0.00034054 0.00694468 0.0856908 4.10644e-07 8.49608e-06 3.64973e-07 -2.23202e-07 -0.0852974 0.00215294 0.000340822 8.75776e-06 -0.0021531 -0.0149303 0.0443298 -1.38219e-06 0.00217375 0.0443297 0.546986 2.62124e-06 5.42327e-05 2.32971e-06 -1.42475e-06 -0.544475 0.0137427 0.00217555 5.5903e-05 -0.0137438 -0.0953042
174.5 0.00525531 0.15853 0.00588098 -1.72032e-07 0.000345072 0.00588097 0.0863576 2.98055e-07 7.26053e-06 2.99077e-07 -1.51955e-07 -0.0860782 0.00182704 0.000345284 7.48359e-06 -0.00182717 -0.0144148 0.0370971 -1.08517e-06 0.0021767 0.037097 0.544741 1.88012e-06 4.57992e-05 1.88657e-06 -9.58528e-07 -0.542979 0.0115249 0.00217804 4.72063e-05 -0.0115258 -0.0909284
175 0.00477883 0.160265 0.00489488 -1.3458e-07 0.00034926 0.00489486 0.0869801 2.08182e-07 6.09282e-06 2.41355e-07 -1.00731e-07 -0.0867882 0.00152359 0.000349405 6.27961e-06 -0.00152371 -0.0139258 0.0305424 -8.39735e-07 0.00217926 0.0305423 0.542727 1.29899e-06 3.80172e-05 1.50598e-06 -6.28525e-07 -0.54153 0.00950671 0.00218017 3.91827e-05 -0.00950742 -0.0868927
175.5 0.00430199 0.161858 0.00399033 -1.03369e-07 0.000353089 0.00399032 0.0875546 1.37659e-07 5.00338e-06 1.91182e-07 -6.59418e-08 -0.087428 0.00124416 0.000353173 5.1565e-06 -0.00124426 -0.0134681 0.0246532 -6.38639e-07 0.00218147 0.0246532 0.540934 8.50491e-07 3.09121e-05 1.18117e-06 -4.07405e-07 -0.540152 0.00768675 0.00218199 3.18581e-05 -0.00768732 -0.0832096
176 0.00382481 0.163303 0.00317096 -7.76384e-08 0.000356548 0.00317095 0.0880778 8.33672e-08 4.00181e-06 1.47972e-07 -4.42574e-08 -0.0879984 0.000990187 0.000356576 4.1241e-06 -0.00099026 -0.0130462 0.0194177 -4.75426e-07 0.00218336 0.0194176 0.539353 5.10507e-07 2.45055e-05 9.06118e-07 -2.71015e-07 -0.538867 0.0060635 0.00218353 2.52543e-05 -0.00606395 -0.0798897
176.5 0.00334735 0.164592 0.00244005 -5.66865e-08 0.000359626 0.00244005 0.0885467 4.24539e-08 3.09686e-06 1.11186e-07 -3.26259e-08 -0.0885 0.000762959 0.000359604 3.19138e-06 -0.000763015 -0.012664 0.0148248 -3.44406e-07 0.00218495 0.0148248 0.537976 2.57934e-07 1.88153e-05 6.75521e-07 -1.98223e-07 -0.537693 0.00463545 0.00218481 1.93896e-05 -0.00463579 -0.0769419
177 0.00286963 0.165721 0.00180055 -3.98766e-08 0.000362314 0.00180054 0.0889588 1.23535e-08 2.29634e-06 8.03354e-08 -2.82988e-08 -0.0889335 0.00056364 0.000362247 2.36636e-06 -0.000563681 -0.0123253 0.0108649 -2.40624e-07 0.00218628 0.0108649 0.536797 7.45435e-08 1.38566e-05 4.84762e-07 -1.70761e-07 -0.536645 0.00340113 0.00218588 1.42791e-05 -0.00340138 -0.0743736
177.5 0.00239169 0.166685 0.00125501 -2.66434e-08 0.000364603 0.00125501 0.0893115 -9.19496e-09 1.60713e-06 5.49882e-08 -2.88512e-08 -0.0892992 0.000393243 0.000364498 1.6561e-06 -0.000393272 -0.0120331 0.00752926 -1.59843e-07 0.00218737 0.00752923 0.53581 -5.51637e-08 9.64173e-06 3.29893e-07 -1.73088e-07 -0.535736 0.0023592 0.00218674 9.93548e-06 -0.00235937 -0.0721909
178 0.00191357 0.167479 0.000805642 -1.64991e-08 0.000366485 0.00080564 0.0896029 -2.41314e-08 1.03511e-06 3.47709e-08 -3.21999e-08 -0.0895978 0.000252635 0.000366348 1.06663e-06 -0.000252653 -0.0117903 0.0048104 -9.85142e-08 0.00218824 0.00481038 0.535008 -1.44086e-07 6.18051e-06 2.07613e-07 -1.92262e-07 -0.534979 0.00150845 0.00218743 6.3687e-06 -0.00150856 -0.0703988
178.5 0.00143531 0.168101 0.000454241 -9.03767e-09 0.000367956 0.000454239 0.0898313 -3.40619e-08 5.85119e-07 1.93733e-08 -3.66191e-08 -0.0898297 0.000142528 0.000367794 6.02927e-07 -0.000142538 -0.0115991 0.0027022 -5.37635e-08 0.0021889 0.00270219 0.53439 -2.02628e-07 3.48077e-06 1.15248e-07 -2.1784e-07 -0.53438 0.000847871 0.00218794 3.5867e-06 -0.000847933 -0.0690011
179 0.000956932 0.168546 0.000202224 -3.93928e-09 0.000369009 0.000202223 0.0899953 -4.02471e-08 2.60966e-07 8.55131e-09 -4.07528e-08 -0.089995 6.34793e-05 0.00036883 2.68906e-07 -6.3484e-05 -0.0114613 0.00119981 -2.33721e-08 0.00218936 0.00119981 0.53395 -2.3879e-07 1.54834e-06 5.07357e-08 -2.4179e-07 -0.533948 0.000376628 0.0021883 1.59544e-06 -0.000376656 -0.0680007
179.5 0.000478484 0.168815 5.0607e-05 -9.7317e-10 0.000369643 5.06068e-05 0.0900942 -4.35938e-08 6.53788e-08 2.12895e-09 -4.36254e-08 -0.0900941 1.58899e-05 0.000369453 6.73675e-08 -1.58911e-05 -0.011378 0.000299778 -5.76473e-09 0.00218964 0.000299777 0.533687 -2.58235e-07 3.87282e-07 1.26112e-08 -2.58422e-07 -0.533687 9.41264e-05 0.00218851 3.99062e-07 -9.41333e-05 -0.0673997
180 5.98114e-05 0.168904 -6.14054e-18 -9.90329e-19 0.000369854 -4.86441e-18 0.0901272 -4.46485e-08 -3.92877e-19 8.03131e-19 -4.46485e-08 -0.0901272 6.59146e-18 0.000369661 -1.71095e-18 -7.13457e-18 -0.0113502 -3.63552e-17 -5.86326e-18 0.00218973 -2.87998e-17 0.5336 -2.64342e-07 -2.32604e-18 4.75495e-18 -2.64342e-07 -0.5336 3.90249e-17 0.00218858 -1.01297e-17 -4.22403e-17 -0.0671992
