theta 2pi*dcos S11 S12 S13 S14 S21 S22 S23 S24 S31 S32 S33 S34 S41 S42 S43 S44 S12_norm S13_norm S14_norm S21_norm S22_norm S23_norm S24_norm S31_norm S32_norm S33_norm S34_norm S41_norm S42_norm S43_norm S44_norm
0 2.39246e-06 0.703386 4.51616e-18 7.79794e-20 -9.93201e-06 4.6253e-18 0.701819 9.67884e-06 0 7.79794e-20 -9.67884e-06 0.701819 9.64733e-19 -9.93611e-06 0 -9.27119e-19 0.700259 6.42061e-18 1.10863e-19 -1.41203e-05 6.57577e-18 0.997772 1.37604e-05 0 1.10863e-19 -1.37604e-05 0.997772 1.37156e-18 -1.41261e-05 0 -1.31808e-18 0.995554
0.1 1.91397e-05 0.703382 -5.34826e-07 -4.24504e-12 -9.93202e-06 -5.34826e-07 0.701815 9.6788e-06 -2.77179e-12 8.42188e-12 -9.6788e-06 0.701815 3.28386e-07 -9.93612e-06 -4.66782e-12 -3.28384e-07 0.700255 -7.60363e-07 -6.03518e-12 -1.41204e-05 -7.60363e-07 0.997772 1.37604e-05 -3.94066e-12 1.19734e-11 -1.37604e-05 0.997772 4.66867e-07 -1.41262e-05 -6.63625e-12 -4.66865e-07 0.995554
0.2 3.82793e-05 0.703371 -2.13927e-06 -1.69797e-11 -9.93206e-06 -2.13927e-06 0.701804 9.67868e-06 -1.10866e-11 3.36872e-11 -9.67868e-06 0.701804 1.31353e-06 -9.93616e-06 -1.86706e-11 -1.31352e-06 0.700244 -3.04145e-06 -2.41405e-11 -1.41207e-05 -3.04145e-06 0.997772 1.37604e-05 -1.5762e-11 4.78939e-11 -1.37604e-05 0.997772 1.86748e-06 -1.41265e-05 -2.65444e-11 -1.86747e-06 0.995554
0.3 5.74188e-05 0.703353 -4.81322e-06 -3.82033e-11 -9.93213e-06 -4.81322e-06 0.701786 9.67848e-06 -2.49424e-11 7.57942e-11 -9.67848e-06 0.701786 2.95539e-06 -9.93622e-06 -4.20063e-11 -2.95538e-06 0.700226 -6.84326e-06 -5.43161e-11 -1.41211e-05 -6.84325e-06 0.997772 1.37605e-05 -3.54622e-11 1.07761e-10 -1.37605e-05 0.997772 4.20187e-06 -1.41269e-05 -5.9723e-11 -4.20184e-06 0.995554
0.4 7.65581e-05 0.703327 -8.55651e-06 -6.79141e-11 -9.93222e-06 -8.5565e-06 0.70176 9.6782e-06 -4.43365e-11 1.34741e-10 -9.6782e-06 0.70176 5.25391e-06 -9.93631e-06 -7.46717e-11 -5.25388e-06 0.7002 -1.21658e-05 -9.65612e-11 -1.41218e-05 -1.21658e-05 0.997772 1.37606e-05 -6.30382e-11 1.91577e-10 -1.37606e-05 0.997772 7.47008e-06 -1.41276e-05 -1.06169e-10 -7.47004e-06 0.995554
0.5 9.56972e-05 0.703294 -1.33689e-05 -1.0611e-10 -9.93233e-06 -1.33689e-05 0.701727 9.67783e-06 -6.92645e-11 2.10524e-10 -9.67783e-06 0.701727 8.20897e-06 -9.93642e-06 -1.16662e-10 -8.20893e-06 0.700167 -1.9009e-05 -1.50876e-10 -1.41226e-05 -1.90089e-05 0.997772 1.37607e-05 -9.84858e-11 2.9934e-10 -1.37607e-05 0.997772 1.16722e-05 -1.41284e-05 -1.65879e-10 -1.16721e-05 0.995554
0.6 0.000114836 0.703253 -1.925e-05 -1.52788e-10 -9.93248e-06 -1.925e-05 0.701686 9.67739e-06 -9.97209e-11 3.03138e-10 -9.67739e-06 0.701686 1.18205e-05 -9.93656e-06 -1.67971e-10 -1.18204e-05 0.700126 -2.73728e-05 -2.17259e-10 -1.41236e-05 -2.73728e-05 0.997772 1.37609e-05 -1.41799e-10 4.31052e-10 -1.37609e-05 0.997772 1.68083e-05 -1.41294e-05 -2.38848e-10 -1.68082e-05 0.995554
0.7 0.000133974 0.703205 -2.61995e-05 -2.07945e-10 -9.93265e-06 -2.61995e-05 0.701638 9.67687e-06 -1.35699e-10 4.1258e-10 -9.67687e-06 0.701638 1.60883e-05 -9.93672e-06 -2.28591e-10 -1.60882e-05 0.700079 -3.72573e-05 -2.95711e-10 -1.41248e-05 -3.72573e-05 0.997772 1.37611e-05 -1.92972e-10 5.86713e-10 -1.37611e-05 0.997772 2.28785e-05 -1.41306e-05 -3.2507e-10 -2.28783e-05 0.995554
0.8 0.000153112 0.70315 -3.4217e-05 -2.71577e-10 -9.93284e-06 -3.4217e-05 0.701583 9.67627e-06 -1.77192e-10 5.38842e-10 -9.67627e-06 0.701583 2.10121e-05 -9.93691e-06 -2.98514e-10 -2.1012e-05 0.700024 -4.86624e-05 -3.8623e-10 -1.41262e-05 -4.86624e-05 0.997772 1.37613e-05 -2.51997e-10 7.66326e-10 -1.37613e-05 0.997772 2.98829e-05 -1.4132e-05 -4.24538e-10 -2.98827e-05 0.995554
0.9 0.00017225 0.703088 -4.33018e-05 -3.4368e-10 -9.93306e-06 -4.33018e-05 0.701521 9.67558e-06 -2.24189e-10 6.81917e-10 -9.67558e-06 0.701521 2.65919e-05 -9.93713e-06 -3.7773e-10 -2.65918e-05 0.699961 -6.15881e-05 -4.88815e-10 -1.41278e-05 -6.1588e-05 0.997771 1.37616e-05 -3.18863e-10 9.6989e-10 -1.37616e-05 0.997771 3.78217e-05 -1.41336e-05 -5.37244e-10 -3.78215e-05 0.995554
1 0.000191387 0.703018 -5.34535e-05 -4.24247e-10 -9.93331e-06 -5.34534e-05 0.701451 9.67482e-06 -2.76681e-10 8.41798e-10 -9.67482e-06 0.701451 3.28274e-05 -9.93736e-06 -4.66226e-10 -3.28272e-05 0.699892 -7.60343e-05 -6.03466e-10 -1.41295e-05 -7.60342e-05 0.997771 1.37618e-05 -3.93562e-10 1.19741e-09 -1.37618e-05 0.997771 4.6695e-05 -1.41353e-05 -6.63179e-10 -4.66948e-05 0.995553
1.1 0.000210523 0.70294 -6.46712e-05 -5.13274e-10 -9.93358e-06 -6.46712e-05 0.701374 9.67398e-06 -3.34656e-10 1.01848e-09 -9.67398e-06 0.701374 3.97183e-05 -9.93763e-06 -5.63991e-10 -3.97181e-05 0.699815 -9.2001e-05 -7.30181e-10 -1.41315e-05 -9.20009e-05 0.997771 1.37622e-05 -4.76081e-10 1.44888e-09 -1.37622e-05 0.997771 5.65031e-05 -1.41372e-05 -8.02332e-10 -5.65028e-05 0.995553
1.2 0.000229659 0.702856 -7.69543e-05 -6.10754e-10 -9.93388e-06 -7.69543e-05 0.701289 9.67306e-06 -3.98102e-10 1.21194e-09 -9.67306e-06 0.701289 4.72643e-05 -9.93792e-06 -6.7101e-10 -4.72641e-05 0.69973 -0.000109488 -8.6896e-10 -1.41336e-05 -0.000109488 0.997771 1.37625e-05 -5.66407e-10 1.72431e-09 -1.37625e-05 0.997771 6.72461e-05 -1.41393e-05 -9.54691e-10 -6.72458e-05 0.995553
1.3 0.000248794 0.702764 -9.0302e-05 -7.16679e-10 -9.9342e-06 -9.0302e-05 0.701197 9.67205e-06 -4.67005e-10 1.42218e-09 -9.67205e-06 0.701197 5.54651e-05 -9.93823e-06 -7.87268e-10 -5.54649e-05 0.699639 -0.000128496 -1.0198e-09 -1.41359e-05 -0.000128495 0.99777 1.37629e-05 -6.64526e-10 2.02369e-09 -1.37629e-05 0.99777 7.89243e-05 -1.41416e-05 -1.12025e-09 -7.89239e-05 0.995553
1.4 0.000267929 0.702665 -0.000104713 -8.31042e-10 -9.93455e-06 -0.000104713 0.701098 9.67097e-06 -5.41349e-10 1.64918e-09 -9.67097e-06 0.701098 6.43205e-05 -9.93857e-06 -9.12748e-10 -6.43201e-05 0.69954 -0.000149023 -1.1827e-09 -1.41384e-05 -0.000149023 0.99777 1.37633e-05 -7.70424e-10 2.34704e-09 -1.37633e-05 0.99777 9.15379e-05 -1.41441e-05 -1.29898e-09 -9.15375e-05 0.995553
1.5 0.000287062 0.702558 -0.000120188 -9.53835e-10 -9.93492e-06 -0.000120187 0.700991 9.66981e-06 -6.21119e-10 1.89293e-09 -9.66981e-06 0.700991 7.38299e-05 -9.93893e-06 -1.04743e-09 -7.38295e-05 0.699433 -0.000171071 -1.35766e-09 -1.41411e-05 -0.000171071 0.99777 1.37637e-05 -8.84083e-10 2.69435e-09 -1.37637e-05 0.99777 0.000105087 -1.41468e-05 -1.49088e-09 -0.000105087 0.995552
1.6 0.000306195 0.702444 -0.000136723 -1.08505e-09 -9.93532e-06 -0.000136723 0.700877 9.66856e-06 -7.06297e-10 2.15342e-09 -9.66856e-06 0.700877 8.39931e-05 -9.93932e-06 -1.1913e-09 -8.39926e-05 0.69932 -0.00019464 -1.54468e-09 -1.41439e-05 -0.000194639 0.997769 1.37642e-05 -1.00549e-09 3.06562e-09 -1.37642e-05 0.997769 0.000119573 -1.41496e-05 -1.69593e-09 -0.000119572 0.995552
1.7 0.000325327 0.702323 -0.00015432 -1.22467e-09 -9.93575e-06 -0.00015432 0.700756 9.66724e-06 -7.96865e-10 2.43064e-09 -9.66724e-06 0.700756 9.48095e-05 -9.93973e-06 -1.34433e-09 -9.4809e-05 0.699199 -0.000219728 -1.74375e-09 -1.4147e-05 -0.000219728 0.997769 1.37647e-05 -1.13461e-09 3.46085e-09 -1.37647e-05 0.997769 0.000134994 -1.41527e-05 -1.91412e-09 -0.000134994 0.995552
1.8 0.000344457 0.702194 -0.000172976 -1.3727e-09 -9.9362e-06 -0.000172976 0.700627 9.66584e-06 -8.92802e-10 2.72456e-09 -9.66584e-06 0.700627 0.000106279 -9.94017e-06 -1.5065e-09 -0.000106278 0.699071 -0.000246336 -1.95487e-09 -1.41502e-05 -0.000246336 0.997769 1.37652e-05 -1.27145e-09 3.88006e-09 -1.37652e-05 0.997769 0.000151352 -1.41559e-05 -2.14542e-09 -0.000151352 0.995552
1.9 0.000363587 0.702058 -0.00019269 -1.52912e-09 -9.93668e-06 -0.00019269 0.700491 9.66436e-06 -9.94087e-10 3.03517e-09 -9.66436e-06 0.700491 0.000118401 -9.94063e-06 -1.67779e-09 -0.0001184 0.698935 -0.000274464 -2.17805e-09 -1.41536e-05 -0.000274464 0.997768 1.37657e-05 -1.41596e-09 4.32324e-09 -1.37657e-05 0.997768 0.000168648 -1.41593e-05 -2.38982e-09 -0.000168647 0.995551
2 0.000382716 0.701915 -0.000213461 -1.69391e-09 -9.93718e-06 -0.000213461 0.700348 9.6628e-06 -1.1007e-09 3.36245e-09 -9.6628e-06 0.700348 0.000131174 -9.94112e-06 -1.85818e-09 -0.000131173 0.698792 -0.000304112 -2.41328e-09 -1.41572e-05 -0.000304112 0.997768 1.37663e-05 -1.56814e-09 4.79039e-09 -1.37663e-05 0.997768 0.00018688 -1.41629e-05 -2.64729e-09 -0.000186879 0.995551
2.1 0.000401843 0.701764 -0.000235288 -1.86708e-09 -9.93771e-06 -0.000235287 0.700198 9.66116e-06 -1.21261e-09 3.70639e-09 -9.66116e-06 0.700198 0.000144599 -9.94163e-06 -2.04763e-09 -0.000144598 0.698642 -0.00033528 -2.66055e-09 -1.4161e-05 -0.00033528 0.997767 1.37669e-05 -1.72795e-09 5.28153e-09 -1.37669e-05 0.997767 0.000206051 -1.41666e-05 -2.91782e-09 -0.00020605 0.995551
2.2 0.000420969 0.701607 -0.000258168 -2.0486e-09 -9.93826e-06 -0.000258168 0.70004 9.65944e-06 -1.32981e-09 4.06696e-09 -9.65944e-06 0.70004 0.000158675 -9.94216e-06 -2.24611e-09 -0.000158674 0.698485 -0.000367967 -2.91987e-09 -1.4165e-05 -0.000367967 0.997767 1.37676e-05 -1.89537e-09 5.79664e-09 -1.37676e-05 0.997767 0.000226159 -1.41706e-05 -3.20139e-09 -0.000226158 0.99555
2.3 0.000440094 0.701441 -0.000282102 -2.23846e-09 -9.93884e-06 -0.000282101 0.699875 9.65764e-06 -1.45225e-09 4.44415e-09 -9.65764e-06 0.699874 0.000173401 -9.94272e-06 -2.45361e-09 -0.0001734 0.69832 -0.000402174 -3.19122e-09 -1.41692e-05 -0.000402174 0.997766 1.37683e-05 -2.07038e-09 6.33573e-09 -1.37683e-05 0.997766 0.000247206 -1.41747e-05 -3.49796e-09 -0.000247205 0.99555
2.4 0.000459218 0.701269 -0.000307086 -2.43664e-09 -9.93944e-06 -0.000307086 0.699702 9.65576e-06 -1.57992e-09 4.83793e-09 -9.65576e-06 0.699702 0.000188776 -9.94331e-06 -2.67009e-09 -0.000188775 0.698148 -0.000437901 -3.47462e-09 -1.41735e-05 -0.0004379 0.997766 1.3769e-05 -2.25295e-09 6.89882e-09 -1.3769e-05 0.997766 0.000269192 -1.4179e-05 -3.80752e-09 -0.000269191 0.99555
2.5 0.00047834 0.701089 -0.00033312 -2.64315e-09 -9.94007e-06 -0.00033312 0.699522 9.6538e-06 -1.71279e-09 5.24828e-09 -9.6538e-06 0.699522 0.000204801 -9.94392e-06 -2.89552e-09 -0.0002048 0.697969 -0.000475146 -3.77006e-09 -1.4178e-05 -0.000475146 0.997765 1.37697e-05 -2.44304e-09 7.48589e-09 -1.37697e-05 0.997765 0.000292118 -1.41835e-05 -4.13003e-09 -0.000292117 0.995549
2.6 0.000497461 0.700902 -0.000360201 -2.85795e-09 -9.94073e-06 -0.000360201 0.699335 9.65177e-06 -1.85083e-09 5.67518e-09 -9.65177e-06 0.699335 0.000221474 -9.94455e-06 -3.12987e-09 -0.000221473 0.697782 -0.000513911 -4.07753e-09 -1.41828e-05 -0.000513911 0.997765 1.37705e-05 -2.64064e-09 8.09696e-09 -1.37705e-05 0.997764 0.000315984 -1.41882e-05 -4.46548e-09 -0.000315982 0.995549
2.7 0.00051658 0.700708 -0.000388329 -3.08103e-09 -9.9414e-06 -0.000388328 0.699141 9.64965e-06 -1.994e-09 6.1186e-09 -9.64965e-06 0.699141 0.000238794 -9.94521e-06 -3.37309e-09 -0.000238793 0.697589 -0.000554195 -4.39703e-09 -1.41877e-05 -0.000554194 0.997764 1.37713e-05 -2.8457e-09 8.73203e-09 -1.37713e-05 0.997764 0.00034079 -1.41931e-05 -4.81384e-09 -0.000340788 0.995549
2.8 0.000535698 0.700506 -0.0004175 -3.31238e-09 -9.94211e-06 -0.0004175 0.698939 9.64746e-06 -2.14228e-09 6.57852e-09 -9.64746e-06 0.698939 0.000256762 -9.94589e-06 -3.62516e-09 -0.00025676 0.697387 -0.000595997 -4.72855e-09 -1.41927e-05 -0.000595997 0.997763 1.37721e-05 -3.05819e-09 9.3911e-09 -1.37721e-05 0.997763 0.000366537 -1.41981e-05 -5.17506e-09 -0.000366535 0.995548
2.9 0.000554814 0.700297 -0.000447713 -3.55198e-09 -9.94283e-06 -0.000447713 0.69873 9.64519e-06 -2.29564e-09 7.05492e-09 -9.64519e-06 0.69873 0.000275375 -9.94659e-06 -3.88605e-09 -0.000275374 0.697179 -0.000639319 -5.07211e-09 -1.4198e-05 -0.000639318 0.997763 1.3773e-05 -3.27809e-09 1.00742e-08 -1.3773e-05 0.997762 0.000393226 -1.42034e-05 -5.54914e-09 -0.000393224 0.995548
3 0.000573928 0.700081 -0.000478967 -3.79982e-09 -9.94359e-06 -0.000478966 0.698514 9.64284e-06 -2.45403e-09 7.54776e-09 -9.64284e-06 0.698514 0.000294634 -9.94732e-06 -4.1557e-09 -0.000294633 0.696964 -0.000684159 -5.42768e-09 -1.42035e-05 -0.000684158 0.997762 1.37739e-05 -3.50535e-09 1.07813e-08 -1.37739e-05 0.997762 0.000420857 -1.42088e-05 -5.93603e-09 -0.000420855 0.995547
3.1 0.00059304 0.699858 -0.000511258 -4.05587e-09 -9.94436e-06 -0.000511258 0.698291 9.64041e-06 -2.61742e-09 8.05703e-09 -9.64041e-06 0.698291 0.000314538 -9.94808e-06 -4.43409e-09 -0.000314536 0.696741 -0.000730518 -5.79527e-09 -1.42091e-05 -0.000730517 0.997761 1.37748e-05 -3.73994e-09 1.15124e-08 -1.37748e-05 0.997761 0.000449431 -1.42144e-05 -6.3357e-09 -0.000449429 0.995547
3.2 0.000612151 0.699627 -0.000544586 -4.32011e-09 -9.94517e-06 -0.000544585 0.69806 9.63791e-06 -2.78579e-09 8.58268e-09 -9.63791e-06 0.69806 0.000335085 -9.94885e-06 -4.72116e-09 -0.000335083 0.696511 -0.000778394 -6.17488e-09 -1.4215e-05 -0.000778394 0.997761 1.37758e-05 -3.98182e-09 1.22675e-08 -1.37758e-05 0.99776 0.000478948 -1.42202e-05 -6.74811e-09 -0.000478946 0.995546
3.3 0.00063126 0.699389 -0.000578947 -4.59254e-09 -9.94599e-06 -0.000578946 0.697822 9.63532e-06 -2.95908e-09 9.12469e-09 -9.63533e-06 0.697822 0.000356275 -9.94965e-06 -5.01689e-09 -0.000356274 0.696274 -0.000827789 -6.5665e-09 -1.4221e-05 -0.000827789 0.99776 1.37768e-05 -4.23095e-09 1.30467e-08 -1.37768e-05 0.997759 0.000509409 -1.42262e-05 -7.17325e-09 -0.000509407 0.995546
3.4 0.000650367 0.699144 -0.000614339 -4.87312e-09 -9.94684e-06 -0.000614339 0.697577 9.63266e-06 -3.13726e-09 9.68303e-09 -9.63267e-06 0.697577 0.000378108 -9.95048e-06 -5.32122e-09 -0.000378106 0.696029 -0.000878702 -6.97013e-09 -1.42272e-05 -0.000878702 0.997759 1.37778e-05 -4.48729e-09 1.38498e-08 -1.37778e-05 0.997759 0.000540815 -1.42324e-05 -7.61105e-09 -0.000540813 0.995545
3.5 0.000669472 0.698891 -0.000650761 -5.16184e-09 -9.94772e-06 -0.000650761 0.697325 9.62993e-06 -3.3203e-09 1.02577e-08 -9.62993e-06 0.697324 0.000400581 -9.95132e-06 -5.63412e-09 -0.000400579 0.695778 -0.000931133 -7.38575e-09 -1.42336e-05 -0.000931132 0.997758 1.37789e-05 -4.75081e-09 1.46771e-08 -1.37789e-05 0.997758 0.000573167 -1.42387e-05 -8.0615e-09 -0.000573164 0.995545
3.6 0.000688575 0.698632 -0.000688209 -5.45868e-09 -9.94862e-06 -0.000688209 0.697065 9.62711e-06 -3.50815e-09 1.08486e-08 -9.62711e-06 0.697065 0.000423695 -9.95219e-06 -5.95552e-09 -0.000423693 0.695519 -0.000985082 -7.81338e-09 -1.42401e-05 -0.000985081 0.997758 1.37799e-05 -5.02145e-09 1.55283e-08 -1.378e-05 0.997757 0.000606464 -1.42453e-05 -8.52455e-09 -0.000606461 0.995544
3.7 0.000707676 0.698365 -0.000726682 -5.76361e-09 -9.94954e-06 -0.000726682 0.696798 9.62422e-06 -3.70076e-09 1.14557e-08 -9.62422e-06 0.696798 0.000447448 -9.95309e-06 -6.2854e-09 -0.000447446 0.695253 -0.00104055 -8.25301e-09 -1.42469e-05 -0.00104055 0.997757 1.37811e-05 -5.29918e-09 1.64036e-08 -1.37811e-05 0.997756 0.000640708 -1.4252e-05 -9.00017e-09 -0.000640705 0.995543
3.8 0.000726775 0.698091 -0.000766176 -6.07662e-09 -9.95049e-06 -0.000766176 0.696524 9.62125e-06 -3.8981e-09 1.20791e-08 -9.62125e-06 0.696524 0.00047184 -9.95401e-06 -6.6237e-09 -0.000471837 0.694979 -0.00109753 -8.70463e-09 -1.42538e-05 -0.00109753 0.997756 1.37822e-05 -5.58394e-09 1.7303e-08 -1.37822e-05 0.997755 0.0006759 -1.42589e-05 -9.4883e-09 -0.000675896 0.995543
3.9 0.000745871 0.69781 -0.00080669 -6.39768e-09 -9.95146e-06 -0.000806689 0.696243 9.6182e-06 -4.10012e-09 1.27186e-08 -9.61821e-06 0.696243 0.000496868 -9.95495e-06 -6.97037e-09 -0.000496866 0.694699 -0.00115603 -9.16823e-09 -1.4261e-05 -0.00115603 0.997755 1.37834e-05 -5.8757e-09 1.82264e-08 -1.37834e-05 0.997754 0.00071204 -1.4266e-05 -9.98892e-09 -0.000712036 0.995542
4 0.000764965 0.697522 -0.00084822 -6.72677e-09 -9.95245e-06 -0.000848219 0.695955 9.61508e-06 -4.30678e-09 1.33742e-08 -9.61509e-06 0.695954 0.000522533 -9.95591e-06 -7.32536e-09 -0.000522531 0.694411 -0.00121605 -9.64382e-09 -1.42683e-05 -0.00121605 0.997754 1.37846e-05 -6.1744e-09 1.91739e-08 -1.37846e-05 0.997753 0.000749128 -1.42733e-05 -1.0502e-08 -0.000749125 0.995541
4.1 0.000784057 0.697226 -0.000890763 -7.06387e-09 -9.95347e-06 -0.000890763 0.695659 9.61188e-06 -4.51802e-09 1.40459e-08 -9.61189e-06 0.695659 0.000548833 -9.95689e-06 -7.68861e-09 -0.000548831 0.694117 -0.00127758 -1.01314e-08 -1.42758e-05 -0.00127758 0.997753 1.37859e-05 -6.48e-09 2.01455e-08 -1.37859e-05 0.997752 0.000787167 -1.42807e-05 -1.10274e-08 -0.000787163 0.995541
4.2 0.000803147 0.696923 -0.000934318 -7.40894e-09 -9.95451e-06 -0.000934317 0.695357 9.60861e-06 -4.73381e-09 1.47337e-08 -9.60861e-06 0.695356 0.000575768 -9.9579e-06 -8.06007e-09 -0.000575765 0.693815 -0.00134063 -1.06309e-08 -1.42835e-05 -0.00134063 0.997752 1.37872e-05 -6.79244e-09 2.11411e-08 -1.37872e-05 0.997751 0.000826156 -1.42884e-05 -1.15652e-08 -0.000826152 0.99554
4.3 0.000822234 0.696613 -0.00097888 -7.76198e-09 -9.95557e-06 -0.000978879 0.695047 9.60526e-06 -4.95408e-09 1.54375e-08 -9.60526e-06 0.695046 0.000603335 -9.95893e-06 -8.4397e-09 -0.000603332 0.693506 -0.0014052 -1.11424e-08 -1.42914e-05 -0.0014052 0.997751 1.37885e-05 -7.11167e-09 2.21608e-08 -1.37885e-05 0.99775 0.000866097 -1.42962e-05 -1.21153e-08 -0.000866093 0.995539
4.4 0.000841318 0.696296 -0.00102445 -8.12294e-09 -9.95666e-06 -0.00102445 0.69473 9.60183e-06 -5.1788e-09 1.61573e-08 -9.60184e-06 0.694729 0.000631534 -9.95999e-06 -8.82742e-09 -0.000631531 0.69319 -0.00147128 -1.16659e-08 -1.42995e-05 -0.00147128 0.99775 1.37899e-05 -7.43764e-09 2.32046e-08 -1.37899e-05 0.997749 0.000906991 -1.43042e-05 -1.26777e-08 -0.000906986 0.995538
4.5 0.0008604 0.695972 -0.00107102 -8.49181e-09 -9.95777e-06 -0.00107102 0.694406 9.59833e-06 -5.40791e-09 1.6893e-08 -9.59834e-06 0.694405 0.000660364 -9.96106e-06 -9.2232e-09 -0.000660361 0.692866 -0.00153888 -1.22014e-08 -1.43077e-05 -0.00153888 0.997749 1.37913e-05 -7.77029e-09 2.42725e-08 -1.37913e-05 0.997748 0.000948837 -1.43124e-05 -1.32522e-08 -0.000948832 0.995538
4.6 0.00087948 0.695641 -0.00111859 -8.86856e-09 -9.9589e-06 -0.00111859 0.694074 9.59476e-06 -5.64135e-09 1.76446e-08 -9.59476e-06 0.694073 0.000689824 -9.96216e-06 -9.62695e-09 -0.00068982 0.692536 -0.00160799 -1.27488e-08 -1.43162e-05 -0.00160799 0.997748 1.37927e-05 -8.10958e-09 2.53645e-08 -1.37927e-05 0.997746 0.000991638 -1.43208e-05 -1.3839e-08 -0.000991633 0.995537
4.7 0.000898556 0.695302 -0.00116715 -9.25316e-09 -9.96006e-06 -0.00116715 0.693736 9.59111e-06 -5.87908e-09 1.84121e-08 -9.59111e-06 0.693735 0.000719911 -9.96328e-06 -1.00386e-08 -0.000719908 0.692199 -0.00167862 -1.33081e-08 -1.43248e-05 -0.00167862 0.997747 1.37941e-05 -8.45543e-09 2.64806e-08 -1.37942e-05 0.997745 0.00103539 -1.43294e-05 -1.44378e-08 -0.00103539 0.995536
4.8 0.00091763 0.694957 -0.00121671 -9.64558e-09 -9.96124e-06 -0.00121671 0.693391 9.58738e-06 -6.12104e-09 1.91953e-08 -9.58739e-06 0.693389 0.000750626 -9.96442e-06 -1.04582e-08 -0.000750623 0.691854 -0.00175077 -1.38794e-08 -1.43336e-05 -0.00175077 0.997746 1.37956e-05 -8.8078e-09 2.76209e-08 -1.37957e-05 0.997744 0.0010801 -1.43382e-05 -1.50487e-08 -0.0010801 0.995535
4.9 0.000936701 0.694604 -0.00126725 -1.00458e-08 -9.96244e-06 -0.00126725 0.693038 9.58358e-06 -6.36718e-09 1.99944e-08 -9.58359e-06 0.693036 0.000781967 -9.96559e-06 -1.08855e-08 -0.000781963 0.691502 -0.00182443 -1.44626e-08 -1.43426e-05 -0.00182442 0.997745 1.37972e-05 -9.16663e-09 2.87852e-08 -1.37972e-05 0.997743 0.00112577 -1.43471e-05 -1.56715e-08 -0.00112577 0.995534
5 0.00095577 0.694245 -0.00131879 -1.04538e-08 -9.96366e-06 -0.00131879 0.692678 9.57971e-06 -6.61743e-09 2.08091e-08 -9.57971e-06 0.692677 0.000813932 -9.96677e-06 -1.13206e-08 -0.000813928 0.691144 -0.0018996 -1.50578e-08 -1.43518e-05 -0.0018996 0.997744 1.37987e-05 -9.53185e-09 2.99737e-08 -1.37988e-05 0.997741 0.0011724 -1.43563e-05 -1.63064e-08 -0.00117239 0.995533
5.1 0.000974835 0.693878 -0.0013713 -1.08695e-08 -9.96491e-06 -0.0013713 0.692312 9.57576e-06 -6.87175e-09 2.16395e-08 -9.57577e-06 0.69231 0.000846521 -9.96798e-06 -1.17634e-08 -0.000846516 0.690778 -0.00197629 -1.56649e-08 -1.43612e-05 -0.00197629 0.997743 1.38003e-05 -9.90339e-09 3.11864e-08 -1.38004e-05 0.99774 0.00121999 -1.43656e-05 -1.69531e-08 -0.00121998 0.995532
5.2 0.000993897 0.693504 -0.0014248 -1.1293e-08 -9.96617e-06 -0.0014248 0.691938 9.57173e-06 -7.13006e-09 2.24856e-08 -9.57174e-06 0.691936 0.000879731 -9.96921e-06 -1.22137e-08 -0.000879727 0.690405 -0.00205449 -1.62839e-08 -1.43707e-05 -0.00205449 0.997741 1.3802e-05 -1.02812e-08 3.24232e-08 -1.3802e-05 0.997739 0.00126853 -1.43751e-05 -1.76116e-08 -0.00126852 0.995531
5.3 0.00101296 0.693123 -0.00147927 -1.17241e-08 -9.96746e-06 -0.00147927 0.691557 9.56764e-06 -7.39231e-09 2.33472e-08 -9.56765e-06 0.691555 0.000913562 -9.97046e-06 -1.26716e-08 -0.000913557 0.690025 -0.00213421 -1.69149e-08 -1.43805e-05 -0.0021342 0.99774 1.38037e-05 -1.06652e-08 3.36841e-08 -1.38037e-05 0.997737 0.00131804 -1.43848e-05 -1.82819e-08 -0.00131803 0.99553
5.4 0.00103201 0.692735 -0.00153471 -1.21629e-08 -9.96877e-06 -0.00153471 0.691169 9.56347e-06 -7.65845e-09 2.42244e-08 -9.56348e-06 0.691167 0.000948012 -9.97173e-06 -1.3137e-08 -0.000948007 0.689638 -0.00221544 -1.75577e-08 -1.43904e-05 -0.00221543 0.997739 1.38054e-05 -1.10554e-08 3.49692e-08 -1.38054e-05 0.997736 0.00136851 -1.43947e-05 -1.8964e-08 -0.0013685 0.995529
5.5 0.00105107 0.69234 -0.00159112 -1.26093e-08 -9.9701e-06 -0.00159112 0.690774 9.55923e-06 -7.9284e-09 2.51171e-08 -9.55924e-06 0.690772 0.00098308 -9.97302e-06 -1.36098e-08 -0.000983075 0.689244 -0.00229818 -1.82125e-08 -1.44006e-05 -0.00229818 0.997738 1.38071e-05 -1.14516e-08 3.62785e-08 -1.38071e-05 0.997734 0.00141994 -1.44048e-05 -1.96577e-08 -0.00141993 0.995528
5.6 0.00107012 0.691938 -0.0016485 -1.30632e-08 -9.97146e-06 -0.0016485 0.690372 9.55491e-06 -8.2021e-09 2.60252e-08 -9.55493e-06 0.690369 0.00101876 -9.97433e-06 -1.40899e-08 -0.00101876 0.688843 -0.00238243 -1.88792e-08 -1.44109e-05 -0.00238243 0.997737 1.38089e-05 -1.18538e-08 3.7612e-08 -1.38089e-05 0.997733 0.00147233 -1.44151e-05 -2.03629e-08 -0.00147233 0.995527
5.7 0.00108916 0.691529 -0.00170683 -1.35248e-08 -9.97283e-06 -0.00170683 0.689963 9.55053e-06 -8.4795e-09 2.69487e-08 -9.55054e-06 0.68996 0.00105506 -9.97567e-06 -1.45773e-08 -0.00105506 0.688436 -0.0024682 -1.95578e-08 -1.44214e-05 -0.0024682 0.997735 1.38107e-05 -1.2262e-08 3.89696e-08 -1.38108e-05 0.997731 0.00152569 -1.44255e-05 -2.10797e-08 -0.00152569 0.995526
5.8 0.00110821 0.691114 -0.00176613 -1.39938e-08 -9.97423e-06 -0.00176613 0.689547 9.54607e-06 -8.76052e-09 2.78875e-08 -9.54608e-06 0.689544 0.00109197 -9.97702e-06 -1.50718e-08 -0.00109197 0.688021 -0.00255548 -2.02482e-08 -1.44321e-05 -0.00255548 0.997734 1.38126e-05 -1.2676e-08 4.03515e-08 -1.38126e-05 0.997729 0.00158002 -1.44361e-05 -2.1808e-08 -0.00158001 0.995525
5.9 0.00112725 0.690691 -0.00182638 -1.44704e-08 -9.97565e-06 -0.00182637 0.689125 9.54154e-06 -9.0451e-09 2.88416e-08 -9.54155e-06 0.689121 0.0011295 -9.97839e-06 -1.55734e-08 -0.00112949 0.687599 -0.00264427 -2.09506e-08 -1.4443e-05 -0.00264427 0.997733 1.38145e-05 -1.30957e-08 4.17576e-08 -1.38145e-05 0.997728 0.00163532 -1.4447e-05 -2.25476e-08 -0.00163531 0.995524
6 0.00172656 0.690261 -0.00188757 -1.49544e-08 -9.97708e-06 -0.00188757 0.688695 9.53694e-06 -9.33317e-09 2.98109e-08 -9.53695e-06 0.688691 0.00116763 -9.97979e-06 -1.60821e-08 -0.00116763 0.68717 -0.00273458 -2.16648e-08 -1.44541e-05 -0.00273458 0.997731 1.38164e-05 -1.35212e-08 4.31879e-08 -1.38164e-05 0.997726 0.00169158 -1.4458e-05 -2.32986e-08 -0.00169157 0.995522
6.2 0.00236869 0.68938 -0.0020128 -1.59446e-08 -9.98002e-06 -0.0020128 0.687814 9.52752e-06 -9.91951e-09 3.1795e-08 -9.52754e-06 0.68781 0.00124573 -9.98263e-06 -1.71203e-08 -0.00124572 0.686292 -0.00291972 -2.31289e-08 -1.44768e-05 -0.00291972 0.997728 1.38204e-05 -1.4389e-08 4.61211e-08 -1.38204e-05 0.997722 0.00180702 -1.44806e-05 -2.48343e-08 -0.00180701 0.99552
6.4 0.00244479 0.688472 -0.00214177 -1.69642e-08 -9.98304e-06 -0.00214177 0.686906 9.51782e-06 -1.0519e-08 3.38394e-08 -9.51784e-06 0.686901 0.00132624 -9.98556e-06 -1.81856e-08 -0.00132623 0.685386 -0.00311091 -2.46404e-08 -1.45003e-05 -0.0031109 0.997725 1.38246e-05 -1.52787e-08 4.91514e-08 -1.38246e-05 0.997719 0.00192635 -1.45039e-05 -2.64145e-08 -0.00192634 0.995517
6.6 0.00252085 0.687536 -0.00227446 -1.8013e-08 -9.98613e-06 -0.00227446 0.68597 9.50784e-06 -1.1131e-08 3.59435e-08 -9.50787e-06 0.685965 0.00140916 -9.98856e-06 -1.92775e-08 -0.00140916 0.684452 -0.00330813 -2.61994e-08 -1.45245e-05 -0.00330813 0.997722 1.38289e-05 -1.61897e-08 5.22787e-08 -1.38289e-05 0.997715 0.00204958 -1.4528e-05 -2.80385e-08 -0.00204957 0.995514
6.8 0.00259689 0.686573 -0.00241083 -1.90906e-08 -9.98931e-06 -0.00241083 0.685007 9.49759e-06 -1.1755e-08 3.8107e-08 -9.49761e-06 0.685001 0.00149448 -9.99164e-06 -2.03952e-08 -0.00149447 0.683491 -0.00351139 -2.78057e-08 -1.45495e-05 -0.00351139 0.997719 1.38333e-05 -1.71212e-08 5.55032e-08 -1.38334e-05 0.997711 0.00217673 -1.45529e-05 -2.97058e-08 -0.00217671 0.995511
7 0.00267289 0.685582 -0.00255084 -2.01967e-08 -9.99256e-06 -0.00255084 0.684017 9.48706e-06 -1.23903e-08 4.03294e-08 -9.48709e-06 0.68401 0.00158218 -9.99479e-06 -2.15381e-08 -0.00158217 0.682503 -0.00372069 -2.94593e-08 -1.45753e-05 -0.00372069 0.997716 1.3838e-05 -1.80726e-08 5.8825e-08 -1.3838e-05 0.997706 0.00230779 -1.45785e-05 -3.14158e-08 -0.00230778 0.995508
7.2 0.00274886 0.684565 -0.00269446 -2.13311e-08 -9.99588e-06 -0.00269446 0.682999 9.47625e-06 -1.30363e-08 4.26101e-08 -9.47629e-06 0.682991 0.00167225 -9.99801e-06 -2.27055e-08 -0.00167224 0.681488 -0.00393602 -3.11601e-08 -1.46018e-05 -0.00393601 0.997713 1.38427e-05 -1.90432e-08 6.22441e-08 -1.38428e-05 0.997702 0.00244279 -1.46049e-05 -3.31678e-08 -0.00244278 0.995505
7.4 0.0028248 0.68352 -0.00284165 -2.24934e-08 -9.99927e-06 -0.00284164 0.681954 9.46518e-06 -1.36924e-08 4.49487e-08 -9.46522e-06 0.681946 0.00176466 -1.00013e-05 -2.38966e-08 -0.00176466 0.680445 -0.00415737 -3.29082e-08 -1.46291e-05 -0.00415737 0.997709 1.38477e-05 -2.00322e-08 6.57606e-08 -1.38478e-05 0.997697 0.00258173 -1.46321e-05 -3.49611e-08 -0.00258172 0.995502
7.6 0.00290071 0.682448 -0.00299237 -2.36832e-08 -1.00027e-05 -0.00299236 0.680882 9.45385e-06 -1.4358e-08 4.73446e-08 -9.45389e-06 0.680873 0.00185942 -1.00047e-05 -2.51107e-08 -0.00185941 0.679376 -0.00438475 -3.47034e-08 -1.46571e-05 -0.00438475 0.997706 1.38528e-05 -2.10389e-08 6.93746e-08 -1.38529e-05 0.997692 0.00272463 -1.466e-05 -3.67951e-08 -0.00272462 0.995498
7.8 0.00297657 0.681349 -0.00314658 -2.49004e-08 -1.00063e-05 -0.00314657 0.679784 9.44225e-06 -1.50323e-08 4.97973e-08 -9.44229e-06 0.679774 0.0019565 -1.00081e-05 -2.63471e-08 -0.00195649 0.67828 -0.00461815 -3.65456e-08 -1.4686e-05 -0.00461815 0.997702 1.38582e-05 -2.20625e-08 7.30863e-08 -1.38582e-05 0.997687 0.0028715 -1.46887e-05 -3.8669e-08 -0.00287149 0.995494
8 0.00305241 0.680224 -0.00330424 -2.61444e-08 -1.00099e-05 -0.00330424 0.678659 9.43039e-06 -1.57146e-08 5.23063e-08 -9.43044e-06 0.678647 0.00205588 -1.00116e-05 -2.76049e-08 -0.00205587 0.677157 -0.00485757 -3.8435e-08 -1.47156e-05 -0.00485757 0.997699 1.38636e-05 -2.31021e-08 7.68956e-08 -1.38637e-05 0.997682 0.00302235 -1.47181e-05 -4.0582e-08 -0.00302234 0.99549
8.2 0.0031282 0.679072 -0.00346531 -2.7415e-08 -1.00136e-05 -0.00346531 0.677507 9.41827e-06 -1.64044e-08 5.4871e-08 -9.41833e-06 0.677495 0.00215755 -1.00152e-05 -2.88833e-08 -0.00215754 0.676007 -0.00510301 -4.03713e-08 -1.47459e-05 -0.005103 0.997695 1.38693e-05 -2.4157e-08 8.08028e-08 -1.38694e-05 0.997676 0.0031772 -1.47483e-05 -4.25335e-08 -0.00317718 0.995486
8.4 0.00320396 0.677894 -0.00362975 -2.87119e-08 -1.00173e-05 -0.00362975 0.676329 9.4059e-06 -1.71007e-08 5.74908e-08 -9.40596e-06 0.676315 0.00226149 -1.00188e-05 -3.01816e-08 -0.00226148 0.674831 -0.00535445 -4.23546e-08 -1.47771e-05 -0.00535444 0.997691 1.38752e-05 -2.52263e-08 8.4808e-08 -1.38753e-05 0.997671 0.00333605 -1.47793e-05 -4.45226e-08 -0.00333604 0.995482
8.6 0.00327968 0.67669 -0.00379751 -3.00347e-08 -1.00211e-05 -0.00379751 0.675125 9.39328e-06 -1.7803e-08 6.01653e-08 -9.39335e-06 0.675109 0.00236769 -1.00225e-05 -3.14989e-08 -0.00236768 0.673629 -0.0056119 -4.43847e-08 -1.4809e-05 -0.00561189 0.997687 1.38812e-05 -2.6309e-08 8.89112e-08 -1.38813e-05 0.997665 0.00349893 -1.4811e-05 -4.65486e-08 -0.00349891 0.995477
8.8 0.00335535 0.675459 -0.00396856 -3.1383e-08 -1.00249e-05 -0.00396856 0.673894 9.38041e-06 -1.85105e-08 6.28937e-08 -9.38048e-06 0.673878 0.00247613 -1.00262e-05 -3.28344e-08 -0.00247612 0.672401 -0.00587535 -4.64617e-08 -1.48417e-05 -0.00587534 0.997683 1.38874e-05 -2.74043e-08 9.31125e-08 -1.38876e-05 0.997658 0.00366585 -1.48436e-05 -4.86105e-08 -0.00366583 0.995473
9 0.00343099 0.674203 -0.00414284 -3.27565e-08 -1.00288e-05 -0.00414284 0.672638 9.36729e-06 -1.92223e-08 6.56755e-08 -9.36738e-06 0.67262 0.00258679 -1.003e-05 -3.41871e-08 -0.00258677 0.671147 -0.0061448 -4.85855e-08 -1.48751e-05 -0.00614479 0.997679 1.38939e-05 -2.85112e-08 9.74121e-08 -1.3894e-05 0.997652 0.00383681 -1.48768e-05 -5.07075e-08 -0.00383679 0.995468
9.2 0.00350659 0.672921 -0.00432031 -3.41547e-08 -1.00328e-05 -0.00432031 0.671356 9.35394e-06 -1.99378e-08 6.85101e-08 -9.35403e-06 0.671336 0.00269965 -1.00339e-05 -3.55563e-08 -0.00269963 0.669867 -0.00642024 -5.0756e-08 -1.49094e-05 -0.00642024 0.997674 1.39005e-05 -2.96288e-08 1.0181e-07 -1.39006e-05 0.997645 0.00401184 -1.49109e-05 -5.28388e-08 -0.00401182 0.995463
9.4 0.00358214 0.671613 -0.00450093 -3.55774e-08 -1.00368e-05 -0.00450093 0.670048 9.34035e-06 -2.06562e-08 7.13969e-08 -9.34045e-06 0.670026 0.00281469 -1.00378e-05 -3.6941e-08 -0.00281468 0.668562 -0.00670168 -5.29731e-08 -1.49444e-05 -0.00670167 0.99767 1.39073e-05 -3.07561e-08 1.06307e-07 -1.39075e-05 0.997638 0.00419095 -1.49458e-05 -5.50034e-08 -0.00419093 0.995457
9.6 0.00365765 0.670279 -0.00468465 -3.70242e-08 -1.00409e-05 -0.00468464 0.668715 9.32653e-06 -2.13766e-08 7.43352e-08 -9.32663e-06 0.668691 0.0029319 -1.00417e-05 -3.83402e-08 -0.00293189 0.667231 -0.00698909 -5.52369e-08 -1.49802e-05 -0.00698909 0.997665 1.39144e-05 -3.18921e-08 1.10902e-07 -1.39145e-05 0.997631 0.00437415 -1.49814e-05 -5.72004e-08 -0.00437413 0.995452
9.8 0.00373311 0.668921 -0.00487141 -3.84945e-08 -1.0045e-05 -0.00487141 0.667356 9.31247e-06 -2.20982e-08 7.73244e-08 -9.31259e-06 0.667331 0.00305126 -1.00457e-05 -3.97532e-08 -0.00305125 0.665874 -0.00728249 -5.75472e-08 -1.50168e-05 -0.00728248 0.997661 1.39216e-05 -3.30356e-08 1.15596e-07 -1.39218e-05 0.997623 0.00456147 -1.50178e-05 -5.94288e-08 -0.00456145 0.995446
10 0.00380853 0.667537 -0.00506118 -3.99882e-08 -1.00492e-05 -0.00506117 0.665972 9.29819e-06 -2.28203e-08 8.03639e-08 -9.29832e-06 0.665945 0.00317275 -1.00498e-05 -4.11788e-08 -0.00317273 0.664493 -0.00758186 -5.99041e-08 -1.50542e-05 -0.00758186 0.997656 1.39291e-05 -3.41858e-08 1.20389e-07 -1.39293e-05 0.997615 0.00475291 -1.5055e-05 -6.16877e-08 -0.00475289 0.99544
10.2 0.0038839 0.666128 -0.00525389 -4.15047e-08 -1.00534e-05 -0.00525389 0.664564 9.28369e-06 -2.35419e-08 8.34529e-08 -9.28382e-06 0.664534 0.00329634 -1.00539e-05 -4.26162e-08 -0.00329632 0.663086 -0.00788721 -6.23074e-08 -1.50923e-05 -0.0078872 0.997651 1.39368e-05 -3.53414e-08 1.25281e-07 -1.3937e-05 0.997607 0.0049485 -1.5093e-05 -6.3976e-08 -0.00494848 0.995433
10.4 0.00395923 0.664695 -0.00544951 -4.30438e-08 -1.00577e-05 -0.00544951 0.66313 9.26897e-06 -2.42622e-08 8.65909e-08 -9.26911e-06 0.663098 0.00342202 -1.0058e-05 -4.40644e-08 -0.003422 0.661655 -0.00819852 -6.47572e-08 -1.51313e-05 -0.00819851 0.997646 1.39447e-05 -3.65013e-08 1.30272e-07 -1.39449e-05 0.997598 0.00514825 -1.51318e-05 -6.62927e-08 -0.00514822 0.995427
10.6 0.0040345 0.663237 -0.00564798 -4.46049e-08 -1.0062e-05 -0.00564798 0.661672 9.25403e-06 -2.49804e-08 8.97771e-08 -9.25419e-06 0.661638 0.00354976 -1.00622e-05 -4.55224e-08 -0.00354974 0.660199 -0.00851578 -6.72533e-08 -1.5171e-05 -0.00851578 0.997641 1.39528e-05 -3.76644e-08 1.35362e-07 -1.39531e-05 0.997589 0.00535218 -1.51714e-05 -6.86367e-08 -0.00535215 0.99542
10.8 0.00410973 0.661754 -0.00584925 -4.61876e-08 -1.00663e-05 -0.00584924 0.66019 9.23888e-06 -2.56956e-08 9.30108e-08 -9.23905e-06 0.660153 0.00367955 -1.00664e-05 -4.69891e-08 -0.00367953 0.658718 -0.00883901 -6.97958e-08 -1.52116e-05 -0.008839 0.997636 1.39612e-05 -3.88296e-08 1.40552e-07 -1.39615e-05 0.99758 0.0055603 -1.52117e-05 -7.10069e-08 -0.00556027 0.995413
11 0.00418491 0.660247 -0.00605326 -4.77917e-08 -1.00707e-05 -0.00605326 0.658683 9.22353e-06 -2.64069e-08 9.62914e-08 -9.22371e-06 0.658643 0.00381137 -1.00707e-05 -4.84636e-08 -0.00381135 0.657214 -0.00916818 -7.23845e-08 -1.52529e-05 -0.00916817 0.997631 1.39698e-05 -3.99955e-08 1.45841e-07 -1.39701e-05 0.997571 0.00577264 -1.52529e-05 -7.34022e-08 -0.00577261 0.995405
11.2 0.00426003 0.658716 -0.00625997 -4.94165e-08 -1.00751e-05 -0.00625997 0.657152 9.20797e-06 -2.71134e-08 9.96181e-08 -9.20817e-06 0.65711 0.00394519 -1.0075e-05 -4.99448e-08 -0.00394517 0.655685 -0.00950329 -7.50194e-08 -1.5295e-05 -0.00950328 0.997625 1.39787e-05 -4.1161e-08 1.51231e-07 -1.3979e-05 0.997561 0.00598921 -1.52948e-05 -7.58214e-08 -0.00598918 0.995397
11.4 0.00433511 0.657162 -0.00646933 -5.10619e-08 -1.00795e-05 -0.00646932 0.655597 9.19221e-06 -2.78142e-08 1.0299e-07 -9.19242e-06 0.655552 0.00408099 -1.00793e-05 -5.14317e-08 -0.00408097 0.654132 -0.00984434 -7.77006e-08 -1.5338e-05 -0.00984434 0.99762 1.39878e-05 -4.23247e-08 1.5672e-07 -1.39881e-05 0.997551 0.00621003 -1.53376e-05 -7.82634e-08 -0.00621 0.995389
11.6 0.00441013 0.655583 -0.00668126 -5.27272e-08 -1.0084e-05 -0.00668126 0.654019 9.17626e-06 -2.85083e-08 1.06407e-07 -9.17648e-06 0.65397 0.00421876 -1.00836e-05 -5.29232e-08 -0.00421874 0.652555 -0.0101913 -8.04279e-08 -1.53817e-05 -0.0101913 0.997614 1.39971e-05 -4.34855e-08 1.62309e-07 -1.39974e-05 0.99754 0.00643512 -1.53812e-05 -8.0727e-08 -0.00643509 0.995381
11.8 0.0044851 0.653981 -0.00689573 -5.44121e-08 -1.00885e-05 -0.00689573 0.652417 9.16012e-06 -2.91949e-08 1.09868e-07 -9.16036e-06 0.652365 0.00435846 -1.0088e-05 -5.44183e-08 -0.00435844 0.650955 -0.0105442 -8.32013e-08 -1.54263e-05 -0.0105442 0.997609 1.40067e-05 -4.46419e-08 1.67999e-07 -1.40071e-05 0.997529 0.0066645 -1.54255e-05 -8.32108e-08 -0.00666447 0.995372
12 0.0139046 0.652356 -0.00711268 -5.61162e-08 -1.0093e-05 -0.00711267 0.650792 9.14379e-06 -2.98731e-08 1.13372e-07 -9.14404e-06 0.650736 0.00450008 -1.00924e-05 -5.59158e-08 -0.00450005 0.649331 -0.0109031 -8.60208e-08 -1.54716e-05 -0.0109031 0.997603 1.40166e-05 -4.57926e-08 1.73789e-07 -1.4017e-05 0.997518 0.00689819 -1.54707e-05 -8.57136e-08 -0.00689816 0.995363
13 0.0246683 0.643887 -0.00823256 -6.49092e-08 -1.01158e-05 -0.00823256 0.642323 9.05948e-06 -3.31028e-08 1.31515e-07 -9.05983e-06 0.642248 0.00523609 -1.01146e-05 -6.34009e-08 -0.00523606 0.640868 -0.0127857 -1.00808e-07 -1.57106e-05 -0.0127857 0.997572 1.407e-05 -5.14108e-08 2.04252e-07 -1.40705e-05 0.997455 0.008132 -1.57087e-05 -9.8466e-08 -0.00813196 0.995313
14 0.0265294 0.634865 -0.00940572 -7.41166e-08 -1.01389e-05 -0.00940571 0.633302 8.97117e-06 -3.59741e-08 1.50624e-07 -8.97164e-06 0.633202 0.00601644 -1.01371e-05 -7.0777e-08 -0.00601641 0.631851 -0.0148153 -1.16744e-07 -1.59701e-05 -0.0148153 0.997538 1.41308e-05 -5.66641e-08 2.37254e-07 -1.41316e-05 0.99738 0.00947672 -1.59673e-05 -1.11483e-07 -0.00947668 0.995252
15 0.0283823 0.625319 -0.0106246 -8.36838e-08 -1.01618e-05 -0.0106246 0.623756 8.87941e-06 -3.83603e-08 1.70599e-07 -8.88003e-06 0.623626 0.00683803 -1.01594e-05 -7.78949e-08 -0.006838 0.622305 -0.0169907 -1.33826e-07 -1.62505e-05 -0.0169907 0.997501 1.41998e-05 -6.13452e-08 2.7282e-07 -1.42008e-05 0.997292 0.0109353 -1.62468e-05 -1.24568e-07 -0.0109352 0.99518
16 0.0302266 0.615275 -0.0118815 -9.35561e-08 -1.01841e-05 -0.0118815 0.613713 8.78481e-06 -4.01305e-08 1.91338e-07 -8.7856e-06 0.613546 0.00769759 -1.01813e-05 -8.45998e-08 -0.00769755 0.612257 -0.0193109 -1.52056e-07 -1.65521e-05 -0.0193109 0.997461 1.42779e-05 -6.52237e-08 3.1098e-07 -1.42791e-05 0.99719 0.0125108 -1.65476e-05 -1.37499e-07 -0.0125107 0.995095
17 0.0320617 0.604763 -0.0131684 -1.0368e-07 -1.02056e-05 -0.0131684 0.603201 8.68798e-06 -4.1151e-08 2.12735e-07 -8.68898e-06 0.602992 0.00859171 -1.02024e-05 -9.07322e-08 -0.00859166 0.601737 -0.0217745 -1.71439e-07 -1.68753e-05 -0.0217745 0.997417 1.43659e-05 -6.80448e-08 3.51765e-07 -1.43676e-05 0.997072 0.0142067 -1.687e-05 -1.50029e-07 -0.0142067 0.994996
18 0.0338871 0.593814 -0.0144772 -1.14002e-07 -1.02258e-05 -0.0144772 0.592252 8.58955e-06 -4.12862e-08 2.34683e-07 -8.59079e-06 0.591994 0.00951688 -1.02222e-05 -9.61287e-08 -0.00951683 0.590774 -0.02438 -1.91983e-07 -1.72205e-05 -0.02438 0.99737 1.44651e-05 -6.95271e-08 3.95212e-07 -1.44671e-05 0.996935 0.0160267 -1.72145e-05 -1.61884e-07 -0.0160266 0.994881
19 0.0357021 0.582458 -0.0157997 -1.24473e-07 -1.02443e-05 -0.0157996 0.580897 8.49015e-06 -4.03995e-08 2.57074e-07 -8.49167e-06 0.580582 0.0104695 -1.02405e-05 -1.00624e-07 -0.0104694 0.579399 -0.0271258 -2.13703e-07 -1.7588e-05 -0.0271258 0.99732 1.45764e-05 -6.93603e-08 4.4136e-07 -1.4579e-05 0.996778 0.0179747 -1.75815e-05 -1.72757e-07 -0.0179746 0.994747
20 0.0375062 0.570728 -0.0171276 -1.35044e-07 -1.02607e-05 -0.0171275 0.569168 8.39043e-06 -3.83547e-08 2.79802e-07 -8.39227e-06 0.568787 0.0114459 -1.02567e-05 -1.04049e-07 -0.0114458 0.567643 -0.03001 -2.36618e-07 -1.79782e-05 -0.03001 0.997265 1.47013e-05 -6.7203e-08 4.90253e-07 -1.47045e-05 0.996598 0.0200548 -1.79713e-05 -1.8231e-07 -0.0200547 0.994593
21 0.0392989 0.558656 -0.0184527 -1.45672e-07 -1.02746e-05 -0.0184527 0.557096 8.29104e-06 -3.50168e-08 3.02759e-07 -8.29325e-06 0.556642 0.0124422 -1.02706e-05 -1.06239e-07 -0.0124422 0.555538 -0.0330305 -2.60754e-07 -1.83917e-05 -0.0330305 0.997207 1.4841e-05 -6.26803e-08 5.41941e-07 -1.4845e-05 0.996394 0.0222717 -1.83845e-05 -1.90168e-07 -0.0222716 0.994417
22 0.0410797 0.546275 -0.0197669 -1.56316e-07 -1.02857e-05 -0.0197669 0.544715 8.19261e-06 -3.02531e-08 3.2584e-07 -8.19524e-06 0.544179 0.0134548 -1.02818e-05 -1.07025e-07 -0.0134547 0.543116 -0.0361849 -2.86148e-07 -1.88288e-05 -0.0361849 0.997144 1.49972e-05 -5.53807e-08 5.96476e-07 -1.5002e-05 0.996162 0.02463 -1.88216e-05 -1.95917e-07 -0.0246299 0.994217
23 0.0428479 0.533619 -0.0210623 -1.66939e-07 -1.02934e-05 -0.0210622 0.532058 8.09578e-06 -2.39344e-08 3.48943e-07 -8.09888e-06 0.531431 0.0144797 -1.02897e-05 -1.06244e-07 -0.0144796 0.530411 -0.0394706 -3.12844e-07 -1.92899e-05 -0.0394706 0.997076 1.51715e-05 -4.48531e-08 6.53919e-07 -1.51773e-05 0.9959 0.0271349 -1.92829e-05 -1.99101e-07 -0.0271348 0.99399
24 0.0446031 0.520719 -0.0223309 -1.77511e-07 -1.02975e-05 -0.0223308 0.519159 8.00118e-06 -1.59359e-08 3.71969e-07 -8.0048e-06 0.518431 0.0155131 -1.02941e-05 -1.03735e-07 -0.015513 0.517456 -0.0428847 -3.40897e-07 -1.97755e-05 -0.0428846 0.997004 1.53656e-05 -3.06036e-08 7.14337e-07 -1.53726e-05 0.995606 0.0297918 -1.97691e-05 -1.99216e-07 -0.0297916 0.993733
25 0.0463447 0.50761 -0.0235652 -1.88006e-07 -1.02974e-05 -0.0235651 0.50605 7.90942e-06 -6.13796e-09 3.94821e-07 -7.91361e-06 0.505212 0.0165512 -1.02946e-05 -9.93429e-08 -0.0165512 0.504283 -0.0464237 -3.70375e-07 -2.0286e-05 -0.0464237 0.996926 1.55817e-05 -1.20919e-08 7.77804e-07 -1.55899e-05 0.995275 0.0326062 -2.02804e-05 -1.95707e-07 -0.032606 0.993445
26 0.0480722 0.494325 -0.0247578 -1.98403e-07 -1.02928e-05 -0.0247578 0.492765 7.82109e-06 5.57236e-09 4.17409e-07 -7.8259e-06 0.491807 0.0175902 -1.02906e-05 -9.29168e-08 -0.0175901 0.490925 -0.0500841 -4.01362e-07 -2.08218e-05 -0.0500841 0.996843 1.58218e-05 1.12727e-08 8.44402e-07 -1.58315e-05 0.994906 0.0355843 -2.08175e-05 -1.87967e-07 -0.0355841 0.993121
27 0.049785 0.480897 -0.025902 -2.08688e-07 -1.02833e-05 -0.0259019 0.479336 7.73675e-06 1.93009e-08 4.39647e-07 -7.74224e-06 0.478249 0.0186263 -1.0282e-05 -8.43144e-08 -0.0186262 0.477415 -0.0538618 -4.33956e-07 -2.13835e-05 -0.0538617 0.996755 1.60882e-05 4.01353e-08 9.14223e-07 -1.60996e-05 0.994494 0.0387323 -2.13808e-05 -1.75327e-07 -0.0387321 0.992759
28 0.0514827 0.467358 -0.0269909 -2.18852e-07 -1.02685e-05 -0.0269909 0.465797 7.65696e-06 3.51454e-08 4.61455e-07 -7.66317e-06 0.464571 0.0196557 -1.02682e-05 -7.34013e-08 -0.0196556 0.463786 -0.0577521 -4.68276e-07 -2.19713e-05 -0.057752 0.99666 1.63835e-05 7.52002e-08 9.87369e-07 -1.63968e-05 0.994037 0.042057 -2.19707e-05 -1.57056e-07 -0.0420568 0.992357
29 0.0531646 0.45374 -0.0280184 -2.28893e-07 -1.0248e-05 -0.0280184 0.452179 7.5822e-06 5.31944e-08 4.82758e-07 -7.5892e-06 0.450804 0.0206748 -1.02489e-05 -6.00528e-08 -0.0206747 0.450069 -0.06175 -5.04458e-07 -2.25857e-05 -0.0617499 0.996559 1.67105e-05 1.17236e-07 1.06395e-06 -1.67259e-05 0.99353 0.0455653 -2.25877e-05 -1.32351e-07 -0.045565 0.99191
30 0.0548304 0.440074 -0.0289788 -2.38813e-07 -1.02216e-05 -0.0289788 0.438513 7.51298e-06 7.3527e-08 5.03489e-07 -7.5208e-06 0.43698 0.02168 -1.02239e-05 -4.4155e-08 -0.0216799 0.436296 -0.0658499 -5.42666e-07 -2.32271e-05 -0.0658498 0.996451 1.70721e-05 1.67079e-07 1.1441e-06 -1.70899e-05 0.99297 0.0492645 -2.32321e-05 -1.00335e-07 -0.0492642 0.991415
31 0.0564795 0.426392 -0.0298668 -2.48623e-07 -1.01889e-05 -0.0298667 0.424829 7.44971e-06 9.62115e-08 5.23589e-07 -7.45842e-06 0.423131 0.0226679 -1.01926e-05 -2.56058e-08 -0.0226678 0.422498 -0.0700454 -5.83087e-07 -2.38956e-05 -0.0700453 0.996336 1.74715e-05 2.25641e-07 1.22795e-06 -1.74919e-05 0.992352 0.0531622 -2.39044e-05 -6.00522e-08 -0.0531619 0.990869
32 0.0581114 0.412722 -0.0306774 -2.58338e-07 -1.01495e-05 -0.0306774 0.411159 7.3928e-06 1.21305e-07 5.43005e-07 -7.40243e-06 0.409285 0.0236351 -1.01549e-05 -4.31571e-09 -0.023635 0.408705 -0.0743296 -6.25938e-07 -2.45916e-05 -0.0743295 0.996213 1.79123e-05 2.93916e-07 1.31567e-06 -1.79357e-05 0.991672 0.0572665 -2.46047e-05 -1.04567e-08 -0.0572662 0.990267
33 0.0597256 0.399093 -0.0314066 -2.67978e-07 -1.01032e-05 -0.0314065 0.397529 7.34262e-06 1.48855e-07 5.6169e-07 -7.35321e-06 0.395472 0.0245784 -1.01104e-05 1.97908e-08 -0.0245782 0.394945 -0.0786949 -6.71467e-07 -2.53153e-05 -0.0786947 0.996081 1.83983e-05 3.72982e-07 1.40742e-06 -1.84248e-05 0.990926 0.0615856 -2.53335e-05 4.95893e-08 -0.0615852 0.989607
34 0.0613216 0.385534 -0.0320504 -2.77569e-07 -1.00496e-05 -0.0320504 0.383969 7.29946e-06 1.78892e-07 5.79608e-07 -7.31104e-06 0.38172 0.0254946 -1.00589e-05 4.67746e-08 -0.0254944 0.381248 -0.0831326 -7.19961e-07 -2.60668e-05 -0.0831325 0.995941 1.89334e-05 4.64013e-07 1.50339e-06 -1.89634e-05 0.99011 0.066128 -2.60908e-05 1.21324e-07 -0.0661277 0.988883
35 0.0628989 0.372069 -0.0326058 -2.87142e-07 -9.98862e-06 -0.0326057 0.370503 7.2636e-06 2.1144e-07 5.96729e-07 -7.27619e-06 0.368057 0.0263808 -9.99999e-06 7.66812e-08 -0.0263806 0.367639 -0.0876335 -7.71742e-07 -2.68461e-05 -0.0876334 0.995791 1.95222e-05 5.68281e-07 1.60381e-06 -1.9556e-05 0.989217 0.0709028 -2.68767e-05 2.06094e-07 -0.0709024 0.988092
36 0.064457 0.358726 -0.0330699 -2.96731e-07 -9.91992e-06 -0.0330699 0.357159 7.23524e-06 2.46505e-07 6.13031e-07 -7.24888e-06 0.354509 0.0272341 -9.93356e-06 1.0954e-07 -0.027234 0.354144 -0.0921871 -8.27179e-07 -2.76532e-05 -0.092187 0.995631 2.01693e-05 6.87169e-07 1.70891e-06 -2.02073e-05 0.988244 0.075919 -2.76912e-05 3.05359e-07 -0.0759186 0.987228
37 0.0659956 0.345528 -0.0334409 -3.06374e-07 -9.84333e-06 -0.0334408 0.343959 7.21456e-06 2.84083e-07 6.28501e-07 -7.22924e-06 0.341099 0.028052 -9.85935e-06 1.45364e-07 -0.0280519 0.34079 -0.096782 -8.86685e-07 -2.84878e-05 -0.0967818 0.99546 2.08798e-05 8.22172e-07 1.81896e-06 -2.09223e-05 0.987184 0.0811861 -2.85342e-05 4.20701e-07 -0.0811857 0.986288
38 0.067514 0.332497 -0.033717 -3.16114e-07 -9.75866e-06 -0.0337169 0.330926 7.20166e-06 3.24155e-07 6.43132e-07 -7.21739e-06 0.327852 0.028832 -9.77718e-06 1.84148e-07 -0.0288318 0.327598 -0.101406 -9.50728e-07 -2.93496e-05 -0.101405 0.995277 2.16593e-05 9.74912e-07 1.93425e-06 -2.17066e-05 0.986032 0.0867137 -2.94053e-05 5.53833e-07 -0.0867132 0.985267
39 0.0690118 0.319655 -0.0338974 -3.25993e-07 -9.66576e-06 -0.0338973 0.318083 7.1966e-06 3.66688e-07 6.56925e-07 -7.21337e-06 0.31479 0.0295717 -9.68688e-06 2.25869e-07 -0.0295716 0.314591 -0.106044 -1.01983e-06 -3.02381e-05 -0.106044 0.995083 2.25137e-05 1.14714e-06 2.05511e-06 -2.25661e-05 0.984783 0.0925115 -3.03042e-05 7.06605e-07 -0.092511 0.98416
40 0.10628 0.307022 -0.0339816 -3.36056e-07 -9.56452e-06 -0.0339816 0.305448 7.1994e-06 4.11637e-07 6.69888e-07 -7.21718e-06 0.301934 0.0302691 -9.58831e-06 2.70489e-07 -0.0302689 0.30179 -0.110682 -1.09457e-06 -3.11526e-05 -0.110681 0.994874 2.34492e-05 1.34074e-06 2.18189e-06 -2.35071e-05 0.98343 0.0985895 -3.12301e-05 8.8101e-07 -0.098589 0.982961
42 0.146749 0.282455 -0.0338626 -3.5692e-07 -9.33664e-06 -0.0338625 0.280877 7.22831e-06 5.08532e-07 6.93394e-07 -7.24802e-06 0.276915 0.0315293 -9.36594e-06 3.68171e-07 -0.0315291 0.276881 -0.119887 -1.26364e-06 -3.30554e-05 -0.119887 0.994415 2.5591e-05 1.8004e-06 2.45489e-06 -2.56608e-05 0.980388 0.111626 -3.31591e-05 1.30347e-06 -0.111625 0.980268
44 0.152348 0.258926 -0.0333671 -3.79065e-07 -9.07461e-06 -0.033367 0.257344 7.28738e-06 6.142e-07 7.13842e-07 -7.30879e-06 0.252934 0.0325993 -9.1095e-06 4.76511e-07 -0.0325991 0.253009 -0.128867 -1.46399e-06 -3.50471e-05 -0.128867 0.993891 2.81446e-05 2.37211e-06 2.75693e-06 -2.82273e-05 0.976857 0.125902 -3.51818e-05 1.84034e-06 -0.125901 0.977147
46 0.157761 0.236543 -0.03251 -4.02822e-07 -8.77847e-06 -0.0325099 0.234956 7.3748e-06 7.27797e-07 7.3151e-07 -7.39757e-06 0.230105 0.033469 -8.81887e-06 5.94545e-07 -0.0334688 0.230287 -0.137438 -1.70296e-06 -3.71116e-05 -0.137438 0.993293 3.11774e-05 3.07681e-06 3.0925e-06 -3.12737e-05 0.972782 0.141492 -3.72823e-05 2.51348e-06 -0.141491 0.973553
48 0.162982 0.215388 -0.0313134 -4.28464e-07 -8.44875e-06 -0.0313133 0.213797 7.48794e-06 8.48279e-07 7.46735e-07 -7.51163e-06 0.208519 0.0341314 -8.49438e-06 7.21038e-07 -0.0341312 0.208806 -0.145381 -1.98927e-06 -3.92257e-05 -0.145381 0.992611 3.47649e-05 3.93837e-06 3.46693e-06 -3.48749e-05 0.968109 0.158465 -3.94376e-05 3.34762e-06 -0.158464 0.969441
50 0.168004 0.195523 -0.0298052 -4.56183e-07 -8.0864e-06 -0.0298051 0.193926 7.6235e-06 9.74417e-07 7.59897e-07 -7.64755e-06 0.188246 0.0345824 -8.13682e-06 8.54507e-07 -0.0345822 0.188634 -0.152439 -2.33315e-06 -4.13579e-05 -0.152438 0.991834 3.89904e-05 4.98365e-06 3.88649e-06 -3.91134e-05 0.962783 0.176872 -4.16157e-05 4.37037e-06 -0.17687 0.96477
52 0.172821 0.176985 -0.0280187 -4.86065e-07 -7.69282e-06 -0.0280186 0.175383 7.77752e-06 1.10482e-06 7.71386e-07 -7.80129e-06 0.169331 0.0348209 -7.7474e-06 9.9325e-07 -0.0348206 0.169817 -0.158311 -2.74636e-06 -4.34659e-05 -0.15831 0.990949 4.39444e-05 6.24245e-06 4.35848e-06 -4.40787e-05 0.956751 0.196744 -4.37743e-05 5.61205e-06 -0.196743 0.959497
54 0.177428 0.159794 -0.0259907 -5.18068e-07 -7.26983e-06 -0.0259906 0.158187 7.94549e-06 1.23797e-06 7.81581e-07 -7.96825e-06 0.151799 0.0348482 -7.32776e-06 1.13538e-06 -0.034848 0.152378 -0.162651 -3.24209e-06 -4.54949e-05 -0.16265 0.989943 4.97233e-05 7.74724e-06 4.89117e-06 -4.98657e-05 0.949966 0.218082 -4.58574e-05 7.10526e-06 -0.21808 0.953588
56 0.181819 0.143949 -0.0237612 -5.52011e-07 -6.8196e-06 -0.0237611 0.142337 8.12251e-06 1.3722e-06 7.9082e-07 -8.14348e-06 0.135656 0.0346686 -6.87992e-06 1.27887e-06 -0.0346683 0.136322 -0.165067 -3.83476e-06 -4.7375e-05 -0.165066 0.988802 5.64262e-05 9.53253e-06 5.49374e-06 -5.65719e-05 0.942386 0.240839 -4.7794e-05 8.88416e-06 -0.240837 0.947016
58 0.185988 0.129433 -0.0213718 -5.87565e-07 -6.34466e-06 -0.0213717 0.127816 8.30334e-06 1.5058e-06 7.99376e-07 -8.32169e-06 0.120888 0.0342882 -6.40627e-06 1.42159e-06 -0.0342879 0.121636 -0.165118 -4.53953e-06 -4.90189e-05 -0.165117 0.987511 6.41516e-05 1.16338e-05 6.17598e-06 -6.42934e-05 0.933983 0.264911 -4.94948e-05 1.09832e-05 -0.264909 0.939764
60 0.286303 0.116213 -0.0188646 -6.24244e-07 -5.84783e-06 -0.0188645 0.114593 8.48257e-06 1.63699e-06 8.07438e-07 -8.49749e-06 0.107468 0.0337154 -5.90952e-06 1.56138e-06 -0.0337152 0.108291 -0.162328 -5.37154e-06 -5.03199e-05 -0.162327 0.986056 7.29914e-05 1.40861e-05 6.9479e-06 -7.31198e-05 0.924746 0.290117 -5.08507e-05 1.34355e-05 -0.290115 0.931831
64 0.394175 0.0934721 -0.0136633 -6.98314e-07 -4.80098e-06 -0.0136632 0.0918465 8.81445e-06 1.88497e-06 8.22279e-07 -8.82024e-06 0.0844835 0.0320347 -4.85899e-06 1.82356e-06 -0.0320345 0.085436 -0.146175 -7.47083e-06 -5.13627e-05 -0.146174 0.982609 9.43004e-05 2.01662e-05 8.79706e-06 -9.43624e-05 0.903837 0.34272 -5.19833e-05 1.95092e-05 -0.342717 0.914027
68 0.406626 0.0752488 -0.00847198 -7.67608e-07 -3.70568e-06 -0.00847184 0.073623 9.07617e-06 2.1022e-06 8.34498e-07 -9.07043e-06 0.0662273 0.0297237 -3.75486e-06 2.0491e-06 -0.0297234 0.0672775 -0.112586 -1.02009e-05 -4.92457e-05 -0.112585 0.978395 0.000120615 2.79367e-05 1.10899e-05 -0.000120539 0.880112 0.395005 -4.98993e-05 2.7231e-05 -0.395002 0.894067
72 0.417095 0.0609601 -0.00356206 -8.23967e-07 -2.5901e-06 -0.00356193 0.0593409 9.2308e-06 2.27619e-06 8.4117e-07 -9.21237e-06 0.0520968 0.0268947 -2.62588e-06 2.22418e-06 -0.0268945 0.0532105 -0.0584327 -1.35165e-05 -4.24885e-05 -0.0584306 0.973439 0.000151424 3.73391e-05 1.37987e-05 -0.000151121 0.854605 0.441186 -4.30755e-05 3.64858e-05 -0.441182 0.872874
76 0.425533 0.0499759 0.000853723 -8.586e-07 -1.4823e-06 0.000853848 0.048372 9.24983e-06 2.397e-06 8.37494e-07 -9.21916e-06 0.041425 0.0236679 -1.5013e-06 2.33876e-06 -0.0236676 0.0425666 0.0170827 -1.71803e-05 -2.96602e-05 0.0170852 0.967906 0.000185086 4.79631e-05 1.67579e-05 -0.000184472 0.828898 0.473585 -3.00404e-05 4.67977e-05 -0.47358 0.851743
80 0.431897 0.0416695 0.00462853 -8.63183e-07 -4.08705e-07 0.00462865 0.040091 9.11545e-06 2.45814e-06 8.17372e-07 -9.07473e-06 0.0335342 0.020164 -4.09181e-07 2.38751e-06 -0.0201638 0.0346682 0.111077 -2.0715e-05 -9.80827e-06 0.11108 0.962118 0.000218756 5.89914e-05 1.96156e-05 -0.000217779 0.804767 0.483903 -9.81969e-06 5.72963e-05 -0.483898 0.831982
84 0.436158 0.0354555 0.00768106 -8.30957e-07 6.07126e-07 0.00768117 0.0339137 8.82183e-06 2.45726e-06 7.74321e-07 -8.77478e-06 0.0277795 0.0164999 6.25109e-07 2.37016e-06 -0.0164997 0.0288713 0.216639 -2.34366e-05 1.71236e-05 0.216643 0.956514 0.000248814 6.93055e-05 2.18393e-05 -0.000247487 0.783504 0.465368 1.76308e-05 6.68489e-05 -0.465363 0.814297
88 0.328636 0.0308168 0.00998927 -7.57692e-07 1.54548e-06 0.00998936 0.0293238 8.37514e-06 2.39637e-06 7.0256e-07 -8.32656e-06 0.0235794 0.0127844 1.58018e-06 2.29141e-06 -0.0127843 0.024597 0.32415 -2.4587e-05 5.01505e-05 0.324154 0.951553 0.000271772 7.77618e-05 2.2798e-05 -0.000270196 0.76515 0.414853 5.12767e-05 7.43559e-05 -0.414848 0.798169
90 0.219313 0.0289492 0.0108711 -7.05216e-07 1.98062e-06 0.0108712 0.0274852 8.09937e-06 2.34521e-06 6.54576e-07 -8.05197e-06 0.0219033 0.0109389 2.02263e-06 2.23167e-06 -0.0109387 0.0228729 0.375524 -2.43605e-05 6.84173e-05 0.375527 0.949429 0.000279779 8.10113e-05 2.26112e-05 -0.000278142 0.756612 0.377866 6.98684e-05 7.70893e-05 -0.377861 0.790104
92 0.328636 0.0273197 0.0115802 -6.42376e-07 2.391e-06 0.0115803 0.0258878 7.79249e-06 2.28169e-06 5.98126e-07 -7.74756e-06 0.0204363 0.00911692 2.43948e-06 2.16024e-06 -0.00911678 0.0213514 0.423876 -2.35133e-05 8.75192e-05 0.423879 0.947587 0.000285233 8.35179e-05 2.18936e-05 -0.000283588 0.748041 0.333712 8.92935e-05 7.90726e-05 -0.333707 0.781537
96 0.436158 0.0246201 0.0125174 -4.87555e-07 3.13291e-06 0.0125175 0.023261 7.09987e-06 2.12303e-06 4.5982e-07 -7.06339e-06 0.0179451 0.0055857 3.19166e-06 1.98891e-06 -0.0055856 0.0187346 0.508424 -1.98032e-05 0.00012725 0.508427 0.944796 0.000288377 8.62318e-05 1.86766e-05 -0.000286895 0.728879 0.226876 0.000129637 8.07842e-05 -0.226872 0.760947
100 0.431897 0.0224607 0.0128887 -2.99282e-07 3.76477e-06 0.0128887 0.0211849 6.32942e-06 1.9328e-06 2.89829e-07 -6.30511e-06 0.0157942 0.00226816 3.83052e-06 1.79158e-06 -0.0022681 0.0164411 0.573833 -1.33247e-05 0.000167616 0.573835 0.943199 0.0002818 8.60526e-05 1.29039e-05 -0.000280718 0.703194 0.100983 0.000170544 7.97651e-05 -0.100981 0.731997
104 0.425533 0.0206638 0.0127935 -8.66952e-08 4.28397e-06 0.0127936 0.01948 5.51637e-06 1.72465e-06 9.39106e-08 -5.50633e-06 0.0137597 -0.00076915 4.35437e-06 1.58282e-06 0.000769159 0.014254 0.619128 -4.1955e-06 0.000207317 0.619129 0.942708 0.000266958 8.34625e-05 4.54468e-06 -0.000266472 0.665885 -0.037222 0.000210724 7.65988e-05 0.0372225 0.689804
108 0.417095 0.0191199 0.012334 1.38716e-07 4.69109e-06 0.012334 0.018034 4.69593e-06 1.51215e-06 -1.1891e-07 -4.7004e-06 0.0116949 -0.00347021 4.76515e-06 1.37625e-06 0.00347017 0.0120338 0.645086 7.25507e-06 0.000245352 0.645087 0.943205 0.000245605 7.90878e-05 -6.2192e-06 -0.000245838 0.61166 -0.181497 0.000249225 7.198e-05 0.181495 0.629387
112 0.406626 0.0177735 0.0116065 3.64081e-07 4.98906e-06 0.0116065 0.0167885 3.90047e-06 1.30736e-06 -3.37092e-07 -3.91792e-06 0.00951712 -0.00578948 5.06728e-06 1.1832e-06 0.00578939 0.00970574 0.653023 2.04845e-05 0.000280703 0.653023 0.944582 0.000219455 7.35569e-05 -1.8966e-05 -0.000220436 0.535468 -0.325737 0.000285104 6.65711e-05 0.325732 0.54608
116 0.394175 0.0166094 0.0106972 5.7624e-07 5.18244e-06 0.0106972 0.015725 3.15731e-06 1.11978e-06 -5.4768e-07 -3.18477e-06 0.00719479 -0.00769214 5.26662e-06 1.01188e-06 0.00769201 0.00724542 0.644045 3.46936e-05 0.000312018 0.644044 0.946752 0.000190091 6.74183e-05 -3.29741e-05 -0.000191745 0.433176 -0.46312 0.000317087 6.09221e-05 0.463112 0.436224
120 0.379804 0.0156389 0.00967898 7.62854e-07 5.27682e-06 0.00967895 0.0148511 2.48715e-06 9.55577e-07 -7.37607e-07 -2.52079e-06 0.00473351 -0.00915465 5.36951e-06 8.66862e-07 0.00915448 0.00466525 0.618906 4.87794e-05 0.000337418 0.618904 0.949627 0.000159037 6.11028e-05 -4.71651e-05 -0.000161188 0.302677 -0.585378 0.000343344 5.54301e-05 0.585368 0.298312
124 0.363583 0.0148868 0.00861056 9.13422e-07 5.27851e-06 0.00861052 0.0141883 1.90343e-06 8.17367e-07 -8.95024e-07 -1.93917e-06 0.00216432 -0.0101656 5.38223e-06 7.49071e-07 0.0101654 0.00200201 0.578402 6.13578e-05 0.000354576 0.578399 0.95308 0.00012786 5.49054e-05 -6.01219e-05 -0.000130261 0.145385 -0.682861 0.000361543 5.03177e-05 0.682849 0.134482
128 0.34559 0.0143814 0.0075371 1.02012e-06 5.19437e-06 0.00753706 0.0137618 1.41231e-06 7.04408e-07 -1.01047e-06 -1.44642e-06 -0.000466543 -0.0107269 5.31085e-06 6.56203e-07 0.0107267 -0.000693743 0.524088 7.09333e-05 0.000361188 0.524086 0.956917 9.82046e-05 4.89807e-05 -7.02627e-05 -0.000100576 -0.0324409 -0.745887 0.000369287 4.56287e-05 0.745873 -0.0482391
132 0.325914 0.014145 0.00649174 1.07836e-06 5.03203e-06 0.00649171 0.0135914 1.01345e-06 6.13264e-07 -1.07779e-06 -1.04301e-06 -0.00310582 -0.0108541 5.16149e-06 5.83521e-07 0.0108539 -0.00336606 0.458943 7.62363e-05 0.000355746 0.45894 0.960864 7.16474e-05 4.33555e-05 -7.61955e-05 -7.37369e-05 -0.219571 -0.767349 0.000364898 4.12528e-05 0.767334 -0.237968
136 0.304649 0.0141884 0.00549761 1.08711e-06 4.80019e-06 0.00549759 0.0136862 7.01147e-07 5.38752e-07 -1.0946e-06 -7.24338e-07 -0.00569935 -0.0105778 4.94089e-06 5.24871e-07 0.0105776 -0.00595999 0.387473 7.66196e-05 0.000338318 0.387471 0.964609 4.9417e-05 3.79714e-05 -7.71474e-05 -5.10515e-05 -0.401691 -0.745524 0.000348235 3.6993e-05 0.745511 -0.420061
140 0.281901 0.0145063 0.00457008 1.0488e-06 4.50905e-06 0.00457007 0.0140402 4.65866e-07 4.75034e-07 -1.06245e-06 -4.82032e-07 -0.0081963 -0.00994263 4.65718e-06 4.73798e-07 0.00994245 -0.00842587 0.315041 7.22998e-05 0.000310834 0.31504 0.96787 3.21147e-05 3.27468e-05 -7.32407e-05 -3.32292e-05 -0.565016 -0.6854 0.000321046 3.26615e-05 0.685388 -0.580842
144 0.257779 0.0150759 0.00371881 9.69068e-07 4.17064e-06 0.00371882 0.0146306 2.95785e-07 4.16662e-07 -9.86519e-07 -3.05307e-07 -0.0105518 -0.00900719 4.32062e-06 4.2457e-07 0.00900704 -0.010722 0.246673 6.42794e-05 0.000276643 0.246673 0.970467 1.96198e-05 2.76377e-05 -6.54369e-05 -2.02514e-05 -0.699913 -0.597457 0.000286592 2.81622e-05 0.597447 -0.7112
148 0.232401 0.0158569 0.00294966 8.56129e-07 3.799e-06 0.00294967 0.0154185 1.78261e-07 3.59441e-07 -8.74986e-07 -1.8229e-07 -0.0127283 -0.007842 3.94409e-06 3.73018e-07 0.00784187 -0.0128156 0.186017 5.39909e-05 0.00023958 0.186018 0.972352 1.12419e-05 2.26678e-05 -5.51801e-05 -1.14959e-05 -0.802696 -0.494548 0.00024873 2.3524e-05 0.49454 -0.8082
152 0.205891 0.016794 0.00226602 7.20084e-07 3.41011e-06 0.00226604 0.0163504 1.01039e-07 3.00993e-07 -7.38238e-07 -1.01165e-07 -0.0146957 -0.00652696 3.54331e-06 3.17047e-07 0.00652686 -0.014683 0.134931 4.28775e-05 0.000203055 0.134932 0.973587 6.01638e-06 1.79227e-05 -4.39585e-05 -6.02387e-06 -0.875056 -0.388649 0.000210987 1.88786e-05 0.388643 -0.874301
156 0.178378 0.0178201 0.00167 5.72078e-07 3.02143e-06 0.00167002 0.0173621 5.31383e-08 2.40962e-07 -5.87923e-07 -5.1052e-08 -0.0164311 -0.00514794 3.13654e-06 2.56812e-07 0.00514786 -0.0163089 0.0937143 3.2103e-05 0.000169552 0.0937156 0.9743 2.98194e-06 1.35219e-05 -3.29922e-05 -2.86486e-06 -0.922057 -0.288884 0.000176012 1.44114e-05 0.28888 -0.915196
160 0.0971232 0.0188612 0.00116299 4.23483e-07 2.65129e-06 0.00116301 0.0183829 2.53843e-08 1.80883e-07 -4.36017e-07 -2.2589e-08 -0.017918 -0.00379265 2.74387e-06 1.94531e-07 0.00379259 -0.0176846 0.0616605 2.24525e-05 0.000140568 0.0616616 0.97464 1.34584e-06 9.59022e-06 -2.31171e-05 -1.19764e-06 -0.949992 -0.201082 0.000145476 1.03138e-05 0.201079 -0.937616
161 0.0357021 0.019115 0.00105029 3.87533e-07 2.5638e-06 0.00105031 0.0186311 2.07091e-08 1.66185e-07 -3.99157e-07 -1.79288e-08 -0.0182495 -0.00346762 2.65034e-06 1.79061e-07 0.00346757 -0.017989 0.0549459 2.02738e-05 0.000134125 0.054947 0.974683 1.08339e-06 8.69394e-06 -2.08819e-05 -9.37944e-07 -0.95472 -0.181408 0.000138652 9.36757e-06 0.181406 -0.941092
162 0.0338871 0.0193638 0.000943243 3.52389e-07 2.47888e-06 0.000943262 0.0188741 1.67426e-08 1.51724e-07 -3.63088e-07 -1.404e-08 -0.0185645 -0.0031507 2.55931e-06 1.63767e-07 0.00315065 -0.0182775 0.0487116 1.81983e-05 0.000128016 0.0487126 0.974713 8.64633e-07 7.83545e-06 -1.87509e-05 -7.25063e-07 -0.958723 -0.162711 0.00013217 8.4574e-06 0.162708 -0.9439
163 0.0320617 0.0196065 0.000841865 3.18206e-07 2.39682e-06 0.000841883 0.0191111 1.33996e-08 1.37563e-07 -3.27976e-07 -1.08297e-08 -0.018863 -0.00284312 2.4711e-06 1.48723e-07 0.00284308 -0.0185501 0.042938 1.62296e-05 0.000122246 0.0429389 0.974732 6.83428e-07 7.01617e-06 -1.67279e-05 -5.5235e-07 -0.96208 -0.145009 0.000126035 7.58541e-06 0.145007 -0.946121
164 0.0302266 0.019842 0.000746175 2.85133e-07 2.31786e-06 0.000746192 0.0193408 1.06024e-08 1.23762e-07 -2.93976e-07 -8.21205e-09 -0.0191449 -0.00254609 2.38603e-06 1.34005e-07 0.00254605 -0.0188069 0.0376058 1.43701e-05 0.000116816 0.0376066 0.974741 5.3434e-07 6.23739e-06 -1.48158e-05 -4.13871e-07 -0.964868 -0.128318 0.000120251 6.75359e-06 0.128316 -0.947832
165 0.0283823 0.0200693 0.000656188 2.53311e-07 2.24228e-06 0.000656203 0.0195624 8.27977e-09 1.10387e-07 -2.61241e-07 -6.10807e-09 -0.0194101 -0.00226077 2.3044e-06 1.19689e-07 0.00226073 -0.0190479 0.0326962 1.26219e-05 0.000111727 0.0326969 0.974743 4.1256e-07 5.50032e-06 -1.3017e-05 -3.0435e-07 -0.967157 -0.112648 0.000114822 5.96379e-06 0.112647 -0.949107
166 0.0265294 0.0202872 0.000571919 2.22878e-07 2.17031e-06 0.000571933 0.0197747 6.3674e-09 9.75015e-08 -2.29914e-07 -4.44533e-09 -0.0196585 -0.00198826 2.22649e-06 1.05852e-07 0.00198823 -0.019273 0.0281912 1.09862e-05 0.000106979 0.0281919 0.974739 3.13864e-07 4.80607e-06 -1.1333e-05 -2.1912e-07 -0.969011 -0.0980058 0.000109749 5.21769e-06 0.0980044 -0.95001
167 0.0246683 0.0204947 0.000493385 1.93962e-07 2.10219e-06 0.000493397 0.0199768 4.80716e-09 8.51689e-08 -2.00132e-07 -3.15777e-09 -0.01989 -0.00172963 2.15261e-06 9.25715e-08 0.00172961 -0.0194824 0.0240737 9.46399e-06 0.000102572 0.0240743 0.974729 2.34556e-07 4.15565e-06 -9.76505e-06 -1.54077e-07 -0.970491 -0.0843941 0.000105032 4.51684e-06 0.0843929 -0.950604
168 0.0172754 0.020691 0.0004206 1.66684e-07 2.03816e-06 0.000420611 0.0201679 3.54686e-09 7.34529e-08 -1.72023e-07 -2.18544e-09 -0.0201045 -0.0014859 2.08301e-06 7.99222e-08 0.00148588 -0.019676 0.0203276 8.05587e-06 9.85043e-05 0.0203282 0.974716 1.7142e-07 3.54998e-06 -8.31391e-06 -1.05623e-07 -0.971653 -0.0718137 0.000100672 3.86265e-06 0.0718127 -0.950944
168.5 0.0109315 0.0207847 0.000386368 1.53696e-07 2.00773e-06 0.000386378 0.020259 3.01443e-09 6.78453e-08 -1.58635e-07 -1.80037e-09 -0.0202054 -0.00136991 2.0499e-06 7.38574e-08 0.0013699 -0.019767 0.0185891 7.39467e-06 9.65968e-05 0.0185896 0.974708 1.45031e-07 3.2642e-06 -7.63229e-06 -8.66202e-08 -0.972131 -0.0659098 9.86255e-05 3.55346e-06 0.0659089 -0.951035
169 0.0104622 0.0208752 0.000353578 1.41159e-07 1.97841e-06 0.000353588 0.020347 2.53993e-09 6.24149e-08 -1.45709e-07 -1.47427e-09 -0.0203021 -0.001258 2.01796e-06 6.79778e-08 0.00125798 -0.019854 0.0169378 6.76205e-06 9.47734e-05 0.0169382 0.974699 1.21673e-07 2.98991e-06 -6.98e-06 -7.06234e-08 -0.972547 -0.0602631 9.66679e-05 3.2564e-06 0.0602623 -0.951081
169.5 0.00999215 0.0209624 0.000322233 1.29086e-07 1.95021e-06 0.000322242 0.0204318 2.11837e-09 5.71688e-08 -1.33259e-07 -1.20126e-09 -0.0203944 -0.00115027 1.98721e-06 6.2292e-08 0.00115026 -0.0199371 0.015372 6.15801e-06 9.30338e-05 0.0153724 0.974691 1.01056e-07 2.72721e-06 -6.35706e-06 -5.73054e-08 -0.972907 -0.0548732 9.47991e-05 2.97161e-06 0.0548725 -0.951088
170 0.0095213 0.0210462 0.000292334 1.17491e-07 1.92316e-06 0.000292342 0.0205134 1.74505e-09 5.21144e-08 -1.21299e-07 -9.75768e-10 -0.0204826 -0.00104683 1.9577e-06 5.68087e-08 0.00104682 -0.0200162 0.0138901 5.58252e-06 9.13776e-05 0.0138905 0.974682 8.29151e-08 2.47618e-06 -5.76346e-06 -4.6363e-08 -0.973217 -0.0497396 9.30189e-05 2.69923e-06 0.0497389 -0.951061
170.5 0.00904972 0.0211266 0.000263883 1.06385e-07 1.89727e-06 0.00026389 0.0205915 1.41557e-09 4.72584e-08 -1.09841e-07 -7.92569e-10 -0.0205664 -0.000947776 1.92944e-06 5.1536e-08 0.000947764 -0.0200915 0.0124905 5.03557e-06 8.98047e-05 0.0124909 0.974672 6.70041e-08 2.23691e-06 -5.19919e-06 -3.75151e-08 -0.973482 -0.0448617 9.13272e-05 2.43938e-06 0.0448611 -0.951004
171 0.00857745 0.0212035 0.00023688 9.57785e-08 1.87258e-06 0.000236887 0.0206663 1.12582e-09 4.26078e-08 -9.88981e-08 -6.46744e-10 -0.020646 -0.000853207 1.90246e-06 4.6482e-08 0.000853195 -0.0201629 0.0111718 4.51711e-06 8.83146e-05 0.0111721 0.974663 5.30961e-08 2.00947e-06 -4.66423e-06 -3.05017e-08 -0.973705 -0.040239 8.97237e-05 2.19218e-06 0.0402384 -0.950924
171.5 0.00810453 0.0212767 0.000211328 8.56834e-08 1.8491e-06 0.000211335 0.0207374 8.71971e-10 3.8169e-08 -8.84805e-08 -5.33682e-10 -0.0207213 -0.000763214 1.87678e-06 4.16544e-08 0.000763203 -0.0202304 0.00993238 4.0271e-06 8.69071e-05 0.00993267 0.974653 4.09824e-08 1.79393e-06 -4.15856e-06 -2.50829e-08 -0.973893 -0.0358708 8.82083e-05 1.95774e-06 0.0358703 -0.950823
172 0.00763099 0.0213462 0.000187229 7.61097e-08 1.82685e-06 0.000187234 0.020805 6.50448e-10 3.39483e-08 -7.85994e-08 -4.49073e-10 -0.0207923 -0.000677885 1.85244e-06 3.70606e-08 0.000677876 -0.020294 0.00877104 3.56549e-06 8.55819e-05 0.0087713 0.974644 3.04713e-08 1.59036e-06 -3.68212e-06 -2.10376e-08 -0.974048 -0.0317566 8.67808e-05 1.73617e-06 0.0317562 -0.950707
172.5 0.00715688 0.0214119 0.000164582 6.7067e-08 1.80585e-06 0.000164587 0.0208688 4.57946e-10 2.99516e-08 -6.92652e-08 -3.88897e-10 -0.020859 -0.000597303 1.82946e-06 3.27078e-08 0.000597295 -0.0203537 0.00768648 3.13223e-06 8.43387e-05 0.00768671 0.974635 2.13874e-08 1.39883e-06 -3.23489e-06 -1.81626e-08 -0.974175 -0.0278958 8.54411e-05 1.52755e-06 0.0278954 -0.950579
173 0.00668221 0.0214737 0.000143391 5.85645e-08 1.78613e-06 0.000143395 0.0209289 2.91405e-10 2.61848e-08 -6.04875e-08 -3.49419e-10 -0.0209214 -0.000521547 1.80785e-06 2.86027e-08 0.00052154 -0.0204096 0.00667749 2.72726e-06 8.31772e-05 0.00667769 0.974626 1.35703e-08 1.21939e-06 -2.81681e-06 -1.62719e-08 -0.974278 -0.0242876 8.41888e-05 1.33198e-06 0.0242873 -0.950443
173.5 0.00620704 0.0215316 0.000123655 5.06109e-08 1.76768e-06 0.000123659 0.0209851 1.48005e-10 2.26533e-08 -5.22755e-08 -3.27183e-10 -0.0209795 -0.00045069 1.78764e-06 2.47517e-08 0.000450684 -0.0204615 0.00574295 2.35054e-06 8.20971e-05 0.00574312 0.974617 6.87383e-09 1.05209e-06 -2.42785e-06 -1.51955e-08 -0.974359 -0.0209315 8.30239e-05 1.14955e-06 0.0209312 -0.950302
174 0.0057314 0.0215855 0.000105376 4.3214e-08 1.75054e-06 0.00010538 0.0210374 2.51587e-11 1.9362e-08 -4.46375e-08 -3.19001e-10 -0.0210334 -0.000384801 1.76885e-06 2.11608e-08 0.000384796 -0.0205097 0.00488182 2.00199e-06 8.10982e-05 0.00488196 0.974609 1.16554e-09 8.96993e-07 -2.06794e-06 -1.47785e-08 -0.974421 -0.0178268 8.19461e-05 9.80327e-07 0.0178266 -0.950159
174.5 0.00525531 0.0216353 8.85559e-05 3.63813e-08 1.73472e-06 8.85586e-05 0.0210857 -7.94961e-11 1.63159e-08 -3.75815e-08 -3.21949e-10 -0.0210829 -0.000323945 1.75149e-06 1.78358e-08 0.000323941 -0.0205539 0.00409313 1.68158e-06 8.01803e-05 0.00409325 0.974601 -3.67438e-09 7.54136e-07 -1.73705e-06 -1.48808e-08 -0.974469 -0.014973 8.09552e-05 8.24386e-07 0.0149728 -0.950018
175 0.00477883 0.0216809 7.31947e-05 3.01198e-08 1.72023e-06 7.31969e-05 0.0211301 -1.68106e-10 1.35194e-08 -3.11146e-08 -3.33363e-10 -0.0211281 -0.00026818 1.73558e-06 1.47819e-08 0.000268177 -0.0205943 0.003376 1.38923e-06 7.9343e-05 0.0033761 0.974593 -7.75362e-09 6.23564e-07 -1.43511e-06 -1.53759e-08 -0.974503 -0.0123694 8.00512e-05 6.81792e-07 0.0123692 -0.94988
175.5 0.00430199 0.0217224 5.92935e-05 2.44355e-08 1.70708e-06 5.92954e-05 0.0211703 -2.42605e-10 1.09766e-08 -2.52436e-08 -3.50827e-10 -0.0211691 -0.000217561 1.72115e-06 1.20038e-08 0.000217559 -0.0206308 0.00272961 1.1249e-06 7.85861e-05 0.00272969 0.974587 -1.11684e-08 5.05313e-07 -1.1621e-06 -1.61505e-08 -0.974527 -0.0100155 7.92338e-05 5.52603e-07 0.0100154 -0.949748
176 0.00382481 0.0217596 4.68534e-05 1.93343e-08 1.69528e-06 4.68548e-05 0.0212065 -3.04727e-10 8.69122e-09 -1.99744e-08 -3.72175e-10 -0.0212057 -0.000172138 1.70819e-06 9.50617e-09 0.000172136 -0.0206635 0.00215323 8.88543e-07 7.79095e-05 0.00215329 0.97458 -1.40042e-08 3.9942e-07 -9.17956e-07 -1.71039e-08 -0.974543 -0.00791089 7.85028e-05 4.36872e-07 0.00791079 -0.949625
176.5 0.00334735 0.0217926 3.58749e-05 1.48213e-08 1.68485e-06 3.5876e-05 0.0212385 -3.56003e-10 6.66665e-09 -1.53123e-08 -3.95481e-10 -0.021238 -0.000131954 1.69673e-06 7.29283e-09 0.000131952 -0.0206923 0.0016462 6.80108e-07 7.7313e-05 0.00164625 0.974575 -1.6336e-08 3.05914e-07 -7.02641e-07 -1.81475e-08 -0.974553 -0.00605499 7.78582e-05 3.34648e-07 0.00605491 -0.949511
177 0.00286963 0.0218212 2.63589e-05 1.09008e-08 1.67579e-06 2.63597e-05 0.0212663 -3.97776e-10 4.90588e-09 -1.12623e-08 -4.19057e-10 -0.021266 -9.70479e-05 1.68677e-06 5.36736e-09 9.70466e-05 -0.0207172 0.00120795 4.99553e-07 7.67963e-05 0.00120799 0.97457 -1.82289e-08 2.24822e-07 -5.16117e-07 -1.92042e-08 -0.974558 -0.00444741 7.72998e-05 2.4597e-07 0.00444736 -0.949409
177.5 0.00239169 0.0218455 1.83058e-05 7.57693e-09 1.66811e-06 1.83064e-05 0.0212898 -4.31196e-10 3.41153e-09 -7.82833e-09 -4.41448e-10 -0.0212897 -6.74545e-05 1.67833e-06 3.73284e-09 6.74537e-05 -0.0207384 0.000837969 3.46842e-07 7.63594e-05 0.000837996 0.974566 -1.97385e-08 1.56166e-07 -3.5835e-07 -2.02078e-08 -0.97456 -0.0030878 7.68275e-05 1.70875e-07 0.00308776 -0.949321
178 0.00191357 0.0218654 1.17163e-05 4.85285e-09 1.66181e-06 1.17167e-05 0.0213092 -4.57233e-10 2.18583e-09 -5.01395e-09 -4.61428e-10 -0.0213091 -4.32024e-05 1.67141e-06 2.39191e-09 4.32019e-05 -0.0207556 0.000535837 2.21942e-07 7.60021e-05 0.000535854 0.974562 -2.09113e-08 9.99675e-08 -2.2931e-07 -2.11031e-08 -0.97456 -0.00197584 7.64412e-05 1.09392e-07 0.00197581 -0.949247
178.5 0.00143531 0.0218809 6.59065e-06 2.73131e-09 1.65691e-06 6.59086e-06 0.0213242 -4.76672e-10 1.2306e-09 -2.82202e-09 -4.77999e-10 -0.0213242 -2.43152e-05 1.66603e-06 1.34671e-09 2.43149e-05 -0.0207691 0.000301206 1.24826e-07 7.57243e-05 0.000301215 0.974559 -2.17849e-08 5.62409e-08 -1.28972e-07 -2.18455e-08 -0.974559 -0.00111125 7.61408e-05 6.15475e-08 0.00111124 -0.949188
179 0.000956932 0.021892 2.92926e-06 1.21442e-09 1.65341e-06 2.92935e-06 0.021335 -4.90124e-10 5.47275e-10 -1.25476e-09 -4.90386e-10 -0.021335 -1.08111e-05 1.66218e-06 5.98942e-10 1.0811e-05 -0.0207787 0.000133805 5.54731e-08 7.55259e-05 0.000133809 0.974557 -2.23883e-08 2.49989e-08 -5.7316e-08 -2.24003e-08 -0.974557 -0.00049384 7.59263e-05 2.7359e-08 0.000493833 -0.949146
179.5 0.000478484 0.0218986 7.32326e-07 3.0368e-10 1.65131e-06 7.32349e-07 0.0213415 -4.98022e-10 1.3687e-10 -3.1377e-10 -4.98039e-10 -0.0213415 -2.70344e-06 1.65986e-06 1.49796e-10 2.7034e-06 -0.0207844 3.34416e-05 1.38675e-08 7.54069e-05 3.34427e-05 0.974556 -2.27422e-08 6.25016e-09 -1.43283e-08 -2.27429e-08 -0.974556 -0.000123452 7.57976e-05 6.84042e-09 0.000123451 -0.94912
180 5.98114e-05 0.0219009 0 0 1.65061e-06 0 0.0213436 -5.00626e-10 0 0 -5.00626e-10 -0.0213436 0 1.65909e-06 0 0 -0.0207864 0 0 7.53672e-05 0 0.974556 -2.28588e-08 0 0 -2.28588e-08 -0.974556 0 7.57547e-05 0 0 -0.949112
