theta 2pi*dcos S11 S12 S13 S14 S21 S22 S23 S24 S31 S32 S33 S34 S41 S42 S43 S44 S12_norm S13_norm S14_norm S21_norm S22_norm S23_norm S24_norm S31_norm S32_norm S33_norm S34_norm S41_norm S42_norm S43_norm S44_norm
0 2.39246e-06 0.129096 2.95975e-19 0 1.086e-06 3.1687e-19 0.128735 -4.1241e-07 0 0 4.1241e-07 0.128735 0 1.08627e-06 0 0 0.128375 2.29267e-18 0 8.41236e-06 2.45453e-18 0.997205 -3.1946e-06 0 0 3.1946e-06 0.997205 0 8.41443e-06 0 0 0.994411
0.1 1.91397e-05 0.129096 -1.06589e-07 -1.4826e-13 1.086e-06 -1.06589e-07 0.128735 -4.1241e-07 -6.20356e-13 2.70553e-13 4.1241e-07 0.128735 1.96156e-08 1.08627e-06 -1.1224e-12 -1.96155e-08 0.128374 -8.25655e-07 -1.14845e-12 8.41235e-06 -8.25655e-07 0.997205 -3.1946e-06 -4.8054e-12 2.09576e-12 3.1946e-06 0.997205 1.51946e-07 8.41442e-06 -8.69433e-12 -1.51945e-07 0.994411
0.2 3.82793e-05 0.129095 -4.2635e-07 -5.93045e-13 1.08598e-06 -4.2635e-07 0.128734 -4.12409e-07 -2.48139e-12 1.08219e-12 4.12409e-07 0.128734 7.84616e-08 1.08625e-06 -4.48957e-12 -7.84612e-08 0.128373 -3.30262e-06 -4.59388e-12 8.41231e-06 -3.30262e-06 0.997205 -3.19463e-06 -1.92215e-11 8.3829e-12 3.19463e-06 0.997205 6.07784e-07 8.41439e-06 -3.47774e-11 -6.07781e-07 0.994411
0.3 5.74188e-05 0.129093 -9.59274e-07 -1.33429e-12 1.08596e-06 -9.59274e-07 0.128732 -4.12409e-07 -5.58304e-12 2.43489e-12 4.12409e-07 0.128732 1.76536e-07 1.08623e-06 -1.01014e-11 -1.76535e-07 0.128371 -7.4309e-06 -1.03359e-11 8.41226e-06 -7.4309e-06 0.997205 -3.19467e-06 -4.32483e-11 1.88616e-11 3.19467e-06 0.997205 1.36752e-06 8.41434e-06 -7.82493e-11 -1.36751e-06 0.994411
0.4 7.65581e-05 0.12909 -1.70534e-06 -2.37198e-12 1.08593e-06 -1.70534e-06 0.128729 -4.12408e-07 -9.92516e-12 4.32859e-12 4.12408e-07 0.128729 3.13836e-07 1.0862e-06 -1.79577e-11 -3.13835e-07 0.128368 -1.32105e-05 -1.83746e-11 8.41218e-06 -1.32105e-05 0.997205 -3.19473e-06 -7.68857e-11 3.35316e-11 3.19473e-06 0.997205 2.43115e-06 8.41427e-06 -1.3911e-10 -2.43114e-06 0.994411
0.5 9.56972e-05 0.129086 -2.66452e-06 -3.70603e-12 1.08589e-06 -2.66452e-06 0.128725 -4.12406e-07 -1.55076e-11 6.76318e-12 4.12406e-07 0.128725 4.90358e-07 1.08615e-06 -2.80583e-11 -4.90355e-07 0.128365 -2.06414e-05 -2.87097e-11 8.41208e-06 -2.06414e-05 0.997205 -3.19481e-06 -1.20133e-10 5.23927e-11 3.19481e-06 0.997205 3.79868e-06 8.41417e-06 -2.1736e-10 -3.79866e-06 0.99441
0.6 0.000114836 0.129082 -3.83678e-06 -5.33634e-12 1.08583e-06 -3.83678e-06 0.128721 -4.12405e-07 -2.23301e-11 9.73859e-12 4.12405e-07 0.128721 7.06095e-07 1.0861e-06 -4.04027e-11 -7.06091e-07 0.128361 -2.97236e-05 -4.13407e-11 8.41196e-06 -2.97236e-05 0.997204 -3.19491e-06 -1.72991e-10 7.54449e-11 3.19491e-06 0.997204 5.47013e-06 8.41406e-06 -3.13e-10 -5.4701e-06 0.99441
0.7 0.000133974 0.129077 -5.22209e-06 -7.26283e-12 1.08577e-06 -5.22209e-06 0.128716 -4.12403e-07 -3.03923e-11 1.32546e-11 4.12403e-07 0.128716 9.61041e-07 1.08604e-06 -5.49907e-11 -9.61036e-07 0.128355 -4.04571e-05 -5.62674e-11 8.41182e-06 -4.04571e-05 0.997204 -3.19502e-06 -2.35459e-10 1.02688e-10 3.19502e-06 0.997204 7.44549e-06 8.41393e-06 -4.2603e-10 -7.44545e-06 0.99441
0.8 0.000153112 0.129071 -6.82038e-06 -9.48535e-12 1.0857e-06 -6.82038e-06 0.12871 -4.12401e-07 -3.9694e-11 1.73112e-11 4.12401e-07 0.12871 1.25519e-06 1.08597e-06 -7.18217e-11 -1.25518e-06 0.12835 -5.2842e-05 -7.34893e-11 8.41166e-06 -5.2842e-05 0.997204 -3.19515e-06 -3.07536e-10 1.34121e-10 3.19515e-06 0.997204 9.72477e-06 8.41377e-06 -5.5645e-10 -9.72473e-06 0.99441
0.9 0.00017225 0.129064 -8.6316e-06 -1.20037e-11 1.08562e-06 -8.6316e-06 0.128704 -4.12399e-07 -5.02348e-11 2.19081e-11 4.12399e-07 0.128704 1.58853e-06 1.0859e-06 -9.08952e-11 -1.58852e-06 0.128343 -6.68782e-05 -9.30058e-11 8.41147e-06 -6.68782e-05 0.997204 -3.19529e-06 -3.89223e-10 1.69745e-10 3.19529e-06 0.997204 1.2308e-05 8.41359e-06 -7.04262e-10 -1.23079e-05 0.99441
1 0.000191387 0.129057 -1.06557e-05 -1.48179e-11 1.08553e-06 -1.06557e-05 0.128696 -4.12396e-07 -6.20142e-11 2.7045e-11 4.12396e-07 0.128696 1.96104e-06 1.08581e-06 -1.12211e-10 -1.96103e-06 0.128336 -8.25657e-05 -1.14816e-10 8.41126e-06 -8.25657e-05 0.997204 -3.19546e-06 -4.80518e-10 2.09559e-10 3.19546e-06 0.997204 1.51952e-05 8.4134e-06 -8.69465e-10 -1.51951e-05 0.99441
1.1 0.000210523 0.129049 -1.28926e-05 -1.79275e-11 1.08543e-06 -1.28926e-05 0.128688 -4.12393e-07 -7.50317e-11 3.27219e-11 4.12393e-07 0.128688 2.37273e-06 1.08571e-06 -1.35767e-10 -2.37272e-06 0.128327 -9.99046e-05 -1.3892e-10 8.41103e-06 -9.99046e-05 0.997204 -3.19564e-06 -5.81421e-10 2.53562e-10 3.19564e-06 0.997204 1.83863e-05 8.41318e-06 -1.05206e-09 -1.83862e-05 0.994409
1.2 0.000229659 0.12904 -1.53422e-05 -2.13324e-11 1.08533e-06 -1.53422e-05 0.128679 -4.1239e-07 -8.92868e-11 3.89383e-11 4.1239e-07 0.128679 2.82358e-06 1.0856e-06 -1.61564e-10 -2.82356e-06 0.128318 -0.000118895 -1.65317e-10 8.41078e-06 -0.000118895 0.997204 -3.19584e-06 -6.91932e-10 3.01754e-10 3.19584e-06 0.997204 2.18814e-05 8.41294e-06 -1.25205e-09 -2.18813e-05 0.994409
1.3 0.000248794 0.12903 -1.80044e-05 -2.50325e-11 1.08521e-06 -1.80044e-05 0.128669 -4.12387e-07 -1.04779e-10 4.56941e-11 4.12387e-07 0.128669 3.31356e-06 1.08549e-06 -1.89601e-10 -3.31355e-06 0.128309 -0.000139536 -1.94005e-10 8.4105e-06 -0.000139536 0.997203 -3.19605e-06 -8.1205e-10 3.54135e-10 3.19605e-06 0.997203 2.56805e-05 8.41268e-06 -1.46943e-09 -2.56804e-05 0.994409
1.4 0.000267929 0.12902 -2.08791e-05 -2.90273e-11 1.08508e-06 -2.08791e-05 0.128659 -4.12383e-07 -1.21507e-10 5.2989e-11 4.12383e-07 0.128659 3.84268e-06 1.08536e-06 -2.19876e-10 -3.84266e-06 0.128298 -0.000161829 -2.24984e-10 8.41021e-06 -0.000161829 0.997203 -3.19628e-06 -9.41774e-10 4.10705e-10 3.19628e-06 0.997203 2.97837e-05 8.4124e-06 -1.70421e-09 -2.97835e-05 0.994408
1.5 0.000287062 0.129008 -2.39663e-05 -3.33168e-11 1.08495e-06 -2.39663e-05 0.128647 -4.12379e-07 -1.39471e-10 6.08224e-11 4.12379e-07 0.128647 4.4109e-06 1.08523e-06 -2.52389e-10 -4.41088e-06 0.128287 -0.000185773 -2.58253e-10 8.40989e-06 -0.000185773 0.997203 -3.19653e-06 -1.0811e-09 4.71462e-10 3.19653e-06 0.997203 3.41908e-05 8.4121e-06 -1.95638e-09 -3.41907e-05 0.994408
1.6 0.000306195 0.128996 -2.72658e-05 -3.79005e-11 1.0848e-06 -2.72658e-05 0.128635 -4.12375e-07 -1.5867e-10 6.91943e-11 4.12375e-07 0.128635 5.01822e-06 1.08509e-06 -2.87139e-10 -5.01819e-06 0.128275 -0.000211369 -2.93811e-10 8.40955e-06 -0.000211369 0.997203 -3.1968e-06 -1.23004e-09 5.36406e-10 3.1968e-06 0.997203 3.8902e-05 8.41178e-06 -2.22595e-09 -3.89019e-05 0.994408
1.7 0.000325327 0.128983 -3.07775e-05 -4.27781e-11 1.08464e-06 -3.07775e-05 0.128622 -4.12371e-07 -1.79104e-10 7.81041e-11 4.12371e-07 0.128622 5.6646e-06 1.08493e-06 -3.24125e-10 -5.66457e-06 0.128262 -0.000238616 -3.31656e-10 8.40919e-06 -0.000238616 0.997203 -3.19709e-06 -1.38858e-09 6.05536e-10 3.19709e-06 0.997203 4.39173e-05 8.41144e-06 -2.51292e-09 -4.39171e-05 0.994407
1.8 0.000344457 0.12897 -3.45013e-05 -4.79495e-11 1.08448e-06 -3.45013e-05 0.128609 -4.12366e-07 -2.0077e-10 8.75514e-11 4.12366e-07 0.128609 6.35004e-06 1.08477e-06 -3.63345e-10 -6.35001e-06 0.128248 -0.000267514 -3.71789e-10 8.4088e-06 -0.000267515 0.997202 -3.19739e-06 -1.55672e-09 6.78853e-10 3.19739e-06 0.997202 4.92367e-05 8.41107e-06 -2.81729e-09 -4.92365e-05 0.994407
1.9 0.000363587 0.128955 -3.84369e-05 -5.34141e-11 1.08431e-06 -3.8437e-05 0.128594 -4.12361e-07 -2.23669e-10 9.75358e-11 4.12361e-07 0.128594 7.07451e-06 1.0846e-06 -4.04798e-10 -7.07448e-06 0.128234 -0.000298064 -4.14206e-10 8.4084e-06 -0.000298064 0.997202 -3.19771e-06 -1.73447e-09 7.56354e-10 3.19771e-06 0.997202 5.48602e-05 8.41069e-06 -3.13906e-09 -5.486e-05 0.994406
2 0.000382716 0.12894 -4.25844e-05 -5.91716e-11 1.08412e-06 -4.25844e-05 0.128579 -4.12356e-07 -2.47799e-10 1.08057e-10 4.12356e-07 0.128579 7.83799e-06 1.08442e-06 -4.48483e-10 -7.83795e-06 0.128219 -0.000330265 -4.58908e-10 8.40797e-06 -0.000330265 0.997202 -3.19804e-06 -1.92181e-09 8.3804e-10 3.19804e-06 0.997202 6.07879e-05 8.41028e-06 -3.47823e-09 -6.07876e-05 0.994406
2.1 0.000401843 0.128924 -4.69436e-05 -6.52216e-11 1.08393e-06 -4.69436e-05 0.128563 -4.1235e-07 -2.73159e-10 1.19114e-10 4.1235e-07 0.128563 8.64045e-06 1.08423e-06 -4.94398e-10 -8.64041e-06 0.128203 -0.000364118 -5.05892e-10 8.40752e-06 -0.000364118 0.997202 -3.1984e-06 -2.11876e-09 9.2391e-10 3.1984e-06 0.997201 6.70197e-05 8.40986e-06 -3.8348e-09 -6.70194e-05 0.994405
2.2 0.000420969 0.128907 -5.15142e-05 -7.15638e-11 1.08373e-06 -5.15142e-05 0.128546 -4.12344e-07 -2.99749e-10 1.30707e-10 4.12344e-07 0.128546 9.48188e-06 1.08403e-06 -5.42542e-10 -9.48183e-06 0.128186 -0.000399622 -5.55157e-10 8.40705e-06 -0.000399622 0.997201 -3.19877e-06 -2.32531e-09 1.01396e-09 3.19877e-06 0.997201 7.35558e-05 8.40941e-06 -4.20878e-09 -7.35554e-05 0.994405
2.3 0.000440094 0.12889 -5.62961e-05 -7.81977e-11 1.08352e-06 -5.62961e-05 0.128529 -4.12338e-07 -3.27567e-10 1.42835e-10 4.12338e-07 0.128529 1.03622e-05 1.08383e-06 -5.92914e-10 -1.03622e-05 0.128168 -0.000436778 -6.06702e-10 8.40655e-06 -0.000436778 0.997201 -3.19915e-06 -2.54145e-09 1.1082e-09 3.19915e-06 0.997201 8.03961e-05 8.40895e-06 -4.60016e-09 -8.03957e-05 0.994404
2.4 0.000459218 0.128871 -6.12892e-05 -8.51228e-11 1.0833e-06 -6.12892e-05 0.128511 -4.12332e-07 -3.56612e-10 1.55498e-10 4.12332e-07 0.128511 1.12815e-05 1.08361e-06 -6.45511e-10 -1.12814e-05 0.12815 -0.000475584 -6.60525e-10 8.40604e-06 -0.000475584 0.9972 -3.19956e-06 -2.76719e-09 1.20661e-09 3.19956e-06 0.9972 8.75406e-05 8.40846e-06 -5.00896e-09 -8.75402e-05 0.994403
2.5 0.00047834 0.128852 -6.64933e-05 -9.23387e-11 1.08307e-06 -6.64933e-05 0.128492 -4.12325e-07 -3.86883e-10 1.68695e-10 4.12325e-07 0.128492 1.22396e-05 1.08338e-06 -7.00333e-10 -1.22396e-05 0.128131 -0.000516043 -7.16624e-10 8.4055e-06 -0.000516043 0.9972 -3.19998e-06 -3.00253e-09 1.30921e-09 3.19998e-06 0.9972 9.49895e-05 8.40795e-06 -5.43516e-09 -9.4989e-05 0.994403
2.6 0.000497461 0.128832 -7.19082e-05 -9.98449e-11 1.08283e-06 -7.19082e-05 0.128472 -4.12318e-07 -4.18379e-10 1.82425e-10 4.12318e-07 0.128472 1.32366e-05 1.08315e-06 -7.57377e-10 -1.32365e-05 0.128111 -0.000558153 -7.74998e-10 8.40494e-06 -0.000558153 0.9972 -3.20042e-06 -3.24747e-09 1.41598e-09 3.20042e-06 0.9972 0.000102743 8.40742e-06 -5.87877e-09 -0.000102742 0.994402
2.7 0.00051658 0.128812 -7.75336e-05 -1.07641e-10 1.08258e-06 -7.75336e-05 0.128451 -4.12311e-07 -4.51098e-10 1.96688e-10 4.12311e-07 0.128451 1.42724e-05 1.0829e-06 -8.16641e-10 -1.42723e-05 0.128091 -0.000601914 -8.35645e-10 8.40436e-06 -0.000601914 0.997199 -3.20088e-06 -3.50199e-09 1.52694e-09 3.20088e-06 0.997199 0.0001108 8.40687e-06 -6.3398e-09 -0.0001108 0.994401
2.8 0.000535698 0.12879 -8.33695e-05 -1.15726e-10 1.08232e-06 -8.33695e-05 0.12843 -4.12303e-07 -4.85039e-10 2.11483e-10 4.12303e-07 0.12843 1.5347e-05 1.08265e-06 -8.78124e-10 -1.53469e-05 0.128069 -0.000647327 -8.98562e-10 8.40376e-06 -0.000647327 0.997199 -3.20135e-06 -3.76611e-09 1.64207e-09 3.20135e-06 0.997199 0.000119162 8.4063e-06 -6.81824e-09 -0.000119162 0.994401
2.9 0.000554814 0.128768 -8.94155e-05 -1.241e-10 1.08206e-06 -8.94155e-05 0.128407 -4.12296e-07 -5.202e-10 2.26809e-10 4.12296e-07 0.128407 1.64603e-05 1.08239e-06 -9.41824e-10 -1.64602e-05 0.128047 -0.000694391 -9.63748e-10 8.40313e-06 -0.000694391 0.997199 -3.20184e-06 -4.03982e-09 1.76138e-09 3.20184e-06 0.997198 0.000127829 8.40571e-06 -7.31411e-09 -0.000127828 0.9944
3 0.000573928 0.128745 -9.56715e-05 -1.32762e-10 1.08178e-06 -9.56715e-05 0.128384 -4.12288e-07 -5.56581e-10 2.42666e-10 4.12287e-07 0.128384 1.76123e-05 1.08212e-06 -1.00774e-09 -1.76122e-05 0.128024 -0.000743107 -1.0312e-09 8.40248e-06 -0.000743107 0.997198 -3.20235e-06 -4.32312e-09 1.88486e-09 3.20235e-06 0.997198 0.0001368 8.4051e-06 -7.82739e-09 -0.000136799 0.994399
3.1 0.00059304 0.128721 -0.000102137 -1.41712e-10 1.08149e-06 -0.000102137 0.128361 -4.12279e-07 -5.94179e-10 2.59054e-10 4.12279e-07 0.128361 1.8803e-05 1.08184e-06 -1.07587e-09 -1.88029e-05 0.128 -0.000793474 -1.10092e-09 8.40181e-06 -0.000793474 0.997198 -3.20288e-06 -4.61601e-09 2.01251e-09 3.20288e-06 0.997197 0.000146075 8.40447e-06 -8.35809e-09 -0.000146074 0.994398
3.2 0.000612151 0.128697 -0.000108812 -1.50949e-10 1.0812e-06 -0.000108812 0.128336 -4.12271e-07 -6.32993e-10 2.7597e-10 4.1227e-07 0.128336 2.00324e-05 1.08155e-06 -1.1462e-09 -2.00323e-05 0.127976 -0.000845493 -1.1729e-09 8.40112e-06 -0.000845493 0.997197 -3.20342e-06 -4.91848e-09 2.14434e-09 3.20342e-06 0.997197 0.000155655 8.40381e-06 -8.90621e-09 -0.000155654 0.994397
3.3 0.00063126 0.128672 -0.000115697 -1.60472e-10 1.08089e-06 -0.000115697 0.128311 -4.12262e-07 -6.73022e-10 2.93415e-10 4.12262e-07 0.128311 2.13003e-05 1.08125e-06 -1.21875e-09 -2.13002e-05 0.127951 -0.000899164 -1.24714e-09 8.40041e-06 -0.000899164 0.997197 -3.20398e-06 -5.23054e-09 2.28034e-09 3.20398e-06 0.997196 0.00016554 8.40314e-06 -9.47176e-09 -0.000165539 0.994396
3.4 0.000650367 0.128646 -0.00012279 -1.7028e-10 1.08058e-06 -0.00012279 0.128285 -4.12253e-07 -7.14263e-10 3.11388e-10 4.12252e-07 0.128285 2.26068e-05 1.08094e-06 -1.2935e-09 -2.26067e-05 0.127925 -0.000954486 -1.32364e-09 8.39968e-06 -0.000954486 0.997196 -3.20456e-06 -5.55218e-09 2.42051e-09 3.20456e-06 0.997196 0.000175729 8.40245e-06 -1.00547e-08 -0.000175728 0.994396
3.5 0.000669472 0.128619 -0.000130093 -1.80374e-10 1.08026e-06 -0.000130093 0.128258 -4.12243e-07 -7.56716e-10 3.29888e-10 4.12243e-07 0.128258 2.39518e-05 1.08062e-06 -1.37045e-09 -2.39517e-05 0.127898 -0.00101146 -1.40239e-09 8.39892e-06 -0.00101146 0.997196 -3.20516e-06 -5.8834e-09 2.56485e-09 3.20515e-06 0.997195 0.000186223 8.40173e-06 -1.06552e-08 -0.000186222 0.994395
3.6 0.000688575 0.128591 -0.000137603 -1.90752e-10 1.07993e-06 -0.000137603 0.12823 -4.12233e-07 -8.00377e-10 3.48913e-10 4.12233e-07 0.12823 2.53353e-05 1.08029e-06 -1.44961e-09 -2.53352e-05 0.12787 -0.00107009 -1.4834e-09 8.39814e-06 -0.00107009 0.997195 -3.20577e-06 -6.2242e-09 2.71335e-09 3.20577e-06 0.997195 0.000197022 8.40099e-06 -1.1273e-08 -0.000197021 0.994394
3.7 0.000707676 0.128563 -0.000145322 -2.01414e-10 1.07959e-06 -0.000145322 0.128202 -4.12223e-07 -8.45246e-10 3.68464e-10 4.12223e-07 0.128202 2.67572e-05 1.07996e-06 -1.53096e-09 -2.67571e-05 0.127842 -0.00113036 -1.56666e-09 8.39734e-06 -0.00113036 0.997195 -3.2064e-06 -6.57458e-09 2.86603e-09 3.2064e-06 0.997194 0.000208126 8.40024e-06 -1.19083e-08 -0.000208125 0.994393
3.8 0.000726775 0.128534 -0.000153249 -2.12358e-10 1.07923e-06 -0.000153249 0.128173 -4.12213e-07 -8.91321e-10 3.88539e-10 4.12213e-07 0.128173 2.82175e-05 1.07961e-06 -1.61451e-09 -2.82174e-05 0.127813 -0.00119229 -1.65216e-09 8.39652e-06 -0.00119229 0.997194 -3.20705e-06 -6.93454e-09 3.02286e-09 3.20704e-06 0.997194 0.000219534 8.39946e-06 -1.2561e-08 -0.000219533 0.994392
3.9 0.000745871 0.128504 -0.000161384 -2.23585e-10 1.07888e-06 -0.000161384 0.128143 -4.12203e-07 -9.386e-10 4.09138e-10 4.12202e-07 0.128143 2.97162e-05 1.07926e-06 -1.70025e-09 -2.97161e-05 0.127783 -0.00125587 -1.73991e-09 8.39568e-06 -0.00125587 0.997194 -3.20771e-06 -7.30407e-09 3.18386e-09 3.20771e-06 0.997193 0.000231248 8.39866e-06 -1.32312e-08 -0.000231247 0.994391
4 0.000764965 0.128473 -0.000169726 -2.35094e-10 1.07851e-06 -0.000169726 0.128112 -4.12192e-07 -9.8708e-10 4.30259e-10 4.12191e-07 0.128112 3.12532e-05 1.0789e-06 -1.78819e-09 -3.1253e-05 0.127752 -0.0013211 -1.82991e-09 8.39481e-06 -0.0013211 0.997193 -3.20839e-06 -7.68317e-09 3.34902e-09 3.20839e-06 0.997192 0.000243266 8.39784e-06 -1.39188e-08 -0.000243265 0.994389
4.1 0.000784057 0.128442 -0.000178275 -2.46883e-10 1.07813e-06 -0.000178275 0.128081 -4.12181e-07 -1.03676e-09 4.51901e-10 4.1218e-07 0.128081 3.28283e-05 1.07852e-06 -1.87831e-09 -3.28282e-05 0.127721 -0.00138799 -1.92214e-09 8.39392e-06 -0.00138799 0.997192 -3.20909e-06 -8.07184e-09 3.51834e-09 3.20909e-06 0.997191 0.00025559 8.397e-06 -1.46238e-08 -0.000255589 0.994388
4.2 0.000803147 0.128409 -0.000187031 -2.58951e-10 1.07774e-06 -0.000187031 0.128049 -4.12169e-07 -1.08764e-09 4.74064e-10 4.12169e-07 0.128049 3.44417e-05 1.07814e-06 -1.97061e-09 -3.44416e-05 0.127689 -0.00145652 -2.01661e-09 8.39301e-06 -0.00145652 0.997192 -3.20981e-06 -8.47008e-09 3.69182e-09 3.20981e-06 0.997191 0.000268218 8.39614e-06 -1.53463e-08 -0.000268217 0.994387
4.3 0.000822234 0.128376 -0.000195993 -2.71299e-10 1.07734e-06 -0.000195993 0.128016 -4.12157e-07 -1.13971e-09 4.96746e-10 4.12157e-07 0.128016 3.60933e-05 1.07775e-06 -2.0651e-09 -3.60931e-05 0.127656 -0.00152671 -2.11331e-09 8.39208e-06 -0.00152671 0.997191 -3.21054e-06 -8.87789e-09 3.86945e-09 3.21054e-06 0.99719 0.000281152 8.39526e-06 -1.60863e-08 -0.000281151 0.994386
4.4 0.000841318 0.128343 -0.000205162 -2.83925e-10 1.07694e-06 -0.000205162 0.127982 -4.12145e-07 -1.19298e-09 5.19947e-10 4.12145e-07 0.127982 3.77829e-05 1.07735e-06 -2.16176e-09 -3.77827e-05 0.127622 -0.00159855 -2.21225e-09 8.39113e-06 -0.00159855 0.997191 -3.21129e-06 -9.29526e-09 4.05124e-09 3.21129e-06 0.997189 0.000294391 8.39436e-06 -1.68437e-08 -0.00029439 0.994385
4.5 0.0008604 0.128308 -0.000214536 -2.96829e-10 1.07652e-06 -0.000214536 0.127947 -4.12133e-07 -1.24744e-09 5.43665e-10 4.12133e-07 0.127947 3.95106e-05 1.07695e-06 -2.2606e-09 -3.95104e-05 0.127587 -0.00167204 -2.31341e-09 8.39015e-06 -0.00167204 0.99719 -3.21206e-06 -9.7222e-09 4.23718e-09 3.21206e-06 0.997189 0.000307935 8.39344e-06 -1.76186e-08 -0.000307934 0.994383
4.6 0.00087948 0.128273 -0.000224116 -3.10009e-10 1.0761e-06 -0.000224116 0.127912 -4.12121e-07 -1.30308e-09 5.67899e-10 4.1212e-07 0.127912 4.12762e-05 1.07653e-06 -2.36162e-09 -4.1276e-05 0.127552 -0.00174718 -2.4168e-09 8.38915e-06 -0.00174718 0.99719 -3.21285e-06 -1.01587e-08 4.42728e-09 3.21284e-06 0.997188 0.000321785 8.3925e-06 -1.84109e-08 -0.000321783 0.994382
4.7 0.000898556 0.128237 -0.000233901 -3.23465e-10 1.07567e-06 -0.000233901 0.127876 -4.12108e-07 -1.35992e-09 5.92648e-10 4.12107e-07 0.127876 4.30798e-05 1.0761e-06 -2.4648e-09 -4.30796e-05 0.127516 -0.00182398 -2.5224e-09 8.38814e-06 -0.00182398 0.997189 -3.21365e-06 -1.06047e-08 4.62152e-09 3.21365e-06 0.997187 0.00033594 8.39153e-06 -1.92207e-08 -0.000335938 0.994381
4.8 0.00091763 0.1282 -0.00024389 -3.37195e-10 1.07522e-06 -0.00024389 0.127839 -4.12095e-07 -1.41794e-09 6.17911e-10 4.12094e-07 0.127839 4.49212e-05 1.07567e-06 -2.57015e-09 -4.4921e-05 0.127479 -0.00190242 -2.63023e-09 8.38709e-06 -0.00190242 0.997188 -3.21447e-06 -1.10604e-08 4.81991e-09 3.21447e-06 0.997186 0.0003504 8.39055e-06 -2.0048e-08 -0.000350398 0.994379
4.9 0.000936701 0.128162 -0.000254084 -3.51199e-10 1.07477e-06 -0.000254084 0.127802 -4.12081e-07 -1.47714e-09 6.43688e-10 4.12081e-07 0.127802 4.68005e-05 1.07522e-06 -2.67766e-09 -4.68003e-05 0.127442 -0.00198252 -2.74027e-09 8.38603e-06 -0.00198252 0.997187 -3.21531e-06 -1.15255e-08 5.02244e-09 3.2153e-06 0.997185 0.000365166 8.38955e-06 -2.08927e-08 -0.000365164 0.994378
5 0.00095577 0.128124 -0.000264482 -3.65476e-10 1.07431e-06 -0.000264482 0.127763 -4.12068e-07 -1.53752e-09 6.69975e-10 4.12067e-07 0.127763 4.87175e-05 1.07477e-06 -2.78733e-09 -4.87173e-05 0.127403 -0.00206427 -2.85252e-09 8.38495e-06 -0.00206427 0.997187 -3.21616e-06 -1.20002e-08 5.22912e-09 3.21616e-06 0.997184 0.000380238 8.38852e-06 -2.17549e-08 -0.000380236 0.994377
5.1 0.000974835 0.128085 -0.000275084 -3.80025e-10 1.07384e-06 -0.000275084 0.127724 -4.12054e-07 -1.59907e-09 6.96774e-10 4.12053e-07 0.127724 5.06722e-05 1.07431e-06 -2.89915e-09 -5.0672e-05 0.127364 -0.00214767 -2.96698e-09 8.38384e-06 -0.00214767 0.997186 -3.21704e-06 -1.24845e-08 5.43994e-09 3.21703e-06 0.997184 0.000395615 8.38747e-06 -2.26346e-08 -0.000395613 0.994375
5.2 0.000993897 0.128045 -0.000285889 -3.94844e-10 1.07336e-06 -0.000285889 0.127685 -4.12039e-07 -1.6618e-09 7.24081e-10 4.12039e-07 0.127684 5.26646e-05 1.07384e-06 -3.01313e-09 -5.26643e-05 0.127325 -0.00223273 -3.08364e-09 8.38271e-06 -0.00223273 0.997185 -3.21793e-06 -1.29783e-08 5.6549e-09 3.21792e-06 0.997183 0.000411298 8.38641e-06 -2.35318e-08 -0.000411296 0.994374
5.3 0.00101296 0.128004 -0.000296897 -4.09934e-10 1.07288e-06 -0.000296897 0.127644 -4.12025e-07 -1.72571e-09 7.51896e-10 4.12024e-07 0.127644 5.46945e-05 1.07336e-06 -3.12926e-09 -5.46942e-05 0.127284 -0.00231943 -3.2025e-09 8.38156e-06 -0.00231943 0.997184 -3.21883e-06 -1.34816e-08 5.87399e-09 3.21883e-06 0.997182 0.000427287 8.38532e-06 -2.44465e-08 -0.000427284 0.994372
5.4 0.00103201 0.127963 -0.000308108 -4.25292e-10 1.07238e-06 -0.000308108 0.127603 -4.1201e-07 -1.79078e-09 7.80218e-10 4.12009e-07 0.127602 5.67619e-05 1.07287e-06 -3.24753e-09 -5.67617e-05 0.127243 -0.00240779 -3.32356e-09 8.38039e-06 -0.00240779 0.997184 -3.21976e-06 -1.39945e-08 6.09722e-09 3.21975e-06 0.997181 0.000443581 8.38421e-06 -2.53786e-08 -0.000443579 0.99437
5.5 0.00105107 0.127921 -0.000319521 -4.40919e-10 1.07187e-06 -0.000319521 0.12756 -4.11995e-07 -1.85702e-09 8.09046e-10 4.11994e-07 0.12756 5.88668e-05 1.07237e-06 -3.36794e-09 -5.88665e-05 0.1272 -0.0024978 -3.44681e-09 8.3792e-06 -0.0024978 0.997183 -3.2207e-06 -1.4517e-08 6.32459e-09 3.2207e-06 0.99718 0.000460182 8.38308e-06 -2.63283e-08 -0.000460179 0.994369
5.6 0.00107012 0.127878 -0.000331135 -4.56812e-10 1.07136e-06 -0.000331135 0.127518 -4.11979e-07 -1.92442e-09 8.38377e-10 4.11978e-07 0.127517 6.1009e-05 1.07186e-06 -3.49048e-09 -6.10087e-05 0.127158 -0.00258946 -3.57225e-09 8.37798e-06 -0.00258946 0.997182 -3.22166e-06 -1.50489e-08 6.55608e-09 3.22165e-06 0.997179 0.000477088 8.38193e-06 -2.72955e-08 -0.000477086 0.994367
5.7 0.00108916 0.127834 -0.000342951 -4.7297e-10 1.07083e-06 -0.000342951 0.127474 -4.11963e-07 -1.99299e-09 8.68212e-10 4.11962e-07 0.127473 6.31886e-05 1.07135e-06 -3.61517e-09 -6.31883e-05 0.127114 -0.00268278 -3.69987e-09 8.37675e-06 -0.00268278 0.997181 -3.22264e-06 -1.55904e-08 6.7917e-09 3.22263e-06 0.997177 0.000494301 8.38077e-06 -2.82801e-08 -0.000494299 0.994365
5.8 0.00110821 0.12779 -0.000354967 -4.89394e-10 1.0703e-06 -0.000354967 0.127429 -4.11947e-07 -2.06271e-09 8.98547e-10 4.11946e-07 0.127429 6.54054e-05 1.07082e-06 -3.74198e-09 -6.54051e-05 0.12707 -0.00277774 -3.82968e-09 8.37549e-06 -0.00277774 0.99718 -3.22363e-06 -1.61414e-08 7.03145e-09 3.22363e-06 0.997176 0.00051182 8.37957e-06 -2.92823e-08 -0.000511818 0.994364
5.9 0.00112725 0.127745 -0.000367184 -5.06081e-10 1.06976e-06 -0.000367184 0.127384 -4.11931e-07 -2.13359e-09 9.29382e-10 4.1193e-07 0.127384 6.76593e-05 1.07029e-06 -3.87091e-09 -6.7659e-05 0.127024 -0.00287436 -3.96166e-09 8.37421e-06 -0.00287436 0.99718 -3.22464e-06 -1.6702e-08 7.27532e-09 3.22464e-06 0.997175 0.000529645 8.37836e-06 -3.03019e-08 -0.000529643 0.994362
6 0.00172656 0.127699 -0.000379601 -5.2303e-10 1.06921e-06 -0.000379601 0.127338 -4.11914e-07 -2.20562e-09 9.60716e-10 4.11913e-07 0.127338 6.99504e-05 1.06975e-06 -4.00197e-09 -6.995e-05 0.126978 -0.00297263 -4.09581e-09 8.3729e-06 -0.00297263 0.997179 -3.22567e-06 -1.72721e-08 7.52331e-09 3.22567e-06 0.997174 0.000547777 8.37713e-06 -3.13391e-08 -0.000547774 0.99436
6.2 0.00236869 0.127605 -0.000405033 -5.57711e-10 1.06808e-06 -0.000405033 0.127244 -4.1188e-07 -2.35313e-09 1.02487e-09 4.11879e-07 0.127244 7.46435e-05 1.06864e-06 -4.27042e-09 -7.46431e-05 0.126884 -0.00317413 -4.37062e-09 8.37024e-06 -0.00317413 0.997177 -3.22779e-06 -1.84408e-08 8.03164e-09 3.22778e-06 0.997172 0.00058496 8.37461e-06 -3.34661e-08 -0.000584957 0.994356
6.4 0.00244479 0.127507 -0.00043126 -5.93427e-10 1.06692e-06 -0.00043126 0.127147 -4.11845e-07 -2.50521e-09 1.09101e-09 4.11843e-07 0.127146 7.94841e-05 1.06749e-06 -4.54731e-09 -7.94837e-05 0.126787 -0.00338223 -4.65406e-09 8.36748e-06 -0.00338223 0.997175 -3.22997e-06 -1.96476e-08 8.55642e-09 3.22996e-06 0.997169 0.000623369 8.372e-06 -3.56631e-08 -0.000623366 0.994352
6.6 0.00252085 0.127407 -0.000458278 -6.3017e-10 1.06572e-06 -0.000458278 0.127047 -4.11808e-07 -2.66185e-09 1.15911e-09 4.11806e-07 0.127046 8.44717e-05 1.06631e-06 -4.8326e-09 -8.44712e-05 0.126687 -0.00359695 -4.9461e-09 8.36463e-06 -0.00359695 0.997173 -3.23222e-06 -2.08924e-08 9.09764e-09 3.2322e-06 0.997166 0.000663005 8.36931e-06 -3.79303e-08 -0.000663002 0.994348
6.8 0.00259689 0.127304 -0.000486082 -6.67928e-10 1.06448e-06 -0.000486082 0.126944 -4.1177e-07 -2.82301e-09 1.22915e-09 4.11768e-07 0.126943 8.96054e-05 1.0651e-06 -5.12625e-09 -8.9605e-05 0.126584 -0.00381827 -5.24671e-09 8.3617e-06 -0.00381827 0.997171 -3.23454e-06 -2.21753e-08 9.65526e-09 3.23452e-06 0.997164 0.000703869 8.36654e-06 -4.02677e-08 -0.000703865 0.994344
7 0.00267289 0.127198 -0.00051467 -7.06692e-10 1.06321e-06 -0.00051467 0.126838 -4.11731e-07 -2.98866e-09 1.30114e-09 4.11729e-07 0.126837 9.48849e-05 1.06384e-06 -5.42822e-09 -9.48844e-05 0.126478 -0.00404621 -5.55584e-09 8.35869e-06 -0.00404621 0.997169 -3.23693e-06 -2.34961e-08 1.02293e-08 3.23691e-06 0.997161 0.000745962 8.36369e-06 -4.26753e-08 -0.000745958 0.994339
7.2 0.00274886 0.127089 -0.000544036 -7.46452e-10 1.0619e-06 -0.000544036 0.126729 -4.11691e-07 -3.15879e-09 1.37506e-09 4.11689e-07 0.126728 0.000100309 1.06256e-06 -5.73847e-09 -0.000100309 0.126369 -0.00428075 -5.87346e-09 8.35558e-06 -0.00428075 0.997167 -3.23939e-06 -2.4855e-08 1.08196e-08 3.23937e-06 0.997158 0.000789284 8.36075e-06 -4.51532e-08 -0.00078928 0.994335
7.4 0.0028248 0.126977 -0.000574178 -7.87196e-10 1.06056e-06 -0.000574178 0.126617 -4.11649e-07 -3.33336e-09 1.45088e-09 4.11647e-07 0.126616 0.000105878 1.06124e-06 -6.05697e-09 -0.000105877 0.126257 -0.0045219 -6.19952e-09 8.35239e-06 -0.00452191 0.997165 -3.24192e-06 -2.62517e-08 1.14263e-08 3.2419e-06 0.997154 0.000833836 8.35773e-06 -4.77014e-08 -0.000833832 0.99433
7.6 0.00290071 0.126862 -0.000605089 -8.28913e-10 1.05918e-06 -0.000605089 0.126502 -4.11607e-07 -3.51235e-09 1.5286e-09 4.11604e-07 0.1265 0.00011159 1.05988e-06 -6.38368e-09 -0.00011159 0.126142 -0.00476967 -6.53398e-09 8.34911e-06 -0.00476967 0.997163 -3.24453e-06 -2.76864e-08 1.20493e-08 3.2445e-06 0.997151 0.000879619 8.35463e-06 -5.03199e-08 -0.000879615 0.994325
7.8 0.00297657 0.126744 -0.000636767 -8.71593e-10 1.05777e-06 -0.000636767 0.126384 -4.11563e-07 -3.69573e-09 1.60821e-09 4.11559e-07 0.126382 0.000117445 1.0585e-06 -6.71854e-09 -0.000117445 0.126024 -0.00502404 -6.8768e-09 8.34575e-06 -0.00502404 0.997161 -3.2472e-06 -2.9159e-08 1.26886e-08 3.24717e-06 0.997147 0.000926634 8.35145e-06 -5.30088e-08 -0.000926629 0.994319
8 0.00305241 0.126623 -0.000669206 -9.15224e-10 1.05633e-06 -0.000669206 0.126263 -4.11517e-07 -3.88346e-09 1.68968e-09 4.11514e-07 0.126261 0.000123442 1.05707e-06 -7.06153e-09 -0.000123442 0.125903 -0.00528503 -7.22794e-09 8.3423e-06 -0.00528503 0.997158 -3.24994e-06 -3.06694e-08 1.33442e-08 3.24991e-06 0.997144 0.000974881 8.34819e-06 -5.57681e-08 -0.000974876 0.994314
8.2 0.0031282 0.126499 -0.000702403 -9.59793e-10 1.05485e-06 -0.000702403 0.126139 -4.11471e-07 -4.07552e-09 1.773e-09 4.11467e-07 0.126137 0.000129581 1.05562e-06 -7.41259e-09 -0.00012958 0.125779 -0.00555262 -7.58734e-09 8.33876e-06 -0.00555262 0.997156 -3.25275e-06 -3.22177e-08 1.40159e-08 3.25272e-06 0.99714 0.00102436 8.34484e-06 -5.85979e-08 -0.00102436 0.994308
8.4 0.00320396 0.126372 -0.000736351 -1.00529e-09 1.05333e-06 -0.000736351 0.126013 -4.11423e-07 -4.27187e-09 1.85817e-09 4.11419e-07 0.126011 0.00013586 1.05413e-06 -7.77169e-09 -0.00013586 0.125652 -0.00582683 -7.95497e-09 8.33514e-06 -0.00582683 0.997154 -3.25564e-06 -3.38038e-08 1.47039e-08 3.2556e-06 0.997136 0.00107508 8.34142e-06 -6.14983e-08 -0.00107507 0.994302
8.6 0.00327968 0.126243 -0.000771047 -1.0517e-09 1.05178e-06 -0.000771047 0.125883 -4.11374e-07 -4.47249e-09 1.94515e-09 4.11369e-07 0.125881 0.000142279 1.0526e-06 -8.13877e-09 -0.000142278 0.125523 -0.00610765 -8.33077e-09 8.33143e-06 -0.00610765 0.997151 -3.25859e-06 -3.54277e-08 1.5408e-08 3.25855e-06 0.997132 0.00112703 8.33791e-06 -6.44691e-08 -0.00112702 0.994296
8.8 0.00335535 0.12611 -0.000806485 -1.09901e-09 1.0502e-06 -0.000806485 0.125751 -4.11323e-07 -4.67734e-09 2.03394e-09 4.11318e-07 0.125748 0.000148837 1.05104e-06 -8.51378e-09 -0.000148836 0.12539 -0.00639508 -8.7147e-09 8.32763e-06 -0.00639508 0.997149 -3.26162e-06 -3.70893e-08 1.61283e-08 3.26157e-06 0.997127 0.00118021 8.33432e-06 -6.75106e-08 -0.00118021 0.99429
9 0.00343099 0.125975 -0.00084266 -1.14722e-09 1.04858e-06 -0.000842661 0.125615 -4.11271e-07 -4.88639e-09 2.12452e-09 4.11266e-07 0.125612 0.000155533 1.04945e-06 -8.89669e-09 -0.000155533 0.125255 -0.00668912 -9.10671e-09 8.32375e-06 -0.00668912 0.997146 -3.26471e-06 -3.87887e-08 1.68646e-08 3.26467e-06 0.997123 0.00123464 8.33064e-06 -7.06228e-08 -0.00123463 0.994283
9.2 0.00350659 0.125836 -0.000879568 -1.19629e-09 1.04693e-06 -0.000879568 0.125477 -4.11218e-07 -5.09961e-09 2.21687e-09 4.11212e-07 0.125474 0.000162367 1.04783e-06 -9.28745e-09 -0.000162366 0.125116 -0.00698977 -9.50674e-09 8.31978e-06 -0.00698977 0.997143 -3.26788e-06 -4.05257e-08 1.7617e-08 3.26783e-06 0.997118 0.0012903 8.32689e-06 -7.38057e-08 -0.00129029 0.994276
9.4 0.00358214 0.125695 -0.000917203 -1.24624e-09 1.04525e-06 -0.000917203 0.125336 -4.11164e-07 -5.31696e-09 2.31097e-09 4.11157e-07 0.125332 0.000169337 1.04617e-06 -9.68599e-09 -0.000169336 0.124975 -0.00729704 -9.91474e-09 8.31573e-06 -0.00729704 0.997141 -3.27112e-06 -4.23004e-08 1.83855e-08 3.27106e-06 0.997113 0.0013472 8.32306e-06 -7.70593e-08 -0.00134719 0.994269
9.6 0.00365765 0.125551 -0.00095556 -1.29703e-09 1.04353e-06 -0.00095556 0.125192 -4.11108e-07 -5.53841e-09 2.40681e-09 4.11101e-07 0.125188 0.000176442 1.04448e-06 -1.00923e-08 -0.000176441 0.124831 -0.00761092 -1.03307e-08 8.31159e-06 -0.00761092 0.997138 -3.27443e-06 -4.41128e-08 1.91699e-08 3.27437e-06 0.997107 0.00140534 8.31914e-06 -8.03838e-08 -0.00140533 0.994261
9.8 0.00373311 0.125404 -0.000994632 -1.34865e-09 1.04178e-06 -0.000994632 0.125045 -4.11051e-07 -5.76392e-09 2.50437e-09 4.11043e-07 0.125041 0.000183683 1.04275e-06 -1.05063e-08 -0.000183682 0.124684 -0.00793141 -1.07544e-08 8.30736e-06 -0.00793141 0.997135 -3.27781e-06 -4.59627e-08 1.99703e-08 3.27774e-06 0.997102 0.00146472 8.31514e-06 -8.37791e-08 -0.00146472 0.994254
10 0.00380853 0.125254 -0.00103442 -1.4011e-09 1.03999e-06 -0.00103442 0.124895 -4.10992e-07 -5.99346e-09 2.60362e-09 4.10984e-07 0.124891 0.000191057 1.041e-06 -1.09279e-08 -0.000191056 0.124534 -0.00825851 -1.1186e-08 8.30305e-06 -0.00825851 0.997132 -3.28126e-06 -4.78503e-08 2.07867e-08 3.28119e-06 0.997096 0.00152535 8.31106e-06 -8.72453e-08 -0.00152534 0.994246
10.2 0.0038839 0.125102 -0.0010749 -1.45436e-09 1.03818e-06 -0.0010749 0.124743 -4.10932e-07 -6.22699e-09 2.70456e-09 4.10923e-07 0.124738 0.000198563 1.03921e-06 -1.13571e-08 -0.000198563 0.124381 -0.00859223 -1.16254e-08 8.29865e-06 -0.00859223 0.997129 -3.28478e-06 -4.97754e-08 2.16189e-08 3.28471e-06 0.99709 0.00158721 8.3069e-06 -9.07825e-08 -0.00158721 0.994238
10.4 0.00395923 0.124946 -0.00111609 -1.5084e-09 1.03633e-06 -0.00111609 0.124587 -4.10871e-07 -6.46448e-09 2.80716e-09 4.10861e-07 0.124582 0.000206202 1.03739e-06 -1.17938e-08 -0.000206201 0.124225 -0.00893256 -1.20724e-08 8.29417e-06 -0.00893256 0.997126 -3.28838e-06 -5.1738e-08 2.24669e-08 3.28829e-06 0.997084 0.00165033 8.30266e-06 -9.43907e-08 -0.00165032 0.994229
10.6 0.0040345 0.124788 -0.00115797 -1.56323e-09 1.03444e-06 -0.00115797 0.124429 -4.10808e-07 -6.70588e-09 2.91141e-09 4.10797e-07 0.124424 0.000213972 1.03554e-06 -1.2238e-08 -0.000213971 0.124067 -0.0092795 -1.25271e-08 8.2896e-06 -0.0092795 0.997123 -3.29204e-06 -5.37381e-08 2.33308e-08 3.29195e-06 0.997078 0.00171468 8.29834e-06 -9.807e-08 -0.00171467 0.99422
10.8 0.00410973 0.124627 -0.00120054 -1.61882e-09 1.03253e-06 -0.00120054 0.124268 -4.10744e-07 -6.95116e-09 3.01727e-09 4.10732e-07 0.124262 0.000221872 1.03365e-06 -1.26896e-08 -0.000221871 0.123906 -0.00963306 -1.29893e-08 8.28495e-06 -0.00963306 0.99712 -3.29578e-06 -5.57756e-08 2.42104e-08 3.29568e-06 0.997071 0.00178028 8.29394e-06 -1.0182e-07 -0.00178027 0.994211
11 0.00418491 0.124464 -0.00124379 -1.67516e-09 1.03058e-06 -0.00124379 0.124105 -4.10679e-07 -7.20029e-09 3.12474e-09 4.10666e-07 0.124098 0.000229901 1.03173e-06 -1.31486e-08 -0.0002299 0.123742 -0.00999323 -1.3459e-08 8.28021e-06 -0.00999323 0.997117 -3.29959e-06 -5.78506e-08 2.51057e-08 3.29949e-06 0.997064 0.00184713 8.28945e-06 -1.05642e-07 -0.00184712 0.994202
11.2 0.00426003 0.124297 -0.00128772 -1.73223e-09 1.0286e-06 -0.00128772 0.123938 -4.10612e-07 -7.45321e-09 3.23379e-09 4.10598e-07 0.123931 0.000238057 1.02979e-06 -1.36149e-08 -0.000238056 0.123575 -0.01036 -1.39362e-08 8.27538e-06 -0.01036 0.997113 -3.30347e-06 -5.99629e-08 2.60167e-08 3.30336e-06 0.997057 0.00191523 8.28489e-06 -1.09535e-07 -0.00191522 0.994192
11.4 0.00433511 0.124128 -0.00133231 -1.79002e-09 1.02659e-06 -0.00133231 0.123769 -4.10543e-07 -7.7099e-09 3.3444e-09 4.10528e-07 0.123761 0.000246341 1.02781e-06 -1.40884e-08 -0.00024634 0.123405 -0.0107334 -1.44208e-08 8.27047e-06 -0.0107334 0.99711 -3.30743e-06 -6.21127e-08 2.69433e-08 3.30731e-06 0.99705 0.00198458 8.28024e-06 -1.13499e-07 -0.00198457 0.994182
11.6 0.00441013 0.123956 -0.00137757 -1.84851e-09 1.02455e-06 -0.00137757 0.123597 -4.10473e-07 -7.97031e-09 3.45656e-09 4.10457e-07 0.123589 0.000254751 1.0258e-06 -1.45691e-08 -0.00025475 0.123233 -0.0111134 -1.49127e-08 8.26548e-06 -0.0111134 0.997107 -3.31145e-06 -6.42997e-08 2.78854e-08 3.31132e-06 0.997042 0.00205518 8.27552e-06 -1.17535e-07 -0.00205517 0.994171
11.8 0.0044851 0.123781 -0.00142349 -1.90769e-09 1.02248e-06 -0.00142349 0.123422 -4.10402e-07 -8.23441e-09 3.57023e-09 4.10385e-07 0.123414 0.000263285 1.02376e-06 -1.50569e-08 -0.000263284 0.123058 -0.0115001 -1.54118e-08 8.2604e-06 -0.0115001 0.997103 -3.31555e-06 -6.65241e-08 2.88431e-08 3.31541e-06 0.997034 0.00212703 8.27071e-06 -1.21642e-07 -0.00212702 0.994161
12 0.0139046 0.123603 -0.00147005 -1.96754e-09 1.02037e-06 -0.00147005 0.123245 -4.10329e-07 -8.50215e-09 3.6854e-09 4.10311e-07 0.123236 0.000271944 1.02168e-06 -1.55518e-08 -0.000271942 0.12288 -0.0118933 -1.59182e-08 8.25523e-06 -0.0118933 0.9971 -3.31972e-06 -6.87857e-08 2.98163e-08 3.31957e-06 0.997025 0.00220013 8.26582e-06 -1.2582e-07 -0.00220012 0.99415
13 0.0246683 0.122676 -0.0017124 -2.27626e-09 1.00939e-06 -0.0017124 0.122318 -4.09941e-07 -9.89402e-09 4.2829e-09 4.09916e-07 0.122305 0.000317054 1.01087e-06 -1.81299e-08 -0.000317053 0.121951 -0.0139587 -1.85551e-08 8.22814e-06 -0.0139587 0.997081 -3.34166e-06 -8.06518e-08 3.49124e-08 3.34146e-06 0.996979 0.00258449 8.24019e-06 -1.47787e-07 -0.00258448 0.994088
14 0.0265294 0.121682 -0.00196998 -2.59922e-09 9.97667e-07 -0.00196998 0.121325 -4.09514e-07 -1.13706e-08 4.91438e-09 4.09481e-07 0.121308 0.000365091 9.99323e-07 -2.08748e-08 -0.000365089 0.120954 -0.0161896 -2.13607e-08 8.19895e-06 -0.0161896 0.997061 -3.36544e-06 -9.34451e-08 4.0387e-08 3.36516e-06 0.996923 0.00300036 8.21255e-06 -1.71552e-07 -0.00300034 0.994017
15 0.0283823 0.120625 -0.00224191 -2.93422e-09 9.85224e-07 -0.00224191 0.120268 -4.09046e-07 -1.29264e-08 5.57674e-09 4.09002e-07 0.120246 0.000415903 9.87067e-07 -2.37778e-08 -0.000415901 0.119893 -0.0185858 -2.43251e-08 8.16766e-06 -0.0185858 0.997039 -3.39105e-06 -1.07162e-07 4.6232e-08 3.39069e-06 0.996858 0.0034479 8.18294e-06 -1.97121e-07 -0.00344788 0.993935
16 0.0302266 0.119506 -0.00252723 -3.27898e-09 9.72095e-07 -0.00252723 0.119149 -4.08535e-07 -1.45557e-08 6.26672e-09 4.08478e-07 0.119121 0.000469333 9.74133e-07 -2.68297e-08 -0.000469331 0.118769 -0.0211474 -2.74379e-08 8.1343e-06 -0.0211474 0.997016 -3.41854e-06 -1.21799e-07 5.24387e-08 3.41806e-06 0.996781 0.00392728 8.15135e-06 -2.24506e-07 -0.00392726 0.993839
17 0.0320617 0.118327 -0.00282497 -3.63115e-09 9.58313e-07 -0.00282497 0.11797 -4.07978e-07 -1.62526e-08 6.98087e-09 4.07907e-07 0.117935 0.000525213 9.60553e-07 -3.00211e-08 -0.000525211 0.117585 -0.0238743 -3.06875e-08 8.09889e-06 -0.0238743 0.996991 -3.4479e-06 -1.37354e-07 5.89967e-08 3.4473e-06 0.996691 0.00443868 8.11782e-06 -2.53714e-07 -0.00443866 0.99373
18 0.0338871 0.11709 -0.00313409 -3.98831e-09 9.4391e-07 -0.00313409 0.116734 -4.07375e-07 -1.80111e-08 7.71558e-09 4.07285e-07 0.11669 0.000583371 9.46358e-07 -3.3342e-08 -0.000583368 0.116341 -0.0267666 -3.4062e-08 8.06143e-06 -0.0267666 0.996964 -3.47917e-06 -1.53823e-07 6.58947e-08 3.47841e-06 0.996587 0.00498227 8.08234e-06 -2.84756e-07 -0.00498224 0.993605
19 0.0357021 0.115797 -0.00345355 -4.34799e-09 9.2892e-07 -0.00345355 0.115442 -4.06722e-07 -1.98252e-08 8.46707e-09 4.06612e-07 0.115388 0.000643625 9.31581e-07 -3.6782e-08 -0.000643622 0.11504 -0.0298242 -3.75484e-08 8.02196e-06 -0.0298242 0.996936 -3.51237e-06 -1.71206e-07 7.31199e-08 3.51142e-06 0.996468 0.00555822 8.04495e-06 -3.17642e-07 -0.00555819 0.993463
20 0.0375062 0.114451 -0.00378227 -4.70772e-09 9.13378e-07 -0.00378227 0.114097 -4.06019e-07 -2.16887e-08 9.23144e-09 4.05884e-07 0.114031 0.000705789 9.16258e-07 -4.03304e-08 -0.000705786 0.113685 -0.033047 -4.11329e-08 7.98049e-06 -0.033047 0.996905 -3.54752e-06 -1.89502e-07 8.06582e-08 3.54634e-06 0.996331 0.00616672 8.00565e-06 -3.52381e-07 -0.00616669 0.993302
21 0.0392989 0.113055 -0.00411914 -5.06499e-09 8.97322e-07 -0.00411914 0.112701 -4.05262e-07 -2.35957e-08 1.00046e-08 4.05099e-07 0.112622 0.00076967 9.00423e-07 -4.39765e-08 -0.000769666 0.112277 -0.0364349 -4.48012e-08 7.93705e-06 -0.0364349 0.996873 -3.58465e-06 -2.0871e-07 8.84936e-08 3.58321e-06 0.996175 0.00680793 7.96448e-06 -3.88983e-07 -0.0068079 0.993121
22 0.0410797 0.11161 -0.00446303 -5.4173e-09 8.80787e-07 -0.00446303 0.111257 -4.04449e-07 -2.55399e-08 1.07825e-08 4.04255e-07 0.111163 0.000835071 8.84112e-07 -4.77088e-08 -0.000835067 0.110819 -0.0399878 -4.85378e-08 7.89165e-06 -0.0399878 0.996839 -3.62377e-06 -2.28831e-07 9.66086e-08 3.62203e-06 0.995997 0.00748205 7.92144e-06 -4.2746e-07 -0.00748201 0.992917
23 0.0428479 0.110119 -0.00481282 -5.76217e-09 8.63812e-07 -0.00481282 0.109767 -4.03579e-07 -2.75154e-08 1.15607e-08 4.03349e-07 0.109656 0.000901791 8.67362e-07 -5.15162e-08 -0.000901787 0.109314 -0.0437055 -5.23266e-08 7.84433e-06 -0.0437055 0.996804 -3.66493e-06 -2.49869e-07 1.04984e-07 3.66284e-06 0.995797 0.00818923 7.87657e-06 -4.67822e-07 -0.00818919 0.992688
24 0.0446031 0.108585 -0.00516734 -6.09713e-09 8.46433e-07 -0.00516734 0.108234 -4.0265e-07 -2.95165e-08 1.2335e-08 4.02379e-07 0.108104 0.000969625 8.5021e-07 -5.5387e-08 -0.00096962 0.107764 -0.0475879 -5.61507e-08 7.79511e-06 -0.0475879 0.996766 -3.70815e-06 -2.71828e-07 1.13597e-07 3.70565e-06 0.995573 0.00892963 7.82989e-06 -5.10079e-07 -0.00892958 0.992434
25 0.0463447 0.10701 -0.00552545 -6.41978e-09 8.28689e-07 -0.00552545 0.10666 -4.01658e-07 -3.15372e-08 1.31008e-08 4.01342e-07 0.10651 0.00103836 8.32692e-07 -5.93095e-08 -0.00103836 0.10617 -0.0516347 -5.99921e-08 7.74401e-06 -0.0516347 0.996726 -3.75345e-06 -2.94712e-07 1.22425e-07 3.7505e-06 0.995321 0.0097034 7.78141e-06 -5.5424e-07 -0.00970335 0.99215
26 0.0480722 0.105398 -0.005886 -6.72775e-09 8.10619e-07 -0.005886 0.105048 -4.00603e-07 -3.35722e-08 1.38537e-08 4.00237e-07 0.104875 0.0011078 8.14846e-07 -6.3272e-08 -0.00110779 0.104537 -0.0558457 -6.38321e-08 7.69107e-06 -0.0558457 0.996684 -3.80088e-06 -3.18529e-07 1.31442e-07 3.79741e-06 0.99504 0.0105107 7.73117e-06 -6.00317e-07 -0.0105106 0.991836
27 0.049785 0.103749 -0.00624783 -7.01875e-09 7.92261e-07 -0.00624783 0.103401 -3.99481e-07 -3.5616e-08 1.45891e-08 3.99061e-07 0.103202 0.00117772 7.9671e-07 -6.72626e-08 -0.00117771 0.102866 -0.0602205 -6.76511e-08 7.63631e-06 -0.0602205 0.99664 -3.85045e-06 -3.4329e-07 1.40619e-07 3.8464e-06 0.994727 0.0113516 7.6792e-06 -6.4832e-07 -0.0113515 0.991489
28 0.0514827 0.102068 -0.00660981 -7.29057e-09 7.73652e-07 -0.00660981 0.10172 -3.98292e-07 -3.76636e-08 1.53025e-08 3.97811e-07 0.101495 0.00124791 7.78321e-07 -7.12697e-08 -0.0012479 0.10116 -0.0647589 -7.14285e-08 7.57977e-06 -0.0647589 0.996594 -3.90222e-06 -3.69004e-07 1.49924e-07 3.89751e-06 0.994381 0.0122262 7.62551e-06 -6.98257e-07 -0.0122262 0.991106
29 0.0531646 0.100357 -0.00697082 -7.54108e-09 7.54832e-07 -0.00697082 0.10001 -3.97032e-07 -3.971e-08 1.59892e-08 3.96486e-07 0.0997545 0.00131816 7.59716e-07 -7.52814e-08 -0.00131815 0.0994219 -0.0694603 -7.51427e-08 7.52148e-06 -0.0694603 0.996546 -3.95621e-06 -3.95688e-07 1.59324e-07 3.95076e-06 0.993999 0.0131347 7.57015e-06 -7.50138e-07 -0.0131346 0.990685
30 0.0548304 0.0986182 -0.00732974 -7.76827e-09 7.35836e-07 -0.00732974 0.0982726 -3.95701e-07 -4.17507e-08 1.66448e-08 3.95083e-07 0.0979848 0.00138825 7.40931e-07 -7.92862e-08 -0.00138824 0.097654 -0.0743244 -7.87712e-08 7.46147e-06 -0.0743244 0.996496 -4.01245e-06 -4.23357e-07 1.6878e-07 4.00619e-06 0.993577 0.014077 7.51313e-06 -8.03972e-07 -0.0140769 0.990223
31 0.0564795 0.0968548 -0.00768548 -7.97022e-09 7.16704e-07 -0.00768549 0.0965103 -3.94295e-07 -4.37814e-08 1.72645e-08 3.93602e-07 0.0961879 0.00145798 7.22003e-07 -8.32725e-08 -0.00145797 0.0958589 -0.0793506 -8.22904e-08 7.39978e-06 -0.0793506 0.996443 -4.071e-06 -4.52032e-07 1.78252e-07 4.06383e-06 0.993115 0.0150532 7.45449e-06 -8.59767e-07 -0.0150532 0.989718
32 0.0581114 0.0950693 -0.008037 -8.14513e-09 6.97471e-07 -0.008037 0.0947259 -3.92814e-07 -4.57981e-08 1.78441e-08 3.92039e-07 0.0943665 0.00152713 7.02968e-07 -8.7229e-08 -0.00152712 0.0940393 -0.0845383 -8.56757e-08 7.33645e-06 -0.0845383 0.996388 -4.13187e-06 -4.81734e-07 1.87695e-07 4.12372e-06 0.992608 0.0160633 7.39427e-06 -9.17531e-07 -0.0160633 0.989166
33 0.0597256 0.0932644 -0.00838324 -8.29132e-09 6.78173e-07 -0.00838325 0.0929221 -3.91256e-07 -4.77971e-08 1.83789e-08 3.90394e-07 0.0925233 0.0015955 6.8386e-07 -9.11446e-08 -0.00159549 0.092198 -0.0898869 -8.89012e-08 7.27151e-06 -0.0898869 0.99633 -4.19513e-06 -5.12491e-07 1.97063e-07 4.18588e-06 0.992054 0.0171073 7.33249e-06 -9.77271e-07 -0.0171072 0.988566
34 0.0613216 0.0914427 -0.00872322 -8.40724e-09 6.58844e-07 -0.00872323 0.0911016 -3.89619e-07 -4.9775e-08 1.88647e-08 3.88664e-07 0.0906609 0.00166289 6.64713e-07 -9.50084e-08 -0.00166288 0.0903375 -0.0953956 -9.194e-08 7.205e-06 -0.0953956 0.99627 -4.2608e-06 -5.4433e-07 2.06301e-07 4.25036e-06 0.99145 0.018185 7.26918e-06 -1.03899e-06 -0.0181849 0.987914
35 0.0628989 0.0896067 -0.00905598 -8.49149e-09 6.3952e-07 -0.00905598 0.0892669 -3.87901e-07 -5.17288e-08 1.92973e-08 3.86849e-07 0.0887818 0.00172909 6.45561e-07 -9.88098e-08 -0.00172908 0.0884604 -0.101064 -9.4764e-08 7.13696e-06 -0.101064 0.996208 -4.32892e-06 -5.77287e-07 2.15355e-07 4.31719e-06 0.990794 0.0192964 7.20438e-06 -1.1027e-06 -0.0192963 0.987207
36 0.064457 0.0877592 -0.00938057 -8.54278e-09 6.20232e-07 -0.00938057 0.0874206 -3.86101e-07 -5.36558e-08 1.96725e-08 3.84947e-07 0.0868888 0.0017939 6.26436e-07 -1.02539e-07 -0.00179389 0.0865693 -0.10689 -9.73435e-08 7.06744e-06 -0.10689 0.996142 -4.39955e-06 -6.11398e-07 2.24165e-07 4.38641e-06 0.990082 0.0204412 7.13813e-06 -1.16841e-06 -0.0204411 0.986441
37 0.0659956 0.0859024 -0.00969613 -8.55998e-09 6.01013e-07 -0.00969613 0.0855652 -3.84218e-07 -5.55534e-08 1.99864e-08 3.82958e-07 0.0849842 0.00185714 6.07369e-07 -1.06185e-07 -0.00185714 0.0846667 -0.112874 -9.96477e-08 6.99647e-06 -0.112874 0.996074 -4.47272e-06 -6.46704e-07 2.32664e-07 4.45806e-06 0.989311 0.0216192 7.07045e-06 -1.23611e-06 -0.0216191 0.985615
38 0.067514 0.084039 -0.0100018 -8.54208e-09 5.81894e-07 -0.0100018 0.0837031 -3.8225e-07 -5.74197e-08 2.02351e-08 3.8088e-07 0.0830707 0.00191863 5.88389e-07 -1.09739e-07 -0.00191862 0.0827552 -0.119014 -1.01644e-07 6.92409e-06 -0.119014 0.996003 -4.54848e-06 -6.8325e-07 2.40782e-07 4.53218e-06 0.988478 0.0228302 7.00137e-06 -1.30581e-06 -0.0228301 0.984723
39 0.0690118 0.0821714 -0.0102968 -8.48824e-09 5.62903e-07 -0.0102968 0.0818369 -3.80196e-07 -5.92528e-08 2.04152e-08 3.78714e-07 0.0811508 0.00197817 5.69525e-07 -1.13193e-07 -0.00197816 0.0808373 -0.125309 -1.03299e-07 6.85036e-06 -0.125309 0.995929 -4.62687e-06 -7.21088e-07 2.48446e-07 4.60883e-06 0.98758 0.0240737 6.93094e-06 -1.37752e-06 -0.0240736 0.983764
40 0.10628 0.0803018 -0.0105804 -8.39772e-09 5.4407e-07 -0.0105804 0.0799687 -3.78056e-07 -6.10513e-08 2.05231e-08 3.76457e-07 0.0792268 0.0020356 5.50805e-07 -1.16536e-07 -0.00203559 0.0789153 -0.131758 -1.04577e-07 6.77531e-06 -0.131758 0.995852 -4.70794e-06 -7.60273e-07 2.55575e-07 4.68803e-06 0.986612 0.0253494 6.85918e-06 -1.45123e-06 -0.0253493 0.982734
42 0.146749 0.0765661 -0.0111107 -8.10451e-09 5.06977e-07 -0.0111107 0.076236 -3.73511e-07 -6.45394e-08 2.05104e-08 3.71676e-07 0.0753761 0.00214347 5.13895e-07 -1.22862e-07 -0.00214346 0.0750688 -0.145113 -1.0585e-07 6.62143e-06 -0.145113 0.995689 -4.87829e-06 -8.42924e-07 2.67879e-07 4.85431e-06 0.984459 0.027995 6.71179e-06 -1.60466e-06 -0.0279949 0.980445
44 0.152348 0.0728493 -0.0115878 -7.6594e-09 4.70812e-07 -0.0115878 0.0725224 -3.68609e-07 -6.78771e-08 2.01748e-08 3.66536e-07 0.0715372 0.00224098 4.7785e-07 -1.28659e-07 -0.00224097 0.0712341 -0.159065 -1.0514e-07 6.46282e-06 -0.159065 0.995512 -5.05988e-06 -9.31747e-07 2.76939e-07 5.03142e-06 0.981989 0.0307619 6.55943e-06 -1.7661e-06 -0.0307618 0.977827
46 0.157761 0.0691679 -0.0120075 -7.06143e-09 4.35745e-07 -0.0120075 0.0688443 -3.63344e-07 -7.1061e-08 1.94988e-08 3.61041e-07 0.0677275 0.00232704 4.42832e-07 -1.33876e-07 -0.00232703 0.0674285 -0.1736 -1.02091e-07 6.29981e-06 -0.1736 0.995321 -5.25308e-06 -1.02737e-06 2.81905e-07 5.21978e-06 0.979175 0.0336433 6.40228e-06 -1.93552e-06 -0.0336432 0.974853
48 0.162982 0.0655369 -0.0123669 -6.3115e-09 4.0192e-07 -0.0123669 0.0652168 -3.57715e-07 -7.40903e-08 1.84699e-08 3.55199e-07 0.0639631 0.00240066 4.08981e-07 -1.38471e-07 -0.00240065 0.0636684 -0.188702 -9.63045e-08 6.13272e-06 -0.188702 0.995115 -5.45823e-06 -1.13051e-06 2.81824e-07 5.41983e-06 0.975986 0.0366307 6.24047e-06 -2.11287e-06 -0.0366305 0.97149
50 0.168004 0.0619701 -0.0126637 -5.41224e-09 3.69455e-07 -0.0126637 0.0616536 -3.5172e-07 -7.6966e-08 1.70811e-08 3.49019e-07 0.0602593 0.00246104 3.7641e-07 -1.42413e-07 -0.00246103 0.0599689 -0.204351 -8.73364e-08 5.96184e-06 -0.204352 0.994893 -5.67564e-06 -1.24199e-06 2.75635e-07 5.63205e-06 0.972394 0.0397134 6.07406e-06 -2.2981e-06 -0.0397133 0.967707
52 0.172821 0.0584797 -0.0128965 -4.36782e-09 3.38445e-07 -0.0128965 0.0581671 -3.45358e-07 -7.96904e-08 1.53316e-08 3.42513e-07 0.0566299 0.00250752 3.45206e-07 -1.4568e-07 -0.00250751 0.0563437 -0.220529 -7.46894e-08 5.78739e-06 -0.220529 0.994654 -5.9056e-06 -1.3627e-06 2.62169e-07 5.85695e-06 0.968367 0.0428784 5.903e-06 -2.49112e-06 -0.0428783 0.963474
54 0.177428 0.0550769 -0.0130648 -3.1837e-09 3.08955e-07 -0.0130648 0.0547682 -3.38633e-07 -8.22659e-08 1.32264e-08 3.35697e-07 0.0530872 0.00253959 3.15432e-07 -1.48258e-07 -0.00253959 0.0528054 -0.237211 -5.78047e-08 5.60952e-06 -0.237211 0.994396 -6.14837e-06 -1.49366e-06 2.40145e-07 6.09507e-06 0.963875 0.04611 5.72712e-06 -2.69184e-06 -0.0461098 0.958758
56 0.181819 0.051771 -0.0131691 -1.86653e-09 2.81026e-07 -0.0131691 0.0514665 -3.31548e-07 -8.46945e-08 1.07772e-08 3.28588e-07 0.0496426 0.00255694 2.87125e-07 -1.50144e-07 -0.00255693 0.0493651 -0.254371 -3.60537e-08 5.42826e-06 -0.254372 0.994119 -6.40412e-06 -1.63595e-06 2.0817e-07 6.34696e-06 0.958888 0.0493894 5.54606e-06 -2.90016e-06 -0.0493892 0.953527
58 0.185988 0.0485702 -0.0132103 -4.23958e-10 2.54678e-07 -0.0132103 0.0482701 -3.24108e-07 -8.6977e-08 8.00162e-09 3.21206e-07 0.0463056 0.00255938 2.60302e-07 -1.51342e-07 -0.00255937 0.0460324 -0.271983 -8.72875e-09 5.24349e-06 -0.271984 0.993821 -6.67297e-06 -1.79075e-06 1.64743e-07 6.61323e-06 0.953375 0.0526945 5.35928e-06 -3.11595e-06 -0.0526943 0.947749
60 0.286303 0.0454814 -0.0131904 1.13551e-09 2.29903e-07 -0.0131904 0.0451857 -3.1632e-07 -8.91125e-08 4.92386e-09 3.1357e-07 0.0430847 0.00254693 2.34955e-07 -1.51866e-07 -0.00254692 0.0428158 -0.290017 2.49664e-08 5.05488e-06 -0.290017 0.9935 -6.95494e-06 -1.95932e-06 1.08261e-07 6.89448e-06 0.947306 0.0559993 5.16596e-06 -3.33909e-06 -0.0559991 0.941392
64 0.394175 0.0396598 -0.0129773 4.56703e-09 1.84951e-07 -0.0129773 0.0393737 -2.99741e-07 -9.2928e-08 -2.01291e-09 2.97628e-07 0.0370177 0.00247809 1.88573e-07 -1.50979e-07 -0.00247809 0.0367573 -0.327216 1.15155e-07 4.66344e-06 -0.327216 0.992785 -7.5578e-06 -2.34313e-06 -5.07544e-08 7.50452e-06 0.93338 0.0624837 4.75476e-06 -3.80685e-06 -0.0624835 0.926815
68 0.406626 0.0343352 -0.0125559 8.34421e-09 1.45735e-07 -0.0125559 0.0340592 -2.81906e-07 -9.60879e-08 -9.73035e-09 2.80941e-07 0.0314813 0.0023535 1.47573e-07 -1.47719e-07 -0.0023535 0.0312295 -0.365685 2.43022e-07 4.24447e-06 -0.365685 0.991959 -8.21039e-06 -2.79852e-06 -2.83392e-07 8.1823e-06 0.91688 0.0685449 4.29801e-06 -4.30227e-06 -0.0685447 0.909547
72 0.417095 0.0295189 -0.0119585 1.23701e-08 1.11567e-07 -0.0119585 0.0292534 -2.62946e-07 -9.8502e-08 -1.78574e-08 2.6369e-07 0.0264957 0.00217843 1.11334e-07 -1.42402e-07 -0.00217842 0.0262525 -0.405114 4.19057e-07 3.77949e-06 -0.405114 0.991007 -8.90771e-06 -3.33691e-06 -6.04949e-07 8.93293e-06 0.897585 0.0737977 3.77163e-06 -4.82408e-06 -0.0737975 0.889347
76 0.425533 0.0252072 -0.0112215 1.65326e-08 8.15697e-08 -0.0112215 0.0249528 -2.43031e-07 -1.00051e-07 -2.59812e-08 2.46046e-07 0.0220633 0.00195998 7.90829e-08 -1.35383e-07 -0.00195998 0.0218288 -0.44517 6.55867e-07 3.23597e-06 -0.44517 0.98991 -9.64133e-06 -3.96916e-06 -1.03071e-06 9.76096e-06 0.875277 0.0777548 3.13732e-06 -5.3708e-06 -0.0777547 0.865976
80 0.431897 0.0213846 -0.0103824 2.07021e-08 5.4745e-08 -0.0103824 0.0211419 -2.22372e-07 -1.00604e-07 -3.36779e-08 2.28166e-07 0.0181711 0.00170673 4.99559e-08 -1.27035e-07 -0.00170673 0.0179456 -0.485505 9.68081e-07 2.56001e-06 -0.485505 0.988647 -1.03987e-05 -4.7045e-06 -1.57486e-06 1.06696e-05 0.849728 0.079811 2.33607e-06 -5.94047e-06 -0.0798109 0.83918
84 0.436158 0.018027 -0.00947796 2.47312e-08 3.00314e-08 -0.00947796 0.0177961 -2.01222e-07 -1.00037e-07 -4.05453e-08 2.10192e-07 0.0147943 0.00142824 2.30525e-08 -1.17717e-07 -0.00142824 0.0145779 -0.525765 1.3719e-06 1.66591e-06 -0.525765 0.987191 -1.11623e-05 -5.54927e-06 -2.24914e-06 1.16598e-05 0.820674 0.0792279 1.27878e-06 -6.53006e-06 -0.0792279 0.808669
88 0.328636 0.0151038 -0.00854245 2.84576e-08 6.36393e-09 -0.00854245 0.014885 -1.79872e-07 -9.82526e-08 -4.62338e-08 1.92255e-07 0.0118983 0.00113461 -2.52316e-09 -1.07758e-07 -0.00113461 0.0116914 -0.565582 1.88413e-06 4.21345e-07 -0.565581 0.985514 -1.1909e-05 -6.50514e-06 -3.06107e-06 1.27289e-05 0.787766 0.0751208 -1.67054e-07 -7.13445e-06 -0.075121 0.774066
90 0.219313 0.0137946 -0.00807265 3.01542e-08 -5.39867e-09 -0.00807264 0.0135819 -1.69221e-07 -9.68866e-08 -4.85477e-08 1.83339e-07 0.010618 0.000985308 -1.50834e-08 -1.02627e-07 -0.000985313 0.010416 -0.585203 2.18594e-06 -3.91361e-07 -0.585203 0.984582 -1.22672e-05 -7.02351e-06 -3.51932e-06 1.32907e-05 0.769717 0.071427 -1.09343e-06 -7.43967e-06 -0.0714273 0.755074
92 0.328636 0.0125811 -0.00760603 3.17113e-08 -1.72752e-08 -0.00760602 0.0123745 -1.58641e-07 -9.5202e-08 -5.04726e-08 1.74479e-07 0.00944208 0.000836018 -2.76292e-08 -9.74393e-08 -0.000836023 0.00924512 -0.604562 2.52056e-06 -1.37312e-06 -0.604561 0.983582 -1.26095e-05 -7.56709e-06 -4.01179e-06 1.38684e-05 0.7505 0.0664505 -2.19609e-06 -7.74492e-06 -0.0664509 0.734845
96 0.436158 0.0104229 -0.00669403 3.43258e-08 -4.18129e-08 -0.00669402 0.0102286 -1.37864e-07 -9.08928e-08 -5.30876e-08 1.56988e-07 0.0073807 0.000542283 -5.30611e-08 -8.69977e-08 -0.00054229 0.00719424 -0.642244 3.29331e-06 -4.01164e-06 -0.642242 0.981359 -1.32271e-05 -8.7205e-06 -5.09337e-06 1.50618e-05 0.708124 0.0520281 -5.09082e-06 -8.34679e-06 -0.0520288 0.690235
100 0.431897 0.00859345 -0.00582654 3.61533e-08 -6.80487e-08 -0.00582652 0.00841131 -1.17876e-07 -8.53971e-08 -5.40117e-08 1.39907e-07 0.00566746 0.000262499 -7.9533e-08 -7.66225e-08 -0.000262508 0.00549212 -0.678021 4.20707e-06 -7.91868e-06 -0.678019 0.978805 -1.3717e-05 -9.93747e-06 -6.28522e-06 1.62807e-05 0.659509 0.0305464 -9.25507e-06 -8.91638e-06 -0.0305475 0.639105
104 0.425533 0.00705791 -0.00501831 3.70802e-08 -9.66274e-08 -0.00501828 0.00688771 -9.89925e-08 -7.88498e-08 -5.32845e-08 1.23373e-07 0.00425593 4.69814e-06 -1.07662e-07 -6.64654e-08 -4.70985e-06 0.00409239 -0.711019 5.25371e-06 -1.36907e-05 -0.711016 0.975886 -1.40258e-05 -1.11718e-05 -7.54962e-06 1.748e-05 0.603002 0.000665656 -1.52541e-05 -9.41716e-06 -0.000667315 0.57983
108 0.417095 0.00578325 -0.00427904 3.70417e-08 -1.28019e-07 -0.00427901 0.00562467 -8.14922e-08 -7.14416e-08 -5.10434e-08 1.07524e-07 0.0031015 -0.000224403 -1.37956e-07 -5.66508e-08 0.00022439 0.00295047 -0.739902 6.40499e-06 -2.21362e-05 -0.739898 0.97258 -1.40911e-05 -1.23532e-05 -8.82608e-06 1.85923e-05 0.53629 -0.0388023 -2.38544e-05 -9.79567e-06 0.0387999 0.510175
112 0.406626 0.00473872 -0.00361394 3.60322e-08 -1.62509e-07 -0.00361391 0.00459132 -6.56021e-08 -6.34075e-08 -4.75077e-08 9.25044e-08 0.00216256 -0.000419593 -1.70796e-07 -4.72863e-08 0.000419578 0.00202477 -0.762641 7.60379e-06 -3.42938e-05 -0.762635 0.968894 -1.38439e-05 -1.33807e-05 -1.00254e-05 1.9521e-05 0.45636 -0.0885457 -3.60426e-05 -9.97871e-06 0.0885425 0.427282
116 0.394175 0.00389599 -0.00302438 3.41103e-08 -2.00193e-07 -0.00302434 0.00375923 -5.14859e-08 -5.50117e-08 -4.29571e-08 7.84518e-08 0.00140135 -0.000577278 -2.06427e-07 -3.84723e-08 0.000577261 0.00127749 -0.776279 8.75523e-06 -5.13843e-05 -0.77627 0.964898 -1.32151e-05 -1.41201e-05 -1.1026e-05 2.01365e-05 0.359689 -0.148172 -5.29844e-05 -9.87485e-06 0.148168 0.327898
120 0.379804 0.00322915 -0.00250862 3.13958e-08 -2.40982e-07 -0.00250858 0.00310242 -3.92374e-08 -4.65324e-08 -3.77073e-08 6.54914e-08 0.00078441 -0.000695523 -2.44942e-07 -3.03075e-08 0.000695506 0.000675129 -0.776865 9.72262e-06 -7.46269e-05 -0.776855 0.960753 -1.2151e-05 -1.44101e-05 -1.16771e-05 2.02813e-05 0.242915 -0.215389 -7.58532e-05 -9.38559e-06 0.215383 0.209073
124 0.363583 0.00271456 -0.00206265 2.80607e-08 -2.8461e-07 -0.00206261 0.00259716 -2.88802e-08 -3.8245e-08 -3.20849e-08 5.37257e-08 0.000282883 -0.00077403 -2.86271e-07 -2.28898e-08 0.000774012 0.000188721 -0.759845 1.03371e-05 -0.000104846 -0.759833 0.956751 -1.0639e-05 -1.40888e-05 -1.18196e-05 1.97917e-05 0.10421 -0.28514 -0.000105458 -8.43225e-06 0.285134 0.0695217
128 0.34559 0.00233063 -0.00168089 2.43132e-08 -3.30649e-07 -0.00168085 0.00222182 -2.03716e-08 -3.0407e-08 -2.64042e-08 4.32274e-08 -0.000127539 -0.000814051 -3.30175e-07 -1.63134e-08 0.000814033 -0.00020617 -0.721216 1.0432e-05 -0.000141871 -0.721202 0.953312 -8.74082e-06 -1.30467e-05 -1.13292e-05 1.85475e-05 -0.0547232 -0.349284 -0.000141668 -6.99958e-06 0.349276 -0.088461
132 0.325914 0.00205759 -0.00135686 2.03787e-08 -3.78526e-07 -0.00135683 0.00195658 -1.36104e-08 -2.32436e-08 -2.09463e-08 3.4033e-08 -0.000466778 -0.000818248 -3.7624e-07 -1.06608e-08 0.000818231 -0.00052963 -0.659444 9.90417e-06 -0.000183966 -0.65943 0.950911 -6.61476e-06 -1.12965e-05 -1.018e-05 1.65403e-05 -0.226857 -0.397674 -0.000182855 -5.18124e-06 0.397665 -0.257404
136 0.304649 0.00187726 -0.00108378 1.64786e-08 -4.2754e-07 -0.00108376 0.00178326 -8.44827e-09 -1.69349e-08 -1.5943e-08 2.61401e-08 -0.000750689 -0.000790513 -4.23884e-07 -5.99339e-09 0.000790497 -0.000797713 -0.577323 8.77801e-06 -0.000227747 -0.577309 0.949928 -4.50033e-06 -9.02112e-06 -8.49273e-06 1.39247e-05 -0.399887 -0.421101 -0.0002258 -3.19263e-06 0.421092 -0.424936
140 0.281901 0.00177287 -0.000854965 1.28104e-08 -4.76882e-07 -0.000854943 0.00168507 -4.70153e-09 -1.16063e-08 -1.15661e-08 1.95083e-08 -0.000991476 -0.000735751 -4.72364e-07 -2.34046e-09 0.000735736 -0.00102284 -0.48225 7.22583e-06 -0.00026899 -0.482238 0.95048 -2.65194e-06 -6.54666e-06 -6.52393e-06 1.10038e-05 -0.55925 -0.415007 -0.000266441 -1.32016e-06 0.414998 -0.576944
144 0.257779 0.00172891 -0.00066419 9.53178e-09 -5.25662e-07 -0.000664173 0.00164654 -2.1641e-09 -7.32075e-09 -7.9209e-09 1.40623e-08 -0.00119816 -0.000659633 -5.20804e-07 3.09491e-10 0.00065962 -0.00121428 -0.384166 5.51317e-06 -0.000304042 -0.384156 0.952355 -1.25171e-06 -4.23431e-06 -4.58144e-06 8.13364e-06 -0.693011 -0.38153 -0.000301232 1.79009e-07 0.381523 -0.702339
148 0.232401 0.00173109 -0.00050591 6.74916e-09 -5.72927e-07 -0.000505896 0.00165338 -6.19293e-10 -4.07611e-09 -5.04687e-09 9.69852e-09 -0.00137706 -0.00056834 -5.68214e-07 2.01471e-09 0.000568329 -0.00137862 -0.29225 3.89879e-06 -0.000330963 -0.292242 0.955108 -3.57748e-07 -2.35465e-06 -2.91543e-06 5.60255e-06 -0.795486 -0.328314 -0.000328241 1.16384e-06 0.328307 -0.796388
152 0.205891 0.00176626 -0.000375372 4.5135e-09 -6.17695e-07 -0.000375361 0.00169249 1.49471e-10 -1.80723e-09 -2.92202e-09 6.29265e-09 -0.00153231 -0.000468301 -6.13533e-07 2.88096e-09 0.000468292 -0.00152024 -0.212524 2.55541e-06 -0.00034972 -0.212518 0.958234 8.46261e-08 -1.0232e-06 -1.65436e-06 3.5627e-06 -0.867549 -0.265138 -0.000347363 1.63111e-06 0.265132 -0.860713
156 0.178378 0.00182248 -0.000268657 2.8222e-09 -6.5898e-07 -0.000268649 0.00175199 3.49622e-10 -3.93185e-10 -1.47266e-09 3.70905e-09 -0.00166634 -0.000365923 -6.55665e-07 3.05688e-09 0.000365916 -0.00164183 -0.147412 1.54854e-06 -0.000361583 -0.147408 0.961318 1.91838e-07 -2.15741e-07 -8.08051e-07 2.03516e-06 -0.914325 -0.200783 -0.000359764 1.67731e-06 0.200779 -0.900873
160 0.0971232 0.00188911 -0.00018265 1.62706e-09 -6.95828e-07 -0.000182645 0.00182127 1.72119e-10 3.30029e-10 -5.86524e-10 1.80956e-09 -0.00178029 -0.000267345 -6.93529e-07 2.72372e-09 0.00026734 -0.00174476 -0.0966855 8.61282e-07 -0.000368336 -0.0966828 0.964086 9.11112e-08 1.74701e-07 -3.10476e-07 9.5789e-07 -0.942393 -0.141519 -0.000367119 1.4418e-06 0.141516 -0.92359
161 0.0357021 0.00190627 -0.00016409 1.39681e-09 -7.04241e-07 -0.000164085 0.001839 8.90718e-11 4.24856e-10 -4.37424e-10 1.42587e-09 -0.00180568 -0.000243969 -7.02207e-07 2.58407e-09 0.000243964 -0.00176766 -0.0860789 7.32743e-07 -0.000369433 -0.0860765 0.964709 4.67256e-08 2.22873e-07 -2.29465e-07 7.47986e-07 -0.947229 -0.127982 -0.000368366 1.35556e-06 0.127979 -0.927284
162 0.0338871 0.00192337 -0.000146642 1.1911e-09 -7.12307e-07 -0.000146638 0.00185663 -4.50395e-12 4.91447e-10 -3.12878e-10 1.07466e-09 -0.00182983 -0.000221267 -7.10539e-07 2.42822e-09 0.000221262 -0.00178942 -0.0762424 6.19277e-07 -0.000370344 -0.0762403 0.965302 -2.3417e-09 2.55514e-07 -1.62672e-07 5.58737e-07 -0.95137 -0.115041 -0.000369424 1.26248e-06 0.115039 -0.930357
163 0.0320617 0.00194027 -0.000130278 1.00837e-09 -7.20015e-07 -0.000130274 0.00187403 -1.06321e-10 5.32905e-10 -2.10648e-10 7.54038e-10 -0.00185274 -0.000199319 -7.1851e-07 2.25934e-09 0.000199315 -0.00181005 -0.0671443 5.19709e-07 -0.000371091 -0.0671424 0.965864 -5.47972e-08 2.74656e-07 -1.08566e-07 3.88626e-07 -0.954892 -0.102727 -0.000370315 1.16445e-06 0.102725 -0.932886
164 0.0302266 0.00195685 -0.000114971 8.47064e-10 -7.27351e-07 -0.000114968 0.00189109 -2.14202e-10 5.52314e-10 -1.28505e-10 4.62186e-10 -0.00187441 -0.000178199 -7.26106e-07 2.08054e-09 0.000178196 -0.00182954 -0.0587531 4.32871e-07 -0.000371694 -0.0587515 0.966394 -1.09463e-07 2.82246e-07 -6.56694e-08 2.36188e-07 -0.95787 -0.0910643 -0.000371058 1.06321e-06 0.0910625 -0.934942
165 0.0283823 0.00197301 -0.000100698 7.05567e-10 -7.34305e-07 -0.000100696 0.00190769 -3.26083e-10 5.52718e-10 -6.42488e-11 1.97345e-10 -0.00189482 -0.000157981 -7.33315e-07 1.8949e-09 0.000157978 -0.0018479 -0.0510379 3.57609e-07 -0.000372175 -0.0510365 0.966891 -1.65272e-07 2.80139e-07 -3.25638e-08 1.00022e-07 -0.960369 -0.0800712 -0.000371673 9.60409e-07 0.0800696 -0.936588
166 0.0265294 0.00198864 -8.74379e-05 5.82287e-10 -7.40865e-07 -8.74354e-05 0.00192372 -4.40013e-10 5.371e-10 -1.57185e-11 -4.21574e-11 -0.00191397 -0.000138733 -7.40122e-07 1.7054e-09 0.000138731 -0.00186511 -0.0439687 2.92807e-07 -0.000372549 -0.0439675 0.967355 -2.21263e-07 2.70084e-07 -7.90415e-09 -2.11991e-08 -0.962451 -0.069763 -0.000372175 8.57573e-07 0.0697616 -0.937885
167 0.0246683 0.00200363 -7.51697e-05 4.7564e-10 -7.4702e-07 -7.51676e-05 0.00193909 -5.5416e-10 5.08362e-10 1.91869e-11 -2.57912e-10 -0.00193185 -0.00012052 -7.46516e-07 1.51495e-09 0.000120518 -0.00188118 -0.0375167 2.37389e-07 -0.000372833 -0.0375157 0.967787 -2.76577e-07 2.5372e-07 9.57605e-09 -1.28722e-07 -0.964172 -0.0601509 -0.000372581 7.56103e-07 0.0601497 -0.938885
168 0.0172754 0.0020179 -6.38761e-05 3.84075e-10 -7.52762e-07 -6.38743e-05 0.0019537 -6.66808e-10 4.69305e-10 4.24959e-11 -4.51421e-10 -0.00194845 -0.000103403 -7.52485e-07 1.32634e-09 0.000103401 -0.00189609 -0.0316547 1.90334e-07 -0.000373042 -0.0316539 0.968185 -3.30447e-07 2.32571e-07 2.10595e-08 -2.23708e-07 -0.965582 -0.051243 -0.000372905 6.57286e-07 0.0512419 -0.939638
168.5 0.0109315 0.00202473 -5.85896e-05 3.43475e-10 -7.55474e-07 -5.8588e-05 0.00196069 -7.22068e-10 4.46749e-10 5.04121e-11 -5.40276e-10 -0.00195626 -9.52735e-05 -7.55307e-07 1.23355e-09 9.52716e-05 -0.00190312 -0.028937 1.6964e-07 -0.000373123 -0.0289362 0.968372 -3.56624e-07 2.20646e-07 2.48982e-08 -2.66839e-07 -0.966185 -0.0470549 -0.00037304 6.09242e-07 0.047054 -0.939935
169 0.0104622 0.00203135 -5.35408e-05 3.06085e-10 -7.58079e-07 -5.35394e-05 0.00196746 -7.76366e-10 4.22608e-10 5.61495e-11 -6.24091e-10 -0.00196376 -8.74391e-05 -7.58018e-07 1.14221e-09 8.74374e-05 -0.00190985 -0.0263573 1.50681e-07 -0.00037319 -0.0263565 0.96855 -3.82192e-07 2.08043e-07 2.76415e-08 -3.0723e-07 -0.966727 -0.0430448 -0.00037316 5.62292e-07 0.043044 -0.940186
169.5 0.00999215 0.00203774 -4.8728e-05 2.71728e-10 -7.60577e-07 -4.87267e-05 0.00197401 -8.29522e-10 3.97194e-10 5.9935e-11 -7.03025e-10 -0.00197093 -7.99064e-05 -7.60618e-07 1.05263e-09 7.99048e-05 -0.00191628 -0.0239127 1.33347e-07 -0.000373244 -0.0239121 0.968721 -4.07078e-07 1.94918e-07 2.94124e-08 -3.45002e-07 -0.967212 -0.0392132 -0.000373265 5.16565e-07 0.0392124 -0.940395
170 0.0095213 0.0020439 -4.41495e-05 2.40228e-10 -7.62965e-07 -4.41483e-05 0.00198031 -8.81362e-10 3.70811e-10 6.19879e-11 -7.77234e-10 -0.00197778 -7.26815e-05 -7.63105e-07 9.65096e-10 7.26801e-05 -0.00192243 -0.0216006 1.17534e-07 -0.000373288 -0.0216 0.968883 -4.31215e-07 1.81423e-07 3.03282e-08 -3.80269e-07 -0.967646 -0.0355601 -0.000373356 4.72182e-07 0.0355594 -0.940567
170.5 0.00904972 0.00204982 -3.98037e-05 2.11418e-10 -7.65243e-07 -3.98026e-05 0.00198636 -9.31724e-10 3.43752e-10 6.25206e-11 -8.46864e-10 -0.0019843 -6.57705e-05 -7.65478e-07 8.79907e-10 6.57692e-05 -0.00192828 -0.0194181 1.0314e-07 -0.000373321 -0.0194176 0.969037 -4.54539e-07 1.67698e-07 3.05005e-08 -4.1314e-07 -0.968033 -0.0320859 -0.000373436 4.2926e-07 0.0320853 -0.940706
171 0.00857745 0.00205549 -3.56892e-05 1.85134e-10 -7.6741e-07 -3.56882e-05 0.00199215 -9.8045e-10 3.16299e-10 6.17372e-11 -9.12058e-10 -0.00199049 -5.91791e-05 -7.67737e-07 7.97339e-10 5.91779e-05 -0.00193384 -0.0173629 9.00681e-08 -0.000373346 -0.0173624 0.969183 -4.76991e-07 1.5388e-07 3.00352e-08 -4.43718e-07 -0.968377 -0.0287907 -0.000373505 3.87907e-07 0.0287902 -0.940817
171.5 0.00810453 0.0020609 -3.18046e-05 1.61219e-10 -7.69465e-07 -3.18037e-05 0.00199767 -1.02739e-09 2.88723e-10 5.98335e-11 -9.72951e-10 -0.00199635 -5.29127e-05 -7.69879e-07 7.17658e-10 5.29116e-05 -0.0019391 -0.0154324 7.82275e-08 -0.000373364 -0.015432 0.969321 -4.98516e-07 1.40096e-07 2.90327e-08 -4.721e-07 -0.968682 -0.0256746 -0.000373565 3.48226e-07 0.0256741 -0.940902
172 0.00763099 0.00206604 -2.81485e-05 1.39522e-10 -7.71407e-07 -2.81478e-05 0.00200292 -1.07241e-09 2.61282e-10 5.69971e-11 -1.02967e-09 -0.00200189 -4.69765e-05 -7.71904e-07 6.41119e-10 4.69755e-05 -0.00194407 -0.0136244 6.75311e-08 -0.000373375 -0.013624 0.969451 -5.19064e-07 1.26465e-07 2.75877e-08 -4.98378e-07 -0.968951 -0.0227375 -0.000373616 3.10313e-07 0.022737 -0.940965
172.5 0.00715688 0.0020709 -2.47199e-05 1.19898e-10 -7.73235e-07 -2.47192e-05 0.00200789 -1.11536e-09 2.34223e-10 5.34065e-11 -1.08233e-09 -0.00200709 -4.13753e-05 -7.73812e-07 5.67964e-10 4.13744e-05 -0.00194874 -0.0119367 5.78966e-08 -0.000373381 -0.0119364 0.969573 -5.38587e-07 1.13102e-07 2.5789e-08 -5.22639e-07 -0.969187 -0.0199793 -0.000373659 2.74259e-07 0.0199789 -0.941009
173 0.00668221 0.00207549 -2.15175e-05 1.02211e-10 -7.7495e-07 -2.15169e-05 0.00201257 -1.15613e-09 2.07781e-10 4.92307e-11 -1.13106e-09 -0.00201197 -3.61137e-05 -7.756e-07 4.98423e-10 3.6113e-05 -0.00195311 -0.0103674 4.92467e-08 -0.000373382 -0.0103671 0.969687 -5.57042e-07 1.00112e-07 2.37201e-08 -5.44961e-07 -0.969395 -0.0174001 -0.000373695 2.40147e-07 0.0173998 -0.941037
173.5 0.00620704 0.00207979 -1.85403e-05 8.633e-11 -7.76549e-07 -1.85398e-05 0.00201696 -1.1946e-09 1.82175e-10 4.46297e-11 -1.17596e-09 -0.00201651 -3.11962e-05 -7.77269e-07 4.32712e-10 3.11955e-05 -0.00195719 -0.00891454 4.15091e-08 -0.000373379 -0.0089143 0.969793 -5.74388e-07 8.75933e-08 2.14588e-08 -5.65422e-07 -0.969576 -0.0149997 -0.000373726 2.08056e-07 0.0149994 -0.941052
174 0.0057314 0.00208379 -1.57874e-05 7.21326e-11 -7.78032e-07 -1.5787e-05 0.00202105 -1.23067e-09 1.57614e-10 3.97534e-11 -1.21712e-09 -0.00202072 -2.66266e-05 -7.78818e-07 3.71035e-10 2.66261e-05 -0.00196096 -0.00757632 3.46161e-08 -0.000373374 -0.00757612 0.96989 -5.9059e-07 7.56383e-08 1.90775e-08 -5.84091e-07 -0.969734 -0.012778 -0.000373751 1.78058e-07 0.0127777 -0.941056
174.5 0.00525531 0.00208749 -1.3258e-05 5.95045e-11 -7.79399e-07 -1.32576e-05 0.00202483 -1.26421e-09 1.34291e-10 3.47416e-11 -1.25465e-09 -0.00202459 -2.24087e-05 -7.80245e-07 3.13582e-10 2.24083e-05 -0.00196444 -0.00635115 2.85052e-08 -0.000373366 -0.00635097 0.96998 -6.05614e-07 6.43312e-08 1.66428e-08 -6.01032e-07 -0.96987 -0.0107348 -0.000373772 1.50219e-07 0.0107346 -0.941052
175 0.00477883 0.00209089 -1.09511e-05 4.83391e-11 -7.80649e-07 -1.09508e-05 0.00202829 -1.29516e-09 1.12385e-10 2.97241e-11 -1.28862e-09 -0.00202814 -1.8546e-05 -7.8155e-07 2.60526e-10 1.85457e-05 -0.00196761 -0.00523751 2.31189e-08 -0.000373358 -0.00523737 0.970062 -6.19429e-07 5.37497e-08 1.4216e-08 -6.16304e-07 -0.969987 -0.00886993 -0.000373788 1.24601e-07 0.00886975 -0.941041
175.5 0.00430199 0.00209398 -8.86603e-06 3.85385e-11 -7.81782e-07 -8.86579e-06 0.00203144 -1.32341e-09 9.20604e-11 2.48199e-11 -1.31912e-09 -0.00203134 -1.50417e-05 -7.82733e-07 2.12031e-10 1.50414e-05 -0.00197049 -0.00423406 1.84044e-08 -0.000373348 -0.00423394 0.970136 -6.32009e-07 4.39644e-08 1.1853e-08 -6.29961e-07 -0.970087 -0.0071833 -0.000373802 1.01258e-07 0.00718316 -0.941026
176 0.00382481 0.00209675 -7.0022e-06 3.00134e-11 -7.82797e-07 -7.00201e-06 0.00203428 -1.3489e-09 7.34679e-11 2.01373e-11 -1.34622e-09 -0.00203421 -1.18985e-05 -7.83793e-07 1.68242e-10 1.18983e-05 -0.00197306 -0.00333954 1.43142e-08 -0.000373337 -0.00333945 0.970203 -6.43328e-07 3.50389e-08 9.60406e-09 -6.42051e-07 -0.970172 -0.00567472 -0.000373813 8.02395e-08 0.00567461 -0.941008
176.5 0.00334735 0.00209921 -5.359e-06 2.26832e-11 -7.83693e-07 -5.35886e-06 0.00203678 -1.37155e-09 5.67422e-11 1.57741e-11 -1.36998e-09 -0.00203675 -9.11906e-06 -7.8473e-07 1.29292e-10 9.11888e-06 -0.00197533 -0.00255286 1.08056e-08 -0.000373327 -0.00255279 0.970261 -6.53365e-07 2.70302e-08 7.51427e-09 -6.52617e-07 -0.970243 -0.00434404 -0.000373821 6.15909e-08 0.00434395 -0.940989
177 0.00286963 0.00210135 -3.93591e-06 1.64765e-11 -7.84471e-07 -3.93581e-06 0.00203896 -1.39131e-09 4.20028e-11 1.18164e-11 -1.39046e-09 -0.00203894 -6.70562e-06 -7.85542e-07 9.52974e-11 6.70549e-06 -0.0019773 -0.00187304 7.8409e-09 -0.000373318 -0.00187299 0.970312 -6.62101e-07 1.99885e-08 5.62324e-09 -6.61698e-07 -0.970302 -0.0031911 -0.000373828 4.53506e-08 0.00319104 -0.940969
177.5 0.00239169 0.00210316 -2.73251e-06 1.13309e-11 -7.85129e-07 -2.73243e-06 0.00204081 -1.40811e-09 2.93537e-11 8.33957e-12 -1.4077e-09 -0.0020408 -4.66015e-06 -7.8623e-07 6.63594e-11 4.66006e-06 -0.00197897 -0.00129924 5.38754e-09 -0.000373309 -0.0012992 0.970354 -6.69521e-07 1.39569e-08 3.96526e-09 -6.69326e-07 -0.97035 -0.00221578 -0.000373832 3.15522e-08 0.00221574 -0.940951
178 0.00191357 0.00210465 -1.7484e-06 7.19348e-12 -7.85668e-07 -1.74836e-06 0.00204233 -1.42192e-09 1.88834e-11 5.40744e-12 -1.42175e-09 -0.00204232 -2.98432e-06 -7.86793e-07 4.25648e-11 2.98426e-06 -0.00198034 -0.000830734 3.4179e-09 -0.000373301 -0.000830711 0.970389 -6.7561e-07 8.97225e-09 2.56928e-09 -6.7553e-07 -0.970387 -0.00141796 -0.000373836 2.02242e-08 0.00141794 -0.940935
178.5 0.00143531 0.00210581 -9.83301e-07 4.0208e-12 -7.86088e-07 -9.83275e-07 0.00204351 -1.4327e-09 1.06644e-11 3.07239e-12 -1.43265e-09 -0.00204351 -1.67947e-06 -7.87232e-07 2.39842e-11 1.67944e-06 -0.0019814 -0.000466947 1.90939e-09 -0.000373295 -0.000466935 0.970417 -6.80357e-07 5.0643e-09 1.45901e-09 -6.80332e-07 -0.970416 -0.000797544 -0.000373839 1.13895e-08 0.000797528 -0.940921
179 0.000956932 0.00210664 -4.36967e-07 1.77891e-12 -7.86388e-07 -4.36955e-07 0.00204435 -1.44042e-09 4.75325e-12 1.37526e-12 -1.44041e-09 -0.00204435 -7.46686e-07 -7.87545e-07 1.06728e-11 7.46671e-07 -0.00198216 -0.000207424 8.44433e-10 -0.000373291 -0.000207419 0.970436 -6.83754e-07 2.25632e-09 6.52823e-10 -6.83749e-07 -0.970436 -0.000354445 -0.00037384 5.06628e-09 0.000354438 -0.940911
179.5 0.000478484 0.00210713 -1.09233e-07 4.43512e-13 -7.86568e-07 -1.0923e-07 0.00204486 -1.44506e-09 1.19034e-12 3.45278e-13 -1.44506e-09 -0.00204486 -1.86709e-07 -7.87733e-07 2.67018e-12 1.86706e-07 -0.00198261 -5.18398e-05 2.10481e-10 -0.000373288 -5.18384e-05 0.970448 -6.85794e-07 5.64909e-10 1.63862e-10 -6.85794e-07 -0.970448 -8.86082e-05 -0.000373841 1.26721e-09 8.86065e-05 -0.940905
180 5.98114e-05 0.0021073 0 0 -7.86628e-07 0 0.00204503 -1.44661e-09 0 0 -1.44661e-09 -0.00204503 0 -7.87796e-07 0 0 -0.00198276 0 0 -0.000373287 0 0.970451 -6.86475e-07 0 0 -6.86475e-07 -0.970451 0 -0.000373842 0 0 -0.940903
