theta 2pi*dcos S11 S12 S13 S14 S21 S22 S23 S24 S31 S32 S33 S34 S41 S42 S43 S44 S12_norm S13_norm S14_norm S21_norm S22_norm S23_norm S24_norm S31_norm S32_norm S33_norm S34_norm S41_norm S42_norm S43_norm S44_norm
0 2.39246e-06 6.06664 3.64154e-17 4.63343e-18 -0.000439354 3.64088e-17 6.057 0.001081 -4.17773e-18 3.61522e-18 -0.001081 6.057 3.30002e-18 -0.000439352 5.9544e-18 -2.59182e-18 6.04772 6.00256e-18 7.63756e-19 -7.24214e-05 6.00149e-18 0.998411 0.000178188 -6.8864e-19 5.95918e-19 -0.000178188 0.998411 5.43963e-19 -7.2421e-05 9.815e-19 -4.27225e-19 0.996883
0.1 1.91397e-05 6.06656 -1.33433e-06 1.15249e-10 -0.000439339 -1.33433e-06 6.05692 0.00108099 1.05239e-09 -1.51715e-10 -0.00108099 6.05692 8.37436e-06 -0.000439336 9.60412e-10 -8.37431e-06 6.04765 -2.19949e-07 1.89974e-11 -7.24198e-05 -2.19948e-07 0.998411 0.000178188 1.73474e-10 -2.50083e-11 -0.000178188 0.998411 1.38041e-06 -7.24194e-05 1.58312e-10 -1.38041e-06 0.996883
0.2 3.82793e-05 6.06632 -5.33684e-06 4.60943e-10 -0.000439293 -5.33681e-06 6.05668 0.00108095 4.20943e-09 -6.06787e-10 -0.00108095 6.05668 3.34964e-05 -0.00043929 3.84153e-09 -3.34962e-05 6.04741 -8.79749e-07 7.5984e-11 -7.2415e-05 -8.79745e-07 0.998411 0.000178188 6.93902e-10 -1.00026e-10 -0.000178188 0.998411 5.5217e-06 -7.24146e-05 6.33256e-10 -5.52167e-06 0.996883
0.3 5.74188e-05 6.06592 -1.2006e-05 1.03692e-09 -0.000439215 -1.2006e-05 6.05628 0.00108088 9.47073e-09 -1.36501e-09 -0.00108088 6.05628 7.53629e-05 -0.000439212 8.64301e-09 -7.53624e-05 6.04701 -1.97926e-06 1.70942e-10 -7.2407e-05 -1.97925e-06 0.998411 0.000178189 1.5613e-09 -2.25028e-10 -0.000178189 0.998411 1.2424e-05 -7.24065e-05 1.42485e-09 -1.24239e-05 0.996883
0.4 7.65581e-05 6.06536 -2.13394e-05 1.84291e-09 -0.000439107 -2.13393e-05 6.05573 0.00108079 1.68356e-08 -2.42602e-09 -0.00108079 6.05573 0.000133969 -0.000439104 1.53643e-08 -0.000133968 6.04646 -3.51824e-06 3.03841e-10 -7.23958e-05 -3.51822e-06 0.998411 0.00017819 2.7757e-09 -3.99979e-10 -0.00017819 0.998411 2.20875e-05 -7.23953e-05 2.53311e-09 -2.20873e-05 0.996883
0.5 9.56972e-05 6.06465 -3.33335e-05 2.87853e-09 -0.000438968 -3.33334e-05 6.05501 0.00108067 2.63032e-08 -3.78933e-09 -0.00108067 6.05501 0.000209306 -0.000438964 2.40045e-08 -0.000209305 6.04574 -5.49636e-06 4.74641e-10 -7.23814e-05 -5.49634e-06 0.998411 0.000178191 4.33713e-09 -6.24822e-10 -0.000178191 0.998411 3.45125e-05 -7.23808e-05 3.9581e-09 -3.45123e-05 0.996883
0.6 0.000114836 6.06378 -4.79839e-05 4.1433e-09 -0.000438797 -4.79837e-05 6.05414 0.00108052 3.78723e-08 -5.4543e-09 -0.00108052 6.05414 0.000301366 -0.000438794 3.45626e-08 -0.000301364 6.04487 -7.91321e-06 6.83288e-10 -7.23637e-05 -7.91317e-06 0.998411 0.000178192 6.24566e-09 -8.99489e-10 -0.000178192 0.998411 4.96993e-05 -7.23631e-05 5.69985e-09 -4.9699e-05 0.996883
0.7 0.000133974 6.06274 -6.52851e-05 5.63663e-09 -0.000438596 -6.52848e-05 6.05311 0.00108034 5.15414e-08 -7.42016e-09 -0.00108034 6.05311 0.000410136 -0.000438592 4.70374e-08 -0.000410133 6.04384 -1.07682e-05 9.29717e-10 -7.23429e-05 -1.07682e-05 0.998411 0.000178194 8.50133e-09 -1.22389e-09 -0.000178194 0.998411 6.76486e-05 -7.23422e-05 7.75843e-09 -6.76482e-05 0.996883
0.8 0.000153112 6.06155 -8.52306e-05 7.35781e-09 -0.000438364 -8.52302e-05 6.05192 0.00108014 6.73088e-08 -9.68599e-09 -0.00108014 6.05192 0.000535603 -0.00043836 6.14272e-08 -0.0005356 6.04266 -1.40609e-05 1.21385e-09 -7.23188e-05 -1.40608e-05 0.998411 0.000178196 1.11042e-08 -1.59794e-09 -0.000178196 0.998411 8.83607e-05 -7.23181e-05 1.01339e-08 -8.83602e-05 0.996883
0.9 0.00017225 6.0602 -0.000107813 9.30604e-09 -0.000438102 -0.000107813 6.05057 0.00107991 8.51727e-08 -1.22507e-08 -0.00107991 6.05057 0.000677751 -0.000438096 7.77305e-08 -0.000677747 6.04131 -1.77904e-05 1.5356e-09 -7.22916e-05 -1.77903e-05 0.998411 0.000178198 1.40544e-08 -2.0215e-09 -0.000178198 0.998411 0.000111836 -7.22907e-05 1.28264e-08 -0.000111836 0.996883
1 0.000191387 6.05869 -0.000133024 1.14804e-08 -0.000437808 -0.000133024 6.04906 0.00107966 1.05131e-07 -1.51132e-08 -0.00107966 6.04906 0.000836561 -0.000437802 9.59452e-08 -0.000836556 6.03981 -2.19559e-05 1.89486e-09 -7.22611e-05 -2.19558e-05 0.998411 0.0001782 1.7352e-08 -2.49446e-09 -0.0001782 0.998411 0.000138076 -7.22602e-05 1.5836e-08 -0.000138075 0.996883
1.1 0.000210523 6.05702 -0.000160854 1.38799e-08 -0.000437483 -0.000160854 6.0474 0.00107938 1.2718e-07 -1.8272e-08 -0.00107938 6.0474 0.00101202 -0.000437477 1.16069e-07 -0.00101201 6.03815 -2.65567e-05 2.29153e-09 -7.22274e-05 -2.65565e-05 0.998411 0.000178202 2.09972e-08 -3.01666e-09 -0.000178202 0.998411 0.000167081 -7.22264e-05 1.91627e-08 -0.00016708 0.996883
1.2 0.000229659 6.0552 -0.000191293 1.65033e-08 -0.000437128 -0.000191292 6.04558 0.00107907 1.51319e-07 -2.17257e-08 -0.00107907 6.04558 0.00120409 -0.000437121 1.381e-07 -0.00120408 6.03633 -3.15916e-05 2.72547e-09 -7.21906e-05 -3.15914e-05 0.998411 0.000178205 2.49899e-08 -3.58794e-09 -0.000178205 0.998411 0.000198852 -7.21894e-05 2.28068e-08 -0.000198851 0.996883
1.3 0.000248794 6.05322 -0.00022433 1.93495e-08 -0.000436742 -0.000224328 6.0436 0.00107873 1.77543e-07 -2.54727e-08 -0.00107873 6.0436 0.00141276 -0.000436734 1.62034e-07 -0.00141275 6.03435 -3.70596e-05 3.19656e-09 -7.21505e-05 -3.70594e-05 0.998411 0.000178208 2.93304e-08 -4.20813e-09 -0.000178208 0.998411 0.00023339 -7.21491e-05 2.67683e-08 -0.000233389 0.996883
1.4 0.000267929 6.05107 -0.000259951 2.2417e-08 -0.000436326 -0.00025995 6.04146 0.00107837 2.0585e-07 -2.95112e-08 -0.00107837 6.04146 0.001638 -0.000436317 1.8787e-07 -0.00163799 6.03222 -4.29595e-05 3.70463e-09 -7.21071e-05 -4.29593e-05 0.998411 0.000178211 3.40188e-08 -4.87702e-09 -0.000178211 0.998411 0.000270696 -7.21057e-05 3.10474e-08 -0.000270694 0.996884
1.5 0.000287062 6.04878 -0.000298144 2.57045e-08 -0.000435878 -0.000298143 6.03916 0.00107798 2.36236e-07 -3.38394e-08 -0.00107798 6.03916 0.00187978 -0.000435869 2.15604e-07 -0.00187977 6.02993 -4.929e-05 4.24954e-09 -7.20606e-05 -4.92897e-05 0.998411 0.000178215 3.90552e-08 -5.59442e-09 -0.000178215 0.998411 0.000310771 -7.2059e-05 3.56443e-08 -0.000310769 0.996884
1.6 0.000306195 6.04632 -0.000338895 2.92104e-08 -0.000435401 -0.000338893 6.03671 0.00107756 2.68698e-07 -3.84551e-08 -0.00107756 6.03671 0.00213807 -0.00043539 2.45233e-07 -0.00213806 6.02748 -5.60497e-05 4.8311e-09 -7.20109e-05 -5.60495e-05 0.998411 0.000178218 4.44399e-08 -6.36008e-09 -0.000178218 0.998411 0.000353616 -7.20091e-05 4.05591e-08 -0.000353614 0.996884
1.7 0.000325327 6.0437 -0.000382187 3.2933e-08 -0.000434892 -0.000382186 6.0341 0.00107712 3.0323e-07 -4.33562e-08 -0.00107712 6.0341 0.00241284 -0.00043488 2.76753e-07 -0.00241283 6.02487 -6.32373e-05 5.44914e-09 -7.19579e-05 -6.3237e-05 0.998411 0.000178222 5.01729e-08 -7.17378e-09 -0.000178222 0.998411 0.000399233 -7.19559e-05 4.57919e-08 -0.00039923 0.996884
1.8 0.000344457 6.04093 -0.000428006 3.68706e-08 -0.000434353 -0.000428004 6.03133 0.00107665 3.3983e-07 -4.85405e-08 -0.00107665 6.03133 0.00270406 -0.00043434 3.1016e-07 -0.00270404 6.02211 -7.0851e-05 6.10345e-09 -7.19017e-05 -7.08507e-05 0.998411 0.000178226 5.62546e-08 -8.03526e-09 -0.000178226 0.998411 0.000447622 -7.18996e-05 5.1343e-08 -0.00044762 0.996884
1.9 0.000363587 6.038 -0.000476334 4.10212e-08 -0.000433784 -0.000476332 6.02841 0.00107616 3.78492e-07 -5.40053e-08 -0.00107616 6.02841 0.00301168 -0.00043377 3.4545e-07 -0.00301166 6.01919 -7.88893e-05 6.79383e-09 -7.18423e-05 -7.88889e-05 0.998411 0.000178231 6.26849e-08 -8.94424e-09 -0.000178231 0.998411 0.000498787 -7.184e-05 5.72127e-08 -0.000498784 0.996884
2 0.000382716 6.03492 -0.000527152 4.53829e-08 -0.000433184 -0.00052715 6.02533 0.00107563 4.19211e-07 -5.97483e-08 -0.00107563 6.02533 0.00333566 -0.000433169 3.8262e-07 -0.00333564 6.01611 -8.73504e-05 7.52006e-09 -7.17797e-05 -8.735e-05 0.998411 0.000178235 6.94643e-08 -9.90043e-09 -0.000178235 0.998411 0.000552727 -7.17771e-05 6.3401e-08 -0.000552724 0.996884
2.1 0.000401843 6.03168 -0.000580442 4.99537e-08 -0.000432554 -0.00058044 6.02209 0.00107509 4.61983e-07 -6.57666e-08 -0.00107509 6.02209 0.00367598 -0.000432538 4.21663e-07 -0.00367596 6.01288 -9.62324e-05 8.28189e-09 -7.17138e-05 -9.62319e-05 0.998411 0.00017824 7.65929e-08 -1.09035e-08 -0.00017824 0.99841 0.000609445 -7.17111e-05 6.99082e-08 -0.000609442 0.996884
2.2 0.000420969 6.02828 -0.000636184 5.47312e-08 -0.000431894 -0.000636181 6.0187 0.00107451 5.06803e-07 -7.20573e-08 -0.00107451 6.01869 0.00403257 -0.000431876 4.62577e-07 -0.00403255 6.0095 -0.000105533 9.07908e-09 -7.16447e-05 -0.000105533 0.998411 0.000178245 8.40709e-08 -1.19532e-08 -0.000178245 0.99841 0.000668943 -7.16417e-05 7.67345e-08 -0.000668939 0.996885
2.3 0.000440094 6.02472 -0.000694357 5.97133e-08 -0.000431204 -0.000694353 6.01515 0.00107391 5.53663e-07 -7.86176e-08 -0.00107391 6.01514 0.00440541 -0.000431184 5.05355e-07 -0.00440538 6.00595 -0.000115251 9.91138e-09 -7.15724e-05 -0.000115251 0.998411 0.00017825 9.18986e-08 -1.30492e-08 -0.00017825 0.99841 0.000731222 -7.15692e-05 8.38803e-08 -0.000731218 0.996885
2.4 0.000459218 6.02101 -0.000754938 6.48976e-08 -0.000430483 -0.000754934 6.01144 0.00107328 6.0256e-07 -8.54442e-08 -0.00107328 6.01144 0.00479444 -0.000430462 5.49994e-07 -0.00479441 6.00226 -0.000125384 1.07785e-08 -7.14968e-05 -0.000125383 0.998411 0.000178255 1.00076e-07 -1.4191e-08 -0.000178255 0.99841 0.000796284 -7.14934e-05 9.13457e-08 -0.000796279 0.996885
2.5 0.00047834 6.01714 -0.000817905 7.02814e-08 -0.000429733 -0.000817901 6.00758 0.00107262 6.53486e-07 -9.25339e-08 -0.00107262 6.00758 0.0051996 -0.00042971 5.96486e-07 -0.00519957 5.9984 -0.000135929 1.16802e-08 -7.14181e-05 -0.000135928 0.99841 0.000178261 1.08604e-07 -1.53784e-08 -0.000178261 0.99841 0.000864131 -7.14143e-05 9.91311e-08 -0.000864126 0.996885
2.6 0.000497461 6.01312 -0.000883234 7.58623e-08 -0.000428952 -0.00088323 6.00356 0.00107194 7.06435e-07 -9.98833e-08 -0.00107194 6.00356 0.00562086 -0.000428928 6.44827e-07 -0.00562083 5.99439 -0.000146884 1.26161e-08 -7.1336e-05 -0.000146884 0.99841 0.000178267 1.17482e-07 -1.66109e-08 -0.000178267 0.99841 0.000934766 -7.13321e-05 1.07237e-07 -0.00093476 0.996885
2.7 0.00051658 6.00895 -0.000950901 8.16376e-08 -0.000428142 -0.000950896 5.99939 0.00107123 7.61401e-07 -1.07489e-07 -0.00107123 5.99939 0.00605816 -0.000428116 6.95011e-07 -0.00605812 5.99023 -0.000158248 1.3586e-08 -7.12508e-05 -0.000158247 0.99841 0.000178273 1.26711e-07 -1.78881e-08 -0.000178273 0.99841 0.00100819 -7.12465e-05 1.15663e-07 -0.00100818 0.996885
2.8 0.000535698 6.00461 -0.00102088 8.76043e-08 -0.000427302 -0.00102087 5.99507 0.0010705 8.18377e-07 -1.15347e-07 -0.0010705 5.99506 0.00651144 -0.000427275 7.47031e-07 -0.0065114 5.98591 -0.000170016 1.45895e-08 -7.11623e-05 -0.000170015 0.99841 0.000178279 1.36291e-07 -1.92097e-08 -0.000178279 0.99841 0.00108441 -7.11577e-05 1.2441e-07 -0.0010844 0.996886
2.9 0.000554814 6.00013 -0.00109314 9.37597e-08 -0.000426432 -0.00109314 5.99059 0.00106974 8.77356e-07 -1.23454e-07 -0.00106974 5.99059 0.00698064 -0.000426403 8.00882e-07 -0.0069806 5.98144 -0.000182187 1.56263e-08 -7.10705e-05 -0.000182186 0.99841 0.000178285 1.46223e-07 -2.05752e-08 -0.000178285 0.99841 0.00116341 -7.10657e-05 1.33478e-07 -0.00116341 0.996886
3 0.000573928 5.99549 -0.00116767 1.00101e-07 -0.000425533 -0.00116766 5.98596 0.00106895 9.3833e-07 -1.31805e-07 -0.00106895 5.98595 0.00746571 -0.000425502 8.56557e-07 -0.00746566 5.97682 -0.000194757 1.6696e-08 -7.09755e-05 -0.000194757 0.99841 0.000178292 1.56506e-07 -2.19841e-08 -0.000178292 0.998409 0.00124522 -7.09704e-05 1.42867e-07 -0.00124521 0.996886
3.1 0.00059304 5.99069 -0.00124442 1.06624e-07 -0.000424604 -0.00124441 5.98117 0.00106813 1.00129e-06 -1.40397e-07 -0.00106813 5.98116 0.00796658 -0.000424571 9.1405e-07 -0.00796653 5.97204 -0.000207725 1.77983e-08 -7.08773e-05 -0.000207724 0.99841 0.000178299 1.67141e-07 -2.34359e-08 -0.000178299 0.998409 0.00132983 -7.08718e-05 1.52578e-07 -0.00132982 0.996886
3.2 0.000612151 5.98575 -0.00132337 1.13327e-07 -0.000423646 -0.00132336 5.97623 0.00106729 1.06623e-06 -1.49226e-07 -0.00106729 5.97622 0.00848319 -0.000423611 9.73352e-07 -0.00848314 5.96711 -0.000221087 1.89328e-08 -7.07758e-05 -0.000221086 0.99841 0.000178306 1.78129e-07 -2.49303e-08 -0.000178306 0.998409 0.00141723 -7.07699e-05 1.62612e-07 -0.00141722 0.996886
3.3 0.00063126 5.98065 -0.00140449 1.20206e-07 -0.000422658 -0.00140449 5.97114 0.00106643 1.13315e-06 -1.58287e-07 -0.00106643 5.97113 0.00901548 -0.000422621 1.03446e-06 -0.00901542 5.96203 -0.00023484 2.00991e-08 -7.0671e-05 -0.000234838 0.99841 0.000178313 1.89469e-07 -2.64666e-08 -0.000178313 0.998409 0.00150744 -7.06648e-05 1.72968e-07 -0.00150743 0.996886
3.4 0.000650367 5.97539 -0.00148775 1.27257e-07 -0.000421642 -0.00148775 5.96589 0.00106553 1.20203e-06 -1.67576e-07 -0.00106553 5.96588 0.00956337 -0.000421603 1.09736e-06 -0.00956332 5.95679 -0.00024898 2.12968e-08 -7.0563e-05 -0.000248979 0.99841 0.00017832 2.01163e-07 -2.80443e-08 -0.00017832 0.998409 0.00160046 -7.05565e-05 1.83646e-07 -0.00160045 0.996887
3.5 0.000669472 5.96999 -0.00157312 1.34477e-07 -0.000420596 -0.00157312 5.96049 0.00106462 1.27286e-06 -1.77088e-07 -0.00106462 5.96049 0.0101268 -0.000420555 1.16205e-06 -0.0101267 5.9514 -0.000263505 2.25256e-08 -7.04517e-05 -0.000263504 0.99841 0.000178328 2.1321e-07 -2.9663e-08 -0.000178328 0.998408 0.00169629 -7.04448e-05 1.94648e-07 -0.00169628 0.996887
3.6 0.000688575 5.96443 -0.00166057 1.41863e-07 -0.000419521 -0.00166056 5.95495 0.00106367 1.34564e-06 -1.86818e-07 -0.00106367 5.95494 0.0107057 -0.000419478 1.22852e-06 -0.0107056 5.94586 -0.000278412 2.37849e-08 -7.03371e-05 -0.000278411 0.99841 0.000178336 2.25611e-07 -3.13221e-08 -0.000178336 0.998408 0.00179493 -7.03299e-05 2.05974e-07 -0.00179491 0.996887
3.7 0.000707676 5.95872 -0.00175005 1.49411e-07 -0.000418417 -0.00175005 5.94925 0.0010627 1.42036e-06 -1.96763e-07 -0.0010627 5.94923 0.0113 -0.000418372 1.29676e-06 -0.0112999 5.94017 -0.000293696 2.50743e-08 -7.02193e-05 -0.000293695 0.99841 0.000178343 2.38366e-07 -3.30209e-08 -0.000178343 0.998408 0.00189638 -7.02117e-05 2.17624e-07 -0.00189637 0.996887
3.8 0.000726775 5.95286 -0.00184155 1.57116e-07 -0.000417285 -0.00184154 5.94339 0.0010617 1.497e-06 -2.06915e-07 -0.0010617 5.94338 0.0119096 -0.000417237 1.36677e-06 -0.0119095 5.93433 -0.000309355 2.63934e-08 -7.00982e-05 -0.000309353 0.99841 0.000178352 2.51476e-07 -3.4759e-08 -0.000178351 0.998407 0.00200065 -7.00901e-05 2.29599e-07 -0.00200064 0.996887
3.9 0.000745871 5.94685 -0.00193501 1.64976e-07 -0.000416124 -0.001935 5.93739 0.00106068 1.57556e-06 -2.17272e-07 -0.00106068 5.93738 0.0125345 -0.000416074 1.43853e-06 -0.0125344 5.92834 -0.000325384 2.77417e-08 -6.99738e-05 -0.000325383 0.99841 0.00017836 2.64941e-07 -3.65356e-08 -0.00017836 0.998407 0.00210775 -6.99654e-05 2.41898e-07 -0.00210774 0.996887
4 0.000764965 5.94069 -0.00203041 1.72986e-07 -0.000414934 -0.0020304 5.93124 0.00105963 1.65604e-06 -2.27827e-07 -0.00105963 5.93123 0.0131745 -0.000414882 1.51204e-06 -0.0131744 5.9222 -0.000341781 2.91188e-08 -6.98461e-05 -0.000341779 0.998409 0.000178368 2.78762e-07 -3.83502e-08 -0.000178368 0.998407 0.00221767 -6.98373e-05 2.54523e-07 -0.00221766 0.996887
4.1 0.000784057 5.93438 -0.00212771 1.81141e-07 -0.000413716 -0.0021277 5.92494 0.00105855 1.73841e-06 -2.38575e-07 -0.00105855 5.92492 0.0138296 -0.000413661 1.58729e-06 -0.0138295 5.91591 -0.00035854 3.05241e-08 -6.97152e-05 -0.000358538 0.998409 0.000178377 2.92938e-07 -4.02022e-08 -0.000178377 0.998406 0.00233042 -6.97059e-05 2.67473e-07 -0.00233041 0.996887
4.2 0.000803147 5.92792 -0.00222687 1.89439e-07 -0.00041247 -0.00222686 5.91849 0.00105745 1.82267e-06 -2.49511e-07 -0.00105745 5.91847 0.0144997 -0.000412413 1.66427e-06 -0.0144996 5.90947 -0.000375658 3.19571e-08 -6.95809e-05 -0.000375656 0.998409 0.000178385 3.07472e-07 -4.20908e-08 -0.000178385 0.998406 0.002446 -6.95712e-05 2.8075e-07 -0.00244599 0.996888
4.3 0.000822234 5.92131 -0.00232785 1.97874e-07 -0.000411196 -0.00232784 5.91189 0.00105633 1.90881e-06 -2.60629e-07 -0.00105633 5.91187 0.0151847 -0.000411136 1.74296e-06 -0.0151846 5.90288 -0.000393131 3.34173e-08 -6.94434e-05 -0.000393129 0.998409 0.000178394 3.22362e-07 -4.40154e-08 -0.000178394 0.998406 0.00256442 -6.94332e-05 2.94354e-07 -0.0025644 0.996888
4.4 0.000841318 5.91456 -0.00243062 2.06442e-07 -0.000409894 -0.00243061 5.90515 0.00105517 1.99681e-06 -2.71924e-07 -0.00105517 5.90512 0.0158846 -0.000409831 1.82337e-06 -0.0158845 5.89615 -0.000410956 3.49041e-08 -6.93025e-05 -0.000410953 0.998409 0.000178403 3.3761e-07 -4.59753e-08 -0.000178403 0.998405 0.00268567 -6.92919e-05 3.08286e-07 -0.00268566 0.996888
4.5 0.0008604 5.90765 -0.00253513 2.15139e-07 -0.000408564 -0.00253512 5.89825 0.001054 2.08668e-06 -2.83389e-07 -0.001054 5.89823 0.0165992 -0.000408498 1.90548e-06 -0.0165991 5.88926 -0.000429126 3.64171e-08 -6.91584e-05 -0.000429124 0.998409 0.000178412 3.53216e-07 -4.79698e-08 -0.000178412 0.998405 0.00280977 -6.91473e-05 3.22545e-07 -0.00280976 0.996888
4.6 0.00087948 5.9006 -0.00264134 2.23961e-07 -0.000407206 -0.00264133 5.89121 0.00105279 2.17839e-06 -2.95019e-07 -0.00105279 5.89118 0.0173284 -0.000407137 1.98928e-06 -0.0173283 5.88223 -0.000447639 3.79556e-08 -6.90109e-05 -0.000447637 0.998409 0.000178421 3.6918e-07 -4.99981e-08 -0.000178421 0.998404 0.00293672 -6.89993e-05 3.37132e-07 -0.0029367 0.996888
4.7 0.000898556 5.8934 -0.00274921 2.32901e-07 -0.00040582 -0.0027492 5.88402 0.00105156 2.27193e-06 -3.06807e-07 -0.00105156 5.88399 0.0180722 -0.000405749 2.07476e-06 -0.0180721 5.87506 -0.00046649 3.9519e-08 -6.88602e-05 -0.000466488 0.998409 0.000178431 3.85504e-07 -5.20595e-08 -0.000178431 0.998404 0.00306651 -6.88481e-05 3.52049e-07 -0.00306649 0.996888
4.8 0.00091763 5.88605 -0.0028587 2.41957e-07 -0.000404408 -0.00285869 5.87669 0.00105031 2.3673e-06 -3.18749e-07 -0.00105031 5.87666 0.0188304 -0.000404334 2.16191e-06 -0.0188303 5.86774 -0.000485674 4.11068e-08 -6.87061e-05 -0.000485671 0.998409 0.00017844 4.02187e-07 -5.41532e-08 -0.00017844 0.998403 0.00319916 -6.86935e-05 3.67294e-07 -0.00319914 0.996888
4.9 0.000936701 5.87856 -0.00296977 2.51123e-07 -0.000402968 -0.00296975 5.86921 0.00104903 2.46447e-06 -3.30836e-07 -0.00104903 5.86917 0.0196031 -0.000402891 2.25073e-06 -0.019603 5.86027 -0.000505186 4.27184e-08 -6.85487e-05 -0.000505183 0.998409 0.00017845 4.19231e-07 -5.62784e-08 -0.00017845 0.998403 0.00333467 -6.85355e-05 3.8287e-07 -0.00333465 0.996888
5 0.00095577 5.87093 -0.00308236 2.60393e-07 -0.000401501 -0.00308235 5.86158 0.00104772 2.56345e-06 -3.43064e-07 -0.00104772 5.86155 0.02039 -0.00040142 2.34119e-06 -0.0203899 5.85265 -0.000525022 4.4353e-08 -6.83879e-05 -0.000525019 0.998408 0.000178459 4.36635e-07 -5.84344e-08 -0.000178459 0.998402 0.00347304 -6.83743e-05 3.98777e-07 -0.00347302 0.996888
5.1 0.000974835 5.86315 -0.00319645 2.69764e-07 -0.000400006 -0.00319643 5.85381 0.00104639 2.66421e-06 -3.55425e-07 -0.00104639 5.85377 0.021191 -0.000399923 2.43329e-06 -0.0211909 5.8449 -0.000545176 4.60101e-08 -6.82238e-05 -0.000545173 0.998408 0.000178469 4.544e-07 -6.06202e-08 -0.000178469 0.998401 0.00361428 -6.82097e-05 4.15014e-07 -0.00361426 0.996888
5.2 0.000993897 5.85522 -0.00331197 2.7923e-07 -0.000398485 -0.00331195 5.8459 0.00104503 2.76675e-06 -3.67913e-07 -0.00104503 5.84586 0.0220062 -0.000398399 2.52702e-06 -0.0220061 5.837 -0.000565644 4.76891e-08 -6.80564e-05 -0.000565641 0.998408 0.000178479 4.72528e-07 -6.28351e-08 -0.000178479 0.998401 0.00375839 -6.80417e-05 4.31584e-07 -0.00375836 0.996887
5.3 0.00101296 5.84715 -0.00342889 2.88786e-07 -0.000396938 -0.00342887 5.83784 0.00104365 2.87105e-06 -3.80522e-07 -0.00104365 5.8378 0.0228353 -0.000396848 2.62237e-06 -0.0228352 5.82895 -0.000586421 4.93891e-08 -6.78857e-05 -0.000586417 0.998408 0.000178489 4.91017e-07 -6.50781e-08 -0.000178489 0.9984 0.00390537 -6.78704e-05 4.48486e-07 -0.00390535 0.996887
5.4 0.00103201 5.83894 -0.00354716 2.98426e-07 -0.000395364 -0.00354714 5.82965 0.00104224 2.9771e-06 -3.93243e-07 -0.00104224 5.82959 0.0236783 -0.000395271 2.71932e-06 -0.0236781 5.82077 -0.0006075 5.11097e-08 -6.77116e-05 -0.000607497 0.998408 0.000178499 5.09871e-07 -6.73484e-08 -0.000178499 0.998399 0.00405523 -6.76957e-05 4.65721e-07 -0.00405521 0.996887
5.5 0.00105107 5.83059 -0.00366673 3.08146e-07 -0.000393763 -0.00366671 5.8213 0.00104081 3.08489e-06 -4.06072e-07 -0.00104081 5.82125 0.024535 -0.000393667 2.81786e-06 -0.0245349 5.81244 -0.000628878 5.28499e-08 -6.75341e-05 -0.000628874 0.998408 0.000178509 5.29088e-07 -6.96451e-08 -0.000178509 0.998398 0.00420798 -6.75176e-05 4.83289e-07 -0.00420796 0.996887
5.6 0.00107012 5.82209 -0.00378755 3.1794e-07 -0.000392137 -0.00378753 5.81282 0.00103936 3.1944e-06 -4.19e-07 -0.00103935 5.81276 0.0254054 -0.000392038 2.91799e-06 -0.0254052 5.80397 -0.000650548 5.46092e-08 -6.73533e-05 -0.000650544 0.998408 0.000178519 5.48669e-07 -7.19672e-08 -0.000178519 0.998397 0.00436362 -6.73362e-05 5.01192e-07 -0.00436359 0.996887
5.7 0.00108916 5.81345 -0.00390957 3.27802e-07 -0.000390484 -0.00390955 5.8042 0.00103787 3.30562e-06 -4.3202e-07 -0.00103787 5.80413 0.0262893 -0.000390382 3.01969e-06 -0.0262891 5.79535 -0.000672505 5.63868e-08 -6.71691e-05 -0.000672501 0.998408 0.00017853 5.68615e-07 -7.43138e-08 -0.000178529 0.998397 0.00452215 -6.71514e-05 5.1943e-07 -0.00452212 0.996886
5.8 0.00110821 5.80468 -0.00403276 3.37727e-07 -0.000388806 -0.00403273 5.79543 0.00103637 3.41854e-06 -4.45125e-07 -0.00103637 5.79536 0.0271866 -0.0003887 3.12294e-06 -0.0271865 5.7866 -0.000694743 5.81818e-08 -6.69815e-05 -0.000694739 0.998407 0.00017854 5.88928e-07 -7.66839e-08 -0.00017854 0.998396 0.00468358 -6.69632e-05 5.38004e-07 -0.00468355 0.996886
5.9 0.00112725 5.79576 -0.00415704 3.47709e-07 -0.000387102 -0.00415702 5.78653 0.00103483 3.53313e-06 -4.58308e-07 -0.00103483 5.78645 0.0280973 -0.000386993 3.22774e-06 -0.0280971 5.77771 -0.000717256 5.99937e-08 -6.67906e-05 -0.000717252 0.998407 0.00017855 6.09607e-07 -7.90765e-08 -0.00017855 0.998395 0.00484791 -6.67717e-05 5.56914e-07 -0.00484788 0.996886
6 0.00172656 5.7867 -0.00428238 3.57742e-07 -0.000385373 -0.00428236 5.77748 0.00103328 3.6494e-06 -4.71562e-07 -0.00103328 5.77741 0.0290212 -0.00038526 3.33407e-06 -0.029021 5.76868 -0.000740038 6.18215e-08 -6.65962e-05 -0.000740034 0.998407 0.000178561 6.30653e-07 -8.14906e-08 -0.000178561 0.998394 0.00501515 -6.65767e-05 5.76161e-07 -0.00501512 0.996886
6.2 0.00236869 5.76817 -0.00453602 3.77941e-07 -0.000381838 -0.00453599 5.75898 0.00103009 3.88688e-06 -4.9825e-07 -0.00103009 5.75889 0.030908 -0.000381718 3.55129e-06 -0.0309079 5.7502 -0.000786387 6.55217e-08 -6.61974e-05 -0.000786382 0.998407 0.000178582 6.73849e-07 -8.63792e-08 -0.000178581 0.998391 0.00535838 -6.61766e-05 6.1567e-07 -0.00535834 0.996885
6.4 0.00244479 5.7491 -0.00479324 3.98274e-07 -0.000378204 -0.00479321 5.73993 0.0010268 4.13086e-06 -5.25129e-07 -0.0010268 5.73983 0.0328463 -0.000378076 3.77449e-06 -0.0328461 5.73118 -0.000833739 6.92759e-08 -6.5785e-05 -0.000833734 0.998407 0.000178603 7.18524e-07 -9.13412e-08 -0.000178603 0.998389 0.0057133 -6.57628e-05 6.56536e-07 -0.00571326 0.996884
6.6 0.00252085 5.72947 -0.00505363 4.18694e-07 -0.000374472 -0.00505361 5.72034 0.00102342 4.38122e-06 -5.52135e-07 -0.00102342 5.72023 0.034835 -0.000374337 4.00356e-06 -0.0348347 5.71161 -0.000882042 7.30772e-08 -6.53589e-05 -0.000882037 0.998406 0.000178624 7.64682e-07 -9.63675e-08 -0.000178624 0.998386 0.00607996 -6.53353e-05 6.98765e-07 -0.00607992 0.996883
6.8 0.00259689 5.70931 -0.00531676 4.3915e-07 -0.000370643 -0.00531673 5.70021 0.00101994 4.63785e-06 -5.79204e-07 -0.00101994 5.70008 0.036873 -0.0003705 4.23839e-06 -0.0368728 5.69151 -0.000931243 7.69182e-08 -6.4919e-05 -0.000931237 0.998406 0.000178645 8.1233e-07 -1.01449e-07 -0.000178645 0.998384 0.0064584 -6.4894e-05 7.42364e-07 -0.00645836 0.996881
7 0.00267289 5.68862 -0.00558216 4.59592e-07 -0.00036672 -0.00558213 5.67955 0.00101636 4.9006e-06 -6.06271e-07 -0.00101636 5.67941 0.0389595 -0.000366569 4.47888e-06 -0.0389593 5.67087 -0.000981286 8.07915e-08 -6.44654e-05 -0.00098128 0.998406 0.000178666 8.61475e-07 -1.06576e-07 -0.000178666 0.99838 0.00684867 -6.44389e-05 7.8734e-07 -0.00684863 0.99688
7.2 0.00274886 5.6674 -0.0058494 4.79968e-07 -0.000362703 -0.00584937 5.65836 0.00101269 5.16937e-06 -6.33268e-07 -0.00101269 5.65821 0.0410933 -0.000362544 4.7249e-06 -0.041093 5.64971 -0.00103211 8.46892e-08 -6.3998e-05 -0.00103211 0.998405 0.000178687 9.12123e-07 -1.11739e-07 -0.000178687 0.998377 0.00725081 -6.397e-05 8.33698e-07 -0.00725077 0.996878
7.4 0.0028248 5.64566 -0.00611801 5.00224e-07 -0.000358594 -0.00611798 5.63666 0.00100892 5.44402e-06 -6.60127e-07 -0.00100892 5.63648 0.0432733 -0.000358427 4.97636e-06 -0.0432731 5.62803 -0.00108367 8.86033e-08 -6.35167e-05 -0.00108366 0.998405 0.000178708 9.64283e-07 -1.16926e-07 -0.000178707 0.998373 0.00766488 -6.34871e-05 8.81447e-07 -0.00766484 0.996876
7.6 0.00290071 5.62341 -0.00638753 5.20307e-07 -0.000354395 -0.00638749 5.61444 0.00100506 5.72441e-06 -6.86779e-07 -0.00100506 5.61424 0.0454986 -0.00035422 5.23311e-06 -0.0454983 5.60583 -0.00113588 9.25252e-08 -6.30214e-05 -0.00113587 0.998404 0.000178728 1.01796e-06 -1.22129e-07 -0.000178728 0.998369 0.00809092 -6.29902e-05 9.30594e-07 -0.00809088 0.996874
7.8 0.00297657 5.60065 -0.00665748 5.40161e-07 -0.000350109 -0.00665744 5.59171 0.00100111 6.01041e-06 -7.13152e-07 -0.0010011 5.59149 0.0477679 -0.000349924 5.49506e-06 -0.0477676 5.58313 -0.0011887 9.64461e-08 -6.25122e-05 -0.00118869 0.998404 0.000178748 1.07316e-06 -1.27334e-07 -0.000178748 0.998365 0.00852899 -6.24792e-05 9.81146e-07 -0.00852894 0.996871
8 0.00305241 5.57739 -0.00692738 5.5973e-07 -0.000345736 -0.00692733 5.56848 0.000997057 6.30189e-06 -7.39175e-07 -0.000997055 5.56824 0.0500801 -0.000345542 5.76206e-06 -0.0500798 5.55992 -0.00124205 1.00357e-07 -6.19888e-05 -0.00124204 0.998404 0.000178768 1.1299e-06 -1.32531e-07 -0.000178767 0.99836 0.00897913 -6.19542e-05 1.03311e-06 -0.00897908 0.996868
8.2 0.0031282 5.55363 -0.00719674 5.78957e-07 -0.000341278 -0.00719669 5.54476 0.000992917 6.5987e-06 -7.64775e-07 -0.000992914 5.5445 0.0524341 -0.000341076 6.034e-06 -0.0524338 5.53622 -0.00129586 1.04248e-07 -6.14513e-05 -0.00129585 0.998403 0.000178787 1.18818e-06 -1.37707e-07 -0.000178787 0.998355 0.00944141 -6.14149e-05 1.0865e-06 -0.00944135 0.996865
8.4 0.00320396 5.52938 -0.00746507 5.97783e-07 -0.000336737 -0.00746502 5.52055 0.000988685 6.90071e-06 -7.89876e-07 -0.000988682 5.52026 0.0548286 -0.000336526 6.31075e-06 -0.0548283 5.51203 -0.00135007 1.0811e-07 -6.08996e-05 -0.00135006 0.998403 0.000178806 1.24801e-06 -1.42851e-07 -0.000178805 0.99835 0.00991587 -6.08614e-05 1.14131e-06 -0.00991581 0.996862
8.6 0.00327968 5.50466 -0.00773187 6.16151e-07 -0.000332116 -0.00773182 5.49586 0.000984362 7.20776e-06 -8.14405e-07 -0.000984359 5.49554 0.0572626 -0.000331895 6.59219e-06 -0.0572622 5.48736 -0.00140461 1.11933e-07 -6.03336e-05 -0.0014046 0.998402 0.000178823 1.30939e-06 -1.47948e-07 -0.000178823 0.998344 0.0104026 -6.02936e-05 1.19757e-06 -0.0104025 0.996858
8.8 0.00335535 5.47945 -0.00799665 6.34e-07 -0.000327416 -0.0079966 5.4707 0.000979949 7.51972e-06 -8.38285e-07 -0.000979946 5.47035 0.0597347 -0.000327186 6.87817e-06 -0.0597343 5.46222 -0.00145939 1.15705e-07 -5.97533e-05 -0.00145938 0.998402 0.000178841 1.37235e-06 -1.52987e-07 -0.00017884 0.998338 0.0109016 -5.97113e-05 1.25527e-06 -0.0109015 0.996854
9 0.00343099 5.45378 -0.0082589 6.51271e-07 -0.000322638 -0.00825884 5.44507 0.000975448 7.83644e-06 -8.61438e-07 -0.000975444 5.44469 0.0622437 -0.000322399 7.16857e-06 -0.0622434 5.4366 -0.00151434 1.19416e-07 -5.91586e-05 -0.00151433 0.998401 0.000178857 1.43688e-06 -1.57952e-07 -0.000178856 0.998332 0.0114129 -5.91146e-05 1.31442e-06 -0.0114129 0.996849
9.2 0.00350659 5.42766 -0.0085181 6.67901e-07 -0.000317786 -0.00851804 5.41898 0.000970858 8.15775e-06 -8.83788e-07 -0.000970854 5.41856 0.0647884 -0.000317536 7.46326e-06 -0.064788 5.41053 -0.00156939 1.23055e-07 -5.85494e-05 -0.00156938 0.998401 0.000178872 1.503e-06 -1.62831e-07 -0.000178872 0.998325 0.0119367 -5.85034e-05 1.37504e-06 -0.0119367 0.996844
9.4 0.00358214 5.40107 -0.00877375 6.83828e-07 -0.00031286 -0.00877369 5.39243 0.000966181 8.48353e-06 -9.05255e-07 -0.000966177 5.39198 0.0673675 -0.000312601 7.76209e-06 -0.0673671 5.384 -0.00162445 1.2661e-07 -5.79255e-05 -0.00162444 0.9984 0.000178887 1.57071e-06 -1.67607e-07 -0.000178886 0.998317 0.012473 -5.78776e-05 1.43714e-06 -0.0124729 0.996839
9.6 0.00365765 5.37404 -0.00902533 6.98991e-07 -0.000307863 -0.00902527 5.36544 0.000961417 8.8136e-06 -9.2576e-07 -0.000961413 5.36496 0.0699798 -0.000307594 8.06493e-06 -0.0699794 5.35703 -0.00167943 1.30068e-07 -5.72871e-05 -0.00167942 0.9984 0.0001789 1.64003e-06 -1.72265e-07 -0.000178899 0.998309 0.0130218 -5.7237e-05 1.50072e-06 -0.0130217 0.996833
9.8 0.00373311 5.34658 -0.00927233 7.13326e-07 -0.000302798 -0.00927226 5.33802 0.000956568 9.14782e-06 -9.45223e-07 -0.000956563 5.33749 0.0726238 -0.000302518 8.37164e-06 -0.0726234 5.32961 -0.00173426 1.33417e-07 -5.66339e-05 -0.00173424 0.998399 0.000178912 1.71097e-06 -1.7679e-07 -0.000178911 0.998301 0.0135832 -5.65817e-05 1.5658e-06 -0.0135832 0.996827
10 0.00380853 5.31868 -0.00951422 7.26768e-07 -0.000297665 -0.00951415 5.31016 0.000951634 9.48602e-06 -9.63563e-07 -0.000951629 5.30959 0.0752984 -0.000297376 8.68208e-06 -0.0752979 5.30177 -0.00178883 1.36645e-07 -5.59659e-05 -0.00178882 0.998399 0.000178923 1.78353e-06 -1.81166e-07 -0.000178922 0.998292 0.0141573 -5.59115e-05 1.63238e-06 -0.0141573 0.99682
10.2 0.0038839 5.29036 -0.00975048 7.39255e-07 -0.000292467 -0.0097504 5.28188 0.000946617 9.82806e-06 -9.80699e-07 -0.000946611 5.28127 0.0780021 -0.000292168 8.99611e-06 -0.0780016 5.2735 -0.00184307 1.39736e-07 -5.52831e-05 -0.00184305 0.998398 0.000178932 1.85773e-06 -1.85375e-07 -0.000178931 0.998282 0.0147442 -5.52264e-05 1.70047e-06 -0.0147441 0.996813
10.4 0.00395923 5.26162 -0.0099806 7.5072e-07 -0.000287207 -0.00998052 5.25319 0.000941517 1.01738e-05 -9.96549e-07 -0.00094151 5.25253 0.0807336 -0.000286897 9.31358e-06 -0.0807332 5.24481 -0.00189687 1.42678e-07 -5.45852e-05 -0.00189685 0.998397 0.00017894 1.93358e-06 -1.894e-07 -0.000178939 0.998272 0.0153439 -5.45263e-05 1.7701e-06 -0.0153438 0.996805
10.6 0.0040345 5.23248 -0.010204 7.61098e-07 -0.000281886 -0.010204 5.22409 0.000936334 1.0523e-05 -1.01103e-06 -0.000936328 5.22338 0.0834916 -0.000281565 9.63435e-06 -0.0834911 5.21572 -0.00195014 1.45456e-07 -5.38723e-05 -0.00195012 0.998397 0.000178947 2.01109e-06 -1.93222e-07 -0.000178945 0.998261 0.0159564 -5.38111e-05 1.84126e-06 -0.0159563 0.996797
10.8 0.00410973 5.20294 -0.0104203 7.70323e-07 -0.000276506 -0.0104202 5.19459 0.000931071 1.08756e-05 -1.02406e-06 -0.000931064 5.19383 0.0862747 -0.000276175 9.95828e-06 -0.0862742 5.18622 -0.00200277 1.48056e-07 -5.31443e-05 -0.00200276 0.998396 0.000178951 2.09028e-06 -1.96824e-07 -0.00017895 0.998249 0.0165819 -5.30807e-05 1.91397e-06 -0.0165818 0.996788
11 0.00418491 5.173 -0.0106289 7.7833e-07 -0.000271071 -0.0106288 5.1647 0.000925728 1.12314e-05 -1.03556e-06 -0.000925721 5.16388 0.0890815 -0.000270729 1.02852e-05 -0.089081 5.15633 -0.00205468 1.5046e-07 -5.2401e-05 -0.00205466 0.998395 0.000178954 2.17115e-06 -2.00186e-07 -0.000178952 0.998237 0.0172205 -5.2335e-05 1.98825e-06 -0.0172204 0.996778
11.2 0.00426003 5.14268 -0.0108292 7.85051e-07 -0.000265581 -0.0108291 5.13443 0.000920306 1.15901e-05 -1.04544e-06 -0.000920298 5.13355 0.0919106 -0.000265228 1.0615e-05 -0.0919101 5.12606 -0.00210575 1.52654e-07 -5.16424e-05 -0.00210573 0.998395 0.000178954 2.25372e-06 -2.03288e-07 -0.000178953 0.998224 0.0178721 -5.15739e-05 2.0641e-06 -0.017872 0.996768
11.4 0.00433511 5.11199 -0.0110208 7.90419e-07 -0.000260039 -0.0110207 5.10378 0.000914806 1.19518e-05 -1.05363e-06 -0.000914798 5.10284 0.0947607 -0.000259676 1.09475e-05 -0.0947602 5.09541 -0.00215587 1.54621e-07 -5.08684e-05 -0.00215585 0.998394 0.000178953 2.33799e-06 -2.06109e-07 -0.000178951 0.998211 0.0185369 -5.07974e-05 2.14153e-06 -0.0185368 0.996757
11.6 0.00441013 5.08093 -0.0112031 7.94368e-07 -0.000254447 -0.011203 5.07277 0.000909229 1.23162e-05 -1.06002e-06 -0.00090922 5.07177 0.0976302 -0.000254073 1.12826e-05 -0.0976297 5.06439 -0.00220493 1.56343e-07 -5.00789e-05 -0.00220491 0.998393 0.000178949 2.424e-06 -2.08628e-07 -0.000178948 0.998196 0.019215 -5.00053e-05 2.22057e-06 -0.0192149 0.996745
11.8 0.0044851 5.04951 -0.0113756 7.96829e-07 -0.000248808 -0.0113755 5.04139 0.000903577 1.26831e-05 -1.06455e-06 -0.000903567 5.04033 0.100518 -0.000248424 1.162e-05 -0.100517 5.03301 -0.00225282 1.57803e-07 -4.92737e-05 -0.0022528 0.998392 0.000178943 2.51174e-06 -2.10823e-07 -0.000178941 0.998181 0.0199064 -4.91975e-05 2.30122e-06 -0.0199063 0.996733
12 0.0139046 5.01774 -0.0115379 7.97735e-07 -0.000243124 -0.0115378 5.00967 0.00089785 1.30523e-05 -1.06713e-06 -0.000897839 5.00854 0.103422 -0.000242728 1.19598e-05 -0.103422 5.00128 -0.00229942 1.58983e-07 -4.84529e-05 -0.0022994 0.998391 0.000178935 2.60123e-06 -2.12672e-07 -0.000178933 0.998165 0.0206113 -4.8374e-05 2.3835e-06 -0.0206112 0.99672
13 0.0246683 4.85394 -0.0121776 7.7656e-07 -0.000214105 -0.0121775 4.84611 0.000868129 1.49283e-05 -1.04784e-06 -0.000868115 4.84458 0.118143 -0.000213655 1.36871e-05 -0.118142 4.83764 -0.0025088 1.59985e-07 -4.41096e-05 -0.00250878 0.998387 0.00017885 3.0755e-06 -2.15875e-07 -0.000178847 0.998072 0.0243396 -4.40167e-05 2.81979e-06 -0.0243395 0.996641
14 0.0265294 4.68267 -0.0124866 7.06297e-07 -0.000184301 -0.0124865 4.67509 0.000836708 1.68386e-05 -9.67302e-07 -0.000836689 4.67309 0.133063 -0.000183795 1.54482e-05 -0.133063 4.66646 -0.00266656 1.50832e-07 -3.93581e-05 -0.00266653 0.998381 0.000178682 3.59594e-06 -2.06571e-07 -0.000178678 0.997953 0.0284161 -3.92501e-05 3.29902e-06 -0.0284159 0.996538
15 0.0283823 4.50504 -0.0124079 5.78477e-07 -0.000154003 -0.0124077 4.49772 0.000803733 1.87626e-05 -8.15348e-07 -0.000803709 4.49514 0.148 -0.000153442 1.72242e-05 -0.147999 4.48884 -0.00275423 1.28407e-07 -3.41845e-05 -0.00275419 0.998375 0.000178408 4.1648e-06 -1.80986e-07 -0.000178402 0.997803 0.0328521 -3.40601e-05 3.82332e-06 -0.0328519 0.996405
16 0.0302266 4.32215 -0.0118896 3.84778e-07 -0.0001235 -0.0118894 4.31509 0.000769362 2.06801e-05 -5.82208e-07 -0.000769331 4.31185 0.162771 -0.000122888 1.89964e-05 -0.162771 4.30589 -0.00275086 8.90247e-08 -2.85738e-05 -0.00275081 0.998367 0.000178004 4.78467e-06 -1.34703e-07 -0.000177997 0.997617 0.0376598 -2.8432e-05 4.39513e-06 -0.0376596 0.996238
17 0.0320617 4.13514 -0.0108868 1.17141e-07 -9.30827e-05 -0.0108866 4.12834 0.000733758 2.25716e-05 -2.58666e-07 -0.000733719 4.12434 0.177199 -9.24201e-05 2.07468e-05 -0.177198 4.11871 -0.00263276 2.83283e-08 -2.25102e-05 -0.0026327 0.998357 0.000177445 5.4585e-06 -6.25531e-08 -0.000177435 0.997388 0.042852 -2.235e-05 5.0172e-06 -0.0428518 0.996029
18 0.0338871 3.9451 -0.00936222 -2.32135e-07 -6.3031e-05 -0.00936197 3.93857 0.000697092 2.44189e-05 1.63799e-07 -0.000697043 3.9337 0.191109 -6.23224e-05 2.2458e-05 -0.191108 3.92842 -0.00237313 -5.88413e-08 -1.5977e-05 -0.00237306 0.998346 0.000176698 6.18968e-06 4.15196e-08 -0.000176686 0.99711 0.0484421 -1.57974e-05 5.69262e-06 -0.0484419 0.995771
19 0.0357021 3.75315 -0.00728748 -6.703e-07 -3.36172e-05 -0.0072872 3.74688 0.000659537 2.62048e-05 6.92872e-07 -0.000659478 3.74103 0.204336 -3.28673e-05 2.41137e-05 -0.204335 3.73609 -0.0019417 -1.78597e-07 -8.95709e-06 -0.00194163 0.998332 0.000175729 6.98208e-06 1.84611e-07 -0.000175713 0.996773 0.0544438 -8.75726e-06 6.42493e-06 -0.0544436 0.995457
20 0.0375062 3.56034 -0.00464378 -1.20407e-06 -5.1004e-06 -0.00464348 3.55434 0.000621274 2.79136e-05 1.33529e-06 -0.000621204 3.54741 0.216722 -4.31457e-06 2.56989e-05 -0.216722 3.54281 -0.00130431 -3.3819e-07 -1.43256e-06 -0.00130422 0.998315 0.000174499 7.84014e-06 3.75046e-07 -0.000174479 0.996368 0.0608712 -1.21184e-06 7.2181e-06 -0.060871 0.995076
21 0.0392989 3.36772 -0.00142251 -1.83956e-06 2.2276e-05 -0.00142218 3.36198 0.000582486 2.95314e-05 2.09676e-06 -0.000582402 3.35386 0.228124 2.30913e-05 2.72e-05 -0.228123 3.3496 -0.000422394 -5.46234e-07 6.61456e-06 -0.000422296 0.998295 0.000172962 8.76897e-06 6.22605e-07 -0.000172937 0.995885 0.0677384 6.85665e-06 8.07668e-06 -0.0677381 0.994618
22 0.0410797 3.17628 0.00237438 -2.58222e-06 4.82864e-05 0.00237474 3.17078 0.000543357 3.10463e-05 2.98185e-06 -0.000543258 3.16138 0.238408 4.91241e-05 2.8605e-05 -0.238407 3.15745 0.000747536 -8.1297e-07 1.52022e-05 0.000747648 0.998271 0.000171067 9.77444e-06 9.38789e-07 -0.000171036 0.995311 0.0750589 1.54659e-05 9.00582e-06 -0.0750586 0.994071
23 0.0428479 2.98695 0.00673416 -3.43677e-06 7.27259e-05 0.00673454 2.98169 0.000504072 3.24482e-05 3.99397e-06 -0.000503957 2.97092 0.247456 7.35781e-05 2.99035e-05 -0.247455 2.9673 0.00225453 -1.1506e-06 2.43479e-05 0.00225466 0.998241 0.000168758 1.08633e-05 1.33714e-06 -0.00016872 0.994634 0.0828458 2.46332e-05 1.00114e-05 -0.0828456 0.993422
24 0.0446031 2.80061 0.0116334 -4.40718e-06 9.54116e-05 0.0116338 2.79559 0.000464816 3.37291e-05 5.1353e-06 -0.000464683 2.78335 0.255167 9.62701e-05 3.10872e-05 -0.255166 2.78004 0.00415388 -1.57365e-06 3.40681e-05 0.00415403 0.998206 0.000165969 1.20435e-05 1.83363e-06 -0.000165922 0.993837 0.0911109 3.43746e-05 1.11001e-05 -0.0911107 0.992655
25 0.0463447 2.6181 0.0170383 -5.49664e-06 0.000116185 0.0170387 2.61329 0.000425773 3.48834e-05 6.40681e-06 -0.00042562 2.59951 0.261453 0.000117041 3.21496e-05 -0.261453 2.5965 0.00650789 -2.09948e-06 4.43776e-05 0.00650805 0.998162 0.000162627 1.3324e-05 2.44712e-06 -0.000162569 0.992902 0.0998639 4.47045e-05 1.22798e-05 -0.0998637 0.991751
26 0.0480722 2.44014 0.0229049 -6.7075e-06 0.000134912 0.0229053 2.43553 0.000387122 3.59074e-05 7.80821e-06 -0.000386948 2.42016 0.266248 0.000135756 3.30862e-05 -0.266248 2.41743 0.0093867 -2.74882e-06 5.52884e-05 0.00938688 0.99811 0.000158647 1.47153e-05 3.1999e-06 -0.000158576 0.99181 0.109112 5.56346e-05 1.35591e-05 -0.109112 0.990692
27 0.049785 2.26743 0.02918 -8.04131e-06 0.000151485 0.0291805 2.263 0.000349038 3.67999e-05 9.33804e-06 -0.000348841 2.24597 0.269501 0.000152309 3.38944e-05 -0.2695 2.24351 0.0128692 -3.54645e-06 6.68091e-05 0.0128694 0.998046 0.000153936 1.62298e-05 4.11834e-06 -0.000153849 0.990537 0.118858 6.71725e-05 1.49484e-05 -0.118857 0.989454
28 0.0514827 2.10055 0.0358019 -9.49873e-06 0.000165823 0.0358024 2.09628 0.000311691 3.75614e-05 1.09936e-05 -0.00031147 2.07757 0.271179 0.000166617 3.45739e-05 -0.271179 2.07537 0.0170441 -4.52202e-06 7.89427e-05 0.0170443 0.997969 0.000148385 1.78817e-05 5.23368e-06 -0.00014828 0.989057 0.129099 7.93208e-05 1.64594e-05 -0.129099 0.988011
29 0.0531646 1.94004 0.0427015 -1.10796e-05 0.000177873 0.0427019 1.93592 0.000275244 3.81949e-05 1.27712e-05 -0.000274998 1.91548 0.271269 0.000178628 3.5126e-05 -0.271269 1.91353 0.0220106 -5.71102e-06 9.16851e-05 0.0220108 0.997875 0.000141875 1.96877e-05 6.58293e-06 -0.000141748 0.987342 0.139826 9.20745e-05 1.81058e-05 -0.139826 0.986334
30 0.0548304 1.78634 0.049803 -1.27829e-05 0.000187606 0.0498034 1.78234 0.00023985 3.87051e-05 1.46658e-05 -0.000239577 1.76019 0.269774 0.000188314 3.55543e-05 -0.269774 1.75846 0.0278798 -7.15591e-06 0.000105023 0.0278801 0.99776 0.000134269 2.16672e-05 8.20995e-06 -0.000134116 0.985356 0.15102 0.000105419 1.99034e-05 -0.15102 0.984389
31 0.0564795 1.63983 0.0570258 -1.46068e-05 0.000195022 0.0570262 1.63593 0.000205655 3.90984e-05 1.66717e-05 -0.000205354 1.61205 0.266718 0.000195675 3.58638e-05 -0.266718 1.61054 0.0347755 -8.9075e-06 0.000118929 0.0347758 0.997622 0.000125412 2.3843e-05 1.01667e-05 -0.000125229 0.983062 0.16265 0.000119326 2.18705e-05 -0.16265 0.982139
32 0.0581114 1.50078 0.0642854 -1.65484e-05 0.000200144 0.0642858 1.49696 0.000172791 3.9383e-05 1.87819e-05 -0.000172462 1.47139 0.262137 0.000200733 3.60615e-05 -0.262138 1.47008 0.0428346 -1.10265e-05 0.00013336 0.0428349 0.997453 0.000115134 2.62417e-05 1.25148e-05 -0.000114915 0.980418 0.174667 0.000133752 2.40285e-05 -0.174668 0.97954
33 0.0597256 1.36942 0.0714948 -1.86042e-05 0.00020302 0.0714952 1.36565 0.000141382 3.95685e-05 2.0989e-05 -0.000141024 1.33844 0.256089 0.000203539 3.61558e-05 -0.256089 1.3373 0.052208 -1.35854e-05 0.000148252 0.0522083 0.997248 0.000103242 2.88943e-05 1.53269e-05 -0.00010298 0.977373 0.187005 0.000148631 2.64022e-05 -0.187005 0.976545
34 0.0613216 1.2459 0.0785663 -2.07696e-05 0.000203721 0.0785666 1.24216 0.000111537 3.96655e-05 2.32843e-05 -0.000111149 1.21335 0.248641 0.000204163 3.61566e-05 -0.248642 1.21238 0.06306 -1.66704e-05 0.000163513 0.0630603 0.997 8.95233e-05 3.18369e-05 1.86888e-05 -8.92118e-05 0.973875 0.199568 0.000163868 2.90205e-05 -0.199568 0.9731
35 0.0628989 1.13028 0.0854124 -2.30394e-05 0.000202337 0.0854127 1.12655 8.3352e-05 3.9686e-05 2.56587e-05 -8.29342e-05 1.09622 0.239879 0.000202697 3.60749e-05 -0.23988 1.0954 0.0755676 -2.03838e-05 0.000179015 0.0755678 0.996699 7.37447e-05 3.51117e-05 2.27012e-05 -7.3375e-05 0.969864 0.21223 0.000179334 3.19168e-05 -0.212231 0.969145
36 0.064457 1.02257 0.0919477 -2.54071e-05 0.000198979 0.0919479 1.01883 5.69098e-05 3.96423e-05 2.81025e-05 -5.64624e-05 0.987063 0.229899 0.000199254 3.59228e-05 -0.2299 0.986392 0.0899179 -2.48462e-05 0.000194586 0.0899181 0.996334 5.56535e-05 3.87672e-05 2.74821e-05 -5.52159e-05 0.965273 0.224824 0.000194855 3.51298e-05 -0.224825 0.964616
37 0.0659956 0.922733 0.09809 -2.78657e-05 0.000193774 0.0980902 0.918944 3.22781e-05 3.95475e-05 3.06051e-05 -3.18016e-05 0.885853 0.218808 0.00019396 3.57133e-05 -0.21881 0.88531 0.106304 -3.01991e-05 0.00021 0.106304 0.995893 3.4981e-05 4.2859e-05 3.31679e-05 -3.44645e-05 0.960032 0.23713 0.000210201 3.87039e-05 -0.237132 0.959443
38 0.067514 0.830646 0.103762 -3.04071e-05 0.000186863 0.103762 0.826792 9.5097e-06 3.94148e-05 3.31559e-05 -9.00499e-06 0.79249 0.206725 0.000186958 3.54599e-05 -0.206726 0.792065 0.124917 -3.66065e-05 0.000224961 0.124917 0.99536 1.14486e-05 4.74508e-05 3.99158e-05 -1.08409e-05 0.954065 0.248872 0.000225076 4.26895e-05 -0.248874 0.953552
39 0.0690118 0.746153 0.108891 -3.30222e-05 0.000178401 0.108891 0.742212 -1.13575e-05 3.92576e-05 3.57434e-05 1.18891e-05 0.706827 0.193773 0.000178404 3.51764e-05 -0.193775 0.706508 0.145937 -4.42566e-05 0.000239094 0.145937 0.994719 -1.52214e-05 5.26134e-05 4.79036e-05 1.59339e-05 0.947296 0.259696 0.000239099 4.71438e-05 -0.259699 0.946869
40 0.10628 0.669045 0.113413 -3.5701e-05 0.00016855 0.113413 0.664996 -3.03008e-05 3.90891e-05 3.83558e-05 3.08576e-05 0.628668 0.180085 0.000168463 3.48771e-05 -0.180087 0.628447 0.169515 -5.33612e-05 0.000251927 0.169515 0.993948 -4.52896e-05 5.84252e-05 5.73291e-05 4.61219e-05 0.93965 0.269167 0.000251795 5.21296e-05 -0.26917 0.939319
42 0.146749 0.535961 0.120417 -4.12053e-05 0.000145372 0.120416 0.531636 -6.23994e-05 3.8768e-05 4.36064e-05 6.3e-05 0.493874 0.151046 0.000145108 3.42866e-05 -0.151048 0.493824 0.224674 -7.68811e-05 0.000271236 0.224674 0.99193 -0.000116425 7.23336e-05 8.13611e-05 0.000117546 0.921474 0.281822 0.000270743 6.39721e-05 -0.281827 0.92138
44 0.152348 0.42902 0.124423 -4.68206e-05 0.000118736 0.124422 0.424348 -8.68979e-05 3.85449e-05 4.88063e-05 8.75304e-05 0.385798 0.120719 0.000118311 3.37966e-05 -0.120722 0.385893 0.290016 -0.000109134 0.000276761 0.290015 0.989111 -0.00020255 8.98441e-05 0.000113762 0.000204024 0.899254 0.281384 0.000275772 7.87763e-05 -0.28139 0.899475
46 0.157761 0.345453 0.12524 -5.24319e-05 9.00521e-05 0.125239 0.340379 -0.000104126 3.84982e-05 5.38487e-05 0.000104775 0.301708 0.0902102 8.94916e-05 3.35052e-05 -0.0902129 0.30193 0.362538 -0.000151777 0.000260679 0.362536 0.985313 -0.000301419 0.000111443 0.000155879 0.000303299 0.873371 0.261136 0.000259056 9.69892e-05 -0.261144 0.874014
48 0.162982 0.282264 0.12284 -5.79085e-05 6.06611e-05 0.122839 0.276749 -0.000114607 3.8687e-05 5.86215e-05 0.000115254 0.23862 0.0605669 5.9996e-05 3.34946e-05 -0.0605695 0.238957 0.435195 -0.000205158 0.00021491 0.435192 0.980464 -0.000406027 0.00013706 0.000207684 0.000408322 0.845381 0.214576 0.000212553 0.000118664 -0.214585 0.846576
50 0.168004 0.236376 0.117356 -6.31053e-05 3.17771e-05 0.117355 0.230401 -0.000119023 3.91494e-05 6.30076e-05 0.000119649 0.193442 0.0327384 3.1044e-05 3.38271e-05 -0.0327409 0.193887 0.496479 -0.00026697 0.000134435 0.496475 0.974723 -0.000503534 0.000165623 0.000266557 0.00050618 0.818366 0.138501 0.000131333 0.000143107 -0.138512 0.820247
52 0.172821 0.204761 0.109071 -6.7865e-05 4.44148e-06 0.109069 0.198325 -0.000118182 3.99013e-05 6.68851e-05 0.000118763 0.163107 0.0075395 3.68015e-06 3.45415e-05 -0.00754156 0.163653 0.532672 -0.000331435 2.1691e-05 0.532666 0.968568 -0.000577171 0.000194867 0.000326649 0.000580005 0.796571 0.036821 1.79729e-05 0.000168692 -0.036831 0.799237
54 0.177428 0.184543 0.0983958 -7.20211e-05 -2.05076e-05 0.0983945 0.177665 -0.000112973 4.09376e-05 7.01281e-05 0.000113484 0.144678 -0.0143759 -2.12571e-05 3.56521e-05 0.0143745 0.145319 0.533187 -0.000390268 -0.000111127 0.53318 0.962732 -0.000612179 0.000221833 0.00038001 0.000614949 0.783982 -0.0779003 -0.000115188 0.000193192 0.0778923 0.787456
56 0.181819 0.173074 0.0858437 -7.54027e-05 -4.24518e-05 0.0858425 0.165794 -0.000104326 4.22342e-05 7.26088e-05 0.000104744 0.135433 -0.0325317 -4.31517e-05 3.71478e-05 0.032531 0.136161 0.495995 -0.000435668 -0.000245282 0.495989 0.957937 -0.000602786 0.000244025 0.000419526 0.000605199 0.782518 -0.187965 -0.000249326 0.000214636 0.18796 0.786725
58 0.185988 0.167991 0.0719969 -7.78402e-05 -6.0994e-05 0.0719959 0.160365 -9.31732e-05 4.37511e-05 7.42003e-05 9.34739e-05 0.132921 -0.0466369 -6.16113e-05 3.89935e-05 0.046637 0.133724 0.428576 -0.000463359 -0.000363079 0.42857 0.954605 -0.000554632 0.000260437 0.000441692 0.000556422 0.791237 -0.277615 -0.000366753 0.000232117 0.277616 0.796019
60 0.286303 0.167248 0.0574737 -7.91728e-05 -7.59474e-05 0.0574731 0.159348 -8.04099e-05 4.5436e-05 7.47803e-05 8.05721e-05 0.134997 -0.0565841 -7.64564e-05 4.11324e-05 0.0565852 0.135859 0.343644 -0.000473386 -0.000454102 0.34364 0.952766 -0.000480784 0.000271669 0.000447123 0.000481753 0.80717 -0.338325 -0.000457145 0.000245937 0.338332 0.812324
64 0.394175 0.172218 0.0288526 -7.79702e-05 -9.5252e-05 0.0288531 0.16403 -5.3278e-05 4.9061e-05 7.24769e-05 5.31114e-05 0.145956 -0.0644289 -9.55047e-05 4.59744e-05 0.0644321 0.146867 0.167535 -0.00045274 -0.000553089 0.167538 0.952455 -0.000309363 0.000284877 0.000420843 0.000308396 0.847505 -0.374112 -0.000554556 0.000266954 0.374131 0.852798
68 0.406626 0.177974 0.00443378 -7.09897e-05 -0.000102069 0.00443591 0.16987 -2.8359e-05 5.25817e-05 6.50522e-05 2.7827e-05 0.157514 -0.0583544 -0.000102082 5.09294e-05 0.0583596 0.158365 0.0249125 -0.000398877 -0.000573503 0.0249245 0.954463 -0.000159344 0.000295446 0.000365515 0.000156355 0.885038 -0.327882 -0.000573577 0.000286162 0.327911 0.889822
72 0.417095 0.178919 -0.0125666 -5.80824e-05 -9.94969e-05 -0.0125625 0.171225 -9.2033e-06 5.54801e-05 5.23654e-05 8.31703e-06 0.163376 -0.0423804 -9.93606e-05 5.51793e-05 0.042387 0.16407 -0.0702365 -0.00032463 -0.0005561 -0.0702131 0.956998 -5.14384e-05 0.000310085 0.000292677 4.64849e-05 0.913127 -0.236869 -0.000555339 0.000308404 0.236906 0.917008
76 0.425533 0.172869 -0.0206174 -3.99433e-05 -9.09645e-05 -0.020611 0.165776 2.54772e-06 5.73027e-05 3.49905e-05 -3.72998e-06 0.160795 -0.0213535 -9.08078e-05 5.79827e-05 0.0213607 0.161308 -0.119266 -0.000231061 -0.000526204 -0.119229 0.958966 1.47379e-05 0.00033148 0.00020241 -2.15769e-05 0.930153 -0.123524 -0.000525298 0.000335414 0.123566 0.933124
80 0.431897 0.160011 -0.0199347 -1.81688e-05 -7.94453e-05 -0.0199264 0.15349 6.8579e-06 5.76866e-05 1.43265e-05 -8.24641e-06 0.149553 -6.09656e-05 -7.93911e-05 5.87965e-05 6.77995e-05 0.150003 -0.124583 -0.000113547 -0.000496498 -0.124531 0.959248 4.28589e-05 0.000360516 8.9534e-05 -5.15364e-05 0.934639 -0.000381008 -0.000496159 0.000367452 0.000423717 0.937454
84 0.436158 0.142014 -0.0122119 4.85871e-06 -6.7082e-05 -0.0122021 0.135769 4.81181e-06 5.63751e-05 -7.45695e-06 -6.31223e-06 0.13108 0.017498 -6.72081e-05 5.73482e-05 -0.0174922 0.131781 -0.0859912 3.4213e-05 -0.000472364 -0.0859219 0.956029 3.38827e-05 0.000396969 -5.25087e-05 -4.44481e-05 0.923008 0.123213 -0.000473251 0.000403822 -0.123173 0.927945
88 0.328636 0.121335 -0.000119696 2.62641e-05 -5.51767e-05 -0.000109118 0.114798 -1.89473e-06 5.32346e-05 -2.76672e-05 3.56327e-07 0.107767 0.0285964 -5.5502e-05 5.36513e-05 -0.0285921 0.109249 -0.000986496 0.00021646 -0.000454747 -0.000899315 0.946124 -1.56157e-05 0.000438742 -0.000228024 2.93672e-06 0.888181 0.235682 -0.000457428 0.000442176 -0.235646 0.900396
90 0.219313 0.110844 0.00661114 3.54306e-05 -4.96266e-05 0.00662177 0.103875 -6.40465e-06 5.09765e-05 -3.62975e-05 4.86587e-06 0.0951788 0.0312758 -5.00435e-05 5.10343e-05 -0.0312723 0.0973109 0.0596439 0.000319645 -0.000447717 0.0597398 0.937128 -5.7781e-05 0.000459896 -0.000327466 4.38986e-05 0.858677 0.282162 -0.000451479 0.000460417 -0.28213 0.877912
92 0.328636 0.100702 0.013296 4.31147e-05 -4.44177e-05 0.0133065 0.0930841 -1.13741e-05 4.82793e-05 -4.35025e-05 9.84382e-06 0.0824592 0.0319896 -4.49168e-05 4.79704e-05 -0.0319867 0.0854377 0.132033 0.000428141 -0.00044108 0.132137 0.924351 -0.000112948 0.000479426 -0.000431992 9.77519e-05 0.818843 0.317666 -0.000446036 0.000476359 -0.317637 0.84842
96 0.436158 0.082696 0.025201 5.2924e-05 -3.51719e-05 0.0252106 0.0731006 -2.18262e-05 4.169e-05 -5.25527e-05 2.0341e-05 0.0580484 0.027865 -3.58081e-05 4.07505e-05 -0.0278631 0.063333 0.304743 0.000639983 -0.000425315 0.304858 0.883968 -0.000263933 0.000504136 -0.000635493 0.000245973 0.701949 0.336957 -0.000433008 0.000492774 -0.336934 0.765853
100 0.431897 0.0693971 0.0334482 5.41243e-05 -2.76972e-05 0.0334563 0.0569783 -3.16894e-05 3.38177e-05 -5.32774e-05 3.0315e-05 0.0371308 0.0175846 -2.84545e-05 3.25354e-05 -0.0175829 0.0454818 0.481983 0.000779922 -0.000399112 0.482098 0.821046 -0.000456639 0.000487306 -0.000767718 0.000436834 0.535048 0.25339 -0.000410024 0.000468829 -0.253367 0.655384
104 0.425533 0.0620908 0.0368793 4.64034e-05 -2.22037e-05 0.0368855 0.0462337 -3.97095e-05 2.516e-05 -4.53503e-05 3.85784e-05 0.0216932 0.00328981 -2.30983e-05 2.38962e-05 -0.00328783 0.0336465 0.593957 0.000747347 -0.000357601 0.594057 0.744615 -0.00063954 0.000405213 -0.000730387 0.000621322 0.349379 0.0529838 -0.000372009 0.000384859 -0.0529519 0.541892
108 0.417095 0.0610624 0.0354225 3.08231e-05 -1.87675e-05 0.0354269 0.0415535 -4.49788e-05 1.63162e-05 -2.97855e-05 4.43058e-05 0.0128566 -0.0125494 -1.98316e-05 1.53848e-05 0.0125523 0.028553 0.580103 0.000504781 -0.000307349 0.580175 0.680509 -0.000736604 0.000267206 -0.000487788 0.000725582 0.210549 -0.205518 -0.000324776 0.000251953 0.205565 0.467604
112 0.406626 0.0655344 0.029991 9.68078e-06 -1.71738e-05 0.0299939 0.0426814 -4.69736e-05 7.92709e-06 -8.80959e-06 4.7037e-05 0.0107182 -0.0275675 -1.84177e-05 7.51514e-06 0.0275713 0.0297775 0.457638 0.000147721 -0.000262058 0.457682 0.651283 -0.000716778 0.000120961 -0.000134427 0.000717745 0.163551 -0.420657 -0.000281039 0.000114675 0.420715 0.45438
116 0.394175 0.0737865 0.0222131 -1.38707e-05 -1.67906e-05 0.0222149 0.0484542 -4.55887e-05 6.11106e-07 1.45043e-05 4.66813e-05 0.0143388 -0.0398526 -1.81625e-05 7.58189e-07 0.0398571 0.0358191 0.301045 -0.000187984 -0.000227556 0.30107 0.656681 -0.000617846 8.28209e-06 0.000196571 0.000632653 0.194328 -0.540106 -0.00024615 1.02754e-05 0.540168 0.485442
120 0.379804 0.0834682 0.0140505 -3.63701e-05 -1.65667e-05 0.0140518 0.0570067 -4.11457e-05 -5.0967e-06 3.67692e-05 4.35131e-05 0.0219012 -0.0481712 -1.79295e-05 -4.46606e-06 0.0481759 0.0443694 0.168334 -0.000435736 -0.000198479 0.168349 0.682975 -0.000492951 -6.10617e-05 0.000440517 0.000521314 0.26239 -0.57712 -0.000214807 -5.35062e-05 0.577177 0.531573
124 0.363583 0.0920605 0.00737797 -5.4654e-05 -1.51979e-05 0.00737899 0.0661236 -3.43498e-05 -8.80208e-06 5.48779e-05 3.8133e-05 0.0310269 -0.0520486 -1.63352e-05 -7.81801e-06 0.052053 0.0527473 0.0801426 -0.000593674 -0.000165086 0.0801536 0.718262 -0.000373122 -9.56119e-05 0.000596107 0.000414216 0.337027 -0.565374 -0.00017744 -8.49225e-05 0.565421 0.572964
128 0.34559 0.097403 0.00360083 -6.63972e-05 -1.14388e-05 0.00360176 0.0736764 -2.61807e-05 -1.03038e-05 6.65364e-05 3.13769e-05 0.0392003 -0.0517128 -1.20909e-05 -9.09176e-06 0.0517161 0.0584202 0.0369683 -0.000681675 -0.000117438 0.0369779 0.756408 -0.000268788 -0.000105785 0.000683105 0.000322135 0.402455 -0.530915 -0.000124133 -9.33417e-05 0.53095 0.599778
132 0.325914 0.0981665 0.00338341 -7.04805e-05 -4.4737e-06 0.00338422 0.0780514 -1.77285e-05 -9.6364e-06 7.06291e-05 2.41744e-05 0.0442184 -0.0479302 -4.39515e-06 -8.28077e-06 0.0479322 0.0595038 0.0344661 -0.000717969 -4.55726e-05 0.0344743 0.795092 -0.000180596 -9.81639e-05 0.000719483 0.000246259 0.450443 -0.488254 -4.47724e-05 -8.43544e-05 0.488274 0.606152
136 0.304649 0.0941572 0.00653968 -6.71151e-05 5.77064e-06 0.00654019 0.0784685 -1.00038e-05 -7.09338e-06 6.73469e-05 1.7384e-05 0.0445718 -0.0417808 6.74872e-06 -5.63165e-06 0.0417812 0.0551285 0.069455 -0.000712798 6.12873e-05 0.0694604 0.833378 -0.000106246 -7.53355e-05 0.00071526 0.000184628 0.473377 -0.443734 7.16751e-05 -5.98112e-05 0.443739 0.585495
140 0.281901 0.0863656 0.0121071 -5.77072e-05 1.84859e-05 0.0121072 0.0751122 -3.76651e-06 -3.21789e-06 5.80602e-05 1.16483e-05 0.0396768 -0.0344206 2.04043e-05 -1.65963e-06 0.0344196 0.0455845 0.140185 -0.000668174 0.000214043 0.140185 0.8697 -4.36112e-05 -3.72589e-05 0.000672261 0.000134872 0.459406 -0.398545 0.000236255 -1.92164e-05 0.398534 0.527808
144 0.257779 0.0767336 0.018588 -4.44983e-05 3.20823e-05 0.0185874 0.0690356 5.8639e-07 1.25122e-06 4.49716e-05 7.30691e-06 0.0299107 -0.0268811 3.48289e-05 2.89484e-06 0.0268791 0.0322075 0.24224 -0.000579906 0.000418099 0.242233 0.899679 7.6419e-06 1.6306e-05 0.000586074 9.52244e-05 0.389799 -0.350317 0.000453894 3.77259e-05 0.350291 0.419731
148 0.232401 0.0676828 0.0243056 -3.00652e-05 4.45246e-05 0.0243044 0.061861 3.04355e-06 5.48302e-06 3.06267e-05 4.38682e-06 0.0164498 -0.0199355 4.78462e-05 7.17429e-06 0.0199329 0.0170321 0.35911 -0.000444208 0.000657842 0.359093 0.913984 4.49678e-05 8.10105e-05 0.000452504 6.48143e-05 0.243042 -0.294544 0.000706919 0.000105999 0.294505 0.251647
152 0.205891 0.0615122 0.0277979 -1.67915e-05 5.38288e-05 0.0277964 0.0553461 3.91114e-06 8.69971e-06 1.7392e-05 2.66445e-06 0.000959199 -0.0140468 5.73765e-05 1.03646e-05 0.0140441 0.00229583 0.45191 -0.000272979 0.000875092 0.451884 0.899759 6.35832e-05 0.000141431 0.00028274 4.33159e-05 0.0155936 -0.228359 0.000932767 0.000168496 0.228314 0.0373233
156 0.178378 0.0598133 0.028159 -6.4244e-06 5.85865e-05 0.0281573 0.0509311 3.67915e-06 1.03387e-05 7.0098e-06 1.77409e-06 -0.0147854 -0.00938815 6.19831e-05 1.18751e-05 0.00938564 -0.0100814 0.470782 -0.000107407 0.000979489 0.470753 0.851501 6.15106e-05 0.000172849 0.000117195 2.96604e-05 -0.247193 -0.156958 0.00103628 0.000198536 0.156916 -0.168548
160 0.0971232 0.0630539 0.0252499 1.90929e-07 5.83664e-05 0.0252483 0.0493814 2.86835e-06 1.01906e-05 3.28397e-07 1.33016e-06 -0.0292458 -0.00591449 6.12786e-05 1.14912e-05 0.00591246 -0.01891 0.40045 3.02803e-06 0.000925659 0.400424 0.783161 4.54905e-05 0.000161617 5.2082e-06 2.10955e-05 -0.463823 -0.0938006 0.000971844 0.000182244 0.0937684 -0.299902
161 0.0357021 0.0645694 0.0240728 1.25112e-06 5.75918e-05 0.0240712 0.0494513 2.62858e-06 9.88991e-06 -7.5545e-07 1.25067e-06 -0.0325232 -0.00521269 6.0342e-05 1.1117e-05 0.0052108 -0.0205118 0.372821 1.93764e-05 0.000891936 0.372797 0.765863 4.07094e-05 0.000153167 -1.16998e-05 1.93694e-05 -0.503695 -0.08073 0.000934529 0.000172172 0.0807008 -0.31767
162 0.0338871 0.0663253 0.0227467 2.08929e-06 5.65666e-05 0.0227452 0.0496901 2.38542e-06 9.49631e-06 -1.61979e-06 1.17611e-06 -0.0356398 -0.00457112 5.91425e-05 1.06451e-05 0.00456938 -0.0218765 0.342957 3.15006e-05 0.000852866 0.342934 0.749188 3.59655e-05 0.000143178 -2.44219e-05 1.77325e-05 -0.537349 -0.0689197 0.000891703 0.000160499 0.0688934 -0.329836
163 0.0320617 0.0682935 0.0212914 2.71837e-06 5.53164e-05 0.02129 0.0500854 2.14346e-06 9.01867e-06 -2.27734e-06 1.1037e-06 -0.0385866 -0.00398638 5.77078e-05 1.00853e-05 0.00398479 -0.0230128 0.311763 3.98042e-05 0.00080998 0.311743 0.733384 3.1386e-05 0.000132057 -3.33464e-05 1.61611e-05 -0.565011 -0.0583713 0.000844996 0.000147675 0.058348 -0.336969
164 0.0302266 0.0704424 0.0197287 3.1538e-06 5.38699e-05 0.0197274 0.0506221 1.90661e-06 8.46725e-06 -2.74327e-06 1.0313e-06 -0.0413567 -0.00345508 5.6069e-05 9.4485e-06 0.00345364 -0.0239324 0.280069 4.47714e-05 0.000764736 0.280051 0.718632 2.70662e-05 0.000120201 -3.89435e-05 1.46404e-05 -0.587099 -0.0490483 0.000795955 0.000134131 0.0490279 -0.339745
165 0.0283823 0.0727372 0.0180822 3.41315e-06 5.22585e-05 0.018081 0.0512829 1.67812e-06 7.85345e-06 -3.03484e-06 9.57413e-07 -0.0439453 -0.00297385 5.42601e-05 8.74717e-06 0.00297256 -0.0246498 0.248596 4.69245e-05 0.000718457 0.248579 0.705044 2.3071e-05 0.00010797 -4.17234e-05 1.31626e-05 -0.604165 -0.0408849 0.000745975 0.000120257 0.0408672 -0.338889
166 0.0265294 0.0751406 0.0163765 3.51573e-06 5.05161e-05 0.0163754 0.0520482 1.46062e-06 7.1897e-06 -3.17102e-06 8.81132e-07 -0.0463495 -0.00253943 5.23173e-05 7.99467e-06 0.00253829 -0.0251819 0.217945 4.67886e-05 0.000672287 0.21793 0.692677 1.94385e-05 9.56832e-05 -4.22011e-05 1.17264e-05 -0.616836 -0.0337957 0.000696259 0.000106396 0.0337805 -0.33513
167 0.0246683 0.0776139 0.0146375 3.48219e-06 4.86783e-05 0.0146366 0.0528972 1.25617e-06 6.48916e-06 -3.17205e-06 8.02135e-07 -0.048568 -0.00214871 5.02788e-05 7.20521e-06 0.00214771 -0.0255473 0.188594 4.48655e-05 0.000627185 0.188582 0.681543 1.61848e-05 8.36082e-05 -4.08696e-05 1.03349e-05 -0.625764 -0.0276846 0.000647807 9.2834e-05 0.0276717 -0.32916
168 0.0172754 0.0801166 0.0128915 3.33413e-06 4.67817e-05 0.0128907 0.0538075 1.06627e-06 5.76558e-06 -3.05909e-06 7.20624e-07 -0.0506012 -0.00179873 4.81839e-05 6.39359e-06 0.00179786 -0.0257665 0.16091 4.16159e-05 0.00058392 0.160899 0.671615 1.3309e-05 7.19648e-05 -3.8183e-05 8.99468e-06 -0.631594 -0.0224513 0.000601421 7.98035e-05 0.0224405 -0.321613
168.5 0.0109315 0.0813664 0.0120242 3.22405e-06 4.5823e-05 0.0120234 0.0542785 9.77118e-07 5.39954e-06 -2.96662e-06 6.79117e-07 -0.0515487 -0.00163814 4.71276e-05 5.9842e-06 0.00163734 -0.0258279 0.147778 3.96239e-05 0.000563169 0.147769 0.667088 1.20089e-05 6.63608e-05 -3.646e-05 8.34641e-06 -0.633539 -0.0201329 0.000579203 7.35463e-05 0.0201231 -0.317428
169 0.0104622 0.0826082 0.011165 3.09365e-06 4.48636e-05 0.0111643 0.0547563 8.9196e-07 5.03302e-06 -2.85377e-06 6.37264e-07 -0.0524506 -0.00148673 4.60722e-05 5.57496e-06 0.00148599 -0.0258609 0.135156 3.74497e-05 0.00054309 0.135147 0.662843 1.07975e-05 6.09264e-05 -3.45458e-05 7.71429e-06 -0.634933 -0.0179974 0.00055772 6.74868e-05 0.0179885 -0.313054
169.5 0.00999215 0.083837 0.0103172 2.94571e-06 4.39082e-05 0.0103165 0.0552378 8.1086e-07 4.6678e-06 -2.72325e-06 5.95208e-07 -0.0533072 -0.00134417 4.50225e-05 5.16777e-06 0.0013435 -0.025868 0.123063 3.51361e-05 0.000523733 0.123055 0.658872 9.67186e-06 5.5677e-05 -3.24827e-05 7.09959e-06 -0.635844 -0.0160332 0.000537024 6.16407e-05 0.0160251 -0.308551
170 0.0095213 0.0850479 0.00948409 2.78297e-06 4.29613e-05 0.00948345 0.0557203 7.33861e-07 4.30562e-06 -2.57776e-06 5.53114e-07 -0.054119 -0.00121018 4.39834e-05 4.76453e-06 0.00120957 -0.0258522 0.111515 3.27224e-05 0.000505143 0.111507 0.655164 8.6288e-06 5.06258e-05 -3.03095e-05 6.50357e-06 -0.636336 -0.0142294 0.000517161 5.60218e-05 0.0142222 -0.303973
170.5 0.00904972 0.0862357 0.00866875 2.60816e-06 4.20275e-05 0.00866817 0.0562007 6.60987e-07 3.94823e-06 -2.41994e-06 5.11163e-07 -0.0548863 -0.00108447 4.29598e-05 4.36711e-06 0.00108391 -0.0258162 0.100524 3.02445e-05 0.000487356 0.100517 0.65171 7.66489e-06 4.57841e-05 -2.80619e-05 5.9275e-06 -0.636469 -0.0125756 0.000498168 5.06415e-05 0.0125691 -0.299368
171 0.00857745 0.0873958 0.00787431 2.42395e-06 4.11112e-05 0.00787379 0.0566763 5.92245e-07 3.59733e-06 -2.2524e-06 4.69548e-07 -0.0556098 -0.000966763 4.19565e-05 3.97734e-06 0.00096626 -0.0257628 0.0900994 2.77354e-05 0.000470402 0.0900934 0.648501 6.77658e-06 4.11614e-05 -2.57724e-05 5.37266e-06 -0.636298 -0.0110619 0.000480074 4.55095e-05 0.0110561 -0.294782
171.5 0.00810453 0.0885234 0.0071038 2.23298e-06 4.02167e-05 0.00710333 0.0571443 5.27624e-07 3.25462e-06 -2.07769e-06 4.28478e-07 -0.0562898 -0.000856819 4.09779e-05 3.59704e-06 0.000856368 -0.0256945 0.0802478 2.52247e-05 0.000454306 0.0802424 0.645528 5.96028e-06 3.67656e-05 -2.34705e-05 4.84029e-06 -0.635875 -0.00967901 0.000462905 4.06337e-05 0.00967392 -0.290257
172 0.00763099 0.0896137 0.00636014 2.03778e-06 3.93483e-05 0.00635972 0.0576019 4.67103e-07 2.92172e-06 -1.8983e-06 3.88169e-07 -0.056927 -0.000754395 4.00287e-05 3.22795e-06 0.000753995 -0.0256141 0.0709729 2.27396e-05 0.000439088 0.0709681 0.64278 5.2124e-06 3.26034e-05 -2.11831e-05 4.33157e-06 -0.635249 -0.0084183 0.00044668 3.60208e-05 0.00841383 -0.285828
172.5 0.00715688 0.0906625 0.00564617 1.84084e-06 3.85102e-05 0.0056458 0.0580465 4.10648e-07 2.60021e-06 -1.71662e-06 3.48841e-07 -0.057522 -0.00065927 3.91131e-05 2.8718e-06 0.000658916 -0.0255241 0.0622768 2.03043e-05 0.000424764 0.0622727 0.640248 4.52941e-06 2.86801e-05 -1.89342e-05 3.84768e-06 -0.634463 -0.00727169 0.000431415 3.16758e-05 0.0072678 -0.281529
173 0.00668221 0.0916653 0.0049646 1.64452e-06 3.77062e-05 0.00496427 0.0584755 3.58216e-07 2.29164e-06 -1.53498e-06 3.10719e-07 -0.0580752 -0.000571233 3.82355e-05 2.53023e-06 0.000570924 -0.0254271 0.0541601 1.79405e-05 0.000411346 0.0541565 0.637924 3.90787e-06 2.50001e-05 -1.67455e-05 3.38972e-06 -0.633557 -0.00623172 0.000417121 2.76029e-05 0.00622836 -0.27739
173.5 0.00620704 0.0926181 0.00431803 1.45112e-06 3.694e-05 0.00431774 0.0588865 3.09758e-07 1.99747e-06 -1.35557e-06 2.74031e-07 -0.0585873 -0.000490091 3.73997e-05 2.20481e-06 0.000489824 -0.0253253 0.0466219 1.56678e-05 0.000398843 0.0466188 0.6358 3.34447e-06 2.15668e-05 -1.46361e-05 2.95872e-06 -0.632569 -0.00529152 0.000403806 2.38054e-05 0.00528864 -0.273438
174 0.0057314 0.0935169 0.00370891 1.2628e-06 3.62154e-05 0.00370867 0.0592772 2.65217e-07 1.7191e-06 -1.18051e-06 2.38998e-07 -0.0590589 -0.000415664 3.66096e-05 1.89706e-06 0.000415436 -0.0252212 0.0396604 1.35035e-05 0.000387261 0.0396577 0.633866 2.83604e-06 1.83828e-05 -1.26235e-05 2.55567e-06 -0.631531 -0.0044448 0.000391476 2.02857e-05 0.00444236 -0.269697
174.5 0.00525531 0.0943581 0.00313958 1.08161e-06 3.55357e-05 0.00313937 0.0596452 2.24536e-07 1.45785e-06 -1.01177e-06 2.0584e-07 -0.0594904 -0.000347787 3.58688e-05 1.60839e-06 0.000347595 -0.0251169 0.033273 1.14628e-05 0.000376604 0.0332708 0.632115 2.37961e-06 1.54502e-05 -1.07227e-05 2.18147e-06 -0.630474 -0.00368582 0.000380135 1.70456e-05 0.00368378 -0.266187
175 0.00477883 0.0951382 0.0026122 9.09463e-07 3.49039e-05 0.00261202 0.0599886 1.87652e-07 1.21496e-06 -8.51218e-07 1.74768e-07 -0.0598824 -0.000286309 3.51807e-05 1.34013e-06 0.00028615 -0.0250144 0.0274569 9.55939e-06 0.000366876 0.027455 0.630541 1.97242e-06 1.27705e-05 -8.94718e-06 1.83699e-06 -0.629425 -0.0030094 0.000369785 1.40862e-05 0.00300773 -0.262927
175.5 0.00430199 0.095854 0.00212877 7.48142e-07 3.43232e-05 0.00212863 0.0603053 1.54505e-07 9.91582e-07 -7.00573e-07 1.45983e-07 -0.0602354 -0.000231093 3.45483e-05 1.09354e-06 0.000230964 -0.0249157 0.0222085 7.80501e-06 0.000358078 0.022207 0.629137 1.61188e-06 1.03447e-05 -7.30875e-06 1.52297e-06 -0.628407 -0.00241089 0.000360427 1.14084e-05 0.00240954 -0.259934
176 0.00382481 0.0965026 0.00169115 5.99279e-07 3.37961e-05 0.00169104 0.0605936 1.25035e-07 7.8878e-07 -5.61415e-07 1.19677e-07 -0.0605498 -0.000182016 3.39746e-05 8.69737e-07 0.000181914 -0.0248225 0.0175244 6.20998e-06 0.000350209 0.0175232 0.627897 1.29567e-06 8.17367e-06 -5.81761e-06 1.24014e-06 -0.627443 -0.00188612 0.000352059 9.01258e-06 0.00188506 -0.257221
176.5 0.00334735 0.0970813 0.001301 4.64357e-07 3.33251e-05 0.00130091 0.060852 9.91848e-08 6.07513e-07 -4.35177e-07 9.60235e-08 -0.0608262 -0.000138967 3.34621e-05 6.69768e-07 0.000138889 -0.0247364 0.0134011 4.78318e-06 0.00034327 0.0134002 0.626815 1.02167e-06 6.25778e-06 -4.48261e-06 9.89104e-07 -0.626549 -0.00143145 0.000344681 6.89904e-06 0.00143065 -0.2548
177 0.00286963 0.0975878 0.000959805 3.44698e-07 3.29125e-05 0.000959741 0.0610789 7.68998e-08 4.48641e-07 -3.23138e-07 7.51841e-08 -0.0610649 -0.000101852 3.30132e-05 4.94552e-07 0.000101794 -0.0246588 0.0098353 3.53219e-06 0.00033726 0.00983464 0.625887 7.88007e-07 4.59731e-06 -3.31125e-06 7.70425e-07 -0.625744 -0.00104369 0.000338292 5.06777e-06 0.0010431 -0.252683
177.5 0.00239169 0.0980199 0.000668871 2.4146e-07 3.256e-05 0.000668826 0.061273 5.81317e-08 3.12915e-07 -2.26415e-07 5.73005e-08 -0.0612663 -7.05856e-05 3.26299e-05 3.44901e-07 7.05455e-05 -0.024591 0.00682383 2.46338e-06 0.000332178 0.00682338 0.625108 5.9306e-07 3.19237e-06 -2.30989e-06 5.8458e-07 -0.625039 -0.000720115 0.00033289 3.51868e-06 0.000719706 -0.250877
178 0.00191357 0.0983759 0.000429306 1.5563e-07 3.22694e-05 0.000429277 0.0614334 4.28375e-08 2.0098e-07 -1.45963e-07 4.24958e-08 -0.0614306 -4.50991e-05 3.23138e-05 2.21504e-07 4.50734e-05 -0.024534 0.00436393 1.58199e-06 0.000328022 0.00436364 0.624476 4.35448e-07 2.04298e-06 -1.48373e-06 4.31974e-07 -0.624448 -0.000458437 0.000328473 2.25161e-06 0.000458175 -0.24939
178.5 0.00143531 0.0986543 0.000242023 8.80221e-08 3.2042e-05 0.000242007 0.061559 3.0981e-08 1.13364e-07 -8.25677e-08 3.08725e-08 -0.0615582 -2.53352e-05 3.20665e-05 1.24933e-07 2.53207e-05 -0.0244887 0.00245324 8.92227e-07 0.00032479 0.00245308 0.623988 3.14036e-07 1.14911e-06 -8.3694e-07 3.12937e-07 -0.623979 -0.000256808 0.000325039 1.26637e-06 0.000256661 -0.248228
179 0.000956932 0.098854 0.000107737 3.92737e-08 3.18788e-05 0.00010773 0.0616493 2.25332e-08 5.04837e-08 -3.68442e-08 2.25117e-08 -0.0616491 -1.12496e-05 3.18891e-05 5.56327e-08 1.12432e-05 -0.0244559 0.00108986 3.9729e-07 0.000322483 0.00108979 0.62364 2.27944e-07 5.10689e-07 -3.72713e-07 2.27727e-07 -0.623638 -0.0001138 0.000322588 5.62777e-07 0.000113735 -0.247395
179.5 0.000478484 0.0989741 2.696e-05 9.84135e-09 3.17805e-05 2.69582e-05 0.0617036 1.7473e-08 1.26359e-08 -9.23318e-09 1.74717e-08 -0.0617036 -2.81082e-06 3.17823e-05 1.39243e-08 2.80922e-06 -0.0244361 0.000272394 9.94336e-08 0.000321099 0.000272376 0.623432 1.76541e-07 1.27668e-07 -9.32888e-08 1.76527e-07 -0.623432 -2.83996e-05 0.000321117 1.40686e-07 2.83833e-05 -0.246893
180 5.98114e-05 0.0990142 5.23357e-19 1.29485e-19 3.17477e-05 3.04734e-19 0.0617218 1.57877e-08 1.90454e-18 -4.78655e-19 1.57877e-08 -0.0617218 -1.20948e-18 3.17467e-05 2.04598e-18 3.39526e-19 -0.0244294 5.28568e-18 1.30774e-18 0.000320638 3.07768e-18 0.623363 1.59449e-07 1.9235e-17 -4.8342e-18 1.59449e-07 -0.623363 -1.22152e-17 0.000320627 2.06635e-17 3.42906e-18 -0.246726
