theta 2pi*dcos S11 S12 S13 S14 S21 S22 S23 S24 S31 S32 S33 S34 S41 S42 S43 S44 S12_norm S13_norm S14_norm S21_norm S22_norm S23_norm S24_norm S31_norm S32_norm S33_norm S34_norm S41_norm S42_norm S43_norm S44_norm
0 2.39246e-06 0.21121 2.00059e-19 0 3.59061e-06 6.49946e-20 0.210712 -1.32999e-07 0 0 1.32999e-07 0.210712 0 3.58876e-06 0 0 0.210213 9.47202e-19 0 1.70002e-05 3.07724e-19 0.997639 -6.29698e-07 0 0 6.29698e-07 0.997639 0 1.69914e-05 0 0 0.99528
0.1 1.91397e-05 0.21121 -1.5969e-07 -1.40919e-12 3.5906e-06 -1.5969e-07 0.210711 -1.33003e-07 -1.374e-12 1.6213e-12 1.33003e-07 0.210711 6.79509e-08 3.58874e-06 -2.36884e-12 -6.79506e-08 0.210213 -7.56072e-07 -6.67198e-12 1.70002e-05 -7.56072e-07 0.997639 -6.29718e-07 -6.5054e-12 7.67627e-12 6.29718e-07 0.997639 3.21722e-07 1.69914e-05 -1.12156e-11 -3.21721e-07 0.99528
0.2 3.82793e-05 0.211207 -6.38752e-07 -5.63665e-12 3.59056e-06 -6.38752e-07 0.210709 -1.33014e-07 -5.49598e-12 6.48517e-12 1.33014e-07 0.210709 2.71801e-07 3.5887e-06 -9.47527e-12 -2.718e-07 0.210211 -3.02429e-06 -2.66877e-11 1.70001e-05 -3.02428e-06 0.997639 -6.29781e-07 -2.60217e-11 3.07052e-11 6.29781e-07 0.997639 1.28689e-06 1.69914e-05 -4.48624e-11 -1.28689e-06 0.99528
0.3 5.74188e-05 0.211204 -1.43717e-06 -1.26822e-11 3.59049e-06 -1.43717e-06 0.210705 -1.33034e-07 -1.23657e-11 1.45914e-11 1.33034e-07 0.210705 6.11546e-07 3.58863e-06 -2.13191e-11 -6.11543e-07 0.210207 -6.80463e-06 -6.00472e-11 1.70001e-05 -6.80463e-06 0.997639 -6.29884e-07 -5.85487e-11 6.90868e-11 6.29884e-07 0.997639 2.89552e-06 1.69913e-05 -1.00941e-10 -2.89551e-06 0.99528
0.4 7.65581e-05 0.211199 -2.5549e-06 -2.25455e-11 3.59039e-06 -2.5549e-06 0.2107 -1.33062e-07 -2.1983e-11 2.59396e-11 1.33062e-07 0.2107 1.08717e-06 3.58854e-06 -3.78997e-11 -1.08717e-06 0.210202 -1.20971e-05 -1.0675e-10 1.7e-05 -1.20971e-05 0.997639 -6.30029e-07 -1.04087e-10 1.22821e-10 6.30029e-07 0.997639 5.14762e-06 1.69913e-05 -1.7945e-10 -5.1476e-06 0.99528
0.5 9.56972e-05 0.211193 -3.9919e-06 -3.52262e-11 3.59026e-06 -3.9919e-06 0.210694 -1.33097e-07 -3.43473e-11 4.05294e-11 1.33097e-07 0.210694 1.69867e-06 3.58841e-06 -5.92168e-11 -1.69866e-06 0.210196 -1.89017e-05 -1.66796e-10 1.69999e-05 -1.89017e-05 0.997639 -6.30215e-07 -1.62635e-10 1.91907e-10 6.30215e-07 0.997639 8.04322e-06 1.69912e-05 -2.80392e-10 -8.04318e-06 0.995279
0.6 0.000114836 0.211185 -5.74811e-06 -5.07235e-11 3.59011e-06 -5.74811e-06 0.210686 -1.3314e-07 -4.94583e-11 5.83602e-11 1.3314e-07 0.210686 2.44602e-06 3.58826e-06 -8.52694e-11 -2.44601e-06 0.210188 -2.72184e-05 -2.40185e-10 1.69998e-05 -2.72183e-05 0.997639 -6.30443e-07 -2.34194e-10 2.76346e-10 6.30443e-07 0.997639 1.15823e-05 1.69911e-05 -4.03766e-10 -1.15823e-05 0.995279
0.7 0.000133974 0.211176 -7.82346e-06 -6.90368e-11 3.58993e-06 -7.82345e-06 0.210677 -1.33191e-07 -6.73151e-11 7.94312e-11 1.33191e-07 0.210677 3.32919e-06 3.58808e-06 -1.16057e-10 -3.32918e-06 0.210179 -3.70471e-05 -3.26916e-10 1.69997e-05 -3.70471e-05 0.997638 -6.30712e-07 -3.18763e-10 3.76137e-10 6.30712e-07 0.997638 1.5765e-05 1.6991e-05 -5.49573e-10 -1.57649e-05 0.995279
0.8 0.000153112 0.211166 -1.02178e-05 -9.01652e-11 3.58972e-06 -1.02178e-05 0.210667 -1.3325e-07 -8.79172e-11 1.03741e-10 1.3325e-07 0.210667 4.34817e-06 3.58788e-06 -1.51577e-10 -4.34815e-06 0.210169 -4.83879e-05 -4.26988e-10 1.69995e-05 -4.83878e-05 0.997638 -6.31023e-07 -4.16343e-10 4.9128e-10 6.31023e-07 0.997638 2.05913e-05 1.69908e-05 -7.17813e-10 -2.05912e-05 0.995279
0.9 0.00017225 0.211154 -1.29312e-05 -1.14108e-10 3.58948e-06 -1.29312e-05 0.210655 -1.33317e-07 -1.11264e-10 1.3129e-10 1.33317e-07 0.210655 5.50292e-06 3.58764e-06 -1.91831e-10 -5.50289e-06 0.210157 -6.12406e-05 -5.40402e-10 1.69994e-05 -6.12406e-05 0.997638 -6.31375e-07 -5.26932e-10 6.21775e-10 6.31375e-07 0.997638 2.60612e-05 1.69907e-05 -9.08488e-10 -2.60611e-05 0.995279
1 0.000191387 0.21114 -1.59633e-05 -1.40863e-10 3.58922e-06 -1.59633e-05 0.210642 -1.33392e-07 -1.37353e-10 1.62076e-10 1.33392e-07 0.210642 6.7934e-06 3.58738e-06 -2.36815e-10 -6.79337e-06 0.210143 -7.56053e-05 -6.67155e-10 1.69992e-05 -7.56053e-05 0.997638 -6.31768e-07 -6.50531e-10 7.67622e-10 6.31768e-07 0.997638 3.21748e-05 1.69905e-05 -1.1216e-09 -3.21747e-05 0.995279
1.1 0.000210523 0.211126 -1.93142e-05 -1.70431e-10 3.58892e-06 -1.93142e-05 0.210627 -1.33474e-07 -1.66185e-10 1.96098e-10 1.33474e-07 0.210627 8.21958e-06 3.58709e-06 -2.86528e-10 -8.21955e-06 0.210129 -9.1482e-05 -8.07248e-10 1.6999e-05 -9.14819e-05 0.997638 -6.32203e-07 -7.8714e-10 9.28821e-10 6.32203e-07 0.997638 3.89322e-05 1.69903e-05 -1.35714e-09 -3.8932e-05 0.995278
1.2 0.000229659 0.21111 -2.29836e-05 -2.02809e-10 3.5886e-06 -2.29836e-05 0.210611 -1.33565e-07 -1.97759e-10 2.33354e-10 1.33565e-07 0.210611 9.78142e-06 3.58677e-06 -3.40969e-10 -9.78138e-06 0.210113 -0.00010887 -9.60679e-10 1.69988e-05 -0.00010887 0.997638 -6.32679e-07 -9.36758e-10 1.10537e-09 6.32679e-07 0.997638 4.63333e-05 1.69901e-05 -1.61513e-09 -4.63332e-05 0.995278
1.3 0.000248794 0.211092 -2.69714e-05 -2.37995e-10 3.58825e-06 -2.69714e-05 0.210593 -1.33663e-07 -2.32071e-10 2.73844e-10 1.33663e-07 0.210593 1.14789e-05 3.58643e-06 -4.00135e-10 -1.14788e-05 0.210095 -0.000127771 -1.12745e-09 1.69985e-05 -0.000127771 0.997637 -6.33196e-07 -1.09938e-09 1.29727e-09 6.33196e-07 0.997637 5.43784e-05 1.69899e-05 -1.89555e-09 -5.43782e-05 0.995278
1.4 0.000267929 0.211073 -3.12775e-05 -2.75989e-10 3.58788e-06 -3.12774e-05 0.210575 -1.33769e-07 -2.69123e-10 3.17565e-10 1.33769e-07 0.210575 1.33119e-05 3.58606e-06 -4.64025e-10 -1.33118e-05 0.210076 -0.000148183 -1.30755e-09 1.69982e-05 -0.000148183 0.997637 -6.33755e-07 -1.27502e-09 1.50452e-09 6.33755e-07 0.997637 6.30675e-05 1.69896e-05 -2.19841e-09 -6.30672e-05 0.995277
1.5 0.000287062 0.211053 -3.59015e-05 -3.16788e-10 3.58747e-06 -3.59015e-05 0.210554 -1.33883e-07 -3.08911e-10 3.64515e-10 1.33883e-07 0.210554 1.52804e-05 3.58566e-06 -5.32636e-10 -1.52803e-05 0.210056 -0.000170107 -1.50099e-09 1.6998e-05 -0.000170107 0.997637 -6.34356e-07 -1.46366e-09 1.72713e-09 6.34356e-07 0.997637 7.24006e-05 1.69894e-05 -2.52371e-09 -7.24003e-05 0.995277
1.6 0.000306195 0.211031 -4.08435e-05 -3.60391e-10 3.58704e-06 -4.08434e-05 0.210533 -1.34004e-07 -3.51434e-10 4.14693e-10 1.34004e-07 0.210533 1.73843e-05 3.58523e-06 -6.05966e-10 -1.73842e-05 0.210035 -0.000193542 -1.70776e-09 1.69977e-05 -0.000193542 0.997637 -6.34998e-07 -1.66531e-09 1.96508e-09 6.34998e-07 0.997637 8.23778e-05 1.69891e-05 -2.87145e-09 -8.23775e-05 0.995277
1.7 0.000325327 0.211008 -4.6103e-05 -4.06795e-10 3.58658e-06 -4.6103e-05 0.21051 -1.34134e-07 -3.9669e-10 4.68097e-10 1.34134e-07 0.21051 1.96236e-05 3.58477e-06 -6.84011e-10 -1.96235e-05 0.210012 -0.000218489 -1.92786e-09 1.69973e-05 -0.000218489 0.997636 -6.35681e-07 -1.87997e-09 2.21838e-09 6.35681e-07 0.997636 9.29993e-05 1.69888e-05 -3.24163e-09 -9.29989e-05 0.995276
1.8 0.000344457 0.210984 -5.168e-05 -4.55999e-10 3.58609e-06 -5.168e-05 0.210485 -1.34271e-07 -4.44678e-10 5.24724e-10 1.34271e-07 0.210485 2.19982e-05 3.58429e-06 -7.66771e-10 -2.19982e-05 0.209987 -0.000244948 -2.1613e-09 1.6997e-05 -0.000244947 0.997636 -6.36406e-07 -2.10764e-09 2.48703e-09 6.36406e-07 0.997636 0.000104265 1.69885e-05 -3.63426e-09 -0.000104265 0.995276
1.9 0.000363587 0.210958 -5.75741e-05 -5.08e-10 3.58557e-06 -5.75741e-05 0.210459 -1.34417e-07 -4.95395e-10 5.84572e-10 1.34416e-07 0.210459 2.45081e-05 3.58378e-06 -8.54241e-10 -2.4508e-05 0.209961 -0.000272917 -2.40806e-09 1.69966e-05 -0.000272917 0.997636 -6.37172e-07 -2.34831e-09 2.77103e-09 6.37172e-07 0.997636 0.000116175 1.69881e-05 -4.04934e-09 -0.000116175 0.995276
2 0.000382716 0.210931 -6.37852e-05 -5.62795e-10 3.58503e-06 -6.37852e-05 0.210432 -1.3457e-07 -5.4884e-10 6.47638e-10 1.34569e-07 0.210432 2.71532e-05 3.58324e-06 -9.46418e-10 -2.7153e-05 0.209934 -0.000302399 -2.66815e-09 1.69962e-05 -0.000302399 0.997635 -6.37979e-07 -2.60199e-09 3.07038e-09 6.37979e-07 0.997635 0.00012873 1.69878e-05 -4.48686e-09 -0.00012873 0.995275
2.1 0.000401843 0.210902 -7.03129e-05 -6.20382e-10 3.58446e-06 -7.03129e-05 0.210403 -1.3473e-07 -6.05009e-10 7.13921e-10 1.3473e-07 0.210403 2.99333e-05 3.58268e-06 -1.0433e-09 -2.99332e-05 0.209906 -0.000333391 -2.94156e-09 1.69958e-05 -0.000333391 0.997635 -6.38828e-07 -2.86867e-09 3.38508e-09 6.38828e-07 0.997635 0.00014193 1.69874e-05 -4.94684e-09 -0.000141929 0.995275
2.2 0.000420969 0.210872 -7.7157e-05 -6.80759e-10 3.58386e-06 -7.7157e-05 0.210373 -1.34899e-07 -6.63902e-10 7.83417e-10 1.34899e-07 0.210373 3.28484e-05 3.58209e-06 -1.14488e-09 -3.28483e-05 0.209876 -0.000365895 -3.2283e-09 1.69954e-05 -0.000365895 0.997635 -6.39719e-07 -3.14836e-09 3.71513e-09 6.39719e-07 0.997635 0.000155774 1.6987e-05 -5.42927e-09 -0.000155773 0.995274
2.3 0.000440094 0.210841 -8.43172e-05 -7.43922e-10 3.58323e-06 -8.43172e-05 0.210342 -1.35075e-07 -7.25514e-10 8.56123e-10 1.35075e-07 0.210342 3.58984e-05 3.58147e-06 -1.25116e-09 -3.58983e-05 0.209844 -0.000399909 -3.52836e-09 1.6995e-05 -0.000399909 0.997634 -6.40651e-07 -3.44105e-09 4.06052e-09 6.4065e-07 0.997634 0.000170263 1.69866e-05 -5.93415e-09 -0.000170263 0.995274
2.4 0.000459218 0.210808 -9.17931e-05 -8.09868e-10 3.58258e-06 -9.17931e-05 0.210309 -1.35259e-07 -7.89845e-10 9.32037e-10 1.35259e-07 0.210309 3.90833e-05 3.58082e-06 -1.36213e-09 -3.90831e-05 0.209811 -0.000435435 -3.84174e-09 1.69945e-05 -0.000435435 0.997634 -6.41624e-07 -3.74675e-09 4.42126e-09 6.41624e-07 0.997634 0.000185398 1.69862e-05 -6.46148e-09 -0.000185397 0.995273
2.5 0.00047834 0.210774 -9.95846e-05 -8.78596e-10 3.5819e-06 -9.95845e-05 0.210275 -1.35451e-07 -8.5689e-10 1.01116e-09 1.35451e-07 0.210275 4.24029e-05 3.58015e-06 -1.47779e-09 -4.24027e-05 0.209777 -0.000472471 -4.16843e-09 1.6994e-05 -0.000472471 0.997634 -6.42639e-07 -4.06545e-09 4.79735e-09 6.42639e-07 0.997633 0.000201177 1.69857e-05 -7.01128e-09 -0.000201176 0.995272
2.6 0.000497461 0.210738 -0.000107691 -9.501e-10 3.58119e-06 -0.000107691 0.210239 -1.35651e-07 -9.26648e-10 1.09347e-09 1.35651e-07 0.210239 4.58571e-05 3.57944e-06 -1.59814e-09 -4.58569e-05 0.209742 -0.000511018 -4.50844e-09 1.69935e-05 -0.000511018 0.997633 -6.43695e-07 -4.39715e-09 5.18878e-09 6.43695e-07 0.997633 0.000217602 1.69853e-05 -7.58354e-09 -0.000217601 0.995272
2.7 0.00051658 0.210701 -0.000116112 -1.02438e-09 3.58045e-06 -0.000116112 0.210202 -1.35859e-07 -9.99115e-10 1.17899e-09 1.35859e-07 0.210202 4.94458e-05 3.57871e-06 -1.72317e-09 -4.94456e-05 0.209705 -0.000551076 -4.86176e-09 1.6993e-05 -0.000551076 0.997633 -6.44793e-07 -4.74186e-09 5.59556e-09 6.44792e-07 0.997632 0.000234673 1.69848e-05 -8.17826e-09 -0.000234672 0.995271
2.8 0.000535698 0.210663 -0.000124848 -1.10143e-09 3.57968e-06 -0.000124848 0.210164 -1.36074e-07 -1.07429e-09 1.2677e-09 1.36074e-07 0.210164 5.31689e-05 3.57796e-06 -1.85287e-09 -5.31687e-05 0.209667 -0.000592644 -5.22839e-09 1.69925e-05 -0.000592644 0.997632 -6.45932e-07 -5.09956e-09 6.01768e-09 6.45932e-07 0.997632 0.000252389 1.69843e-05 -8.79544e-09 -0.000252388 0.99527
2.9 0.000554814 0.210623 -0.000133898 -1.18124e-09 3.57889e-06 -0.000133898 0.210124 -1.36297e-07 -1.15216e-09 1.3596e-09 1.36297e-07 0.210124 5.70264e-05 3.57717e-06 -1.98725e-09 -5.70261e-05 0.209627 -0.000635723 -5.60832e-09 1.69919e-05 -0.000635723 0.997632 -6.47113e-07 -5.47027e-09 6.45515e-09 6.47112e-07 0.997631 0.000270751 1.69838e-05 -9.4351e-09 -0.00027075 0.99527
3 0.000573928 0.210582 -0.000143261 -1.26382e-09 3.57807e-06 -0.000143261 0.210083 -1.36528e-07 -1.23274e-09 1.45469e-09 1.36528e-07 0.210083 6.1018e-05 3.57636e-06 -2.12629e-09 -6.10178e-05 0.209586 -0.000680312 -6.00156e-09 1.69913e-05 -0.000680312 0.997631 -6.48335e-07 -5.85397e-09 6.90796e-09 6.48334e-07 0.997631 0.000289759 1.69832e-05 -1.00972e-08 -0.000289758 0.995269
3.1 0.00059304 0.21054 -0.000152938 -1.34916e-09 3.57722e-06 -0.000152938 0.210041 -1.36766e-07 -1.31601e-09 1.55296e-09 1.36766e-07 0.210041 6.51437e-05 3.57552e-06 -2.27e-09 -6.51434e-05 0.209543 -0.000726411 -6.40811e-09 1.69907e-05 -0.00072641 0.997631 -6.49599e-07 -6.25068e-09 7.37611e-09 6.49598e-07 0.99763 0.000309413 1.69827e-05 -1.07818e-08 -0.000309412 0.995268
3.2 0.000612151 0.210496 -0.000162928 -1.43725e-09 3.57634e-06 -0.000162928 0.209997 -1.37012e-07 -1.40198e-09 1.65441e-09 1.37012e-07 0.209997 6.94033e-05 3.57466e-06 -2.41836e-09 -6.9403e-05 0.209499 -0.00077402 -6.82795e-09 1.69901e-05 -0.000774019 0.99763 -6.50904e-07 -6.66038e-09 7.85961e-09 6.50903e-07 0.99763 0.000329714 1.69821e-05 -1.14889e-08 -0.000329713 0.995268
3.3 0.00063126 0.21045 -0.00017323 -1.5281e-09 3.57544e-06 -0.00017323 0.209951 -1.37266e-07 -1.49064e-09 1.75904e-09 1.37266e-07 0.209951 7.37968e-05 3.57377e-06 -2.57138e-09 -7.37965e-05 0.209454 -0.000823138 -7.26108e-09 1.69895e-05 -0.000823138 0.99763 -6.5225e-07 -7.08308e-09 8.35844e-09 6.52249e-07 0.997629 0.000350661 1.69815e-05 -1.22185e-08 -0.00035066 0.995267
3.4 0.000650367 0.210404 -0.000183844 -1.62169e-09 3.57451e-06 -0.000183844 0.209905 -1.37528e-07 -1.58198e-09 1.86683e-09 1.37528e-07 0.209905 7.83239e-05 3.57285e-06 -2.72904e-09 -7.83236e-05 0.209408 -0.000873767 -7.70751e-09 1.69888e-05 -0.000873766 0.997629 -6.53638e-07 -7.51877e-09 8.87262e-09 6.53637e-07 0.997629 0.000372255 1.69809e-05 -1.29705e-08 -0.000372254 0.995266
3.5 0.000669472 0.210356 -0.000194769 -1.71802e-09 3.57355e-06 -0.000194769 0.209857 -1.37797e-07 -1.676e-09 1.97779e-09 1.37797e-07 0.209857 8.29846e-05 3.5719e-06 -2.89134e-09 -8.29842e-05 0.20936 -0.000925904 -8.16723e-09 1.69881e-05 -0.000925904 0.997628 -6.55068e-07 -7.96747e-09 9.40214e-09 6.55067e-07 0.997628 0.000394497 1.69803e-05 -1.3745e-08 -0.000394495 0.995265
3.6 0.000688575 0.210306 -0.000206006 -1.81709e-09 3.57256e-06 -0.000206006 0.209807 -1.38074e-07 -1.7727e-09 2.09192e-09 1.38074e-07 0.209807 8.77786e-05 3.57092e-06 -3.05828e-09 -8.77783e-05 0.20931 -0.000979552 -8.64023e-09 1.69874e-05 -0.000979551 0.997628 -6.56539e-07 -8.42915e-09 9.947e-09 6.56538e-07 0.997627 0.000417385 1.69796e-05 -1.4542e-08 -0.000417383 0.995264
3.7 0.000707676 0.210255 -0.000217553 -1.9189e-09 3.57155e-06 -0.000217553 0.209757 -1.38359e-07 -1.87208e-09 2.20919e-09 1.38359e-07 0.209756 9.2706e-05 3.56992e-06 -3.22985e-09 -9.27056e-05 0.20926 -0.00103471 -9.12652e-09 1.69867e-05 -0.00103471 0.997627 -6.58052e-07 -8.90384e-09 1.05072e-08 6.5805e-07 0.997627 0.000440921 1.6979e-05 -1.53615e-08 -0.000440919 0.995263
3.8 0.000726775 0.210203 -0.00022941 -2.02343e-09 3.57051e-06 -0.00022941 0.209704 -1.38651e-07 -1.97413e-09 2.32962e-09 1.38651e-07 0.209704 9.77664e-05 3.56889e-06 -3.40604e-09 -9.7766e-05 0.209207 -0.00109137 -9.62608e-09 1.6986e-05 -0.00109137 0.997627 -6.59606e-07 -9.39151e-09 1.10827e-08 6.59604e-07 0.997626 0.000465104 1.69783e-05 -1.62035e-08 -0.000465102 0.995262
3.9 0.000745871 0.21015 -0.000241577 -2.13069e-09 3.56944e-06 -0.000241577 0.209651 -1.38951e-07 -2.07884e-09 2.4532e-09 1.38951e-07 0.209651 0.00010296 3.56784e-06 -3.58684e-09 -0.000102959 0.209154 -0.00114955 -1.01389e-08 1.69852e-05 -0.00114955 0.997626 -6.61202e-07 -9.89218e-09 1.16736e-08 6.612e-07 0.997625 0.000489936 1.69776e-05 -1.7068e-08 -0.000489934 0.995261
4 0.000764965 0.210095 -0.000254053 -2.24067e-09 3.56834e-06 -0.000254053 0.209596 -1.39259e-07 -2.18621e-09 2.57992e-09 1.39259e-07 0.209596 0.000108286 3.56675e-06 -3.77226e-09 -0.000108286 0.209099 -0.00120923 -1.0665e-08 1.69844e-05 -0.00120923 0.997625 -6.62839e-07 -1.04058e-08 1.22798e-08 6.62837e-07 0.997624 0.000515415 1.69769e-05 -1.7955e-08 -0.000515413 0.99526
4.1 0.000784057 0.210038 -0.000266837 -2.35336e-09 3.56722e-06 -0.000266837 0.20954 -1.39574e-07 -2.29624e-09 2.70978e-09 1.39574e-07 0.209539 0.000113745 3.56564e-06 -3.96228e-09 -0.000113744 0.209043 -0.00127042 -1.12044e-08 1.69836e-05 -0.00127042 0.997624 -6.64518e-07 -1.09325e-08 1.29013e-08 6.64516e-07 0.997623 0.000541543 1.69761e-05 -1.88645e-08 -0.000541541 0.995259
4.2 0.000803147 0.209981 -0.00027993 -2.46876e-09 3.56607e-06 -0.00027993 0.209482 -1.39897e-07 -2.40892e-09 2.84276e-09 1.39897e-07 0.209482 0.000119336 3.56451e-06 -4.1569e-09 -0.000119336 0.208985 -0.00133312 -1.17571e-08 1.69828e-05 -0.00133312 0.997624 -6.66239e-07 -1.14721e-08 1.35382e-08 6.66236e-07 0.997623 0.00056832 1.69754e-05 -1.97966e-08 -0.000568318 0.995258
4.3 0.000822234 0.209922 -0.00029333 -2.58686e-09 3.56489e-06 -0.00029333 0.209423 -1.40228e-07 -2.52426e-09 2.97888e-09 1.40227e-07 0.209423 0.00012506 3.56334e-06 -4.35611e-09 -0.000125059 0.208926 -0.00139733 -1.2323e-08 1.6982e-05 -0.00139733 0.997623 -6.68001e-07 -1.20247e-08 1.41904e-08 6.67998e-07 0.997622 0.000595745 1.69746e-05 -2.07511e-08 -0.000595743 0.995257
4.4 0.000841318 0.209861 -0.000307037 -2.70766e-09 3.56368e-06 -0.000307037 0.209362 -1.40566e-07 -2.64223e-09 3.11811e-09 1.40565e-07 0.209362 0.000130916 3.56215e-06 -4.5599e-09 -0.000130915 0.208866 -0.00146305 -1.29021e-08 1.69811e-05 -0.00146304 0.997622 -6.69804e-07 -1.25904e-08 1.4858e-08 6.69801e-07 0.997621 0.00062382 1.69738e-05 -2.17282e-08 -0.000623818 0.995256
4.5 0.0008604 0.2098 -0.00032105 -2.83115e-09 3.56245e-06 -0.00032105 0.209301 -1.40912e-07 -2.76284e-09 3.26046e-09 1.40911e-07 0.2093 0.000136903 3.56093e-06 -4.76827e-09 -0.000136903 0.208804 -0.00153027 -1.34945e-08 1.69803e-05 -0.00153027 0.997622 -6.71649e-07 -1.3169e-08 1.55408e-08 6.71646e-07 0.99762 0.000652544 1.6973e-05 -2.27277e-08 -0.000652541 0.995255
4.6 0.00087948 0.209736 -0.000335368 -2.95733e-09 3.56119e-06 -0.000335368 0.209237 -1.41265e-07 -2.88609e-09 3.40591e-09 1.41264e-07 0.209237 0.000143023 3.55969e-06 -4.98121e-09 -0.000143022 0.208741 -0.001599 -1.41002e-08 1.69794e-05 -0.001599 0.997621 -6.73536e-07 -1.37605e-08 1.6239e-08 6.73532e-07 0.997619 0.000681918 1.69722e-05 -2.37498e-08 -0.000681915 0.995254
4.7 0.000898556 0.209672 -0.000349992 -3.08618e-09 3.5599e-06 -0.000349992 0.209173 -1.41626e-07 -3.01196e-09 3.55447e-09 1.41625e-07 0.209172 0.000149274 3.55842e-06 -5.19871e-09 -0.000149274 0.208676 -0.00166924 -1.47191e-08 1.69785e-05 -0.00166924 0.99762 -6.75464e-07 -1.43651e-08 1.69526e-08 6.7546e-07 0.997618 0.000711942 1.69714e-05 -2.47945e-08 -0.000711939 0.995253
4.8 0.00091763 0.209606 -0.00036492 -3.21772e-09 3.55859e-06 -0.00036492 0.209107 -1.41994e-07 -3.14046e-09 3.70613e-09 1.41993e-07 0.209107 0.000155657 3.55712e-06 -5.42076e-09 -0.000155656 0.208611 -0.00174098 -1.53513e-08 1.69775e-05 -0.00174098 0.997619 -6.77435e-07 -1.49827e-08 1.76814e-08 6.7743e-07 0.997617 0.000742616 1.69705e-05 -2.58617e-08 -0.000742613 0.995251
4.9 0.000936701 0.209539 -0.000380153 -3.35192e-09 3.55725e-06 -0.000380152 0.20904 -1.4237e-07 -3.27157e-09 3.86087e-09 1.42369e-07 0.209039 0.00016217 3.55579e-06 -5.64736e-09 -0.00016217 0.208543 -0.00181424 -1.59966e-08 1.69766e-05 -0.00181423 0.997618 -6.79446e-07 -1.56132e-08 1.84256e-08 6.79441e-07 0.997616 0.00077394 1.69696e-05 -2.69514e-08 -0.000773937 0.99525
5 0.00095577 0.20947 -0.000395688 -3.48878e-09 3.55588e-06 -0.000395688 0.208971 -1.42754e-07 -3.4053e-09 4.0187e-09 1.42753e-07 0.208971 0.000168815 3.55444e-06 -5.87849e-09 -0.000168815 0.208475 -0.00188899 -1.66553e-08 1.69756e-05 -0.00188899 0.997617 -6.81499e-07 -1.62567e-08 1.91851e-08 6.81494e-07 0.997615 0.000805916 1.69687e-05 -2.80636e-08 -0.000805912 0.995249
5.1 0.000974835 0.2094 -0.000411526 -3.62829e-09 3.55448e-06 -0.000411525 0.208901 -1.43145e-07 -3.54163e-09 4.17961e-09 1.43143e-07 0.208901 0.000175591 3.55306e-06 -6.11416e-09 -0.00017559 0.208405 -0.00196526 -1.73271e-08 1.69746e-05 -0.00196526 0.997617 -6.83594e-07 -1.69132e-08 1.99599e-08 6.83588e-07 0.997614 0.000838542 1.69678e-05 -2.91984e-08 -0.000838539 0.995247
5.2 0.000993897 0.209329 -0.000427665 -3.77046e-09 3.55306e-06 -0.000427665 0.20883 -1.43543e-07 -3.68056e-09 4.34359e-09 1.43542e-07 0.208829 0.000182497 3.55166e-06 -6.35434e-09 -0.000182496 0.208334 -0.00204303 -1.80121e-08 1.69736e-05 -0.00204303 0.997616 -6.85731e-07 -1.75827e-08 2.07501e-08 6.85724e-07 0.997613 0.00087182 1.69669e-05 -3.03558e-08 -0.000871817 0.995246
5.3 0.00101296 0.209256 -0.000444106 -3.91527e-09 3.55161e-06 -0.000444106 0.208757 -1.43949e-07 -3.82209e-09 4.51063e-09 1.43948e-07 0.208756 0.000189534 3.55022e-06 -6.59904e-09 -0.000189533 0.208261 -0.00212231 -1.87104e-08 1.69726e-05 -0.00212231 0.997615 -6.87909e-07 -1.82651e-08 2.15556e-08 6.87902e-07 0.997612 0.00090575 1.69659e-05 -3.15357e-08 -0.000905746 0.995245
5.4 0.00103201 0.209182 -0.000460847 -4.06271e-09 3.55014e-06 -0.000460847 0.208683 -1.44363e-07 -3.96621e-09 4.68073e-09 1.44361e-07 0.208682 0.000196701 3.54876e-06 -6.84825e-09 -0.0001967 0.208187 -0.00220309 -1.94219e-08 1.69715e-05 -0.00220309 0.997614 -6.90129e-07 -1.89606e-08 2.23763e-08 6.90122e-07 0.997611 0.000940332 1.6965e-05 -3.27382e-08 -0.000940328 0.995243
5.5 0.00105107 0.209107 -0.000477888 -4.21279e-09 3.54863e-06 -0.000477888 0.208607 -1.44783e-07 -4.11291e-09 4.85388e-09 1.44782e-07 0.208607 0.000203997 3.54728e-06 -7.10194e-09 -0.000203997 0.208112 -0.00228538 -2.01466e-08 1.69704e-05 -0.00228538 0.997613 -6.9239e-07 -1.9669e-08 2.32125e-08 6.92382e-07 0.99761 0.000975566 1.6964e-05 -3.39633e-08 -0.000975563 0.995242
5.6 0.00107012 0.20903 -0.000495228 -4.36548e-09 3.5471e-06 -0.000495228 0.208531 -1.45212e-07 -4.26219e-09 5.03007e-09 1.4521e-07 0.20853 0.000211424 3.54577e-06 -7.36013e-09 -0.000211423 0.208035 -0.00236917 -2.08845e-08 1.69694e-05 -0.00236917 0.997612 -6.94693e-07 -2.03904e-08 2.40639e-08 6.94685e-07 0.997609 0.00101145 1.6963e-05 -3.52109e-08 -0.00101145 0.99524
5.7 0.00108916 0.208952 -0.000512866 -4.52079e-09 3.54554e-06 -0.000512866 0.208453 -1.45647e-07 -4.41404e-09 5.2093e-09 1.45646e-07 0.208452 0.00021898 3.54423e-06 -7.62279e-09 -0.000218979 0.207957 -0.00245447 -2.16356e-08 1.69682e-05 -0.00245447 0.997611 -6.97038e-07 -2.11247e-08 2.49306e-08 6.97029e-07 0.997607 0.00104799 1.69619e-05 -3.64811e-08 -0.00104799 0.995239
5.8 0.00110821 0.208872 -0.000530802 -4.67871e-09 3.54396e-06 -0.000530802 0.208373 -1.46091e-07 -4.56846e-09 5.39156e-09 1.46088e-07 0.208372 0.000226666 3.54266e-06 -7.88992e-09 -0.000226665 0.207877 -0.00254127 -2.23998e-08 1.69671e-05 -0.00254127 0.99761 -6.99425e-07 -2.1872e-08 2.58127e-08 6.99415e-07 0.997606 0.00108519 1.69609e-05 -3.77739e-08 -0.00108518 0.995237
5.9 0.00112725 0.208791 -0.000549034 -4.83922e-09 3.54235e-06 -0.000549034 0.208292 -1.46541e-07 -4.72544e-09 5.57684e-09 1.46539e-07 0.208291 0.00023448 3.54107e-06 -8.16151e-09 -0.000234479 0.207797 -0.00262958 -2.31773e-08 1.6966e-05 -0.00262958 0.997609 -7.01853e-07 -2.26323e-08 2.67101e-08 7.01843e-07 0.997605 0.00112304 1.69598e-05 -3.90893e-08 -0.00112303 0.995235
6 0.00172656 0.208709 -0.000567563 -5.00233e-09 3.54071e-06 -0.000567563 0.20821 -1.46999e-07 -4.88497e-09 5.76513e-09 1.46997e-07 0.208209 0.000242424 3.53945e-06 -8.43755e-09 -0.000242423 0.207715 -0.00271939 -2.39679e-08 1.69648e-05 -0.00271939 0.997608 -7.04323e-07 -2.34056e-08 2.76228e-08 7.04312e-07 0.997604 0.00116154 1.69588e-05 -4.04273e-08 -0.00116153 0.995234
6.2 0.00236869 0.208541 -0.000605505 -5.3363e-09 3.53736e-06 -0.000605504 0.208042 -1.47937e-07 -5.21165e-09 6.15072e-09 1.47934e-07 0.208041 0.000258696 3.53614e-06 -9.00293e-09 -0.000258695 0.207546 -0.00290353 -2.55887e-08 1.69624e-05 -0.00290353 0.997606 -7.09389e-07 -2.4991e-08 2.94941e-08 7.09376e-07 0.997601 0.0012405 1.69565e-05 -4.3171e-08 -0.0012405 0.99523
6.4 0.00244479 0.208367 -0.000644621 -5.68055e-09 3.53389e-06 -0.000644621 0.207868 -1.48904e-07 -5.54847e-09 6.54827e-09 1.48901e-07 0.207867 0.000275481 3.53271e-06 -9.58599e-09 -0.00027548 0.207373 -0.00309368 -2.72622e-08 1.69599e-05 -0.00309367 0.997604 -7.14621e-07 -2.66283e-08 3.14266e-08 7.14607e-07 0.997598 0.00132209 1.69543e-05 -4.60053e-08 -0.00132209 0.995227
6.6 0.00252085 0.208188 -0.000684905 -6.03501e-09 3.53033e-06 -0.000684904 0.207689 -1.499e-07 -5.89537e-09 6.95772e-09 1.49897e-07 0.207687 0.000292776 3.52919e-06 -1.01867e-08 -0.000292775 0.207194 -0.00328983 -2.89882e-08 1.69574e-05 -0.00328983 0.997601 -7.20021e-07 -2.83175e-08 3.34203e-08 7.20005e-07 0.997595 0.00140631 1.69519e-05 -4.893e-08 -0.0014063 0.995223
6.8 0.00259689 0.208004 -0.000726349 -6.39961e-09 3.52665e-06 -0.000726349 0.207504 -1.50925e-07 -6.25228e-09 7.37899e-09 1.50921e-07 0.207503 0.00031058 3.52556e-06 -1.08048e-08 -0.000310579 0.207009 -0.003492 -3.07668e-08 1.69548e-05 -0.003492 0.997599 -7.25588e-07 -3.00585e-08 3.54753e-08 7.2557e-07 0.997592 0.00149315 1.69495e-05 -5.19453e-08 -0.00149314 0.995219
7 0.00267289 0.207814 -0.000768948 -6.7743e-09 3.52287e-06 -0.000768948 0.207315 -1.51979e-07 -6.61916e-09 7.81202e-09 1.51975e-07 0.207313 0.00032889 3.52182e-06 -1.14404e-08 -0.000328889 0.20682 -0.00370017 -3.25979e-08 1.6952e-05 -0.00370017 0.997597 -7.31322e-07 -3.18513e-08 3.75914e-08 7.31302e-07 0.997589 0.00158262 1.6947e-05 -5.50512e-08 -0.00158261 0.995215
7.2 0.00274886 0.207619 -0.000812693 -7.159e-09 3.51899e-06 -0.000812693 0.20712 -1.53062e-07 -6.99593e-09 8.25673e-09 1.53057e-07 0.207118 0.000347704 3.51799e-06 -1.20933e-08 -0.000347703 0.206625 -0.00391435 -3.44814e-08 1.69493e-05 -0.00391434 0.997594 -7.37224e-07 -3.3696e-08 3.97687e-08 7.37201e-07 0.997585 0.00167472 1.69444e-05 -5.82477e-08 -0.00167472 0.995211
7.4 0.0028248 0.207419 -0.000857577 -7.55364e-09 3.515e-06 -0.000857577 0.206919 -1.54173e-07 -7.38255e-09 8.71306e-09 1.54168e-07 0.206917 0.00036702 3.51404e-06 -1.27635e-08 -0.000367019 0.206424 -0.00413452 -3.64173e-08 1.69464e-05 -0.00413452 0.997592 -7.43293e-07 -3.55925e-08 4.20071e-08 7.43268e-07 0.997581 0.00176947 1.69418e-05 -6.1535e-08 -0.00176946 0.995206
7.6 0.00290071 0.207213 -0.000903593 -7.95815e-09 3.51091e-06 -0.000903593 0.206714 -1.55313e-07 -7.77895e-09 9.18093e-09 1.55307e-07 0.206711 0.000386836 3.51e-06 -1.34508e-08 -0.000386834 0.206219 -0.00436069 -3.84056e-08 1.69435e-05 -0.00436069 0.997589 -7.49531e-07 -3.75408e-08 4.43067e-08 7.49502e-07 0.997578 0.00186685 1.69391e-05 -6.4913e-08 -0.00186684 0.995201
7.8 0.00297657 0.207002 -0.000950733 -8.37245e-09 3.50671e-06 -0.000950733 0.206503 -1.5648e-07 -8.18506e-09 9.66025e-09 1.56474e-07 0.2065 0.000407148 3.50585e-06 -1.41552e-08 -0.000407147 0.206008 -0.00459286 -4.04461e-08 1.69404e-05 -0.00459286 0.997587 -7.55935e-07 -3.95409e-08 4.66674e-08 7.55904e-07 0.997574 0.00196688 1.69363e-05 -6.83818e-08 -0.00196687 0.995197
8 0.00305241 0.206786 -0.000998988 -8.79646e-09 3.50241e-06 -0.000998988 0.206287 -1.57676e-07 -8.60082e-09 1.0151e-08 1.57669e-07 0.206284 0.000427956 3.5016e-06 -1.48765e-08 -0.000427954 0.205792 -0.00483102 -4.25389e-08 1.69374e-05 -0.00483102 0.997584 -7.62508e-07 -4.15928e-08 4.90891e-08 7.62473e-07 0.99757 0.00206955 1.69334e-05 -7.19415e-08 -0.00206955 0.995192
8.2 0.0031282 0.206565 -0.00104835 -9.23011e-09 3.49801e-06 -0.00104835 0.206065 -1.589e-07 -9.02616e-09 1.0653e-08 1.58892e-07 0.206062 0.000449255 3.49725e-06 -1.56147e-08 -0.000449253 0.205571 -0.00507517 -4.46838e-08 1.69342e-05 -0.00507516 0.997581 -7.69249e-07 -4.36965e-08 5.1572e-08 7.6921e-07 0.997565 0.00217488 1.69305e-05 -7.55922e-08 -0.00217488 0.995186
8.4 0.00320396 0.206339 -0.00109881 -9.67332e-09 3.4935e-06 -0.00109881 0.205839 -1.60151e-07 -9.46102e-09 1.11662e-08 1.60142e-07 0.205835 0.000471044 3.4928e-06 -1.63696e-08 -0.000471042 0.205344 -0.0053253 -4.68808e-08 1.69309e-05 -0.0053253 0.997578 -7.76158e-07 -4.58519e-08 5.41159e-08 7.76115e-07 0.997561 0.00228287 1.69275e-05 -7.93338e-08 -0.00228286 0.995181
8.6 0.00327968 0.206107 -0.00115037 -1.0126e-08 3.4889e-06 -0.00115037 0.205607 -1.6143e-07 -9.90532e-09 1.16906e-08 1.6142e-07 0.205603 0.00049332 3.48824e-06 -1.71412e-08 -0.000493318 0.205112 -0.00558141 -4.91299e-08 1.69276e-05 -0.00558141 0.997575 -7.83235e-07 -4.80592e-08 5.67209e-08 7.83188e-07 0.997556 0.00239352 1.69244e-05 -8.31665e-08 -0.00239351 0.995175
8.8 0.00335535 0.20587 -0.001203 -1.05881e-08 3.48419e-06 -0.001203 0.20537 -1.62736e-07 -1.0359e-08 1.2226e-08 1.62726e-07 0.205366 0.000516081 3.48359e-06 -1.79293e-08 -0.000516079 0.204876 -0.0058435 -5.14309e-08 1.69242e-05 -0.0058435 0.997572 -7.90481e-07 -5.03181e-08 5.93869e-08 7.90429e-07 0.997551 0.00250683 1.69213e-05 -8.70904e-08 -0.00250682 0.995169
9 0.00343099 0.205628 -0.00125671 -1.10595e-08 3.47938e-06 -0.00125671 0.205128 -1.6407e-07 -1.0822e-08 1.27724e-08 1.64058e-07 0.205124 0.000539323 3.47883e-06 -1.87338e-08 -0.000539321 0.204634 -0.00611157 -5.37838e-08 1.69207e-05 -0.00611157 0.997569 -7.97895e-07 -5.26289e-08 6.21139e-08 7.97839e-07 0.997546 0.00262281 1.69181e-05 -9.11054e-08 -0.0026228 0.995163
9.2 0.00350659 0.205381 -0.00131148 -1.15401e-08 3.47446e-06 -0.00131148 0.204881 -1.6543e-07 -1.12942e-08 1.33296e-08 1.65417e-07 0.204876 0.000563044 3.47398e-06 -1.95547e-08 -0.000563042 0.204386 -0.00638561 -5.61886e-08 1.69172e-05 -0.00638561 0.997566 -8.05478e-07 -5.49913e-08 6.49018e-08 8.05416e-07 0.997541 0.00274146 1.69148e-05 -9.52117e-08 -0.00274145 0.995157
9.4 0.00358214 0.205129 -0.00136731 -1.20298e-08 3.46945e-06 -0.00136731 0.204629 -1.66817e-07 -1.17755e-08 1.38976e-08 1.66803e-07 0.204623 0.000587241 3.46902e-06 -2.03917e-08 -0.000587239 0.204134 -0.00666562 -5.86451e-08 1.69135e-05 -0.00666562 0.997563 -8.1323e-07 -5.74056e-08 6.77507e-08 8.13163e-07 0.997536 0.00286279 1.69114e-05 -9.94094e-08 -0.00286278 0.99515
9.6 0.00365765 0.204872 -0.00142418 -1.25286e-08 3.46434e-06 -0.00142418 0.204372 -1.68231e-07 -1.2266e-08 1.44763e-08 1.68215e-07 0.204366 0.000611911 3.46397e-06 -2.12449e-08 -0.000611909 0.203877 -0.00695159 -6.11533e-08 1.69098e-05 -0.00695159 0.997559 -8.21151e-07 -5.98715e-08 7.06605e-08 8.21077e-07 0.99753 0.0029868 1.6908e-05 -1.03698e-07 -0.00298679 0.995143
9.8 0.00373311 0.204609 -0.00148209 -1.30363e-08 3.45913e-06 -0.00148209 0.204109 -1.6967e-07 -1.27654e-08 1.50656e-08 1.69654e-07 0.204103 0.000637052 3.45882e-06 -2.2114e-08 -0.000637049 0.203614 -0.00724353 -6.37131e-08 1.6906e-05 -0.00724353 0.997556 -8.29241e-07 -6.23892e-08 7.36312e-08 8.29161e-07 0.997524 0.0031135 1.69045e-05 -1.08079e-07 -0.00311349 0.995136
10 0.00380853 0.204342 -0.00154103 -1.35529e-08 3.45382e-06 -0.00154103 0.203842 -1.71136e-07 -1.32738e-08 1.56654e-08 1.71119e-07 0.203835 0.000662659 3.45357e-06 -2.29989e-08 -0.000662657 0.203347 -0.00754142 -6.63245e-08 1.69022e-05 -0.00754142 0.997552 -8.375e-07 -6.49586e-08 7.66628e-08 8.37413e-07 0.997518 0.00324289 1.6901e-05 -1.12551e-07 -0.00324288 0.995129
10.2 0.0038839 0.20407 -0.00160098 -1.40782e-08 3.44841e-06 -0.00160098 0.203569 -1.72628e-07 -1.3791e-08 1.62756e-08 1.72609e-07 0.203562 0.000688731 3.44823e-06 -2.38995e-08 -0.000688728 0.203074 -0.00784526 -6.89873e-08 1.68982e-05 -0.00784526 0.997549 -8.45929e-07 -6.75797e-08 7.97552e-08 8.45835e-07 0.997512 0.00337498 1.68973e-05 -1.17115e-07 -0.00337497 0.995121
10.4 0.00395923 0.203792 -0.00166194 -1.46122e-08 3.44291e-06 -0.00166194 0.203292 -1.74146e-07 -1.43169e-08 1.68961e-08 1.74125e-07 0.203284 0.000715264 3.44279e-06 -2.48158e-08 -0.000715261 0.202796 -0.00815505 -7.17015e-08 1.68942e-05 -0.00815505 0.997545 -8.54527e-07 -7.02526e-08 8.29084e-08 8.54425e-07 0.997505 0.00350977 1.68936e-05 -1.2177e-07 -0.00350975 0.995114
10.6 0.0040345 0.20351 -0.00172389 -1.51548e-08 3.4373e-06 -0.00172389 0.20301 -1.75689e-07 -1.48516e-08 1.75268e-08 1.75667e-07 0.203001 0.000742254 3.43725e-06 -2.57475e-08 -0.000742251 0.202514 -0.00847079 -7.44671e-08 1.68901e-05 -0.00847079 0.997541 -8.63295e-07 -7.29771e-08 8.61224e-08 8.63185e-07 0.997498 0.00364726 1.68898e-05 -1.26517e-07 -0.00364725 0.995105
10.8 0.00410973 0.203223 -0.00178683 -1.57058e-08 3.4316e-06 -0.00178683 0.202722 -1.77258e-07 -1.53948e-08 1.81675e-08 1.77233e-07 0.202713 0.000769699 3.43161e-06 -2.66946e-08 -0.000769696 0.202226 -0.00879247 -7.72838e-08 1.68859e-05 -0.00879246 0.997538 -8.72233e-07 -7.57534e-08 8.93972e-08 8.72114e-07 0.997491 0.00378747 1.6886e-05 -1.31356e-07 -0.00378745 0.995097
11 0.00418491 0.202931 -0.00185074 -1.62652e-08 3.42581e-06 -0.00185074 0.20243 -1.78851e-07 -1.59466e-08 1.88183e-08 1.78825e-07 0.20242 0.000797596 3.42588e-06 -2.76568e-08 -0.000797593 0.201934 -0.00912008 -8.01518e-08 1.68817e-05 -0.00912008 0.997534 -8.81341e-07 -7.85814e-08 9.27326e-08 8.81212e-07 0.997483 0.00393039 1.6882e-05 -1.36287e-07 -0.00393037 0.995088
11.2 0.00426003 0.202633 -0.00191562 -1.68329e-08 3.41992e-06 -0.00191562 0.202133 -1.80469e-07 -1.65067e-08 1.94789e-08 1.80441e-07 0.202122 0.00082594 3.42006e-06 -2.86342e-08 -0.000825937 0.201636 -0.00945362 -8.30707e-08 1.68773e-05 -0.00945362 0.99753 -8.90619e-07 -8.14611e-08 9.61287e-08 8.90481e-07 0.997476 0.00407603 1.68781e-05 -1.4131e-07 -0.00407601 0.995079
11.4 0.00433511 0.202332 -0.00198145 -1.74087e-08 3.41393e-06 -0.00198145 0.201831 -1.82112e-07 -1.70753e-08 2.01493e-08 1.82082e-07 0.201819 0.000854729 3.41414e-06 -2.96265e-08 -0.000854726 0.201334 -0.0097931 -8.60407e-08 1.68729e-05 -0.00979309 0.997526 -9.00067e-07 -8.43925e-08 9.95855e-08 8.99919e-07 0.997468 0.0042244 1.6874e-05 -1.46425e-07 -0.00422438 0.99507
11.6 0.00441013 0.202025 -0.00204823 -1.79926e-08 3.40785e-06 -0.00204823 0.201524 -1.83779e-07 -1.7652e-08 2.08293e-08 1.83747e-07 0.201512 0.00088396 3.40813e-06 -3.06336e-08 -0.000883956 0.201027 -0.0101385 -8.90615e-08 1.68685e-05 -0.0101385 0.997522 -9.09686e-07 -8.73756e-08 1.03103e-07 9.09527e-07 0.99746 0.0043755 1.68699e-05 -1.51633e-07 -0.00437548 0.99506
11.8 0.0044851 0.201713 -0.00211593 -1.85845e-08 3.40167e-06 -0.00211593 0.201212 -1.8547e-07 -1.8237e-08 2.15189e-08 1.85436e-07 0.201199 0.000913628 3.40202e-06 -3.16553e-08 -0.000913624 0.200715 -0.0104898 -9.21332e-08 1.68639e-05 -0.0104898 0.997518 -9.19476e-07 -9.04104e-08 1.06681e-07 9.19305e-07 0.997451 0.00452934 1.68656e-05 -1.56932e-07 -0.00452932 0.99505
12 0.0139046 0.201397 -0.00218456 -1.91842e-08 3.39541e-06 -0.00218456 0.200896 -1.87186e-07 -1.883e-08 2.2218e-08 1.87149e-07 0.200882 0.00094373 3.39583e-06 -3.26916e-08 -0.000943726 0.200398 -0.010847 -9.52555e-08 1.68593e-05 -0.010847 0.997513 -9.29437e-07 -9.34969e-08 1.10319e-07 9.29254e-07 0.997442 0.00468592 1.68614e-05 -1.62324e-07 -0.0046859 0.99504
13 0.0246683 0.199744 -0.00254107 -2.22964e-08 3.36269e-06 -0.00254107 0.199243 -1.96111e-07 -2.1913e-08 2.58505e-08 1.9606e-07 0.199223 0.00110063 3.36348e-06 -3.80858e-08 -0.00110062 0.198742 -0.0127216 -1.11625e-07 1.6835e-05 -0.0127216 0.997491 -9.8181e-07 -1.09706e-07 1.29418e-07 9.81556e-07 0.997393 0.00551019 1.68389e-05 -1.90673e-07 -0.00551017 0.994983
14 0.0265294 0.197975 -0.00291881 -2.55877e-08 3.32773e-06 -0.00291881 0.197474 -2.05594e-07 -2.51841e-08 2.9701e-08 2.05526e-07 0.197448 0.00126782 3.32891e-06 -4.3821e-08 -0.00126781 0.196969 -0.0147433 -1.29247e-07 1.68088e-05 -0.0147433 0.997467 -1.03849e-06 -1.27208e-07 1.50024e-07 1.03814e-06 0.997335 0.00640393 1.68148e-05 -2.21346e-07 -0.0064039 0.994917
15 0.0283823 0.196095 -0.00331619 -2.90434e-08 3.29062e-06 -0.00331619 0.195593 -2.15603e-07 -2.86312e-08 3.37536e-08 2.15513e-07 0.195559 0.00144481 3.29221e-06 -4.98776e-08 -0.00144481 0.195083 -0.0169112 -1.48109e-07 1.67808e-05 -0.0169112 0.997441 -1.09949e-06 -1.46007e-07 1.72129e-07 1.09903e-06 0.997267 0.00736794 1.67889e-05 -2.54355e-07 -0.00736791 0.99484
16 0.0302266 0.194105 -0.0037316 -3.26481e-08 3.25143e-06 -0.00373159 0.193603 -2.26102e-07 -3.22418e-08 3.79916e-08 2.25986e-07 0.19356 0.00163108 3.25345e-06 -5.62353e-08 -0.00163108 0.193087 -0.0192246 -1.68197e-07 1.67508e-05 -0.0192246 0.997412 -1.16484e-06 -1.66105e-07 1.95726e-07 1.16424e-06 0.997188 0.00840307 1.67612e-05 -2.89715e-07 -0.00840304 0.994751
17 0.0320617 0.192012 -0.00416331 -3.63855e-08 3.21027e-06 -0.0041633 0.191509 -2.37055e-07 -3.60034e-08 4.23976e-08 2.36907e-07 0.191454 0.00182608 3.21273e-06 -6.28726e-08 -0.00182607 0.190984 -0.0216825 -1.89496e-07 1.67191e-05 -0.0216825 0.997382 -1.23458e-06 -1.87506e-07 2.20807e-07 1.23381e-06 0.997096 0.00951023 1.67319e-05 -3.27441e-07 -0.00951019 0.994648
18 0.0338871 0.189819 -0.00460956 -4.02394e-08 3.16722e-06 -0.00460956 0.189315 -2.48423e-07 -3.99029e-08 4.69535e-08 2.48237e-07 0.189247 0.00202923 3.17014e-06 -6.97676e-08 -0.00202922 0.18878 -0.0242841 -2.11989e-07 1.66855e-05 -0.024284 0.997349 -1.30874e-06 -2.10216e-07 2.4736e-07 1.30776e-06 0.99699 0.0106904 1.67009e-05 -3.67549e-07 -0.0106903 0.994531
19 0.0357021 0.187529 -0.00506856 -4.41927e-08 3.12238e-06 -0.00506855 0.187025 -2.60167e-07 -4.39274e-08 5.16406e-08 2.59937e-07 0.186942 0.00223993 3.12577e-06 -7.68975e-08 -0.00223993 0.186478 -0.0270281 -2.35658e-07 1.66501e-05 -0.0270281 0.997315 -1.38734e-06 -2.34243e-07 2.75374e-07 1.38611e-06 0.996868 0.0119445 1.66682e-05 -4.10056e-07 -0.0119444 0.994398
20 0.0375062 0.185148 -0.00553844 -4.82284e-08 3.07586e-06 -0.00553843 0.184644 -2.72247e-07 -4.80638e-08 5.64396e-08 2.71965e-07 0.184543 0.00245758 3.07973e-06 -8.4239e-08 -0.00245757 0.184083 -0.0299135 -2.60485e-07 1.6613e-05 -0.0299135 0.997278 -1.47043e-06 -2.59596e-07 3.04834e-07 1.4689e-06 0.99673 0.0132736 1.66338e-05 -4.54982e-07 -0.0132735 0.994247
21 0.0392989 0.182681 -0.00601732 -5.2329e-08 3.02775e-06 -0.00601732 0.182176 -2.84623e-07 -5.22992e-08 6.13306e-08 2.84281e-07 0.182055 0.00268153 3.03211e-06 -9.17685e-08 -0.00268152 0.181598 -0.032939 -2.86451e-07 1.6574e-05 -0.032939 0.997238 -1.55804e-06 -2.86288e-07 3.35726e-07 1.55616e-06 0.996573 0.0146788 1.65979e-05 -5.02344e-07 -0.0146787 0.994076
22 0.0410797 0.180131 -0.00650331 -5.64771e-08 2.97816e-06 -0.00650331 0.179626 -2.97252e-07 -5.66209e-08 6.62936e-08 2.96841e-07 0.179482 0.00291113 2.98301e-06 -9.94619e-08 -0.00291112 0.179029 -0.0361033 -3.13534e-07 1.65333e-05 -0.0361032 0.997196 -1.6502e-06 -3.14332e-07 3.6803e-07 1.64792e-06 0.996396 0.0161612 1.65602e-05 -5.52165e-07 -0.0161612 0.993884
23 0.0428479 0.177504 -0.00699448 -6.06552e-08 2.9272e-06 -0.00699448 0.176998 -3.10094e-07 -6.10163e-08 7.13081e-08 3.09604e-07 0.176829 0.00314573 2.93254e-06 -1.07295e-07 -0.00314571 0.17638 -0.0394047 -3.41713e-07 1.64909e-05 -0.0394047 0.997152 -1.74697e-06 -3.43747e-07 4.01727e-07 1.74421e-06 0.996197 0.017722 1.6521e-05 -6.04466e-07 -0.017722 0.99367
24 0.0446031 0.174804 -0.00748892 -6.4846e-08 2.87498e-06 -0.00748892 0.174298 -3.23104e-07 -6.54732e-08 7.63535e-08 3.22527e-07 0.1741 0.00338463 2.88081e-06 -1.15243e-07 -0.00338462 0.173656 -0.0428418 -3.70963e-07 1.64468e-05 -0.0428418 0.997106 -1.84838e-06 -3.74552e-07 4.36794e-07 1.84507e-06 0.995974 0.0193624 1.64802e-05 -6.59271e-07 -0.0193623 0.993431
25 0.0463447 0.172037 -0.00798472 -6.9032e-08 2.82159e-06 -0.00798472 0.171531 -3.36242e-07 -6.99798e-08 8.14089e-08 3.35565e-07 0.171302 0.00362716 2.82792e-06 -1.23282e-07 -0.00362715 0.170861 -0.0464128 -4.01262e-07 1.64011e-05 -0.0464128 0.997056 -1.95447e-06 -4.06772e-07 4.73205e-07 1.95054e-06 0.995725 0.0210836 1.64379e-05 -7.16604e-07 -0.0210835 0.993164
26 0.0480722 0.169207 -0.00847997 -7.31963e-08 2.76716e-06 -0.00847997 0.1687 -3.49464e-07 -7.45249e-08 8.64534e-08 3.48677e-07 0.168437 0.00387262 2.77398e-06 -1.31388e-07 -0.0038726 0.168001 -0.0501158 -4.32583e-07 1.63537e-05 -0.0501158 0.997004 -2.0653e-06 -4.40435e-07 5.10932e-07 2.06065e-06 0.995448 0.0228868 1.6394e-05 -7.76493e-07 -0.0228867 0.99287
27 0.049785 0.16632 -0.00897279 -7.73223e-08 2.71179e-06 -0.00897279 0.165813 -3.6273e-07 -7.90975e-08 9.14663e-08 3.61819e-07 0.165512 0.00412031 2.71909e-06 -1.39537e-07 -0.0041203 0.16508 -0.0539489 -4.649e-07 1.63047e-05 -0.0539488 0.996949 -2.18091e-06 -4.75573e-07 5.49941e-07 2.17544e-06 0.995142 0.0247734 1.63485e-05 -8.38965e-07 -0.0247733 0.992544
28 0.0514827 0.163381 -0.00946133 -8.13936e-08 2.6556e-06 -0.00946133 0.162873 -3.75996e-07 -8.36875e-08 9.64267e-08 3.7495e-07 0.162532 0.00436953 2.66337e-06 -1.47704e-07 -0.00436951 0.162104 -0.0579098 -4.98184e-07 1.6254e-05 -0.0579098 0.996891 -2.30135e-06 -5.12224e-07 5.90197e-07 2.29495e-06 0.994804 0.0267445 1.63016e-05 -9.04051e-07 -0.0267444 0.992186
29 0.0531646 0.160393 -0.00994379 -8.53943e-08 2.59868e-06 -0.00994379 0.159885 -3.89223e-07 -8.82854e-08 1.01314e-07 3.88028e-07 0.1595 0.00461958 2.60692e-06 -1.55867e-07 -0.00461956 0.159077 -0.0619962 -5.32406e-07 1.62019e-05 -0.0619962 0.99683 -2.42668e-06 -5.5043e-07 6.31661e-07 2.41923e-06 0.994432 0.0288015 1.62533e-05 -9.71781e-07 -0.0288014 0.991792
30 0.0548304 0.157364 -0.0104184 -8.93093e-08 2.54114e-06 -0.0104184 0.156855 -4.0237e-07 -9.28822e-08 1.06109e-07 4.01013e-07 0.156423 0.00486975 2.54984e-06 -1.64003e-07 -0.00486973 0.156004 -0.0662058 -5.67534e-07 1.61482e-05 -0.0662058 0.996766 -2.55694e-06 -5.90239e-07 6.74289e-07 2.54832e-06 0.994024 0.0309458 1.62035e-05 -1.04219e-06 -0.0309457 0.991361
31 0.0564795 0.154297 -0.0108834 -9.31237e-08 2.4831e-06 -0.0108834 0.153787 -4.15396e-07 -9.74697e-08 1.1079e-07 4.13864e-07 0.153306 0.00511934 2.49223e-06 -1.72089e-07 -0.00511933 0.152891 -0.0705358 -6.03537e-07 1.6093e-05 -0.0705358 0.996699 -2.69219e-06 -6.31703e-07 7.18032e-07 2.68226e-06 0.993577 0.0331786 1.61522e-05 -1.11531e-06 -0.0331785 0.990891
32 0.0581114 0.151197 -0.0113373 -9.68236e-08 2.42466e-06 -0.0113373 0.150687 -4.28265e-07 -1.0204e-07 1.15339e-07 4.26542e-07 0.150152 0.00536767 2.43421e-06 -1.80104e-07 -0.00536765 0.149742 -0.0749834 -6.40381e-07 1.60364e-05 -0.0749834 0.996629 -2.8325e-06 -6.74885e-07 7.62837e-07 2.8211e-06 0.99309 0.0355012 1.60996e-05 -1.19119e-06 -0.0355011 0.990378
33 0.0597256 0.14807 -0.0117783 -1.00396e-07 2.36592e-06 -0.0117783 0.147559 -4.40938e-07 -1.06588e-07 1.19736e-07 4.39011e-07 0.146968 0.00561405 2.37587e-06 -1.88027e-07 -0.00561403 0.146562 -0.0795456 -6.78031e-07 1.59784e-05 -0.0795456 0.996555 -2.97791e-06 -7.1985e-07 8.08645e-07 2.9649e-06 0.992559 0.037915 1.60456e-05 -1.26986e-06 -0.0379148 0.989821
34 0.0613216 0.144919 -0.012205 -1.03827e-07 2.30697e-06 -0.012205 0.144409 -4.5338e-07 -1.11106e-07 1.23963e-07 4.51235e-07 0.143758 0.0058578 2.3173e-06 -1.95839e-07 -0.00585778 0.143357 -0.0842191 -7.16449e-07 1.5919e-05 -0.0842191 0.996477 -3.1285e-06 -7.66673e-07 8.55394e-07 3.11369e-06 0.991984 0.0404211 1.59903e-05 -1.35136e-06 -0.040421 0.989218
35 0.0628989 0.141751 -0.0126159 -1.07107e-07 2.24793e-06 -0.0126159 0.14124 -4.65556e-07 -1.15589e-07 1.28003e-07 4.63178e-07 0.140527 0.00609827 2.25861e-06 -2.03519e-07 -0.00609824 0.14013 -0.0890006 -7.55598e-07 1.58583e-05 -0.0890006 0.996396 -3.28431e-06 -8.15437e-07 9.03012e-07 3.26754e-06 0.99136 0.0430209 1.59336e-05 -1.43575e-06 -0.0430207 0.988565
36 0.064457 0.13857 -0.0130098 -1.10223e-07 2.18887e-06 -0.0130098 0.138058 -4.77432e-07 -1.20034e-07 1.31839e-07 4.74808e-07 0.137279 0.00633479 2.19989e-06 -2.11051e-07 -0.00633476 0.136887 -0.0938864 -7.95437e-07 1.57962e-05 -0.0938864 0.996311 -3.44543e-06 -8.66233e-07 9.51426e-07 3.4265e-06 0.990686 0.0457156 1.58757e-05 -1.52307e-06 -0.0457154 0.98786
37 0.0659956 0.135379 -0.0133853 -1.13167e-07 2.1299e-06 -0.0133853 0.134868 -4.88977e-07 -1.24435e-07 1.35454e-07 4.86094e-07 0.13402 0.00656673 2.14122e-06 -2.18417e-07 -0.00656671 0.133633 -0.0988727 -8.35924e-07 1.57329e-05 -0.0988727 0.996222 -3.61191e-06 -9.1916e-07 1.00055e-06 3.59062e-06 0.98996 0.0485063 1.58165e-05 -1.61338e-06 -0.0485061 0.987101
38 0.067514 0.132184 -0.0137412 -1.15927e-07 2.07111e-06 -0.0137412 0.131672 -5.00162e-07 -1.28791e-07 1.38833e-07 4.97007e-07 0.130754 0.00679349 2.08269e-06 -2.25602e-07 -0.00679347 0.130371 -0.103955 -8.77015e-07 1.56683e-05 -0.103955 0.996129 -3.78383e-06 -9.74328e-07 1.0503e-06 3.75996e-06 0.989179 0.0513942 1.5756e-05 -1.70673e-06 -0.051394 0.986286
39 0.0690118 0.128989 -0.0140766 -1.18498e-07 2.01257e-06 -0.0140766 0.128477 -5.10957e-07 -1.33098e-07 1.41962e-07 5.07519e-07 0.127485 0.00701446 2.02439e-06 -2.3259e-07 -0.00701443 0.127107 -0.10913 -9.18664e-07 1.56026e-05 -0.10913 0.996031 -3.96125e-06 -1.03186e-06 1.10057e-06 3.93459e-06 0.988341 0.0543803 1.56943e-05 -1.80318e-06 -0.0543801 0.985411
40 0.10628 0.125798 -0.0143903 -1.2087e-07 1.95436e-06 -0.0143903 0.125286 -5.21337e-07 -1.37356e-07 1.44828e-07 5.17605e-07 0.124218 0.00722906 1.96639e-06 -2.39368e-07 -0.00722904 0.123845 -0.114392 -9.60822e-07 1.55357e-05 -0.114392 0.995929 -4.14424e-06 -1.09187e-06 1.15127e-06 4.11457e-06 0.987442 0.0574656 1.56313e-05 -1.90279e-06 -0.0574654 0.984475
42 0.146749 0.119444 -0.0149495 -1.24994e-07 1.83928e-06 -0.0149495 0.118932 -5.40754e-07 -1.45717e-07 1.49721e-07 5.36407e-07 0.117707 0.00763697 1.85161e-06 -2.52245e-07 -0.00763695 0.117343 -0.125159 -1.04646e-06 1.53987e-05 -0.125159 0.995711 -4.52724e-06 -1.21996e-06 1.25348e-06 4.49085e-06 0.985457 0.0639375 1.55019e-05 -2.11182e-06 -0.0639372 0.982407
44 0.152348 0.113154 -0.015413 -1.2826e-07 1.72643e-06 -0.015413 0.112641 -5.58238e-07 -1.53872e-07 1.53428e-07 5.53251e-07 0.111253 0.00801308 1.7389e-06 -2.64149e-07 -0.00801305 0.110898 -0.136213 -1.1335e-06 1.52574e-05 -0.136213 0.995472 -4.93345e-06 -1.35984e-06 1.35593e-06 4.88937e-06 0.983206 0.0708158 1.53676e-05 -2.33443e-06 -0.0708156 0.980064
46 0.157761 0.106954 -0.0157768 -1.3064e-07 1.61632e-06 -0.0157768 0.106442 -5.73647e-07 -1.61823e-07 1.55883e-07 5.68009e-07 0.104887 0.00835364 1.62876e-06 -2.75014e-07 -0.00835361 0.10454 -0.14751 -1.22146e-06 1.51122e-05 -0.14751 0.995212 -5.36348e-06 -1.51301e-06 1.45747e-06 5.31077e-06 0.980669 0.0781048 1.52286e-05 -2.57133e-06 -0.0781045 0.977425
48 0.162982 0.100871 -0.0160381 -1.3212e-07 1.50937e-06 -0.0160381 0.10036 -5.86867e-07 -1.69581e-07 1.57039e-07 5.80589e-07 0.0986351 0.00865537 1.5216e-06 -2.84795e-07 -0.00865534 0.0982964 -0.158996 -1.30979e-06 1.49633e-05 -0.158996 0.994928 -5.81798e-06 -1.68116e-06 1.55683e-06 5.75575e-06 0.977832 0.0858062 1.50846e-05 -2.82335e-06 -0.0858059 0.974475
50 0.168004 0.0949275 -0.0161963 -1.32698e-07 1.40595e-06 -0.0161963 0.0944167 -5.97817e-07 -1.77155e-07 1.56873e-07 5.90931e-07 0.0925239 0.00891549 1.41779e-06 -2.93464e-07 -0.00891545 0.0921932 -0.170617 -1.39789e-06 1.48108e-05 -0.170617 0.994619 -6.29762e-06 -1.86621e-06 1.65255e-06 6.22508e-06 0.97468 0.0939189 1.49355e-05 -3.09146e-06 -0.0939186 0.971196
52 0.172821 0.089143 -0.0162518 -1.32384e-07 1.30635e-06 -0.0162518 0.0886334 -6.06445e-07 -1.84558e-07 1.55378e-07 5.99007e-07 0.0865757 0.00913167 1.31761e-06 -3.01012e-07 -0.00913164 0.0862526 -0.182311 -1.48508e-06 1.46546e-05 -0.182311 0.994283 -6.80306e-06 -2.07036e-06 1.74302e-06 6.71961e-06 0.971199 0.102438 1.47808e-05 -3.37673e-06 -0.102438 0.967575
54 0.177428 0.083535 -0.0162068 -1.312e-07 1.2108e-06 -0.0162068 0.0830268 -6.12727e-07 -1.91799e-07 1.52571e-07 6.0482e-07 0.0808102 0.00930215 1.22127e-06 -3.07444e-07 -0.00930211 0.0804943 -0.194012 -1.57059e-06 1.44946e-05 -0.194012 0.993917 -7.33498e-06 -2.29603e-06 1.82644e-06 7.24032e-06 0.967382 0.111356 1.46199e-05 -3.68042e-06 -0.111356 0.9636
56 0.181819 0.0781177 -0.0160648 -1.29172e-07 1.11945e-06 -0.0160648 0.0776114 -6.16665e-07 -1.98885e-07 1.4849e-07 6.08402e-07 0.0752445 0.00942564 1.12895e-06 -3.12781e-07 -0.00942561 0.0749354 -0.205649 -1.65356e-06 1.43303e-05 -0.205649 0.993519 -7.89405e-06 -2.54597e-06 1.90085e-06 7.78827e-06 0.96322 0.120659 1.44519e-05 -4.00397e-06 -0.120659 0.959262
58 0.185988 0.072903 -0.0158305 -1.26339e-07 1.03239e-06 -0.0158305 0.0723989 -6.18286e-07 -2.05817e-07 1.43191e-07 6.09807e-07 0.0698929 0.00950141 1.04073e-06 -3.17055e-07 -0.00950137 0.06959 -0.217145 -1.73297e-06 1.41612e-05 -0.217145 0.993086 -8.48095e-06 -2.82316e-06 1.96414e-06 8.36464e-06 0.958711 0.130329 1.42756e-05 -4.349e-06 -0.130329 0.954557
60 0.286303 0.0678999 -0.0155096 -1.22742e-07 9.49664e-07 -0.0155096 0.0673985 -6.17638e-07 -2.12588e-07 1.36749e-07 6.09114e-07 0.0647667 0.00952921 9.56665e-07 -3.20308e-07 -0.00952918 0.0644698 -0.228418 -1.80769e-06 1.39862e-05 -0.228418 0.992616 -9.0963e-06 -3.1309e-06 2.01399e-06 8.97076e-06 0.953856 0.140342 1.40893e-05 -4.71735e-06 -0.140341 0.949482
64 0.394175 0.0585538 -0.0146354 -1.13458e-07 7.97044e-07 -0.0146354 0.058059 -6.09823e-07 -2.25585e-07 1.20821e-07 6.01829e-07 0.0552242 0.00944248 8.00918e-07 -3.23951e-07 -0.00944245 0.0549375 -0.249948 -1.93767e-06 1.36122e-05 -0.249948 0.991551 -1.04148e-05 -3.85261e-06 2.06342e-06 1.02782e-05 0.943137 0.161262 1.36783e-05 -5.53253e-06 -0.161261 0.938241
68 0.406626 0.0501071 -0.0135036 -1.01753e-07 6.60842e-07 -0.0135037 0.0496209 -5.93953e-07 -2.3766e-07 1.01613e-07 5.87465e-07 0.0466584 0.00917324 6.61145e-07 -3.24144e-07 -0.00917321 0.0463801 -0.269496 -2.0307e-06 1.31886e-05 -0.269496 0.990297 -1.18537e-05 -4.74304e-06 2.02792e-06 1.17242e-05 0.931172 0.183073 1.31946e-05 -6.46903e-06 -0.183072 0.925619
72 0.417095 0.0425575 -0.0121824 -8.81076e-08 5.39687e-07 -0.0121824 0.0420818 -5.70957e-07 -2.4846e-07 8.02037e-08 5.67064e-07 0.0390747 0.0087361 5.36238e-07 -3.21327e-07 -0.00873608 0.0388032 -0.286258 -2.07032e-06 1.26814e-05 -0.286258 0.988822 -1.34161e-05 -5.83823e-06 1.8846e-06 1.33247e-05 0.918163 0.205278 1.26003e-05 -7.55042e-06 -0.205277 0.911782
76 0.425533 0.0358784 -0.0107414 -7.30369e-08 4.31759e-07 -0.0107415 0.0354152 -5.41889e-07 -2.57519e-07 5.77605e-08 5.41694e-07 0.0324484 0.00815148 4.24705e-07 -3.15881e-07 -0.00815146 0.032182 -0.299384 -2.03568e-06 1.20339e-05 -0.299385 0.98709 -1.51035e-05 -7.17754e-06 1.6099e-06 1.50981e-05 0.9044 0.227197 1.18373e-05 -8.8042e-06 -0.227197 0.896975
80 0.431897 0.0300256 -0.00924772 -5.70813e-08 3.34966e-07 -0.00924774 0.0295769 -5.07871e-07 -2.64295e-07 3.54539e-08 5.12376e-07 0.0267302 0.00744429 3.24814e-07 -3.08093e-07 -0.00744427 0.0264677 -0.307995 -1.90109e-06 1.1156e-05 -0.307996 0.985058 -1.69146e-05 -8.80232e-06 1.18079e-06 1.70647e-05 0.890248 0.247932 1.08179e-05 -1.0261e-05 -0.247931 0.881507
84 0.436158 0.0249426 -0.00776195 -4.08035e-08 2.47095e-07 -0.00776197 0.0245104 -4.70047e-07 -2.68232e-07 1.43733e-08 4.80036e-07 0.0218525 0.00664256 2.34716e-07 -2.98141e-07 -0.00664254 0.0215931 -0.311192 -1.6359e-06 9.90653e-06 -0.311193 0.982673 -1.88451e-05 -1.0754e-05 5.76254e-07 1.92456e-05 0.87611 0.266314 9.41024e-06 -1.19531e-05 -0.266313 0.865711
88 0.328636 0.0205665 -0.00633588 -2.47797e-08 1.65946e-07 -0.00633589 0.0201526 -4.29544e-07 -2.68822e-07 -4.54416e-09 4.45486e-07 0.0177355 0.00577608 1.52529e-07 -2.86102e-07 -0.00577607 0.0174788 -0.308068 -1.20486e-06 8.06876e-06 -0.308069 0.979876 -2.08856e-05 -1.30709e-05 -2.2095e-07 2.16608e-05 0.862352 0.280849 7.4164e-06 -1.39111e-05 -0.280849 0.849867
90 0.219313 0.0186229 -0.00565854 -1.70433e-08 1.27234e-07 -0.00565855 0.0182188 -4.08629e-07 -2.6773e-07 -1.29546e-08 4.27607e-07 0.0159354 0.00532802 1.13822e-07 -2.79304e-07 -0.00532801 0.0156799 -0.303848 -9.1518e-07 6.83211e-06 -0.303848 0.978301 -2.19422e-05 -1.43764e-05 -6.95626e-07 2.29613e-05 0.855688 0.2861 6.11193e-06 -1.49978e-05 -0.286099 0.841968
92 0.328636 0.0168314 -0.00501072 -9.58459e-09 8.94339e-08 -0.00501073 0.0164375 -3.87447e-07 -2.65662e-07 -2.05692e-08 4.09433e-07 0.0142927 0.00487505 7.64034e-08 -2.71984e-07 -0.00487504 0.0140386 -0.297701 -5.69446e-07 5.31351e-06 -0.297701 0.976596 -2.30193e-05 -1.57837e-05 -1.22207e-06 2.43255e-05 0.84917 0.28964 4.53933e-06 -1.61593e-05 -0.289639 0.834069
96 0.436158 0.0136722 -0.00381655 4.23345e-09 1.56636e-08 -0.00381655 0.0132997 -3.44775e-07 -2.58506e-07 -3.32141e-08 3.72492e-07 0.0114352 0.00396877 4.55785e-09 -2.55773e-07 -0.00396877 0.0111841 -0.279146 3.09639e-07 1.14565e-06 -0.279146 0.972752 -2.52172e-05 -1.89074e-05 -2.42931e-06 2.72444e-05 0.836385 0.29028 3.33365e-07 -1.87075e-05 -0.290279 0.818019
100 0.431897 0.0110267 -0.00277245 1.61846e-08 -5.70199e-08 -0.00277244 0.0106767 -3.02464e-07 -2.47308e-07 -4.22452e-08 3.35221e-07 0.00907606 0.0030846 -6.46901e-08 -2.37486e-07 -0.0030846 0.00882895 -0.251432 1.46777e-06 -5.1711e-06 -0.251431 0.968259 -2.74303e-05 -2.24282e-05 -3.83119e-06 3.0401e-05 0.823102 0.279741 -5.8667e-06 -2.15375e-05 -0.279741 0.800691
104 0.425533 0.00883666 -0.0018874 2.58739e-08 -1.30003e-07 -0.00188738 0.00851006 -2.61352e-07 -2.32237e-07 -4.76731e-08 2.9814e-07 0.00713292 0.00224699 -1.32904e-07 -2.1722e-07 -0.002247 0.00689113 -0.213588 2.92802e-06 -1.47118e-05 -0.213585 0.96304 -2.95759e-05 -2.62811e-05 -5.39492e-06 3.3739e-05 0.807197 0.254281 -1.504e-05 -2.45817e-05 -0.254281 0.779834
108 0.417095 0.00704917 -0.00116155 3.3036e-08 -2.04392e-07 -0.00116152 0.0067465 -2.22165e-07 -2.13681e-07 -4.97261e-08 2.61755e-07 0.00553058 0.00147675 -2.01502e-07 -1.95196e-07 -0.00147676 0.00529579 -0.164778 4.68651e-06 -2.89952e-05 -0.164775 0.957063 -3.15165e-05 -3.0313e-05 -7.05417e-06 3.71328e-05 0.784572 0.209492 -2.85853e-05 -2.76906e-05 -0.209494 0.751265
112 0.406626 0.00561616 -0.000587889 3.75611e-08 -2.81014e-07 -0.000587856 0.00533762 -1.85511e-07 -1.92237e-07 -4.88101e-08 2.26562e-07 0.00420218 0.000790524 -2.71733e-07 -1.71779e-07 -0.00079054 0.00397639 -0.104678 6.68803e-06 -5.00366e-05 -0.104672 0.950404 -3.30316e-05 -3.42293e-05 -8.69101e-06 4.0341e-05 0.74823 0.140759 -4.8384e-05 -3.05866e-05 -0.140762 0.708027
116 0.394175 0.00449436 -0.000153971 3.95076e-08 -3.60419e-07 -0.000153935 0.0042398 -1.51872e-07 -1.68674e-07 -4.54609e-08 1.93039e-07 0.00309005 0.000200501 -3.44628e-07 -1.47485e-07 -0.000200521 0.00287545 -0.0342588 8.79047e-06 -8.01937e-05 -0.0342506 0.943361 -3.37917e-05 -3.75302e-05 -1.01151e-05 4.29513e-05 0.687539 0.0446117 -7.66801e-05 -3.28156e-05 -0.0446162 0.63979
120 0.379804 0.00364468 0.000156346 3.90979e-08 -4.42891e-07 0.000156384 0.00341363 -1.21604e-07 -1.4389e-07 -4.02927e-08 1.61635e-07 0.00214586 -0.000285738 -4.20967e-07 -1.22958e-07 0.000285714 0.00194473 0.0428969 1.07274e-05 -0.000121517 0.0429076 0.936607 -3.33647e-05 -3.94795e-05 -1.10552e-05 4.43481e-05 0.588766 -0.0783986 -0.000115502 -3.37363e-05 0.0783921 0.533581
124 0.363583 0.00303156 0.000361299 3.66969e-08 -5.28447e-07 0.000361338 0.00282324 -9.4935e-08 -1.18854e-07 -3.39481e-08 1.32746e-07 0.00133041 -0.000665136 -5.01223e-07 -9.89307e-08 0.00066511 0.00114502 0.119179 1.21049e-05 -0.000174315 0.119192 0.931282 -3.13155e-05 -3.92054e-05 -1.11982e-05 4.37879e-05 0.438851 -0.219404 -0.000165335 -3.26336e-05 0.219395 0.377699
128 0.34559 0.00262227 0.000479823 3.2775e-08 -6.16839e-07 0.00047986 0.00243561 -7.19731e-08 -9.45391e-08 -2.70518e-08 1.06691e-07 0.000612971 -0.000938934 -5.85522e-07 -7.61676e-08 0.000938906 0.00044547 0.18298 1.24987e-05 -0.000235231 0.182994 0.928818 -2.74468e-05 -3.60523e-05 -1.03162e-05 4.06865e-05 0.233756 -0.358061 -0.000223288 -2.90464e-05 0.35805 0.169879
132 0.325914 0.00238629 0.000530401 2.78607e-08 -7.07553e-07 0.000530435 0.00222 -5.27089e-08 -7.18574e-08 -2.01708e-08 8.36928e-08 -2.94478e-05 -0.0011123 -6.73604e-07 -5.53981e-08 0.00111227 -0.000177167 0.22227 1.16753e-05 -0.000296507 0.222284 0.930313 -2.20882e-05 -3.01126e-05 -8.4528e-06 3.50723e-05 -0.0123404 -0.46612 -0.000282281 -2.32152e-05 0.466107 -0.0742436
136 0.304649 0.00229482 0.000530198 2.24892e-08 -7.99799e-07 0.000530228 0.0021474 -3.70259e-08 -5.15894e-08 -1.37827e-08 6.38623e-08 -0.000613117 -0.00119382 -7.64803e-07 -3.72485e-08 0.00119379 -0.000739512 0.231042 9.8e-06 -0.000348524 0.231055 0.935761 -1.61346e-05 -2.24808e-05 -6.00603e-06 2.78289e-05 -0.267175 -0.520226 -0.000333274 -1.62316e-05 0.520213 -0.322253
140 0.281901 0.00232044 0.000494464 1.71524e-08 -8.92519e-07 0.00049449 0.00219026 -2.47102e-08 -3.43271e-08 -8.25197e-09 4.71944e-08 -0.00114859 -0.00119497 -8.5804e-07 -2.21811e-08 0.00119494 -0.00125257 0.213091 7.39187e-06 -0.000384634 0.213102 0.9439 -1.0649e-05 -1.47934e-05 -3.55621e-06 2.03386e-05 -0.494987 -0.514975 -0.000369775 -9.55901e-06 0.514963 -0.539798
144 0.257779 0.00243695 0.000436186 1.22568e-08 -9.84391e-07 0.000436206 0.00232228 -1.54632e-08 -2.04297e-08 -3.81616e-09 3.35713e-08 -0.00164172 -0.00112939 -9.51852e-07 -1.04479e-08 0.00112936 -0.00172273 0.178989 5.02956e-06 -0.000403944 0.178997 0.952947 -6.3453e-06 -8.38332e-06 -1.56596e-06 1.37759e-05 -0.67368 -0.463443 -0.000390592 -4.28728e-06 0.463433 -0.706923
148 0.232401 0.00261934 0.000365964 8.09402e-09 -1.07386e-06 0.000365979 0.0025184 -8.91578e-09 -1.00001e-08 -5.8208e-10 2.27749e-08 -0.0020947 -0.00101225 -1.04443e-06 -2.06569e-09 0.00101223 -0.00215278 0.139716 3.0901e-06 -0.000409972 0.139722 0.961463 -3.40383e-06 -3.81779e-06 -2.22224e-07 8.69491e-06 -0.799707 -0.386454 -0.000398738 -7.88632e-07 0.386446 -0.82188
152 0.205891 0.00284392 0.00029207 4.82662e-09 -1.15916e-06 0.000292081 0.00275491 -4.64694e-09 -2.88468e-09 1.4684e-09 1.45068e-08 -0.00250695 -0.000859549 -1.1337e-06 3.18426e-09 0.000859531 -0.00254277 0.1027 1.69717e-06 -0.000407592 0.102704 0.968702 -1.63399e-06 -1.01433e-06 5.16332e-07 5.10101e-06 -0.881512 -0.302241 -0.00039864 1.11968e-06 0.302235 -0.894108
156 0.178378 0.00308856 0.000220645 2.48945e-09 -1.23841e-06 0.000220653 0.00300971 -2.20365e-09 1.30066e-09 2.46276e-09 8.41325e-09 -0.00287597 -0.000687356 -1.21741e-06 5.73143e-09 0.000687342 -0.00289085 0.0714393 8.06024e-07 -0.000400968 0.0714419 0.974471 -7.13487e-07 4.21122e-07 7.97381e-07 2.724e-06 -0.931168 -0.222549 -0.000394166 1.85569e-06 0.222544 -0.935986
160 0.0971232 0.00333303 0.000155991 1.00618e-09 -1.30969e-06 0.000155996 0.00326261 -1.12394e-09 3.12157e-09 2.61363e-09 4.11249e-09 -0.00319812 -0.000511186 -1.29324e-06 6.16812e-09 0.000511176 -0.00319402 0.0468017 3.01883e-07 -0.000392942 0.0468033 0.978874 -3.37212e-07 9.36557e-07 7.8416e-07 1.23386e-06 -0.959526 -0.15337 -0.000388008 1.85061e-06 0.153367 -0.958293
161 0.0357021 0.00339195 0.000141243 7.51461e-10 -1.32603e-06 0.000141248 0.00332338 -1.01404e-09 3.28553e-09 2.55012e-09 3.27237e-09 -0.00327086 -0.000468234 -1.3107e-06 6.02729e-09 0.000468224 -0.00326238 0.0416406 2.21542e-07 -0.000390936 0.041642 0.979785 -2.98954e-07 9.68626e-07 7.51816e-07 9.64744e-07 -0.964299 -0.138043 -0.000386415 1.77694e-06 0.13804 -0.961799
162 0.0338871 0.00344947 0.00012713 5.37303e-10 -1.34174e-06 0.000127135 0.00338265 -9.54572e-10 3.35523e-09 2.45498e-09 2.51457e-09 -0.00334033 -0.000426144 -1.3275e-06 5.80882e-09 0.000426135 -0.00332765 0.0368551 1.55764e-07 -0.000388969 0.0368563 0.980628 -2.7673e-07 9.72679e-07 7.11698e-07 7.28972e-07 -0.968361 -0.123539 -0.00038484 1.68398e-06 0.123536 -0.964684
163 0.0320617 0.00350534 0.000113682 3.6048e-10 -1.35676e-06 0.000113685 0.00344015 -9.39039e-10 3.34194e-09 2.33273e-09 1.83345e-09 -0.00340649 -0.000385118 -1.34359e-06 5.52402e-09 0.00038511 -0.00338977 0.032431 1.02837e-07 -0.000387057 0.032432 0.981405 -2.67888e-07 9.53385e-07 6.65478e-07 5.23044e-07 -0.9718 -0.109866 -0.000383298 1.57589e-06 0.109864 -0.967032
164 0.0302266 0.00355932 0.00010092 2.17655e-10 -1.37109e-06 0.000100923 0.00349567 -9.61143e-10 3.25692e-09 2.1879e-09 1.22352e-09 -0.00346925 -0.000345347 -1.35895e-06 5.18409e-09 0.00034534 -0.0034487 0.0283537 6.11507e-08 -0.000385212 0.0283546 0.98212 -2.70036e-07 9.15041e-07 6.14696e-07 3.43751e-07 -0.974697 -0.0970263 -0.0003818 1.45648e-06 0.0970243 -0.968921
165 0.0283823 0.00361118 8.88658e-05 1.05425e-10 -1.38469e-06 8.88685e-05 0.00354898 -1.01481e-09 3.11132e-09 2.025e-09 6.79487e-10 -0.00352857 -0.000307017 -1.37355e-06 4.80009e-09 0.000307011 -0.00350437 0.0246085 2.9194e-08 -0.000383446 0.0246092 0.982776 -2.81019e-07 8.61578e-07 5.60757e-07 1.88162e-07 -0.977123 -0.0850185 -0.000380359 1.32923e-06 0.0850167 -0.97042
166 0.0265294 0.00366073 7.75369e-05 2.03584e-11 -1.39754e-06 7.75392e-05 0.00359987 -1.09422e-09 2.91607e-09 1.84846e-09 1.96246e-10 -0.00358438 -0.000270303 -1.38735e-06 4.38286e-09 0.000270298 -0.00355672 0.0211807 5.56131e-09 -0.000381767 0.0211814 0.983375 -2.98907e-07 7.96581e-07 5.04942e-07 5.36086e-08 -0.979144 -0.0738387 -0.000378982 1.19727e-06 0.0738371 -0.971588
167 0.0246683 0.00370775 6.69478e-05 -4.09644e-11 -1.40962e-06 6.69498e-05 0.00364814 -1.19381e-09 2.68184e-09 1.66262e-09 -2.31073e-10 -0.00363662 -0.000235372 -1.40033e-06 3.94295e-09 0.000235367 -0.00360571 0.0180562 -1.10483e-08 -0.000380182 0.0180567 0.983922 -3.21976e-07 7.23307e-07 4.48417e-07 -6.23217e-08 -0.980816 -0.063481 -0.000377677 1.06344e-06 0.0634796 -0.97248
168 0.0172754 0.00375206 5.71108e-05 -8.19155e-11 -1.4209e-06 5.71125e-05 0.0036936 -1.3083e-09 2.41895e-09 1.47168e-09 -6.07101e-10 -0.00368523 -0.000202378 -1.41247e-06 3.49052e-09 0.000202374 -0.00365129 0.0152212 -2.18321e-08 -0.000378697 0.0152216 0.984418 -3.4869e-07 6.44699e-07 3.92233e-07 -1.61805e-07 -0.982189 -0.0539379 -0.000376451 9.30294e-07 0.0539368 -0.973143
168.5 0.0109315 0.00377314 5.24776e-05 -9.5783e-11 -1.42623e-06 5.24791e-05 0.00371522 -1.36958e-09 2.27986e-09 1.37557e-09 -7.77254e-10 -0.00370816 -0.000186655 -1.41821e-06 3.26266e-09 0.000186651 -0.00367279 0.0139082 -2.53855e-08 -0.000377995 0.0139086 0.984648 -3.62982e-07 6.04233e-07 3.64569e-07 -2.05996e-07 -0.982778 -0.0494693 -0.00037587 8.64707e-07 0.0494683 -0.973402
169 0.0104622 0.00379348 4.8036e-05 -1.05781e-10 -1.43135e-06 4.80373e-05 0.00373607 -1.43275e-09 2.13727e-09 1.27968e-09 -9.36199e-10 -0.00373017 -0.00017147 -1.42373e-06 3.03529e-09 0.000171467 -0.00369341 0.0126628 -2.7885e-08 -0.000377319 0.0126631 0.984865 -3.77688e-07 5.63405e-07 3.37336e-07 -2.46791e-07 -0.983309 -0.0452013 -0.00037531 8.00132e-07 0.0452003 -0.97362
169.5 0.00999215 0.00381306 4.3787e-05 -1.12303e-10 -1.43627e-06 4.37883e-05 0.00375614 -1.49725e-09 1.99234e-09 1.18448e-09 -1.08444e-09 -0.00375124 -0.000156841 -1.42903e-06 2.80952e-09 0.000156838 -0.00371316 0.0114834 -2.94521e-08 -0.000376671 0.0114838 0.985072 -3.92662e-07 5.22503e-07 3.10639e-07 -2.84401e-07 -0.983786 -0.0411326 -0.000374772 7.36816e-07 0.0411317 -0.9738
170 0.0095213 0.00383186 3.97316e-05 -1.15729e-10 -1.44097e-06 3.97327e-05 0.0037754 -1.56251e-09 1.84618e-09 1.09045e-09 -1.22245e-09 -0.00377137 -0.000142783 -1.4341e-06 2.58647e-09 0.00014278 -0.00373202 0.0103688 -3.02017e-08 -0.00037605 0.0103691 0.985267 -4.07769e-07 4.81798e-07 2.84574e-07 -3.19023e-07 -0.984214 -0.0372622 -0.000374256 6.74992e-07 0.0372614 -0.973947
170.5 0.00904972 0.00384985 3.58705e-05 -1.16431e-10 -1.44546e-06 3.58715e-05 0.00379384 -1.62803e-09 1.69988e-09 9.98005e-10 -1.3507e-09 -0.00379056 -0.000129312 -1.43894e-06 2.3672e-09 0.00012931 -0.00375 0.00931737 -3.02429e-08 -0.000375458 0.00931763 0.985451 -4.22881e-07 4.41545e-07 2.59232e-07 -3.50845e-07 -0.984598 -0.0335889 -0.000373764 6.1488e-07 0.0335882 -0.974064
171 0.00857745 0.00386703 3.22044e-05 -1.14769e-10 -1.44973e-06 3.22053e-05 0.00381144 -1.69329e-09 1.55449e-09 9.07591e-10 -1.46963e-09 -0.00380879 -0.000116443 -1.44354e-06 2.15272e-09 0.00011644 -0.00376709 0.00832793 -2.9679e-08 -0.000374895 0.00832816 0.985624 -4.37879e-07 4.01985e-07 2.347e-07 -3.80042e-07 -0.98494 -0.0301117 -0.000373295 5.56684e-07 0.030111 -0.974156
171.5 0.00810453 0.00388338 2.87338e-05 -1.11092e-10 -1.45378e-06 2.87346e-05 0.00382818 -1.75782e-09 1.411e-09 8.19614e-10 -1.57967e-09 -0.00382608 -0.000104189 -1.44791e-06 1.94401e-09 0.000104186 -0.00378328 0.00739919 -2.8607e-08 -0.000374361 0.00739939 0.985787 -4.52653e-07 3.63344e-07 2.11057e-07 -4.06779e-07 -0.985245 -0.0268294 -0.000372849 5.00598e-07 0.0268288 -0.974225
172 0.00763099 0.00389887 2.54595e-05 -1.05732e-10 -1.45762e-06 2.54602e-05 0.00384405 -1.82116e-09 1.27038e-09 7.34468e-10 -1.68122e-09 -0.0038424 -9.25631e-05 -1.45205e-06 1.74202e-09 9.25612e-05 -0.00379857 0.00652996 -2.71185e-08 -0.000373856 0.00653014 0.985939 -4.67098e-07 3.25832e-07 1.88379e-07 -4.31208e-07 -0.985516 -0.023741 -0.000372428 4.46801e-07 0.0237405 -0.974274
172.5 0.00715688 0.00391351 2.23818e-05 -9.90091e-11 -1.46123e-06 2.23824e-05 0.00385904 -1.88287e-09 1.13353e-09 6.52528e-10 -1.77467e-09 -0.00385776 -8.15787e-05 -1.45595e-06 1.54764e-09 8.1577e-05 -0.00381296 0.00571912 -2.52993e-08 -0.00037338 0.00571927 0.986082 -4.8112e-07 2.89645e-07 1.66737e-07 -4.53472e-07 -0.985755 -0.0208454 -0.000372031 3.95462e-07 0.020845 -0.974308
173 0.00668221 0.00392726 1.95012e-05 -9.12283e-11 -1.46461e-06 1.95017e-05 0.00387312 -1.94254e-09 1.00132e-09 5.7415e-10 -1.86036e-09 -0.00387215 -7.12472e-05 -1.4596e-06 1.36171e-09 7.12456e-05 -0.00382644 0.00496559 -2.32295e-08 -0.000372935 0.00496572 0.986214 -4.94631e-07 2.54967e-07 1.46196e-07 -4.73704e-07 -0.985967 -0.0181417 -0.000371659 3.46734e-07 0.0181413 -0.974327
173.5 0.00620704 0.00394012 1.6818e-05 -8.26782e-11 -1.46777e-06 1.68184e-05 0.00388628 -1.9998e-09 8.74573e-10 4.99671e-10 -1.93865e-09 -0.00388556 -6.15796e-05 -1.46301e-06 1.18504e-09 6.15783e-05 -0.003839 0.00426838 -2.09837e-08 -0.000372519 0.0042685 0.986336 -5.07548e-07 2.21966e-07 1.26816e-07 -4.92027e-07 -0.986153 -0.0156289 -0.000371311 3.00763e-07 0.0156285 -0.974335
174 0.0057314 0.00395208 1.43325e-05 -7.36309e-11 -1.4707e-06 1.43329e-05 0.00389852 -2.05428e-09 7.54054e-10 4.29407e-10 -2.00984e-09 -0.003898 -5.25864e-05 -1.46618e-06 1.01837e-09 5.25853e-05 -0.00385065 0.00362657 -1.86309e-08 -0.000372133 0.00362667 0.986449 -5.19796e-07 1.90799e-07 1.08653e-07 -5.08553e-07 -0.986316 -0.013306 -0.000370989 2.5768e-07 0.0133057 -0.974334
174.5 0.00525531 0.00396312 1.20451e-05 -6.43411e-11 -1.4734e-06 1.20454e-05 0.00390983 -2.10564e-09 6.40481e-10 3.63652e-10 -2.07424e-09 -0.00390946 -4.42771e-05 -1.4691e-06 8.62409e-10 4.42761e-05 -0.00386138 0.00303929 -1.6235e-08 -0.000371778 0.00303937 0.986552 -5.31308e-07 1.6161e-07 9.1759e-08 -5.23386e-07 -0.986459 -0.0111723 -0.000370692 2.17608e-07 0.011172 -0.974326
175 0.00477883 0.00397324 9.95591e-06 -5.50457e-11 -1.47588e-06 9.95618e-06 0.00392018 -2.15358e-09 5.34518e-10 3.02682e-10 -2.13212e-09 -0.00391993 -3.66605e-05 -1.47177e-06 7.17797e-10 3.66597e-05 -0.00387118 0.00250574 -1.38541e-08 -0.000371454 0.00250581 0.986646 -5.42021e-07 1.34529e-07 7.618e-08 -5.3662e-07 -0.986582 -0.00922685 -0.00037042 1.80658e-07 0.00922666 -0.974313
175.5 0.00430199 0.00398243 8.06521e-06 -4.5963e-11 -1.47812e-06 8.06542e-06 0.00392958 -2.19782e-09 4.36776e-10 2.46746e-10 -2.18373e-09 -0.00392941 -2.97448e-05 -1.47419e-06 5.85135e-10 2.97442e-05 -0.00388006 0.0020252 -1.15415e-08 -0.00037116 0.00202525 0.98673 -5.51879e-07 1.09676e-07 6.19588e-08 -5.48341e-07 -0.986688 -0.00746902 -0.000370173 1.46929e-07 0.00746886 -0.974296
176 0.00382481 0.00399067 6.37314e-06 -3.72921e-11 -1.48012e-06 6.37331e-06 0.00393801 -2.23809e-09 3.47811e-10 1.96076e-10 -2.22929e-09 -0.00393791 -2.35373e-05 -1.47636e-06 4.64963e-10 2.35368e-05 -0.00388801 0.00159701 -9.34483e-09 -0.000370896 0.00159705 0.986805 -5.60831e-07 8.71561e-08 4.91335e-08 -5.58626e-07 -0.986779 -0.00589809 -0.000369952 1.16513e-07 0.00589796 -0.974277
176.5 0.00334735 0.00399796 4.87985e-06 -2.92127e-11 -1.4819e-06 4.87998e-06 0.00394547 -2.27417e-09 2.68123e-10 1.50875e-10 -2.26901e-09 -0.00394541 -1.80446e-05 -1.47827e-06 3.5777e-10 1.80442e-05 -0.00389504 0.00122059 -7.30689e-09 -0.000370664 0.00122062 0.986871 -5.68833e-07 6.7065e-08 3.77381e-08 -5.67543e-07 -0.986856 -0.00451345 -0.000369757 8.94883e-08 0.00451335 -0.974257
177 0.00286963 0.00400429 3.58546e-06 -2.18841e-11 -1.48344e-06 3.58555e-06 0.00395195 -2.30586e-09 1.98155e-10 1.11329e-10 -2.30307e-09 -0.00395191 -1.32724e-05 -1.47994e-06 2.63989e-10 1.32721e-05 -0.00390113 0.000895404 -5.46518e-09 -0.000370462 0.000895428 0.986929 -5.75847e-07 4.94858e-08 2.78024e-08 -5.75151e-07 -0.98692 -0.00331455 -0.000369588 6.59265e-08 0.00331448 -0.974237
177.5 0.00239169 0.00400966 2.49005e-06 -1.54457e-11 -1.48474e-06 2.49011e-06 0.00395744 -2.33297e-09 1.38295e-10 7.75951e-11 -2.33162e-09 -0.00395742 -9.22587e-06 -1.48135e-06 1.83995e-10 9.22567e-06 -0.00390628 0.000621013 -3.85212e-09 -0.000370291 0.000621029 0.986977 -5.81837e-07 3.44905e-08 1.93521e-08 -5.81502e-07 -0.986973 -0.00230091 -0.000369445 4.58879e-08 0.00230086 -0.974219
178 0.00191357 0.00401405 1.59371e-06 -1.00155e-11 -1.48581e-06 1.59375e-06 0.00396194 -2.35535e-09 8.88688e-11 4.98095e-11 -2.3548e-09 -0.00396193 -5.90923e-06 -1.4825e-06 1.18107e-10 5.9091e-06 -0.0039105 0.000397032 -2.4951e-09 -0.000370151 0.000397042 0.987016 -5.86776e-07 2.21394e-08 1.24088e-08 -5.86639e-07 -0.987015 -0.00147213 -0.000369328 2.94234e-08 0.0014721 -0.974203
178.5 0.00143531 0.00401748 8.96492e-07 -5.69077e-12 -1.48664e-06 8.96516e-07 0.00396544 -2.37289e-09 5.01464e-11 2.80829e-11 -2.37272e-09 -0.00396544 -3.32599e-06 -1.4834e-06 6.6589e-11 3.32591e-06 -0.00391379 0.000223148 -1.4165e-09 -0.000370042 0.000223154 0.987047 -5.90642e-07 1.24821e-08 6.99019e-09 -5.90599e-07 -0.987046 -0.000827879 -0.000369236 1.65748e-08 0.000827861 -0.97419
179 0.000956932 0.00401993 3.98451e-07 -2.54737e-12 -1.48723e-06 3.98462e-07 0.00396794 -2.38549e-09 2.23374e-11 1.2502e-11 -2.38545e-09 -0.00396794 -1.47886e-06 -1.48404e-06 2.96439e-11 1.47883e-06 -0.00391613 9.9119e-05 -6.33684e-10 -0.000369965 9.91216e-05 0.987069 -5.93416e-07 5.55666e-09 3.11e-09 -5.93407e-07 -0.987069 -0.000367883 -0.000369171 7.37423e-09 0.000367876 -0.97418
179.5 0.000478484 0.0040214 9.96143e-08 -6.39563e-13 -1.48759e-06 9.9617e-08 0.00396945 -2.39307e-09 5.59187e-12 3.1286e-12 -2.39307e-09 -0.00396945 -3.69814e-07 -1.48443e-06 7.41829e-12 3.69806e-07 -0.00391754 2.47711e-05 -1.5904e-10 -0.000369918 2.47717e-05 0.987082 -5.95085e-07 1.39053e-09 7.77987e-10 -5.95084e-07 -0.987082 -9.19615e-05 -0.000369132 1.84471e-09 9.19595e-05 -0.974174
180 5.98114e-05 0.00402189 0 0 -1.48771e-06 0 0.00396995 -2.39561e-09 0 0 -2.39561e-09 -0.00396995 0 -1.48455e-06 0 0 -0.00391801 0 0 -0.000369902 0 0.987086 -5.95642e-07 0 0 -5.95642e-07 -0.987086 0 -0.000369119 0 0 -0.974172
