theta 2pi*dcos S11 S12 S13 S14 S21 S22 S23 S24 S31 S32 S33 S34 S41 S42 S43 S44 S12_norm S13_norm S14_norm S21_norm S22_norm S23_norm S24_norm S31_norm S32_norm S33_norm S34_norm S41_norm S42_norm S43_norm S44_norm
0 2.39246e-06 17189.8 1.52917e-13 -5.73569e-15 16.8054 1.52436e-13 17187.2 2.19789 -2.37945e-15 -5.94583e-15 -2.19789 17187.2 4.13971e-16 16.8054 1.83907e-15 -4.17854e-16 17186 8.89577e-18 -3.33667e-19 0.000977637 8.86781e-18 0.99985 0.00012786 -1.38422e-19 -3.45892e-19 -0.00012786 0.99985 2.40823e-20 0.000977634 1.06986e-19 -2.43082e-20 0.999776
0.1 1.91397e-05 17168.1 0.0124638 -0.00233882 16.7756 0.0125511 17165.5 2.1926 0.00665097 -0.00183675 -2.1926 17165.5 0.437385 16.7756 -0.00672914 -0.437478 17164.3 7.25984e-07 -1.36231e-07 0.000977138 7.31069e-07 0.999849 0.000127713 3.87403e-07 -1.06986e-07 -0.000127713 0.999849 2.54766e-05 0.000977139 -3.91956e-07 -2.5482e-05 0.999776
0.2 3.82793e-05 17103 0.0495491 -0.00933074 16.6864 0.0498973 17100.5 2.17676 0.0265145 -0.00733119 -2.17676 17100.5 1.74396 16.6866 -0.0268258 -1.74433 17099.2 2.89709e-06 -5.4556e-07 0.000975641 2.91745e-06 0.999849 0.000127273 1.55028e-06 -4.28648e-07 -0.000127274 0.999849 0.000101968 0.00097565 -1.56848e-06 -0.00010199 0.999775
0.3 5.74188e-05 16995.1 0.110343 -0.0209025 16.5386 0.111123 16992.5 2.15055 0.059324 -0.0164361 -2.15056 16992.5 3.90309 16.539 -0.0600188 -3.90391 16991.3 6.49265e-06 -1.22991e-06 0.000973139 6.53855e-06 0.999848 0.000126539 3.49066e-06 -9.67108e-07 -0.00012654 0.999848 0.00022966 0.000973164 -3.53154e-06 -0.000229708 0.999774
0.4 7.65581e-05 16845 0.193343 -0.0369328 16.3333 0.194721 16842.4 2.11422 0.104639 -0.0290732 -2.11426 16842.4 6.88727 16.3341 -0.105861 -6.88872 16841.1 1.14778e-05 -2.19251e-06 0.000969625 1.15596e-05 0.999847 0.00012551 6.21189e-06 -1.72593e-06 -0.000125513 0.999847 0.000408862 0.000969671 -6.28441e-06 -0.000408948 0.999772
0.5 9.56972e-05 16653.7 0.296482 -0.0572544 16.0722 0.298619 16651.1 2.06814 0.161851 -0.0451343 -2.06825 16651.1 10.6586 16.0734 -0.163733 -10.6608 16649.8 1.78029e-05 -3.43795e-06 0.000965088 1.79311e-05 0.999845 0.000124185 9.71868e-06 -2.71017e-06 -0.000124192 0.999845 0.000640014 0.00096516 -9.83167e-06 -0.000640148 0.99977
0.6 0.000114836 16422.4 0.417168 -0.0816555 15.7575 0.420214 16419.8 2.01276 0.230194 -0.0644817 -2.01298 16419.8 15.1691 15.7592 -0.232857 -15.1723 16418.6 2.54023e-05 -4.9722e-06 0.000959511 2.55878e-05 0.999843 0.000122562 1.40171e-05 -3.92645e-06 -0.000122575 0.999843 0.000923683 0.000959615 -1.41792e-05 -0.000923876 0.999767
0.7 0.000133974 16152.7 0.552324 -0.109883 15.3916 0.556423 16150.2 1.94864 0.308752 -0.0869505 -1.94905 16150.2 20.3618 15.3938 -0.3123 -20.366 16148.9 3.41938e-05 -6.80274e-06 0.000952876 3.44476e-05 0.999841 0.000120638 1.91145e-05 -5.38301e-06 -0.000120664 0.99984 0.00126058 0.000953016 -1.93342e-05 -0.00126084 0.999763
0.8 0.000153112 15846.4 0.698453 -0.141645 14.9774 0.703735 15843.9 1.87641 0.396472 -0.112349 -1.8771 15843.8 26.171 14.9803 -0.400996 -26.1763 15842.6 4.40764e-05 -8.93861e-06 0.000945161 4.44097e-05 0.999838 0.000118412 2.50197e-05 -7.08989e-06 -0.000118455 0.999836 0.00165154 0.000945341 -2.53051e-05 -0.00165188 0.999758
0.9 0.00017225 15505.4 0.851691 -0.176615 14.5183 0.858275 15502.8 1.79677 0.492183 -0.140463 -1.79785 15502.8 32.5236 14.5218 -0.49775 -32.5302 15501.6 5.49286e-05 -1.13906e-05 0.000936338 5.53533e-05 0.999834 0.00011588 3.17427e-05 -9.05897e-06 -0.00011595 0.999832 0.00209756 0.000936562 -3.21017e-05 -0.00209799 0.999753
1 0.000191387 15131.9 1.00788 -0.214436 14.0178 1.01587 15129.3 1.71049 0.594606 -0.171054 -1.7121 15129.3 39.34 14.0219 -0.601264 -39.3479 15128 6.66063e-05 -1.41711e-05 0.000926376 6.71345e-05 0.999831 0.000113038 3.92949e-05 -1.13042e-05 -0.000113145 0.999827 0.0025998 0.000926648 -3.97349e-05 -0.00260033 0.999746
1.1 0.000210523 14728.2 1.16264 -0.254724 13.4799 1.17213 14725.7 1.61839 0.702374 -0.203865 -1.62071 14725.6 46.535 13.4846 -0.710149 -46.5443 14724.4 7.89395e-05 -1.72949e-05 0.000915242 7.9584e-05 0.999826 0.000109883 4.7689e-05 -1.38418e-05 -0.000110041 0.999821 0.00315958 0.000915563 -4.82169e-05 -0.00316021 0.999738
1.2 0.000229659 14296.9 1.31145 -0.297072 12.9086 1.32252 14294.4 1.52134 0.814053 -0.238621 -1.52456 14294.3 54.0192 12.9139 -0.822947 -54.0299 14293.1 9.17293e-05 -2.07787e-05 0.000902893 9.25036e-05 0.999821 0.00010641 5.6939e-05 -1.66903e-05 -0.000106635 0.999814 0.00377838 0.000903266 -5.75611e-05 -0.00377912 0.999729
1.3 0.000248794 13840.7 1.44973 -0.341057 12.3083 1.46243 13838.1 1.42025 0.928157 -0.275032 -1.42457 13838 61.7002 12.3142 -0.938149 -61.7123 13836.8 0.000104744 -2.46416e-05 0.000889286 0.000105662 0.999816 0.000102614 6.706e-05 -1.98713e-05 -0.000102926 0.999806 0.00445788 0.000889711 -6.77819e-05 -0.00445875 0.999719
1.4 0.000267929 13362.3 1.57291 -0.386243 11.6836 1.5873 13359.7 1.31602 1.04317 -0.312797 -1.32169 13359.6 69.4838 11.69 -1.05421 -69.4971 13358.4 0.000117713 -2.89054e-05 0.000874369 0.00011879 0.99981 9.8488e-05 7.80685e-05 -2.34089e-05 -9.8912e-05 0.999796 0.00519999 0.000874847 -7.88948e-05 -0.00520099 0.999706
1.5 0.000287062 12864.6 1.67654 -0.432185 11.0389 1.69264 12862 1.20961 1.15758 -0.351603 -1.21687 12861.8 77.2749 11.0457 -1.1696 -77.2896 12860.6 0.000130322 -3.3595e-05 0.000858087 0.000131574 0.999803 9.40267e-05 8.99819e-05 -2.73311e-05 -9.45908e-05 0.999784 0.00600681 0.000858617 -9.09162e-05 -0.00600795 0.999692
1.6 0.000306195 12350.4 1.75633 -0.478438 10.379 1.77416 12347.9 1.10194 1.26986 -0.391131 -1.11105 12347.6 84.9796 10.3862 -1.28276 -84.9955 12346.4 0.000142208 -3.87385e-05 0.000840374 0.000143651 0.999795 8.92223e-05 0.000102819 -3.16694e-05 -8.99602e-05 0.999771 0.00688069 0.000840956 -0.000103863 -0.00688198 0.999675
1.7 0.000325327 11822.9 1.80827 -0.524554 9.70855 1.82781 11820.4 0.993915 1.37853 -0.431059 -1.00516 11820 92.5056 9.71603 -1.39219 -92.5226 11818.9 0.000152946 -4.43675e-05 0.000821163 0.000154599 0.999787 8.40667e-05 0.000116598 -3.64596e-05 -8.50178e-05 0.999755 0.00782425 0.000821795 -0.000117754 -0.00782569 0.999656
1.8 0.000344457 11285 1.82866 -0.570096 9.0322 1.84991 11282.5 0.886447 1.48216 -0.47106 -0.900099 11282 99.7637 9.03988 -1.49645 -99.7816 11280.9 0.000162044 -5.05181e-05 0.000800373 0.000163927 0.999777 7.8551e-05 0.000131339 -4.17422e-05 -7.97608e-05 0.999737 0.00884039 0.000801054 -0.000132605 -0.00884198 0.999634
1.9 0.000363587 10739.6 1.81422 -0.614634 8.35453 1.83713 10737.1 0.780392 1.5794 -0.51081 -0.796728 10736.5 106.669 8.36234 -1.59414 -106.688 10735.4 0.000168929 -5.72308e-05 0.00077792 0.000171062 0.999766 7.26651e-05 0.000147063 -4.75633e-05 -7.41862e-05 0.999716 0.00993232 0.000778647 -0.000148436 -0.00993408 0.999609
2 0.000382716 10189.6 1.76211 -0.657754 7.67999 1.78664 10187.1 0.676569 1.66895 -0.549986 -0.695857 10186.5 113.142 7.68785 -1.68398 -113.161 10185.3 0.000172932 -6.45513e-05 0.000753707 0.000175339 0.999755 6.63978e-05 0.00016379 -5.39751e-05 -6.82907e-05 0.999691 0.0111036 0.000754478 -0.000165264 -0.0111055 0.999579
2.1 0.000401843 9638.02 1.67002 -0.69906 7.01289 1.6961 9635.53 0.575745 1.74967 -0.588272 -0.59824 9634.77 119.109 7.02073 -1.76477 -119.129 9633.64 0.000173274 -7.25315e-05 0.000727628 0.00017598 0.999742 5.97369e-05 0.000181538 -6.10367e-05 -6.20708e-05 0.999663 0.0123582 0.000728442 -0.000183105 -0.0123603 0.999546
2.2 0.000420969 9087.52 1.53616 -0.738177 6.35732 1.56373 9085.04 0.478627 1.82047 -0.62536 -0.504563 9084.17 124.504 6.36509 -1.83545 -124.524 9083.05 0.000169041 -8.12297e-05 0.000699566 0.000172074 0.999727 5.26686e-05 0.000200327 -6.88152e-05 -5.55227e-05 0.99963 0.0137005 0.000700421 -0.000201974 -0.0137028 0.999507
2.3 0.000440094 8540.83 1.35938 -0.774754 5.71716 1.38833 8538.35 0.385856 1.88045 -0.660948 -0.415443 8537.35 129.268 5.72481 -1.89507 -129.289 8536.24 0.000159163 -9.07118e-05 0.000669392 0.000162552 0.99971 4.51778e-05 0.000220172 -7.73869e-05 -4.8642e-05 0.999592 0.0151353 0.000670287 -0.000221884 -0.0151378 0.999463
2.4 0.000459218 8000.49 1.1391 -0.808468 5.096 1.16934 7998.02 0.298001 1.92881 -0.694749 -0.331415 7996.88 133.352 5.10351 -1.94285 -133.373 7995.78 0.000142379 -0.000101052 0.000636961 0.000146159 0.999692 3.72478e-05 0.000241087 -8.68383e-05 -4.14243e-05 0.999549 0.016668 0.000637899 -0.000242841 -0.0166706 0.999411
2.5 0.00047834 7468.91 0.875397 -0.839024 4.49715 0.906818 7466.45 0.215553 1.96493 -0.726487 -0.252932 7465.16 136.714 4.50451 -1.97814 -136.735 7464.08 0.000117205 -0.000112336 0.000602116 0.000121412 0.999671 2.886e-05 0.000263081 -9.72682e-05 -3.38647e-05 0.999498 0.0183044 0.000603101 -0.00026485 -0.0183072 0.999353
2.6 0.000497461 6948.36 0.568962 -0.866159 3.9236 0.601443 6945.91 0.138925 1.98831 -0.755902 -0.180364 6944.47 139.323 3.93083 -2.00046 -139.344 6943.39 8.18844e-05 -0.000124657 0.000564681 8.6559e-05 0.999648 1.99939e-05 0.000286155 -0.000108789 -2.59578e-05 0.99944 0.0200512 0.000565721 -0.000287904 -0.0200542 0.999285
2.7 0.00051658 6440.91 0.221123 -0.889641 3.37802 0.254537 6438.47 0.0684471 1.99864 -0.78275 -0.113992 6436.87 141.156 3.38515 -2.0095 -141.177 6435.81 3.43309e-05 -0.000138123 0.000524463 3.95187e-05 0.999621 1.06269e-05 0.000310304 -0.000121528 -1.76981e-05 0.999373 0.0219155 0.000525571 -0.000311989 -0.0219187 0.999208
2.8 0.000535698 5948.48 -0.166186 -0.909271 2.8627 -0.131973 5946.05 0.0043663 1.99576 -0.806804 -0.0540094 5944.29 142.201 2.8698 -2.0051 -142.222 5943.24 -2.79375e-05 -0.000152858 0.000481249 -2.2186e-05 0.999592 7.34018e-07 0.000335508 -0.000135632 -9.07954e-06 0.999295 0.0239054 0.000482443 -0.000337077 -0.0239089 0.999118
2.9 0.000554814 5472.77 -0.590445 -0.924885 2.37958 -0.555575 5470.35 -0.0531527 1.97969 -0.827856 -0.000524965 5468.42 142.455 2.38674 -1.98728 -142.475 5467.38 -0.000107888 -0.000168998 0.000434804 -0.000101516 0.999558 -9.71221e-06 0.000361734 -0.000151268 -9.5923e-08 0.999205 0.0260298 0.000436112 -0.000363121 -0.0260334 0.999015
3 0.000573928 5015.3 -1.04859 -0.936351 1.93024 -1.01321 5012.88 -0.104026 1.95058 -0.845719 0.0464376 5010.79 141.924 1.93757 -1.95622 -141.944 5009.76 -0.000209078 -0.000186699 0.000384871 -0.000202023 0.999519 -2.07418e-05 0.000388926 -0.000168628 9.2592e-06 0.999101 0.0282982 0.000386331 -0.00039005 -0.0283022 0.998896
3.1 0.00059304 4577.36 -1.53704 -0.943572 1.51588 -1.5013 4574.96 -0.14825 1.90876 -0.860226 0.0869347 4572.7 140.624 1.5235 -1.91225 -140.643 4571.68 -0.000335792 -0.000206139 0.000331169 -0.000327984 0.999475 -3.23876e-05 0.000417 -0.00018793 1.89923e-05 0.998981 0.0307216 0.000332833 -0.000417763 -0.0307258 0.998759
3.2 0.000612151 4160.08 -2.05179 -0.946483 1.13733 -2.01585 4157.68 -0.185893 1.85469 -0.871233 0.121098 4155.26 138.579 1.14539 -1.85588 -138.597 4154.25 -0.000493211 -0.000227516 0.000273391 -0.00048457 0.999424 -4.46849e-05 0.000445832 -0.000209427 2.91096e-05 0.998842 0.0333115 0.000275328 -0.000446116 -0.033316 0.9986
3.3 0.00063126 3764.33 -2.58843 -0.945055 0.795055 -2.55243 3761.95 -0.217096 1.789 -0.878618 0.149131 3759.36 135.82 0.803723 -1.78772 -135.838 3758.37 -0.000687619 -0.000251055 0.000211207 -0.000678056 0.999366 -5.76717e-05 0.000475251 -0.000233406 3.96168e-05 0.99868 0.0360808 0.00021351 -0.000474911 -0.0360856 0.998415
3.4 0.000650367 3390.82 -3.1422 -0.939288 0.48918 -3.10631 3388.44 -0.242063 1.71242 -0.882283 0.171299 3385.71 132.388 0.498635 -1.70856 -132.406 3384.72 -0.000926678 -0.000277009 0.000144266 -0.000916094 0.999298 -7.13879e-05 0.000505017 -0.000260198 5.05184e-05 0.998492 0.0390431 0.000147054 -0.000503878 -0.0390482 0.998201
3.5 0.000669472 3040.03 -3.70811 -0.929215 0.219483 -3.67249 3037.66 -0.261061 1.62582 -0.882155 0.187924 3034.78 128.329 0.229914 -1.61927 -128.346 3033.8 -0.00121976 -0.00030566 7.21978e-05 -0.00120804 0.99922 -8.58744e-05 0.000534803 -0.00029018 6.18166e-05 0.998272 0.042213 7.56288e-05 -0.000532651 -0.0422186 0.99795
3.6 0.000688575 2712.26 -4.28098 -0.914896 -0.0145732 -4.24579 2709.89 -0.274403 1.53015 -0.878185 0.19938 2706.87 123.695 -0.0029768 -1.52087 -123.711 2705.9 -0.00157838 -0.000337319 -5.3731e-06 -0.00156541 0.999128 -0.000101172 0.000564163 -0.000323784 7.35106e-05 0.998015 0.0456058 -1.09754e-06 -0.000560739 -0.045612 0.997658
3.7 0.000707676 2407.61 -4.85552 -0.896424 -0.213829 -4.82091 2405.25 -0.282453 1.42649 -0.87035 0.206077 2402.1 118.543 -0.200877 -1.41443 -118.559 2401.14 -0.00201674 -0.00037233 -8.88141e-05 -0.00200237 0.999021 -0.000117317 0.000592495 -0.0003615 8.55942e-05 0.997714 0.0492369 -8.34343e-05 -0.000587482 -0.0492437 0.997315
3.8 0.000726775 2126.01 -5.4264 -0.873916 -0.3794 -5.39254 2123.66 -0.28561 1.31597 -0.858655 0.208461 2120.39 112.935 -0.364909 -1.30112 -112.951 2119.44 -0.00255239 -0.00041106 -0.000178457 -0.00253646 0.998894 -0.000134341 0.000618986 -0.000403882 9.80531e-05 0.997359 0.0531209 -0.00017164 -0.000612002 -0.0531285 0.996912
3.9 0.000745871 1867.22 -5.98834 -0.847517 -0.512652 -5.95537 1864.87 -0.284301 1.19978 -0.843129 0.207001 1861.5 106.936 -0.496451 -1.18218 -106.952 1860.56 -0.0032071 -0.000453894 -0.000274554 -0.00318944 0.998744 -0.000152259 0.000642548 -0.000451543 0.000110861 0.996941 0.0572705 -0.000265878 -0.000633123 -0.0572791 0.996436
4 0.000764965 1630.84 -6.53616 -0.817397 -0.615175 -6.50425 1628.5 -0.278979 1.07915 -0.823828 0.20218 1625.04 100.613 -0.597112 -1.05887 -100.629 1624.11 -0.00400786 -0.000501214 -0.000377214 -0.00398829 0.998566 -0.000171065 0.000661718 -0.000505157 0.000123973 0.996447 0.0616944 -0.000366139 -0.000649279 -0.0617042 0.995873
4.1 0.000784057 1416.33 -7.06489 -0.783749 -0.688754 -7.03418 1413.99 -0.27011 0.95537 -0.800838 0.194488 1410.46 94.0346 -0.668702 -0.932491 -94.0507 1409.53 -0.00498818 -0.000553368 -0.000486297 -0.0049665 0.998352 -0.000190712 0.000674541 -0.000565433 0.000137319 0.995861 0.0663934 -0.000472139 -0.000658388 -0.0664047 0.995205
4.2 0.000803147 1223.01 -7.5698 -0.746786 -0.73534 -7.54044 1220.68 -0.258165 0.8297 -0.774268 0.184415 1217.1 87.269 -0.713202 -0.804357 -87.2854 1216.17 -0.00618948 -0.000610613 -0.000601254 -0.00616548 0.998096 -0.00021109 0.000678408 -0.000633084 0.000150788 0.995163 0.0713559 -0.000583153 -0.000657686 -0.0713693 0.994408
4.3 0.000822234 1050.1 -8.04648 -0.706746 -0.757019 -8.01861 1047.78 -0.243619 0.703416 -0.744257 0.172441 1044.15 80.3848 -0.732732 -0.675764 -80.4017 1043.23 -0.00766257 -0.000673026 -0.000720901 -0.00763603 0.997786 -0.000231996 0.000669855 -0.000708748 0.000164214 0.994332 0.0765495 -0.000697773 -0.000643523 -0.0765656 0.993457
4.4 0.000841318 896.708 -8.49089 -0.663881 -0.755981 -8.46465 894.386 -0.226936 0.577766 -0.710971 0.15903 890.735 73.4492 -0.729525 -0.54799 -73.4667 889.822 -0.00946896 -0.000740354 -0.000843062 -0.0094397 0.997411 -0.000253077 0.000644318 -0.000792868 0.000177349 0.993339 0.0819098 -0.000813559 -0.000611113 -0.0819293 0.99232
4.5 0.0008604 761.851 -8.89943 -0.618466 -0.73449 -8.87494 759.533 -0.208571 0.453961 -0.674602 0.144624 755.875 66.527 -0.705888 -0.422269 -66.5453 754.965 -0.0116813 -0.000811794 -0.000964086 -0.0116492 0.996957 -0.000273768 0.000595866 -0.000885477 0.000189833 0.992155 0.0873229 -0.000926543 -0.000554268 -0.0873468 0.990961
4.6 0.00087948 644.481 -9.26893 -0.570788 -0.694857 -9.24632 642.165 -0.188956 0.333162 -0.635366 0.129637 638.518 59.6803 -0.664182 -0.299785 -59.6994 637.612 -0.014382 -0.000885655 -0.00107816 -0.0143469 0.996406 -0.00029319 0.000516946 -0.000985855 0.000201149 0.990747 0.092602 -0.00103057 -0.000465157 -0.0926317 0.98934
4.7 0.000898556 543.492 -9.59675 -0.521152 -0.639407 -9.57614 541.178 -0.168501 0.216464 -0.593506 0.114447 537.559 52.9673 -0.606784 -0.18165 -52.9875 536.655 -0.0176576 -0.000958896 -0.00117648 -0.0176196 0.995742 -0.000310034 0.000398284 -0.00109202 0.000210578 0.989082 0.0974573 -0.00111645 -0.000334227 -0.0974945 0.987419
4.8 0.00091763 457.735 -9.88078 -0.469875 -0.570457 -9.86226 455.422 -0.14759 0.104884 -0.54929 0.0994004 451.847 46.4423 -0.536065 -0.0688959 -46.4637 450.945 -0.0215862 -0.00102652 -0.00124626 -0.0215458 0.994948 -0.000322436 0.000229138 -0.00120002 0.000217157 0.987137 0.101461 -0.00117112 -0.000150515 -0.101508 0.985166
4.9 0.000936701 386.032 -10.1194 -0.417286 -0.490284 -10.1031 383.721 -0.126572 -0.00064711 -0.503006 0.0847983 380.206 40.1548 -0.454357 0.0375365 -40.1776 379.305 -0.0262139 -0.00108096 -0.00127006 -0.0261716 0.994012 -0.00032788 -1.67631e-06 -0.00130302 0.000219666 0.984906 0.104019 -0.00117699 9.72367e-05 -0.104078 0.982573
5 0.00095577 327.194 -10.3116 -0.363723 -0.401109 -10.2976 324.883 -0.105764 -0.0992976 -0.454965 0.0709017 321.443 34.1493 -0.363935 0.136809 -34.1735 320.543 -0.0315154 -0.00111164 -0.00122591 -0.0314725 0.992937 -0.000323247 -0.000303483 -0.00139051 0.000216697 0.982425 0.10437 -0.00111229 0.000418128 -0.104444 0.979674
5.1 0.000974835 280.026 -10.457 -0.309533 -0.305069 -10.4453 277.715 -0.0854455 -0.190339 -0.405497 0.0579273 274.365 28.4646 -0.266992 0.228192 -28.4903 273.466 -0.037343 -0.00110538 -0.00108943 -0.0373012 0.991747 -0.000305134 -0.000679721 -0.00144807 0.000206864 0.979786 0.10165 -0.000953454 0.000814896 -0.101742 0.976573
5.2 0.000993897 243.346 -10.5555 -0.255072 -0.204198 -10.5462 241.035 -0.0658578 -0.273156 -0.354947 0.0460475 237.789 23.134 -0.165613 0.311072 -23.1613 236.889 -0.0433765 -0.00104818 -0.000839126 -0.0433383 0.990502 -0.000270634 -0.0011225 -0.00145861 0.000189226 0.977161 0.095066 -0.000680567 0.00127831 -0.0951782 0.973463
5.3 0.00101296 215.995 -10.6078 -0.200696 -0.100416 -10.601 213.683 -0.0472053 -0.347245 -0.303676 0.0353911 210.552 18.1848 -0.0617682 0.384955 -18.2137 209.651 -0.0491113 -0.000929168 -0.000464899 -0.0490797 0.989297 -0.000218548 -0.00160765 -0.00140594 0.000163852 0.974799 0.0841909 -0.00028597 0.00178224 -0.0843248 0.970629
5.4 0.00103201 196.843 -10.615 -0.146765 0.00449267 -10.6106 194.53 -0.029654 -0.412224 -0.252057 0.0260442 191.524 13.6386 0.042714 0.449471 -13.6692 190.622 -0.0539261 -0.000745596 2.28237e-05 -0.053904 0.988252 -0.000150648 -0.00209418 -0.0012805 0.00013231 0.972979 0.0692867 0.000216996 0.0022834 -0.0694421 0.968398
5.5 0.00105107 184.801 -10.5786 -0.0936404 0.108886 -10.5767 182.487 -0.013333 -0.46783 -0.200471 0.0180525 179.616 9.51085 0.146152 0.504371 -9.5431 178.712 -0.0572429 -0.000506709 0.000589207 -0.057233 0.98748 -7.21481e-05 -0.00253153 -0.00108479 9.76861e-05 0.971941 0.0514653 0.000790864 0.00272926 -0.0516398 0.967053
5.6 0.00107012 178.831 -10.5006 -0.0416786 0.211277 -10.5013 176.516 0.00166383 -0.513917 -0.149302 0.0114238 173.786 5.81144 0.247026 0.549531 -5.84534 172.881 -0.0587181 -0.000233061 0.00118143 -0.0587218 0.987055 9.30392e-06 -0.00287376 -0.000834878 6.38805e-05 0.971791 0.0324969 0.00138134 0.00307291 -0.0326864 0.966729
5.7 0.00108916 177.948 -10.3835 0.00876821 0.310337 -10.3867 175.631 0.0152762 -0.550458 -0.0989392 0.00613143 173.049 2.54458 0.343982 0.584948 -2.58007 172.142 -0.0583515 4.92741e-05 0.00174398 -0.0583692 0.986983 8.58468e-05 -0.00309337 -0.000556002 3.44564e-05 0.972473 0.0142996 0.00193305 0.00328719 -0.014499 0.967375
5.8 0.00110821 181.228 -10.23 0.0573559 0.404903 -10.2356 178.91 0.0274745 -0.577536 -0.0497677 0.00211789 176.48 -0.290844 0.435837 0.610731 0.253836 175.571 -0.0564482 0.000316485 0.00223422 -0.0564791 0.98721 0.000151602 -0.00318679 -0.000274614 1.16863e-05 0.973803 -0.00160485 0.00240491 0.00336996 0.00140064 0.968783
5.9 0.00112725 187.814 -10.0431 0.103751 0.493977 -10.0511 185.495 0.0382569 -0.595344 -0.00216674 -0.000700938 183.22 -2.70095 0.521585 0.627105 2.66251 182.308 -0.0534738 0.000552415 0.00263014 -0.0535164 0.987651 0.000203695 -0.00316985 -1.15366e-05 -3.73208e-06 0.975537 -0.014381 0.00277713 0.00333896 0.0141763 0.97068
6 0.00172656 196.918 -9.82622 0.147636 0.576728 -9.83655 194.597 0.0476461 -0.604177 0.0434943 -0.00243132 192.477 -4.69649 0.600394 0.634396 4.65674 191.562 -0.0499002 0.000749733 0.00292878 -0.0499526 0.988214 0.00024196 -0.00306817 0.000220876 -1.23469e-05 0.97745 -0.02385 0.00304896 0.00322163 0.0236482 0.972805
6.2 0.00236869 219.875 -9.31625 0.226681 0.720735 -9.33092 217.551 0.0624382 -0.596559 0.127595 -0.00313483 215.739 -7.50752 0.734715 0.623505 7.46556 214.819 -0.0423707 0.00103096 0.00327794 -0.0424374 0.989432 0.000283972 -0.00271318 0.000580306 -1.42573e-05 0.981192 -0.0341445 0.00334152 0.00283573 0.0339537 0.977008
6.4 0.00244479 245.221 -8.7292 0.292332 0.833418 -8.74769 242.895 0.0723898 -0.558762 0.199935 -0.00110889 241.376 -8.88587 0.835481 0.58242 8.84238 240.452 -0.0355973 0.00119212 0.00339865 -0.0356727 0.990517 0.000295203 -0.00227861 0.000815328 -4.52201e-06 0.984323 -0.0362362 0.00340706 0.00237508 0.0360589 0.980552
6.6 0.00252085 269.218 -8.0946 0.342844 0.913546 -8.11623 266.892 0.0782044 -0.495929 0.258336 0.00247158 265.641 -9.03774 0.901798 0.516558 8.99351 264.713 -0.030067 0.00127348 0.00339333 -0.0301474 0.991359 0.000290487 -0.00184211 0.000959578 9.18058e-06 0.986714 -0.0335703 0.00334969 0.00191873 0.033406 0.983264
6.8 0.00259689 289.211 -7.44076 0.376973 0.961847 -7.46473 286.886 0.0806414 -0.413918 0.301148 0.00650627 285.87 -8.19729 0.934868 0.432032 8.15315 284.938 -0.0257278 0.00130345 0.00332576 -0.0258106 0.991958 0.000278832 -0.0014312 0.00104127 2.24966e-05 0.988446 -0.0283436 0.00323247 0.00149383 0.028191 0.985224
7 0.00267289 303.524 -6.79343 0.394057 0.980631 -6.81882 301.201 0.0804236 -0.318952 0.327349 0.0100792 300.38 -6.61075 0.937584 0.335275 6.56756 299.447 -0.0223818 0.00129827 0.00323082 -0.0224655 0.992345 0.000264966 -0.00105083 0.0010785 3.32073e-05 0.98964 -0.02178 0.00308899 0.00110461 0.0216377 0.986566
7.2 0.00274886 311.331 -6.17464 0.394059 0.973385 -6.20047 309.011 0.0781652 -0.217272 0.336609 0.0125377 308.342 -4.52191 0.914097 0.232682 4.48049 307.409 -0.0198331 0.00126573 0.00312653 -0.019916 0.992549 0.000251068 -0.000697882 0.00108119 4.02713e-05 0.9904 -0.0145245 0.0029361 0.000747381 0.0143914 0.987403
7.4 0.0028248 312.505 -5.60201 0.377605 0.944366 -5.62725 310.191 0.0743275 -0.114816 0.329322 0.0135361 309.628 -2.15959 0.869367 0.130277 2.1207 308.697 -0.0179261 0.00120832 0.00302192 -0.0180069 0.992595 0.000237844 -0.000367404 0.00105381 4.33149e-05 0.990795 -0.00691056 0.00278193 0.000416881 0.00678611 0.987816
7.6 0.00290071 307.465 -5.08831 0.345967 0.898221 -5.11191 305.158 0.0691994 -0.0169377 0.306603 0.0130438 304.659 0.272264 0.808735 0.0334279 -0.307954 303.731 -0.0165492 0.00112522 0.00292137 -0.016626 0.992497 0.000225064 -5.50882e-05 0.000997197 4.24235e-05 0.990871 0.000885512 0.00263033 0.000108721 -0.00100159 0.987856
7.8 0.00297657 297.019 -4.64142 0.301034 0.839639 -4.66239 294.72 0.062906 0.0718129 0.270242 0.0113185 294.242 2.60165 0.737538 -0.0533782 -2.63359 293.321 -0.0156267 0.00101352 0.00282689 -0.0156973 0.992262 0.000211791 0.000241779 0.000909847 3.81071e-05 0.990652 0.00875921 0.00248314 -0.000179713 -0.00886676 0.987549
8 0.00305241 282.219 -4.26464 0.24523 0.773073 -4.28206 279.93 0.055437 0.147858 0.222616 0.00885177 279.438 4.69277 0.660783 -0.12669 -4.72056 278.523 -0.0151111 0.000868936 0.00273927 -0.0151728 0.991891 0.000196433 0.000523911 0.000788804 3.13649e-05 0.990144 0.0166281 0.00234138 -0.000448906 -0.0167266 0.986904
8.2 0.0031282 264.239 -3.95716 0.181413 0.702517 -3.97026 261.961 0.0466945 0.208684 0.166574 0.00629145 261.423 6.44753 0.582886 -0.184178 -6.4709 260.517 -0.0149757 0.000686548 0.00265864 -0.0150253 0.991379 0.000176713 0.000789755 0.000630391 2.38097e-05 0.989342 0.0244004 0.00220591 -0.000697015 -0.0244888 0.985913
8.4 0.00320396 244.265 -3.71487 0.112735 0.631351 -3.72302 241.998 0.0365484 0.252876 0.105287 0.00435187 241.39 7.80459 0.507496 -0.224652 -7.82341 240.494 -0.0152084 0.000461527 0.0025847 -0.0152417 0.990718 0.000149626 0.00103525 0.000431035 1.78162e-05 0.988231 0.0319514 0.00207765 -0.000919707 -0.0320284 0.984561
8.6 0.00327968 223.412 -3.53113 0.0424911 0.562265 -3.53393 221.156 0.0248974 0.28008 0.0420765 0.00371975 220.462 8.73651 0.437392 -0.248003 -8.7508 219.576 -0.0158055 0.000190191 0.00251672 -0.015818 0.9899 0.000111441 0.00125365 0.000188336 1.66497e-05 0.986796 0.0391049 0.00195778 -0.00111007 -0.0391689 0.98283
8.8 0.00335535 202.667 -3.39777 -0.0260483 0.497228 -3.395 200.421 0.011724 0.290918 -0.0197608 0.00496575 199.632 9.24538 0.37445 -0.255102 -9.25527 198.756 -0.0167653 -0.000128528 0.00245342 -0.0167516 0.988916 5.78487e-05 0.00143545 -9.75037e-05 2.4502e-05 0.985024 0.0456186 0.00184761 -0.00125872 -0.0456674 0.980704
9 0.00343099 182.846 -3.30587 -0.0898058 0.437522 -3.29756 180.609 -0.00285905 0.286854 -0.0771323 0.00846943 179.722 9.35745 0.319687 -0.24764 -9.36316 178.857 -0.0180801 -0.000491155 0.00239284 -0.0180346 0.987765 -1.56364e-05 0.00156883 -0.000421843 4.632e-05 0.982913 0.0511766 0.00174839 -0.00135436 -0.0512079 0.978182
9.2 0.00350659 164.58 -3.24659 -0.146054 0.383814 -3.233 162.351 -0.0185788 0.27002 -0.127313 0.0143647 161.369 9.11737 0.273341 -0.227945 -9.11922 160.513 -0.0197265 -0.000887433 0.00233208 -0.0196439 0.986455 -0.000112886 0.00164066 -0.000773562 8.7281e-05 0.980487 0.0553978 0.00166084 -0.00138501 -0.0554091 0.975292
9.4 0.00358214 148.31 -3.2118 -0.192551 0.336255 -3.19339 146.087 -0.0349895 0.243031 -0.168084 0.0225101 145.018 8.5824 0.235006 -0.198775 -8.58076 144.172 -0.0216561 -0.00129831 0.00226725 -0.0215319 0.985011 -0.000235922 0.00163867 -0.00113333 0.000151777 0.977805 0.0578681 0.00158456 -0.00134027 -0.057857 0.972102
9.6 0.00365765 134.298 -3.19455 -0.227653 0.294596 -3.17197 132.079 -0.0514807 0.208782 -0.197844 0.032486 130.937 7.81697 0.203784 -0.163108 -7.81223 130.099 -0.023787 -0.00169513 0.0021936 -0.0236189 0.983478 -0.000383332 0.00155462 -0.00147317 0.000241895 0.974973 0.0582061 0.0015174 -0.00121453 -0.0581709 0.968735
9.8 0.00373311 122.649 -3.18935 -0.250377 0.258315 -3.16341 120.432 -0.0673041 0.170253 -0.215671 0.0436191 119.233 6.88789 0.178451 -0.123942 -6.88047 118.402 -0.0260038 -0.0020414 0.00210612 -0.0257924 0.981926 -0.000548752 0.00138813 -0.00175844 0.000355641 0.972143 0.0561592 0.00145497 -0.00101054 -0.0560988 0.965367
10 0.00380853 113.335 -3.19228 -0.260437 0.226731 -3.16392 111.118 -0.0816172 0.130325 -0.221352 0.0550304 109.878 5.86036 0.157622 -0.0841112 -5.85069 109.053 -0.0281668 -0.00229795 0.00200054 -0.0279165 0.980439 -0.000720142 0.00114991 -0.00195308 0.000485556 0.969503 0.0517084 0.00139076 -0.000742148 -0.051623 0.962217
10.2 0.0038839 106.222 -3.20093 -0.258229 0.199114 -3.17112 104.002 -0.0935403 0.0916243 -0.215357 0.0657031 102.742 4.79493 0.139896 -0.0461411 -4.78339 101.92 -0.0301344 -0.00243104 0.00187452 -0.0298538 0.979108 -0.000880615 0.000862577 -0.00202744 0.000618548 0.967245 0.0451408 0.00131702 -0.000434385 -0.0450322 0.959505
10.4 0.00395923 101.099 -3.21417 -0.244773 0.174765 -3.18393 98.8759 -0.102221 0.0563963 -0.198785 0.0745639 97.6141 3.74522 0.123989 -0.0121279 -3.7322 96.7941 -0.0317922 -0.00242112 0.00172865 -0.0314931 0.978007 -0.00101109 0.000557831 -0.00196623 0.00073753 0.965526 0.037045 0.00122641 -0.00011996 -0.0369161 0.957415
10.6 0.0040345 97.7078 -3.2319 -0.221624 0.153085 -3.2022 95.4783 -0.106898 0.0264148 -0.173255 0.0805694 94.2327 2.75665 0.108834 0.0163337 -2.74247 93.4134 -0.0330772 -0.00226823 0.00156676 -0.0327732 0.977182 -0.00109406 0.000270345 -0.0017732 0.000824595 0.964433 0.0282132 0.00111387 0.000167168 -0.0280681 0.956049
10.8 0.00410973 95.7587 -3.25465 -0.190747 0.133611 -3.2264 93.5215 -0.106969 0.00292993 -0.140788 0.0827923 92.3085 1.86565 0.0936399 0.0381854 -1.85062 91.4888 -0.0339881 -0.00199196 0.00139528 -0.033693 0.976638 -0.00111707 3.0597e-05 -0.00147024 0.000864593 0.96397 0.0194828 0.000977873 0.000398767 -0.0193259 0.955409
11 0.00418491 94.9554 -3.28326 -0.154381 0.116037 -3.25723 92.7094 -0.102036 -0.0133451 -0.103654 0.0804977 91.5429 1.09963 0.0779351 0.0529017 -1.084 90.7217 -0.0345769 -0.00162583 0.00122202 -0.0343027 0.976347 -0.00107457 -0.000140541 -0.00109161 0.000847743 0.964062 0.0115804 0.000820755 0.000557122 -0.0114159 0.955414
11.2 0.00426003 95.0075 -3.31848 -0.114882 0.100212 -3.2953 92.7519 -0.0919504 -0.0222133 -0.0642214 0.0732048 91.6431 0.477237 0.0615647 0.0604507 -0.461226 90.8198 -0.0349286 -0.00120919 0.00105478 -0.0346846 0.976259 -0.000967822 -0.000233806 -0.000675961 0.000770516 0.964588 0.00502315 0.000647999 0.000636273 -0.00485462 0.955922
11.4 0.00433511 95.642 -3.36072 -0.074572 0.0861147 -3.34086 93.3764 -0.0768292 -0.0239422 -0.0248016 0.0607286 92.3333 0.00896454 0.0446678 0.0612282 0.00727305 91.5076 -0.0351385 -0.000779699 0.000900385 -0.0349309 0.976312 -0.0008033 -0.000250332 -0.000259317 0.000634958 0.965405 9.37301e-05 0.000467031 0.000640181 7.60446e-05 0.956772
11.6 0.00441013 96.6108 -3.40983 -0.0356017 0.0738295 -3.39358 94.3351 -0.0570595 -0.0191881 0.0124867 0.0431986 93.3625 -0.302136 0.0276301 0.0559712 0.318483 92.5344 -0.0352946 -0.000368506 0.000764196 -0.0351263 0.976445 -0.000590612 -0.000198612 0.000129248 0.00044714 0.966378 -0.00312735 0.000285995 0.000579347 0.00329656 0.957807
11.8 0.0044851 97.6954 -3.465 0.000170276 0.0635039 -3.45245 95.4101 -0.0332796 -0.008904 0.045837 0.0210531 94.5094 -0.45961 0.0110215 0.0456589 0.475995 93.6792 -0.0354673 1.74293e-06 0.00065002 -0.0353389 0.976608 -0.000340647 -9.11405e-05 0.000469183 0.000215497 0.967389 -0.00470453 0.000112815 0.00046736 0.00487224 0.958891
12 0.0139046 98.7098 -3.52467 0.0312684 0.0553091 -3.51576 96.4156 -0.00634345 0.00576125 0.073842 -0.00498912 95.585 -0.472755 -0.00447662 0.0314109 0.489149 94.7534 -0.0357074 0.000316771 0.000560321 -0.0356171 0.976758 -6.42637e-05 5.83656e-05 0.000748072 -5.05434e-05 0.968344 -0.00478935 -4.53513e-05 0.000318215 0.00495543 0.95992
13 0.0246683 98.548 -3.80036 0.0964177 0.0495507 -3.80433 96.2284 0.137876 0.102954 0.116522 -0.156194 95.629 1.00591 -0.042657 -0.0610739 -0.988671 94.8063 -0.0385636 0.000978383 0.000502808 -0.0386039 0.976463 0.00139907 0.00104471 0.00118239 -0.00158496 0.97038 0.0102074 -0.000432855 -0.000619737 -0.0100324 0.962032
14 0.0265294 87.1511 -3.79165 0.0576753 0.0887463 -3.79712 84.8418 0.212759 0.168329 0.0521124 -0.247507 84.1757 2.91284 0.00492961 -0.130565 -2.89214 83.3857 -0.0435067 0.000661785 0.0010183 -0.0435694 0.973501 0.00244126 0.00193146 0.000597954 -0.00283998 0.965858 0.0334229 5.65639e-05 -0.00149814 -0.0331853 0.956794
15 0.0283823 72.1107 -3.39119 0.0298863 0.127015 -3.39484 69.8241 0.191185 0.186935 0.00493149 -0.238083 68.9432 2.96195 0.0850985 -0.165816 -2.93805 68.1821 -0.0470275 0.00041445 0.00176139 -0.0470781 0.96829 0.00265126 0.00259233 6.83877e-05 -0.00330163 0.956075 0.041075 0.00118011 -0.00229947 -0.0407436 0.94552
16 0.0302266 63.7099 -2.79707 0.0405876 0.135717 -2.80375 61.4274 0.136501 0.171612 0.00688415 -0.187249 60.4795 1.33342 0.12203 -0.165632 -1.31128 59.7221 -0.0439032 0.000637069 0.00213024 -0.0440081 0.964174 0.00214255 0.00269365 0.000108055 -0.00293909 0.949295 0.0209296 0.0019154 -0.00259979 -0.020582 0.937406
17 0.0320617 63.0651 -2.2478 0.0391076 0.129303 -2.25987 60.7583 0.0987843 0.116271 0.00507411 -0.140045 59.9682 0.030756 0.109138 -0.118289 -0.0130743 59.1964 -0.0356425 0.000620116 0.00205031 -0.0358339 0.963423 0.00156639 0.00184367 8.04584e-05 -0.00222064 0.950895 0.000487688 0.00173056 -0.00187567 -0.000207315 0.938656
18 0.0338871 63.1959 -1.85297 0.00182879 0.125572 -1.86352 60.8544 0.0732017 0.0527129 -0.0284249 -0.0866087 60.2359 0.164378 0.0922643 -0.0622271 -0.145773 59.4516 -0.029321 2.89384e-05 0.00198703 -0.029488 0.962949 0.00115833 0.000834119 -0.00044979 -0.00137048 0.953163 0.00260108 0.00145997 -0.000984671 -0.00230668 0.940752
19 0.0357021 59.538 -1.5885 -0.040366 0.104026 -1.58555 57.1754 0.0363835 0.0505233 -0.0634787 -0.0196349 56.548 0.84801 0.0853816 -0.0624179 -0.822 55.7634 -0.0266805 -0.000677988 0.00174722 -0.0266309 0.960318 0.000611097 0.00084859 -0.00106619 -0.000329788 0.949781 0.0142432 0.00143407 -0.00104837 -0.0138063 0.936602
20 0.0375062 54.38 -1.36746 -0.046552 0.0296237 -1.34566 52.0171 -0.0229634 0.108163 -0.0616713 0.0407607 51.2556 0.809787 0.0456982 -0.103984 -0.780006 50.4831 -0.0251464 -0.000856049 0.000544753 -0.0247455 0.956547 -0.000422276 0.00198902 -0.00113408 0.000749552 0.942544 0.0148912 0.000840349 -0.00191216 -0.0143436 0.928338
21 0.0392989 51.647 -1.17566 -0.0073648 -0.0826329 -1.1449 49.2946 -0.0889311 0.126255 -0.0230279 0.0743613 48.4605 0.0239111 -0.0518324 -0.0968604 -0.000789013 47.7116 -0.0227634 -0.000142599 -0.00159996 -0.0221679 0.954452 -0.0017219 0.00244458 -0.000445871 0.0014398 0.938303 0.000462972 -0.00100359 -0.00187543 -1.5277e-05 0.923802
22 0.0410797 51.6729 -1.08838 0.0461051 -0.15768 -1.06818 49.332 -0.110728 0.0460614 0.0190284 0.0677439 48.5625 -0.564494 -0.148479 -0.0117657 0.578089 47.8449 -0.021063 0.00089225 -0.0030515 -0.0206719 0.954699 -0.00214287 0.000891404 0.000368247 0.00131101 0.939806 -0.0109244 -0.00287344 -0.000227695 0.0111875 0.92592
23 0.0428479 51.7685 -1.06441 0.0735051 -0.139137 -1.06589 49.437 -0.0517131 -0.0551192 0.0406491 0.0163546 48.774 -0.304889 -0.157184 0.0707673 0.31638 48.0852 -0.020561 0.00141988 -0.00268767 -0.0205896 0.954965 -0.00099893 -0.00106473 0.000785209 0.000315919 0.942157 -0.00588948 -0.00303629 0.001367 0.00611145 0.92885
24 0.0446031 49.6533 -0.878829 0.0677335 -0.0600323 -0.893123 47.3266 0.0328275 -0.0687588 0.0478947 -0.040911 46.682 0.480192 -0.0774314 0.079409 -0.466336 46.0075 -0.0176993 0.00136413 -0.00120903 -0.0179872 0.953142 0.000661134 -0.00138478 0.000964583 -0.000823934 0.94016 0.00967089 -0.00155944 0.00159927 -0.00939184 0.926575
25 0.0463447 45.5853 -0.438388 0.0492169 -0.00355581 -0.44684 43.2558 0.028114 -0.00134465 0.0443974 -0.0290042 42.5241 0.915899 -0.000929946 0.0457735 -0.905083 41.8488 -0.00961688 0.00107967 -7.80034e-05 -0.00980227 0.948898 0.000616735 -2.94975e-05 0.000973941 -0.000636262 0.932847 0.020092 -2.04001e-05 0.00100413 -0.0198547 0.918032
26 0.0480722 41.7609 -0.0082835 0.0234639 -0.00398885 -0.00413575 39.4254 -0.0921154 0.0470246 0.0105171 0.0701235 38.6044 0.568295 0.00807997 0.0402377 -0.564896 37.9248 -0.000198355 0.000561862 -9.55164e-05 -9.9034e-05 0.944076 -0.00220578 0.00112604 0.00025184 0.00167917 0.924417 0.0136083 0.000193482 0.000963526 -0.0135269 0.908142
27 0.049785 39.859 0.0962961 -0.0175707 -0.0231497 0.10117 37.5257 -0.209961 0.0159664 -0.0526866 0.169027 36.7049 -0.0908001 -0.0168103 0.074477 0.0929921 36.0307 0.00241592 -0.000440821 -0.000580789 0.0025382 0.941461 -0.00526759 0.000400573 -0.00132182 0.00424063 0.920868 -0.00227803 -0.000421745 0.00186851 0.00233303 0.903953
28 0.0514827 39.3869 -0.0743217 -0.05207 -0.0203636 -0.0828051 37.0666 -0.204885 -0.058335 -0.0901791 0.174031 36.3069 -0.331412 -0.0163051 0.108591 0.340239 35.6509 -0.00188696 -0.00132201 -0.000517015 -0.00210235 0.941088 -0.00520185 -0.00148107 -0.00228957 0.00441849 0.921801 -0.00841427 -0.000413971 0.00275703 0.00863836 0.905144
29 0.0531646 38.7122 -0.205032 -0.037547 -0.00113189 -0.225154 36.4026 -0.10159 -0.10259 -0.0533346 0.101852 35.6706 -0.0588406 0.00812733 0.112468 0.0707332 35.0368 -0.0052963 -0.0009699 -2.92386e-05 -0.00581609 0.940338 -0.00262423 -0.00265006 -0.00137772 0.002631 0.921431 -0.00151995 0.000209942 0.00290523 0.00182715 0.905059
30 0.0548304 37.1266 -0.123041 0.0198883 0.0141797 -0.140139 34.8106 -0.0248541 -0.081742 0.0231019 0.0463178 34.0435 0.243057 0.019449 0.0856689 -0.238342 33.426 -0.00331409 0.00053569 0.000381928 -0.00377462 0.937619 -0.000669443 -0.00220171 0.000622248 0.00124756 0.916957 0.00654671 0.000523855 0.00230748 -0.00641972 0.900325
31 0.0564795 35.1376 0.0961218 0.0512539 0.0278925 0.0918682 32.8011 -0.044962 -0.0206476 0.0533104 0.0569879 31.9902 0.254082 0.0116122 0.0444096 -0.258079 31.3811 0.00273558 0.00145866 0.000793807 0.00261453 0.933505 -0.0012796 -0.00058762 0.00151719 0.00162185 0.910426 0.00723106 0.000330479 0.00126388 -0.00734481 0.893093
32 0.0581114 33.2589 0.330663 0.00847769 0.0461165 0.335535 30.9071 -0.118817 0.0241571 0.0052592 0.0991695 30.088 0.0898991 0.00214394 0.0132508 -0.0929681 29.4859 0.00994209 0.0002549 0.00138659 0.0100886 0.929286 -0.00357248 0.000726333 0.000158129 0.00298174 0.90466 0.002703 6.44619e-05 0.000398414 -0.00279528 0.886556
33 0.0597256 31.5289 0.514553 -0.0679238 0.0518927 0.520213 29.1807 -0.159477 0.0150477 -0.0656909 0.112336 28.3761 -0.0594492 -0.0122023 0.0120903 0.0655649 27.7859 0.0163201 -0.00215434 0.00164588 0.0164996 0.925524 -0.00505813 0.000477269 -0.00208352 0.00356295 0.900005 -0.00188555 -0.000387019 0.000383468 0.00207952 0.881285
34 0.0613216 30.0148 0.594815 -0.0959025 0.028756 0.59876 27.6833 -0.120106 -0.0324869 -0.0892858 0.0665479 26.8865 -0.155145 -0.0425871 0.036558 0.169018 26.3135 0.0198174 -0.00319518 0.000958061 0.0199488 0.922323 -0.00400155 -0.00108236 -0.00297473 0.00221717 0.895776 -0.00516895 -0.00141887 0.001218 0.00563116 0.876683
35 0.0628989 28.8764 0.566621 -0.0509455 -0.00411593 0.569615 26.5561 -0.0238108 -0.0675219 -0.0561963 -0.0213234 25.7516 -0.185567 -0.0666216 0.061311 0.200222 25.1949 0.0196223 -0.00176426 -0.000142536 0.0197259 0.919645 -0.000824577 -0.00233831 -0.0019461 -0.000738438 0.891787 -0.00642623 -0.00230713 0.00212322 0.00693376 0.872509
36 0.064457 27.9025 0.527592 0.011449 -0.0112318 0.52644 25.5763 0.0567308 -0.0591553 -0.0128947 -0.0948176 24.7513 -0.133769 -0.0474993 0.0684022 0.142803 24.2026 0.0189084 0.000410322 -0.000402538 0.0188671 0.916631 0.00203318 -0.00212007 -0.000462134 -0.00339817 0.887061 -0.00479416 -0.00170233 0.00245147 0.00511791 0.867396
37 0.0659956 26.639 0.567753 0.0311296 0.00916262 0.558825 24.2945 0.0600008 -0.0279087 0.000874877 -0.0985609 23.4445 -0.0837905 0.00687682 0.0641846 0.0832392 22.8922 0.0213128 0.00116857 0.000343955 0.0209777 0.911991 0.00225237 -0.00104766 3.28419e-05 -0.00369987 0.880081 -0.00314541 0.000258149 0.00240942 0.00312471 0.859348
38 0.067514 25.0393 0.637474 0.0141357 0.0227696 0.625784 22.6772 -0.00154403 -0.0152485 -0.0071393 -0.0370108 21.816 -0.133534 0.0443438 0.0639762 0.124241 21.2542 0.0254589 0.000564541 0.000909355 0.0249921 0.905664 -6.16644e-05 -0.000608983 -0.000285124 -0.00147811 0.87127 -0.00533299 0.00177097 0.00255503 0.00496182 0.848833
39 0.0690118 23.5252 0.636537 0.0102145 0.0106264 0.631731 21.1547 -0.0516009 -0.0286417 -0.00596728 0.0248224 20.3018 -0.214523 0.0365367 0.0655583 0.204067 19.737 0.0270577 0.000434194 0.000451704 0.0268534 0.899238 -0.00219343 -0.00121749 -0.000253655 0.00105514 0.862983 -0.00911889 0.00155309 0.00278673 0.00867439 0.838975
40 0.10628 22.3766 0.591276 0.0345731 -0.00406629 0.592207 20.0057 -0.03759 -0.034189 0.00762146 0.0361718 19.1548 -0.189285 0.0139006 0.0484352 0.186236 18.6014 0.0264238 0.00154505 -0.00018172 0.0264654 0.894045 -0.00167988 -0.00152789 0.000340599 0.0016165 0.856019 -0.00845906 0.000621209 0.00216454 0.0083228 0.831289
42 0.146749 20.5026 0.710077 0.0158878 0.032306 0.686498 18.1322 0.0382738 0.0232403 -0.022757 -0.00189334 17.2047 -0.103045 0.0402707 -0.0310349 0.109475 16.6865 0.0346335 0.000774916 0.0015757 0.0334834 0.884386 0.00186678 0.00113353 -0.00110995 -9.23464e-05 0.839146 -0.00502595 0.00196417 -0.0015137 0.00533956 0.81387
44 0.152348 18.6413 0.68161 -0.0517833 0.0350604 0.673011 16.2696 0.0144439 0.0160346 -0.0509177 0.0146365 15.3143 -0.29076 0.0287378 -0.00744574 0.294697 14.8069 0.0365645 -0.00277788 0.00188079 0.0361033 0.872771 0.000774832 0.000860164 -0.00273145 0.000785168 0.821528 -0.0155977 0.00154162 -0.000399422 0.0158088 0.794306
46 0.157761 16.8946 0.67574 -0.0518594 0.0250075 0.702131 14.5028 0.0250365 0.0552404 -0.0548849 0.0267299 13.5089 -0.13961 0.019674 -0.0186611 0.148888 13.0271 0.0399974 -0.00306958 0.0014802 0.0415595 0.858429 0.00148192 0.00326971 -0.00324866 0.00158216 0.799598 -0.00826355 0.00116452 -0.00110456 0.00881276 0.771082
48 0.162982 15.393 0.737057 -0.0406676 -0.0191441 0.760508 12.9947 0.00120273 0.0572985 -0.0496563 0.0155566 11.9706 -0.424787 0.0166207 -0.0298006 0.442544 11.498 0.0478827 -0.00264196 -0.00124369 0.0494062 0.844197 7.81347e-05 0.00372238 -0.00322591 0.00101063 0.777666 -0.0275962 0.00107976 -0.00193599 0.0287497 0.746967
50 0.168004 14.2 0.439941 -0.0194267 -0.0226353 0.450067 11.8156 0.0208981 0.0544347 -0.0216238 -0.0345317 10.7991 -0.391299 -0.00113995 -0.0261133 0.404237 10.3454 0.0309817 -0.00136807 -0.00159403 0.0316948 0.832085 0.00147169 0.00383342 -0.0015228 -0.00243181 0.760497 -0.0275562 -8.02779e-05 -0.00183896 0.0284673 0.72855
52 0.172821 12.7976 0.53366 -0.0507917 0.0166301 0.518757 10.4093 0.0048277 0.018808 -0.0338391 0.0140999 9.34151 -0.241842 0.025747 0.0341973 0.24835 8.89578 0.0416999 -0.00396883 0.00129946 0.0405354 0.813378 0.000377233 0.00146965 -0.00264417 0.00110176 0.72994 -0.0188974 0.00201185 0.00267215 0.0194059 0.69511
54 0.177428 11.616 0.504367 0.0419056 -0.0245487 0.509411 9.21079 0.0212662 -0.0198829 0.0440272 0.015192 8.15582 -0.399303 -0.0296637 0.0532956 0.398192 7.70905 0.04342 0.00360757 -0.00211335 0.0438541 0.792939 0.00183077 -0.00171168 0.00379022 0.00130785 0.702118 -0.0343752 -0.00255369 0.00458811 0.0342796 0.663657
56 0.181819 10.7894 0.400255 0.014586 0.0185736 0.411727 8.39706 0.0403062 0.0301141 0.00031736 -0.0237516 7.26632 -0.405447 -0.0270847 0.019553 0.391479 6.84887 0.0370971 0.00135189 0.00172147 0.0381603 0.77827 0.00373573 0.00279109 2.94141e-05 -0.00220139 0.673469 -0.0375783 -0.00251031 0.00181224 0.0362837 0.634778
58 0.185988 9.8913 0.369493 -0.0350079 -0.0031792 0.363014 7.54593 -0.00585003 0.0124771 -0.0222357 0.00284917 6.32077 -0.380174 -0.0178407 0.0249891 0.377024 5.95133 0.0373553 -0.00353927 -0.000321414 0.0367003 0.762885 -0.000591432 0.00126142 -0.00224801 0.000288048 0.639023 -0.0384352 -0.00180368 0.00252637 0.0381167 0.601673
60 0.286303 9.0344 0.328109 -0.0291959 -0.0315914 0.325108 6.6916 0.00467699 -0.0155794 -0.016413 -0.0087351 5.44511 -0.422607 -0.053838 0.0188563 0.417423 5.09227 0.0363177 -0.00323163 -0.00349679 0.0359855 0.74068 0.000517687 -0.00172446 -0.00181672 -0.00096687 0.602708 -0.0467775 -0.00595922 0.00208716 0.0462038 0.563653
64 0.394175 7.93679 0.211177 -0.0429531 -0.0260973 0.205093 5.56051 0.00569549 -0.0155752 -0.041694 -0.0117578 4.28068 -0.383075 0.0020478 0.0588129 0.382186 3.93615 0.0266073 -0.0054119 -0.00328815 0.0258408 0.700599 0.000717606 -0.0019624 -0.00525326 -0.00148143 0.539346 -0.0482658 0.000258014 0.00741016 0.0481537 0.495937
68 0.406626 6.99202 0.142573 0.00353499 0.00363018 0.131352 4.61415 -0.009252 -0.00252479 0.0178785 -0.01173 3.23667 -0.457924 0.00571163 0.034289 0.458279 2.96257 0.0203909 0.000505576 0.00051919 0.018786 0.659917 -0.00132322 -0.000361096 0.00255698 -0.00167763 0.46291 -0.0654925 0.000816879 0.00490403 0.0655432 0.423707
72 0.417095 6.1726 0.020012 -0.00939417 -0.000262476 0.0230245 3.79237 0.0138962 0.0130294 0.0255307 0.0162688 2.31293 -0.49227 -0.0231418 0.0225163 0.51171 2.08092 0.00324207 -0.00152191 -4.25228e-05 0.00373011 0.614388 0.00225127 0.00211084 0.00413614 0.00263564 0.374709 -0.0797508 -0.00374912 0.00364778 0.0829002 0.337122
76 0.425533 5.63011 -0.0967557 0.00309566 -0.00180744 -0.100244 3.22744 -0.0337323 -0.0311365 0.0209829 0.0212339 1.70417 -0.480152 -0.0139582 0.0387549 0.489557 1.49536 -0.0171854 0.000549841 -0.00032103 -0.017805 0.573247 -0.00599142 -0.00553036 0.0037269 0.0037715 0.302688 -0.085283 -0.0024792 0.00688352 0.0869535 0.265601
80 0.431897 5.23998 -0.176527 -0.0135464 -0.0175464 -0.178539 2.80184 0.0176408 0.00754686 -0.00764939 -0.0126042 1.16607 -0.544365 0.00604576 0.02773 0.546511 1.06745 -0.0336886 -0.0025852 -0.00334856 -0.0340724 0.534705 0.00336657 0.00144025 -0.00145981 -0.00240539 0.222533 -0.103887 0.00115378 0.00529201 0.104297 0.203713
84 0.436158 5.08983 -0.273991 -0.0182368 -0.00182381 -0.283844 2.55678 -0.00734774 -0.0123218 0.0147725 -0.0184629 0.828439 -0.604009 0.00776538 -0.012479 0.601599 0.823852 -0.053831 -0.00358298 -0.000358324 -0.0557669 0.502331 -0.00144361 -0.00242088 0.00290236 -0.00362742 0.162764 -0.11867 0.00152567 -0.00245176 0.118196 0.161862
88 0.328636 5.00494 -0.250734 0.0226539 0.00194486 -0.253422 2.47121 -0.0103236 -0.0510037 -0.0158863 -0.0204246 0.530931 -0.756822 0.0211477 -0.0310582 0.761528 0.648819 -0.0500974 0.0045263 0.000388588 -0.0506344 0.493755 -0.00206268 -0.0101907 -0.00317412 -0.00408088 0.106081 -0.151215 0.00422537 -0.00620551 0.152155 0.129636
90 0.219313 4.99016 -0.321059 0.0274162 0.0320443 -0.301141 2.41896 0.0376537 -0.0658421 -0.00916048 -0.033276 0.422668 -0.784295 0.0429585 -0.052353 0.779352 0.625092 -0.0643385 0.00549406 0.0064215 -0.060347 0.484747 0.0075456 -0.0131944 -0.00183571 -0.00666833 0.0847003 -0.157168 0.00860865 -0.0104913 0.156178 0.125265
92 0.328636 4.9725 -0.271108 0.0040345 0.0383783 -0.245012 2.36104 0.0243155 -0.0434508 0.0102859 -0.0105077 0.359477 -0.801638 0.0351634 -0.0455979 0.787551 0.613247 -0.0545215 0.000811362 0.00771811 -0.0492733 0.474819 0.00488999 -0.00873821 0.00206855 -0.00211316 0.0722929 -0.161214 0.00707158 -0.00917002 0.158381 0.123328
96 0.436158 5.05114 -0.334379 0.0264462 0.0180729 -0.308158 2.3486 0.00218288 -0.0274059 -0.0267805 0.00803642 0.179412 -0.921054 -0.0142449 -0.0662654 0.903379 0.611625 -0.0661988 0.00523568 0.00357799 -0.0610076 0.464963 0.000432155 -0.00542569 -0.00530186 0.00159101 0.0355191 -0.182346 -0.00282013 -0.0131189 0.178846 0.121087
100 0.431897 5.19916 -0.344816 0.0143892 -0.00108012 -0.339537 2.4018 0.00959044 -0.0258701 -0.0177602 -0.00649007 0.0289059 -1.02236 0.00800894 -0.0267822 1.03215 0.631757 -0.0663214 0.0027676 -0.000207748 -0.065306 0.461959 0.00184461 -0.00497582 -0.00341598 -0.00124829 0.00555973 -0.196639 0.00154043 -0.00515125 0.198522 0.121511
104 0.425533 5.47256 -0.397029 -0.00327223 0.0119284 -0.404712 2.53112 0.0296141 -0.0442267 -0.00698312 -0.0513778 -0.0965068 -1.14667 -0.0319979 -0.0358251 1.14896 0.76575 -0.0725491 -0.000597935 0.00217968 -0.073953 0.462511 0.00541138 -0.00808155 -0.00127603 -0.00938826 -0.0176347 -0.209531 -0.00584697 -0.00654632 0.20995 0.139926
108 0.417095 5.77932 -0.41464 0.0381338 0.0300731 -0.405439 2.61502 0.060445 -0.0232873 -0.0512501 -0.0685732 -0.229541 -1.32064 0.0038382 -0.0596995 1.29331 0.952801 -0.0717454 0.00659833 0.00520357 -0.0701535 0.452479 0.0104588 -0.00402942 -0.00886785 -0.0118653 -0.0397176 -0.228511 0.000664128 -0.0103298 0.223783 0.164864
112 0.406626 6.10366 -0.442607 0.0141522 0.0451409 -0.458493 2.70545 0.0367234 -0.0667165 0.00823541 -0.05837 -0.404568 -1.43915 -0.0160312 -0.0903709 1.41058 1.06681 -0.072515 0.00231864 0.00739572 -0.0751178 0.443251 0.00601662 -0.0109306 0.00134926 -0.00956312 -0.0662828 -0.235784 -0.00262648 -0.014806 0.231104 0.174782
116 0.394175 6.47429 -0.475638 -0.0100209 0.0306593 -0.487645 2.82148 0.0650023 -0.0600949 -0.0110275 -0.0662425 -0.552897 -1.50066 -0.0405507 -0.0791724 1.49515 1.26104 -0.0734656 -0.00154779 0.00473555 -0.0753202 0.435798 0.0100401 -0.00928207 -0.00170328 -0.0102316 -0.0853989 -0.231788 -0.00626334 -0.0122287 0.230937 0.194776
120 0.379804 6.80354 -0.3942 0.0424358 -0.00408885 -0.397837 2.8473 0.00664314 -0.0587927 -0.0361502 -0.0369382 -0.85627 -1.5019 -0.00276679 -0.109108 1.48606 1.34717 -0.0579404 0.00623732 -0.000600988 -0.058475 0.418503 0.000976424 -0.00864148 -0.00531344 -0.00542927 -0.125857 -0.220753 -0.000406669 -0.0160369 0.218425 0.198011
124 0.363583 7.08817 -0.411885 -0.00192518 -0.0146602 -0.410277 2.88092 -0.0503926 -0.101352 -0.00464005 0.0526849 -1.12389 -1.44885 -0.00842679 -0.114925 1.43761 1.37118 -0.0581088 -0.000271604 -0.00206826 -0.0578819 0.40644 -0.00710939 -0.0142988 -0.000654618 0.00743279 -0.158559 -0.204403 -0.00118885 -0.0162136 0.202818 0.193447
128 0.34559 7.32152 -0.358073 -0.00827671 0.00235643 -0.349129 2.96071 -0.0165751 -0.146616 -0.0134625 0.0125665 -1.40635 -1.36896 0.0122292 -0.171242 1.38908 1.33614 -0.0489069 -0.00113046 0.00032185 -0.0476852 0.404384 -0.00226389 -0.0200253 -0.00183876 0.00171638 -0.192085 -0.186977 0.0016703 -0.0233888 0.189725 0.182495
132 0.325914 7.49808 -0.366996 0.0492233 -0.0010683 -0.367523 2.90506 -0.00756023 -0.118869 -0.0144658 0.0393793 -1.71149 -1.25461 0.0258293 -0.138259 1.28173 1.31598 -0.0489453 0.00656478 -0.000142476 -0.0490156 0.387441 -0.00100829 -0.0158532 -0.00192926 0.00525192 -0.228258 -0.167325 0.00344479 -0.0184392 0.170941 0.175509
136 0.304649 7.86112 -0.309172 0.0767067 -0.0202946 -0.325804 3.06931 -0.0322007 -0.0423097 -0.0879755 0.0513249 -2.10162 -1.15009 -0.0222146 -0.0772049 1.12021 1.15826 -0.0393293 0.00975773 -0.00258164 -0.041445 0.390442 -0.00409619 -0.00538215 -0.0111912 0.00652895 -0.267344 -0.146301 -0.00282588 -0.0098211 0.142501 0.14734
140 0.281901 8.2373 -0.290229 0.0214496 -0.0664521 -0.378457 3.15716 -0.038644 -0.00449399 -0.0403973 0.0316661 -2.51189 -1.04171 -0.0714597 -0.00286275 1.04423 1.10348 -0.0352335 0.00260396 -0.00806723 -0.0459444 0.383276 -0.00469134 -0.000545566 -0.0049042 0.00384424 -0.304941 -0.126462 -0.00867514 -0.000347536 0.126768 0.133962
144 0.257779 8.53127 -0.32213 0.016954 -0.0200742 -0.376909 3.22007 -0.0611084 0.00813929 -0.03628 0.0443919 -2.92083 -0.961614 -0.0793352 -0.0187923 0.928874 0.983468 -0.0377588 0.00198728 -0.00235301 -0.0441797 0.377443 -0.00716288 0.000954054 -0.00425259 0.00520343 -0.342367 -0.112716 -0.00929934 -0.00220276 0.108879 0.115278
148 0.232401 8.89544 -0.34287 -0.00771449 -0.0317504 -0.342577 3.2971 -0.0299156 0.0193941 -0.00850642 0.0329338 -3.2772 -0.838798 -0.0482971 0.0224737 0.844679 0.966644 -0.0385445 -0.000867241 -0.00356929 -0.0385116 0.37065 -0.00336303 0.00218023 -0.000956268 0.00370233 -0.368413 -0.0942953 -0.00542942 0.00252643 0.0949564 0.108667
152 0.205891 9.3247 -0.255785 -0.0359004 -0.0185545 -0.276771 3.78676 -0.0534343 0.00444984 0.0447857 0.0276839 -3.56114 -0.604054 -0.0377913 0.0192563 0.577397 0.655668 -0.0274309 -0.00385003 -0.00198982 -0.0296815 0.4061 -0.0057304 0.00047721 0.0048029 0.00296887 -0.381904 -0.0647799 -0.00405281 0.00206509 0.0619212 0.0703152
156 0.178378 9.53196 -0.167718 -0.0241946 -0.0532323 -0.176863 4.05673 -0.0443899 0.161045 -0.0156796 0.0371259 -3.80719 -0.480474 -0.0484955 0.168801 0.45315 0.37846 -0.0175953 -0.00253826 -0.00558461 -0.0185547 0.425592 -0.00465696 0.0168953 -0.00164495 0.00389488 -0.399413 -0.0504067 -0.00508767 0.0177089 0.04754 0.0397043
160 0.0971232 9.82328 -0.435729 -0.0460576 0.00159586 -0.395591 4.20784 -0.00704056 0.0924916 0.0256536 -0.0129476 -4.32322 -0.247994 -0.0097322 0.0826674 0.229957 0.0548934 -0.0443567 -0.00468861 0.000162457 -0.0402708 0.428354 -0.000716722 0.00941555 0.00261151 -0.00131805 -0.4401 -0.0252455 -0.000990728 0.00841545 0.0234094 0.00558809
161 0.0357021 9.96004 -0.453062 -0.0679101 0.0744836 -0.410952 4.27699 -0.0382278 0.0438479 0.0155058 0.0190993 -4.46356 -0.196011 0.0377413 0.0306069 0.167078 -0.0144666 -0.0454879 -0.00681826 0.00747824 -0.04126 0.429415 -0.00383812 0.00440238 0.0015568 0.00191759 -0.448147 -0.0196797 0.00378928 0.00307297 0.0167748 -0.00145246
162 0.0338871 10.1248 -0.412221 -0.0289622 0.120995 -0.380195 4.40604 -0.0451397 0.00959802 -0.0307565 0.0246955 -4.55265 -0.178961 0.0918178 0.00828707 0.129223 -0.057031 -0.0407139 -0.00286052 0.0119504 -0.0375508 0.435173 -0.00445833 0.000947971 -0.00303774 0.00243911 -0.449653 -0.0176756 0.0090686 0.000818492 0.012763 -0.0056328
163 0.0320617 10.2359 -0.330699 0.03583 0.129115 -0.317144 4.52661 -0.0135425 0.021021 -0.0714067 -0.00134092 -4.5744 -0.178084 0.128286 0.0210152 0.109895 -0.0793982 -0.0323077 0.00350041 0.0126139 -0.0309834 0.442227 -0.00132303 0.00205365 -0.00697608 -0.000131001 -0.446896 -0.0173979 0.0125329 0.00205308 0.0107362 -0.00775681
164 0.0302266 10.2113 -0.243155 0.0803693 0.117407 -0.249044 4.5562 0.0312299 0.0761245 -0.083489 -0.02562 -4.54084 -0.167422 0.144481 0.0550678 0.0898781 -0.092764 -0.0238123 0.0078706 0.0114978 -0.024389 0.446191 0.00305836 0.00745491 -0.00817612 -0.00250898 -0.444687 -0.0163958 0.0141491 0.00539282 0.00880181 -0.00908443
165 0.0283823 10.0864 -0.176991 0.0866628 0.105515 -0.193336 4.49609 0.0462039 0.123656 -0.0719766 -0.0232215 -4.49037 -0.148882 0.149902 0.0894634 0.0688075 -0.0921877 -0.0175475 0.00859208 0.0104611 -0.019168 0.445759 0.00458083 0.0122597 -0.00713603 -0.00230227 -0.445192 -0.0147607 0.0148618 0.00886973 0.00682183 -0.00913984
166 0.0265294 10.0075 -0.136709 0.0663971 0.0919537 -0.145903 4.44228 0.0133802 0.111825 -0.0469285 -0.0111685 -4.46551 -0.151682 0.145235 0.107145 0.0751258 -0.0715092 -0.0136606 0.00663474 0.00918848 -0.0145794 0.443896 0.00133702 0.0111741 -0.00468934 -0.00111601 -0.446216 -0.0151569 0.0145126 0.0107064 0.00750696 -0.00714557
167 0.0246683 10.0783 -0.113858 0.0311746 0.0652199 -0.0987692 4.48192 -0.0434231 0.0509567 -0.00487011 -0.0191842 -4.48755 -0.198077 0.121448 0.0991889 0.13455 -0.0512972 -0.0112973 0.00309324 0.00647131 -0.00980017 0.444709 -0.00430857 0.00505607 -0.000483226 -0.00190352 -0.445268 -0.0196538 0.0120504 0.00984181 0.0133504 -0.00508986
168 0.0172754 10.2521 -0.106631 -0.0234974 0.0310984 -0.0618647 4.60871 -0.0821167 0.00888651 0.0599426 -0.0422887 -4.54281 -0.280249 0.0763992 0.0722762 0.236897 -0.0666716 -0.0104009 -0.00229196 0.00303337 -0.00603434 0.449537 -0.00800973 0.000866798 0.00584685 -0.00412487 -0.443109 -0.0273357 0.00745205 0.00704989 0.0231071 -0.0065032
168.5 0.0109315 10.3334 -0.112114 -0.0588674 0.0193749 -0.0551357 4.68063 -0.0855508 0.0134469 0.0969944 -0.049102 -4.57224 -0.320732 0.0493904 0.0595717 0.287206 -0.0939819 -0.0108497 -0.0056968 0.00187498 -0.00533567 0.45296 -0.00827904 0.0013013 0.00938648 -0.00475177 -0.442471 -0.0310383 0.00477967 0.00576496 0.0277939 -0.00909495
169 0.0104622 10.3874 -0.126175 -0.0962691 0.0156934 -0.0604639 4.74194 -0.0775121 0.0358434 0.131553 -0.0485407 -4.59873 -0.346228 0.0224993 0.0529251 0.321356 -0.134356 -0.0121468 -0.00926783 0.0015108 -0.00582086 0.456507 -0.00746209 0.00345065 0.0126646 -0.00467301 -0.44272 -0.0333314 0.00216601 0.0050951 0.030937 -0.0129344
169.5 0.00999215 10.4043 -0.149674 -0.13028 0.0213846 -0.0791846 4.78248 -0.0597556 0.069902 0.158339 -0.0410666 -4.62282 -0.342523 -0.00178758 0.0555241 0.32579 -0.186362 -0.0143858 -0.0125218 0.00205537 -0.00761077 0.459665 -0.00574337 0.00671858 0.0152187 -0.00394709 -0.44432 -0.0329214 -0.000171812 0.00533667 0.0313131 -0.0179121
170 0.0095213 10.3845 -0.181059 -0.154149 0.0354249 -0.109585 4.79744 -0.0352803 0.106137 0.172646 -0.0301713 -4.64831 -0.297243 -0.0211005 0.0684835 0.289927 -0.247707 -0.0174355 -0.0148441 0.00341132 -0.0105527 0.461979 -0.00339739 0.0102207 0.0166253 -0.00290541 -0.447619 -0.0286237 -0.00203192 0.00659477 0.0279192 -0.0238535
170.5 0.00904972 10.3416 -0.215085 -0.161498 0.0548416 -0.14574 4.79104 -0.0075799 0.134888 0.171517 -0.0209376 -4.68053 -0.206004 -0.0333024 0.0904141 0.211526 -0.314997 -0.020798 -0.0156163 0.005303 -0.0140926 0.463278 -0.000732952 0.0130433 0.0165851 -0.0020246 -0.452592 -0.0199199 -0.00322023 0.00874275 0.0204539 -0.0304592
171 0.00857745 10.3008 -0.242357 -0.148243 0.0758094 -0.177194 4.7794 0.0200594 0.149492 0.154525 -0.0179199 -4.72301 -0.0778673 -0.0367625 0.117827 0.100914 -0.383697 -0.023528 -0.0143915 0.00735958 -0.017202 0.463985 0.00194737 0.0145127 0.0150013 -0.00173967 -0.458511 -0.00755937 -0.00356891 0.0114386 0.00979679 -0.0372494
171.5 0.00810453 10.2931 -0.250493 -0.11421 0.0948935 -0.190273 4.78973 0.0450766 0.148357 0.124026 -0.0232602 -4.77372 0.0636673 -0.030928 0.146228 -0.0191209 -0.449145 -0.0243359 -0.0110958 0.00921912 -0.0184855 0.465333 0.0043793 0.0144132 0.0120494 -0.00225978 -0.463778 0.00618543 -0.00300472 0.0142063 -0.00185764 -0.0436355
172 0.00763099 10.3441 -0.227265 -0.0639789 0.109837 -0.171454 4.85387 0.0658889 0.135234 0.0849353 -0.0358267 -4.82257 0.186953 -0.0170771 0.17146 -0.119988 -0.509021 -0.0219705 -0.00618505 0.0106183 -0.016575 0.46924 0.0063697 0.0130735 0.00821098 -0.00346349 -0.466215 0.0180734 -0.0016509 0.0165756 -0.0115997 -0.0492088
172.5 0.00715688 10.4593 -0.165217 -0.00666712 0.11959 -0.112318 4.99641 0.0818618 0.117589 0.0441267 -0.0516852 -4.85195 0.265348 0.00117618 0.19075 -0.179748 -0.566531 -0.0157962 -0.000637437 0.0114339 -0.0107386 0.477702 0.00782673 0.0112426 0.00421891 -0.00494157 -0.463891 0.0253697 0.000112454 0.0182374 -0.0171855 -0.0541655
173 0.00668221 10.6134 -0.0662264 0.0454573 0.123808 -0.0145134 5.22109 0.0930534 0.103718 0.00954406 -0.0656306 -4.84133 0.292586 0.0182183 0.203079 -0.196868 -0.632435 -0.00623987 0.00428299 0.0116652 -0.00136746 0.491932 0.00876751 0.0097723 0.000899244 -0.00618373 -0.456152 0.0275675 0.00171653 0.0191342 -0.018549 -0.0595882
173.5 0.00620704 10.7515 0.0560779 0.0794153 0.122446 0.107552 5.50228 0.0998453 0.0996953 -0.0110009 -0.0730897 -4.77546 0.292728 0.0280363 0.208829 -0.198275 -0.723693 0.00521581 0.00738643 0.0113887 0.0100034 0.511768 0.00928664 0.00927268 -0.00102319 -0.00679809 -0.444167 0.0272266 0.00260766 0.0194232 -0.0184416 -0.0673108
174 0.0057314 10.8057 0.17783 0.0846193 0.116176 0.22826 5.78783 0.10261 0.107294 -0.0113452 -0.0716216 -4.65408 0.31749 0.0269877 0.208977 -0.235331 -0.857484 0.0164571 0.00783101 0.0107514 0.0211241 0.535629 0.00949595 0.00992941 -0.00104993 -0.00662815 -0.430707 0.0293818 0.00249755 0.0193396 -0.0217784 -0.079355
174.5 0.00525531 10.7276 0.270814 0.0559704 0.107848 0.317174 6.01597 0.101539 0.123581 0.0113311 -0.0614993 -4.49989 0.428371 0.0169527 0.204306 -0.365845 -1.04155 0.0252445 0.0052174 0.0100533 0.0295661 0.560792 0.00946516 0.0115199 0.00105625 -0.00573279 -0.419467 0.0399316 0.00158028 0.0190448 -0.0341031 -0.09709
175 0.00477883 10.5255 0.311277 -0.00392756 0.104461 0.348735 6.14187 0.0966841 0.142246 0.0550362 -0.0452936 -4.36119 0.668274 0.00754864 0.195001 -0.626963 -1.26425 0.0295735 -0.000373146 0.00992453 0.0331323 0.583522 0.00918567 0.0135144 0.00522883 -0.00430321 -0.414344 0.0634908 0.000717174 0.0185265 -0.0595659 -0.120112
175.5 0.00430199 10.2887 0.288576 -0.0843054 0.118392 0.311865 6.16357 0.0881744 0.156027 0.112344 -0.0267783 -4.30651 1.03398 0.0160329 0.180789 -1.00979 -1.48922 0.0280478 -0.00819397 0.011507 0.0303113 0.599061 0.00857 0.0151649 0.0109191 -0.00260269 -0.418566 0.100497 0.0015583 0.0175716 -0.0981456 -0.144743
176 0.00382481 10.1843 0.210067 -0.168054 0.16647 0.215448 6.13413 0.0764698 0.159254 0.171213 -0.00967051 -4.41084 1.46313 0.0641056 0.161458 -1.4485 -1.65884 0.0206267 -0.0165013 0.0163458 0.0211549 0.602314 0.00750862 0.0156372 0.0168115 -0.000949554 -0.433103 0.143666 0.00629457 0.0158537 -0.142229 -0.162882
176.5 0.00334735 10.4173 0.0997432 -0.235723 0.266122 0.0868131 6.15113 0.0625104 0.149562 0.217499 0.00333769 -4.73575 1.8452 0.171914 0.137444 -1.83244 -1.70779 0.00957475 -0.022628 0.0255462 0.00833354 0.590472 0.00600063 0.0143571 0.0208786 0.000320398 -0.454604 0.177128 0.0165027 0.0131939 -0.175904 -0.163937
177 0.00286963 11.1622 -0.00951548 -0.270801 0.429135 -0.0369895 6.32313 0.0476554 0.12827 0.238739 0.0110219 -5.30835 2.05638 0.350768 0.110132 -2.04073 -1.58401 -0.000852475 -0.0242606 0.0384454 -0.00331382 0.566478 0.00426936 0.0114914 0.0213882 0.00098743 -0.475566 0.184227 0.0314246 0.00986651 -0.182825 -0.141909
177.5 0.00239169 12.4861 -0.0874431 -0.264749 0.654936 -0.122211 6.72411 0.033419 0.0994901 0.228165 0.0135615 -6.10533 2.00709 0.596894 0.0817358 -1.98809 -1.27025 -0.00700326 -0.0212036 0.0524534 -0.00978777 0.538529 0.0026765 0.00796809 0.0182736 0.00108613 -0.488971 0.160747 0.0478048 0.00654616 -0.159224 -0.101734
178 0.00191357 14.2947 -0.117208 -0.220094 0.92616 -0.150664 7.35398 0.0211123 0.0685283 0.187507 0.0121502 -7.04798 1.68324 0.888605 0.054834 -1.66396 -0.797993 -0.00819939 -0.0153969 0.0647904 -0.0105398 0.514455 0.00147693 0.00479396 0.0131172 0.000849978 -0.493048 0.117753 0.0621632 0.00383596 -0.116404 -0.0558244
178.5 0.00143531 16.3262 -0.101079 -0.150341 1.20891 -0.126117 8.12337 0.011557 0.0402983 0.127349 0.00849529 -8.0115 1.16265 1.1884 0.0317968 -1.14734 -0.247227 -0.00619124 -0.00920857 0.0740476 -0.00772481 0.497567 0.000707879 0.00246832 0.00780031 0.000520348 -0.490715 0.0712136 0.072791 0.0019476 -0.0702763 -0.015143
179 0.000956932 18.2028 -0.0584531 -0.0764346 1.45871 -0.0719282 8.87225 0.00500183 0.0183401 0.0645711 0.00436246 -8.84777 0.596843 1.45 0.0143814 -0.588234 0.270018 -0.00321121 -0.00419905 0.0801365 -0.00395149 0.487411 0.000274783 0.00100754 0.00354731 0.000239658 -0.486066 0.0327885 0.0796577 0.000790063 -0.0323155 0.0148339
179.5 0.000478484 19.5298 -0.0169105 -0.0206821 1.63087 -0.0206736 9.41841 0.00127392 0.00463375 0.0174523 0.00123259 -9.41678 0.162528 1.62869 0.00362601 -0.160059 0.638463 -0.000865883 -0.00105901 0.0835068 -0.00105857 0.48226 6.52298e-05 0.000237266 0.000893624 6.31134e-05 -0.482176 0.00832208 0.0833954 0.000185666 -0.00819563 0.0326918
180 5.98114e-05 20.009 2.58052e-15 7.10315e-16 1.69232 1.39543e-15 9.61854 7.69583e-05 2.27706e-15 -2.83283e-15 7.69583e-05 -9.61854 3.86791e-15 1.69218 1.59656e-15 -4.34977e-15 0.77191 1.28968e-16 3.54998e-17 0.0845778 6.97401e-17 0.480711 3.84619e-06 1.13802e-16 -1.41578e-16 3.84619e-06 -0.480711 1.93309e-16 0.0845712 7.97919e-17 -2.17391e-16 0.0385782
