theta 2pi*dcos S11 S12 S13 S14 S21 S22 S23 S24 S31 S32 S33 S34 S41 S42 S43 S44 S12_norm S13_norm S14_norm S21_norm S22_norm S23_norm S24_norm S31_norm S32_norm S33_norm S34_norm S41_norm S42_norm S43_norm S44_norm
0 2.39246e-06 13.9497 1.23592e-16 1.57955e-17 0.0395749 1.25146e-16 13.9149 0.00501368 -1.09112e-17 1.24197e-17 -0.00501368 13.9149 2.71182e-18 0.0395751 1.06854e-17 -5.35768e-18 13.8937 8.85989e-18 1.13232e-18 0.00283698 8.97125e-18 0.997508 0.000359412 -7.82184e-19 8.90319e-19 -0.000359412 0.997508 1.944e-19 0.00283699 7.65995e-19 -3.84072e-19 0.995986
0.1 1.91397e-05 13.9489 -8.62351e-06 -9.63887e-08 0.0395722 -8.64263e-06 13.9141 0.00501311 -5.76376e-09 1.18256e-07 -0.00501311 13.9141 6.81313e-05 0.0395724 -1.71303e-08 -6.81668e-05 13.8929 -6.18222e-07 -6.91014e-09 0.00283694 -6.19593e-07 0.997508 0.000359391 -4.13205e-10 8.47784e-09 -0.000359391 0.997508 4.88436e-06 0.00283696 -1.22808e-09 -4.8869e-06 0.995986
0.2 3.82793e-05 13.9466 -3.44878e-05 -3.855e-07 0.0395641 -3.45643e-05 13.9118 0.0050114 -2.30641e-08 4.72954e-07 -0.0050114 13.9118 0.000272491 0.0395643 -6.85217e-08 -0.000272633 13.8906 -2.47286e-06 -2.76412e-08 0.00283683 -2.47834e-06 0.997508 0.000359329 -1.65375e-09 3.39119e-08 -0.000359329 0.997508 1.95382e-05 0.00283685 -4.91316e-09 -1.95484e-05 0.995985
0.3 5.74188e-05 13.9427 -7.75744e-05 -8.67169e-07 0.0395506 -7.77464e-05 13.9079 0.00500856 -5.19282e-08 1.06388e-06 -0.00500856 13.9079 0.000612976 0.0395509 -1.54175e-07 -0.000613295 13.8867 -5.56381e-06 -6.21953e-08 0.00283666 -5.57614e-06 0.997507 0.000359225 -3.7244e-09 7.63036e-08 -0.000359225 0.997507 4.3964e-05 0.00283668 -1.10578e-08 -4.39869e-05 0.995985
0.4 7.65581e-05 13.9372 -0.000137852 -1.54112e-06 0.0395317 -0.000138158 13.9025 0.00500458 -9.24013e-08 1.89066e-06 -0.00500458 13.9025 0.00108941 0.0395322 -2.74093e-07 -0.00108998 13.8813 -9.89091e-06 -1.10576e-07 0.00283641 -9.91285e-06 0.997507 0.00035908 -6.62981e-09 1.35655e-07 -0.00035908 0.997507 7.81657e-05 0.00283644 -1.96662e-08 -7.82063e-05 0.995984
0.5 9.56972e-05 13.9303 -0.000215278 -2.40697e-06 0.0395075 -0.000215755 13.8955 0.00499947 -1.44547e-07 2.95281e-06 -0.00499947 13.8955 0.00170157 0.0395081 -4.28277e-07 -0.00170245 13.8743 -1.54539e-05 -1.72787e-07 0.00283609 -1.54882e-05 0.997506 0.000358893 -1.03764e-08 2.11971e-07 -0.000358893 0.997506 0.000122149 0.00283613 -3.07444e-08 -0.000122212 0.995983
0.6 0.000114836 13.9217 -0.000309795 -3.46423e-06 0.0394778 -0.000310482 13.887 0.00499323 -2.08446e-07 4.24968e-06 -0.00499323 13.887 0.00244912 0.0394786 -6.16732e-07 -0.0024504 13.8658 -2.22526e-05 -2.48836e-07 0.0028357 -2.2302e-05 0.997505 0.000358664 -1.49727e-08 3.05255e-07 -0.000358664 0.997505 0.000175921 0.00283576 -4.43e-08 -0.000176012 0.995982
0.7 0.000133974 13.9117 -0.000421336 -4.71229e-06 0.0394429 -0.000422272 13.8769 0.00498586 -2.84198e-07 5.78047e-06 -0.00498586 13.8769 0.00333171 0.0394439 -8.39461e-07 -0.00333344 13.8557 -3.02866e-05 -3.38729e-07 0.00283524 -3.03538e-05 0.997504 0.000358395 -2.04287e-08 4.15512e-07 -0.000358394 0.997504 0.00023949 0.00283531 -6.03423e-08 -0.000239615 0.995981
0.8 0.000153112 13.9 -0.000549822 -6.15044e-06 0.0394025 -0.000551043 13.8653 0.00497737 -3.71919e-07 7.54425e-06 -0.00497737 13.8653 0.00434887 0.0394038 -1.09647e-06 -0.00435113 13.8442 -3.95554e-05 -4.42476e-07 0.0028347 -3.96432e-05 0.997502 0.000358083 -2.67567e-08 5.4275e-07 -0.000358083 0.997502 0.000312867 0.00283479 -7.88824e-08 -0.00031303 0.995979
0.9 0.00017225 13.8869 -0.000695158 -7.77786e-06 0.0393568 -0.000696703 13.8522 0.00496775 -4.71745e-07 9.53995e-06 -0.00496775 13.8522 0.00550011 0.0393584 -1.38776e-06 -0.00550297 13.831 -5.00586e-05 -5.60086e-07 0.0028341 -5.01698e-05 0.997501 0.00035773 -3.39705e-08 6.86975e-07 -0.00035773 0.997501 0.000396065 0.00283421 -9.99332e-08 -0.000396271 0.995977
1 0.000191387 13.8722 -0.000857241 -9.59362e-06 0.0393058 -0.000859147 13.8375 0.00495702 -5.83828e-07 1.17663e-05 -0.00495702 13.8375 0.00678483 0.0393077 -1.71334e-06 -0.00678836 13.8164 -6.17956e-05 -6.91572e-07 0.00283343 -6.1933e-05 0.997499 0.000357335 -4.20862e-08 8.48197e-07 -0.000357335 0.997499 0.000489096 0.00283356 -1.23509e-07 -0.00048935 0.995975
1.1 0.000210523 13.856 -0.00103595 -1.15967e-05 0.0392495 -0.00103826 13.8213 0.00494518 -7.08337e-07 1.42221e-05 -0.00494518 13.8213 0.00820239 0.0392517 -2.07322e-06 -0.00820666 13.8002 -7.47659e-05 -8.36945e-07 0.00283268 -7.49322e-05 0.997497 0.000356899 -5.11214e-08 1.02642e-06 -0.000356899 0.997497 0.000591975 0.00283283 -1.49627e-07 -0.000592283 0.995973
1.2 0.000229659 13.8382 -0.00123117 -1.37859e-05 0.0391879 -0.00123391 13.8036 0.00493223 -8.45459e-07 1.69057e-05 -0.00493223 13.8036 0.00975208 0.0391904 -2.4674e-06 -0.00975715 13.7825 -8.89687e-05 -9.96221e-07 0.00283186 -8.91668e-05 0.997495 0.000356421 -6.10959e-08 1.22167e-06 -0.000356421 0.997495 0.000704721 0.00283204 -1.78303e-07 -0.000705087 0.99597
1.3 0.000248794 13.819 -0.00144274 -1.61601e-05 0.039121 -0.00144596 13.7843 0.00491819 -9.95398e-07 1.98155e-05 -0.00491818 13.7843 0.0114331 0.039124 -2.89589e-06 -0.0114391 13.7632 -0.000104403 -1.16941e-06 0.00283097 -0.000104636 0.997493 0.000355902 -7.20314e-08 1.43394e-06 -0.000355901 0.997493 0.00082735 0.00283118 -2.09559e-07 -0.00082778 0.995968
1.4 0.000267929 13.7982 -0.00167053 -1.87178e-05 0.0390489 -0.00167425 13.7635 0.00490305 -1.15837e-06 2.29498e-05 -0.00490304 13.7635 0.0132446 0.0390523 -3.3587e-06 -0.0132515 13.7425 -0.000121069 -1.35654e-06 0.00283001 -0.000121339 0.997491 0.00035534 -8.39513e-08 1.66325e-06 -0.00035534 0.99749 0.000959884 0.00283025 -2.43416e-07 -0.000960383 0.995965
1.5 0.000287062 13.7759 -0.00191436 -2.14576e-05 0.0389715 -0.00191863 13.7413 0.00488682 -1.33463e-06 2.63065e-05 -0.00488681 13.7413 0.0151857 0.0389754 -3.85583e-06 -0.0151936 13.7202 -0.000138965 -1.55762e-06 0.00282897 -0.000139275 0.997488 0.000354738 -9.68814e-08 1.90961e-06 -0.000354737 0.997487 0.00110234 0.00282925 -2.79897e-07 -0.00110292 0.995961
1.6 0.000306195 13.7521 -0.00217406 -2.43779e-05 0.038889 -0.00217891 13.7175 0.00486951 -1.52441e-06 2.98838e-05 -0.0048695 13.7175 0.0172555 0.0388933 -4.38729e-06 -0.0172644 13.6965 -0.00015809 -1.77268e-06 0.00282786 -0.000158443 0.997485 0.000354093 -1.10849e-07 2.17304e-06 -0.000354092 0.997484 0.00125475 0.00282818 -3.19028e-07 -0.00125541 0.995958
1.7 0.000325327 13.7268 -0.00244944 -2.74772e-05 0.0388012 -0.00245492 13.6922 0.00485114 -1.72798e-06 3.36794e-05 -0.00485112 13.6922 0.0194527 0.0388061 -4.95309e-06 -0.0194628 13.6712 -0.000178443 -2.00172e-06 0.00282668 -0.000178842 0.997482 0.000353407 -1.25884e-07 2.45355e-06 -0.000353406 0.997481 0.00141714 0.00282704 -3.60834e-07 -0.00141788 0.995954
1.8 0.000344457 13.7 -0.00274031 -3.07535e-05 0.0387083 -0.00274644 13.6654 0.0048317 -1.94565e-06 3.76909e-05 -0.00483168 13.6654 0.0217764 0.0387137 -5.55323e-06 -0.0217878 13.6445 -0.000200023 -2.24479e-06 0.00282543 -0.000200471 0.997479 0.000352679 -1.42018e-07 2.75117e-06 -0.000352678 0.997478 0.00158952 0.00282582 -4.05346e-07 -0.00159035 0.99595
1.9 0.000363587 13.6717 -0.00304645 -3.42051e-05 0.0386103 -0.00305328 13.6372 0.0048112 -2.17769e-06 4.1916e-05 -0.00481118 13.6372 0.0242254 0.0386163 -6.18772e-06 -0.024238 13.6163 -0.000222829 -2.50189e-06 0.0028241 -0.000223329 0.997476 0.00035191 -1.59285e-07 3.0659e-06 -0.000351908 0.997474 0.00177194 0.00282454 -4.52594e-07 -0.00177286 0.995946
2 0.000382716 13.6419 -0.00336766 -3.78299e-05 0.0385072 -0.00337521 13.6075 0.00478967 -2.42444e-06 4.63521e-05 -0.00478964 13.6074 0.0267985 0.0385138 -6.85657e-06 -0.0268124 13.5866 -0.00024686 -2.77306e-06 0.0028227 -0.000247414 0.997472 0.000351098 -1.7772e-07 3.39776e-06 -0.000351096 0.99747 0.00196442 0.00282319 -5.02609e-07 -0.00196544 0.995941
2.1 0.000401843 13.6107 -0.00370369 -4.16259e-05 0.038399 -0.00371201 13.5763 0.0047671 -2.68622e-06 5.09964e-05 -0.00476706 13.5762 0.0294942 0.0384063 -7.55978e-06 -0.0295096 13.5554 -0.000272115 -3.05831e-06 0.00282123 -0.000272726 0.997469 0.000350245 -1.97361e-07 3.74678e-06 -0.000350243 0.997466 0.00216698 0.00282176 -5.55428e-07 -0.00216811 0.995936
2.2 0.000420969 13.5781 -0.0040543 -4.55909e-05 0.0382858 -0.00406342 13.5436 0.0047435 -2.96338e-06 5.58461e-05 -0.00474346 13.5436 0.0323114 0.0382937 -8.29735e-06 -0.0323282 13.5228 -0.000298592 -3.35769e-06 0.00281968 -0.000299264 0.997465 0.00034935 -2.18248e-07 4.11297e-06 -0.000349347 0.997461 0.00237968 0.00282027 -6.11086e-07 -0.00238091 0.995931
2.3 0.000440094 13.5439 -0.00441925 -4.97227e-05 0.0381677 -0.0044292 13.5095 0.00471889 -3.25628e-06 6.08983e-05 -0.00471884 13.5095 0.0352485 0.0381762 -9.0693e-06 -0.0352668 13.4887 -0.00032629 -3.67122e-06 0.00281806 -0.000327025 0.997461 0.000348414 -2.40424e-07 4.49635e-06 -0.00034841 0.997457 0.00260253 0.0028187 -6.69621e-07 -0.00260388 0.995926
2.4 0.000459218 13.5084 -0.00479827 -5.40189e-05 0.0380445 -0.00480909 13.474 0.00469328 -3.56529e-06 6.61498e-05 -0.00469322 13.4739 0.0383041 0.0380538 -9.87561e-06 -0.038324 13.4533 -0.000355207 -3.99892e-06 0.00281637 -0.000356008 0.997456 0.000347435 -2.63932e-07 4.89695e-06 -0.000347431 0.997452 0.00283558 0.00281706 -7.31073e-07 -0.00283706 0.99592
2.5 0.00047834 13.4714 -0.00519109 -5.84771e-05 0.0379165 -0.00520282 13.437 0.00466668 -3.89081e-06 7.15975e-05 -0.00466661 13.437 0.0414766 0.0379265 -1.07163e-05 -0.0414982 13.4163 -0.000385342 -4.34084e-06 0.0028146 -0.000386213 0.997452 0.000346415 -2.8882e-07 5.31479e-06 -0.000346409 0.997446 0.00307887 0.00281534 -7.95486e-07 -0.00308047 0.995914
2.6 0.000497461 13.433 -0.00559743 -6.30946e-05 0.0377836 -0.0056101 13.3987 0.00463911 -4.23322e-06 7.72381e-05 -0.00463902 13.3986 0.0447645 0.0377944 -1.15913e-05 -0.0447877 13.378 -0.000416694 -4.697e-06 0.00281275 -0.000417637 0.997447 0.000345352 -3.15137e-07 5.74989e-06 -0.000345346 0.997441 0.00333244 0.00281356 -8.62903e-07 -0.00333417 0.995907
2.7 0.00051658 13.3931 -0.00601701 -6.78689e-05 0.0376458 -0.00603064 13.3589 0.00461056 -4.59294e-06 8.3068e-05 -0.00461047 13.3588 0.048166 0.0376574 -1.25008e-05 -0.048191 13.3382 -0.00044926 -5.06744e-06 0.00281083 -0.000450278 0.997442 0.000344248 -3.42933e-07 6.20228e-06 -0.000344241 0.997435 0.00359632 0.0028117 -9.3337e-07 -0.00359819 0.9959
2.8 0.000535698 13.3519 -0.00644951 -7.27972e-05 0.0375033 -0.00646415 13.3177 0.00458107 -4.97041e-06 8.90838e-05 -0.00458096 13.3176 0.0516795 0.0375157 -1.34445e-05 -0.0517063 13.2971 -0.00048304 -5.45219e-06 0.00280883 -0.000484136 0.997437 0.000343102 -3.72262e-07 6.67198e-06 -0.000343093 0.997428 0.00387057 0.00280976 -1.00694e-06 -0.00387257 0.995893
2.9 0.000554814 13.3093 -0.00689463 -7.78767e-05 0.037356 -0.00691031 13.2751 0.00455063 -5.36605e-06 9.52817e-05 -0.00455051 13.275 0.0553032 0.0373693 -1.44227e-05 -0.0553318 13.2546 -0.00051803 -5.85129e-06 0.00280676 -0.000519208 0.997431 0.000341913 -4.0318e-07 7.15902e-06 -0.000341904 0.997422 0.00415522 0.00280775 -1.08365e-06 -0.00415738 0.995885
3 0.000573928 13.2653 -0.00735205 -8.31045e-05 0.0372041 -0.0073688 13.2312 0.00451927 -5.78032e-06 0.000101658 -0.00451913 13.231 0.0590352 0.0372182 -1.54352e-05 -0.0590658 13.2106 -0.00055423 -6.26479e-06 0.00280461 -0.000555493 0.997426 0.000340683 -4.35746e-07 7.66343e-06 -0.000340672 0.997415 0.00445033 0.00280567 -1.16357e-06 -0.00445264 0.995877
3.1 0.00059304 13.22 -0.00782145 -8.84776e-05 0.0370474 -0.0078393 13.1859 0.004487 -6.21368e-06 0.000108209 -0.00448684 13.1857 0.0628737 0.0370625 -1.6482e-05 -0.0629062 13.1654 -0.000591638 -6.69271e-06 0.00280238 -0.000592989 0.99742 0.00033941 -4.70021e-07 8.18522e-06 -0.000339398 0.997408 0.00475595 0.00280352 -1.24675e-06 -0.00475842 0.995869
3.2 0.000612151 13.1733 -0.00830249 -9.3993e-05 0.0368862 -0.00832148 13.1392 0.00445384 -6.66658e-06 0.00011493 -0.00445365 13.139 0.0668167 0.0369021 -1.75631e-05 -0.0668513 13.1188 -0.000630251 -7.13511e-06 0.00280007 -0.000631693 0.997414 0.000338096 -5.06068e-07 8.72444e-06 -0.000338081 0.9974 0.00507213 0.00280128 -1.33324e-06 -0.00507475 0.99586
3.3 0.00063126 13.1253 -0.00879483 -9.96474e-05 0.0367205 -0.00881498 13.0913 0.00441979 -7.13953e-06 0.000121817 -0.00441958 13.091 0.0708622 0.0367373 -1.86786e-05 -0.0708989 13.0708 -0.000670068 -7.59202e-06 0.00279769 -0.000671604 0.997408 0.000336739 -5.43953e-07 9.28112e-06 -0.000336723 0.997392 0.00539891 0.00279897 -1.4231e-06 -0.00540171 0.995851
3.4 0.000650367 13.0759 -0.00929812 -0.000105438 0.0365502 -0.00931947 13.0419 0.00438487 -7.633e-06 0.000128867 -0.00438464 13.0417 0.0750082 0.036568 -1.98283e-05 -0.0750471 13.0215 -0.000711087 -8.06349e-06 0.00279523 -0.00071272 0.997401 0.00033534 -5.83745e-07 9.85527e-06 -0.000335321 0.997383 0.00573636 0.00279659 -1.5164e-06 -0.00573933 0.995841
3.5 0.000669472 13.0253 -0.00981199 -0.00011136 0.0363755 -0.00983457 12.9913 0.00434911 -8.14749e-06 0.000136074 -0.00434884 12.9911 0.0792526 0.0363942 -2.10123e-05 -0.0792937 12.971 -0.000753305 -8.54957e-06 0.00279269 -0.000755039 0.997395 0.000333898 -6.25514e-07 1.04469e-05 -0.000333878 0.997374 0.00608454 0.00279413 -1.61319e-06 -0.00608768 0.995831
3.6 0.000688575 12.9733 -0.0103361 -0.000117412 0.0361964 -0.0103599 12.9394 0.00431251 -8.68351e-06 0.000143435 -0.00431221 12.9391 0.0835933 0.0362161 -2.22305e-05 -0.0836366 12.9191 -0.00079672 -9.0503e-06 0.00279007 -0.000798558 0.997388 0.000332415 -6.69337e-07 1.10561e-05 -0.000332392 0.997365 0.00644349 0.00279159 -1.71356e-06 -0.00644682 0.99582
3.7 0.000707676 12.9201 -0.01087 -0.00012359 0.0360129 -0.0108952 12.8862 0.0042751 -9.24157e-06 0.000150944 -0.00427476 12.8859 0.088028 0.0360337 -2.34829e-05 -0.0880735 12.8659 -0.000841331 -9.56573e-06 0.00278737 -0.000843275 0.997381 0.000330888 -7.15289e-07 1.16829e-05 -0.000330863 0.997355 0.00681329 0.00278897 -1.81755e-06 -0.00681681 0.995809
3.8 0.000726775 12.8655 -0.0114135 -0.000129889 0.0358252 -0.0114399 12.8318 0.00423688 -9.8222e-06 0.000158598 -0.00423651 12.8314 0.0925546 0.035847 -2.47694e-05 -0.0926024 12.8115 -0.000887134 -1.00959e-05 0.00278459 -0.000889189 0.997373 0.00032932 -7.6345e-07 1.23273e-05 -0.000329291 0.997345 0.00719399 0.00278628 -1.92525e-06 -0.0071977 0.995797
3.9 0.000745871 12.8098 -0.011966 -0.000136307 0.0356333 -0.0119938 12.776 0.00419788 -1.04259e-05 0.000166391 -0.00419747 12.7756 0.0971706 0.0356561 -2.60901e-05 -0.0972208 12.7558 -0.000934128 -1.06409e-05 0.00278172 -0.000936297 0.997366 0.000327709 -8.13903e-07 1.29894e-05 -0.000327677 0.997334 0.00758565 0.0027835 -2.03674e-06 -0.00758957 0.995785
4 0.000764965 12.7528 -0.0125272 -0.00014284 0.0354372 -0.0125563 12.7191 0.00415811 -1.10533e-05 0.000174319 -0.00415766 12.7186 0.101874 0.035461 -2.74449e-05 -0.101926 12.6989 -0.000982309 -1.12007e-05 0.00277878 -0.000984596 0.997358 0.000326055 -8.66734e-07 1.36691e-05 -0.00032602 0.997322 0.00798836 0.00278065 -2.15207e-06 -0.00799249 0.995772
4.1 0.000784057 12.6946 -0.0130967 -0.000149484 0.035237 -0.0131272 12.6609 0.0041176 -1.17048e-05 0.000182377 -0.0041171 12.6604 0.106662 0.0352619 -2.88337e-05 -0.106717 12.6407 -0.00103168 -1.17754e-05 0.00277575 -0.00103408 0.99735 0.000324359 -9.22032e-07 1.43665e-05 -0.00032432 0.99731 0.00840217 0.00277772 -2.27134e-06 -0.00840651 0.995758
4.2 0.000803147 12.6351 -0.0136741 -0.000156235 0.0350327 -0.0137061 12.6015 0.00407635 -1.2381e-05 0.000190559 -0.00407581 12.601 0.111532 0.0350587 -3.02565e-05 -0.11159 12.5814 -0.00108223 -1.23651e-05 0.00277264 -0.00108476 0.997341 0.00032262 -9.79889e-07 1.50817e-05 -0.000322577 0.997298 0.00882715 0.0027747 -2.39463e-06 -0.00883171 0.995744
4.3 0.000822234 12.5745 -0.014259 -0.00016309 0.0348245 -0.0142924 12.541 0.00403439 -1.30825e-05 0.000198862 -0.00403379 12.5404 0.116483 0.0348516 -3.17132e-05 -0.116543 12.5208 -0.00113396 -1.29699e-05 0.00276945 -0.00113662 0.997333 0.000320838 -1.0404e-06 1.58146e-05 -0.000320791 0.997285 0.00926338 0.00277161 -2.52202e-06 -0.00926816 0.99573
4.4 0.000841318 12.5127 -0.0148509 -0.000170044 0.0346124 -0.0148859 12.4793 0.00399174 -1.38099e-05 0.000207279 -0.00399109 12.4786 0.12151 0.0346406 -3.32037e-05 -0.121573 12.4591 -0.00118687 -1.35896e-05 0.00276617 -0.00118966 0.997324 0.000319014 -1.10366e-06 1.65654e-05 -0.000318962 0.997271 0.00971094 0.00276843 -2.6536e-06 -0.00971595 0.995714
4.5 0.0008604 12.4498 -0.0154496 -0.000177093 0.0343964 -0.015486 12.4164 0.00394841 -1.45636e-05 0.000215806 -0.0039477 12.4156 0.126613 0.0344258 -3.47281e-05 -0.126678 12.3962 -0.00124095 -1.42246e-05 0.00276281 -0.00124387 0.997315 0.000317146 -1.16978e-06 1.73341e-05 -0.000317089 0.997257 0.0101699 0.00276517 -2.78945e-06 -0.0101751 0.995698
4.6 0.00087948 12.3857 -0.0160544 -0.000184234 0.0341767 -0.0160924 12.3523 0.00390442 -1.53442e-05 0.000224437 -0.00390365 12.3516 0.131788 0.0342071 -3.62861e-05 -0.131856 12.3322 -0.0012962 -1.48747e-05 0.00275936 -0.00129927 0.997305 0.000315236 -1.23886e-06 1.81206e-05 -0.000315174 0.997242 0.0106403 0.00276182 -2.92967e-06 -0.0106458 0.995681
4.7 0.000898556 12.3205 -0.0166651 -0.000191461 0.0339532 -0.0167046 12.2872 0.0038598 -1.61523e-05 0.000233167 -0.00385896 12.2863 0.137033 0.0339848 -3.78777e-05 -0.137103 12.2671 -0.00135263 -1.554e-05 0.00275583 -0.00135584 0.997295 0.000313283 -1.31101e-06 1.89251e-05 -0.000313215 0.997227 0.0111223 0.00275839 -3.07437e-06 -0.011128 0.995664
4.8 0.00091763 12.2542 -0.0172811 -0.000198772 0.0337261 -0.0173222 12.2209 0.00381457 -1.69885e-05 0.00024199 -0.00381365 12.22 0.142344 0.0337588 -3.95029e-05 -0.142417 12.2008 -0.00141022 -1.62207e-05 0.00275221 -0.00141357 0.997286 0.000311286 -1.38635e-06 1.97475e-05 -0.000311212 0.99721 0.011616 0.00275488 -3.22362e-06 -0.0116219 0.995646
4.9 0.000936701 12.1868 -0.0179021 -0.000206162 0.0334954 -0.0179448 12.1536 0.00376873 -1.78534e-05 0.000250902 -0.00376774 12.1526 0.14772 0.0335293 -4.11615e-05 -0.147796 12.1335 -0.00146898 -1.69168e-05 0.0027485 -0.00147248 0.997275 0.000309247 -1.46498e-06 2.0588e-05 -0.000309166 0.997193 0.0121213 0.00275128 -3.37755e-06 -0.0121276 0.995627
5 0.00095577 12.1183 -0.0185277 -0.000213626 0.0332613 -0.018572 12.0852 0.00372232 -1.87474e-05 0.000259896 -0.00372125 12.0841 0.153158 0.0332963 -4.28534e-05 -0.153236 12.0651 -0.00152889 -1.76283e-05 0.0027447 -0.00153255 0.997265 0.000307164 -1.54703e-06 2.14465e-05 -0.000307076 0.997176 0.0126385 0.00274759 -3.53625e-06 -0.012645 0.995607
5.1 0.000974835 12.0488 -0.0191573 -0.000221161 0.0330236 -0.0192032 12.0157 0.00367535 -1.96712e-05 0.000268967 -0.0036742 12.0146 0.158654 0.0330598 -4.45786e-05 -0.158735 11.9956 -0.00158997 -1.83554e-05 0.00274082 -0.00159378 0.997254 0.000305038 -1.63262e-06 2.23231e-05 -0.000304942 0.997157 0.0131676 0.00274382 -3.69983e-06 -0.0131744 0.995586
5.2 0.000993897 11.9783 -0.0197905 -0.000228761 0.0327827 -0.0198381 11.9453 0.00362784 -2.06253e-05 0.000278109 -0.0036266 11.944 0.164206 0.03282 -4.63368e-05 -0.164291 11.9252 -0.0016522 -1.9098e-05 0.00273684 -0.00165617 0.997243 0.000302868 -1.72189e-06 2.32178e-05 -0.000302765 0.997138 0.0137087 0.00273996 -3.8684e-06 -0.0137157 0.995565
5.3 0.00101296 11.9067 -0.0204269 -0.000236423 0.0325384 -0.0204763 11.8738 0.00357981 -2.16102e-05 0.000287318 -0.00357849 11.8724 0.169812 0.0325769 -4.8128e-05 -0.169899 11.8537 -0.00171558 -1.98562e-05 0.00273277 -0.00171972 0.997231 0.000300655 -1.81496e-06 2.41307e-05 -0.000300543 0.997118 0.0142618 0.00273601 -4.04208e-06 -0.0142692 0.995542
5.4 0.00103201 11.8342 -0.0210661 -0.000244142 0.0322909 -0.0211172 11.8013 0.00353129 -2.26267e-05 0.000296586 -0.00352987 11.7998 0.175468 0.0323306 -4.9952e-05 -0.175558 11.7812 -0.00178011 -2.06302e-05 0.00272862 -0.00178442 0.997219 0.000298398 -1.91198e-06 2.50618e-05 -0.000298277 0.997097 0.0148272 0.00273197 -4.221e-06 -0.0148348 0.995519
5.5 0.00105107 11.7607 -0.0217076 -0.000251913 0.0320403 -0.0217604 11.7278 0.0034823 -2.36751e-05 0.000305908 -0.00348077 11.7263 0.181171 0.0320812 -5.18087e-05 -0.181264 11.7077 -0.00184579 -2.142e-05 0.00272436 -0.00185027 0.997207 0.000296097 -2.01307e-06 2.60111e-05 -0.000295967 0.997075 0.0154049 0.00272784 -4.40526e-06 -0.0154128 0.995495
5.6 0.00107012 11.6862 -0.022351 -0.000259733 0.0317866 -0.0224055 11.6534 0.00343285 -2.4756e-05 0.000315279 -0.00343121 11.6517 0.18692 0.0318287 -5.3698e-05 -0.187015 11.6332 -0.0019126 -2.22256e-05 0.00272002 -0.00191727 0.997195 0.000293753 -2.1184e-06 2.69788e-05 -0.000293613 0.997052 0.0159949 0.00272362 -4.595e-06 -0.0160031 0.995469
5.7 0.00108916 11.6108 -0.0229958 -0.000267596 0.03153 -0.0230521 11.5781 0.00338297 -2.58701e-05 0.000324692 -0.00338122 11.5763 0.192709 0.0315732 -5.56196e-05 -0.192808 11.5579 -0.00198056 -2.30472e-05 0.00271558 -0.00198541 0.997182 0.000291365 -2.22811e-06 2.79647e-05 -0.000291214 0.997028 0.0165975 0.00271931 -4.79035e-06 -0.016606 0.995443
5.8 0.00110821 11.5344 -0.0236416 -0.000275498 0.0312704 -0.0236996 11.5018 0.00333267 -2.70178e-05 0.000334142 -0.00333081 11.4999 0.198538 0.0313148 -5.75734e-05 -0.19864 11.4816 -0.00204965 -2.38848e-05 0.00271104 -0.00205468 0.997169 0.000288932 -2.34236e-06 2.89691e-05 -0.00028877 0.997004 0.0172126 0.0027149 -4.99143e-06 -0.0172214 0.995416
5.9 0.00112725 11.4572 -0.0242879 -0.000283434 0.031008 -0.0243478 11.4246 0.00328199 -2.81997e-05 0.000343623 -0.00328 11.4226 0.204402 0.0310536 -5.95592e-05 -0.204507 11.4044 -0.00211988 -2.47385e-05 0.00270641 -0.0021251 0.997156 0.000286456 -2.4613e-06 2.99918e-05 -0.000286282 0.996978 0.0178405 0.0027104 -5.1984e-06 -0.0178496 0.995387
6 0.00172656 11.3791 -0.0249343 -0.0002914 0.0307428 -0.024996 11.3466 0.00323093 -2.94163e-05 0.000353128 -0.00322881 11.3444 0.2103 0.0307896 -6.15769e-05 -0.210407 11.3263 -0.00219123 -2.56083e-05 0.00270168 -0.00219665 0.997142 0.000283935 -2.5851e-06 3.1033e-05 -0.000283748 0.996951 0.0184812 0.0027058 -5.41139e-06 -0.0184906 0.995357
6.2 0.00236869 11.2204 -0.0262257 -0.000307403 0.0302046 -0.026291 11.188 0.0031278 -3.19557e-05 0.00037219 -0.0031254 11.1856 0.22218 0.0302537 -6.57069e-05 -0.222294 11.1676 -0.00233732 -2.73968e-05 0.00269193 -0.00234314 0.997113 0.00027876 -2.84799e-06 3.31708e-05 -0.000278546 0.996894 0.0198014 0.00269631 -5.85601e-06 -0.0198116 0.995294
6.4 0.00244479 11.0584 -0.027512 -0.000323469 0.0296563 -0.0275811 11.0262 0.00302345 -3.46401e-05 0.00039128 -0.00302075 11.0234 0.234156 0.0297078 -6.99617e-05 -0.234276 11.0057 -0.00248788 -2.92509e-05 0.00268178 -0.00249412 0.997083 0.000273407 -3.13246e-06 3.53829e-05 -0.000273162 0.996832 0.0211744 0.00268643 -6.32654e-06 -0.0211852 0.995226
6.6 0.00252085 10.8934 -0.02879 -0.000339561 0.0290986 -0.0288628 10.8613 0.00291805 -3.74736e-05 0.000410349 -0.00291503 10.8582 0.246203 0.0291524 -7.43393e-05 -0.246328 10.8406 -0.00264288 -3.11712e-05 0.00267121 -0.00264957 0.997051 0.000267873 -3.44002e-06 3.76695e-05 -0.000267596 0.996765 0.0226011 0.00267615 -6.82425e-06 -0.0226126 0.995152
6.8 0.00259689 10.7255 -0.0300561 -0.00035564 0.0285321 -0.0301327 10.6935 0.00281178 -4.04599e-05 0.000429349 -0.0028084 10.69 0.258295 0.0285882 -7.88378e-05 -0.258427 10.6726 -0.00280232 -3.31585e-05 0.00266023 -0.00280946 0.997017 0.000262159 -3.77232e-06 4.00308e-05 -0.000261845 0.996692 0.0240825 0.00266545 -7.35053e-06 -0.0240947 0.995073
7 0.00267289 10.5548 -0.031307 -0.000371669 0.0279576 -0.0313874 10.5229 0.0027048 -4.36026e-05 0.000448233 -0.00270105 10.519 0.270409 0.0280159 -8.34548e-05 -0.270547 10.5019 -0.00296614 -3.52133e-05 0.00264881 -0.00297376 0.996982 0.000256263 -4.13108e-06 4.24673e-05 -0.000255907 0.996614 0.0256196 0.00265433 -7.90683e-06 -0.0256326 0.994987
7.2 0.00274886 10.3816 -0.0325392 -0.00038761 0.0273757 -0.0326235 10.3498 0.00259729 -4.69052e-05 0.000466952 -0.00259313 10.3455 0.28252 0.0274362 -8.81879e-05 -0.282663 10.3286 -0.00313433 -3.73364e-05 0.00263696 -0.00314245 0.996945 0.000250183 -4.51813e-06 4.4979e-05 -0.000249783 0.99653 0.0272137 0.00264278 -8.49468e-06 -0.0272275 0.994895
7.4 0.0028248 10.2059 -0.0337496 -0.000403425 0.0267871 -0.0338379 10.1744 0.00248942 -5.0371e-05 0.000485458 -0.00248483 10.1696 0.294602 0.0268496 -9.30345e-05 -0.294751 10.1528 -0.00330686 -3.95284e-05 0.00262465 -0.00331551 0.996906 0.000243919 -4.93546e-06 4.75662e-05 -0.000243469 0.996438 0.0288658 0.00263078 -9.11572e-06 -0.0288804 0.994795
7.6 0.00290071 10.0281 -0.0349351 -0.000419077 0.0261924 -0.0350272 9.99669 0.00238136 -5.40028e-05 0.000503704 -0.0023763 9.99143 0.306632 0.026257 -9.79917e-05 -0.306787 9.97486 -0.00348371 -4.17901e-05 0.00261189 -0.00349289 0.996865 0.000237467 -5.38513e-06 5.02291e-05 -0.000236964 0.996339 0.0305772 0.00261833 -9.77168e-06 -0.0305926 0.994688
7.8 0.00297657 9.84831 -0.0360924 -0.000434528 0.0255923 -0.0361885 9.81701 0.00227327 -5.78034e-05 0.000521643 -0.00226772 9.81121 0.318584 0.0256589 -0.000103056 -0.318744 9.79485 -0.00366484 -4.41221e-05 0.00259865 -0.00367459 0.996822 0.000230828 -5.86938e-06 5.29678e-05 -0.000230265 0.996233 0.0323491 0.00260542 -1.04644e-05 -0.0323654 0.994572
8 0.00305241 9.66664 -0.0372188 -0.000449742 0.0249876 -0.0373188 9.63548 0.00216532 -6.17754e-05 0.000539228 -0.00215925 9.62912 0.330433 0.0250561 -0.000108225 -0.3306 9.61297 -0.00385023 -4.65252e-05 0.00258493 -0.00386057 0.996776 0.000223999 -6.39057e-06 5.57824e-05 -0.000223372 0.996118 0.0341828 0.00259202 -1.11958e-05 -0.0342001 0.994447
8.2 0.0031282 9.48332 -0.0383113 -0.000464682 0.0243789 -0.0384152 9.4523 0.00205767 -6.59207e-05 0.000556414 -0.00205106 9.44534 0.342156 0.0244492 -0.000113495 -0.342328 9.42939 -0.00403986 -4.89999e-05 0.00257071 -0.00405081 0.996729 0.000216978 -6.95123e-06 5.86729e-05 -0.00021628 0.995995 0.0360798 0.00257813 -1.19679e-05 -0.0360979 0.994314
8.4 0.00320396 9.29852 -0.0393672 -0.000479311 0.0237668 -0.039475 9.26764 0.00195048 -7.02414e-05 0.000573155 -0.00194329 9.26005 0.353729 0.023839 -0.000118862 -0.353906 9.24431 -0.00423371 -5.1547e-05 0.00255598 -0.0042453 0.996679 0.000209763 -7.55403e-06 6.16394e-05 -0.000208989 0.995862 0.0380414 0.00256374 -1.27829e-05 -0.0380605 0.994169
8.6 0.00327968 9.11243 -0.040384 -0.000493595 0.0231522 -0.0404957 9.08169 0.00184392 -7.47389e-05 0.000589407 -0.00183611 9.07342 0.365126 0.023226 -0.000124322 -0.365309 9.05789 -0.00443175 -5.41672e-05 0.00254072 -0.004444 0.996626 0.000202352 -8.20186e-06 6.46817e-05 -0.000201495 0.995719 0.040069 0.00254882 -1.36432e-05 -0.0400891 0.994015
8.8 0.00335535 8.92523 -0.0413592 -0.000507498 0.0225356 -0.0414747 8.89462 0.00173812 -7.94144e-05 0.000605127 -0.00172966 8.88564 0.376325 0.0226109 -0.000129872 -0.376513 8.87032 -0.00463396 -5.68611e-05 0.00252493 -0.00464691 0.996571 0.000194742 -8.89775e-06 6.77997e-05 -0.000193795 0.995565 0.0421642 0.00253337 -1.45511e-05 -0.0421853 0.993848
9 0.00343099 8.73709 -0.0422905 -0.000520986 0.0219177 -0.0424098 8.70662 0.00163323 -8.42689e-05 0.000620273 -0.00162411 8.69689 0.387303 0.0219945 -0.000135505 -0.387496 8.68178 -0.00484034 -5.96292e-05 0.00250858 -0.004854 0.996512 0.000186931 -9.64497e-06 7.09931e-05 -0.000185886 0.995399 0.0443286 0.00251738 -1.55092e-05 -0.0443507 0.993669
9.2 0.00350659 8.5482 -0.0431758 -0.000534025 0.0212993 -0.0432989 8.51786 0.00152941 -8.93029e-05 0.000634802 -0.00151958 8.50735 0.398036 0.0213775 -0.000141219 -0.398233 8.49244 -0.00505087 -6.24722e-05 0.00249167 -0.00506527 0.996451 0.000178916 -1.0447e-05 7.42615e-05 -0.000177766 0.995221 0.0465637 0.00250081 -1.65203e-05 -0.0465868 0.993477
9.4 0.00358214 8.35874 -0.0440132 -0.000546583 0.0206809 -0.04414 8.32854 0.00142679 -9.45164e-05 0.000648677 -0.00141622 8.31719 0.408502 0.0207603 -0.000147008 -0.408704 8.30249 -0.00526553 -6.53906e-05 0.00247417 -0.00528071 0.996386 0.000170695 -1.13075e-05 7.76046e-05 -0.00016943 0.995029 0.0488712 0.00248367 -1.75874e-05 -0.0488954 0.993271
9.6 0.00365765 8.16889 -0.0448009 -0.000558629 0.0200633 -0.0449314 8.13881 0.00132551 -9.99092e-05 0.000661856 -0.00131417 8.1266 0.418679 0.0201438 -0.000152868 -0.418886 8.11211 -0.00548433 -6.83849e-05 0.00245606 -0.00550031 0.996319 0.000162263 -1.22305e-05 8.10216e-05 -0.000160875 0.994823 0.0512528 0.00246592 -1.87134e-05 -0.0512782 0.99305
9.8 0.00373311 7.97882 -0.0455372 -0.000570131 0.0194471 -0.0456713 7.94887 0.00122569 -0.000105481 0.000674305 -0.00121355 7.93575 0.428545 0.0195286 -0.000158792 -0.428756 7.92147 -0.00570726 -7.14555e-05 0.00243734 -0.00572407 0.996247 0.000153618 -1.32201e-05 8.45119e-05 -0.000152096 0.994602 0.0537104 0.00244756 -1.99017e-05 -0.0537368 0.992812
10 0.00380853 7.78871 -0.0462208 -0.000581059 0.0188329 -0.0463584 7.75889 0.00112745 -0.00011123 0.000685986 -0.00111449 7.74482 0.438081 0.0189154 -0.000164776 -0.438296 7.73074 -0.00593433 -7.46028e-05 0.00241798 -0.005952 0.996172 0.000144755 -1.42809e-05 8.80745e-05 -0.00014309 0.994365 0.0562456 0.00242856 -2.11557e-05 -0.0562732 0.992557
10.2 0.0038839 7.59873 -0.0468504 -0.000591386 0.0182214 -0.0469915 7.56904 0.00103093 -0.000117155 0.000696866 -0.0010171 7.55397 0.447264 0.0183046 -0.000170813 -0.447483 7.54009 -0.00616556 -7.78269e-05 0.00239796 -0.00618412 0.996093 0.000135671 -1.54178e-05 9.17082e-05 -0.000133852 0.99411 0.0588604 0.00240891 -2.24791e-05 -0.0588892 0.992284
10.4 0.00395923 7.40906 -0.047425 -0.000601083 0.0176133 -0.0475694 7.37949 0.000936218 -0.000123255 0.000706912 -0.000921504 7.36339 0.456077 0.0176971 -0.000176898 -0.456299 7.34971 -0.00640095 -8.11281e-05 0.00237726 -0.00642044 0.996009 0.000126361 -1.66357e-05 9.54119e-05 -0.000124375 0.993836 0.0615567 0.00238857 -2.38759e-05 -0.0615867 0.99199
10.6 0.0040345 7.21986 -0.0479437 -0.000610124 0.017009 -0.0480914 7.19041 0.000843432 -0.000129527 0.000716093 -0.000827802 7.17323 0.464499 0.0170933 -0.000183025 -0.464725 7.15976 -0.00664054 -8.45064e-05 0.00235587 -0.006661 0.995922 0.000116821 -1.79404e-05 9.91839e-05 -0.000114656 0.993542 0.0643363 0.00236755 -2.53502e-05 -0.0643676 0.991676
10.8 0.00410973 7.0313 -0.048406 -0.000618485 0.0164093 -0.0485569 7.00197 0.000752668 -0.000135968 0.000724381 -0.000736094 6.98368 0.472513 0.016494 -0.000189187 -0.472742 6.9704 -0.00688437 -8.79617e-05 0.00233375 -0.00690582 0.995829 0.000107045 -1.93375e-05 0.000103022 -0.000104688 0.993227 0.0672014 0.0023458 -2.69064e-05 -0.067234 0.991338
11 0.00418491 6.84354 -0.0488114 -0.000626141 0.0158147 -0.0489653 6.81433 0.000664018 -0.000142575 0.000731747 -0.000646474 6.79488 0.480101 0.0158996 -0.000195377 -0.480333 6.78179 -0.00713248 -9.14937e-05 0.00231089 -0.00715497 0.995731 9.70284e-05 -2.08336e-05 0.000106925 -9.44647e-05 0.992889 0.0701539 0.0023233 -2.85491e-05 -0.0701877 0.990977
11.2 0.00426003 6.65676 -0.0491597 -0.000633071 0.0152258 -0.0493166 6.62766 0.00057757 -0.000149345 0.000738167 -0.000559029 6.607 0.487246 0.0153109 -0.00020159 -0.487481 6.59411 -0.00738494 -9.5102e-05 0.00228727 -0.00740849 0.995628 8.67644e-05 -2.24352e-05 0.00011089 -8.39791e-05 0.992526 0.0731957 0.00230005 -3.02835e-05 -0.073231 0.990589
11.4 0.00433511 6.4711 -0.0494509 -0.000639252 0.0146432 -0.0496105 6.44211 0.0004934 -0.000156274 0.000743617 -0.000473838 6.42021 0.493933 0.0147282 -0.000207818 -0.49417 6.40751 -0.00764181 -9.87858e-05 0.00226287 -0.00766648 0.99552 7.62468e-05 -2.41496e-05 0.000114914 -7.32238e-05 0.992137 0.0763291 0.002276 -3.21148e-05 -0.0763657 0.990173
11.6 0.00441013 6.28672 -0.0496852 -0.000644667 0.0140674 -0.0498475 6.25783 0.000411582 -0.000163357 0.000748076 -0.000390976 6.23465 0.500146 0.0141522 -0.000214053 -0.500385 6.22214 -0.0079032 -0.000102544 0.00223765 -0.00792902 0.995405 6.54685e-05 -2.59845e-05 0.000118993 -6.21908e-05 0.991719 0.079556 0.00225113 -3.40485e-05 -0.079594 0.989728
11.8 0.0044851 6.10377 -0.049863 -0.000649296 0.013499 -0.0500278 6.07498 0.000332179 -0.00017059 0.000751524 -0.000310507 6.05049 0.505871 0.0135835 -0.00022029 -0.506112 6.03815 -0.00816921 -0.000106376 0.00221159 -0.00819622 0.995284 5.4422e-05 -2.79483e-05 0.000123125 -5.08713e-05 0.991271 0.0828785 0.00222543 -3.60908e-05 -0.0829179 0.98925
12 0.0139046 5.9224 -0.0499849 -0.000653123 0.0129385 -0.0501521 5.89371 0.000255249 -0.000177966 0.000753943 -0.00023249 5.86785 0.511095 0.0130225 -0.00022652 -0.511337 5.8557 -0.00843997 -0.00011028 0.00218466 -0.00846821 0.995156 4.30989e-05 -3.00497e-05 0.000127304 -3.92561e-05 0.990791 0.0862987 0.00219885 -3.8248e-05 -0.0863395 0.988739
13 0.0246683 5.04416 -0.0497928 -0.000659759 0.0102706 -0.0499696 5.01591 -9.08348e-05 -0.000216798 0.000750162 0.000119274 4.98268 0.529294 0.0103504 -0.000257299 -0.529538 4.97138 -0.00987137 -0.000130797 0.00203614 -0.00990642 0.994398 -1.80079e-05 -4.29801e-05 0.000148719 2.36459e-05 0.987812 0.104932 0.00205195 -5.10093e-05 -0.10498 0.985571
14 0.0265294 4.22529 -0.0484151 -0.000644776 0.00786678 -0.0485969 4.19736 -0.000370824 -0.000258213 0.000719309 0.000405178 4.15593 0.53351 0.00793901 -0.000286733 -0.533748 4.14537 -0.0114584 -0.000152599 0.00186183 -0.0115014 0.993389 -8.77628e-05 -6.11112e-05 0.000170239 9.58934e-05 0.983584 0.126266 0.00187892 -6.78611e-05 -0.126322 0.981085
15 0.0283823 3.47938 -0.0461491 -0.000607923 0.00576978 -0.0463306 3.45165 -0.000585931 -0.000301124 0.000661663 0.00062615 3.40135 0.523185 0.00583173 -0.000313804 -0.523409 3.39143 -0.0132636 -0.000174722 0.00165828 -0.0133158 0.992029 -0.000168401 -8.65453e-05 0.000190167 0.00017996 0.977573 0.150367 0.00167608 -9.01896e-05 -0.150432 0.974721
16 0.0302266 2.81684 -0.0433897 -0.000549971 0.00400887 -0.0435653 2.78919 -0.000741703 -0.000344267 0.000578836 0.000787415 2.72958 0.498409 0.00405834 -0.000337512 -0.498611 2.72017 -0.0154037 -0.000195244 0.00142318 -0.015466 0.990182 -0.00026331 -0.000122217 0.000205491 0.000279538 0.969021 0.176939 0.00144074 -0.000119819 -0.177011 0.965683
17 0.0320617 2.24477 -0.0406014 -0.000472663 0.00259915 -0.040765 2.21706 -0.000847465 -0.000386257 0.00047368 0.000897949 2.14799 0.459911 0.00263466 -0.000356939 -0.460082 2.13898 -0.0180871 -0.000210562 0.00115787 -0.01816 0.987659 -0.000377529 -0.00017207 0.000211015 0.000400019 0.956886 0.204881 0.00117369 -0.000159009 -0.204958 0.952874
18 0.0338871 1.76689 -0.0382847 -0.000378608 0.0015418 -0.0384303 1.73902 -0.000915523 -0.000425661 0.000350118 0.000969715 1.66061 0.409011 0.00156265 -0.000371306 -0.409147 1.65189 -0.0216678 -0.000214279 0.000872604 -0.0217502 0.984224 -0.000518154 -0.000240909 0.000198154 0.000548825 0.939846 0.231486 0.000884405 -0.000210146 -0.231563 0.934912
19 0.0357021 1.3837 -0.0369385 -0.000271147 0.000824786 -0.0370605 1.35554 -0.000960199 -0.000461081 0.000212918 0.00101671 1.26825 0.347558 0.000831077 -0.000380038 -0.347653 1.25972 -0.0266954 -0.000195958 0.000596072 -0.0267836 0.979646 -0.000693934 -0.000333222 0.000153876 0.000734775 0.916564 0.25118 0.000600618 -0.000274653 -0.251249 0.910399
20 0.0375062 1.09265 -0.0370218 -0.000154173 0.000424173 -0.0371148 1.06409 -0.000996743 -0.000491227 6.74391e-05 0.00105391 0.9687 0.277831 0.00041675 -0.000382813 -0.277882 0.960269 -0.0338826 -0.0001411 0.000388207 -0.0339678 0.973862 -0.000912228 -0.000449575 6.17209e-05 0.000964544 0.886563 0.254273 0.000381414 -0.000350353 -0.25432 0.878846
21 0.0392989 0.888472 -0.0389159 -3.19366e-05 0.000305835 -0.0389756 0.85942 -0.00104021 -0.000515002 -8.06598e-05 0.00109614 0.757014 0.202428 0.000286197 -0.0003796 -0.202435 0.748613 -0.0438009 -3.59456e-05 0.000344225 -0.0438682 0.967301 -0.00117079 -0.000579649 -9.07849e-05 0.00123374 0.85204 0.227839 0.000322123 -0.00042725 -0.227847 0.842584
22 0.0410797 0.763626 -0.042892 9.11568e-05 0.000427547 -0.0429151 0.733997 -0.00110437 -0.000531567 -0.000225711 0.00115704 0.625929 0.124147 0.000397706 -0.000370685 -0.12411 0.617508 -0.0561689 0.000119374 0.000559891 -0.0561992 0.9612 -0.00144621 -0.000696109 -0.000295578 0.00151519 0.81968 0.162576 0.000520813 -0.000485428 -0.162528 0.808653
23 0.0428479 0.708726 -0.0490845 0.000210758 0.000741318 -0.0490689 0.678451 -0.00120069 -0.000540398 -0.000362322 0.00124805 0.566307 0.0458503 0.000703631 -0.000356674 -0.0457726 0.557838 -0.0692574 0.000297377 0.00104599 -0.0692354 0.957282 -0.00169415 -0.000762492 -0.00051123 0.00176098 0.79905 0.0646939 0.00099281 -0.000503261 -0.0645843 0.787099
24 0.0446031 0.713064 -0.0574724 0.00032277 0.00119584 -0.0574174 0.682085 -0.00133755 -0.000541328 -0.000485637 0.0013776 0.567628 -0.0296619 0.00115283 -0.000338469 0.0297757 0.559101 -0.0805991 0.000452652 0.00167705 -0.0805221 0.956555 -0.00187577 -0.000759157 -0.000681056 0.00193194 0.796041 -0.0415978 0.00161673 -0.000474668 0.0417574 0.784082
25 0.0463447 0.765124 -0.0678707 0.00042352 0.00173897 -0.0677774 0.733399 -0.00151958 -0.000534563 -0.000591556 0.00155048 0.618496 -0.0997748 0.00169314 -0.00031723 0.0999183 0.60992 -0.0887054 0.000553531 0.0022728 -0.0885836 0.958536 -0.00198606 -0.000698661 -0.00077315 0.00202645 0.80836 -0.130403 0.00221289 -0.000414612 0.130591 0.797152
26 0.0480722 0.853089 -0.0799327 0.000509912 0.00232008 -0.0798038 0.820586 -0.00174734 -0.000520681 -0.000676909 0.00176753 0.70714 -0.16217 0.00227374 -0.000294312 0.162336 0.698543 -0.093698 0.000597725 0.00271962 -0.0935469 0.9619 -0.00204826 -0.000610348 -0.00079348 0.00207192 0.828918 -0.190098 0.0026653 -0.000344996 0.190292 0.81884
27 0.049785 0.965318 -0.093162 0.000579542 0.00289219 -0.0930017 0.93202 -0.00201721 -0.00050061 -0.000739572 0.00202547 0.821893 -0.21492 0.00284734 -0.000271185 0.215098 0.813314 -0.0965092 0.000600365 0.0029961 -0.0963432 0.965506 -0.00208968 -0.000518596 -0.000766144 0.00209824 0.851422 -0.222642 0.00294964 -0.000280929 0.222827 0.842536
28 0.0514827 1.09078 -0.106935 0.000630772 0.00341386 -0.106749 1.05668 -0.00232155 -0.000475576 -0.000778524 0.00231709 0.951614 -0.256559 0.00337205 -0.000249344 0.25674 0.943105 -0.0980358 0.000578278 0.00312976 -0.0978653 0.968737 -0.00212834 -0.000435998 -0.000713734 0.00212426 0.87242 -0.235207 0.00309143 -0.000228593 0.235374 0.864618
29 0.0531646 1.2194 -0.120532 0.000662769 0.00385064 -0.120327 1.1845 -0.00264919 -0.00044704 -0.000793841 0.0026317 1.08607 -0.286131 0.00381293 -0.000230207 0.286306 1.07768 -0.098845 0.00054352 0.00315781 -0.0986773 0.971378 -0.00217254 -0.000366607 -0.000651009 0.00215819 0.890655 -0.234649 0.00312689 -0.000188787 0.234792 0.883779
30 0.0548304 1.34239 -0.133173 0.000675505 0.0041761 -0.132958 1.3067 -0.0029861 -0.000416612 -0.000786632 0.00295576 1.21621 -0.303217 0.00414304 -0.000215017 0.303376 1.20801 -0.099206 0.000503211 0.00311094 -0.0990458 0.973412 -0.00222446 -0.000310351 -0.000585993 0.00220187 0.906001 -0.225878 0.00308631 -0.000160175 0.225997 0.899892
31 0.0564795 1.45242 -0.144065 0.000669719 0.00437249 -0.143848 1.41596 -0.00331619 -0.000385958 -0.000758931 0.00327371 1.33443 -0.307929 0.00434411 -0.000204758 0.308064 1.32646 -0.0991895 0.000461105 0.00301048 -0.0990401 0.974894 -0.00228321 -0.000265734 -0.000522528 0.00225397 0.918759 -0.212011 0.00299094 -0.000140977 0.212103 0.913277
32 0.0581114 1.54378 -0.152441 0.000646843 0.00443082 -0.152231 1.50656 -0.00362234 -0.000356694 -0.00071354 0.00356891 1.43467 -0.300886 0.00440675 -0.000200072 0.300989 1.427 -0.0987452 0.000419001 0.00287012 -0.0986093 0.975896 -0.00234641 -0.000231053 -0.000462204 0.0023118 0.929328 -0.194903 0.00285453 -0.000129599 0.194969 0.924356
33 0.0597256 1.61239 -0.157606 0.000608908 0.00435065 -0.157412 1.57446 -0.00388745 -0.00033029 -0.00065384 0.00382468 1.51254 -0.283165 0.00433014 -0.000201207 0.283229 1.50519 -0.0977467 0.000377643 0.00269826 -0.0976266 0.976478 -0.00241098 -0.000204845 -0.000405509 0.00237205 0.938071 -0.175618 0.00268554 -0.000124788 0.175658 0.933514
34 0.0613216 1.65584 -0.158981 0.00055842 0.00413934 -0.158811 1.61723 -0.00409546 -0.000307969 -0.000583591 0.00402532 1.56522 -0.256232 0.00412141 -0.000207994 0.256254 1.55823 -0.0960124 0.000337244 0.00249985 -0.0959102 0.976685 -0.00247335 -0.00018599 -0.000352445 0.00243099 0.945277 -0.154745 0.00248902 -0.000125613 0.154758 0.941056
35 0.0628989 1.67322 -0.156133 0.000498226 0.00381109 -0.155996 1.63398 -0.00423233 -0.00029063 -0.000506719 0.0041571 1.59149 -0.221864 0.00379465 -0.000219837 0.221842 1.58488 -0.0933132 0.000297765 0.0022777 -0.093231 0.976547 -0.00252945 -0.000173695 -0.000302841 0.00248449 0.951157 -0.132597 0.00226787 -0.000131386 0.132584 0.947202
36 0.064457 1.66504 -0.148809 0.000431372 0.00338564 -0.148709 1.62521 -0.00428693 -0.00027878 -0.000427107 0.00420904 1.59152 -0.182053 0.00336957 -0.000235752 0.181986 1.58527 -0.0893727 0.000259076 0.00203337 -0.0893127 0.976078 -0.00257467 -0.000167431 -0.000256515 0.00252789 0.955843 -0.109338 0.00202372 -0.000141589 0.109298 0.952093
37 0.0659956 1.633 -0.136948 0.000360957 0.00288678 -0.13689 1.59263 -0.00425167 -0.000272498 -0.00034841 0.00417363 1.5667 -0.138908 0.0028701 -0.000254422 0.138799 1.56082 -0.0838631 0.00022104 0.00176778 -0.0838276 0.975279 -0.0026036 -0.00016687 -0.000213356 0.00255581 0.959404 -0.0850631 0.00175757 -0.000155801 0.0849964 0.955802
38 0.067514 1.57976 -0.120695 0.000289996 0.00234086 -0.120681 1.53891 -0.00412303 -0.000271424 -0.000273888 0.0040473 1.51949 -0.094558 0.00232276 -0.000274283 0.0944112 1.51394 -0.0764008 0.000183569 0.00148178 -0.0763921 0.974139 -0.0026099 -0.000171813 -0.000173372 0.00256196 0.961844 -0.0598558 0.00147032 -0.000173623 0.0597629 0.958335
39 0.0690118 1.50875 -0.100396 0.00022129 0.00177515 -0.100427 1.46747 -0.00390174 -0.00027478 -0.000206273 0.00383064 1.45309 -0.0510567 0.00175509 -0.000293623 0.0508781 1.44785 -0.0665427 0.000146671 0.00117658 -0.066563 0.972639 -0.00258608 -0.000182125 -0.000136718 0.00253895 0.963109 -0.0338405 0.00116328 -0.000194614 0.0337221 0.959636
40 0.10628 1.42383 -0.076585 0.000157314 0.00121638 -0.0766584 1.38218 -0.00359279 -0.000281414 -0.000147679 0.00352839 1.37128 -0.0102944 0.0011941 -0.000310706 0.0100915 1.3663 -0.0537879 0.000110487 0.000854298 -0.0538394 0.970747 -0.00252332 -0.000197645 -0.00010372 0.00247809 0.963087 -0.00723008 0.000838654 -0.000218218 0.00708757 0.959591
42 0.146749 1.22888 -0.0213644 5.12945e-05 0.000215761 -0.0215099 1.18666 -0.00275142 -0.000298548 -6.26053e-05 0.00270536 1.17784 0.0566977 0.000189545 -0.000331735 -0.0569222 1.17325 -0.0173853 4.17408e-05 0.000175575 -0.0175037 0.965641 -0.00223896 -0.000242943 -5.0945e-05 0.00220148 0.958464 0.0461377 0.000154242 -0.000269949 -0.0463203 0.954729
44 0.152348 1.02705 0.0379777 -1.77204e-05 -0.000504685 0.0377883 0.984455 -0.00170909 -0.00030966 -2.20011e-05 0.00168524 0.97168 0.0970055 -0.000532439 -0.000327375 -0.097213 0.967312 0.0369773 -1.72536e-05 -0.000491391 0.0367928 0.958523 -0.00166407 -0.000301503 -2.14216e-05 0.00164085 0.946084 0.0944501 -0.000518414 -0.000318751 -0.0946522 0.941831
46 0.157761 0.845235 0.0936073 -4.80729e-05 -0.000860373 0.0934097 0.802387 -0.000608138 -0.000302404 -1.95073e-05 0.000606983 0.780934 0.106936 -0.000885888 -0.000293867 -0.107091 0.776695 0.110747 -5.68752e-05 -0.00101791 0.110513 0.949307 -0.00071949 -0.000357775 -2.30792e-05 0.000718124 0.923926 0.126516 -0.0010481 -0.000347675 -0.1267 0.91891
48 0.162982 0.701432 0.138254 -4.6294e-05 -0.000845067 0.138085 0.658365 0.00040568 -0.000269058 -4.18233e-05 -0.000386663 0.625471 0.08849 -0.000864221 -0.000235029 -0.0885677 0.62138 0.197103 -6.59993e-05 -0.00120477 0.196861 0.938602 0.000578361 -0.000383584 -5.96256e-05 -0.000551248 0.891706 0.126156 -0.00123208 -0.000335071 -0.126267 0.885874
50 0.168004 0.603544 0.166486 -2.52221e-05 -0.000520955 0.166374 0.560165 0.00121121 -0.000209268 -7.22927e-05 -0.00117665 0.515284 0.0483461 -0.000530193 -0.000161562 -0.0483351 0.511494 0.275847 -4.179e-05 -0.000863161 0.275662 0.928126 0.00200683 -0.000346732 -0.00011978 -0.00194957 0.853764 0.0801037 -0.000878467 -0.000267688 -0.0800855 0.847484
52 0.172821 0.550175 0.175598 -1.0966e-06 3.40978e-06 0.175561 0.50627 0.00173312 -0.000130812 -9.44886e-05 -0.00168864 0.450938 -0.0038599 6.51365e-06 -8.84373e-05 0.00395442 0.447718 0.319167 -1.99318e-06 6.19762e-06 0.319101 0.920197 0.00315012 -0.000237764 -0.000171743 -0.00306928 0.819626 -0.00701577 1.18392e-05 -0.000160744 0.00718757 0.813774
54 0.177428 0.532928 0.165967 9.8794e-06 0.000601038 0.16601 0.488189 0.00195228 -4.80265e-05 -9.51479e-05 -0.00190345 0.425551 -0.0575674 0.0006176 -3.10499e-05 0.0577258 0.423244 0.311425 1.8538e-05 0.0011278 0.311505 0.91605 0.00366331 -9.01181e-05 -0.000178538 -0.00357168 0.798515 -0.108021 0.00115888 -5.82629e-05 0.108318 0.794185
56 0.181819 0.539441 0.140829 -5.06695e-06 0.00115371 0.14094 0.493523 0.00190384 2.18528e-05 -6.60919e-05 -0.00185538 0.427631 -0.10324 0.00118365 -1.11666e-06 0.103432 0.426582 0.261065 -9.39297e-06 0.00213872 0.26127 0.914878 0.00352929 4.05101e-05 -0.000122519 -0.00343944 0.792731 -0.191384 0.00219422 -2.07003e-06 0.19174 0.790785
58 0.185988 0.556463 0.105551 -5.25165e-05 0.00157305 0.105709 0.509059 0.00166438 6.35319e-05 -5.05738e-06 -0.00161982 0.444087 -0.133894 0.00161533 -3.42175e-06 0.134086 0.444568 0.189682 -9.43756e-05 0.00282687 0.189966 0.914812 0.002991 0.000114171 -9.08843e-06 -0.00291092 0.798053 -0.240617 0.00290284 -6.14911e-06 0.24096 0.798917
60 0.286303 0.572405 0.066581 -0.000131246 0.0018121 0.0667596 0.523328 0.00133183 6.83844e-05 8.44146e-05 -0.00129358 0.462835 -0.145983 0.00186491 -3.42487e-05 0.146141 0.464977 0.116318 -0.000229288 0.00316577 0.11663 0.914263 0.00232673 0.000119469 0.000147474 -0.0022599 0.808581 -0.255035 0.00325802 -5.9833e-05 0.25531 0.812322
64 0.394175 0.572034 0.00189068 -0.000339538 0.00176748 0.00203448 0.519853 0.000753455 -1.6462e-05 0.000310685 -0.000732225 0.474003 -0.117805 0.00183318 -0.000129123 0.117833 0.479098 0.00330518 -0.000593563 0.00308983 0.00355658 0.908781 0.00131715 -2.8778e-05 0.000543124 -0.00128004 0.828628 -0.20594 0.00320467 -0.000225726 0.20599 0.837535
68 0.406626 0.518525 -0.020043 -0.000497577 0.00132517 -0.0199937 0.465002 0.000617513 -0.000108578 0.00050792 -0.000617068 0.431612 -0.0504441 0.0013879 -0.000148419 0.0503449 0.438111 -0.0386539 -0.000959601 0.00255565 -0.0385588 0.896778 0.0011909 -0.000209397 0.000979546 -0.00119004 0.832384 -0.0972838 0.00267663 -0.000286233 0.0970925 0.844918
72 0.417095 0.436249 0.00152876 -0.000476071 0.000903854 0.00148473 0.383956 0.000811618 -2.92565e-05 0.000561794 -0.000831775 0.352493 0.00946431 0.0009421 1.28627e-05 -0.00960993 0.358724 0.00350432 -0.00109128 0.00207188 0.00340339 0.880132 0.00186045 -6.70638e-05 0.00128778 -0.00190665 0.808008 0.0216948 0.00215955 2.94848e-05 -0.0220286 0.822292
76 0.425533 0.358874 0.0418931 -0.000248858 0.000690102 0.0417964 0.309248 0.0008716 0.000287396 0.000406144 -0.000902921 0.26826 0.0323868 0.000680913 0.00034351 -0.0324845 0.274166 0.116735 -0.000693443 0.00192297 0.116466 0.861718 0.00242871 0.000800827 0.00113172 -0.00251599 0.747505 0.0902456 0.00189736 0.000957189 -0.0905179 0.763964
80 0.431897 0.304246 0.0720701 8.18089e-05 0.000578944 0.0719751 0.256032 0.000436396 0.000709193 7.39572e-05 -0.000461725 0.199618 0.0181648 0.000508159 0.000718374 -0.0181662 0.207627 0.236881 0.000268891 0.00190289 0.236569 0.841531 0.00143435 0.00233099 0.000243084 -0.00151761 0.656109 0.0597043 0.00167023 0.00236116 -0.0597092 0.682431
84 0.436158 0.271481 0.0773477 0.000355088 0.000350966 0.0773077 0.221137 -0.000426779 0.000988993 -0.000295186 0.000418846 0.150933 -0.0135141 0.000228439 0.000970543 0.0136004 0.164853 0.284911 0.00130797 0.00129278 0.284763 0.814559 -0.00157204 0.00364296 -0.00108732 0.00154282 0.555963 -0.0497793 0.000841455 0.003575 0.050097 0.607237
88 0.328636 0.252063 0.0619192 0.000459898 -0.00011236 0.0619718 0.196321 -0.00125186 0.000953686 -0.000525298 0.00125416 0.119084 -0.0413954 -0.000241518 0.000982591 0.0415282 0.141342 0.24565 0.00182454 -0.00044576 0.245858 0.778855 -0.00496644 0.00378352 -0.00208399 0.00497558 0.472435 -0.164226 -0.000958163 0.00389819 0.164753 0.560741
90 0.219313 0.245219 0.0509605 0.000446414 -0.00041428 0.0510618 0.186488 -0.00147544 0.000821926 -0.000554427 0.0014753 0.108702 -0.0500577 -0.000520787 0.000893694 0.0501947 0.134872 0.207816 0.00182047 -0.00168943 0.20823 0.760497 -0.00601682 0.00335181 -0.00226095 0.00601624 0.443287 -0.204135 -0.00212377 0.00364448 0.204694 0.550007
92 0.328636 0.239676 0.0404148 0.000403327 -0.000729949 0.040557 0.178477 -0.00150918 0.000645336 -0.000529572 0.00150156 0.101862 -0.0546911 -0.000795861 0.000757233 0.0548193 0.13104 0.168622 0.0016828 -0.00304556 0.169216 0.74466 -0.00629675 0.00269253 -0.00220953 0.00626496 0.424996 -0.228187 -0.00332056 0.0031594 0.228722 0.546738
96 0.436158 0.231193 0.0257062 0.000304862 -0.00126587 0.0258748 0.168261 -0.000995727 0.000300969 -0.000399126 0.000967694 0.0974238 -0.0533514 -0.00121508 0.000436393 0.0534255 0.128559 0.11119 0.00131865 -0.0054754 0.111919 0.727796 -0.00430692 0.00130181 -0.00172638 0.00418566 0.421397 -0.230766 -0.00525572 0.00188757 0.231086 0.556071
100 0.431897 0.223008 0.0222082 0.000333383 -0.00145859 0.0222996 0.162647 -3.41044e-06 0.000184257 -0.000361998 -2.95858e-05 0.0986313 -0.0419462 -0.00130358 0.000236413 0.0419366 0.127118 0.099585 0.00149494 -0.00654055 0.0999948 0.729334 -1.52929e-05 0.000826237 -0.00162326 -0.000132667 0.442278 -0.188093 -0.00584546 0.00106011 0.18805 0.570018
104 0.425533 0.210942 0.0272121 0.000615024 -0.00116263 0.0271511 0.152855 0.000860833 0.0003907 -0.000616074 -0.000867084 0.0922406 -0.0256331 -0.000992927 0.000304604 0.0255609 0.11907 0.129003 0.00291561 -0.00551163 0.128713 0.72463 0.0040809 0.00185217 -0.00292059 -0.00411053 0.437279 -0.121517 -0.00470711 0.00144402 0.121175 0.564468
108 0.417095 0.195558 0.0361303 0.00113667 -0.000443895 0.0359431 0.132064 0.00108671 0.000766025 -0.00115415 -0.00104609 0.0674329 -0.0110112 -0.000372145 0.000586422 0.0109502 0.101339 0.184755 0.00581244 -0.00226989 0.183798 0.675319 0.005557 0.00391713 -0.00590183 -0.00534927 0.344824 -0.0563067 -0.00190299 0.00299871 0.0559947 0.518204
112 0.406626 0.185945 0.0460029 0.00169369 0.000421866 0.0458203 0.105216 0.000607792 0.00100315 -0.00172117 -0.00053158 0.0269487 -0.00726616 0.000346787 0.000832994 0.00728765 0.0802885 0.2474 0.00910853 0.00226876 0.246418 0.565845 0.00326866 0.00539486 -0.00925632 -0.0028588 0.144928 -0.0390769 0.00186499 0.00447978 0.0391924 0.431785
116 0.394175 0.194406 0.055153 0.00195227 0.00107161 0.0551175 0.0886956 -0.000179144 0.000862401 -0.00195013 0.000252171 -0.0112444 -0.0220687 0.000910709 0.00078493 0.022169 0.0687902 0.283699 0.0100422 0.00551221 0.283517 0.456238 -0.000921495 0.00443608 -0.0100312 0.00129714 -0.0578399 -0.113518 0.00468457 0.00403757 0.114034 0.353847
120 0.379804 0.224016 0.0612621 0.00164195 0.00125536 0.0614085 0.0965068 -0.000734301 0.000360713 -0.00159451 0.000759797 -0.0267792 -0.0534301 0.00113601 0.000395293 0.0535236 0.0755508 0.273472 0.00732961 0.00560388 0.274126 0.430803 -0.0032779 0.00161021 -0.00711782 0.00339171 -0.119541 -0.23851 0.00507113 0.00176457 0.238927 0.337256
124 0.363583 0.261286 0.0612412 0.00076883 0.000996202 0.0614651 0.124157 -0.000770858 -0.000226934 -0.000705991 0.000725317 -0.0152603 -0.0859545 0.00100819 -0.000117041 0.0859576 0.0960976 0.234384 0.00294248 0.00381268 0.235241 0.475175 -0.00295024 -0.000868525 -0.00270198 0.00277595 -0.0584044 -0.328967 0.00385855 -0.000447942 0.328979 0.367787
128 0.34559 0.284645 0.0536366 -0.000330549 0.000585191 0.0537866 0.146954 -0.000409084 -0.000581144 0.000366856 0.000310293 0.00439638 -0.0988131 0.000704666 -0.000455613 0.0987377 0.115535 0.188433 -0.00116127 0.00205586 0.18896 0.516271 -0.00143717 -0.00204164 0.00128882 0.0010901 0.0154451 -0.347144 0.00247559 -0.00160063 0.346879 0.405889
132 0.325914 0.284551 0.041069 -0.00117951 0.000384342 0.0410741 0.138278 6.36584e-06 -0.000606931 0.00117607 -9.80136e-05 0.00268423 -0.0822109 0.0004945 -0.000516366 0.0821644 0.12239 0.144329 -0.00414516 0.00135069 0.144347 0.48595 2.23715e-05 -0.00213294 0.00413307 -0.00034445 0.00943319 -0.288914 0.00173783 -0.00181467 0.288751 0.430116
136 0.304649 0.276244 0.0297579 -0.00147332 0.000558867 0.0296689 0.0940824 0.000228634 -0.000519975 0.001448 -0.000242759 -0.0362885 -0.0485199 0.000550788 -0.000485655 0.0486059 0.12024 0.107723 -0.0053334 0.0020231 0.107401 0.340578 0.000827653 -0.00188231 0.00524176 -0.000878788 -0.131364 -0.175642 0.00199385 -0.00175807 0.175953 0.435268
140 0.281901 0.288604 0.025899 -0.00126585 0.00093962 0.0258174 0.0410527 0.000279837 -0.000650919 0.00123916 -0.000194462 -0.0995429 -0.0254381 0.000804859 -0.000662057 0.0256574 0.123369 0.0897391 -0.00438611 0.00325575 0.0894561 0.142246 0.000969625 -0.00225541 0.00429364 -0.000673803 -0.344912 -0.088142 0.0027888 -0.002294 0.088902 0.427469
144 0.257779 0.334565 0.0316854 -0.000877657 0.00114251 0.0316673 0.0181769 0.000353179 -0.00112394 0.000852065 -0.000231445 -0.153357 -0.0334013 0.000977315 -0.00115382 0.0336456 0.138009 0.0947062 -0.00262327 0.0034149 0.0946521 0.05433 0.00105564 -0.0033594 0.00254678 -0.000691779 -0.458376 -0.0998349 0.00292115 -0.00344872 0.100565 0.412501
148 0.232401 0.39084 0.0440851 -0.000613035 0.000876632 0.0441137 0.0457271 0.000580558 -0.00169811 0.000580436 -0.000534264 -0.169311 -0.0656708 0.0007975 -0.00172615 0.0658046 0.148112 0.112796 -0.00156851 0.00224294 0.112869 0.116997 0.00148541 -0.00434476 0.0014851 -0.00136696 -0.433197 -0.168025 0.00204048 -0.00441651 0.168367 0.378959
152 0.205891 0.412575 0.0569682 -0.00053791 0.000208503 0.0569954 0.108923 0.000896204 -0.0019297 0.000500729 -0.000987033 -0.146692 -0.0905743 0.000255446 -0.00194994 0.0905221 0.124878 0.13808 -0.00130379 0.00050537 0.138145 0.264006 0.00217222 -0.0046772 0.00121367 -0.00239237 -0.355553 -0.219534 0.00061915 -0.00472627 0.219408 0.30268
156 0.178378 0.377698 0.0645084 -0.000501179 -0.000433367 0.0645033 0.171511 0.00110416 -0.00153282 0.000480371 -0.00127115 -0.112586 -0.0772318 -0.000323194 -0.00154542 0.077006 0.0575272 0.170793 -0.00132693 -0.00114739 0.17078 0.454096 0.00292339 -0.00405832 0.00127184 -0.00336551 -0.298084 -0.20448 -0.000855693 -0.00409167 0.203882 0.15231
160 0.0971232 0.322171 0.0634518 -0.000346401 -0.000527786 0.0634126 0.206957 0.00105945 -0.000637721 0.000365858 -0.00115831 -0.100504 -0.0237179 -0.000458893 -0.000639583 0.0233917 -0.022185 0.19695 -0.00107521 -0.00163821 0.196829 0.642381 0.00328846 -0.00197945 0.0011356 -0.00359532 -0.311958 -0.073619 -0.00142438 -0.00198523 0.0726065 -0.0688608
161 0.0357021 0.314283 0.061759 -0.000286687 -0.000424893 0.0617133 0.211292 0.00100784 -0.00038903 0.000317815 -0.00106967 -0.103382 -0.00730377 -0.000378497 -0.000387488 0.00696692 -0.0367355 0.196507 -0.000912193 -0.00135194 0.196362 0.672299 0.00320678 -0.00123783 0.00101124 -0.00340352 -0.328946 -0.0232395 -0.00120432 -0.00123293 0.0221677 -0.116887
162 0.0338871 0.311575 0.0595284 -0.000221896 -0.000268309 0.0594772 0.214344 0.000943362 -0.000148246 0.00026437 -0.000963647 -0.108755 0.00897762 -0.00024669 -0.000143139 -0.00931924 -0.046979 0.191057 -0.000712177 -0.000861139 0.190892 0.687937 0.00302772 -0.000475796 0.000848497 -0.00309283 -0.34905 0.0288137 -0.000791753 -0.000459404 -0.0299101 -0.150779
163 0.0320617 0.315256 0.0567944 -0.000154724 -5.96352e-05 0.056739 0.216514 0.000868579 7.60106e-05 0.00020769 -0.000845223 -0.116501 0.0244149 -6.35401e-05 8.47073e-05 -0.0247555 -0.0519839 0.180153 -0.000490789 -0.000189164 0.179978 0.686787 0.00275515 0.000241108 0.000658799 -0.00268107 -0.369543 0.0774446 -0.000201551 0.000268694 -0.0785252 -0.164894
164 0.0302266 0.326306 0.0536011 -8.81398e-05 0.000197802 0.0535427 0.218235 0.000786332 0.000276007 0.000150239 -0.000719805 -0.126404 0.0383399 0.000169139 0.000288151 -0.0386741 -0.0509984 0.164266 -0.000270114 0.000606184 0.164087 0.668804 0.0024098 0.000845854 0.000460422 -0.00220592 -0.387377 0.117497 0.000518346 0.00088307 -0.118521 -0.15629
165 0.0283823 0.345403 0.0500012 -2.51513e-05 0.000499092 0.049941 0.219937 0.000699585 0.000445289 9.45764e-05 -0.000592893 -0.138172 0.0501669 0.000447845 0.000460559 -0.0504896 -0.0435021 0.144762 -7.28172e-05 0.00144496 0.144588 0.636754 0.00202542 0.00128919 0.000273815 -0.00171653 -0.400032 0.145242 0.00129659 0.0013334 -0.146176 -0.125946
166 0.0265294 0.372864 0.0460559 3.14262e-05 0.000837946 0.0459953 0.222012 0.000611251 0.000579002 4.31588e-05 -0.000469729 -0.151455 0.0594268 0.000767495 0.000596899 -0.0597334 -0.0292487 0.123519 8.42833e-05 0.00224733 0.123357 0.595424 0.00163934 0.00155285 0.00011575 -0.00125979 -0.406194 0.15938 0.00205838 0.00160085 -0.160202 -0.0784436
167 0.0246683 0.408608 0.0418343 7.91853e-05 0.00120693 0.0417747 0.224788 0.000524054 0.000674127 -1.85407e-06 -0.000354986 -0.165862 0.065795 0.0011216 0.000693996 -0.0660812 -0.00829549 0.102383 0.000193793 0.00295375 0.102237 0.550131 0.00128254 0.00164981 -4.53754e-06 -0.000868771 -0.405919 0.161023 0.00274493 0.00169844 -0.161723 -0.0203018
168 0.0172754 0.452136 0.0374129 0.000116308 0.00159772 0.0373555 0.228502 0.000440395 0.000729624 -3.87594e-05 -0.000252502 -0.180982 0.0691102 0.00150248 0.00075069 -0.0693726 0.0189828 0.082747 0.000257241 0.00353373 0.0826201 0.505384 0.000974032 0.00161373 -8.57251e-05 -0.000558465 -0.400282 0.152853 0.00332307 0.00166032 -0.153433 0.0419848
168.5 0.0109315 0.476548 0.0351527 0.000130508 0.00179854 0.0350969 0.230756 0.00040053 0.000742738 -5.37958e-05 -0.000206776 -0.188681 0.0696198 0.00170029 0.000764086 -0.0698692 0.03479 0.0737653 0.00027386 0.00377409 0.0736482 0.484224 0.000840482 0.00155858 -0.000112886 -0.000433903 -0.395932 0.146092 0.00356793 0.00160338 -0.146615 0.0730042
169 0.0104622 0.502532 0.032874 0.000141699 0.00200144 0.03282 0.233284 0.000362258 0.000746463 -6.64346e-05 -0.000165076 -0.196405 0.0693841 0.00190151 0.000767877 -0.0696198 0.0518958 0.0654167 0.00028197 0.0039827 0.0653094 0.464218 0.000720865 0.0014854 -0.0001322 -0.000328488 -0.39083 0.138069 0.00378385 0.00152802 -0.138538 0.103269
169.5 0.00999215 0.529911 0.0305877 0.00014987 0.00220526 0.0305359 0.236085 0.000325751 0.000741221 -7.66382e-05 -0.000127569 -0.204104 0.0684313 0.00210494 0.000762484 -0.0686529 0.0701677 0.0577222 0.000282821 0.00416156 0.0576245 0.445519 0.000614727 0.00139876 -0.000144625 -0.000240737 -0.385167 0.129137 0.00397225 0.00143889 -0.129555 0.132414
170 0.0095213 0.55849 0.0283051 0.000155062 0.00240884 0.0282558 0.23915 0.000291151 0.000727544 -8.44122e-05 -9.43495e-05 -0.211733 0.0667999 0.00230939 0.000748445 -0.067007 0.0894568 0.0506816 0.000277645 0.00431314 0.0505932 0.428208 0.000521319 0.0013027 -0.000151144 -0.000168937 -0.379117 0.119608 0.00413506 0.00134012 -0.119979 0.160176
170.5 0.00904972 0.58805 0.0260378 0.000157364 0.00261103 0.0259911 0.242461 0.000258567 0.000706067 -8.98038e-05 -6.54348e-05 -0.219246 0.0645377 0.00251363 0.000726402 -0.06473 0.1096 0.0442783 0.000267603 0.00444016 0.0441988 0.412314 0.000439703 0.00120069 -0.000152715 -0.000111274 -0.372835 0.109749 0.00427452 0.00123527 -0.110076 0.186378
171 0.00857745 0.618357 0.0237973 0.000156915 0.00281069 0.0237534 0.245996 0.000228078 0.000677518 -9.29015e-05 -4.0772e-05 -0.226599 0.0617014 0.00271644 0.000697093 -0.0618786 0.130419 0.0384847 0.000253761 0.00454541 0.0384138 0.397822 0.000368846 0.00109567 -0.000150239 -6.5936e-05 -0.366453 0.0997827 0.004393 0.00112733 -0.100069 0.210912
171.5 0.00810453 0.649163 0.0215952 0.000153899 0.00300668 0.0215543 0.249726 0.000199733 0.000642705 -9.38318e-05 -2.02397e-05 -0.233754 0.0583552 0.0029166 0.000661344 -0.0585173 0.151727 0.0332662 0.000237073 0.00463162 0.0332033 0.384688 0.000307678 0.000990051 -0.000144543 -3.11782e-05 -0.360085 0.089893 0.00449286 0.00101876 -0.0901427 0.233726
172 0.00763099 0.680206 0.019443 0.000148542 0.00319792 0.0194054 0.253614 0.000173553 0.000602506 -9.2757e-05 -3.65338e-06 -0.240672 0.0545707 0.0031129 0.000620051 -0.0547178 0.173325 0.028584 0.000218378 0.00470139 0.0285287 0.372849 0.000255148 0.00088577 -0.000136366 -5.37099e-06 -0.353822 0.0802266 0.0045764 0.000911563 -0.0804429 0.254813
172.5 0.00715688 0.711216 0.0173524 0.000141106 0.00338334 0.017318 0.257622 0.000149532 0.000557859 -8.98711e-05 9.22868e-06 -0.24732 0.0504247 0.00330414 0.000574172 -0.050557 0.195011 0.0243982 0.000198401 0.00475712 0.0243498 0.362228 0.000210249 0.000784373 -0.000126363 1.29759e-05 -0.347742 0.0708994 0.00464576 0.000807311 -0.0710853 0.274193
173 0.00668221 0.741915 0.0153345 0.000131885 0.00356192 0.0153034 0.261704 0.000127643 0.00050974 -8.53957e-05 1.86982e-05 -0.253665 0.0459991 0.00348916 0.000524712 -0.0461167 0.216573 0.0206688 0.000177762 0.00480098 0.0206269 0.352741 0.000172045 0.00068706 -0.000115102 2.52027e-05 -0.341905 0.0620004 0.00470291 0.000707239 -0.062159 0.291911
173.5 0.00620704 0.772025 0.0134004 0.000121198 0.00373269 0.0133728 0.265813 0.000107835 0.00045916 -7.95752e-05 2.50892e-05 -0.259679 0.0413785 0.00366685 0.000472704 -0.041482 0.237803 0.0173575 0.000156988 0.00483493 0.0173217 0.344306 0.000139678 0.000594747 -0.000103073 3.2498e-05 -0.336361 0.0535974 0.00474965 0.000612291 -0.0537314 0.308025
174 0.0057314 0.801266 0.0115609 0.000109386 0.00389471 0.0115366 0.269898 9.00421e-05 0.000407139 -7.26714e-05 2.87692e-05 -0.265337 0.03665 0.00383611 0.0004192 -0.0367397 0.258488 0.0144284 0.000136517 0.0048607 0.014398 0.336839 0.000112375 0.00050812 -9.06957e-05 3.59047e-05 -0.331147 0.0457401 0.00478756 0.000523172 -0.0458521 0.3226
174.5 0.00525531 0.829363 0.00982636 9.68005e-05 0.00404712 0.00980533 0.273906 7.4184e-05 0.000354701 -6.49583e-05 3.013e-05 -0.270615 0.0319008 0.00399591 0.000365251 -0.0319775 0.278422 0.0118481 0.000116717 0.00487979 0.0118227 0.330261 8.94469e-05 0.000427679 -7.83231e-05 3.63291e-05 -0.326292 0.0384642 0.00481805 0.000440399 -0.0385567 0.335705
175 0.00477883 0.856048 0.00820653 8.37981e-05 0.0041891 0.00818869 0.277786 6.01693e-05 0.000302852 -5.67159e-05 2.95787e-05 -0.275493 0.0272177 0.00414529 0.000311894 -0.027282 0.2974 0.00958653 9.78895e-05 0.00489353 0.00956569 0.324498 7.02872e-05 0.000353779 -6.62532e-05 3.45526e-05 -0.321819 0.0317946 0.00484236 0.000364341 -0.0318697 0.347411
175.5 0.00430199 0.881064 0.00671073 7.07354e-05 0.00431989 0.00669594 0.281485 4.78996e-05 0.000252568 -4.82248e-05 2.75274e-05 -0.279953 0.0226852 0.00428333 0.000260136 -0.0227381 0.31523 0.00761662 8.02841e-05 0.00490304 0.00759983 0.319483 5.43656e-05 0.000286663 -5.47348e-05 3.12434e-05 -0.317745 0.0257476 0.00486155 0.000295252 -0.0258075 0.357784
176 0.00382481 0.904166 0.00534763 5.796e-05 0.0044388 0.0053357 0.284953 3.72731e-05 0.000204783 -3.976e-05 2.43842e-05 -0.283981 0.0183845 0.0044092 0.000210939 -0.0184268 0.331727 0.00591444 6.41032e-05 0.00490928 0.00590123 0.315155 4.12238e-05 0.000226488 -4.39743e-05 2.69687e-05 -0.314081 0.0203331 0.00487654 0.000233297 -0.0203799 0.366887
176.5 0.00334735 0.925127 0.00412519 4.58042e-05 0.00454522 0.00411588 0.28814 2.8188e-05 0.000160371 -3.15855e-05 2.05435e-05 -0.287562 0.014392 0.00452212 0.000165206 -0.0144247 0.346718 0.00445905 4.95113e-05 0.00491308 0.00444899 0.31146 3.04693e-05 0.00017335 -3.41417e-05 2.22061e-05 -0.310835 0.0155568 0.0048881 0.000178577 -0.0155921 0.374779
177 0.00286963 0.94374 0.0030506 3.45787e-05 0.00463859 0.00304365 0.291002 2.05454e-05 0.000120137 -2.39484e-05 1.63769e-05 -0.290687 0.0107781 0.00462141 0.000123769 -0.0108024 0.360048 0.00323246 3.66401e-05 0.00491511 0.00322509 0.30835 2.17702e-05 0.000127299 -2.53761e-05 1.73532e-05 -0.308016 0.0114206 0.00489691 0.000131147 -0.0114464 0.381512
177.5 0.00239169 0.959818 0.00213022 2.45662e-05 0.00471841 0.00212532 0.293499 1.4253e-05 8.48042e-05 -1.70746e-05 1.22254e-05 -0.293345 0.00760644 0.00470647 8.73732e-05 -0.00762343 0.371575 0.0022194 2.55946e-05 0.00491594 0.00221429 0.305786 1.48497e-05 8.83544e-05 -1.77894e-05 1.27372e-05 -0.305625 0.00792487 0.0049035 9.1031e-05 -0.00794257 0.387131
178 0.00191357 0.973201 0.00136952 1.60159e-05 0.00478429 0.00136636 0.295593 9.22762e-06 5.5002e-05 -1.11633e-05 8.39125e-06 -0.295529 0.00493249 0.00477677 5.66712e-05 -0.00494343 0.381179 0.00140724 1.64569e-05 0.00491604 0.00140398 0.303733 9.48172e-06 5.65166e-05 -1.14707e-05 8.62232e-06 -0.303667 0.00506832 0.00490831 5.82318e-05 -0.00507956 0.391675
178.5 0.00143531 0.983753 0.000773077 9.13868e-06 0.00483588 0.000771279 0.297254 5.39744e-06 3.12593e-05 -6.38354e-06 5.13136e-06 -0.297234 0.00280292 0.00483191 3.22093e-05 -0.00280911 0.388756 0.000785845 9.28961e-06 0.00491575 0.000784017 0.302164 5.48659e-06 3.17755e-05 -6.48897e-06 5.21611e-06 -0.302143 0.00284921 0.00491171 3.27413e-05 -0.0028555 0.395177
179 0.000956932 0.991367 0.000344456 4.10315e-06 0.00487292 0.000343652 0.298459 2.70451e-06 1.39954e-05 -2.87048e-06 2.65175e-06 -0.298455 0.00125482 0.00487153 1.44212e-05 -0.00125758 0.394227 0.000347456 4.13888e-06 0.00491535 0.000346644 0.301058 2.72806e-06 1.41173e-05 -2.89547e-06 2.67484e-06 -0.301054 0.00126574 0.00491395 1.45468e-05 -0.00126853 0.39766
179.5 0.000478484 0.995967 8.62443e-05 1.03205e-06 0.00489522 8.60425e-05 0.299189 1.10616e-06 3.51427e-06 -7.22649e-07 1.10286e-06 -0.299188 0.00031507 0.00489539 3.62126e-06 -0.000315762 0.397533 8.65935e-05 1.03623e-06 0.00491504 8.63909e-05 0.3004 1.11064e-06 3.5285e-06 -7.25576e-07 1.10732e-06 -0.3004 0.000316346 0.00491522 3.63592e-06 -0.00031704 0.399143
180 5.98114e-05 0.997506 -2.45772e-17 -1.77296e-17 0.00490267 -8.60889e-18 0.299433 5.76305e-07 -1.10312e-17 3.47411e-18 5.76305e-07 -0.299433 -9.56131e-18 0.00490337 2.69197e-18 -3.78559e-18 0.398639 -2.46386e-17 -1.7774e-17 0.00491493 -8.63042e-18 0.300182 5.77746e-07 -1.10588e-17 3.4828e-18 5.77746e-07 -0.300182 -9.58522e-18 0.00491563 2.6987e-18 -3.79506e-18 0.399636
