theta 2pi*dcos S11 S12 S13 S14 S21 S22 S23 S24 S31 S32 S33 S34 S41 S42 S43 S44 S12_norm S13_norm S14_norm S21_norm S22_norm S23_norm S24_norm S31_norm S32_norm S33_norm S34_norm S41_norm S42_norm S43_norm S44_norm
0 2.39246e-06 52985.4 4.10074e-13 -1.2836e-15 8.6358 4.10917e-13 52981.4 -2.22746 -1.33871e-17 -2.04265e-15 2.22746 52981.4 9.36566e-15 8.63582 -1.50225e-15 -1.13622e-14 52979.5 7.73938e-18 -2.42255e-20 0.000162985 7.75529e-18 0.999924 -4.2039e-05 -2.52656e-22 -3.85511e-20 4.2039e-05 0.999924 1.76759e-19 0.000162985 -2.83521e-20 -2.1444e-19 0.999888
0.1 1.91397e-05 52869.2 -0.034153 0.00307852 8.61516 -0.0345741 52865.2 -2.20475 0.0219748 0.0032073 2.20475 52865.2 1.81577 8.61555 -0.0226225 -1.81648 52863.3 -6.4599e-07 5.82289e-08 0.000162952 -6.53955e-07 0.999924 -4.17021e-05 4.15645e-07 6.06648e-08 4.1702e-05 0.999924 3.43446e-05 0.00016296 -4.27895e-07 -3.4358e-05 0.999888
0.2 3.82793e-05 52521.9 -0.136439 0.0122254 8.55362 -0.138115 52517.9 -2.13707 0.0875181 0.0127401 2.13706 52517.9 7.22291 8.55514 -0.0900869 -7.22573 52516 -2.59776e-06 2.32767e-07 0.000162858 -2.62966e-06 0.999923 -4.06891e-05 1.66631e-06 2.42567e-07 4.06889e-05 0.999923 0.000137522 0.000162887 -1.71522e-06 -0.000137575 0.999887
0.3 5.74188e-05 51947.6 -0.306337 0.0271777 8.45238 -0.310076 51943.5 -2.02563 0.195492 0.0283343 2.02559 51943.5 16.1018 8.45574 -0.201191 -16.1081 51941.7 -5.89705e-06 5.23175e-07 0.00016271 -5.96901e-06 0.999922 -3.89938e-05 3.76326e-06 5.45441e-07 3.89929e-05 0.999922 0.000309963 0.000162775 -3.87297e-06 -0.000310084 0.999886
0.4 7.65581e-05 51152.7 -0.542969 0.0475075 8.31336 -0.549535 51148.7 -1.87248 0.344023 0.0495603 1.87234 51148.7 28.2564 8.31924 -0.353956 -28.2675 51146.8 -1.06147e-05 9.28738e-07 0.00016252 -1.0743e-05 0.999921 -3.66057e-05 6.72541e-06 9.68869e-07 3.66029e-05 0.999921 0.000552394 0.000162635 -6.9196e-06 -0.00055261 0.999884
0.5 9.56972e-05 50146.4 -0.845083 0.0726371 8.13918 -0.855186 50142.3 -1.68039 0.530529 0.0758381 1.68004 50142.3 43.419 8.14818 -0.545657 -43.436 50140.5 -1.68523e-05 1.4485e-06 0.000162308 -1.70538e-05 0.99992 -3.35097e-05 1.05796e-05 1.51234e-06 3.35027e-05 0.999919 0.000865845 0.000162488 -1.08813e-05 -0.000866184 0.999882
0.6 0.000114836 48940 -1.21104 0.101859 7.93309 -1.22532 48935.9 -1.45283 0.751769 0.106458 1.45212 48935.9 61.2565 7.94572 -0.772876 -61.2805 48934 -2.47455e-05 2.08131e-06 0.000162098 -2.50371e-05 0.999918 -2.96859e-05 1.5361e-05 2.17529e-06 2.96714e-05 0.999917 0.00125167 0.000162357 -1.57923e-05 -0.00125216 0.999879
0.7 0.000133974 47547 -1.6388 0.134362 7.69884 -1.65779 47542.9 -1.19388 1.00389 0.140607 1.19258 47542.9 81.3788 7.71554 -1.03155 -81.4107 47541 -3.44669e-05 2.82588e-06 0.000161921 -3.48664e-05 0.999915 -2.51094e-05 2.11137e-05 2.95723e-06 2.50821e-05 0.999914 0.00171154 0.000162272 -2.16955e-05 -0.00171222 0.999875
0.8 0.000153112 45982.8 -2.12586 0.169257 7.4406 -2.15003 45978.8 -0.90813 1.2825 0.177396 0.905952 45978.7 103.348 7.46168 -1.31707 -103.388 45976.9 -4.62316e-05 3.68088e-06 0.000161813 -4.67573e-05 0.999913 -1.97493e-05 2.78909e-05 3.85786e-06 1.9702e-05 0.99991 0.00224753 0.000162271 -2.86427e-05 -0.00224841 0.99987
0.9 0.00017225 44264.6 -2.6693 0.205611 7.16285 -2.699 44260.6 -0.600615 1.58273 0.215888 0.597191 44260.4 126.688 7.1885 -1.62432 -126.738 44258.6 -6.03034e-05 4.64504e-06 0.000161819 -6.09743e-05 0.999909 -1.35688e-05 3.57562e-05 4.87723e-06 1.34914e-05 0.999905 0.00286207 0.000162398 -3.66956e-05 -0.0028632 0.999864
1 0.000191387 42410.8 -3.26572 0.242475 6.87021 -3.30118 42406.7 -0.276666 1.89934 0.25514 0.271555 42406.5 150.899 6.90051 -1.94779 -150.959 42404.7 -7.70021e-05 5.71731e-06 0.000161992 -7.78382e-05 0.999905 -6.52348e-06 4.47843e-05 6.01591e-06 6.40297e-06 0.999899 0.00355804 0.000162707 -4.59267e-05 -0.00355944 0.999857
1.1 0.000210523 40440.8 -3.91121 0.278922 6.56736 -3.95256 40436.8 0.058181 2.22676 0.294222 -0.0654901 40436.5 175.464 6.60225 -2.28167 -175.533 40434.7 -9.67144e-05 6.89704e-06 0.000162394 -9.77367e-05 0.999901 1.43867e-06 5.5062e-05 7.27537e-06 -1.61941e-06 0.999891 0.00433878 0.000163257 -5.642e-05 -0.0043405 0.999848
1.2 0.000229659 38375.2 -4.6014 0.314073 6.25889 -4.64863 38371.2 0.398302 2.55923 0.33226 -0.408389 38370.7 199.865 6.29819 -2.61996 -199.944 38368.9 -0.000119906 8.18427e-06 0.000163097 -0.000121136 0.999896 1.03792e-05 6.66897e-05 8.65819e-06 -1.0642e-05 0.999882 0.00520818 0.000164121 -6.82722e-05 -0.00521025 0.999836
1.3 0.000248794 36234.6 -5.33142 0.347128 5.94917 -5.38442 36230.6 0.738103 2.8909 0.368457 -0.751606 36229.9 223.594 5.99258 -2.95654 -223.683 36228.2 -0.000147136 9.57999e-06 0.000164185 -0.000148599 0.99989 2.03701e-05 7.97827e-05 1.01686e-05 -2.07427e-05 0.99987 0.00617072 0.000165383 -8.15944e-05 -0.00617317 0.999823
1.4 0.000267929 34040.1 -6.09591 0.377391 5.64226 -6.15445 34036.1 1.07213 3.21586 0.40212 -1.08974 34035.2 246.162 5.68936 -3.28532 -246.26 34033.5 -0.00017908 1.10867e-05 0.000165753 -0.0001808 0.999883 3.14961e-05 9.44728e-05 1.18131e-05 -3.20133e-05 0.999856 0.00723152 0.000167137 -9.65134e-05 -0.00723442 0.999806
1.5 0.000287062 31812.4 -6.88907 0.404294 5.34181 -6.95283 31808.4 1.39517 3.52834 0.432684 -1.41761 31807.3 267.113 5.39207 -3.60031 -267.22 31805.6 -0.000216553 1.27087e-05 0.000167916 -0.000218557 0.999875 4.38563e-05 0.000110911 1.36011e-05 -4.45614e-05 0.999839 0.00839651 0.000169496 -0.000113173 -0.00839989 0.999786
1.6 0.000306195 29571.9 -7.70469 0.427409 5.05096 -7.77321 29567.9 1.70237 3.8227 0.459721 -1.73037 29566.5 286.033 5.10375 -3.89573 -286.148 29564.8 -0.000260541 1.44532e-05 0.000170803 -0.000262858 0.999866 5.75672e-05 0.000129268 1.55459e-05 -5.8514e-05 0.999818 0.00967246 0.000172588 -0.000131738 -0.00967636 0.999761
1.7 0.000325327 27338.2 -8.53617 0.446463 4.77229 -8.60894 27334.2 1.98928 4.09363 0.482955 -2.02359 27332.5 302.555 4.82689 -4.16611 -302.678 27330.9 -0.000312244 1.63311e-05 0.000174565 -0.000314905 0.999855 7.27656e-05 0.00014974 1.76659e-05 -7.40205e-05 0.999793 0.0110671 0.000176562 -0.000152392 -0.0110716 0.999732
1.8 0.000344457 25130 -9.37664 0.461339 4.50778 -9.45304 25126 2.25198 4.33615 0.502263 -2.29331 25124 316.372 4.56341 -4.4064 -316.501 25122.3 -0.000373125 1.83581e-05 0.000179378 -0.000376166 0.999843 8.96132e-05 0.000172549 1.99866e-05 -9.12581e-05 0.999762 0.0125894 0.000181592 -0.000175344 -0.0125946 0.999696
1.9 0.000363587 22964.7 -10.219 0.472079 4.25878 -10.2983 22960.8 2.4871 4.54575 0.517675 -2.53614 22958.4 327.238 4.31461 -4.61203 -327.372 22956.7 -0.000444985 2.05567e-05 0.000185449 -0.000448441 0.999828 0.000108301 0.000197945 2.25422e-05 -0.000110436 0.999724 0.0142496 0.00018788 -0.000200831 -0.0142554 0.999653
2 0.000382716 20858.4 -11.0559 0.478875 4.02601 -11.1375 20854.4 2.69188 4.71843 0.529363 -2.74925 20851.7 334.973 4.08116 -4.77901 -335.111 20850 -0.000530044 2.29584e-05 0.000193017 -0.000533957 0.999811 0.000129055 0.000226213 2.53789e-05 -0.000131805 0.999679 0.0160594 0.000195661 -0.000229117 -0.016066 0.999601
2.1 0.000401843 18825.4 -11.88 0.482053 3.8096 -11.9631 18821.5 2.86423 4.85078 0.537627 -2.93043 18818.3 339.467 3.86318 -4.90395 -339.608 18816.7 -0.000631064 2.56065e-05 0.000202365 -0.000635479 0.999791 0.000152147 0.000257672 2.85586e-05 -0.000155664 0.999625 0.0180324 0.000205211 -0.000260497 -0.0180399 0.999538
2.2 0.000420969 16878.5 -12.6842 0.482062 3.60909 -12.768 16874.6 3.00267 4.94007 0.542879 -3.07813 16871.1 340.678 3.6602 -4.98419 -340.821 16869.4 -0.000751501 2.85607e-05 0.000213827 -0.000756467 0.999767 0.000177899 0.000292684 3.21639e-05 -0.00018237 0.999558 0.0201841 0.000216856 -0.000295298 -0.0201926 0.999463
2.3 0.000440094 15028.6 -13.4613 0.479446 3.42352 -13.5451 15024.7 3.10642 4.9842 0.545618 -3.19142 15020.8 338.634 3.4713 -5.01776 -338.777 15019.2 -0.000895711 3.19022e-05 0.0002278 -0.000901284 0.999739 0.000206701 0.000331648 3.63053e-05 -0.000212356 0.999478 0.0225326 0.000230979 -0.00033388 -0.0225421 0.999371
2.4 0.000459218 13284.7 -14.2044 0.474823 3.2515 -14.2874 13280.8 3.17533 4.98186 0.546405 -3.26998 13276.5 333.425 3.29511 -5.00348 -333.568 13274.9 -0.00106923 3.5742e-05 0.000244755 -0.00107547 0.999705 0.000239021 0.000375007 4.11303e-05 -0.000246146 0.99938 0.0250984 0.000248038 -0.000376634 -0.0251091 0.999259
2.5 0.00047834 11653.9 -14.9072 0.468852 3.09129 -14.9886 11650 3.20985 4.93244 0.545832 -3.3141 11645.3 325.205 3.12995 -4.94093 -325.346 11643.7 -0.00127916 4.02313e-05 0.000265257 -0.00128614 0.999664 0.000275431 0.000423243 4.68368e-05 -0.000284377 0.999261 0.0279053 0.000268575 -0.000423971 -0.0279173 0.999124
2.6 0.000497461 10141.4 -15.5636 0.462208 2.94088 -15.6427 10137.5 3.21102 4.83609 0.5445 -3.32463 10132.5 314.183 2.97388 -4.83046 -314.32 10130.9 -0.00153466 4.55763e-05 0.000289987 -0.00154246 0.999614 0.000316624 0.000476865 5.36907e-05 -0.000327827 0.999116 0.0309801 0.000293241 -0.00047631 -0.0309937 0.998958
2.7 0.00051658 8750.58 -16.1683 0.455551 2.79812 -16.2445 8746.66 3.18039 4.69372 0.542981 -3.30293 8741.28 300.614 2.82483 -4.67321 -300.747 8739.67 -0.00184769 5.20595e-05 0.000319763 -0.00185639 0.999552 0.00036345 0.00053639 6.20509e-05 -0.000377452 0.998937 0.0343536 0.000322816 -0.000534046 -0.0343688 0.998754
2.8 0.000535698 7482.94 -16.7166 0.449495 2.66079 -16.7893 7479.03 3.12 4.50694 0.5418 -3.25079 7473.34 284.797 2.68068 -4.47105 -284.925 7471.73 -0.00223396 6.00693e-05 0.00035558 -0.00224368 0.999477 0.000416948 0.000602296 7.24046e-05 -0.000434427 0.998716 0.0380595 0.000358238 -0.000597498 -0.0380765 0.998501
2.9 0.000554814 6338.37 -17.2045 0.444587 2.52672 -17.2733 6334.46 3.03224 4.27808 0.541403 -3.17043 6328.5 267.062 2.53936 -4.22654 -267.184 6326.89 -0.00271434 7.01421e-05 0.000398639 -0.0027252 0.999382 0.000478394 0.00067495 8.54166e-05 -0.000500196 0.998442 0.0421342 0.000400633 -0.000666817 -0.0421534 0.998188
3 0.000573928 5315.17 -17.629 0.441277 2.39389 -17.6935 5311.25 2.91986 4.01011 0.54214 -3.06437 5305.07 247.765 2.39897 -3.94291 -247.881 5303.45 -0.00331674 8.30222e-05 0.000450388 -0.00332887 0.999262 0.000549345 0.000754466 0.000101999 -0.000576532 0.998099 0.0466148 0.000451343 -0.000741823 -0.0466365 0.997796
3.1 0.00059304 4410.19 -17.9878 0.439903 2.26047 -18.0476 4406.27 2.78583 3.70659 0.544249 -2.93537 4399.91 227.275 2.2578 -3.624 -227.383 4398.29 -0.00407869 9.9747e-05 0.000512557 -0.00409225 0.99911 0.000631681 0.000840461 0.000123407 -0.000665587 0.997669 0.0515341 0.00051195 -0.000821732 -0.0515586 0.997302
3.2 0.000612151 3619.05 -18.2795 0.440675 2.12496 -18.3345 3615.12 2.63332 3.37163 0.54784 -2.7864 3608.64 205.968 2.11447 -3.27414 -206.068 3607.01 -0.00505093 0.000121766 0.00058716 -0.00506612 0.998914 0.000727628 0.000931634 0.000151377 -0.000769925 0.997123 0.0569122 0.000584261 -0.000904696 -0.05694 0.996675
3.3 0.00063126 2936.24 -18.5039 0.443665 1.98619 -18.5539 2932.3 2.46556 3.00977 0.552894 -2.62052 2925.75 184.217 1.96793 -2.89813 -184.309 2924.12 -0.0063019 0.0001511 0.000676439 -0.00631894 0.99866 0.000839701 0.00102504 0.0001883 -0.000892475 0.996428 0.062739 0.000670223 -0.00098702 -0.0627705 0.995873
3.4 0.000650367 2355.35 -18.6613 0.448802 1.84338 -18.7063 2351.41 2.28584 2.62597 0.559259 -2.44086 2344.84 162.384 1.81756 -2.50112 -162.468 2343.21 -0.00792292 0.000190545 0.000782636 -0.00794206 0.998326 0.000970485 0.00111489 0.000237442 -0.0010363 0.995537 0.0689426 0.00077167 -0.00106189 -0.0689783 0.994843
3.5 0.000669472 1869.24 -18.7531 0.455876 1.6962 -18.7933 1865.29 2.09737 2.22544 0.566654 -2.25051 1858.76 140.814 1.66311 -2.08854 -140.89 1857.12 -0.0100325 0.000243883 0.000907431 -0.010054 0.997886 0.00112204 0.00119056 0.000303147 -0.00120397 0.994392 0.0753325 0.000889726 -0.00111732 -0.0753731 0.993515
3.6 0.000688575 1470.19 -18.7816 0.464543 1.54473 -18.8171 1466.23 1.90328 1.8136 0.574685 -2.05249 1459.79 119.827 1.5048 -1.66598 -119.895 1458.14 -0.0127749 0.000315975 0.0010507 -0.0127991 0.997307 0.00129458 0.00123358 0.000390892 -0.00139607 0.992926 0.0815045 0.00102354 -0.00113317 -0.0815507 0.991807
3.7 0.000707676 1150.12 -18.7496 0.474341 1.38948 -18.7807 1146.15 1.70654 1.39599 0.582855 -1.8497 1139.85 99.7111 1.34323 -1.23911 -99.771 1138.2 -0.0163023 0.000412427 0.00120812 -0.0163293 0.996549 0.00148379 0.00121378 0.000506777 -0.00160827 0.991074 0.0866962 0.0011679 -0.00107737 -0.0867482 0.989638
3.8 0.000726775 900.746 -18.661 0.484703 1.23135 -18.688 896.767 1.5099 0.97815 0.590587 -1.64489 890.661 80.7204 1.17942 -0.813577 -80.7726 889.004 -0.0207173 0.000538113 0.00136703 -0.0207472 0.995582 0.00167627 0.00108593 0.000655664 -0.00182614 0.988804 0.0896151 0.00130938 -0.000903226 -0.089673 0.986965
3.9 0.000745871 713.725 -18.5199 0.494982 1.07159 -18.5431 709.736 1.31587 0.565524 0.597247 -1.44057 703.865 63.0702 1.0147 -0.394924 -63.1149 702.204 -0.0259482 0.00069352 0.0015014 -0.0259808 0.99441 0.00184367 0.000792356 0.000836803 -0.00201839 0.986185 0.0883676 0.0014217 -0.000553328 -0.0884303 0.983858
4 0.000764965 580.82 -18.331 0.504475 0.911775 -18.351 576.821 1.12671 0.16339 0.60217 -1.23905 571.224 46.9345 0.850727 0.0115283 -46.9722 569.559 -0.0315605 0.000868556 0.00156981 -0.031595 0.993114 0.00193986 0.00028131 0.00103676 -0.00213328 0.983478 0.0808072 0.0014647 1.98484e-05 -0.0808722 0.980611
4.1 0.000784057 494.025 -18.0995 0.512449 0.753702 -18.1168 490.015 0.944353 -0.22324 0.604689 -1.04237 484.725 32.4452 0.689346 0.40075 -32.4765 483.057 -0.0366368 0.00103729 0.00152563 -0.0366719 0.991883 0.00191155 -0.00045188 0.001224 -0.00210996 0.981176 0.0656753 0.00139537 0.000811195 -0.0657385 0.977799
4.2 0.000803147 445.677 -17.8308 0.518173 0.599332 -17.8459 441.657 0.770447 -0.589702 0.604161 -0.852327 436.701 19.6921 0.53257 0.768089 -19.7173 435.031 -0.0400083 0.00116266 0.00134477 -0.0400422 0.99098 0.00172871 -0.00132316 0.0013556 -0.00191243 0.97986 0.0441847 0.00119497 0.00172342 -0.0442412 0.976112
4.3 0.000822234 428.56 -17.5303 0.520945 0.450717 -17.5437 424.531 0.60633 -0.931752 0.599997 -0.670433 419.929 8.72332 0.382475 1.10934 -8.74298 418.257 -0.0409051 0.00121557 0.0010517 -0.0409365 0.990597 0.00141481 -0.00217414 0.00140003 -0.00156438 0.979859 0.0203549 0.000892464 0.00258853 -0.0204008 0.975958
4.4 0.000841318 435.979 -17.2036 0.520118 0.309912 -17.2159 431.941 0.453038 -1.24563 0.591688 -0.497944 427.706 -0.452389 0.241127 1.42081 0.437729 426.033 -0.0394597 0.00119299 0.00071084 -0.039488 0.990737 0.00103913 -0.00285709 0.00135715 -0.00114213 0.981023 -0.00103764 0.000553069 0.0032589 0.00100401 0.977187
4.5 0.0008604 461.823 -16.8561 0.515134 0.178897 -16.8679 457.776 0.311312 -1.52813 0.578828 -0.335859 453.914 -7.86299 0.110498 1.69938 7.85281 452.243 -0.0364991 0.00111544 0.000387371 -0.0365246 0.991237 0.000674094 -0.0033089 0.00125335 -0.000727245 0.982875 -0.017026 0.000239265 0.00367973 0.0170039 0.979255
4.6 0.00087948 500.607 -16.4931 0.505538 0.0595045 -16.5049 496.553 0.181622 -1.7766 0.561133 -0.184928 493.064 -13.5698 -0.00760753 1.94253 13.5636 491.394 -0.0329462 0.00100985 0.000118864 -0.0329698 0.991901 0.000362803 -0.0035489 0.0011209 -0.000369408 0.984931 -0.0271066 -1.51966e-05 0.00388035 0.0270943 0.981595
4.7 0.000898556 547.499 -16.1195 0.491005 -0.0466558 -16.1318 543.438 0.0641835 -1.98906 0.538458 -0.045677 540.315 -17.6633 -0.111624 2.14838 17.6607 538.647 -0.0294421 0.000896813 -8.52162e-05 -0.0294645 0.992583 0.00011723 -0.00363298 0.000983486 -8.34284e-05 0.986877 -0.0322619 -0.00020388 0.00392398 0.032257 0.983831
4.8 0.00091763 598.327 -15.7399 0.471353 -0.138254 -15.7532 594.261 -0.0410154 -2.16411 0.510807 0.0815814 591.489 -20.2592 -0.200284 2.31569 20.2596 589.824 -0.0263065 0.000787784 -0.000231067 -0.0263287 0.993204 -6.85501e-05 -0.00361694 0.000853725 0.000136349 0.988571 -0.0338597 -0.00033474 0.00387028 0.0338603 0.985789
4.9 0.000936701 649.575 -15.3584 0.446554 -0.214289 -15.3731 645.504 -0.134185 -2.30105 0.478339 0.196721 643.066 -21.4929 -0.272667 2.44391 21.4959 641.406 -0.0236438 0.000687456 -0.000329891 -0.0236664 0.993733 -0.000206574 -0.00354239 0.000736387 0.000302845 0.98998 -0.0330875 -0.000419763 0.00376232 0.0330923 0.987423
5 0.00095577 698.365 -14.9787 0.416742 -0.27413 -14.9953 694.29 -0.215707 -2.3998 0.441367 0.29978 692.162 -21.5154 -0.328236 2.53313 21.5208 690.506 -0.0214483 0.00059674 -0.000392531 -0.021472 0.994166 -0.000308874 -0.00343632 0.000632002 0.00042926 0.991119 -0.0308083 -0.000470007 0.00362723 0.030816 0.988748
5.1 0.000974835 742.423 -14.604 0.382207 -0.317533 -14.6227 738.347 -0.286099 -2.46092 0.400355 0.390941 736.501 -20.4884 -0.366857 2.58406 20.4958 734.85 -0.0196707 0.00051481 -0.000427698 -0.0196959 0.99451 -0.000385359 -0.00331472 0.000539254 0.000526574 0.992023 -0.0275967 -0.000494135 0.00348058 0.0276067 0.9898
5.2 0.000993897 780.046 -14.2368 0.343396 -0.344658 -14.258 775.969 -0.345993 -2.48558 0.355901 0.470506 774.373 -18.5792 -0.388809 2.59804 18.5884 772.729 -0.0182512 0.000440226 -0.000441843 -0.0182784 0.994773 -0.000443555 -0.00318645 0.000456256 0.000603177 0.992728 -0.0238181 -0.000498443 0.00333063 0.0238299 0.990621
5.3 0.00101296 810.048 -13.8791 0.300899 -0.356056 -13.9031 805.971 -0.396099 -2.47549 0.308727 0.538875 804.593 -15.9567 -0.394775 2.57697 15.9675 802.956 -0.0171337 0.000371458 -0.00043955 -0.0171633 0.994967 -0.000488982 -0.00305598 0.000381123 0.000665239 0.993266 -0.0196985 -0.000487348 0.00318125 0.0197118 0.991245
5.4 0.00103201 831.711 -13.5327 0.255432 -0.352656 -13.5596 827.635 -0.437182 -2.4329 0.25966 0.596529 826.439 -12.7873 -0.385821 2.52324 12.7994 824.809 -0.016271 0.000307116 -0.000424013 -0.0163033 0.995099 -0.000525642 -0.00292518 0.000312199 0.000717231 0.993662 -0.0153747 -0.000463889 0.00303379 0.0153892 0.991702
5.5 0.00105107 844.727 -13.1986 0.207821 -0.335731 -13.2285 840.653 -0.470038 -2.36053 0.2096 0.644008 839.605 -9.23099 -0.363364 2.43972 9.24434 837.982 -0.0156247 0.000246021 -0.000397444 -0.0156601 0.995177 -0.000556438 -0.00279443 0.000248127 0.000762386 0.993936 -0.0109278 -0.000430156 0.00288817 0.0109436 0.992015
5.6 0.00107012 849.141 -12.8773 0.158975 -0.306855 -12.9104 845.07 -0.495473 -2.26147 0.159502 0.681899 844.133 -5.43861 -0.329121 2.32966 5.4531 842.518 -0.0151651 0.000187219 -0.000361371 -0.0152041 0.995206 -0.000583499 -0.00266325 0.00018784 0.000803046 0.994101 -0.00640484 -0.000387593 0.00274355 0.00642189 0.992199
5.7 0.00108916 845.292 -12.5692 0.109862 -0.267852 -12.6055 841.224 -0.514283 -2.13917 0.110346 0.710822 840.362 -1.54903 -0.285059 2.19663 1.56457 838.755 -0.0148697 0.000129969 -0.000316876 -0.0149127 0.995188 -0.000608409 -0.00253069 0.000130542 0.000840919 0.994169 -0.00183254 -0.000337231 0.00259867 0.00185092 0.992267
5.8 0.00110821 833.751 -12.2742 0.0614768 -0.220735 -12.3138 829.688 -0.52724 -1.9973 0.0631037 0.731417 828.868 2.31284 -0.233328 2.04445 -2.29631 827.269 -0.0147217 7.37351e-05 -0.00026475 -0.0147691 0.995127 -0.000632371 -0.00239556 7.56865e-05 0.000877261 0.994144 0.00277402 -0.000279853 0.00245211 -0.00275419 0.992226
5.9 0.00112725 815.274 -11.992 0.014817 -0.167643 -12.0348 811.215 -0.535081 -1.83973 0.0187142 0.744336 810.407 6.03753 -0.176198 1.87707 -6.02005 808.815 -0.0147092 1.81743e-05 -0.000205628 -0.0147616 0.995022 -0.000656321 -0.00225658 2.29545e-05 0.00091299 0.994031 0.00740553 -0.000216121 0.00230238 -0.00738409 0.992079
6 0.00172656 790.742 -11.7221 -0.0291503 -0.110772 -11.7679 786.689 -0.538499 -1.67041 -0.0219451 0.750238 785.863 9.53192 -0.115983 1.69857 -9.51355 784.279 -0.0148242 -3.68645e-05 -0.000140086 -0.0148822 0.994874 -0.000681005 -0.00211246 -2.77526e-05 0.000948777 0.99383 0.0120544 -0.000146676 0.00214807 -0.0120312 0.991827
6.2 0.00236869 727.417 -11.2165 -0.105452 0.00563239 -11.2683 723.374 -0.53459 -1.31241 -0.0890236 0.743621 722.44 15.5413 0.00462387 1.32433 -15.5214 720.871 -0.0154196 -0.000144968 7.743e-06 -0.0154909 0.994442 -0.000734916 -0.00180421 -0.000122383 0.00102228 0.993158 0.0213651 6.35657e-06 0.00182059 -0.0213376 0.991001
6.4 0.00244479 651.756 -10.7522 -0.161295 0.11223 -10.8094 647.723 -0.520032 -0.953973 -0.13324 0.716778 646.608 19.9283 0.11162 0.952908 -19.9071 645.052 -0.0164972 -0.000247477 0.000172196 -0.0165851 0.993812 -0.000797893 -0.0014637 -0.000204432 0.00109976 0.9921 0.0305764 0.00017126 0.00146206 -0.0305438 0.989714
6.6 0.00252085 571.34 -10.3248 -0.192553 0.19573 -10.3869 567.316 -0.498526 -0.622653 -0.151962 0.6748 565.975 22.5251 0.191429 0.612111 -22.5032 564.431 -0.0180712 -0.000337019 0.00034258 -0.0181799 0.992957 -0.000872554 -0.00108981 -0.000265975 0.00118108 0.990609 0.039425 0.000335053 0.00107136 -0.0393867 0.987907
6.8 0.00259689 492.619 -9.93233 -0.197545 0.247096 -9.99851 488.602 -0.473044 -0.341 -0.145059 0.622605 487.021 23.3697 0.235109 0.324532 -23.3479 485.486 -0.0201623 -0.00040101 0.000501597 -0.0202966 0.991846 -0.000960263 -0.000692218 -0.000294464 0.00126387 0.988635 0.0474397 0.000477263 0.000658788 -0.0473955 0.985521
7 0.00267289 420.52 -9.57529 -0.177168 0.2622 -9.64476 416.508 -0.445963 -0.125232 -0.114832 0.564875 414.698 22.6569 0.239011 0.106238 -22.6362 413.171 -0.0227701 -0.000421306 0.000623514 -0.0229353 0.99046 -0.0010605 -0.000297803 -0.000273071 0.00134328 0.986154 0.0538783 0.000568369 0.000252634 -0.0538291 0.982523
7.2 0.00274886 358.33 -9.25683 -0.134717 0.241781 -9.32875 354.321 -0.419184 0.0155152 -0.0656601 0.50597 352.314 20.6852 0.20471 -0.033951 -20.6669 350.792 -0.0258333 -0.000375958 0.000674745 -0.026034 0.988813 -0.00116983 4.32987e-05 -0.000183239 0.00141202 0.983212 0.0577269 0.000571289 -9.4748e-05 -0.0576756 0.978964
7.4 0.0028248 307.784 -8.98186 -0.0754378 0.190785 -9.05534 303.777 -0.394219 0.0793129 -0.00341258 0.449785 301.622 17.8076 0.138277 -0.0945491 -17.7927 300.103 -0.0291823 -0.0002451 0.000619867 -0.029421 0.986979 -0.00128083 0.00025769 -1.10876e-05 0.00146136 0.979978 0.0578573 0.000449265 -0.000307193 -0.057809 0.975041
7.6 0.00290071 269.299 -8.75583 -0.00586548 0.117227 -8.82993 265.291 -0.372228 0.0709733 0.0652768 0.399594 263.046 14.3887 0.049037 -0.0809049 -14.3786 261.527 -0.0325134 -2.17805e-05 0.000435302 -0.0327886 0.985117 -0.00138221 0.000263548 0.000242395 0.00148383 0.97678 0.0534303 0.000182091 -0.000300428 -0.0533926 0.971141
7.8 0.00297657 242.26 -8.5833 0.0669537 0.0307688 -8.65704 238.25 -0.354003 0.00107139 0.133782 0.357868 235.976 10.7728 -0.0519697 -0.00417929 -10.7683 234.457 -0.0354302 0.000276372 0.000127008 -0.0357346 0.98345 -0.00146125 4.42249e-06 0.000552224 0.00147721 0.974063 0.0444679 -0.000214521 -1.72513e-05 -0.0444495 0.967793
8 0.00305241 225.333 -8.46662 0.136256 -0.058739 -8.539 221.322 -0.339917 -0.11543 0.196196 0.326119 219.079 7.26039 -0.153588 0.120071 -7.26228 217.559 -0.0375738 0.000604685 -0.000260676 -0.037895 0.9822 -0.00150851 -0.000512265 0.000870693 0.00144728 0.972244 0.0322207 -0.000681602 0.000532862 -0.0322291 0.965498
8.2 0.0031282 216.752 -8.40482 0.196272 -0.142567 -8.4749 212.739 -0.329869 -0.260809 0.247909 0.304794 210.581 4.09521 -0.245978 0.273564 -4.10371 209.058 -0.0387763 0.000905515 -0.000657744 -0.0390996 0.981488 -0.00152187 -0.00120326 0.00114375 0.00140619 0.971529 0.0188936 -0.00113484 0.00126211 -0.0189328 0.964507
8.4 0.00320396 214.55 -8.39309 0.242778 -0.214077 -8.46 210.537 -0.323238 -0.416307 0.285974 0.293241 208.507 1.45783 -0.321703 0.437052 -1.47267 206.983 -0.0391195 0.00113157 -0.000997794 -0.0394313 0.981295 -0.00150658 -0.00194037 0.0013329 0.00136677 0.971834 0.0067948 -0.00149943 0.00203706 -0.00686401 0.964732
8.6 0.00327968 216.751 -8.42271 0.273424 -0.269258 -8.48577 212.738 -0.318885 -0.563797 0.309245 0.289785 210.869 -0.535004 -0.376342 0.592023 0.514604 209.345 -0.0388589 0.00126146 -0.00124224 -0.0391499 0.981487 -0.00147121 -0.00260113 0.00142673 0.00133695 0.972865 -0.00246829 -0.00173629 0.00273135 0.00237417 0.965831
8.8 0.00335535 221.496 -8.48167 0.287809 -0.306802 -8.54044 217.485 -0.315212 -0.687263 0.318284 0.291883 215.795 -1.82744 -0.408611 0.722195 1.8028 214.271 -0.0382927 0.00129939 -0.00138514 -0.0385581 0.981892 -0.00142311 -0.00310283 0.00143698 0.00131778 0.974265 -0.00825044 -0.00184478 0.00326054 0.0081392 0.967382
9 0.00343099 227.135 -8.55568 0.287331 -0.327762 -8.61003 223.127 -0.310284 -0.773966 0.315068 0.296393 221.622 -2.41944 -0.420014 0.814707 2.39232 220.099 -0.0376678 0.00126502 -0.00144303 -0.0379071 0.982355 -0.00136608 -0.00340752 0.00138714 0.00130492 0.975728 -0.010652 -0.00184918 0.00358688 0.0105326 0.969024
9.2 0.00350659 232.286 -8.62955 0.27481 -0.334892 -8.6797 228.283 -0.302013 -0.815251 0.302553 0.299897 226.952 -2.36026 -0.414142 0.860903 2.33274 225.433 -0.0371506 0.00118307 -0.00144172 -0.0373665 0.982766 -0.00130018 -0.00350969 0.0013025 0.00129107 0.977039 -0.010161 -0.0017829 0.00370622 0.0100426 0.970497
9.4 0.00358214 235.865 -8.68871 0.253985 -0.331826 -8.73524 231.868 -0.288388 -0.806931 0.284154 0.299067 230.69 -1.74074 -0.395766 0.856715 1.7151 229.176 -0.0368376 0.00107682 -0.00140685 -0.0370349 0.983052 -0.00122268 -0.00342116 0.00120473 0.00126796 0.97806 -0.00738024 -0.00167793 0.00363222 0.00727151 0.97164
9.6 0.00365765 237.108 -8.72057 0.228928 -0.322235 -8.7644 233.118 -0.267717 -0.749276 0.263235 0.291022 232.061 -0.684549 -0.369884 0.802612 0.663042 230.554 -0.0367788 0.000965501 -0.00135902 -0.0369637 0.98317 -0.00112909 -0.00316005 0.00111019 0.00122738 0.978713 -0.00288707 -0.00155998 0.003385 0.00279637 0.972356
9.8 0.00373311 235.574 -8.71564 0.203474 -0.309115 -8.75799 231.591 -0.238859 -0.646626 0.242654 0.273639 230.615 0.661932 -0.340883 0.703183 -0.6772 229.116 -0.0369975 0.000863738 -0.00131218 -0.0371773 0.983093 -0.00101394 -0.0027449 0.00103005 0.00116158 0.978951 0.00280987 -0.00144703 0.00298498 -0.00287468 0.972588
10 0.00380853 231.135 -8.66828 0.180721 -0.294308 -8.71052 227.16 -0.201406 -0.50672 0.224422 0.24579 226.221 2.14088 -0.31193 0.566416 -2.14815 224.733 -0.0375031 0.000781887 -0.00127332 -0.0376858 0.982804 -0.000871377 -0.00219231 0.000970954 0.00106341 0.978742 0.00926246 -0.00134956 0.00245059 -0.00929391 0.9723
10.2 0.0038839 223.957 -8.57681 0.162681 -0.278315 -8.62036 219.991 -0.155799 -0.339803 0.209522 0.20746 219.045 3.59524 -0.28467 0.402765 -3.59324 217.567 -0.0382967 0.000726393 -0.00124272 -0.0384911 0.982293 -0.000695664 -0.00151727 0.000935545 0.000926337 0.978066 0.0160533 -0.00127109 0.00179841 -0.0160443 0.971467
10.4 0.00395923 214.459 -8.44328 0.150094 -0.260401 -8.48946 210.502 -0.103345 -0.157617 0.197883 0.159741 209.507 4.88119 -0.259239 0.224109 -4.86922 208.041 -0.0393702 0.000699874 -0.00121422 -0.0395856 0.981551 -0.000481889 -0.000734955 0.000922712 0.000744858 0.97691 0.0227605 -0.00120881 0.001045 -0.0227047 0.970075
10.6 0.0040345 203.257 -8.27272 0.142444 -0.238954 -8.32263 199.31 -0.0461369 0.0276204 0.188508 0.104716 198.232 5.87973 -0.234566 0.0426965 -5.85772 196.778 -0.0407008 0.000700806 -0.00117562 -0.0409463 0.980581 -0.000226988 0.000135889 0.000927435 0.00051519 0.975276 0.0289276 -0.00115404 0.000210062 -0.0288193 0.968125
10.8 0.00410973 191.098 -8.07217 0.138137 -0.211999 -8.12652 187.161 0.0131254 0.204184 0.179718 0.0452156 185.976 6.5064 -0.208856 -0.129821 -6.47491 184.535 -0.0422409 0.000722858 -0.00110937 -0.0425253 0.979396 6.86837e-05 0.00106848 0.000940448 0.000236609 0.973193 0.0340473 -0.00109293 -0.000679339 -0.0338826 0.965653
11 0.00418491 178.78 -7.84953 0.134831 -0.177777 -7.90858 174.852 0.0713871 0.361666 0.169489 -0.0154885 173.548 6.71778 -0.180185 -0.283214 -6.67794 172.119 -0.0439061 0.000754174 -0.000994392 -0.0442364 0.97803 0.000399301 0.00202297 0.000948032 -8.66344e-05 0.970732 0.0375757 -0.00100786 -0.00158415 -0.0373529 0.962743
11.2 0.00426003 167.068 -7.61254 0.129848 -0.13526 -7.67604 163.15 0.125543 0.491618 0.155807 -0.0740409 161.727 6.51409 -0.147056 -0.409297 -6.46751 160.31 -0.0455655 0.000777218 -0.000809609 -0.0459455 0.976547 0.000751448 0.00294262 0.000932592 -0.000443177 0.968026 0.0389906 -0.000880213 -0.00244988 -0.0387118 0.95955
11.4 0.00433511 156.625 -7.36787 0.120621 -0.0845277 -7.43502 152.716 0.172756 0.587984 0.137007 -0.127355 151.187 5.93723 -0.108844 -0.502316 -5.88583 149.782 -0.0470415 0.000770125 -0.000539682 -0.0474702 0.975043 0.00110299 0.00375408 0.000874748 -0.000813121 0.965278 0.0379073 -0.000694931 -0.00320713 -0.0375791 0.95631
11.6 0.00441013 147.946 -7.12058 0.105105 -0.0269384 -7.19012 144.046 0.210746 0.647302 0.112058 -0.172925 142.434 5.0645 -0.0660443 -0.55912 -5.01037 141.04 -0.0481297 0.000710427 -0.000182083 -0.0485997 0.973638 0.00142448 0.00437527 0.000757425 -0.00116884 0.962744 0.0342322 -0.000446409 -0.00377923 -0.0338663 0.953325
11.8 0.0044851 141.319 -6.87391 0.0821059 0.034935 -6.94417 137.427 0.238027 0.668708 0.0807326 -0.209055 135.765 3.99863 -0.0202978 -0.579104 -3.94384 134.382 -0.0486411 0.000580996 0.000247206 -0.0491382 0.972459 0.00168432 0.0047319 0.000571279 -0.00147931 0.960696 0.0282951 -0.000143631 -0.00409785 -0.0279073 0.950908
12 0.0139046 136.813 -6.62942 0.0514833 0.0975787 -6.69845 132.928 0.254045 0.653749 0.0436831 -0.234989 131.252 2.85537 0.0258067 -0.563985 -2.80182 129.878 -0.0484559 0.000376303 0.000713225 -0.0489605 0.971602 0.00185687 0.0047784 0.00031929 -0.00171759 0.959348 0.0208705 0.000188627 -0.0041223 -0.0204791 0.949307
13 0.0246683 136.11 -5.44106 -0.152625 0.292366 -5.47589 132.23 0.206659 0.206964 -0.157864 -0.243571 130.931 -0.637295 0.156588 -0.132357 0.669337 129.592 -0.0399756 -0.00112134 0.00214801 -0.0402314 0.971498 0.00151833 0.00152056 -0.00115983 -0.00178952 0.961949 -0.00468222 0.00115045 -0.000972431 0.00491763 0.952115
14 0.0265294 134.426 -4.45476 -0.199769 0.185226 -4.44296 130.497 0.141893 -0.275797 -0.192886 -0.206772 129.545 1.20739 0.042277 0.340863 -1.18783 128.222 -0.0331391 -0.00148609 0.0013779 -0.0330513 0.970771 0.00105554 -0.00205166 -0.00143489 -0.00153818 0.963688 0.00898183 0.000314499 0.00253569 -0.00883629 0.953845
15 0.0283823 120.71 -4.09395 -0.0349164 0.0234517 -4.07238 116.719 0.136563 -0.347087 -0.0539147 -0.16983 115.536 2.18006 -0.0856309 0.430448 -2.15639 114.214 -0.0339157 -0.00028926 0.000194282 -0.033737 0.966942 0.00113133 -0.00287539 -0.000446648 -0.00140693 0.957137 0.0180604 -0.000709396 0.00356598 -0.0178643 0.946189
16 0.0302266 115.356 -4.16918 0.124025 -0.0577841 -4.16878 111.351 0.0733461 -0.158229 0.0786695 -0.0596286 109.937 0.480029 -0.14375 0.242817 -0.457173 108.617 -0.0361418 0.00107515 -0.000500918 -0.0361383 0.965275 0.000635822 -0.00137166 0.000681969 -0.000516907 0.953021 0.00416127 -0.00124614 0.00210493 -0.00396314 0.941576
17 0.0320617 116.155 -3.95721 0.213246 -0.078456 -3.97589 112.166 0.0271555 0.0112562 0.152216 0.0159165 110.93 -0.122404 -0.197716 0.0249094 0.133442 109.616 -0.0340683 0.00183587 -0.00067544 -0.0342291 0.965655 0.000233786 9.69065e-05 0.00131045 0.000137028 0.955014 -0.00105379 -0.00170217 0.000214449 0.00114882 0.943701
18 0.0338871 112.378 -3.24227 0.187162 0.0200799 -3.28121 108.384 0.0970563 0.101959 0.114523 -0.0144181 107.393 1.2704 -0.148326 -0.126456 -1.27939 106.083 -0.0288515 0.00166547 0.000178682 -0.029198 0.964463 0.00086366 0.000907287 0.00101909 -0.0001283 0.955645 0.0113047 -0.00131989 -0.00112527 -0.0113847 0.943987
19 0.0357021 103.262 -2.33936 -0.0292346 0.131444 -2.40998 99.2429 0.14906 0.176173 -0.0872168 -0.033288 98.2044 2.32421 -0.0182325 -0.211058 -2.35316 96.9019 -0.0226546 -0.000283112 0.00127292 -0.0233386 0.961081 0.00144352 0.00170608 -0.000844618 -0.000322365 0.951024 0.022508 -0.000176566 -0.00204391 -0.0227883 0.93841
20 0.0375062 93.8466 -1.66157 -0.240236 0.120671 -1.74188 89.8124 0.0893837 0.247836 -0.268836 -0.00164961 88.6181 1.5 0.0501687 -0.232753 -1.53168 87.3427 -0.0177052 -0.00255988 0.00128583 -0.0185609 0.957013 0.000952446 0.00264087 -0.00286463 -1.75778e-05 0.944288 0.0159836 0.000534582 -0.00248015 -0.0163211 0.930697
21 0.0392989 89.2585 -1.54193 -0.205913 0.086016 -1.59278 85.2127 0.038581 0.231641 -0.214022 -0.0261176 84.0207 0.279988 0.0850852 -0.171199 -0.297398 82.7804 -0.0172749 -0.00230693 0.000963672 -0.0178446 0.954673 0.000432239 0.00259517 -0.00239777 -0.000292606 0.941319 0.00313682 0.000953245 -0.00191801 -0.00333187 0.927424
22 0.0410797 88.1061 -1.81376 -0.0347488 0.0918292 -1.84148 84.0393 0.0790504 0.0766121 -0.0182259 -0.111309 82.8745 0.318041 0.115496 -0.0104795 -0.327023 81.6535 -0.0205861 -0.000394397 0.00104226 -0.0209007 0.953843 0.000897218 0.000869544 -0.000206863 -0.00126335 0.940622 0.00360975 0.00131087 -0.000118941 -0.0037117 0.926764
23 0.0428479 85.6007 -1.75654 0.0296878 0.0617518 -1.79408 81.5224 0.107187 -0.044485 0.0630992 -0.0956124 80.3195 0.82224 0.067083 0.117669 -0.840503 79.1063 -0.0205201 0.000346818 0.000721394 -0.0209587 0.952357 0.00125217 -0.000519681 0.000737134 -0.00111696 0.938304 0.00960553 0.000783673 0.00137463 -0.00981889 0.924131
24 0.0446031 81.1311 -1.1427 -0.0499982 0.00971174 -1.18291 77.0584 0.0448336 0.0476437 -0.0269648 0.0394574 75.8534 0.786778 -0.00632593 0.0286395 -0.822824 74.6447 -0.0140846 -0.000616265 0.000119704 -0.0145802 0.949801 0.000552607 0.000587244 -0.000332361 0.000486342 0.934949 0.00969762 -7.79717e-05 0.000353003 -0.0101419 0.92005
25 0.0463447 77.0369 -0.643935 -0.153623 0.0110761 -0.653538 72.9743 -0.0241298 0.188285 -0.127437 0.0738632 71.777 0.363232 0.00200625 -0.149818 -0.418686 70.5672 -0.00835878 -0.00199415 0.000143777 -0.00848345 0.947264 -0.000313223 0.00244408 -0.00165423 0.000958803 0.931723 0.00471505 2.60428e-05 -0.00194475 -0.00543487 0.916019
26 0.0480722 74.2973 -0.574465 -0.186963 0.0430299 -0.557515 70.2467 -0.0383365 0.125163 -0.133932 -0.0387128 69.0474 0.0538945 0.0295796 -0.118038 -0.126726 67.8458 -0.00773197 -0.00251642 0.000579158 -0.00750384 0.945481 -0.000515988 0.00168463 -0.00180264 -0.000521052 0.929339 0.00072539 0.000398125 -0.00158872 -0.00170567 0.913166
27 0.049785 71.5995 -0.448701 -0.145886 0.030276 -0.433507 67.55 -0.0349393 -0.044496 -0.0972866 -0.101219 66.3538 0.221126 -0.0100074 0.0651747 -0.293544 65.1684 -0.00626682 -0.00203753 0.000422852 -0.00605461 0.943442 -0.000487983 -0.000621457 -0.00135876 -0.00141369 0.926735 0.00308838 -0.000139769 0.000910267 -0.0040998 0.910179
28 0.0514827 68.0547 -0.0641504 -0.0846465 -0.0391743 -0.0490997 63.9735 -0.00683372 -0.0755438 -0.0682142 -0.0889695 62.7241 0.446901 -0.0715726 0.115773 -0.498534 61.536 -0.00094263 -0.0012438 -0.000575629 -0.000721473 0.94003 -0.000100415 -0.00111005 -0.00100234 -0.00130732 0.921671 0.00656679 -0.00105169 0.00170118 -0.00732549 0.904213
29 0.0531646 64.8532 0.239952 -0.0415223 -0.0765364 0.263758 60.7285 0.0499013 0.00738358 -0.0390047 -0.103351 59.4249 0.161676 -0.0803854 0.0416083 -0.200545 58.2326 0.00369992 -0.00064025 -0.00118015 0.004067 0.9364 0.00076945 0.000113851 -0.00060143 -0.00159361 0.916299 0.00249295 -0.0012395 0.000641577 -0.00309229 0.897914
30 0.0548304 62.5376 0.256827 -0.018091 -0.0117173 0.274406 58.3971 0.0533402 0.0319531 -0.0103705 -0.0824831 57.1216 -0.157599 -0.0238651 0.0148247 0.114966 55.9535 0.00410675 -0.000289282 -0.000187364 0.00438785 0.933792 0.00085293 0.000510943 -0.000165828 -0.00131894 0.913395 -0.00252007 -0.000381611 0.000237053 0.00183834 0.894717
31 0.0564795 59.9406 0.217553 -0.024843 0.0424643 0.231072 55.8027 0.00425393 0.0185658 -0.00342316 0.00698352 54.5422 0.0547996 0.0154715 0.0113874 -0.0848313 53.4007 0.00362948 -0.000414461 0.000708439 0.00385502 0.930967 7.09691e-05 0.000309737 -5.71093e-05 0.000116507 0.909939 0.000914232 0.000258114 0.000189978 -0.00141526 0.890895
32 0.0581114 56.7027 0.511274 -0.0505497 -0.0464321 0.538252 52.5607 0.00893383 0.0724654 -0.0234851 0.0345131 51.2261 0.323504 -0.0592635 -0.0333323 -0.315999 50.099 0.00901674 -0.000891487 -0.00081887 0.00949253 0.926952 0.000157556 0.00127799 -0.00041418 0.000608667 0.903416 0.00570526 -0.00104516 -0.000587844 -0.00557292 0.883538
33 0.0597256 53.873 0.962011 -0.0388178 -0.156368 0.979494 49.7318 0.066489 0.115268 -0.0367084 -0.0232366 48.3127 0.0482891 -0.162263 -0.0481485 -0.0202059 47.2143 0.017857 -0.000720543 -0.00290252 0.0181815 0.923131 0.00123418 0.00213963 -0.000681388 -0.000431322 0.896788 0.00089635 -0.00301195 -0.000893741 -0.000375065 0.8764
34 0.0613216 51.9273 0.989684 0.00494783 -0.110925 0.96533 47.8031 0.0890628 0.0463413 -0.0217113 -0.0468935 46.3701 -0.328491 -0.128902 -0.0129938 0.338496 45.3059 0.019059 9.52838e-05 -0.00213615 0.01859 0.920577 0.00171514 0.000892427 -0.00041811 -0.00090306 0.892982 -0.00632598 -0.00248236 -0.00025023 0.00651866 0.872487
35 0.0628989 49.8438 0.796526 0.013512 0.0106819 0.752543 45.7301 0.0645473 -0.032977 -0.0101478 -0.0175298 44.2998 -0.107364 -0.00613932 -0.00558765 0.0978487 43.2476 0.0159804 0.000271086 0.000214307 0.015098 0.917469 0.00129499 -0.000661607 -0.000203593 -0.000351695 0.888774 -0.00215401 -0.000123171 -0.000112103 0.00196311 0.867663
36 0.064457 46.9363 0.999777 -0.000914813 0.0404865 0.978008 42.8089 0.0240911 -0.0089001 0.00219261 0.00384799 41.3085 0.222607 0.0485092 -0.0324856 -0.219833 40.2566 0.0213007 -1.94905e-05 0.000862583 0.0208369 0.912064 0.000513273 -0.000189621 4.67146e-05 8.19832e-05 0.880097 0.00474275 0.00103351 -0.000692121 -0.00468363 0.857686
37 0.0659956 44.2983 1.2907 0.0236995 -0.0180263 1.29034 40.1515 -0.0203409 0.0672321 0.0524258 0.0252715 38.5783 -0.0907214 0.0223846 -0.0517736 0.115913 37.5348 0.0291365 0.000534998 -0.000406931 0.0291285 0.906389 -0.000459181 0.00151771 0.00118347 0.000570485 0.870877 -0.00204797 0.000505315 -0.00116875 0.00261665 0.847319
38 0.067514 42.69 1.13134 0.0630336 -0.0468898 1.11938 38.545 -0.0560274 0.109549 0.0871302 0.060809 36.9955 -0.470179 0.00175787 -0.0718517 0.493317 35.9775 0.0265012 0.00147654 -0.00109838 0.0262211 0.902905 -0.00131242 0.00256615 0.002041 0.00142443 0.866609 -0.0110138 4.11776e-05 -0.0016831 0.0115558 0.842762
39 0.0690118 41.0289 0.948896 0.0533802 -0.00695731 0.906236 36.9026 -0.0784221 0.107815 0.0528182 0.0680591 35.3908 -0.205115 0.0200017 -0.0961423 0.204601 34.4136 0.0231275 0.00130104 -0.000169571 0.0220878 0.899429 -0.00191139 0.00262778 0.00128734 0.00165881 0.862583 -0.0049993 0.000487503 -0.00234328 0.00498677 0.838766
40 0.10628 38.6216 1.22675 0.0174863 0.00191517 1.16819 34.5112 -0.0844515 0.0901091 0.0228538 0.0280572 32.9521 0.119387 0.024278 -0.0857966 -0.141678 31.9985 0.0317634 0.000452759 4.95881e-05 0.030247 0.893571 -0.00218664 0.00233313 0.000591735 0.000726462 0.853202 0.00309119 0.000628611 -0.00222147 -0.00366836 0.828513
42 0.146749 34.8231 1.29646 0.0869353 -0.0936453 1.27878 30.7028 -0.0298656 0.0664337 0.102425 -0.0331131 29.0065 -0.594144 -0.0532033 0.0384395 0.551156 28.0343 0.0372298 0.00249648 -0.00268917 0.0367221 0.88168 -0.000857639 0.00190775 0.00294128 -0.000950894 0.832966 -0.0170618 -0.00152781 0.00110385 0.0158273 0.805048
44 0.152348 31.8927 0.97896 0.0628351 -0.0234466 0.974057 27.7174 -0.0346069 0.110196 0.100326 0.0177306 26.0397 -0.184571 -0.0013883 -0.00978291 0.219365 25.1042 0.0306954 0.0019702 -0.000735169 0.0305417 0.869081 -0.0010851 0.00345521 0.00314573 0.000555945 0.816476 -0.00578725 -4.35302e-05 -0.000306744 0.00687821 0.787144
46 0.157761 28.1549 1.21057 0.0164774 -0.025998 1.20933 24.0694 0.0264188 0.0216032 0.0406477 -0.0231894 22.2415 -0.116078 0.027239 0.0523162 0.182047 21.3802 0.0429968 0.000585239 -0.000923391 0.0429528 0.854891 0.000938338 0.000767297 0.00144371 -0.000823636 0.789967 -0.00412282 0.000967469 0.00185815 0.0064659 0.759375
48 0.162982 25.989 1.01564 -0.0260597 0.0415245 1.01611 21.855 -0.00679831 0.0433416 0.0395033 0.0194086 20.0441 -0.330586 0.00599699 0.00783862 0.348728 19.1886 0.0390794 -0.00100272 0.00159777 0.0390977 0.840931 -0.000261584 0.00166769 0.00152 0.000746801 0.771252 -0.0127202 0.000230751 0.000301613 0.0134183 0.738334
50 0.168004 23.4163 1.04783 -0.117994 -0.0607435 1.04742 19.2425 -0.0482669 -0.0110504 -0.116208 0.0207033 17.3579 -0.270687 -0.043822 0.0969908 0.227354 16.4946 0.0447482 -0.00503897 -0.00259407 0.0447304 0.821759 -0.00206126 -0.00047191 -0.00496269 0.000884143 0.741275 -0.0115598 -0.00187144 0.00414203 0.00970924 0.704409
52 0.172821 21.3765 0.941159 -0.0184939 -0.0160368 0.93808 17.1834 -0.0328443 -0.00382429 0.0232065 -0.00537433 15.2164 -0.509497 -0.0148997 0.0525939 0.463346 14.356 0.0440277 -0.000865152 -0.000750205 0.0438837 0.803845 -0.00153647 -0.000178901 0.00108561 -0.000251413 0.711828 -0.0238344 -0.000697011 0.00246036 0.0216755 0.67158
54 0.177428 19.617 0.807333 -0.024626 0.00559718 0.802655 15.4062 -0.00107328 0.0276094 0.0153733 0.0911761 13.4134 -0.387317 0.00854763 0.0481023 0.400676 12.596 0.0411548 -0.00125534 0.000285324 0.0409164 0.78535 -5.47118e-05 0.00140742 0.000783676 0.00464782 0.683767 -0.019744 0.000435726 0.00245208 0.020425 0.642099
56 0.181819 17.9627 0.693289 0.0539563 -0.0193196 0.707723 13.6876 0.0606 0.0714402 0.0841012 0.0115161 11.6061 -0.569309 0.0352736 0.00190709 0.617501 10.8055 0.038596 0.00300379 -0.00107554 0.0393995 0.761998 0.00337365 0.00397714 0.00468198 0.000641113 0.646124 -0.0316939 0.00196371 0.000106169 0.0343768 0.601552
58 0.185988 16.6266 0.532367 0.0280663 -0.0101454 0.508138 12.3965 0.0953777 0.079277 0.0852289 -0.0277644 10.2724 -0.489173 0.00755921 0.00701066 0.494499 9.48471 0.0320189 0.00168803 -0.000610187 0.0305617 0.745582 0.00573644 0.00476807 0.00512605 -0.00166987 0.617826 -0.029421 0.000454645 0.000421652 0.0297414 0.570453
60 0.286303 15.3466 0.5638 0.0247904 -0.0183988 0.560805 11.0432 0.0226126 0.0515265 -0.0207524 0.00190622 8.87176 -0.464389 0.0165213 0.00392484 0.489234 8.10115 0.0367379 0.00161537 -0.00119889 0.0365427 0.719585 0.00147346 0.00335753 -0.00135225 0.000124212 0.578094 -0.0302601 0.00107655 0.000255747 0.0318791 0.52788
64 0.394175 13.0704 0.254269 0.05427 0.00803437 0.285483 8.80455 0.0382951 0.0657631 0.04643 -0.003784 6.51261 -0.646117 -0.0511832 -0.0232857 0.586273 5.75007 0.0194539 0.00415214 0.000614702 0.021842 0.673628 0.00292992 0.00503147 0.00355231 -0.00028951 0.498274 -0.0494338 -0.00391598 -0.00178157 0.0448551 0.439932
68 0.406626 11.3695 -0.00919268 0.0770197 -0.0415373 0.0194832 7.11387 0.0231006 0.0493393 -0.0192793 -0.0452575 4.74195 -0.652344 -0.0605124 -0.0313984 0.657769 4.06636 -0.000808536 0.00677422 -0.00365339 0.00171363 0.625696 0.0020318 0.00433961 -0.0016957 -0.0039806 0.417075 -0.0573765 -0.00532233 -0.00276163 0.0578537 0.357654
72 0.417095 10.2112 -0.221944 0.0328249 0.0500204 -0.218386 5.92404 0.0182359 -0.0260687 0.0698041 -0.0234947 3.31577 -0.713572 0.0247891 -0.00312481 0.693092 2.78473 -0.0217352 0.00321459 0.00489856 -0.0213868 0.580149 0.00178586 -0.00255294 0.006836 -0.00230086 0.324718 -0.069881 0.00242763 -0.000306016 0.0678754 0.272712
76 0.425533 9.41642 -0.419364 -0.00203874 -0.00714922 -0.455287 5.11184 0.0702349 -0.010329 0.0335018 -0.0450415 2.33428 -0.84485 0.0267064 0.0287931 0.843574 1.93181 -0.0445354 -0.000216509 -0.000759229 -0.0483503 0.542864 0.00745877 -0.00109691 0.0035578 -0.0047833 0.247894 -0.089721 0.00283616 0.00305775 0.0895855 0.205154
80 0.431897 8.81968 -0.463723 -1.81376e-05 0.0418422 -0.497892 4.48364 0.0139661 0.0053879 -0.00468269 0.0346051 1.56598 -0.915594 0.0239053 -0.00721547 0.957662 1.29462 -0.0525782 -2.0565e-06 0.00474419 -0.0564524 0.508368 0.00158352 0.000610895 -0.000530937 0.00392362 0.177556 -0.103813 0.00271045 -0.000818111 0.108582 0.146788
84 0.436158 8.55668 -0.595382 0.0437783 0.0419635 -0.629391 4.13602 -0.00941377 -0.0359394 0.0237748 -0.00837776 1.09928 -1.04717 0.0286074 -0.0616083 1.01257 1.00744 -0.069581 0.00511628 0.00490418 -0.0735556 0.483367 -0.00110017 -0.00420016 0.00277851 -0.00097909 0.12847 -0.122381 0.00334328 -0.00720003 0.118336 0.117738
88 0.328636 8.51138 -0.655287 0.0241413 0.0346052 -0.674568 3.95933 0.0155241 -0.0333453 0.0422769 0.0316354 0.686373 -1.20267 0.0350678 0.00114847 1.22751 0.774965 -0.0769895 0.00283635 0.00406576 -0.0792548 0.465181 0.00182393 -0.00391774 0.0049671 0.00371683 0.0806418 -0.141301 0.0041201 0.000134933 0.14422 0.0910505
90 0.219313 8.54052 -0.628142 0.015635 0.0301634 -0.642581 3.93464 -0.0640263 0.000849026 0.0383966 -0.00788497 0.586711 -1.30495 0.0294706 0.00152516 1.28171 0.772343 -0.0735484 0.00183069 0.0035318 -0.0752392 0.460703 -0.00749677 9.94116e-05 0.00449582 -0.000923243 0.0686973 -0.152795 0.00345068 0.000178579 0.150074 0.0904328
92 0.328636 8.51126 -0.667311 0.0323343 0.00224006 -0.645631 3.90592 -0.0121052 -0.0579684 0.0338477 -0.0406652 0.435757 -1.41146 -0.0367278 -0.015454 1.39005 0.825179 -0.0784033 0.00379901 0.000263188 -0.0758561 0.458912 -0.00142226 -0.00681079 0.00397681 -0.00477781 0.0511977 -0.165835 -0.0043152 -0.00181571 0.163319 0.0969514
96 0.436158 8.83111 -0.717679 -0.017799 0.0609497 -0.753015 4.04172 0.0275418 -0.0605913 -0.0402365 -0.0224086 0.212791 -1.56222 0.00211853 -0.0643723 1.59849 0.894126 -0.081267 -0.00201548 0.0069017 -0.0852685 0.457668 0.00311873 -0.00686112 -0.00455622 -0.00253746 0.0240956 -0.1769 0.000239894 -0.00728926 0.181007 0.101247
100 0.431897 9.22745 -0.709194 0.0541281 -0.0253214 -0.68886 4.18741 0.0151481 -0.0641004 -0.0169044 -0.051406 0.0212614 -1.87742 0.00621388 -0.0470236 1.85749 1.05852 -0.076857 0.00586599 -0.00274414 -0.0746534 0.453799 0.00164163 -0.00694671 -0.00183197 -0.00557099 0.00230415 -0.20346 0.000673412 -0.00509605 0.201301 0.114714
104 0.425533 9.75062 -0.790641 0.0142078 0.0362714 -0.759632 4.51961 -0.0478513 -0.0676191 -0.0523982 0.03713 -0.0982975 -2.11353 0.0387184 -0.0731264 2.08643 1.32201 -0.0810862 0.00145712 0.0037199 -0.077906 0.46352 -0.00490752 -0.00693485 -0.00537383 0.00380796 -0.0100812 -0.216758 0.00397086 -0.00749966 0.213979 0.135582
108 0.417095 10.2011 -0.856379 -0.0430503 0.0579619 -0.824497 4.66259 0.00643552 -0.0926883 -0.00299101 0.0117986 -0.244403 -2.23364 0.0485297 -0.0724592 2.3195 1.62518 -0.0839494 -0.00422015 0.00568191 -0.080824 0.457065 0.000630863 -0.00908607 -0.000293204 0.0011566 -0.0239584 -0.21896 0.00475728 -0.00710305 0.227376 0.159314
112 0.406626 10.7876 -0.845448 -0.0200497 -0.00571368 -0.876351 4.81203 0.0901022 -0.0828009 -0.0126352 -0.100613 -0.518212 -2.53456 -0.0178179 -0.137288 2.49797 1.98372 -0.0783724 -0.00185859 -0.000529654 -0.081237 0.446071 0.0083524 -0.00767557 -0.00117127 -0.00932672 -0.0480379 -0.234952 -0.0016517 -0.0127264 0.23156 0.183889
116 0.394175 11.4157 -0.872613 0.0563078 0.0724843 -0.917267 4.92557 -0.0221877 -0.0708684 -0.0486746 -0.0486179 -0.899833 -2.49383 0.0207256 -0.115743 2.47732 2.25001 -0.0764396 0.00493248 0.00634952 -0.0803513 0.431473 -0.00194361 -0.00620797 -0.00426382 -0.00425886 -0.0788241 -0.218456 0.00181553 -0.0101389 0.21701 0.197097
120 0.379804 12.0194 -0.768075 -0.0261847 -0.0214643 -0.741398 4.99565 0.0336643 -0.140579 0.0226579 -0.0673346 -1.41711 -2.56455 -0.0442597 -0.199256 2.58255 2.40391 -0.0639027 -0.00217853 -0.0017858 -0.0616833 0.415631 0.00280082 -0.0116959 0.0018851 -0.00560215 -0.117902 -0.213367 -0.00368234 -0.0165778 0.214864 0.200002
124 0.363583 12.4095 -0.79708 0.0769035 0.0461317 -0.828512 5.05165 -0.0616133 -0.167271 -0.0780494 0.0141574 -1.88969 -2.50888 -0.0232212 -0.151854 2.5056 2.40231 -0.0642315 0.00619715 0.00371746 -0.0667644 0.407079 -0.00496501 -0.0134793 -0.00628949 0.00114085 -0.152277 -0.202174 -0.00187125 -0.0122369 0.20191 0.193587
128 0.34559 12.8323 -0.749734 0.0292523 -0.0935206 -0.746733 5.21786 -0.147134 -0.0916606 -0.111894 0.195488 -2.4409 -2.29563 -0.0347542 -0.064297 2.33066 2.28748 -0.0584254 0.00227958 -0.00728789 -0.0581915 0.406618 -0.0114659 -0.00714294 -0.00871972 0.015234 -0.190215 -0.178894 -0.00270833 -0.00501055 0.181624 0.178259
132 0.325914 13.2438 -0.67351 0.0298686 0.0133991 -0.694698 5.22628 -0.154353 -0.0451235 -0.0759714 0.12455 -2.9182 -2.02812 -0.018042 -0.0480274 2.08946 2.25439 -0.0508549 0.0022553 0.00101173 -0.0524547 0.394622 -0.0116548 -0.00340715 -0.00573639 0.0094044 -0.220345 -0.153138 -0.0013623 -0.00362642 0.15777 0.170223
136 0.304649 13.7258 -0.647302 -0.0684965 0.0358577 -0.668435 5.33114 -0.165999 0.0341973 0.024728 0.258468 -3.53715 -1.88697 0.0460612 0.0138675 1.8781 2.15704 -0.0471596 -0.00499035 0.00261243 -0.0486992 0.388404 -0.0120939 0.00249146 0.00180157 0.0188309 -0.257701 -0.137476 0.00335582 0.00101033 0.13683 0.157152
140 0.281901 14.1233 -0.602007 -0.0301355 -0.109109 -0.609296 5.45821 0.0166528 0.0618409 0.0525836 0.0383432 -4.22595 -1.49014 -0.0176813 0.0524674 1.46868 1.83556 -0.0426249 -0.00213373 -0.0077254 -0.043141 0.386467 0.00117909 0.00437863 0.00372317 0.00271488 -0.299218 -0.105509 -0.00125192 0.00371494 0.103989 0.129967
144 0.257779 14.7061 -0.593436 -0.0829677 -0.126936 -0.590562 5.65164 -0.0262335 -0.103189 0.0979354 0.0406696 -5.11347 -1.35637 -0.123424 -0.145557 1.33335 1.40896 -0.0403531 -0.00564173 -0.00863155 -0.0401576 0.384306 -0.00178385 -0.00701676 0.00665952 0.00276549 -0.347711 -0.0922318 -0.0083927 -0.00989776 0.0906667 0.0958077
148 0.232401 15.4317 -0.469246 0.0185858 -0.0401698 -0.464688 6.24425 -0.0608196 0.0421095 0.0145006 0.0671475 -5.79417 -1.18076 -0.0394766 0.0300464 1.17874 0.977257 -0.030408 0.0012044 -0.00260308 -0.0301126 0.404639 -0.00394122 0.00272877 0.000939668 0.00435128 -0.375473 -0.0765154 -0.00255816 0.00194706 0.0763845 0.063328
152 0.205891 15.9908 -0.455287 -0.0214882 0.0335353 -0.44655 6.56149 0.014237 0.0867584 0.0699078 0.0442196 -6.39207 -0.780259 -0.0576094 0.108927 0.832382 0.773072 -0.0284719 -0.00134379 0.00209717 -0.0279255 0.41033 0.000890327 0.00542553 0.00437176 0.00276532 -0.399735 -0.0487943 -0.00360266 0.00681187 0.0520539 0.0483449
156 0.178378 16.5244 -0.347733 -0.0984967 -0.0204988 -0.361778 7.12258 0.0647582 0.206636 0.0660825 -0.083556 -6.89824 -0.637696 -0.0277766 0.208875 0.592395 0.211219 -0.0210436 -0.00596068 -0.00124051 -0.0218935 0.431034 0.00391894 0.0125049 0.00399909 -0.00505652 -0.417458 -0.0385912 -0.00168095 0.0126404 0.0358497 0.0127822
160 0.0971232 17.1664 -0.179344 -0.148716 -0.111067 -0.196006 7.41362 0.110679 0.044203 0.122908 -0.19239 -7.45537 -0.305217 -0.0832104 0.0957273 0.191347 0.0744423 -0.0104474 -0.0086632 -0.00647003 -0.011418 0.431867 0.00644743 0.00257497 0.00715978 -0.0112073 -0.434299 -0.0177799 -0.00484727 0.00557642 0.0111466 0.0043365
161 0.0357021 17.2788 -0.221635 -0.0656371 -0.0593459 -0.21893 7.55432 0.171005 0.0287967 0.0426491 -0.224619 -7.55994 -0.408579 -0.0216059 0.0486114 0.269048 -0.0319371 -0.012827 -0.00379871 -0.00343461 -0.0126705 0.437202 0.00989683 0.00166659 0.00246829 -0.0129997 -0.437527 -0.0236463 -0.00125043 0.00281335 0.015571 -0.00184834
162 0.0338871 17.3921 -0.180295 -0.00130471 -0.00367339 -0.189422 7.71233 0.160377 0.109923 -0.0370742 -0.16526 -7.70059 -0.504774 0.0260061 0.0814205 0.461605 -0.2032 -0.0103665 -7.50172e-05 -0.00021121 -0.0108913 0.443439 0.00922125 0.0063203 -0.00213167 -0.00950206 -0.442765 -0.0290232 0.00149528 0.00468147 0.0265411 -0.0116835
163 0.0320617 17.4585 -0.0410273 0.0341744 -0.0469433 -0.1077 7.84286 0.123912 0.128522 -0.0567691 -0.183992 -7.7509 -0.528517 0.0191584 0.110789 0.593161 -0.302503 -0.00235 0.00195747 -0.00268886 -0.00616892 0.44923 0.00709752 0.00736158 -0.00325167 -0.0105389 -0.443962 -0.0302728 0.00109737 0.00634585 0.0339756 -0.017327
164 0.0302266 17.4339 -0.0128909 0.0359462 -0.106032 -0.0868395 7.85462 0.120938 0.0265039 -0.00612699 -0.289877 -7.73924 -0.427023 -0.0326845 0.0423877 0.500187 -0.329221 -0.000739413 0.00206185 -0.00608192 -0.00498106 0.450537 0.00693692 0.00152025 -0.000351441 -0.0166272 -0.443918 -0.0244938 -0.00187476 0.00243133 0.0286904 -0.0188839
165 0.0283823 17.4985 -0.161586 0.000544907 -0.0705922 -0.1791 7.90026 0.110044 -0.0503694 0.0444253 -0.275977 -7.85966 -0.284519 -0.109149 -0.0257238 0.295045 -0.432954 -0.00923429 3.11402e-05 -0.00403419 -0.0102352 0.451483 0.0062888 -0.0028785 0.00253881 -0.0157715 -0.449163 -0.0162596 -0.00623761 -0.00147006 0.0168612 -0.0247424
166 0.0265294 17.7967 -0.299582 -0.00253552 -0.00522284 -0.283337 8.20833 0.0843828 -0.0702883 0.0333247 -0.14039 -8.12679 -0.228833 -0.151775 -0.0373393 0.219448 -0.675984 -0.0168335 -0.000142471 -0.000293472 -0.0159207 0.461227 0.00474147 -0.0039495 0.00187252 -0.00788853 -0.456645 -0.0128581 -0.00852824 -0.0020981 0.0123308 -0.0379836
167 0.0246683 18.1448 -0.326763 0.0597555 0.0041687 -0.307728 8.62057 0.0741712 -0.140975 -0.0132683 -0.0921746 -8.34478 -0.226521 -0.070305 -0.0731087 0.272985 -0.933963 -0.0180087 0.00329326 0.000229747 -0.0169596 0.475099 0.00408775 -0.00776945 -0.000731246 -0.00507996 -0.4599 -0.0124841 -0.00387467 -0.00402919 0.0150448 -0.0514728
168 0.0172754 18.2356 -0.329111 0.110474 -0.00603375 -0.325199 8.76077 0.0209482 -0.206645 -0.0389382 -0.11244 -8.39125 -0.131081 0.0834574 -0.0991206 0.235527 -1.04635 -0.0180477 0.00605815 -0.000330877 -0.0178332 0.480421 0.00114875 -0.0113319 -0.00213529 -0.00616598 -0.460158 -0.0071882 0.00457662 -0.00543556 0.0129158 -0.0573796
168.5 0.0109315 18.1851 -0.32895 0.112318 0.000987484 -0.345996 8.7171 -0.0283503 -0.190869 -0.0477645 -0.0878839 -8.36593 -0.0403959 0.128131 -0.0836981 0.152661 -1.02995 -0.0180889 0.00617634 5.43017e-05 -0.0190263 0.479353 -0.00155898 -0.0104959 -0.00262657 -0.00483273 -0.460042 -0.00222137 0.0070459 -0.00460255 0.0083948 -0.056637
169 0.0104622 18.1352 -0.311013 0.0977233 0.017029 -0.350572 8.66173 -0.0727945 -0.141834 -0.0620146 -0.0322365 -8.33785 0.0500529 0.129314 -0.0588004 0.0532054 -0.984525 -0.0171496 0.00538859 0.000939004 -0.019331 0.477619 -0.00401399 -0.0078209 -0.00341957 -0.00177756 -0.45976 0.00275998 0.00713057 -0.00324233 0.00293382 -0.054288
169.5 0.00999215 18.145 -0.26306 0.0664883 0.0356181 -0.310005 8.65403 -0.0927461 -0.0790652 -0.0793395 0.0352534 -8.33684 0.108702 0.091391 -0.0408099 -0.0287689 -0.945008 -0.0144977 0.00366427 0.00196297 -0.0170849 0.476937 -0.00511138 -0.0043574 -0.00437252 0.00194287 -0.459456 0.00599071 0.0050367 -0.00224909 -0.0015855 -0.0520808
170 0.0095213 18.2502 -0.184146 0.017133 0.0467894 -0.20705 8.73138 -0.0790294 -0.0254287 -0.0865371 0.0891472 -8.38959 0.110973 0.0334051 -0.0378633 -0.0644082 -0.952168 -0.0100901 0.000938781 0.00256377 -0.0113451 0.478426 -0.00433032 -0.00139334 -0.0047417 0.00488472 -0.459698 0.00608065 0.00183039 -0.00207467 -0.00352917 -0.052173
170.5 0.00904972 18.4466 -0.0861333 -0.049486 0.0408408 -0.0493074 8.8959 -0.0382054 0.00626432 -0.0665113 0.11368 -8.50797 0.0497645 -0.0211468 -0.0426123 -0.0415081 -1.03475 -0.00466933 -0.00268266 0.002214 -0.00267298 0.482252 -0.00207114 0.000339592 -0.00360561 0.00616264 -0.461222 0.00269776 -0.00114638 -0.00231003 -0.00225018 -0.0560946
171 0.00857745 18.6909 0.0109741 -0.126013 0.0132001 0.129676 9.11544 0.0120369 0.0195648 -0.0111945 0.110067 -8.68048 -0.0585797 -0.0554692 -0.0371976 0.0286852 -1.19347 0.000587135 -0.00674197 0.000706233 0.00693795 0.487694 0.000644 0.00104676 -0.000598928 0.00588883 -0.464423 -0.00313413 -0.00296772 -0.00199015 0.00153472 -0.063853
171.5 0.00810453 18.9164 0.0853131 -0.198266 -0.0313996 0.281378 9.33425 0.0532718 0.0308966 0.068923 0.0919288 -8.87417 -0.174104 -0.0653681 -0.00579911 0.110213 -1.39722 0.00451001 -0.0104812 -0.00165992 0.0148748 0.493447 0.00281617 0.00163332 0.00364356 0.00485974 -0.469125 -0.00920387 -0.00345563 -0.000306565 0.0058263 -0.0738627
172 0.00763099 19.0589 0.118223 -0.249502 -0.0780636 0.3599 9.49029 0.0752781 0.0598521 0.146723 0.0741084 -9.04808 -0.242847 -0.0570994 0.0553303 0.15123 -1.59437 0.00620306 -0.0130911 -0.00409592 0.0188836 0.497945 0.00394976 0.00314037 0.0076984 0.00388839 -0.474743 -0.0127419 -0.00299595 0.00290312 0.00793486 -0.0836547
172.5 0.00715688 19.0866 0.0991882 -0.266299 -0.105968 0.339695 9.54025 0.0787328 0.119624 0.191814 0.0637998 -9.16975 -0.220105 -0.0395208 0.137093 0.10783 -1.7317 0.00519674 -0.0139521 -0.00555196 0.0177975 0.49984 0.00412503 0.00626745 0.0100496 0.00334265 -0.480429 -0.0115319 -0.00207061 0.00718268 0.00564949 -0.0907283
173 0.00668221 19.0241 0.0324634 -0.242808 -0.0970771 0.227971 9.48862 0.0718389 0.212057 0.186774 0.0595534 -9.22222 -0.101325 -0.0167242 0.224487 -0.0232428 -1.77079 0.00170643 -0.0127632 -0.00510284 0.0119832 0.498767 0.0037762 0.0111467 0.00981776 0.00313041 -0.484764 -0.00532614 -0.000879104 0.0118001 -0.00122175 -0.0930813
173.5 0.00620704 18.9492 -0.0572203 -0.182674 -0.0460542 0.0669347 9.40361 0.0644239 0.327656 0.135851 0.0568785 -9.19515 0.061303 0.0130457 0.304093 -0.186681 -1.69819 -0.00301967 -0.00964021 -0.00243041 0.00353233 0.496254 0.00339983 0.0172913 0.00716924 0.00300163 -0.485253 0.00323513 0.000688456 0.0160478 -0.00985165 -0.0896183
174 0.0057314 18.9455 -0.127346 -0.0996571 0.0335661 -0.0781373 9.39557 0.0630475 0.448094 0.0616178 0.0543428 -9.06878 0.182832 0.0513994 0.366374 -0.29381 -1.53335 -0.00672172 -0.0052602 0.00177172 -0.00412432 0.495926 0.00332784 0.0236517 0.00325237 0.00286837 -0.478677 0.00965042 0.00271301 0.0193383 -0.0155082 -0.0809349
174.5 0.00525531 19.0253 -0.134249 -0.0167578 0.111501 -0.144545 9.55212 0.0686954 0.54915 -0.006435 0.0547341 -8.80988 0.213264 0.0923673 0.403243 -0.294058 -1.33661 -0.00705631 -0.000880814 0.00586064 -0.00759753 0.502074 0.00361074 0.0288642 -0.000338233 0.00287691 -0.463061 0.0112095 0.00485497 0.0211951 -0.0154561 -0.0702541
175 0.00477883 19.0778 -0.0588104 0.0384009 0.152792 -0.102428 9.86386 0.0770088 0.604446 -0.0435022 0.0608489 -8.39577 0.209336 0.121693 0.406017 -0.250274 -1.20752 -0.00308266 0.00201286 0.0080089 -0.00536898 0.517033 0.00403657 0.0316832 -0.00228025 0.00318951 -0.440081 0.0109728 0.00637878 0.0212822 -0.0131186 -0.0632943
175.5 0.00430199 18.9152 0.0750487 0.0432911 0.136522 0.0268371 10.2035 0.0805516 0.591815 -0.0361647 0.0703981 -7.86218 0.343757 0.126627 0.367963 -0.347642 -1.256 0.00396765 0.00228869 0.00721757 0.00141881 0.539434 0.00425857 0.0312878 -0.00191194 0.00372178 -0.415654 0.0181736 0.00669447 0.0194533 -0.018379 -0.0664017
176 0.00382481 18.437 0.206127 -0.00781796 0.072764 0.178399 10.4019 0.0725347 0.502488 0.0154871 0.0753199 -7.34694 0.810799 0.111118 0.290408 -0.793884 -1.54072 0.0111801 -0.000424037 0.00394663 0.00967615 0.564184 0.00393419 0.0272543 0.000839999 0.00408526 -0.398489 0.0439767 0.00602691 0.0157514 -0.0430593 -0.0835667
176.5 0.00334735 17.8306 0.268397 -0.0973983 0.00751249 0.277792 10.3932 0.0507858 0.349444 0.097678 0.0669317 -7.09099 1.66404 0.104829 0.18704 -1.64939 -2.00038 0.0150527 -0.00546244 0.000421327 0.0155796 0.582889 0.00284825 0.019598 0.00547813 0.00375377 -0.397687 0.093325 0.00587916 0.0104899 -0.0925035 -0.112189
177 0.00286963 17.6458 0.231693 -0.189578 0.0091549 0.282371 10.3282 0.0199328 0.168596 0.18449 0.0431195 -7.37343 2.69739 0.156232 0.0816039 -2.70362 -2.42999 0.0131302 -0.0107435 0.000518814 0.0160021 0.585307 0.0011296 0.00955443 0.0104551 0.0024436 -0.417857 0.152863 0.00885379 0.00462454 -0.153216 -0.137709
177.5 0.00239169 18.6139 0.122022 -0.24582 0.139097 0.203697 10.5446 -0.0100043 0.00845654 0.243976 0.011544 -8.39356 3.48438 0.309885 -0.00100714 -3.51637 -2.54541 0.00655544 -0.0132063 0.00747273 0.0109433 0.566493 -0.000537467 0.000454314 0.0131072 0.000620184 -0.45093 0.187192 0.0166481 -5.4107e-05 -0.188911 -0.136748
178 0.00191357 21.2337 0.00456707 -0.243302 0.418796 0.0953166 11.3713 -0.0285423 -0.0895287 0.250497 -0.0143838 -10.1492 3.59673 0.579053 -0.045286 -3.64418 -2.12825 0.000215086 -0.0114583 0.0197232 0.00448893 0.535533 -0.0013442 -0.00421635 0.0117972 -0.000677405 -0.477975 0.169388 0.0272705 -0.00213274 -0.171623 -0.10023
178.5 0.00143531 25.3443 -0.0604842 -0.185754 0.809822 0.014493 12.8709 -0.0306224 -0.11052 0.199044 -0.0243308 -12.3749 2.88657 0.929344 -0.0511712 -2.93129 -1.17764 -0.0023865 -0.00732921 0.0319528 0.000571843 0.507842 -0.00120826 -0.00436073 0.00785361 -0.00096001 -0.488271 0.113894 0.0366687 -0.00201904 -0.115659 -0.0464658
179 0.000956932 29.9775 -0.0574409 -0.101167 1.21908 -0.0142909 14.7011 -0.01974 -0.0739262 0.112208 -0.0181748 -14.5844 1.6406 1.2837 -0.0325745 -1.66811 0.0316553 -0.00191613 -0.00337475 0.0406665 -0.00047672 0.490403 -0.000658493 -0.00246605 0.00374308 -0.00060628 -0.48651 0.0547276 0.0428222 -0.00108663 -0.0556454 0.00105597
179.5 0.000478484 33.6606 -0.020289 -0.0284194 1.52974 -0.00775607 16.2217 -0.00598943 -0.0228836 0.0322563 -0.00587755 -16.2136 0.473958 1.54795 -0.00979944 -0.482209 1.0443 -0.000602751 -0.000844292 0.0454461 -0.00023042 0.481918 -0.000177936 -0.000679832 0.00095828 -0.000174612 -0.481678 0.0140805 0.0459871 -0.000291125 -0.0143256 0.0310245
180 5.98114e-05 35.0659 -1.07195e-17 5.0209e-16 1.64566 2.12064e-15 16.8136 7.66576e-05 -3.47128e-15 -2.13342e-16 7.66576e-05 -16.8136 -2.30809e-15 1.64577 -1.18953e-14 4.80062e-15 1.43877 -3.05695e-19 1.43185e-17 0.0469305 6.0476e-17 0.479485 2.1861e-06 -9.8993e-17 -6.08403e-18 2.1861e-06 -0.479485 -6.58214e-17 0.0469337 -3.39228e-16 1.36903e-16 0.0410306
