theta 2pi*dcos S11 S12 S13 S14 S21 S22 S23 S24 S31 S32 S33 S34 S41 S42 S43 S44 S12_norm S13_norm S14_norm S21_norm S22_norm S23_norm S24_norm S31_norm S32_norm S33_norm S34_norm S41_norm S42_norm S43_norm S44_norm
0 2.39246e-06 2.63372e-08 0 0 8.40053e-15 0 2.62761e-08 1.61626e-18 0 0 -1.61626e-18 2.62761e-08 0 8.40015e-15 0 0 2.62149e-08 0 0 3.18961e-07 0 0.997678 6.13679e-11 0 0 -6.13679e-11 0.997678 0 3.18946e-07 0 0 0.995356
0.1 1.91397e-05 2.63372e-08 -3.99465e-14 0 8.39994e-15 -3.99453e-14 2.6276e-08 1.48119e-18 8.41547e-19 0 -1.48119e-18 2.6276e-08 4.81482e-35 8.40017e-15 -2.70129e-19 -9.62965e-35 2.62149e-08 -1.51673e-06 0 3.18938e-07 -1.51669e-06 0.997678 5.62397e-11 3.19528e-11 0 -5.62397e-11 0.997678 1.82815e-27 3.18947e-07 -1.02566e-11 -3.6563e-27 0.995356
0.2 3.82793e-05 2.6337e-08 -1.59782e-13 0 8.39931e-15 -1.59782e-13 2.62759e-08 1.78248e-18 -1.06495e-18 0 -1.78248e-18 2.62759e-08 -1.35064e-19 8.40116e-15 4.04456e-19 5.06268e-19 2.62147e-08 -6.06683e-06 0 3.18916e-07 -6.06683e-06 0.997678 6.76797e-11 -4.04356e-11 0 -6.76797e-11 0.997678 -5.1283e-12 3.18986e-07 1.53569e-11 1.92227e-11 0.995356
0.3 5.74188e-05 2.63368e-08 -3.59509e-13 0 8.39902e-15 -3.59511e-13 2.62757e-08 1.6722e-18 3.0019e-19 0 -1.6722e-18 2.62757e-08 -6.49397e-19 8.39957e-15 1.82798e-19 3.41654e-19 2.62145e-08 -1.36504e-05 0 3.18908e-07 -1.36505e-05 0.997678 6.3493e-11 1.13981e-11 0 -6.3493e-11 0.997678 -2.46574e-11 3.18929e-07 6.94075e-12 1.29725e-11 0.995356
0.4 7.65581e-05 2.63366e-08 -6.39125e-13 0 8.39993e-15 -6.39124e-13 2.62754e-08 2.2779e-18 -2.90286e-19 0 -2.2779e-18 2.62754e-08 -1.48628e-18 8.40004e-15 3.32394e-19 7.88636e-19 2.62143e-08 -2.42676e-05 0 3.18945e-07 -2.42676e-05 0.997678 8.64918e-11 -1.10222e-11 0 -8.64918e-11 0.997678 -5.6434e-11 3.1895e-07 1.2621e-11 2.99445e-11 0.995356
0.5 9.56972e-05 2.63362e-08 -9.98624e-13 -1.44445e-34 8.40005e-15 -9.98624e-13 2.6275e-08 2.30588e-18 3.85398e-19 -1.35064e-19 -2.30588e-18 2.6275e-08 -5.68667e-19 8.40028e-15 6.76652e-19 1.19269e-18 2.62139e-08 -3.79183e-05 -5.48465e-27 3.18954e-07 -3.79183e-05 0.997678 8.75554e-11 1.46338e-11 -5.12847e-12 -8.75554e-11 0.997678 -2.15926e-11 3.18963e-07 2.56929e-11 4.52871e-11 0.995356
0.6 0.000114836 2.63358e-08 -1.438e-12 -4.81482e-35 8.39861e-15 -1.438e-12 2.62746e-08 1.99927e-18 -5.61303e-19 -4.81482e-35 -1.99927e-18 2.62746e-08 -1.58116e-18 8.39943e-15 8.26735e-19 1.9975e-18 2.62135e-08 -5.46027e-05 -1.82825e-27 3.18905e-07 -5.46026e-05 0.997678 7.59148e-11 -2.13133e-11 -1.82825e-27 -7.59148e-11 0.997678 -6.00386e-11 3.18936e-07 3.13921e-11 7.58473e-11 0.995356
0.7 0.000133974 2.63352e-08 -1.95725e-12 1.35064e-19 8.39853e-15 -1.95725e-12 2.62741e-08 2.23435e-18 -5.57088e-19 -1.08334e-34 -2.23435e-18 2.62741e-08 -2.80856e-18 8.40053e-15 -1.01367e-18 2.79915e-18 2.62129e-08 -7.43207e-05 5.12865e-12 3.18909e-07 -7.43207e-05 0.997678 8.48426e-11 -2.11537e-11 -4.11364e-27 -8.48426e-11 0.997678 -1.06646e-10 3.18985e-07 -3.84909e-11 1.06289e-10 0.995356
0.8 0.000153112 2.63346e-08 -2.55637e-12 5.70849e-20 8.39821e-15 -2.55637e-12 2.62735e-08 3.20062e-18 -1.67634e-18 7.79794e-20 -3.20062e-18 2.62735e-08 -2.8464e-18 8.39933e-15 -6.40746e-19 2.86049e-18 2.62123e-08 -9.70728e-05 2.16767e-12 3.18904e-07 -9.70727e-05 0.997678 1.21536e-10 -6.36553e-11 2.9611e-12 -1.21536e-10 0.997678 -1.08086e-10 3.18946e-07 -2.43309e-11 1.08621e-10 0.995356
0.9 0.00017225 2.63339e-08 -3.23536e-12 -3.71204e-19 8.39822e-15 -3.23535e-12 2.62728e-08 2.92183e-18 4.19029e-19 1.20371e-34 -2.92183e-18 2.62728e-08 -3.99554e-18 8.39965e-15 6.69645e-19 4.10802e-18 2.62116e-08 -0.000122859 -1.4096e-11 3.18912e-07 -0.000122859 0.997678 1.10953e-10 1.59121e-11 4.57093e-27 -1.10953e-10 0.997678 -1.51726e-10 3.18967e-07 2.5429e-11 1.55997e-10 0.995356
1 0.000191387 2.63332e-08 -3.99419e-12 1.1028e-19 8.39798e-15 -3.99419e-12 2.6272e-08 2.99317e-18 1.44479e-19 4.81482e-34 -2.99317e-18 2.6272e-08 -5.30691e-18 8.39942e-15 1.90931e-20 5.61066e-18 2.62109e-08 -0.000151679 4.18786e-12 3.18913e-07 -0.000151679 0.997678 1.13665e-10 5.48656e-12 1.82843e-26 -1.13665e-10 0.997678 -2.01529e-10 3.18967e-07 7.2506e-13 2.13064e-10 0.995356
1.1 0.000210523 2.63323e-08 -4.83286e-12 -1.88259e-19 8.39796e-15 -4.83286e-12 2.62712e-08 2.79685e-18 -7.01213e-19 1.50645e-19 -2.79685e-18 2.62712e-08 -6.48658e-18 8.39934e-15 -9.89193e-19 8.38762e-18 2.621e-08 -0.000183533 -7.14935e-12 3.18922e-07 -0.000183533 0.997678 1.06213e-10 -2.66294e-11 5.7209e-12 -1.06213e-10 0.997678 -2.46335e-10 3.18974e-07 -3.75657e-11 3.1853e-10 0.995356
1.2 0.000229659 2.63314e-08 -5.75137e-12 2.64815e-34 8.3989e-15 -5.75137e-12 2.62702e-08 1.62894e-18 -1.62625e-18 1.92593e-34 -1.62894e-18 2.62702e-08 -6.79308e-18 8.39835e-15 -1.84489e-18 7.74845e-18 2.62091e-08 -0.000218423 1.0057e-26 3.18969e-07 -0.000218422 0.997678 6.18631e-11 -6.1761e-11 7.3142e-27 -6.18631e-11 0.997678 -2.57984e-10 3.18948e-07 -7.00641e-11 2.94267e-10 0.995356
1.3 0.000248794 2.63304e-08 -6.7497e-12 -2.0773e-19 8.39647e-15 -6.74969e-12 2.62692e-08 2.31871e-18 -4.79891e-19 8.66668e-34 -2.31871e-18 2.62692e-08 -9.20218e-18 8.39863e-15 -9.42547e-19 8.77759e-18 2.62081e-08 -0.000256346 -7.88935e-12 3.18889e-07 -0.000256346 0.997678 8.80619e-11 -1.82257e-11 3.29151e-26 -8.80619e-11 0.997678 -3.49489e-10 3.18971e-07 -3.57969e-11 3.33363e-10 0.995356
1.4 0.000267929 2.63293e-08 -7.82784e-12 1.59849e-19 8.39728e-15 -7.82783e-12 2.62682e-08 2.57757e-18 -6.60785e-19 2.45344e-19 -2.68785e-18 2.62681e-08 -1.05282e-17 8.39843e-15 -1.23603e-18 1.05809e-17 2.6207e-08 -0.000297305 6.07115e-12 3.18933e-07 -0.000297305 0.997677 9.78976e-11 -2.5097e-11 9.31828e-12 -1.02086e-10 0.997677 -3.99865e-10 3.18977e-07 -4.69451e-11 4.01868e-10 0.995356
1.5 0.000287062 2.63281e-08 -8.98577e-12 1.1028e-19 8.39765e-15 -8.98576e-12 2.6267e-08 2.55334e-18 -1.79328e-18 -2.47848e-20 -2.55334e-18 2.6267e-08 -1.14089e-17 8.39679e-15 -1.84527e-18 1.15704e-17 2.62058e-08 -0.000341299 4.18866e-12 3.18961e-07 -0.000341299 0.997677 9.69814e-11 -6.81126e-11 -9.41379e-13 -9.69814e-11 0.997677 -4.33335e-10 3.18928e-07 -7.00873e-11 4.39468e-10 0.995355
1.6 0.000306195 2.63269e-08 -1.02235e-11 -6.62227e-19 8.39677e-15 -1.02235e-11 2.62657e-08 2.81312e-18 -8.26365e-19 -4.03651e-20 -2.81312e-18 2.62657e-08 -1.2933e-17 8.39819e-15 -1.48177e-18 1.29102e-17 2.62046e-08 -0.000388329 -2.5154e-11 3.18943e-07 -0.000388328 0.997677 1.06854e-10 -3.13886e-11 -1.53323e-12 -1.06854e-10 0.997677 -4.91246e-10 3.18997e-07 -5.62834e-11 4.90381e-10 0.995355
1.7 0.000325327 2.63256e-08 -1.1541e-11 -3.00989e-20 8.39688e-15 -1.1541e-11 2.62644e-08 2.82021e-18 7.05179e-20 -1.50645e-19 -2.70993e-18 2.62644e-08 -1.45345e-17 8.39751e-15 -2.65684e-18 1.48096e-17 2.62033e-08 -0.000438394 -1.14334e-12 3.18963e-07 -0.000438394 0.997677 1.07128e-10 2.67868e-12 -5.72237e-12 -1.02939e-10 0.997677 -5.52106e-10 3.18987e-07 -1.00922e-10 5.62555e-10 0.995355
1.8 0.000344457 2.63241e-08 -1.29382e-11 1.50645e-19 8.39663e-15 -1.29382e-11 2.6263e-08 2.04858e-18 -1.64283e-18 2.13044e-19 -2.31871e-18 2.6263e-08 -1.73718e-17 8.39681e-15 -3.46245e-18 1.70023e-17 2.62019e-08 -0.000491495 5.72268e-12 3.18971e-07 -0.000491495 0.997677 7.78212e-11 -6.24076e-11 8.09309e-12 -8.80829e-11 0.997677 -6.59917e-10 3.18978e-07 -1.31531e-10 6.45883e-10 0.995355
1.9 0.000363587 2.63226e-08 -1.44152e-11 2.97115e-19 8.39515e-15 -1.44151e-11 2.62615e-08 2.29648e-18 -2.54747e-18 1.35064e-19 -2.29648e-18 2.62615e-08 -1.78322e-17 8.39735e-15 -4.13549e-18 1.7957e-17 2.62004e-08 -0.000547633 1.12874e-11 3.18933e-07 -0.000547633 0.997677 8.72437e-11 -9.67787e-11 5.13111e-12 -8.72437e-11 0.997677 -6.77447e-10 3.19016e-07 -1.57107e-10 6.82188e-10 0.995355
2 0.000382716 2.63211e-08 -1.59718e-11 -2.21109e-19 8.39587e-15 -1.59718e-11 2.62599e-08 2.94588e-18 -1.54818e-18 6.21112e-33 -2.98625e-18 2.62599e-08 -2.03217e-17 8.39667e-15 -3.7292e-18 1.93535e-17 2.61988e-08 -0.000606808 -8.40044e-12 3.18979e-07 -0.000606807 0.997677 1.11921e-10 -5.88191e-11 2.35975e-25 -1.13455e-10 0.997677 -7.72068e-10 3.19009e-07 -1.41681e-10 7.35286e-10 0.995355
2.1 0.000401843 2.63194e-08 -1.76082e-11 1.02215e-19 8.3947e-15 -1.76082e-11 2.62583e-08 2.18782e-18 -2.25641e-18 2.45344e-19 -2.34377e-18 2.62583e-08 -2.27042e-17 8.39586e-15 -4.55749e-18 2.30438e-17 2.61972e-08 -0.000669019 3.88362e-12 3.18954e-07 -0.000669019 0.997677 8.31255e-11 -8.57318e-11 9.32178e-12 -8.90511e-11 0.997676 -8.6264e-10 3.18999e-07 -1.73161e-10 8.75543e-10 0.995355
2.2 0.000420969 2.63177e-08 -1.93242e-11 -2.35265e-19 8.39505e-15 -1.93242e-11 2.62565e-08 3.00271e-18 -1.54283e-18 1.1028e-19 -3.00271e-18 2.62565e-08 -2.3991e-17 8.39491e-15 -4.11252e-18 2.50035e-17 2.61954e-08 -0.000734268 -8.93943e-12 3.18989e-07 -0.000734268 0.997676 1.14095e-10 -5.86233e-11 4.19032e-12 -1.14095e-10 0.997676 -9.11593e-10 3.18983e-07 -1.56264e-10 9.50065e-10 0.995354
2.3 0.000440094 2.63159e-08 -2.11199e-11 2.11904e-19 8.3935e-15 -2.11199e-11 2.62547e-08 1.86101e-18 -2.44257e-18 2.08945e-20 -1.87128e-18 2.62547e-08 -2.74149e-17 8.39505e-15 -5.54586e-18 2.7893e-17 2.61936e-08 -0.000802555 8.05234e-12 3.18952e-07 -0.000802555 0.997676 7.07183e-11 -9.28172e-11 7.93989e-13 -7.11084e-11 0.997676 -1.04176e-09 3.19011e-07 -2.10742e-10 1.05993e-09 0.995354
2.4 0.000459218 2.6314e-08 -2.29953e-11 4.26087e-19 8.39412e-15 -2.29953e-11 2.62528e-08 2.05247e-18 -3.94704e-18 -3.23323e-19 -2.39137e-18 2.62528e-08 -2.94817e-17 8.39418e-15 -5.7238e-18 2.96893e-17 2.61917e-08 -0.00087388 1.61924e-11 3.18998e-07 -0.00087388 0.997676 7.79991e-11 -1.49998e-10 -1.22871e-11 -9.08783e-11 0.997676 -1.12038e-09 3.19001e-07 -2.17519e-10 1.12827e-09 0.995354
2.5 0.00047834 2.6312e-08 -2.49502e-11 -6.73511e-20 8.39169e-15 -2.49502e-11 2.62509e-08 2.2981e-18 -3.9488e-18 -2.13044e-19 -1.95113e-18 2.62508e-08 -3.15377e-17 8.39437e-15 -5.50437e-18 3.17897e-17 2.61898e-08 -0.000948244 -2.55971e-12 3.1893e-07 -0.000948244 0.997676 8.73402e-11 -1.50076e-10 -8.09682e-12 -7.41535e-11 0.997676 -1.1986e-09 3.19032e-07 -2.09196e-10 1.20818e-09 0.995354
2.6 0.000497461 2.631e-08 -2.69847e-11 -3.01289e-19 8.3929e-15 -2.69847e-11 2.62488e-08 2.75506e-18 -3.92176e-18 -2.13044e-19 -2.83304e-18 2.62488e-08 -3.54099e-17 8.39427e-15 -7.42048e-18 3.42686e-17 2.61877e-08 -0.00102565 -1.14515e-11 3.19001e-07 -0.00102565 0.997676 1.04715e-10 -1.4906e-10 -8.09746e-12 -1.07679e-10 0.997675 -1.34587e-09 3.19053e-07 -2.82041e-10 1.3025e-09 0.995353
2.7 0.00051658 2.63078e-08 -2.90988e-11 -9.96512e-20 8.39229e-15 -2.90988e-11 2.62467e-08 3.06653e-18 -4.50794e-18 8.06498e-21 -3.45112e-18 2.62467e-08 -3.86413e-17 8.39289e-15 -7.53986e-18 3.72841e-17 2.61856e-08 -0.00110609 -3.78789e-12 3.19003e-07 -0.00110609 0.997676 1.16564e-10 -1.71354e-10 3.06562e-13 -1.31182e-10 0.997675 -1.46881e-09 3.19026e-07 -2.86601e-10 1.41723e-09 0.995353
2.8 0.000535698 2.63056e-08 -3.12924e-11 -2.06306e-19 8.39066e-15 -3.12924e-11 2.62445e-08 3.0658e-18 -4.08341e-18 -3.10494e-19 -3.49188e-18 2.62444e-08 -4.01329e-17 8.39229e-15 -8.52274e-18 4.02512e-17 2.61834e-08 -0.00118957 -7.84265e-12 3.18968e-07 -0.00118957 0.997675 1.16545e-10 -1.5523e-10 -1.18033e-11 -1.32743e-10 0.997675 -1.52564e-09 3.1903e-07 -3.23989e-10 1.53014e-09 0.995353
2.9 0.000554814 2.63033e-08 -3.35656e-11 -2.17996e-19 8.39084e-15 -3.35655e-11 2.62422e-08 2.67964e-18 -4.08529e-18 2.60924e-19 -2.56547e-18 2.62421e-08 -4.25088e-17 8.39105e-15 -8.48661e-18 4.3682e-17 2.61811e-08 -0.0012761 -8.28777e-12 3.19003e-07 -0.0012761 0.997675 1.01875e-10 -1.55315e-10 9.91982e-12 -9.75342e-11 0.997674 -1.6161e-09 3.19011e-07 -3.22644e-10 1.6607e-09 0.995353
3 0.000573928 2.63009e-08 -3.59182e-11 -7.38047e-20 8.39012e-15 -3.59181e-11 2.62398e-08 2.52919e-18 -3.86667e-18 -2.68989e-19 -2.66425e-18 2.62398e-08 -4.56968e-17 8.39155e-15 -7.90004e-18 4.67881e-17 2.61787e-08 -0.00136566 -2.80616e-12 3.19005e-07 -0.00136566 0.997675 9.61633e-11 -1.47017e-10 -1.02274e-11 -1.01299e-10 0.997674 -1.73746e-09 3.19059e-07 -3.00371e-10 1.77895e-09 0.995352
3.1 0.00059304 2.62985e-08 -3.83502e-11 -1.28973e-19 8.38952e-15 -3.83502e-11 2.62373e-08 2.46129e-18 -5.70139e-18 2.75082e-21 -1.97174e-18 2.62373e-08 -4.87833e-17 8.39112e-15 -1.03413e-17 4.88498e-17 2.61762e-08 -0.00145827 -4.9042e-12 3.19011e-07 -0.00145827 0.997675 9.35904e-11 -2.16796e-10 1.046e-13 -7.49753e-11 0.997674 -1.85498e-09 3.19072e-07 -3.93227e-10 1.85751e-09 0.995352
3.2 0.000612151 2.62959e-08 -4.08617e-11 -1.17567e-19 8.38852e-15 -4.08616e-11 2.62348e-08 2.5812e-18 -4.50647e-18 1.1028e-19 -2.21113e-18 2.62348e-08 -5.30837e-17 8.39068e-15 -1.03674e-17 5.24409e-17 2.61737e-08 -0.00155392 -4.47093e-12 3.19004e-07 -0.00155391 0.997675 9.81596e-11 -1.71375e-10 4.19379e-12 -8.40866e-11 0.997673 -2.0187e-09 3.19087e-07 -3.94258e-10 1.99426e-09 0.995351
3.3 0.00063126 2.62933e-08 -4.34525e-11 3.6978e-19 8.38834e-15 -4.34525e-11 2.62322e-08 2.54906e-18 -6.07403e-18 -3.71204e-19 -2.44629e-18 2.62321e-08 -5.62251e-17 8.38948e-15 -1.10499e-17 5.5802e-17 2.61711e-08 -0.00165261 1.40636e-11 3.19029e-07 -0.00165261 0.997674 9.6947e-11 -2.3101e-10 -1.41178e-11 -9.30386e-11 0.997673 -2.13838e-09 3.19073e-07 -4.20254e-10 2.12229e-09 0.995351
3.4 0.000650367 2.62906e-08 -4.61227e-11 -7.53223e-19 8.38689e-15 -4.61227e-11 2.62295e-08 2.23175e-18 -7.03247e-18 -5.31946e-20 -1.80602e-18 2.62294e-08 -5.89421e-17 8.38828e-15 -1.1905e-17 5.90469e-17 2.61684e-08 -0.00175434 -2.86499e-11 3.19007e-07 -0.00175434 0.997674 8.48876e-11 -2.6749e-10 -2.02333e-12 -6.86946e-11 0.997673 -2.24194e-09 3.1906e-07 -4.52824e-10 2.24593e-09 0.995351
3.5 0.000669472 2.62878e-08 -4.88723e-11 8.07919e-19 8.38736e-15 -4.88722e-11 2.62267e-08 2.63594e-18 -6.81882e-18 1.28295e-20 -2.36163e-18 2.62267e-08 -6.35343e-17 8.38808e-15 -1.25272e-17 6.32511e-17 2.61656e-08 -0.00185912 3.07336e-11 3.19058e-07 -0.00185912 0.997674 1.00272e-10 -2.59391e-10 4.88041e-13 -8.98375e-11 0.997672 -2.41687e-09 3.19086e-07 -4.76541e-10 2.4061e-09 0.99535
3.6 0.000688575 2.6285e-08 -5.17011e-11 -1.21095e-19 8.3856e-15 -5.17011e-11 2.62238e-08 2.18521e-18 -7.93532e-18 2.60924e-19 -3.03207e-18 2.62238e-08 -6.68773e-17 8.38768e-15 -1.28593e-17 6.6969e-17 2.61628e-08 -0.00196694 -4.60701e-12 3.19026e-07 -0.00196694 0.997674 8.31353e-11 -3.01896e-10 9.92674e-12 -1.15354e-10 0.997672 -2.54432e-09 3.19105e-07 -4.89227e-10 2.54781e-09 0.99535
3.7 0.000707676 2.62821e-08 -5.46092e-11 -4.66375e-19 8.38472e-15 -5.46091e-11 2.62209e-08 2.22152e-18 -7.72776e-18 -2.98538e-19 -2.71638e-18 2.62208e-08 -6.97615e-17 8.38618e-15 -1.45599e-17 7.03512e-17 2.61598e-08 -0.00207781 -1.7745e-11 3.19028e-07 -0.00207781 0.997673 8.45261e-11 -2.94032e-10 -1.1359e-11 -1.03355e-10 0.997671 -2.65434e-09 3.19084e-07 -5.53988e-10 2.67678e-09 0.995349
3.8 0.000726775 2.6279e-08 -5.75965e-11 -4.09006e-19 8.38429e-15 -5.75964e-11 2.62179e-08 2.42147e-18 -7.29636e-18 -2.73754e-19 -2.46183e-18 2.62178e-08 -7.4244e-17 8.38635e-15 -1.54794e-17 7.45366e-17 2.61568e-08 -0.00219173 -1.55639e-11 3.19049e-07 -0.00219172 0.997673 9.21445e-11 -2.77649e-10 -1.04172e-11 -9.36805e-11 0.997671 -2.82522e-09 3.19127e-07 -5.89039e-10 2.83635e-09 0.995349
3.9 0.000745871 2.62759e-08 -6.06629e-11 5.8406e-19 8.38355e-15 -6.06629e-11 2.62148e-08 1.905e-18 -9.24811e-18 -4.51934e-19 -2.17046e-18 2.62147e-08 -7.74472e-17 8.38485e-15 -1.49502e-17 7.87194e-17 2.61537e-08 -0.00230869 2.22279e-11 3.19058e-07 -0.00230869 0.997673 7.24999e-11 -3.51961e-10 -1.71995e-11 -8.26027e-11 0.99767 -2.94746e-09 3.19107e-07 -5.68971e-10 2.99587e-09 0.995348
4 0.000764965 2.62728e-08 -6.38086e-11 -6.24613e-19 8.38203e-15 -6.38085e-11 2.62116e-08 1.73116e-18 -9.08535e-18 3.63688e-19 -2.10405e-18 2.62115e-08 -8.22156e-17 8.38407e-15 -1.48635e-17 8.16869e-17 2.61505e-08 -0.0024287 -2.37741e-11 3.19039e-07 -0.00242869 0.997672 6.58917e-11 -3.45809e-10 1.38428e-11 -8.00848e-11 0.99767 -3.12931e-09 3.19116e-07 -5.65738e-10 3.10919e-09 0.995348
4.1 0.000784057 2.62695e-08 -6.70333e-11 1.06105e-19 8.38196e-15 -6.70332e-11 2.62084e-08 3.3257e-18 -9.73487e-18 -6.23991e-20 -2.34235e-18 2.62083e-08 -8.61085e-17 8.38274e-15 -1.75985e-17 8.67391e-17 2.61473e-08 -0.00255175 4.03909e-12 3.19076e-07 -0.00255175 0.997672 1.26599e-10 -3.70577e-10 -2.37534e-12 -8.91661e-11 0.997669 -3.27789e-09 3.19106e-07 -6.69922e-10 3.30189e-09 0.995347
4.2 0.000803147 2.62662e-08 -7.03371e-11 1.09752e-18 8.38059e-15 -7.0337e-11 2.6205e-08 2.53189e-18 -1.02662e-17 7.26652e-20 -2.21822e-18 2.62049e-08 -9.07399e-17 8.38286e-15 -1.79377e-17 9.15937e-17 2.61439e-08 -0.00267786 4.17845e-11 3.19064e-07 -0.00267786 0.997672 9.63937e-11 -3.90852e-10 2.7665e-12 -8.44516e-11 0.997668 -3.45463e-09 3.1915e-07 -6.8292e-10 3.48714e-09 0.995346
4.3 0.000822234 2.62628e-08 -7.37199e-11 2.97989e-19 8.3802e-15 -7.37198e-11 2.62016e-08 2.02493e-18 -9.78028e-18 -4.03651e-20 -2.19505e-18 2.62015e-08 -9.50201e-17 8.3817e-15 -1.799e-17 9.4628e-17 2.61405e-08 -0.00280701 1.13464e-11 3.19091e-07 -0.00280701 0.997672 7.71028e-11 -3.72401e-10 -1.53697e-12 -8.35802e-11 0.997668 -3.61805e-09 3.19148e-07 -6.85002e-10 3.60312e-09 0.995346
4.4 0.000841318 2.62593e-08 -7.71817e-11 -4.02914e-19 8.37928e-15 -7.71816e-11 2.61981e-08 3.40455e-18 -9.86078e-18 6.49397e-19 -3.24222e-18 2.6198e-08 -9.98558e-17 8.38205e-15 -2.00826e-17 9.90664e-17 2.6137e-08 -0.00293922 -1.53437e-11 3.19098e-07 -0.00293922 0.997671 1.29652e-10 -3.75516e-10 2.47302e-11 -1.2347e-10 0.997667 -3.80269e-09 3.19203e-07 -7.64781e-10 3.77263e-09 0.995345
4.5 0.0008604 2.62557e-08 -8.07224e-11 5.79218e-19 8.37808e-15 -8.07224e-11 2.61945e-08 1.72717e-18 -1.05103e-17 4.79282e-19 -2.1469e-18 2.61944e-08 -1.04347e-16 8.38072e-15 -1.95036e-17 1.03926e-16 2.61334e-08 -0.00307447 2.20607e-11 3.19096e-07 -0.00307447 0.997671 6.57827e-11 -4.00307e-10 1.82544e-11 -8.1769e-11 0.997666 -3.97426e-09 3.19197e-07 -7.42834e-10 3.95824e-09 0.995344
4.6 0.00087948 2.6252e-08 -8.43421e-11 6.02338e-21 8.37771e-15 -8.4342e-11 2.61909e-08 2.0991e-18 -1.08001e-17 3.88473e-19 -1.46547e-18 2.61907e-08 -1.08929e-16 8.38003e-15 -2.11556e-17 1.07778e-16 2.61298e-08 -0.00321278 2.29445e-13 3.19126e-07 -0.00321278 0.997671 7.99595e-11 -4.114e-10 1.47978e-11 -5.58231e-11 0.997666 -4.14937e-09 3.19215e-07 -8.05866e-10 4.1055e-09 0.995344
4.7 0.000898556 2.62483e-08 -8.80406e-11 -7.77821e-19 8.37663e-15 -8.80405e-11 2.61871e-08 2.46297e-18 -1.23316e-17 -4.28838e-19 -2.33685e-18 2.6187e-08 -1.13862e-16 8.37781e-15 -2.10242e-17 1.13249e-16 2.61261e-08 -0.00335414 -2.96332e-11 3.1913e-07 -0.00335414 0.99767 9.38337e-11 -4.69807e-10 -1.63378e-11 -8.90286e-11 0.997665 -4.33787e-09 3.19175e-07 -8.00974e-10 4.31452e-09 0.995343
4.8 0.00091763 2.62445e-08 -9.18179e-11 -2.49519e-19 8.37499e-15 -9.18178e-11 2.61833e-08 2.30327e-18 -1.29591e-17 -4.61138e-19 -3.01118e-18 2.61832e-08 -1.16532e-16 8.37766e-15 -2.23575e-17 1.17038e-16 2.61222e-08 -0.00349856 -9.50747e-12 3.19114e-07 -0.00349856 0.99767 8.77621e-11 -4.93785e-10 -1.75709e-11 -1.14736e-10 0.997664 -4.44023e-09 3.19216e-07 -8.51893e-10 4.45951e-09 0.995342
4.9 0.000936701 2.62406e-08 -9.56739e-11 3.48635e-20 8.37443e-15 -9.56738e-11 2.61794e-08 2.68885e-18 -1.29928e-17 -3.55623e-19 -3.05785e-18 2.61793e-08 -1.22853e-16 8.37609e-15 -2.36055e-17 1.22953e-16 2.61183e-08 -0.00364603 1.32861e-12 3.19141e-07 -0.00364603 0.99767 1.02469e-10 -4.95141e-10 -1.35524e-11 -1.16531e-10 0.997663 -4.68179e-09 3.19204e-07 -8.9958e-10 4.68562e-09 0.995341
5 0.00095577 2.62366e-08 -9.96087e-11 4.62691e-20 8.37284e-15 -9.96086e-11 2.61755e-08 1.85119e-18 -1.3508e-17 -6.51499e-20 -2.15582e-18 2.61753e-08 -1.27266e-16 8.37695e-15 -2.35347e-17 1.28646e-16 2.61144e-08 -0.00379655 1.76353e-12 3.19128e-07 -0.00379655 0.997669 7.05576e-11 -5.14855e-10 -2.48317e-12 -8.21684e-11 0.997662 -4.8507e-09 3.19285e-07 -8.97019e-10 4.90329e-09 0.99534
5.1 0.000974835 2.62326e-08 -1.03622e-10 -5.43619e-20 8.37247e-15 -1.03622e-10 2.61714e-08 2.59536e-18 -1.39736e-17 -3.18009e-19 -2.48012e-18 2.61712e-08 -1.32299e-16 8.3739e-15 -2.53744e-17 1.33373e-16 2.61103e-08 -0.00395013 -2.07231e-12 3.19163e-07 -0.00395013 0.997669 9.89364e-11 -5.3268e-10 -1.21227e-11 -9.45437e-11 0.997661 -5.0433e-09 3.19218e-07 -9.67288e-10 5.08426e-09 0.995339
5.2 0.000993897 2.62284e-08 -1.07714e-10 -1.71539e-19 8.37171e-15 -1.07714e-10 2.61673e-08 2.28842e-18 -1.41789e-17 -8.61302e-19 -2.12627e-18 2.61671e-08 -1.37862e-16 8.37325e-15 -2.65977e-17 1.39452e-16 2.61062e-08 -0.00410677 -6.5402e-12 3.19185e-07 -0.00410677 0.997669 8.72496e-11 -5.40592e-10 -3.28385e-11 -8.10675e-11 0.99766 -5.25619e-09 3.19243e-07 -1.01408e-09 5.31681e-09 0.995338
5.3 0.00101296 2.62242e-08 -1.11885e-10 9.96512e-20 8.37088e-15 -1.11885e-10 2.61631e-08 2.1862e-18 -1.47716e-17 -2.59785e-19 -1.61281e-18 2.61628e-08 -1.44811e-16 8.37281e-15 -2.89533e-17 1.4333e-16 2.61019e-08 -0.00426647 3.79997e-12 3.19204e-07 -0.00426646 0.997668 8.33659e-11 -5.63281e-10 -9.90629e-12 -6.15009e-11 0.997659 -5.52204e-09 3.19278e-07 -1.10407e-09 5.46555e-09 0.995337
5.4 0.00103201 2.62199e-08 -1.16134e-10 3.77657e-19 8.36894e-15 -1.16134e-10 2.61588e-08 2.27028e-18 -1.59954e-17 8.06498e-21 -2.27196e-18 2.61585e-08 -1.49256e-16 8.37116e-15 -2.93135e-17 1.48966e-16 2.60976e-08 -0.00442922 1.44035e-11 3.19183e-07 -0.00442922 0.997668 8.65859e-11 -6.10046e-10 3.0759e-13 -8.66503e-11 0.997658 -5.69248e-09 3.19267e-07 -1.11798e-09 5.68142e-09 0.995336
5.5 0.00105107 2.62156e-08 -1.20461e-10 -8.4905e-20 8.36751e-15 -1.20461e-10 2.61544e-08 2.24187e-18 -1.67913e-17 1.19484e-19 -2.89214e-18 2.61541e-08 -1.54945e-16 8.37082e-15 -3.00822e-17 1.54705e-16 2.60933e-08 -0.00459504 -3.23873e-12 3.19181e-07 -0.00459504 0.997667 8.55166e-11 -6.40509e-10 4.55775e-12 -1.10321e-10 0.997657 -5.91044e-09 3.19307e-07 -1.1475e-09 5.90126e-09 0.995335
5.6 0.00107012 2.62111e-08 -1.24867e-10 5.49197e-19 8.36711e-15 -1.24867e-10 2.615e-08 1.56159e-18 -1.70903e-17 -3.38904e-19 -2.48984e-18 2.61497e-08 -1.60621e-16 8.37025e-15 -3.21083e-17 1.60722e-16 2.60888e-08 -0.00476392 2.09528e-11 3.1922e-07 -0.00476391 0.997667 5.95775e-11 -6.52025e-10 -1.29298e-11 -9.49918e-11 0.997656 -6.12798e-09 3.1934e-07 -1.22499e-09 6.13181e-09 0.995334
5.7 0.00108916 2.62066e-08 -1.29352e-10 3.11958e-19 8.36469e-15 -1.29352e-10 2.61454e-08 1.86535e-18 -1.7607e-17 6.77132e-20 -2.33047e-18 2.61451e-08 -1.66066e-16 8.36879e-15 -3.17656e-17 1.66214e-16 2.60843e-08 -0.00493585 1.19038e-11 3.19183e-07 -0.00493585 0.997667 7.11786e-11 -6.71855e-10 2.58383e-12 -8.89271e-11 0.997654 -6.33683e-09 3.19339e-07 -1.21212e-09 6.34244e-09 0.995333
5.8 0.00110821 2.6202e-08 -1.33914e-10 -3.8202e-19 8.36535e-15 -1.33914e-10 2.61408e-08 2.2423e-18 -1.72921e-17 7.33281e-19 -2.73903e-18 2.61405e-08 -1.72427e-16 8.36769e-15 -3.25545e-17 1.72687e-16 2.60796e-08 -0.00511085 -1.45798e-11 3.19264e-07 -0.00511085 0.997666 8.55774e-11 -6.59956e-10 2.79857e-11 -1.04535e-10 0.997653 -6.58071e-09 3.19354e-07 -1.24244e-09 6.5906e-09 0.995331
5.9 0.00112725 2.61973e-08 -1.38555e-10 5.32723e-20 8.36215e-15 -1.38555e-10 2.61361e-08 2.21378e-18 -1.83029e-17 -5.21848e-19 -2.05228e-18 2.61358e-08 -1.78076e-16 8.36648e-15 -3.55644e-17 1.76971e-16 2.60749e-08 -0.00528892 2.03351e-12 3.19199e-07 -0.00528892 0.997666 8.45042e-11 -6.98655e-10 -1.99199e-11 -7.83394e-11 0.997652 -6.79752e-09 3.19364e-07 -1.35756e-09 6.75533e-09 0.99533
6 0.00172656 2.61925e-08 -1.43274e-10 1.38337e-19 8.36188e-15 -1.43274e-10 2.61314e-08 4.10371e-18 -2.02672e-17 -3.23323e-19 -2.17833e-18 2.6131e-08 -1.84143e-16 8.36503e-15 -3.52122e-17 1.84063e-16 2.60702e-08 -0.00547005 5.28154e-12 3.19247e-07 -0.00547005 0.997665 1.56675e-10 -7.7378e-10 -1.23441e-11 -8.3166e-11 0.99765 -7.03035e-09 3.19367e-07 -1.34436e-09 7.02733e-09 0.995329
6.2 0.00236869 2.61827e-08 -1.52947e-10 2.52672e-19 8.35926e-15 -1.52947e-10 2.61216e-08 2.17672e-18 -2.22968e-17 -2.33064e-19 -1.79525e-18 2.61211e-08 -1.95716e-16 8.36233e-15 -3.83513e-17 1.9689e-16 2.60604e-08 -0.00584151 9.65032e-12 3.19266e-07 -0.00584151 0.997665 8.31355e-11 -8.51585e-10 -8.90143e-12 -6.8566e-11 0.997647 -7.47502e-09 3.19383e-07 -1.46475e-09 7.51985e-09 0.995326
6.4 0.00244479 2.61727e-08 -1.62931e-10 -4.19377e-19 8.35633e-15 -1.62931e-10 2.61115e-08 2.109e-18 -2.25509e-17 -5.31417e-21 -2.44134e-18 2.6111e-08 -2.09588e-16 8.35967e-15 -4.09263e-17 2.09646e-16 2.60502e-08 -0.00622525 -1.60235e-11 3.19277e-07 -0.00622524 0.997664 8.05804e-11 -8.61619e-10 -2.03043e-13 -9.32784e-11 0.997644 -8.00791e-09 3.19405e-07 -1.56371e-09 8.01013e-09 0.995322
6.6 0.00252085 2.61623e-08 -1.73227e-10 -1.35635e-18 8.35374e-15 -1.73227e-10 2.61011e-08 2.70699e-18 -2.43121e-17 -2.26061e-19 -2.13635e-18 2.61005e-08 -2.22349e-16 8.35712e-15 -4.33649e-17 2.22589e-16 2.60398e-08 -0.00662127 -5.18438e-11 3.19305e-07 -0.00662126 0.997663 1.03469e-10 -9.29281e-10 -8.64072e-12 -8.16577e-11 0.997641 -8.49884e-09 3.19434e-07 -1.65754e-09 8.50801e-09 0.995319
6.8 0.00259689 2.61515e-08 -1.83834e-10 -9.02806e-19 8.35117e-15 -1.83834e-10 2.60904e-08 1.49066e-18 -2.54967e-17 3.50859e-19 -1.69248e-18 2.60898e-08 -2.36066e-16 8.35485e-15 -4.62931e-17 2.3682e-16 2.6029e-08 -0.00702958 -3.45221e-11 3.19337e-07 -0.00702957 0.997662 5.70007e-11 -9.74958e-10 1.34164e-11 -6.47182e-11 0.997637 -9.02685e-09 3.19478e-07 -1.77018e-09 9.0557e-09 0.995315
7 0.00267289 2.61405e-08 -1.94752e-10 7.44097e-19 8.34909e-15 -1.94752e-10 2.60794e-08 2.76609e-18 -2.6253e-17 7.41346e-19 -2.07454e-18 2.60786e-08 -2.5013e-16 8.35201e-15 -4.91685e-17 2.4958e-16 2.6018e-08 -0.00745019 2.84653e-11 3.19393e-07 -0.00745018 0.997661 1.05816e-10 -1.0043e-09 2.836e-11 -7.93611e-11 0.997633 -9.56867e-09 3.19504e-07 -1.88093e-09 9.54764e-09 0.995311
7.2 0.00274886 2.61292e-08 -2.05979e-10 -4.91237e-19 8.34505e-15 -2.05979e-10 2.6068e-08 2.82123e-18 -2.77057e-17 4.67411e-20 -1.46625e-18 2.60672e-08 -2.65448e-16 8.34982e-15 -5.24732e-17 2.6414e-16 2.60066e-08 -0.00788311 -1.88003e-11 3.19377e-07 -0.00788311 0.99766 1.07972e-10 -1.06033e-09 1.78885e-12 -5.61153e-11 0.997629 -1.01591e-08 3.19559e-07 -2.00822e-09 1.0109e-08 0.995307
7.4 0.0028248 2.61175e-08 -2.17516e-10 1.96914e-19 8.34105e-15 -2.17516e-10 2.60564e-08 1.98296e-18 -3.01819e-17 -5.31053e-19 -2.3455e-18 2.60555e-08 -2.79089e-16 8.34673e-15 -5.43424e-17 2.79937e-16 2.59948e-08 -0.00832836 7.53952e-12 3.19366e-07 -0.00832835 0.997659 7.59243e-11 -1.15562e-09 -2.03332e-11 -8.98057e-11 0.997624 -1.06859e-08 3.19583e-07 -2.08069e-09 1.07183e-08 0.995302
7.6 0.00290071 2.61056e-08 -2.29362e-10 2.66238e-19 8.33858e-15 -2.29362e-10 2.60444e-08 2.56881e-18 -3.10452e-17 -6.80636e-19 -3.03472e-18 2.60434e-08 -2.93813e-16 8.34383e-15 -5.67223e-17 2.95171e-16 2.59828e-08 -0.00878594 1.01985e-11 3.19418e-07 -0.00878593 0.997658 9.8401e-11 -1.18922e-09 -2.60724e-11 -1.16248e-10 0.997619 -1.12548e-08 3.19619e-07 -2.17281e-09 1.13068e-08 0.995297
7.8 0.00297657 2.60933e-08 -2.41516e-10 5.50433e-20 8.33552e-15 -2.41516e-10 2.60321e-08 3.25142e-18 -3.28955e-17 -1.35064e-19 -2.88939e-18 2.6031e-08 -3.10762e-16 8.34042e-15 -6.09654e-17 3.10548e-16 2.59704e-08 -0.00925586 2.10948e-12 3.19451e-07 -0.00925585 0.997657 1.24608e-10 -1.26069e-09 -5.17621e-12 -1.10733e-10 0.997614 -1.19097e-08 3.19638e-07 -2.33644e-09 1.19014e-08 0.995292
8 0.00305241 2.60807e-08 -2.53977e-10 5.97627e-19 8.33275e-15 -2.53977e-10 2.60196e-08 2.93782e-18 -3.54222e-17 -3.2174e-19 -2.61563e-18 2.60183e-08 -3.27472e-16 8.33668e-15 -6.26316e-17 3.26469e-16 2.59578e-08 -0.00973814 2.29145e-11 3.19499e-07 -0.00973813 0.997656 1.12643e-10 -1.35818e-09 -1.23363e-11 -1.0029e-10 0.997608 -1.25561e-08 3.1965e-07 -2.40146e-09 1.25177e-08 0.995286
8.2 0.0031282 2.60678e-08 -2.66746e-10 -9.85148e-19 8.32932e-15 -2.66746e-10 2.60067e-08 1.22662e-18 -3.64409e-17 5.71968e-19 -2.62704e-18 2.60053e-08 -3.42384e-16 8.33365e-15 -6.67156e-17 3.42279e-16 2.59448e-08 -0.0102328 -3.77917e-11 3.19525e-07 -0.0102328 0.997654 4.70549e-11 -1.39793e-09 2.19415e-11 -1.00777e-10 0.997602 -1.31344e-08 3.19691e-07 -2.55931e-09 1.31303e-08 0.99528
8.4 0.00320396 2.60546e-08 -2.79821e-10 -3.72733e-19 8.3265e-15 -2.79821e-10 2.59935e-08 2.71253e-18 -3.92421e-17 7.51612e-19 -2.32823e-18 2.59919e-08 -3.6027e-16 8.33111e-15 -7.13459e-17 3.60327e-16 2.59315e-08 -0.0107398 -1.43058e-11 3.19579e-07 -0.0107398 0.997653 1.0411e-10 -1.50615e-09 2.88476e-11 -8.93598e-11 0.997595 -1.38275e-08 3.19756e-07 -2.73832e-09 1.38297e-08 0.995274
8.6 0.00327968 2.60411e-08 -2.93202e-10 -3.70245e-20 8.32234e-15 -2.93202e-10 2.59799e-08 1.77743e-18 -3.9402e-17 3.89613e-19 -1.90718e-18 2.59783e-08 -3.76839e-16 8.32702e-15 -7.19294e-17 3.7762e-16 2.59178e-08 -0.0112592 -1.42177e-12 3.19585e-07 -0.0112592 0.997652 6.82547e-11 -1.51307e-09 1.49615e-11 -7.32372e-11 0.997588 -1.44709e-08 3.19765e-07 -2.76215e-09 1.45009e-08 0.995267
8.8 0.00335535 2.60273e-08 -3.06888e-10 -3.6141e-19 8.31816e-15 -3.06888e-10 2.59661e-08 2.33697e-18 -4.21989e-17 1.59849e-19 -1.98296e-18 2.59643e-08 -3.94092e-16 8.32395e-15 -7.68932e-17 3.95445e-16 2.59039e-08 -0.011791 -1.38858e-11 3.19594e-07 -0.011791 0.997651 8.97892e-11 -1.62133e-09 6.1416e-12 -7.61876e-11 0.997581 -1.51415e-08 3.19817e-07 -2.95433e-09 1.51935e-08 0.995259
9 0.00343099 2.60131e-08 -3.20878e-10 8.7543e-19 8.31495e-15 -3.20878e-10 2.5952e-08 2.93203e-18 -4.32708e-17 2.64814e-19 -1.66572e-18 2.595e-08 -4.12273e-16 8.32151e-15 -7.9563e-17 4.12374e-16 2.58896e-08 -0.0123352 3.36534e-11 3.19644e-07 -0.0123352 0.997649 1.12713e-10 -1.66342e-09 1.018e-11 -6.40339e-11 0.997573 -1.58486e-08 3.19896e-07 -3.05857e-09 1.58525e-08 0.995251
9.2 0.00350659 2.59987e-08 -3.35173e-10 2.97801e-19 8.31134e-15 -3.35172e-10 2.59375e-08 2.74322e-18 -4.47421e-17 1.19328e-18 -2.16649e-18 2.59354e-08 -4.31056e-16 8.31777e-15 -8.36712e-17 4.29804e-16 2.5875e-08 -0.0128919 1.14545e-11 3.19683e-07 -0.0128919 0.997648 1.05514e-10 -1.72094e-09 4.58977e-11 -8.33307e-11 0.997565 -1.65799e-08 3.1993e-07 -3.21829e-09 1.65317e-08 0.995243
9.4 0.00358214 2.5984e-08 -3.4977e-10 3.42057e-19 8.30785e-15 -3.49769e-10 2.59228e-08 2.29679e-18 -4.85381e-17 1.37078e-19 -2.77317e-18 2.59204e-08 -4.49537e-16 8.31333e-15 -8.74001e-17 4.49989e-16 2.58601e-08 -0.013461 1.31642e-11 3.1973e-07 -0.013461 0.997647 8.83926e-11 -1.868e-09 5.27549e-12 -1.06726e-10 0.997556 -1.73005e-08 3.19941e-07 -3.36362e-09 1.7318e-08 0.995234
9.6 0.00365765 2.59689e-08 -3.64669e-10 -4.74358e-19 8.30325e-15 -3.64669e-10 2.59078e-08 1.59782e-18 -4.95575e-17 -3.11368e-19 -3.09587e-18 2.59052e-08 -4.68479e-16 8.31065e-15 -9.23251e-17 4.68556e-16 2.58449e-08 -0.0140425 -1.82664e-11 3.19738e-07 -0.0140425 0.997645 6.15283e-11 -1.90834e-09 -1.199e-11 -1.19214e-10 0.997547 -1.804e-08 3.20023e-07 -3.55522e-09 1.8043e-08 0.995225
9.8 0.00373311 2.59535e-08 -3.7987e-10 -2.90501e-19 8.29866e-15 -3.7987e-10 2.58924e-08 1.30126e-18 -5.17135e-17 -7.02002e-19 -1.89318e-18 2.58896e-08 -4.88606e-16 8.30746e-15 -9.53631e-17 4.88059e-16 2.58294e-08 -0.0146365 -1.11931e-11 3.1975e-07 -0.0146365 0.997644 5.01379e-11 -1.99254e-09 -2.70484e-11 -7.29449e-11 0.997537 -1.88262e-08 3.2009e-07 -3.67438e-09 1.88051e-08 0.995215
10 0.00380853 2.59379e-08 -3.95372e-10 4.95452e-19 8.29486e-15 -3.95372e-10 2.58767e-08 1.55049e-18 -5.498e-17 -1.14056e-20 -2.01526e-18 2.58737e-08 -5.08288e-16 8.302e-15 -9.89945e-17 5.0836e-16 2.58135e-08 -0.015243 1.91015e-11 3.19797e-07 -0.015243 0.997643 5.97771e-11 -2.11968e-09 -4.39728e-13 -7.76954e-11 0.997526 -1.95963e-08 3.20072e-07 -3.8166e-09 1.95991e-08 0.995204
10.2 0.0038839 2.59219e-08 -4.11174e-10 -5.57999e-19 8.29162e-15 -4.11174e-10 2.58608e-08 1.82755e-18 -5.55462e-17 8.48285e-19 -2.44179e-18 2.58575e-08 -5.28502e-16 8.29893e-15 -1.02981e-16 5.29334e-16 2.57973e-08 -0.015862 -2.15261e-11 3.19869e-07 -0.015862 0.997641 7.05019e-11 -2.14283e-09 3.27246e-11 -9.41977e-11 0.997515 -2.03882e-08 3.20151e-07 -3.97273e-09 2.04203e-08 0.995193
10.4 0.00395923 2.59057e-08 -4.27275e-10 1.16183e-18 8.28667e-15 -4.27275e-10 2.58445e-08 2.84804e-18 -5.84116e-17 -6.40104e-20 -1.37172e-18 2.5841e-08 -5.49442e-16 8.29432e-15 -1.08135e-16 5.49098e-16 2.57808e-08 -0.0164935 4.48483e-11 3.19879e-07 -0.0164935 0.99764 1.09939e-10 -2.25478e-09 -2.47091e-12 -5.29506e-11 0.997503 -2.12093e-08 3.20174e-07 -4.17417e-09 2.11961e-08 0.995182
10.6 0.0040345 2.58891e-08 -4.43675e-10 6.57169e-19 8.28203e-15 -4.43675e-10 2.5828e-08 2.8454e-18 -6.10207e-17 1.45693e-19 -2.29212e-18 2.58241e-08 -5.70303e-16 8.29034e-15 -1.11261e-16 5.7068e-16 2.5764e-08 -0.0171375 2.5384e-11 3.19904e-07 -0.0171375 0.997638 1.09907e-10 -2.357e-09 5.62757e-12 -8.85362e-11 0.997491 -2.20287e-08 3.20225e-07 -4.29758e-09 2.20432e-08 0.995169
10.8 0.00410973 2.58722e-08 -4.60373e-10 -4.91855e-19 8.27797e-15 -4.60372e-10 2.58111e-08 2.06428e-18 -6.1967e-17 -4.42217e-19 -2.98728e-18 2.5807e-08 -5.91166e-16 8.28756e-15 -1.15532e-16 5.9117e-16 2.57469e-08 -0.0177941 -1.90109e-11 3.19956e-07 -0.0177941 0.997637 7.97873e-11 -2.39512e-09 -1.70924e-11 -1.15463e-10 0.997478 -2.28495e-08 3.20326e-07 -4.4655e-09 2.28496e-08 0.995156
11 0.00418491 2.58551e-08 -4.77367e-10 -4.44378e-19 8.27343e-15 -4.77367e-10 2.57939e-08 2.84214e-18 -6.49314e-17 1.10921e-18 -2.64888e-18 2.57895e-08 -6.13708e-16 8.28259e-15 -1.19347e-16 6.13145e-16 2.57295e-08 -0.0184632 -1.71873e-11 3.19993e-07 -0.0184632 0.997635 1.09926e-10 -2.51136e-09 4.2901e-11 -1.02451e-10 0.997464 -2.37365e-08 3.20347e-07 -4.61599e-09 2.37147e-08 0.995143
11.2 0.00426003 2.58376e-08 -4.94657e-10 -3.85242e-19 8.26868e-15 -4.94657e-10 2.57765e-08 1.91088e-18 -6.78175e-17 -1.08461e-18 -1.97461e-18 2.57717e-08 -6.36809e-16 8.27764e-15 -1.23857e-16 6.3621e-16 2.57117e-08 -0.0191449 -1.49101e-11 3.20025e-07 -0.0191448 0.997634 7.39573e-11 -2.62476e-09 -4.1978e-11 -7.64237e-11 0.99745 -2.46466e-08 3.20372e-07 -4.79366e-09 2.46234e-08 0.995128
11.4 0.00433511 2.58198e-08 -5.12243e-10 5.74021e-19 8.26415e-15 -5.12242e-10 2.57587e-08 3.24643e-18 -6.96831e-17 1.76019e-19 -2.09321e-18 2.57536e-08 -6.58491e-16 8.27357e-15 -1.2909e-16 6.59192e-16 2.56937e-08 -0.0198391 2.22318e-11 3.2007e-07 -0.0198391 0.997632 1.25734e-10 -2.69882e-09 6.81721e-12 -8.10697e-11 0.997435 -2.55033e-08 3.20434e-07 -4.99964e-09 2.55304e-08 0.995113
11.6 0.00441013 2.58018e-08 -5.30122e-10 7.11219e-19 8.2589e-15 -5.30122e-10 2.57406e-08 2.72174e-18 -7.23112e-17 -2.50658e-19 -1.87096e-18 2.57352e-08 -6.80784e-16 8.26882e-15 -1.32306e-16 6.81789e-16 2.56753e-08 -0.020546 2.75647e-11 3.2009e-07 -0.0205459 0.99763 1.05486e-10 -2.80257e-09 -9.71476e-12 -7.25128e-11 0.997419 -2.63852e-08 3.20475e-07 -5.12779e-09 2.64241e-08 0.995097
11.8 0.0044851 2.57834e-08 -5.48296e-10 8.15767e-20 8.25478e-15 -5.48295e-10 2.57223e-08 3.00125e-18 -7.5073e-17 -4.61138e-19 -3.48874e-18 2.57164e-08 -7.04572e-16 8.26478e-15 -1.37364e-16 7.04658e-16 2.56566e-08 -0.0212654 3.16392e-12 3.20158e-07 -0.0212654 0.997629 1.16402e-10 -2.91168e-09 -1.78851e-11 -1.35309e-10 0.997402 -2.73265e-08 3.20546e-07 -5.3276e-09 2.73299e-08 0.99508
12 0.0139046 2.57648e-08 -5.66761e-10 8.56549e-19 8.24964e-15 -5.66761e-10 2.57036e-08 2.1805e-18 -7.72076e-17 -1.27549e-19 -3.18525e-18 2.56974e-08 -7.28015e-16 8.25927e-15 -1.42684e-16 7.29086e-16 2.56376e-08 -0.0219975 3.3245e-11 3.20191e-07 -0.0219975 0.997627 8.46311e-11 -2.99663e-09 -4.95052e-12 -1.23628e-10 0.997384 -2.82562e-08 3.20564e-07 -5.53795e-09 2.82978e-08 0.995063
13 0.0246683 2.56671e-08 -6.63446e-10 -8.78049e-19 8.22407e-15 -6.63445e-10 2.5606e-08 2.69436e-18 -8.97178e-17 -7.51799e-19 -1.68215e-18 2.55974e-08 -8.52658e-16 8.23611e-15 -1.66485e-16 8.53204e-16 2.55378e-08 -0.0258481 -3.42091e-11 3.20413e-07 -0.0258481 0.997618 1.04973e-10 -3.49544e-09 -2.92904e-11 -6.55372e-11 0.997283 -3.32199e-08 3.20882e-07 -6.48631e-09 3.32411e-08 0.994962
14 0.0265294 2.55622e-08 -7.67301e-10 4.28851e-19 8.19574e-15 -7.673e-10 2.55011e-08 2.42786e-18 -1.04298e-16 -6.37442e-19 -2.62096e-18 2.54895e-08 -9.85742e-16 8.20996e-15 -1.92079e-16 9.86407e-16 2.54302e-08 -0.030017 1.67767e-11 3.20619e-07 -0.030017 0.997608 9.49784e-11 -4.08015e-09 -2.49369e-11 -1.02533e-10 0.997157 -3.85625e-08 3.21176e-07 -7.51416e-09 3.85885e-08 0.994835
15 0.0283823 2.54502e-08 -8.78198e-10 -8.10108e-19 8.16657e-15 -8.78197e-10 2.5389e-08 1.73286e-18 -1.19701e-16 -6.23991e-20 -2.05618e-18 2.53738e-08 -1.13011e-15 8.18249e-15 -2.19509e-16 1.12895e-15 2.53148e-08 -0.0345066 -3.18312e-11 3.20885e-07 -0.0345066 0.997598 6.80883e-11 -4.70334e-09 -2.45181e-12 -8.07925e-11 0.997001 -4.44048e-08 3.2151e-07 -8.62504e-09 4.43594e-08 0.99468
16 0.0302266 2.53312e-08 -9.96002e-10 2.75455e-19 8.13478e-15 -9.96001e-10 2.527e-08 2.78832e-18 -1.35382e-16 -8.00514e-19 -2.38285e-18 2.52504e-08 -1.28108e-15 8.15156e-15 -2.49339e-16 1.2807e-15 2.51916e-08 -0.0393192 1.08742e-11 3.21137e-07 -0.0393192 0.997587 1.10075e-10 -5.34447e-09 -3.1602e-11 -9.40678e-11 0.996811 -5.05733e-08 3.218e-07 -9.84319e-09 5.05581e-08 0.994491
17 0.0320617 2.52053e-08 -1.12057e-09 3.94389e-19 8.10111e-15 -1.12056e-09 2.51442e-08 2.60538e-18 -1.52107e-16 -7.04203e-19 -1.61873e-18 2.51192e-08 -1.44019e-15 8.12107e-15 -2.81076e-16 1.44121e-15 2.50607e-08 -0.0444575 1.56471e-11 3.21405e-07 -0.0444575 0.997575 1.03366e-10 -6.03474e-09 -2.79387e-11 -6.42218e-11 0.996584 -5.71385e-08 3.22197e-07 -1.11514e-08 5.71789e-08 0.994263
18 0.0338871 2.50728e-08 -1.25174e-09 2.08978e-19 8.066e-15 -1.25174e-09 2.50116e-08 2.54676e-18 -1.71407e-16 -4.34781e-20 -1.93036e-18 2.49803e-08 -1.60921e-15 8.08802e-15 -3.13952e-16 1.60874e-15 2.49221e-08 -0.0499242 8.33487e-12 3.21704e-07 -0.0499241 0.997562 1.01575e-10 -6.83637e-09 -1.73408e-12 -7.69904e-11 0.996312 -6.41816e-08 3.22582e-07 -1.25216e-08 6.41627e-08 0.993992
19 0.0357021 2.49337e-08 -1.38935e-09 -1.40437e-18 8.02856e-15 -1.38935e-09 2.48726e-08 2.81964e-18 -1.89856e-16 1.82945e-19 -2.03452e-18 2.48338e-08 -1.78627e-15 8.05395e-15 -3.47895e-16 1.78648e-15 2.47759e-08 -0.0557219 -5.6324e-11 3.21996e-07 -0.0557219 0.997548 1.13086e-10 -7.61445e-09 7.33725e-12 -8.15973e-11 0.995991 -7.16409e-08 3.23014e-07 -1.39528e-08 7.16493e-08 0.993672
20 0.0375062 2.47883e-08 -1.53325e-09 -5.47198e-19 7.99003e-15 -1.53325e-09 2.47272e-08 2.36708e-18 -2.09472e-16 -5.28774e-19 -2.7789e-18 2.46796e-08 -1.97082e-15 8.01706e-15 -3.83969e-16 1.97117e-15 2.46221e-08 -0.0618537 -2.20749e-11 3.2233e-07 -0.0618536 0.997534 9.54917e-11 -8.45042e-09 -2.13316e-11 -1.12105e-10 0.995615 -7.95058e-08 3.23421e-07 -1.54899e-08 7.952e-08 0.993296
21 0.0392989 2.46367e-08 -1.68324e-09 -4.21096e-19 7.94865e-15 -1.68324e-09 2.45756e-08 1.32867e-18 -2.29678e-16 -4.08228e-19 -2.11309e-18 2.45179e-08 -2.16499e-15 7.9777e-15 -4.22399e-16 2.16388e-15 2.44608e-08 -0.0683224 -1.70922e-11 3.22634e-07 -0.0683223 0.997519 5.39305e-11 -9.32259e-09 -1.65699e-11 -8.577e-11 0.995177 -8.78767e-08 3.23813e-07 -1.71451e-08 8.78314e-08 0.992859
22 0.0410797 2.44792e-08 -1.83915e-09 -1.13581e-18 7.90665e-15 -1.83915e-09 2.4418e-08 3.06147e-18 -2.50776e-16 -2.20399e-19 -1.71637e-18 2.43487e-08 -2.36417e-15 7.93864e-15 -4.60914e-16 2.36392e-15 2.4292e-08 -0.0751311 -4.6399e-11 3.22995e-07 -0.075131 0.997503 1.25064e-10 -1.02445e-08 -9.00355e-12 -7.01154e-11 0.99467 -9.65788e-08 3.24302e-07 -1.88288e-08 9.65688e-08 0.992354
23 0.0428479 2.43158e-08 -2.00078e-09 -1.14922e-19 7.86317e-15 -2.00077e-09 2.42547e-08 1.79498e-18 -2.71947e-16 -8.23416e-20 -1.49461e-18 2.4172e-08 -2.57295e-15 7.8979e-15 -5.01349e-16 2.5722e-15 2.41157e-08 -0.0822829 -4.72624e-12 3.23377e-07 -0.0822829 0.997487 7.38194e-11 -1.1184e-08 -3.38634e-12 -6.14666e-11 0.994087 -1.05814e-07 3.24805e-07 -2.06183e-08 1.05783e-07 0.991772
24 0.0446031 2.41468e-08 -2.16793e-09 2.80232e-19 7.8163e-15 -2.16793e-09 2.40857e-08 2.33564e-18 -2.96049e-16 5.96527e-19 -2.78871e-18 2.3988e-08 -2.78633e-15 7.85344e-15 -5.43891e-16 2.78808e-15 2.39321e-08 -0.089781 1.16053e-11 3.23699e-07 -0.0897809 0.997469 9.67264e-11 -1.22604e-08 2.47042e-11 -1.1549e-10 0.99342 -1.15391e-07 3.25237e-07 -2.25243e-08 1.15464e-07 0.991107
25 0.0463447 2.39725e-08 -2.3404e-09 1.27976e-19 7.76884e-15 -2.34039e-09 2.39114e-08 2.26737e-18 -3.19063e-16 -5.89e-19 -1.19303e-18 2.37966e-08 -3.00935e-15 7.80965e-15 -5.86917e-16 3.00883e-15 2.37412e-08 -0.0976284 5.33845e-12 3.24073e-07 -0.0976283 0.997451 9.45823e-11 -1.33095e-08 -2.45698e-11 -4.97666e-11 0.992662 -1.25533e-07 3.25775e-07 -2.44829e-08 1.25512e-07 0.99035
26 0.0480722 2.3793e-08 -2.51797e-09 -3.48299e-19 7.7195e-15 -2.51797e-09 2.37319e-08 1.90483e-18 -3.44566e-16 7.56349e-19 -2.43093e-18 2.35979e-08 -3.23794e-15 7.76361e-15 -6.31081e-16 3.23782e-15 2.35429e-08 -0.105828 -1.46387e-11 3.24445e-07 -0.105828 0.997432 8.00583e-11 -1.44818e-08 3.17887e-11 -1.0217e-10 0.991802 -1.36088e-07 3.26298e-07 -2.65238e-08 1.36083e-07 0.989492
27 0.049785 2.36085e-08 -2.70043e-09 -5.35418e-19 7.66876e-15 -2.70043e-09 2.35474e-08 1.95066e-18 -3.68808e-16 -6.04296e-19 -1.08016e-18 2.3392e-08 -3.4728e-15 7.71581e-15 -6.76731e-16 3.47286e-15 2.33375e-08 -0.114384 -2.2679e-11 3.24831e-07 -0.114384 0.997412 8.26255e-11 -1.56218e-08 -2.55965e-11 -4.57529e-11 0.990831 -1.471e-07 3.26824e-07 -2.86647e-08 1.47102e-07 0.988523
28 0.0514827 2.34193e-08 -2.88756e-09 -4.81446e-19 7.61786e-15 -2.88755e-09 2.33582e-08 3.11321e-18 -3.94569e-16 2.64667e-19 -2.07083e-18 2.3179e-08 -3.7139e-15 7.66696e-15 -7.24284e-16 3.71354e-15 2.3125e-08 -0.123298 -2.05577e-11 3.25282e-07 -0.123298 0.997391 1.32934e-10 -1.6848e-08 1.13013e-11 -8.84244e-11 0.989741 -1.58583e-07 3.27378e-07 -3.09268e-08 1.58568e-07 0.987435
29 0.0531646 2.32256e-08 -3.07911e-09 -3.42395e-19 7.56224e-15 -3.07911e-09 2.31645e-08 1.87117e-18 -4.20019e-16 -6.17675e-19 -2.22427e-18 2.29589e-08 -3.95963e-15 7.61652e-15 -7.714e-16 3.95972e-15 2.29054e-08 -0.132574 -1.47421e-11 3.256e-07 -0.132574 0.997369 8.05651e-11 -1.80843e-08 -2.65946e-11 -9.57682e-11 0.988519 -1.70486e-07 3.27937e-07 -3.32134e-08 1.7049e-07 0.986216
30 0.0548304 2.30276e-08 -3.27486e-09 1.20486e-18 7.50777e-15 -3.27486e-09 2.29665e-08 1.71438e-18 -4.45956e-16 2.6334e-19 -1.77073e-18 2.27318e-08 -4.21214e-15 7.5645e-15 -8.19741e-16 4.21271e-15 2.26788e-08 -0.142215 5.23223e-11 3.26034e-07 -0.142215 0.997347 7.44488e-11 -1.93661e-08 1.14359e-11 -7.68958e-11 0.987156 -1.82917e-07 3.28497e-07 -3.55982e-08 1.82942e-07 0.984856
31 0.0564795 2.28256e-08 -3.47457e-09 2.72729e-19 7.45102e-15 -3.47457e-09 2.27645e-08 1.8406e-18 -4.74387e-16 -1.02202e-19 -2.04511e-18 2.24978e-08 -4.46974e-15 7.51132e-15 -8.71395e-16 4.46821e-15 2.24454e-08 -0.152223 1.19484e-11 3.26433e-07 -0.152222 0.997324 8.06376e-11 -2.07831e-08 -4.47753e-12 -8.95973e-11 0.985638 -1.95821e-07 3.29075e-07 -3.81762e-08 1.95754e-07 0.983342
32 0.0581114 2.26198e-08 -3.67798e-09 -9.23329e-19 7.39385e-15 -3.67798e-09 2.25587e-08 1.74807e-18 -5.01538e-16 2.31493e-19 -1.3009e-18 2.22569e-08 -4.73105e-15 7.45543e-15 -9.21066e-16 4.73103e-15 2.2205e-08 -0.1626 -4.08195e-11 3.26875e-07 -0.1626 0.997299 7.72807e-11 -2.21725e-08 1.02341e-11 -5.75117e-11 0.983955 -2.09155e-07 3.29598e-07 -4.07194e-08 2.09154e-07 0.981662
33 0.0597256 2.24105e-08 -3.88486e-09 -6.19839e-19 7.33435e-15 -3.88486e-09 2.23494e-08 2.22149e-18 -5.29698e-16 -4.14922e-20 -2.31502e-18 2.20092e-08 -4.99687e-15 7.40154e-15 -9.72736e-16 4.99788e-15 2.19579e-08 -0.17335 -2.76584e-11 3.27273e-07 -0.17335 0.997274 9.91273e-11 -2.36361e-08 -1.85146e-12 -1.03301e-10 0.982093 -2.2297e-07 3.30271e-07 -4.34054e-08 2.23015e-07 0.979804
34 0.0613216 2.21979e-08 -4.09494e-09 -3.11222e-19 7.27258e-15 -4.09494e-09 2.21368e-08 1.55985e-18 -5.58808e-16 -4.93829e-19 -2.49493e-18 2.17548e-08 -5.2673e-15 7.34424e-15 -1.02512e-15 5.26771e-15 2.17041e-08 -0.184474 -1.40203e-11 3.27625e-07 -0.184474 0.997248 7.02703e-11 -2.51739e-08 -2.22466e-11 -1.12395e-10 0.980038 -2.37288e-07 3.30853e-07 -4.61808e-08 2.37307e-07 0.977754
35 0.0628989 2.19823e-08 -4.30797e-09 -5.63637e-19 7.21051e-15 -4.30797e-09 2.19213e-08 3.05751e-18 -5.88998e-16 -6.29365e-19 -3.10555e-18 2.14938e-08 -5.54315e-15 7.28589e-15 -1.08006e-15 5.54232e-15 2.14437e-08 -0.195974 -2.56405e-11 3.28014e-07 -0.195974 0.997222 1.39089e-10 -2.67942e-08 -2.86305e-11 -1.41275e-10 0.977776 -2.52164e-07 3.31443e-07 -4.91329e-08 2.52126e-07 0.975497
36 0.064457 2.1764e-08 -4.52368e-09 3.37273e-19 7.14878e-15 -4.52368e-09 2.17029e-08 2.05386e-18 -6.17873e-16 8.11232e-19 -2.0231e-18 2.12262e-08 -5.82065e-15 7.22645e-15 -1.13229e-15 5.82002e-15 2.11768e-08 -0.207852 1.54969e-11 3.28468e-07 -0.207852 0.997194 9.43694e-11 -2.83897e-08 3.72741e-11 -9.29562e-11 0.975292 -2.67444e-07 3.32037e-07 -5.20261e-08 2.67415e-07 0.973018
37 0.0659956 2.15432e-08 -4.74182e-09 9.20669e-20 7.08439e-15 -4.74181e-09 2.14821e-08 1.76114e-18 -6.48354e-16 1.19702e-18 -2.52115e-18 2.09522e-08 -6.10231e-15 7.16556e-15 -1.18737e-15 6.10103e-15 2.09034e-08 -0.220108 4.2736e-12 3.28846e-07 -0.220108 0.997165 8.17495e-11 -3.00956e-08 5.55639e-11 -1.17028e-10 0.97257 -2.8326e-07 3.32614e-07 -5.51159e-08 2.832e-07 0.970302
38 0.067514 2.13201e-08 -4.9621e-09 -1.25108e-18 7.01805e-15 -4.9621e-09 2.12591e-08 1.63448e-18 -6.77449e-16 6.87873e-20 -1.36039e-18 2.06718e-08 -6.38523e-15 7.10505e-15 -1.24233e-15 6.38534e-15 2.06237e-08 -0.232743 -5.86807e-11 3.29175e-07 -0.232743 0.997136 7.66636e-11 -3.17751e-08 3.2264e-12 -6.38078e-11 0.969593 -2.99493e-07 3.33256e-07 -5.82701e-08 2.99498e-07 0.967333
39 0.0690118 2.10951e-08 -5.18427e-09 -5.99404e-19 6.95179e-15 -5.18427e-09 2.10341e-08 1.8105e-18 -7.07834e-16 -4.33041e-19 -1.39277e-18 2.03852e-08 -6.67082e-15 7.0425e-15 -1.29866e-15 6.6709e-15 2.03377e-08 -0.245757 -2.84143e-11 3.29545e-07 -0.245757 0.997106 8.58253e-11 -3.35544e-08 -2.0528e-11 -6.60233e-11 0.966346 -3.16226e-07 3.33845e-07 -6.1562e-08 3.16229e-07 0.964092
40 0.10628 2.08685e-08 -5.40805e-09 -4.33956e-19 6.8853e-15 -5.40804e-09 2.08074e-08 1.61718e-18 -7.38541e-16 3.65862e-19 -2.1041e-18 2.00923e-08 -6.95978e-15 6.98067e-15 -1.35417e-15 6.96083e-15 2.00455e-08 -0.259149 -2.07948e-11 3.29938e-07 -0.259149 0.997074 7.74939e-11 -3.53903e-08 1.75318e-11 -1.00826e-10 0.962808 -3.33507e-07 3.34508e-07 -6.48905e-08 3.33557e-07 0.960563
42 0.146749 2.04113e-08 -5.85933e-09 8.2578e-20 6.74622e-15 -5.85932e-09 2.03502e-08 1.34937e-18 -8.00726e-16 5.97679e-19 -2.25962e-18 1.94885e-08 -7.54212e-15 6.85052e-15 -1.4669e-15 7.54088e-15 1.9443e-08 -0.287063 4.0457e-12 3.30514e-07 -0.287063 0.997009 6.61091e-11 -3.92296e-08 2.92818e-11 -1.10705e-10 0.954789 -3.69507e-07 3.35624e-07 -7.18672e-08 3.69447e-07 0.952563
44 0.152348 1.99507e-08 -6.31373e-09 -4.47363e-19 6.60641e-15 -6.31372e-09 1.98897e-08 3.16767e-18 -8.63083e-16 5.45339e-20 -2.32334e-18 1.8861e-08 -8.12724e-15 6.71789e-15 -1.57971e-15 8.12666e-15 1.8817e-08 -0.316466 -2.24234e-11 3.31137e-07 -0.316466 0.996941 1.58775e-10 -4.32608e-08 2.73343e-12 -1.16454e-10 0.945379 -4.07366e-07 3.36725e-07 -7.91806e-08 4.07337e-07 0.943173
46 0.157761 1.9489e-08 -6.76902e-09 -9.31557e-19 6.46187e-15 -6.76901e-09 1.9428e-08 2.00351e-18 -9.25658e-16 -4.25818e-19 -1.53527e-18 1.82107e-08 -8.71538e-15 6.58088e-15 -1.69418e-15 8.7154e-15 1.81682e-08 -0.347325 -4.77991e-11 3.31565e-07 -0.347324 0.996869 1.02802e-10 -4.74964e-08 -2.18491e-11 -7.87759e-11 0.934406 -4.47195e-07 3.37671e-07 -8.69298e-08 4.47195e-07 0.932225
48 0.162982 1.90285e-08 -7.22297e-09 -6.32429e-19 6.3147e-15 -7.22296e-09 1.89674e-08 3.97863e-19 -9.88916e-16 2.50711e-19 -1.67195e-18 1.75383e-08 -9.30012e-15 6.44262e-15 -1.80681e-15 9.30089e-15 1.74974e-08 -0.379588 -3.32359e-11 3.31856e-07 -0.379587 0.996794 2.09088e-11 -5.19704e-08 1.31756e-11 -8.7866e-11 0.92169 -4.88748e-07 3.38578e-07 -9.49533e-08 4.88788e-07 0.919538
50 0.168004 1.85713e-08 -7.67335e-09 -3.87272e-19 6.16582e-15 -7.67335e-09 1.85103e-08 1.31013e-18 -1.04938e-15 -2.86128e-19 -3.19472e-18 1.68449e-08 -9.88205e-15 6.30432e-15 -1.91921e-15 9.88189e-15 1.68055e-08 -0.413184 -2.08533e-11 3.32009e-07 -0.413184 0.996715 7.05461e-11 -5.65057e-08 -1.54071e-11 -1.72025e-10 0.90704 -5.32115e-07 3.39466e-07 -1.03343e-07 5.32107e-07 0.904922
52 0.172821 1.81196e-08 -8.11796e-09 -4.46921e-19 6.01554e-15 -8.11796e-09 1.80586e-08 2.74402e-18 -1.11094e-15 1.35093e-20 -7.33719e-19 1.61311e-08 -1.0457e-14 6.16139e-15 -2.03019e-15 1.04562e-14 1.60935e-08 -0.448021 -2.4665e-11 3.3199e-07 -0.44802 0.996634 1.51439e-10 -6.13117e-08 7.45564e-13 -4.04931e-11 0.890257 -5.77107e-07 3.4004e-07 -1.12044e-07 5.77065e-07 0.888178
54 0.177428 1.76757e-08 -8.55463e-09 5.54182e-19 5.86279e-15 -8.55462e-09 1.76148e-08 -7.09662e-20 -1.17176e-15 -1.15564e-18 -9.89969e-19 1.5398e-08 -1.10204e-14 6.01737e-15 -2.13926e-15 1.10211e-14 1.5362e-08 -0.483976 3.13527e-11 3.31686e-07 -0.483975 0.99655 -4.01489e-12 -6.62919e-08 -6.538e-11 -5.60072e-11 0.871138 -6.23477e-07 3.40431e-07 -1.21028e-07 6.23515e-07 0.869103
56 0.181819 1.72418e-08 -8.98121e-09 -8.27357e-19 5.70984e-15 -8.9812e-09 1.71808e-08 1.15228e-18 -1.23025e-15 3.03111e-20 -1.27475e-18 1.46464e-08 -1.15718e-14 5.87238e-15 -2.24428e-15 1.15717e-14 1.46122e-08 -0.520899 -4.79856e-11 3.31163e-07 -0.520898 0.996464 6.68307e-11 -7.13532e-08 1.758e-12 -7.39341e-11 0.849474 -6.71152e-07 3.4059e-07 -1.30166e-07 6.71143e-07 0.847489
58 0.185988 1.68198e-08 -9.39562e-09 5.42492e-19 5.55677e-15 -9.39562e-09 1.67588e-08 1.10656e-18 -1.2872e-15 1.02692e-18 -5.80711e-19 1.38773e-08 -1.2108e-14 5.72647e-15 -2.34697e-15 1.21079e-14 1.38449e-08 -0.558606 3.22532e-11 3.30372e-07 -0.558606 0.996376 6.57891e-11 -7.65293e-08 6.10543e-11 -3.45255e-11 0.825061 -7.19867e-07 3.40461e-07 -1.39536e-07 7.19864e-07 0.823133
60 0.286303 1.64118e-08 -9.79585e-09 -8.46184e-21 5.40251e-15 -9.79584e-09 1.63509e-08 1.87017e-18 -1.34253e-15 -1.33631e-18 -2.97133e-19 1.30917e-08 -1.2627e-14 5.58181e-15 -2.4463e-15 1.26262e-14 1.30611e-08 -0.596878 -5.15595e-13 3.29184e-07 -0.596877 0.996286 1.13952e-10 -8.1803e-08 -8.14235e-11 -1.81048e-11 0.7977 -7.69387e-07 3.40109e-07 -1.49057e-07 7.69336e-07 0.795835
64 0.394175 1.56457e-08 -1.0546e-08 -9.23585e-19 5.09701e-15 -1.0546e-08 1.55848e-08 9.7136e-19 -1.44682e-15 -3.22896e-19 -5.3751e-19 1.14747e-08 -1.35986e-14 5.29061e-15 -2.63201e-15 1.35978e-14 1.14479e-08 -0.674047 -5.90311e-11 3.25776e-07 -0.674047 0.996106 6.20846e-11 -9.24734e-08 -2.0638e-11 -3.4355e-11 0.73341 -8.69153e-07 3.3815e-07 -1.68226e-07 8.69106e-07 0.731693
68 0.406626 1.49583e-08 -1.1217e-08 -2.64476e-19 4.79432e-15 -1.1217e-08 1.48974e-08 1.19735e-18 -1.53874e-15 -3.18731e-20 -9.47923e-19 9.80362e-09 -1.44694e-14 5.00179e-15 -2.7995e-15 1.44684e-14 9.78065e-09 -0.749886 -1.76809e-11 3.20513e-07 -0.749886 0.995929 8.00462e-11 -1.02869e-07 -2.13081e-12 -6.33713e-11 0.655399 -9.67316e-07 3.34383e-07 -1.87155e-07 9.67255e-07 0.653863
72 0.417095 1.43625e-08 -1.17958e-08 9.31971e-21 4.49839e-15 -1.17958e-08 1.43016e-08 4.9378e-19 -1.61889e-15 2.93179e-19 7.42839e-19 8.08665e-09 -1.52206e-14 4.71778e-15 -2.94081e-15 1.52221e-14 8.06768e-09 -0.821297 6.48894e-13 3.13205e-07 -0.821297 0.995761 3.43799e-11 -1.12717e-07 2.04129e-11 5.17209e-11 0.563041 -1.05975e-06 3.2848e-07 -2.04757e-07 1.05985e-06 0.56172
76 0.425533 1.38697e-08 -1.22713e-08 -2.70645e-19 4.21205e-15 -1.22713e-08 1.38088e-08 1.11549e-18 -1.68699e-15 4.19589e-19 -8.11862e-19 6.33235e-09 -1.58407e-14 4.44226e-15 -3.05594e-15 1.5841e-14 6.31747e-09 -0.88476 -1.95135e-11 3.03688e-07 -0.884759 0.995613 8.0427e-11 -1.21631e-07 3.02523e-11 -5.85351e-11 0.456562 -1.14211e-06 3.20287e-07 -2.20333e-07 1.14213e-06 0.455489
80 0.431897 1.34891e-08 -1.26342e-08 -4.69385e-19 3.93884e-15 -1.26342e-08 1.34283e-08 1.50335e-18 -1.73718e-15 2.23077e-19 -1.40903e-18 4.54939e-09 -1.63157e-14 4.17657e-15 -3.14429e-15 1.63173e-14 4.53867e-09 -0.936621 -3.47973e-11 2.92001e-07 -0.93662 0.995491 1.11449e-10 -1.28784e-07 1.65376e-11 -1.04457e-10 0.337263 -1.20954e-06 3.09625e-07 -2.33098e-07 1.20966e-06 0.336468
84 0.436158 1.3228e-08 -1.28776e-08 3.50518e-19 3.67933e-15 -1.28775e-08 1.31672e-08 3.30748e-19 -1.77086e-15 1.50204e-18 -6.59847e-19 2.74656e-09 -1.66367e-14 3.92248e-15 -3.20147e-15 1.66375e-14 2.74004e-09 -0.97351 2.64982e-11 2.78148e-07 -0.973509 0.995403 2.50037e-11 -1.33872e-07 1.1355e-10 -4.98828e-11 0.207633 -1.25769e-06 2.96529e-07 -2.42023e-07 1.25775e-06 0.20714
88 0.328636 1.30909e-08 -1.29967e-08 5.28233e-19 3.43497e-15 -1.29967e-08 1.30301e-08 1.43201e-18 -1.78773e-15 1.22952e-18 7.40532e-19 9.32693e-10 -1.67972e-14 3.68235e-15 -3.22797e-15 1.67978e-14 9.30414e-10 -0.992806 4.03513e-11 2.62395e-07 -0.992805 0.995357 1.0939e-10 -1.36563e-07 9.39221e-11 5.65686e-11 0.0712476 -1.28312e-06 2.81291e-07 -2.46582e-07 1.28317e-06 0.0710735
90 0.219313 1.30697e-08 -1.30089e-08 -9.17601e-19 3.31992e-15 -1.30089e-08 1.30089e-08 3.99967e-19 -1.78972e-15 1.0184e-18 4.86089e-19 2.43961e-11 -1.68168e-14 3.56766e-15 -3.22948e-15 1.6818e-14 2.42402e-11 -0.995351 -7.02084e-11 2.54017e-07 -0.99535 0.99535 3.06027e-11 -1.36937e-07 7.79205e-11 3.71922e-11 0.00186662 -1.2867e-06 2.72973e-07 -2.47097e-07 1.2868e-06 0.00185469
92 0.328636 1.30802e-08 -1.29894e-08 -2.20441e-19 3.21016e-15 -1.29894e-08 1.30194e-08 5.60366e-19 -1.78603e-15 -3.18444e-19 -1.24485e-19 -8.83333e-10 -1.67959e-14 3.45524e-15 -3.22252e-15 1.6796e-14 -8.81366e-10 -0.993064 -1.68531e-11 2.45422e-07 -0.993063 0.995355 4.28409e-11 -1.36545e-07 -2.43456e-11 -9.51708e-12 -0.0675323 -1.28407e-06 2.64159e-07 -2.46367e-07 1.28408e-06 -0.0673819
96 0.436158 1.31957e-08 -1.2856e-08 -5.15651e-19 3.00216e-15 -1.2856e-08 1.31349e-08 5.1666e-19 -1.76917e-15 4.03619e-19 -2.15453e-19 -2.69267e-09 -1.6629e-14 3.24636e-15 -3.18607e-15 1.66283e-14 -2.68647e-09 -0.974259 -3.90773e-11 2.27511e-07 -0.974258 0.995397 3.91538e-11 -1.34072e-07 3.05872e-11 -1.63276e-11 -0.204058 -1.26019e-06 2.46018e-07 -2.41448e-07 1.26014e-06 -0.203588
100 0.431897 1.34348e-08 -1.25991e-08 2.02815e-19 2.81464e-15 -1.25991e-08 1.3374e-08 -5.45302e-20 -1.73237e-15 -7.55242e-19 4.46184e-19 -4.48655e-09 -1.6303e-14 3.05331e-15 -3.11986e-15 1.6304e-14 -4.47615e-09 -0.937797 1.50962e-11 2.09505e-07 -0.937796 0.99548 -4.05889e-12 -1.28947e-07 -5.62155e-11 3.32111e-11 -0.333951 -1.21349e-06 2.27269e-07 -2.32223e-07 1.21357e-06 -0.333176
104 0.425533 1.37925e-08 -1.22238e-08 4.31829e-19 2.64496e-15 -1.22238e-08 1.37318e-08 8.37301e-19 -1.68102e-15 6.31021e-19 -3.06275e-19 -6.25628e-09 -1.58237e-14 2.87764e-15 -3.02175e-15 1.58241e-14 -6.24173e-09 -0.886266 3.1309e-11 1.91769e-07 -0.886265 0.995599 6.07071e-11 -1.21879e-07 4.57511e-11 -2.22059e-11 -0.453601 -1.14727e-06 2.08639e-07 -2.19087e-07 1.1473e-06 -0.452546
108 0.417095 1.42615e-08 -1.17375e-08 -7.17314e-19 2.4965e-15 -1.17375e-08 1.42008e-08 7.37407e-19 -1.6127e-15 6.87556e-19 4.22713e-19 -7.99336e-09 -1.52005e-14 2.7179e-15 -2.89864e-15 1.52004e-14 -7.97473e-09 -0.823024 -5.02973e-11 1.75052e-07 -0.823023 0.995745 5.17062e-11 -1.13081e-07 4.82107e-11 2.96402e-11 -0.560486 -1.06584e-06 1.90577e-07 -2.03249e-07 1.06584e-06 -0.55918
112 0.406626 1.48323e-08 -1.11498e-08 -6.22037e-19 2.36721e-15 -1.11498e-08 1.47717e-08 4.71168e-19 -1.53043e-15 8.24232e-19 9.55593e-19 -9.68943e-09 -1.44458e-14 2.57722e-15 -2.75022e-15 1.44447e-14 -9.66682e-09 -0.751722 -4.19379e-11 1.59598e-07 -0.751722 0.99591 3.17663e-11 -1.03182e-07 5.55699e-11 6.44263e-11 -0.653264 -9.73942e-07 1.73756e-07 -1.85421e-07 9.73865e-07 -0.651739
116 0.394175 1.54937e-08 -1.04721e-08 -1.65781e-19 2.25595e-15 -1.04721e-08 1.5433e-08 1.03417e-18 -1.43495e-15 2.21064e-19 6.08666e-19 -1.13364e-08 -1.35723e-14 2.45234e-15 -2.58097e-15 1.35724e-14 -1.13099e-08 -0.675895 -1.06999e-11 1.45604e-07 -0.675895 0.996086 6.67482e-11 -9.2615e-08 1.4268e-11 3.92848e-11 -0.731679 -8.75993e-07 1.5828e-07 -1.66582e-07 8.75994e-07 -0.72997
120 0.379804 1.62323e-08 -9.71761e-09 -5.19647e-19 2.16314e-15 -9.71761e-09 1.61717e-08 9.16461e-19 -1.32981e-15 6.63363e-19 -4.25786e-19 -1.29264e-08 -1.25993e-14 2.34353e-15 -2.39149e-15 1.25997e-14 -1.28962e-08 -0.598658 -3.20131e-11 1.33262e-07 -0.598658 0.996265 5.6459e-11 -8.19234e-08 4.08668e-11 -2.62308e-11 -0.796338 -7.76186e-07 1.44374e-07 -1.47329e-07 7.76209e-07 -0.794476
124 0.363583 1.70337e-08 -8.90103e-09 -8.84043e-19 2.08629e-15 -8.90103e-09 1.69731e-08 4.86601e-19 -1.21776e-15 4.73965e-19 1.75181e-19 -1.44519e-08 -1.15444e-14 2.25026e-15 -2.18833e-15 1.15447e-14 -1.44181e-08 -0.522554 -5.18997e-11 1.2248e-07 -0.522554 0.996442 2.8567e-11 -7.1491e-08 2.78251e-11 1.02844e-11 -0.84843 -6.77739e-07 1.32106e-07 -1.2847e-07 6.77758e-07 -0.846446
128 0.34559 1.7882e-08 -8.03821e-09 -6.18249e-19 2.02541e-15 -8.0382e-09 1.78214e-08 -1.55601e-20 -1.09643e-15 -5.2425e-19 -1.22284e-19 -1.59057e-08 -1.04294e-14 2.17233e-15 -1.97451e-15 1.04288e-14 -1.58685e-08 -0.449513 -3.45738e-11 1.13265e-07 -0.449513 0.996611 -8.70151e-13 -6.13144e-08 -2.93171e-11 -6.83835e-12 -0.889479 -5.83231e-07 1.21481e-07 -1.10419e-07 5.83199e-07 -0.887397
132 0.325914 1.87606e-08 -7.14588e-09 3.54659e-19 1.97692e-15 -7.14587e-09 1.87001e-08 1.16493e-18 -9.74343e-16 -7.95765e-19 9.5104e-19 -1.72809e-08 -9.27417e-15 2.1079e-15 -1.75299e-15 9.27426e-15 -1.72404e-08 -0.380897 1.89044e-11 1.05376e-07 -0.380897 0.996771 6.20944e-11 -5.19355e-08 -4.24167e-11 5.06934e-11 -0.921124 -4.94342e-07 1.12357e-07 -9.34398e-08 4.94347e-07 -0.918967
136 0.304649 1.96523e-08 -6.24131e-09 2.24465e-19 1.94097e-15 -6.24131e-09 1.95918e-08 -2.16568e-19 -8.5019e-16 -1.72548e-19 1.26238e-18 -1.8571e-08 -8.10386e-15 2.05492e-15 -1.52797e-15 8.10243e-15 -1.85275e-08 -0.317586 1.14218e-11 9.87652e-08 -0.317586 0.996918 -1.102e-11 -4.32615e-08 -8.78005e-12 6.42356e-11 -0.944978 -4.12361e-07 1.04564e-07 -7.77501e-08 4.12289e-07 -0.942764
140 0.281901 2.05397e-08 -5.34202e-09 -1.16602e-18 1.91554e-15 -5.34201e-09 2.04791e-08 5.80695e-19 -7.25621e-16 1.74864e-19 2.06179e-19 -1.97701e-08 -6.93707e-15 2.01219e-15 -1.30754e-15 6.93684e-15 -1.97237e-08 -0.260083 -5.67693e-11 9.32606e-08 -0.260083 0.997051 2.82719e-11 -3.53278e-08 8.5135e-12 1.00381e-11 -0.962532 -3.37741e-07 9.7966e-08 -6.36594e-08 3.37729e-07 -0.960276
144 0.257779 2.14053e-08 -4.46537e-09 -5.94338e-19 1.89772e-15 -4.46537e-09 2.13447e-08 -1.38214e-19 -6.0679e-16 -1.06927e-19 7.85674e-19 -2.08724e-08 -5.80096e-15 1.98069e-15 -1.09244e-15 5.79925e-15 -2.08235e-08 -0.208611 -2.7766e-11 8.86565e-08 -0.208611 0.997171 -6.45702e-12 -2.83477e-08 -4.99534e-12 3.67047e-11 -0.975106 -2.71006e-07 9.2533e-08 -5.1036e-08 2.70926e-07 -0.972819
148 0.232401 2.22324e-08 -3.6283e-09 5.25136e-19 1.88881e-15 -3.6283e-09 2.21718e-08 2.08977e-20 -4.91346e-16 7.70907e-19 7.49789e-19 -2.18729e-08 -4.71373e-15 1.9553e-15 -8.86103e-16 4.71346e-15 -2.18216e-08 -0.163199 2.36204e-11 8.49579e-08 -0.163199 0.997277 9.39969e-13 -2.21005e-08 3.4675e-11 3.37251e-11 -0.983833 -2.12021e-07 8.79482e-08 -3.98565e-08 2.12009e-07 -0.981525
152 0.205891 2.30048e-08 -2.84696e-09 -8.82208e-19 1.88444e-15 -2.84696e-09 2.29442e-08 3.6224e-19 -3.84392e-16 1.54547e-19 -2.58276e-19 -2.27669e-08 -3.6997e-15 1.93762e-15 -6.95434e-16 3.69892e-15 -2.27135e-08 -0.123755 -3.8349e-11 8.19153e-08 -0.123755 0.997369 1.57463e-11 -1.67092e-08 6.71805e-12 -1.12271e-11 -0.989661 -1.60823e-07 8.42271e-08 -3.023e-08 1.60789e-07 -0.987338
156 0.178378 2.37075e-08 -2.1364e-09 -6.17028e-19 1.88275e-15 -2.1364e-09 2.3647e-08 -1.16718e-19 -2.87622e-16 7.35267e-19 7.96205e-19 -2.35502e-08 -2.77607e-15 1.92607e-15 -5.20677e-16 2.77627e-15 -2.3495e-08 -0.0901149 -2.60267e-11 7.94159e-08 -0.0901149 0.997447 -4.92324e-12 -1.21321e-08 3.10141e-11 3.35845e-11 -0.993368 -1.17097e-07 8.1243e-08 -2.19625e-08 1.17105e-07 -0.991036
160 0.0971232 2.43269e-08 -1.51032e-09 -8.916e-19 1.88539e-15 -1.51031e-09 2.42663e-08 -8.98388e-19 -2.0286e-16 -4.67009e-20 2.37372e-19 -2.42193e-08 -1.96417e-15 1.91682e-15 -3.68284e-16 1.9626e-15 -2.41624e-08 -0.0620843 -3.66508e-11 7.75026e-08 -0.0620842 0.997512 -3.69299e-11 -8.33894e-09 -1.91972e-12 9.75761e-12 -0.995578 -8.07407e-08 7.87943e-08 -1.5139e-08 8.06764e-08 -0.993241
161 0.0357021 2.44672e-08 -1.36845e-09 1.45358e-19 1.88477e-15 -1.36845e-09 2.44067e-08 8.40395e-19 -1.8297e-16 5.24571e-19 -3.68465e-19 -2.43683e-08 -1.77789e-15 1.91632e-15 -3.33469e-16 1.7793e-15 -2.43111e-08 -0.0559297 5.94094e-12 7.70325e-08 -0.0559297 0.997526 3.43477e-11 -7.47818e-09 2.14397e-11 -1.50595e-11 -0.995957 -7.26641e-08 7.83219e-08 -1.36292e-08 7.27216e-08 -0.993619
162 0.0338871 2.46015e-08 -1.23279e-09 -7.55759e-19 1.8863e-15 -1.23279e-09 2.4541e-08 -1.05434e-18 -1.66589e-16 3.6134e-19 2.77632e-19 -2.451e-08 -1.60221e-15 1.91364e-15 -3.00812e-16 1.60275e-15 -2.44524e-08 -0.0501104 -3.072e-11 7.66743e-08 -0.0501104 0.99754 -4.28567e-11 -6.77149e-09 1.46877e-11 1.12852e-11 -0.99628 -6.51265e-08 7.77856e-08 -1.22274e-08 6.51485e-08 -0.993941
163 0.0320617 2.47294e-08 -1.10351e-09 -5.46056e-19 1.88646e-15 -1.10351e-09 2.46689e-08 -2.94641e-19 -1.49037e-16 2.17886e-19 -2.96899e-19 -2.46442e-08 -1.43508e-15 1.91304e-15 -2.69485e-16 1.43442e-15 -2.45863e-08 -0.0446234 -2.20812e-11 7.62841e-08 -0.0446234 0.997553 -1.19146e-11 -6.02671e-09 8.8108e-12 -1.20059e-11 -0.996554 -5.80312e-08 7.73587e-08 -1.08973e-08 5.80046e-08 -0.994214
164 0.0302266 2.48509e-08 -9.80766e-10 4.32463e-19 1.88796e-15 -9.80765e-10 2.47904e-08 2.08857e-19 -1.31857e-16 8.13823e-19 -4.7885e-19 -2.4771e-08 -1.2757e-15 1.91235e-15 -2.38634e-16 1.27564e-15 -2.47128e-08 -0.039466 1.74023e-11 7.59716e-08 -0.039466 0.997565 8.40439e-12 -5.30594e-09 3.27482e-11 -1.92689e-11 -0.996784 -5.13343e-08 7.6953e-08 -9.60262e-09 5.13318e-08 -0.994443
165 0.0283823 2.49658e-08 -8.647e-10 2.92553e-19 1.88942e-15 -8.64699e-10 2.49053e-08 -3.13541e-19 -1.15846e-16 1.34193e-20 5.50836e-19 -2.48902e-08 -1.12474e-15 1.91015e-15 -2.10971e-16 1.12545e-15 -2.48318e-08 -0.0346354 1.17181e-11 7.56802e-08 -0.0346354 0.997576 -1.25588e-11 -4.6402e-09 5.3751e-13 2.20636e-11 -0.996974 -4.50511e-08 7.65106e-08 -8.4504e-09 4.50797e-08 -0.994633
166 0.0265294 2.50739e-08 -7.55454e-10 4.1919e-19 1.88931e-15 -7.55453e-10 2.50134e-08 6.38569e-19 -1.02356e-16 7.55339e-20 6.05719e-19 -2.5002e-08 -9.82588e-16 1.90937e-15 -1.83593e-16 9.82666e-16 -2.49433e-08 -0.0301291 1.67182e-11 7.53496e-08 -0.0301291 0.997586 2.54675e-11 -4.08215e-09 3.01245e-12 2.41574e-11 -0.997131 -3.91877e-08 7.61498e-08 -7.32209e-09 3.91908e-08 -0.99479
167 0.0246683 2.51752e-08 -6.5316e-10 9.63106e-20 1.89038e-15 -6.53159e-10 2.51146e-08 3.00727e-19 -8.76892e-17 1.35388e-20 3.4858e-19 -2.51061e-08 -8.48508e-16 1.90898e-15 -1.59302e-16 8.49495e-16 -2.50472e-08 -0.0259446 3.82562e-12 7.50893e-08 -0.0259446 0.997596 1.19454e-11 -3.48316e-09 5.37782e-13 1.38462e-11 -0.997259 -3.37042e-08 7.5828e-08 -6.32773e-09 3.37434e-08 -0.994917
168 0.0172754 2.52694e-08 -5.57941e-10 -1.22825e-19 1.8912e-15 -5.5794e-10 2.52089e-08 7.12658e-19 -7.59889e-17 -8.81202e-19 2.12454e-19 -2.52027e-08 -7.25329e-16 1.90848e-15 -1.35571e-16 7.24281e-16 -2.51435e-08 -0.0220797 -4.8606e-12 7.48416e-08 -0.0220797 0.997605 2.82024e-11 -3.00715e-09 -3.48723e-11 8.40756e-12 -0.997361 -2.87038e-08 7.55252e-08 -5.36503e-09 2.86624e-08 -0.995018
168.5 0.0109315 2.53139e-08 -5.1302e-10 5.16494e-19 1.8909e-15 -5.1302e-10 2.52534e-08 -1.61313e-19 -6.86441e-17 2.47848e-20 -4.80678e-19 -2.52481e-08 -6.66907e-16 1.90814e-15 -1.25399e-16 6.66408e-16 -2.51888e-08 -0.0202664 2.04036e-11 7.46983e-08 -0.0202664 0.997609 -6.37252e-12 -2.71172e-09 9.79098e-13 -1.89887e-11 -0.997403 -2.63455e-08 7.5379e-08 -4.95378e-09 2.63258e-08 -0.995061
169 0.0104622 2.53565e-08 -4.69911e-10 5.05678e-19 1.89143e-15 -4.69911e-10 2.5296e-08 1.37293e-19 -6.36572e-17 -3.83159e-19 -6.42688e-19 -2.52917e-08 -6.11254e-16 1.90879e-15 -1.14304e-16 6.1039e-16 -2.52323e-08 -0.0185321 1.99427e-11 7.45934e-08 -0.0185321 0.997613 5.41451e-12 -2.51049e-09 -1.51109e-11 -2.53461e-11 -0.997441 -2.41064e-08 7.5278e-08 -4.50786e-09 2.40723e-08 -0.995099
169.5 0.00999215 2.53974e-08 -4.28626e-10 -3.14424e-19 1.89205e-15 -4.28626e-10 2.53369e-08 4.92299e-19 -5.68223e-17 4.69647e-19 -1.19954e-20 -2.53333e-08 -5.57139e-16 1.90826e-15 -1.04431e-16 5.56411e-16 -2.52738e-08 -0.0168768 -1.23802e-11 7.44977e-08 -0.0168767 0.997617 1.93838e-11 -2.23732e-09 1.84919e-11 -4.72309e-13 -0.997474 -2.19368e-08 7.51361e-08 -4.11188e-09 2.19082e-08 -0.995132
170 0.0095213 2.54365e-08 -3.89177e-10 -3.52323e-19 1.89214e-15 -3.89177e-10 2.53759e-08 5.21259e-19 -5.29916e-17 2.98067e-19 -5.90986e-20 -2.5373e-08 -5.04919e-16 1.90785e-15 -9.603e-17 5.05964e-16 -2.53134e-08 -0.0153 -1.38511e-11 7.43869e-08 -0.0153 0.997621 2.04926e-11 -2.08329e-09 1.17181e-11 -2.32338e-12 -0.997504 -1.98502e-08 7.50047e-08 -3.77529e-09 1.98913e-08 -0.995161
170.5 0.00904972 2.54737e-08 -3.51577e-10 -4.37347e-19 1.89271e-15 -3.51577e-10 2.54132e-08 8.51223e-19 -4.735e-17 4.61138e-19 4.20183e-19 -2.54107e-08 -4.57629e-16 1.90828e-15 -8.59626e-17 4.57022e-16 -2.53511e-08 -0.0138016 -1.71686e-11 7.43007e-08 -0.0138016 0.997624 3.34158e-11 -1.85878e-09 1.81025e-11 1.64948e-11 -0.997529 -1.79648e-08 7.49116e-08 -3.37456e-09 1.7941e-08 -0.995186
171 0.00857745 2.55091e-08 -3.15836e-10 -1.19484e-19 1.89358e-15 -3.15836e-10 2.54486e-08 8.15463e-19 -4.18787e-17 -5.70159e-19 9.88566e-19 -2.54466e-08 -4.09676e-16 1.90685e-15 -7.67333e-17 4.10478e-16 -2.53868e-08 -0.0123813 -4.68398e-12 7.42315e-08 -0.0123813 0.997628 3.19676e-11 -1.64172e-09 -2.23512e-11 3.87535e-11 -0.997551 -1.606e-08 7.47519e-08 -3.00808e-09 1.60915e-08 -0.995208
171.5 0.00810453 2.55426e-08 -2.81966e-10 3.44611e-20 1.89389e-15 -2.81966e-10 2.54821e-08 -8.60846e-20 -3.8075e-17 5.53958e-20 -3.68718e-19 -2.54805e-08 -3.66677e-16 1.90714e-15 -6.80098e-17 3.66497e-16 -2.54207e-08 -0.011039 1.34916e-12 7.41464e-08 -0.011039 0.997631 -3.37024e-12 -1.49065e-09 2.16876e-12 -1.44354e-11 -0.99757 -1.43555e-08 7.4665e-08 -2.66261e-09 1.43485e-08 -0.995227
172 0.00763099 2.55743e-08 -2.49976e-10 -2.21149e-19 1.89417e-15 -2.49976e-10 2.55137e-08 -4.8618e-19 -3.31061e-17 -7.3383e-19 -5.23432e-19 -2.55125e-08 -3.24623e-16 1.90664e-15 -6.20347e-17 3.2581e-16 -2.54526e-08 -0.00977452 -8.64732e-12 7.40656e-08 -0.00977451 0.997634 -1.90105e-11 -1.29451e-09 -2.86941e-11 -2.04671e-11 -0.997586 -1.26934e-08 7.45533e-08 -2.42567e-09 1.27397e-08 -0.995243
172.5 0.00715688 2.56041e-08 -2.19877e-10 -8.71838e-20 1.89525e-15 -2.19876e-10 2.55435e-08 2.41641e-19 -2.9678e-17 7.10107e-19 8.26828e-19 -2.55426e-08 -2.85787e-16 1.90717e-15 -5.28973e-17 2.85387e-16 -2.54826e-08 -0.00858757 -3.40508e-12 7.40216e-08 -0.00858756 0.997636 9.43761e-12 -1.15911e-09 2.77342e-11 3.22928e-11 -0.9976 -1.11618e-08 7.44869e-08 -2.06597e-09 1.11461e-08 -0.995256
173 0.00668221 2.5632e-08 -1.91676e-10 -7.32141e-19 1.8948e-15 -1.91676e-10 2.55715e-08 8.81057e-19 -2.53114e-17 9.72625e-20 1.626e-19 -2.55707e-08 -2.49779e-16 1.90684e-15 -4.67569e-17 2.49209e-16 -2.55107e-08 -0.00747802 -2.85636e-11 7.39231e-08 -0.00747801 0.997639 3.43733e-11 -9.87492e-10 3.79458e-12 6.34363e-12 -0.997611 -9.74482e-09 7.43929e-08 -1.82416e-09 9.72256e-09 -0.995268
173.5 0.00620704 2.5658e-08 -1.65384e-10 -5.76747e-20 1.89444e-15 -1.65384e-10 2.55975e-08 -6.55773e-19 -2.24114e-17 1.1303e-19 -4.28101e-19 -2.5597e-08 -2.14821e-16 1.90628e-15 -3.91182e-17 2.14995e-16 -2.55368e-08 -0.00644571 -2.24782e-12 7.38344e-08 -0.00644571 0.997641 -2.55582e-11 -8.73466e-10 4.40527e-12 -1.66849e-11 -0.997621 -8.37245e-09 7.42956e-08 -1.5246e-09 8.37924e-09 -0.995277
174 0.0057314 2.56821e-08 -1.41007e-10 -5.12722e-19 1.89416e-15 -1.41007e-10 2.56216e-08 -6.18494e-20 -1.86744e-17 -1.4258e-19 -8.54948e-20 -2.56212e-08 -1.83926e-16 1.9073e-15 -3.39935e-17 1.8288e-16 -2.55611e-08 -0.00549049 -1.99641e-11 7.37539e-08 -0.00549048 0.997644 -2.40827e-12 -7.27137e-10 -5.5517e-12 -3.32896e-12 -0.997629 -7.16162e-09 7.42658e-08 -1.32362e-09 7.12091e-09 -0.995285
174.5 0.00525531 2.57044e-08 -1.18554e-10 5.33804e-19 1.8958e-15 -1.18554e-10 2.56439e-08 9.66267e-19 -1.60106e-17 -9.12885e-19 3.44767e-19 -2.56436e-08 -1.5406e-16 1.90647e-15 -2.92817e-17 1.54465e-16 -2.55834e-08 -0.00461221 2.0767e-11 7.3754e-08 -0.0046122 0.997646 3.75915e-11 -6.22875e-10 -3.55148e-11 1.34128e-11 -0.997635 -5.99352e-09 7.4169e-08 -1.13917e-09 6.0093e-09 -0.995292
175 0.00477883 2.57247e-08 -9.803e-11 -2.22214e-20 1.89546e-15 -9.803e-11 2.56642e-08 -3.04402e-19 -1.3809e-17 1.19484e-19 -5.31053e-19 -2.5664e-08 -1.26868e-16 1.90652e-15 -2.45446e-17 1.27413e-16 -2.56037e-08 -0.00381074 -8.63816e-13 7.36824e-08 -0.00381073 0.997648 -1.18331e-11 -5.36801e-10 4.64472e-12 -2.06437e-11 -0.99764 -4.93177e-09 7.41125e-08 -9.54124e-10 4.95296e-09 -0.995297
175.5 0.00430199 2.57431e-08 -7.94422e-11 -7.03731e-19 1.89575e-15 -7.94421e-11 2.56826e-08 -1.45693e-19 -9.72561e-18 1.40378e-19 -5.44432e-19 -2.56825e-08 -1.0314e-16 1.90679e-15 -1.84519e-17 1.03261e-16 -2.56221e-08 -0.00308596 -2.73367e-11 7.36411e-08 -0.00308596 0.997649 -5.65948e-12 -3.77795e-10 5.45305e-12 -2.11487e-11 -0.997645 -4.00649e-09 7.407e-08 -7.16773e-10 4.0112e-09 -0.995301
176 0.00382481 2.57596e-08 -6.27959e-11 -2.66238e-19 1.89661e-15 -6.27959e-11 2.56991e-08 4.27511e-19 -8.29992e-18 2.48095e-19 5.72842e-19 -2.5699e-08 -8.12438e-17 1.90666e-15 -1.48891e-17 8.18776e-17 -2.56386e-08 -0.00243777 -1.03355e-11 7.36273e-08 -0.00243777 0.997651 1.65962e-11 -3.22207e-10 9.63116e-12 2.2238e-11 -0.997648 -3.15392e-09 7.40176e-08 -5.78004e-10 3.17853e-09 -0.995304
176.5 0.00334735 2.57741e-08 -4.80962e-11 -1.03201e-18 1.89643e-15 -4.80962e-11 2.57136e-08 3.674e-20 -6.76876e-18 -5.00742e-33 -2.5172e-19 -2.57136e-08 -6.19595e-17 1.906e-15 -1.11825e-17 6.22124e-17 -2.56532e-08 -0.00186607 -4.00404e-11 7.35789e-08 -0.00186606 0.997652 1.42546e-12 -2.62618e-10 -1.94281e-25 -9.76637e-12 -0.99765 -2.40394e-09 7.395e-08 -4.33863e-10 2.41375e-09 -0.995307
177 0.00286963 2.57868e-08 -3.53475e-11 2.35078e-19 1.89634e-15 -3.53475e-11 2.57262e-08 6.8775e-20 -5.41092e-18 1.18345e-19 5.20552e-20 -2.57262e-08 -4.6109e-17 1.90609e-15 -9.33854e-18 4.64585e-17 -2.56658e-08 -0.00137076 9.11622e-12 7.35392e-08 -0.00137076 0.997653 2.66707e-12 -2.09833e-10 4.58935e-12 2.01868e-12 -0.997652 -1.78809e-09 7.39176e-08 -3.62145e-10 1.80164e-09 -0.995309
177.5 0.00239169 2.57974e-08 -2.45537e-11 2.13044e-19 1.89575e-15 -2.45536e-11 2.57369e-08 1.2641e-19 -2.62985e-18 1.99075e-19 4.84301e-20 -2.57369e-08 -3.22512e-17 1.90547e-15 -6.33443e-18 3.30674e-17 -2.56765e-08 -0.000951787 8.25833e-12 7.34861e-08 -0.000951786 0.997654 4.90008e-12 -1.01942e-10 7.71684e-12 1.87732e-12 -0.997654 -1.25017e-09 7.38626e-08 -2.45545e-10 1.28181e-09 -0.99531
178 0.00191357 2.58062e-08 -1.57179e-11 -7.91188e-20 1.89627e-15 -1.57179e-11 2.57457e-08 6.76933e-19 -2.51931e-18 -1.67364e-19 8.11997e-19 -2.57457e-08 -2.09931e-17 1.90551e-15 -3.67667e-18 1.97407e-17 -2.56852e-08 -0.000609075 -3.06589e-12 7.34812e-08 -0.000609074 0.997655 2.62314e-11 -9.76242e-11 -6.48544e-12 3.14652e-11 -0.997655 -8.13493e-10 7.38391e-08 -1.42473e-10 7.64961e-10 -0.995311
178.5 0.00143531 2.5813e-08 -8.84287e-12 -2.47848e-20 1.89673e-15 -8.84286e-12 2.57525e-08 2.80395e-19 -1.02529e-18 1.1028e-19 2.80395e-19 -2.57525e-08 -1.13362e-17 1.90596e-15 -1.32696e-18 1.22257e-17 -2.5692e-08 -0.000342574 -9.60166e-13 7.34798e-08 -0.000342574 0.997656 1.08625e-11 -3.97199e-11 4.27225e-12 1.08625e-11 -0.997656 -4.39168e-10 7.38372e-08 -5.14066e-11 4.73624e-10 -0.995312
179 0.000956932 2.58179e-08 -3.93066e-12 -7.26652e-20 1.89686e-15 -3.93065e-12 2.57573e-08 1.02257e-18 2.88581e-19 1.1028e-19 1.02257e-18 -2.57573e-08 -5.06516e-18 1.90611e-15 -9.69949e-19 5.9688e-18 -2.56968e-08 -0.000152246 -2.81453e-12 7.34708e-08 -0.000152245 0.997656 3.96073e-11 1.11776e-11 4.27144e-12 3.96073e-11 -0.997656 -1.96188e-10 7.38292e-08 -3.75689e-11 2.31189e-10 -0.995313
179.5 0.000478484 2.58208e-08 -9.82738e-13 -4.81482e-34 1.89606e-15 -9.82739e-13 2.57603e-08 5.98766e-19 2.37153e-19 2.88889e-34 5.98766e-19 -2.57603e-08 -8.44582e-19 1.90587e-15 1.69835e-19 1.18994e-18 -2.56998e-08 -3.806e-05 -1.86471e-26 7.34317e-08 -3.806e-05 0.997656 2.31893e-11 9.18458e-12 1.11883e-26 2.31893e-11 -0.997656 -3.27094e-11 7.38115e-08 6.57744e-12 4.60846e-11 -0.995313
180 5.98114e-05 2.58218e-08 0 0 1.89594e-15 0 2.57612e-08 4.05477e-19 0 0 4.05477e-19 -2.57612e-08 0 1.9055e-15 0 0 -2.57007e-08 0 0 7.34241e-08 0 0.997656 1.57029e-11 0 0 1.57029e-11 -0.997656 0 7.37943e-08 0 0 -0.995313
