theta 2pi*dcos S11 S12 S13 S14 S21 S22 S23 S24 S31 S32 S33 S34 S41 S42 S43 S44 S12_norm S13_norm S14_norm S21_norm S22_norm S23_norm S24_norm S31_norm S32_norm S33_norm S34_norm S41_norm S42_norm S43_norm S44_norm
0 2.39246e-06 1.81423e-05 0 0 1.72898e-11 0 1.80956e-05 1.35778e-13 0 0 -1.35778e-13 1.80956e-05 0 1.729e-11 0 0 1.80489e-05 0 0 9.5301e-07 0 0.997428 7.48408e-09 0 0 -7.48408e-09 0.997428 0 9.53024e-07 0 0 0.994857
0.1 1.91397e-05 1.81422e-05 -2.71214e-11 2.97384e-19 1.72897e-11 -2.71214e-11 1.80956e-05 1.35778e-13 -1.20412e-17 2.49706e-19 -1.35778e-13 1.80956e-05 -7.05755e-15 1.729e-11 -1.91553e-17 7.05776e-15 1.80489e-05 -1.49493e-06 1.63918e-14 9.5301e-07 -1.49493e-06 0.997428 7.48411e-09 -6.6371e-13 1.37638e-14 -7.48411e-09 0.997428 -3.89012e-10 9.53024e-07 -1.05584e-12 3.89024e-10 0.994857
0.2 3.82793e-05 1.81421e-05 -1.08485e-10 -4.25915e-19 1.72897e-11 -1.08485e-10 1.80955e-05 1.35778e-13 -4.49939e-17 -3.80776e-20 -1.35778e-13 1.80955e-05 -2.82275e-14 1.72899e-11 -8.12153e-17 2.82293e-14 1.80488e-05 -5.97975e-06 -2.34766e-14 9.53011e-07 -5.97974e-06 0.997428 7.48412e-09 -2.48008e-12 -2.09885e-15 -7.48412e-09 0.997428 -1.55591e-09 9.53025e-07 -4.47661e-12 1.55601e-09 0.994857
0.3 5.74188e-05 1.8142e-05 -2.44091e-10 -2.39641e-18 1.72895e-11 -2.44091e-10 1.80953e-05 1.35777e-13 -9.96082e-17 1.13168e-18 -1.35776e-13 1.80953e-05 -6.35151e-14 1.72898e-11 -1.81973e-16 6.35144e-14 1.80487e-05 -1.34545e-05 -1.32092e-13 9.53012e-07 -1.34545e-05 0.997428 7.48411e-09 -5.49048e-12 6.23792e-14 -7.4841e-09 0.997428 -3.501e-09 9.53026e-07 -1.00305e-11 3.50096e-09 0.994857
0.4 7.65581e-05 1.81418e-05 -4.33936e-10 -2.55936e-18 1.72894e-11 -4.33935e-10 1.80951e-05 1.35776e-13 -1.77851e-16 7.55252e-19 -1.35776e-13 1.80951e-05 -1.12915e-13 1.72896e-11 -3.2429e-16 1.12915e-13 1.80485e-05 -2.39191e-05 -1.41076e-13 9.53013e-07 -2.39191e-05 0.997428 7.48415e-09 -9.80341e-12 4.16305e-14 -7.48414e-09 0.997428 -6.22403e-09 9.53028e-07 -1.78753e-11 6.22402e-09 0.994857
0.5 9.56972e-05 1.81415e-05 -6.78018e-10 -3.70282e-18 1.72891e-11 -6.78017e-10 1.80949e-05 1.35773e-13 -2.76525e-16 1.8802e-18 -1.35773e-13 1.80949e-05 -1.76429e-13 1.72894e-11 -5.06817e-16 1.76429e-13 1.80482e-05 -3.73738e-05 -2.04108e-13 9.53015e-07 -3.73738e-05 0.997428 7.48412e-09 -1.52426e-11 1.03641e-13 -7.48411e-09 0.997428 -9.72515e-09 9.5303e-07 -2.79369e-11 9.72517e-09 0.994857
0.6 0.000114836 1.81412e-05 -9.76333e-10 -5.76271e-18 1.72889e-11 -9.76333e-10 1.80945e-05 1.35771e-13 -3.99606e-16 2.37051e-18 -1.35771e-13 1.80945e-05 -2.54053e-13 1.72892e-11 -7.29721e-16 2.54055e-13 1.80479e-05 -5.38186e-05 -3.17659e-13 9.53017e-07 -5.38186e-05 0.997428 7.48413e-09 -2.20275e-11 1.3067e-13 -7.48413e-09 0.997428 -1.40042e-08 9.53033e-07 -4.02245e-11 1.40043e-08 0.994857
0.7 0.000133974 1.81408e-05 -1.32888e-09 -6.65774e-18 1.72885e-11 -1.32888e-09 1.80942e-05 1.35768e-13 -5.44095e-16 4.05009e-18 -1.35769e-13 1.80942e-05 -3.45792e-13 1.72889e-11 -9.93684e-16 3.45791e-13 1.80475e-05 -7.32536e-05 -3.67004e-13 9.5302e-07 -7.32535e-05 0.997428 7.48413e-09 -2.99928e-11 2.23258e-13 -7.48417e-09 0.997428 -1.90615e-08 9.53037e-07 -5.47762e-11 1.90615e-08 0.994857
0.8 0.000153112 1.81404e-05 -1.73565e-09 -9.32851e-18 1.72882e-11 -1.73565e-09 1.80937e-05 1.35765e-13 -7.11255e-16 4.5324e-18 -1.35765e-13 1.80937e-05 -4.51639e-13 1.72885e-11 -1.29742e-15 4.51639e-13 1.80471e-05 -9.56788e-05 -5.1424e-13 9.53022e-07 -9.56788e-05 0.997428 7.48413e-09 -3.92084e-11 2.49852e-13 -7.48414e-09 0.997428 -2.48969e-08 9.53041e-07 -7.15212e-11 2.48969e-08 0.994857
0.9 0.00017225 1.81399e-05 -2.19664e-09 -1.30072e-17 1.72878e-11 -2.19664e-09 1.80932e-05 1.35762e-13 -8.98282e-16 4.94226e-18 -1.35762e-13 1.80932e-05 -5.71594e-13 1.72881e-11 -1.64257e-15 5.71594e-13 1.80466e-05 -0.000121095 -7.17048e-13 9.53026e-07 -0.000121094 0.997428 7.48416e-09 -4.95198e-11 2.72453e-13 -7.48416e-09 0.997428 -3.15104e-08 9.53046e-07 -9.05502e-11 3.15104e-08 0.994857
1 0.000191387 1.81393e-05 -2.71184e-09 -1.56535e-17 1.72873e-11 -2.71184e-09 1.80927e-05 1.35758e-13 -1.10935e-15 6.04263e-18 -1.35756e-13 1.80927e-05 -7.05659e-13 1.72877e-11 -2.02732e-15 7.05657e-13 1.8046e-05 -0.000149501 -8.62961e-13 9.53029e-07 -0.000149501 0.997428 7.48418e-09 -6.11571e-11 3.33124e-13 -7.48407e-09 0.997428 -3.89022e-08 9.53051e-07 -1.11764e-10 3.89021e-08 0.994857
1.1 0.000210523 1.81387e-05 -3.28125e-09 -1.90623e-17 1.72868e-11 -3.28125e-09 1.8092e-05 1.35753e-13 -1.34246e-15 8.11355e-18 -1.35753e-13 1.8092e-05 -8.53828e-13 1.72872e-11 -2.45355e-15 8.53826e-13 1.80454e-05 -0.000180898 -1.05092e-12 9.53033e-07 -0.000180898 0.997428 7.48416e-09 -7.40109e-11 4.47306e-13 -7.48415e-09 0.997428 -4.70722e-08 9.53056e-07 -1.35266e-10 4.70721e-08 0.994857
1.2 0.000229659 1.8138e-05 -3.90486e-09 -2.09004e-17 1.72862e-11 -3.90486e-09 1.80914e-05 1.35747e-13 -1.5973e-15 9.58834e-18 -1.35748e-13 1.80914e-05 -1.0161e-12 1.72867e-11 -2.92001e-15 1.0161e-12 1.80447e-05 -0.000215286 -1.1523e-12 9.53038e-07 -0.000215286 0.997428 7.48413e-09 -8.80637e-11 5.28632e-13 -7.48414e-09 0.997428 -5.60206e-08 9.53063e-07 -1.60988e-10 5.60205e-08 0.994856
1.3 0.000248794 1.81373e-05 -4.58266e-09 -2.54004e-17 1.72856e-11 -4.58266e-09 1.80906e-05 1.35742e-13 -1.87473e-15 1.15207e-17 -1.35742e-13 1.80906e-05 -1.19248e-12 1.72861e-11 -3.42633e-15 1.19248e-12 1.8044e-05 -0.000252665 -1.40045e-12 9.53042e-07 -0.000252665 0.997428 7.48416e-09 -1.03363e-10 6.35193e-13 -7.48415e-09 0.997428 -6.57473e-08 9.53069e-07 -1.88911e-10 6.57472e-08 0.994856
1.4 0.000267929 1.81365e-05 -5.31464e-09 -3.02265e-17 1.72849e-11 -5.31464e-09 1.80898e-05 1.35736e-13 -2.17402e-15 1.30506e-17 -1.35736e-13 1.80898e-05 -1.38295e-12 1.72855e-11 -3.97388e-15 1.38295e-12 1.80432e-05 -0.000293036 -1.66661e-12 9.53048e-07 -0.000293036 0.997428 7.48413e-09 -1.1987e-10 7.19578e-13 -7.48414e-09 0.997428 -7.62525e-08 9.53077e-07 -2.1911e-10 7.62524e-08 0.994856
1.5 0.000287062 1.81356e-05 -6.1008e-09 -3.4926e-17 1.72842e-11 -6.10079e-09 1.8089e-05 1.35729e-13 -2.49668e-15 1.67144e-17 -1.3573e-13 1.8089e-05 -1.58752e-12 1.72848e-11 -4.56151e-15 1.58752e-12 1.80423e-05 -0.000336398 -1.92582e-12 9.53053e-07 -0.000336398 0.997428 7.4841e-09 -1.37667e-10 9.21632e-13 -7.48416e-09 0.997428 -8.75362e-08 9.53085e-07 -2.51522e-10 8.7536e-08 0.994856
1.6 0.000306195 1.81347e-05 -6.94111e-09 -3.96103e-17 1.72835e-11 -6.9411e-09 1.80881e-05 1.35723e-13 -2.84068e-15 1.69047e-17 -1.35722e-13 1.80881e-05 -1.80619e-12 1.72841e-11 -5.1905e-15 1.80619e-12 1.80414e-05 -0.000382752 -2.18422e-12 9.53059e-07 -0.000382752 0.997427 7.48413e-09 -1.56643e-10 9.32176e-13 -7.48412e-09 0.997427 -9.95985e-08 9.53093e-07 -2.86219e-10 9.95984e-08 0.994856
1.7 0.000325327 1.81338e-05 -7.83557e-09 -4.40949e-17 1.72827e-11 -7.83557e-09 1.80871e-05 1.35715e-13 -3.20599e-15 1.87454e-17 -1.35715e-13 1.80871e-05 -2.03895e-12 1.72833e-11 -5.85879e-15 2.03895e-12 1.80405e-05 -0.000432099 -2.43165e-12 9.53065e-07 -0.000432098 0.997427 7.48411e-09 -1.76797e-10 1.03373e-12 -7.48412e-09 0.997427 -1.1244e-07 9.53102e-07 -3.23087e-10 1.12439e-07 0.994856
1.8 0.000344457 1.81327e-05 -8.78417e-09 -4.93746e-17 1.72818e-11 -8.78417e-09 1.80861e-05 1.35708e-13 -3.5941e-15 2.22543e-17 -1.35707e-13 1.80861e-05 -2.2858e-12 1.72825e-11 -6.56729e-15 2.2858e-12 1.80394e-05 -0.000484438 -2.72295e-12 9.53072e-07 -0.000484437 0.997427 7.48414e-09 -1.98211e-10 1.2273e-12 -7.48412e-09 0.997427 -1.26059e-07 9.53111e-07 -3.62179e-10 1.26059e-07 0.994856
1.9 0.000363587 1.81316e-05 -9.7869e-09 -5.52342e-17 1.72809e-11 -9.78689e-09 1.8085e-05 1.357e-13 -4.00447e-15 2.42054e-17 -1.35699e-13 1.8085e-05 -2.54673e-12 1.72817e-11 -7.31874e-15 2.54673e-12 1.80384e-05 -0.000539769 -3.04629e-12 9.53079e-07 -0.000539769 0.997427 7.48413e-09 -2.20855e-10 1.33498e-12 -7.48411e-09 0.997427 -1.40458e-07 9.53121e-07 -4.03645e-10 1.40458e-07 0.994855
2 0.000382716 1.81305e-05 -1.08437e-08 -6.1167e-17 1.72799e-11 -1.08437e-08 1.80838e-05 1.35691e-13 -4.4367e-15 2.72544e-17 -1.35691e-13 1.80838e-05 -2.82175e-12 1.72808e-11 -8.10899e-15 2.82175e-12 1.80372e-05 -0.000598094 -3.37371e-12 9.53087e-07 -0.000598093 0.997427 7.48415e-09 -2.44709e-10 1.50324e-12 -7.48414e-09 0.997427 -1.55636e-07 9.53132e-07 -4.47257e-10 1.55635e-07 0.994855
2.1 0.000401843 1.81293e-05 -1.19547e-08 -6.6219e-17 1.72789e-11 -1.19547e-08 1.80826e-05 1.35682e-13 -4.89205e-15 3.01325e-17 -1.35681e-13 1.80826e-05 -3.11085e-12 1.72798e-11 -8.9386e-15 3.11084e-12 1.8036e-05 -0.000659412 -3.6526e-12 9.53094e-07 -0.000659412 0.997427 7.48413e-09 -2.69842e-10 1.66209e-12 -7.4841e-09 0.997427 -1.71592e-07 9.53143e-07 -4.93047e-10 1.71592e-07 0.994855
2.2 0.000420969 1.8128e-05 -1.31197e-08 -7.32779e-17 1.72779e-11 -1.31197e-08 1.80814e-05 1.35673e-13 -5.36754e-15 3.33265e-17 -1.35672e-13 1.80814e-05 -3.41402e-12 1.72788e-11 -9.80953e-15 3.41402e-12 1.80348e-05 -0.000723724 -4.04224e-12 9.53103e-07 -0.000723724 0.997427 7.48415e-09 -2.9609e-10 1.83839e-12 -7.4841e-09 0.997426 -1.88328e-07 9.53155e-07 -5.41125e-10 1.88328e-07 0.994855
2.3 0.000440094 1.81267e-05 -1.43388e-08 -8.04888e-17 1.72768e-11 -1.43388e-08 1.80801e-05 1.35662e-13 -5.86655e-15 3.61571e-17 -1.35663e-13 1.80801e-05 -3.73126e-12 1.72778e-11 -1.07206e-14 3.73126e-12 1.80334e-05 -0.00079103 -4.44034e-12 9.53111e-07 -0.00079103 0.997426 7.48411e-09 -3.23641e-10 1.99469e-12 -7.48413e-09 0.997426 -2.05843e-07 9.53167e-07 -5.91425e-10 2.05843e-07 0.994854
2.4 0.000459218 1.81253e-05 -1.56119e-08 -8.85992e-17 1.72756e-11 -1.56119e-08 1.80787e-05 1.35651e-13 -6.38701e-15 3.96436e-17 -1.35652e-13 1.80787e-05 -4.06258e-12 1.72767e-11 -1.16727e-14 4.06257e-12 1.80321e-05 -0.000861331 -4.88814e-12 9.5312e-07 -0.000861331 0.997426 7.48408e-09 -3.5238e-10 2.18719e-12 -7.48414e-09 0.997426 -2.24138e-07 9.5318e-07 -6.43998e-10 2.24138e-07 0.994854
2.5 0.00047834 1.81239e-05 -1.69391e-08 -9.54446e-17 1.72744e-11 -1.69391e-08 1.80772e-05 1.35641e-13 -6.93093e-15 4.32973e-17 -1.35641e-13 1.80772e-05 -4.40795e-12 1.72756e-11 -1.26655e-14 4.40795e-12 1.80306e-05 -0.000934627 -5.26623e-12 9.5313e-07 -0.000934627 0.997426 7.48409e-09 -3.8242e-10 2.38896e-12 -7.48411e-09 0.997426 -2.43212e-07 9.53193e-07 -6.9883e-10 2.43212e-07 0.994854
2.6 0.000497461 1.81224e-05 -1.83203e-08 -1.03153e-16 1.72732e-11 -1.83203e-08 1.80757e-05 1.3563e-13 -7.49582e-15 4.66195e-17 -1.3563e-13 1.80757e-05 -4.76739e-12 1.72744e-11 -1.36965e-14 4.76738e-12 1.80291e-05 -0.00101092 -5.692e-12 9.53139e-07 -0.00101092 0.997426 7.48411e-09 -4.13622e-10 2.57248e-12 -7.48411e-09 0.997425 -2.63066e-07 9.53207e-07 -7.55776e-10 2.63066e-07 0.994854
2.7 0.00051658 1.81208e-05 -1.97555e-08 -1.10793e-16 1.72719e-11 -1.97554e-08 1.80742e-05 1.35619e-13 -8.08292e-15 5.04561e-17 -1.35618e-13 1.80742e-05 -5.14088e-12 1.72732e-11 -1.47701e-14 5.14087e-12 1.80276e-05 -0.00109021 -6.11411e-12 9.5315e-07 -0.00109021 0.997426 7.48414e-09 -4.46057e-10 2.78443e-12 -7.4841e-09 0.997425 -2.837e-07 9.53221e-07 -8.15089e-10 2.83699e-07 0.994853
2.8 0.000535698 1.81192e-05 -2.12446e-08 -1.19327e-16 1.72705e-11 -2.12446e-08 1.80726e-05 1.35605e-13 -8.69165e-15 5.31471e-17 -1.35605e-13 1.80726e-05 -5.52842e-12 1.72719e-11 -1.58849e-14 5.52841e-12 1.8026e-05 -0.00117249 -6.58568e-12 9.5316e-07 -0.00117249 0.997425 7.48406e-09 -4.79692e-10 2.93319e-12 -7.48405e-09 0.997425 -3.05113e-07 9.53236e-07 -8.7669e-10 3.05113e-07 0.994853
2.9 0.000554814 1.81176e-05 -2.27877e-08 -1.27639e-16 1.72691e-11 -2.27877e-08 1.80709e-05 1.35594e-13 -9.32318e-15 5.70326e-17 -1.35593e-13 1.80709e-05 -5.93001e-12 1.72706e-11 -1.70379e-14 5.93e-12 1.80243e-05 -0.00125777 -7.04507e-12 9.53171e-07 -0.00125777 0.997425 7.48411e-09 -5.14594e-10 3.14792e-12 -7.48407e-09 0.997424 -3.27307e-07 9.53251e-07 -9.4041e-10 3.27307e-07 0.994853
3 0.000573928 1.81158e-05 -2.43848e-08 -1.36885e-16 1.72677e-11 -2.43848e-08 1.80692e-05 1.3558e-13 -9.97702e-15 6.19474e-17 -1.3558e-13 1.80692e-05 -6.34563e-12 1.72692e-11 -1.82336e-14 6.34562e-12 1.80226e-05 -0.00134605 -7.5561e-12 9.53182e-07 -0.00134605 0.997425 7.48404e-09 -5.50735e-10 3.41952e-12 -7.48408e-09 0.997424 -3.50281e-07 9.53267e-07 -1.0065e-09 3.50281e-07 0.994852
3.1 0.00059304 1.8114e-05 -2.60358e-08 -1.46546e-16 1.72662e-11 -2.60357e-08 1.80674e-05 1.35566e-13 -1.06528e-14 6.51031e-17 -1.35567e-13 1.80674e-05 -6.7753e-12 1.72678e-11 -1.94655e-14 6.77528e-12 1.80208e-05 -0.00143733 -8.0902e-12 9.53194e-07 -0.00143732 0.997425 7.48406e-09 -5.88095e-10 3.59407e-12 -7.48408e-09 0.997424 -3.74036e-07 9.53284e-07 -1.07461e-09 3.74035e-07 0.994852
3.2 0.000612151 1.81122e-05 -2.77406e-08 -1.55413e-16 1.72646e-11 -2.77406e-08 1.80655e-05 1.35554e-13 -1.13495e-14 7.02745e-17 -1.35554e-13 1.80655e-05 -7.21899e-12 1.72664e-11 -2.07415e-14 7.21897e-12 1.80189e-05 -0.0015316 -8.58055e-12 9.53206e-07 -0.0015316 0.997424 7.48414e-09 -6.26621e-10 3.87996e-12 -7.48414e-09 0.997423 -3.98571e-07 9.53301e-07 -1.14517e-09 3.9857e-07 0.994852
3.3 0.00063126 1.81103e-05 -2.94994e-08 -1.65828e-16 1.7263e-11 -2.94993e-08 1.80636e-05 1.35539e-13 -1.20694e-14 7.33721e-17 -1.35539e-13 1.80636e-05 -7.6767e-12 1.72649e-11 -2.20559e-14 7.67669e-12 1.8017e-05 -0.00162887 -9.1566e-12 9.53218e-07 -0.00162887 0.997424 7.48408e-09 -6.66442e-10 4.05141e-12 -7.48408e-09 0.997423 -4.23887e-07 9.53318e-07 -1.21787e-09 4.23886e-07 0.994851
3.4 0.000650367 1.81083e-05 -3.1312e-08 -1.76024e-16 1.72614e-11 -3.13119e-08 1.80617e-05 1.35523e-13 -1.28117e-14 7.90696e-17 -1.35524e-13 1.80616e-05 -8.14844e-12 1.72633e-11 -2.34111e-14 8.14842e-12 1.80151e-05 -0.00172915 -9.72061e-12 9.53231e-07 -0.00172915 0.997424 7.48404e-09 -7.07503e-10 4.36648e-12 -7.48408e-09 0.997423 -4.49983e-07 9.53337e-07 -1.29284e-09 4.49982e-07 0.994851
3.5 0.000669472 1.81063e-05 -3.31784e-08 -1.86322e-16 1.72597e-11 -3.31783e-08 1.80596e-05 1.35508e-13 -1.35734e-14 8.28819e-17 -1.35509e-13 1.80596e-05 -8.63418e-12 1.72617e-11 -2.48076e-14 8.63417e-12 1.8013e-05 -0.00183242 -1.02905e-11 9.53244e-07 -0.00183242 0.997424 7.48401e-09 -7.49651e-10 4.57752e-12 -7.48407e-09 0.997422 -4.76861e-07 9.53355e-07 -1.37011e-09 4.7686e-07 0.99485
3.6 0.000688575 1.81042e-05 -3.50986e-08 -1.97048e-16 1.7258e-11 -3.50985e-08 1.80576e-05 1.35493e-13 -1.436e-14 8.84377e-17 -1.35493e-13 1.80575e-05 -9.13394e-12 1.72601e-11 -2.62421e-14 9.13392e-12 1.8011e-05 -0.0019387 -1.08841e-11 9.53258e-07 -0.0019387 0.997423 7.48408e-09 -7.93184e-10 4.88493e-12 -7.48405e-09 0.997422 -5.0452e-07 9.53374e-07 -1.4495e-09 5.04519e-07 0.99485
3.7 0.000707676 1.81021e-05 -3.70725e-08 -2.08109e-16 1.72562e-11 -3.70725e-08 1.80554e-05 1.35477e-13 -1.51657e-14 9.33425e-17 -1.35476e-13 1.80554e-05 -9.64769e-12 1.72584e-11 -2.77189e-14 9.64768e-12 1.80088e-05 -0.00204797 -1.14964e-11 9.53272e-07 -0.00204797 0.997423 7.48407e-09 -8.3779e-10 5.15646e-12 -7.48399e-09 0.997421 -5.32961e-07 9.53394e-07 -1.53126e-09 5.3296e-07 0.994849
3.8 0.000726775 1.80999e-05 -3.91003e-08 -2.19599e-16 1.72544e-11 -3.91002e-08 1.80532e-05 1.3546e-13 -1.59966e-14 9.87051e-17 -1.35459e-13 1.80532e-05 -1.01754e-11 1.72567e-11 -2.92354e-14 1.01754e-11 1.80066e-05 -0.00216025 -1.21326e-11 9.53286e-07 -0.00216025 0.997423 7.48406e-09 -8.83799e-10 5.45336e-12 -7.48398e-09 0.99742 -5.62183e-07 9.53414e-07 -1.61523e-09 5.62182e-07 0.994849
3.9 0.000745871 1.80976e-05 -4.11817e-08 -2.31139e-16 1.72525e-11 -4.11817e-08 1.8051e-05 1.35445e-13 -1.68471e-14 1.02877e-16 -1.35443e-13 1.80509e-05 -1.07172e-11 1.72549e-11 -3.07891e-14 1.07172e-11 1.80044e-05 -0.00227553 -1.27718e-11 9.53301e-07 -0.00227553 0.997423 7.48412e-09 -9.30904e-10 5.68454e-12 -7.48403e-09 0.99742 -5.92188e-07 9.53435e-07 -1.70128e-09 5.92186e-07 0.994848
4 0.000764965 1.80953e-05 -4.33168e-08 -2.43401e-16 1.72505e-11 -4.33168e-08 1.80486e-05 1.35426e-13 -1.77201e-14 1.07888e-16 -1.35426e-13 1.80486e-05 -1.12729e-11 1.72531e-11 -3.23866e-14 1.12729e-11 1.80021e-05 -0.00239382 -1.3451e-11 9.53316e-07 -0.00239382 0.997422 7.48406e-09 -9.79264e-10 5.96223e-12 -7.48402e-09 0.997419 -6.22974e-07 9.53456e-07 -1.78978e-09 6.22973e-07 0.994847
4.1 0.000784057 1.80929e-05 -4.55056e-08 -2.5414e-16 1.72485e-11 -4.55056e-08 1.80463e-05 1.35408e-13 -1.86154e-14 1.14508e-16 -1.35407e-13 1.80462e-05 -1.18426e-11 1.72512e-11 -3.40223e-14 1.18426e-11 1.79997e-05 -0.00251511 -1.40464e-11 9.53331e-07 -0.00251511 0.997422 7.48402e-09 -1.02888e-09 6.32891e-12 -7.484e-09 0.997419 -6.54542e-07 9.53478e-07 -1.88042e-09 6.54541e-07 0.994847
4.2 0.000803147 1.80905e-05 -4.77481e-08 -2.6644e-16 1.72465e-11 -4.7748e-08 1.80438e-05 1.3539e-13 -1.95323e-14 1.20474e-16 -1.3539e-13 1.80438e-05 -1.24262e-11 1.72493e-11 -3.56989e-14 1.24262e-11 1.79973e-05 -0.0026394 -1.47282e-11 9.53347e-07 -0.0026394 0.997422 7.48402e-09 -1.0797e-09 6.65954e-12 -7.48403e-09 0.997418 -6.86893e-07 9.53501e-07 -1.97335e-09 6.86892e-07 0.994846
4.3 0.000822234 1.8088e-05 -5.00441e-08 -2.81862e-16 1.72444e-11 -5.00441e-08 1.80414e-05 1.35371e-13 -2.04708e-14 1.25961e-16 -1.35371e-13 1.80413e-05 -1.30239e-11 1.72473e-11 -3.7416e-14 1.30238e-11 1.79948e-05 -0.0027667 -1.55828e-11 9.53363e-07 -0.0027667 0.997421 7.48403e-09 -1.13174e-09 6.96379e-12 -7.48401e-09 0.997417 -7.20027e-07 9.53524e-07 -2.06855e-09 7.20026e-07 0.994845
4.4 0.000841318 1.80855e-05 -5.23937e-08 -2.94126e-16 1.72423e-11 -5.23937e-08 1.80388e-05 1.35351e-13 -2.14328e-14 1.31562e-16 -1.35351e-13 1.80387e-05 -1.36354e-11 1.72453e-11 -3.91715e-14 1.36354e-11 1.79922e-05 -0.00289701 -1.62632e-11 9.5338e-07 -0.00289701 0.997421 7.48398e-09 -1.18509e-09 7.27447e-12 -7.48399e-09 0.997417 -7.53944e-07 9.53547e-07 -2.16591e-09 7.53943e-07 0.994845
4.5 0.0008604 1.80828e-05 -5.47969e-08 -3.08138e-16 1.72401e-11 -5.47968e-08 1.80362e-05 1.35332e-13 -2.24152e-14 1.38631e-16 -1.35332e-13 1.80361e-05 -1.42609e-11 1.72433e-11 -4.09681e-14 1.42609e-11 1.79896e-05 -0.00303032 -1.70403e-11 9.53397e-07 -0.00303032 0.997421 7.48402e-09 -1.23958e-09 7.66646e-12 -7.48402e-09 0.997416 -7.88644e-07 9.53571e-07 -2.26558e-09 7.88643e-07 0.994844
4.6 0.00087948 1.80802e-05 -5.72535e-08 -3.21629e-16 1.72379e-11 -5.72535e-08 1.80335e-05 1.35312e-13 -2.34199e-14 1.44442e-16 -1.35312e-13 1.80335e-05 -1.49004e-11 1.72412e-11 -4.28045e-14 1.49004e-11 1.79869e-05 -0.00316664 -1.7789e-11 9.53414e-07 -0.00316664 0.99742 7.484e-09 -1.29533e-09 7.98898e-12 -7.48399e-09 0.997415 -8.24128e-07 9.53596e-07 -2.36748e-09 8.24126e-07 0.994843
4.7 0.000898556 1.80775e-05 -5.97636e-08 -3.35528e-16 1.72356e-11 -5.97636e-08 1.80308e-05 1.35293e-13 -2.44461e-14 1.51148e-16 -1.35292e-13 1.80307e-05 -1.55538e-11 1.7239e-11 -4.46811e-14 1.55537e-11 1.79842e-05 -0.00330598 -1.85606e-11 9.53432e-07 -0.00330597 0.99742 7.48404e-09 -1.3523e-09 8.36113e-12 -7.48401e-09 0.997414 -8.60395e-07 9.53621e-07 -2.47165e-09 8.60393e-07 0.994842
4.8 0.00091763 1.80747e-05 -6.23272e-08 -3.50093e-16 1.72333e-11 -6.23272e-08 1.8028e-05 1.35271e-13 -2.54954e-14 1.57592e-16 -1.3527e-13 1.80279e-05 -1.62211e-11 1.72369e-11 -4.65977e-14 1.6221e-11 1.79814e-05 -0.00344832 -1.93692e-11 9.5345e-07 -0.00344831 0.997419 7.48401e-09 -1.41056e-09 8.71893e-12 -7.48397e-09 0.997413 -8.97446e-07 9.53646e-07 -2.57806e-09 8.97444e-07 0.994841
4.9 0.000936701 1.80718e-05 -6.49442e-08 -3.65155e-16 1.72309e-11 -6.49441e-08 1.80252e-05 1.3525e-13 -2.65642e-14 1.62997e-16 -1.35249e-13 1.80251e-05 -1.69023e-11 1.72346e-11 -4.85535e-14 1.69022e-11 1.79786e-05 -0.00359367 -2.02058e-11 9.53468e-07 -0.00359366 0.997419 7.48404e-09 -1.46992e-09 9.01941e-12 -7.48396e-09 0.997413 -9.35281e-07 9.53673e-07 -2.68669e-09 9.3528e-07 0.994841
5 0.00095577 1.8069e-05 -6.76145e-08 -3.80274e-16 1.72285e-11 -6.76145e-08 1.80223e-05 1.35228e-13 -2.76565e-14 1.70161e-16 -1.35227e-13 1.80222e-05 -1.75974e-11 1.72323e-11 -5.05502e-14 1.75973e-11 1.79757e-05 -0.00374203 -2.10457e-11 9.53487e-07 -0.00374203 0.997419 7.48398e-09 -1.53061e-09 9.41732e-12 -7.48394e-09 0.997412 -9.73901e-07 9.53699e-07 -2.79763e-09 9.73899e-07 0.99484
5.1 0.000974835 1.8066e-05 -7.03382e-08 -3.94349e-16 1.7226e-11 -7.03382e-08 1.80194e-05 1.35206e-13 -2.8771e-14 1.76868e-16 -1.35205e-13 1.80192e-05 -1.83064e-11 1.723e-11 -5.25872e-14 1.83063e-11 1.79728e-05 -0.0038934 -2.18282e-11 9.53506e-07 -0.0038934 0.997418 7.484e-09 -1.59255e-09 9.79009e-12 -7.48395e-09 0.997411 -1.01331e-06 9.53726e-07 -2.91084e-09 1.0133e-06 0.994839
5.2 0.000993897 1.8063e-05 -7.31152e-08 -4.10954e-16 1.72235e-11 -7.31152e-08 1.80163e-05 1.35182e-13 -2.99058e-14 1.84212e-16 -1.35183e-13 1.80162e-05 -1.90293e-11 1.72277e-11 -5.46628e-14 1.90292e-11 1.79697e-05 -0.00404779 -2.27512e-11 9.53526e-07 -0.00404779 0.997418 7.48395e-09 -1.65564e-09 1.01983e-11 -7.48397e-09 0.99741 -1.0535e-06 9.53754e-07 -3.02623e-09 1.05349e-06 0.994838
5.3 0.00101296 1.80599e-05 -7.59455e-08 -4.26654e-16 1.7221e-11 -7.59454e-08 1.80133e-05 1.35159e-13 -3.10627e-14 1.92049e-16 -1.3516e-13 1.80131e-05 -1.9766e-11 1.72252e-11 -5.67777e-14 1.9766e-11 1.79667e-05 -0.0042052 -2.36244e-11 9.53546e-07 -0.00420519 0.997417 7.48395e-09 -1.71998e-09 1.0634e-11 -7.48398e-09 0.997409 -1.09447e-06 9.53783e-07 -3.14385e-09 1.09447e-06 0.994836
5.4 0.00103201 1.80568e-05 -7.8829e-08 -4.439e-16 1.72183e-11 -7.88289e-08 1.80102e-05 1.35136e-13 -3.22419e-14 1.9894e-16 -1.35136e-13 1.801e-05 -2.05167e-11 1.72228e-11 -5.8934e-14 2.05166e-11 1.79635e-05 -0.00436561 -2.45835e-11 9.53566e-07 -0.00436561 0.997417 7.48394e-09 -1.78558e-09 1.10175e-11 -7.48392e-09 0.997408 -1.13623e-06 9.53811e-07 -3.26381e-09 1.13623e-06 0.994835
5.5 0.00105107 1.80536e-05 -8.17656e-08 -4.59493e-16 1.72157e-11 -8.17656e-08 1.8007e-05 1.35112e-13 -3.34423e-14 2.063e-16 -1.35111e-13 1.80068e-05 -2.12812e-11 1.72203e-11 -6.11274e-14 2.12811e-11 1.79603e-05 -0.00452905 -2.54516e-11 9.53587e-07 -0.00452904 0.997417 7.48392e-09 -1.85239e-09 1.14271e-11 -7.4839e-09 0.997406 -1.17878e-06 9.53841e-07 -3.38588e-09 1.17877e-06 0.994834
5.6 0.00107012 1.80504e-05 -8.47554e-08 -4.74718e-16 1.7213e-11 -8.47554e-08 1.80037e-05 1.35087e-13 -3.46649e-14 2.13919e-16 -1.35086e-13 1.80035e-05 -2.20595e-11 1.72177e-11 -6.33627e-14 2.20595e-11 1.79571e-05 -0.0046955 -2.62996e-11 9.53608e-07 -0.00469549 0.997416 7.48391e-09 -1.92045e-09 1.18513e-11 -7.48386e-09 0.997405 -1.22211e-06 9.53871e-07 -3.51033e-09 1.22211e-06 0.994833
5.7 0.00108916 1.80471e-05 -8.77983e-08 -4.92867e-16 1.72102e-11 -8.77983e-08 1.80004e-05 1.35064e-13 -3.59087e-14 2.21265e-16 -1.35063e-13 1.80002e-05 -2.28517e-11 1.72151e-11 -6.56368e-14 2.28516e-11 1.79538e-05 -0.00486497 -2.73101e-11 9.5363e-07 -0.00486496 0.997416 7.48397e-09 -1.98973e-09 1.22605e-11 -7.48392e-09 0.997404 -1.26623e-06 9.53901e-07 -3.63698e-09 1.26622e-06 0.994832
5.8 0.00110821 1.80437e-05 -9.08943e-08 -5.11202e-16 1.72074e-11 -9.08943e-08 1.79971e-05 1.35037e-13 -3.71744e-14 2.29161e-16 -1.35036e-13 1.79968e-05 -2.36577e-11 1.72125e-11 -6.79513e-14 2.36576e-11 1.79504e-05 -0.00503745 -2.83313e-11 9.53651e-07 -0.00503745 0.997415 7.48388e-09 -2.06024e-09 1.27003e-11 -7.48384e-09 0.997403 -1.31113e-06 9.53932e-07 -3.76593e-09 1.31113e-06 0.99483
5.9 0.00112725 1.80403e-05 -9.40433e-08 -5.2811e-16 1.72045e-11 -9.40433e-08 1.79937e-05 1.35012e-13 -3.84622e-14 2.37555e-16 -1.35011e-13 1.79934e-05 -2.44775e-11 1.72098e-11 -7.03048e-14 2.44775e-11 1.7947e-05 -0.00521296 -2.92739e-11 9.53674e-07 -0.00521296 0.997415 7.48392e-09 -2.13202e-09 1.3168e-11 -7.48388e-09 0.997401 -1.35682e-06 9.53963e-07 -3.8971e-09 1.35682e-06 0.994829
6 0.00172656 1.80368e-05 -9.72453e-08 -5.45332e-16 1.72016e-11 -9.72453e-08 1.79902e-05 1.34985e-13 -3.97703e-14 2.44448e-16 -1.34985e-13 1.79899e-05 -2.53112e-11 1.7207e-11 -7.26967e-14 2.53111e-11 1.79435e-05 -0.00539149 -3.02344e-11 9.53696e-07 -0.00539149 0.997414 7.48387e-09 -2.20495e-09 1.35527e-11 -7.48383e-09 0.9974 -1.4033e-06 9.53995e-07 -4.03046e-09 1.4033e-06 0.994827
6.2 0.00236869 1.80297e-05 -1.03808e-07 -5.82739e-16 1.71957e-11 -1.03808e-07 1.79831e-05 1.34932e-13 -4.24521e-14 2.6135e-16 -1.34931e-13 1.79828e-05 -2.70198e-11 1.72014e-11 -7.76027e-14 2.70198e-11 1.79364e-05 -0.00575762 -3.23211e-11 9.53742e-07 -0.00575761 0.997413 7.48389e-09 -2.35456e-09 1.44955e-11 -7.48383e-09 0.997397 -1.49863e-06 9.54061e-07 -4.30416e-09 1.49862e-06 0.994824
6.4 0.00244479 1.80224e-05 -1.10582e-07 -6.21061e-16 1.71895e-11 -1.10582e-07 1.79757e-05 1.34876e-13 -4.52212e-14 2.7868e-16 -1.34876e-13 1.79754e-05 -2.87836e-11 1.71957e-11 -8.26649e-14 2.87835e-11 1.7929e-05 -0.00613584 -3.44606e-11 9.5379e-07 -0.00613583 0.997412 7.4838e-09 -2.50917e-09 1.5463e-11 -7.48381e-09 0.997394 -1.5971e-06 9.54129e-07 -4.5868e-09 1.5971e-06 0.994821
6.6 0.00252085 1.80148e-05 -1.17567e-07 -6.60173e-16 1.71832e-11 -1.17567e-07 1.79681e-05 1.34819e-13 -4.80755e-14 2.96143e-16 -1.34818e-13 1.79678e-05 -3.06023e-11 1.71897e-11 -8.78864e-14 3.06023e-11 1.79214e-05 -0.00652617 -3.66462e-11 9.53839e-07 -0.00652616 0.997411 7.48382e-09 -2.66867e-09 1.64389e-11 -7.48372e-09 0.99739 -1.69874e-06 9.54199e-07 -4.87857e-09 1.69873e-06 0.994817
6.8 0.00259689 1.8007e-05 -1.24763e-07 -7.00566e-16 1.71767e-11 -1.24763e-07 1.79603e-05 1.34761e-13 -5.10157e-14 3.14141e-16 -1.3476e-13 1.79599e-05 -3.24761e-11 1.71835e-11 -9.32641e-14 3.2476e-11 1.79136e-05 -0.00692861 -3.89052e-11 9.5389e-07 -0.00692861 0.99741 7.4838e-09 -2.83311e-09 1.74455e-11 -7.48374e-09 0.997386 -1.80353e-06 9.54271e-07 -5.17933e-09 1.80352e-06 0.994814
7 0.00267289 1.79989e-05 -1.3217e-07 -7.42557e-16 1.717e-11 -1.32169e-07 1.79523e-05 1.34701e-13 -5.40422e-14 3.32518e-16 -1.34698e-13 1.79518e-05 -3.44046e-11 1.71772e-11 -9.8799e-14 3.44045e-11 1.79055e-05 -0.00734318 -4.12556e-11 9.53942e-07 -0.00734318 0.997409 7.48381e-09 -3.00252e-09 1.84743e-11 -7.48368e-09 0.997382 -1.91148e-06 9.54345e-07 -5.48916e-09 1.91147e-06 0.99481
7.2 0.00274886 1.79907e-05 -1.39786e-07 -7.85169e-16 1.7163e-11 -1.39785e-07 1.79441e-05 1.34639e-13 -5.71544e-14 3.514e-16 -1.34636e-13 1.79435e-05 -3.63879e-11 1.71707e-11 -1.0449e-13 3.63878e-11 1.78972e-05 -0.00776989 -4.36431e-11 9.53996e-07 -0.00776988 0.997408 7.48379e-09 -3.17689e-09 1.95323e-11 -7.48363e-09 0.997378 -2.02259e-06 9.54421e-07 -5.80801e-09 2.02259e-06 0.994805
7.4 0.0028248 1.79822e-05 -1.47611e-07 -8.29055e-16 1.71559e-11 -1.47611e-07 1.79356e-05 1.34573e-13 -6.03513e-14 3.71846e-16 -1.34571e-13 1.7935e-05 -3.84258e-11 1.7164e-11 -1.10337e-13 3.84257e-11 1.78887e-05 -0.00820874 -4.61042e-11 9.54051e-07 -0.00820873 0.997407 7.48369e-09 -3.35617e-09 2.06786e-11 -7.48359e-09 0.997373 -2.13688e-06 9.54499e-07 -6.1359e-09 2.13688e-06 0.9948
7.6 0.00290071 1.79735e-05 -1.55646e-07 -8.74635e-16 1.71486e-11 -1.55646e-07 1.79269e-05 1.34508e-13 -6.36336e-14 3.91755e-16 -1.34506e-13 1.79262e-05 -4.05182e-11 1.71571e-11 -1.16341e-13 4.05182e-11 1.78799e-05 -0.00865974 -4.86625e-11 9.54107e-07 -0.00865973 0.997406 7.48369e-09 -3.54041e-09 2.17963e-11 -7.4836e-09 0.997368 -2.25433e-06 9.5458e-07 -6.47291e-09 2.25433e-06 0.994795
7.8 0.00297657 1.79645e-05 -1.63889e-07 -9.20412e-16 1.71411e-11 -1.63889e-07 1.79179e-05 1.34441e-13 -6.69992e-14 4.13304e-16 -1.34438e-13 1.79172e-05 -4.26651e-11 1.71501e-11 -1.225e-13 4.2665e-11 1.78709e-05 -0.00912291 -5.12349e-11 9.54165e-07 -0.00912291 0.997404 7.48369e-09 -3.72952e-09 2.30066e-11 -7.48349e-09 0.997363 -2.37496e-06 9.54662e-07 -6.81901e-09 2.37496e-06 0.99479
8 0.00305241 1.79554e-05 -1.7234e-07 -9.68869e-16 1.71335e-11 -1.7234e-07 1.79087e-05 1.34371e-13 -7.04526e-14 4.33024e-16 -1.34369e-13 1.79079e-05 -4.48663e-11 1.71428e-11 -1.28814e-13 4.48662e-11 1.78617e-05 -0.00959826 -5.39598e-11 9.54225e-07 -0.00959825 0.997403 7.48363e-09 -3.92376e-09 2.41167e-11 -7.48352e-09 0.997357 -2.49877e-06 9.54747e-07 -7.17414e-09 2.49876e-06 0.994784
8.2 0.0031282 1.7946e-05 -1.81e-07 -1.01767e-15 1.71256e-11 -1.80999e-07 1.78994e-05 1.34299e-13 -7.39882e-14 4.5554e-16 -1.34297e-13 1.78984e-05 -4.71217e-11 1.71354e-11 -1.35285e-13 4.71216e-11 1.78523e-05 -0.0100858 -5.67075e-11 9.54286e-07 -0.0100858 0.997402 7.48351e-09 -4.12283e-09 2.53839e-11 -7.48341e-09 0.997351 -2.62575e-06 9.54833e-07 -7.53844e-09 2.62575e-06 0.994778
8.4 0.00320396 1.79364e-05 -1.89866e-07 -1.06673e-15 1.71175e-11 -1.89866e-07 1.78897e-05 1.34227e-13 -7.76086e-14 4.77769e-16 -1.34223e-13 1.78887e-05 -4.94313e-11 1.71278e-11 -1.41909e-13 4.94312e-11 1.78426e-05 -0.0105855 -5.94729e-11 9.54348e-07 -0.0105855 0.997401 7.48353e-09 -4.32689e-09 2.66369e-11 -7.4833e-09 0.997345 -2.75592e-06 9.54922e-07 -7.91178e-09 2.75592e-06 0.994771
8.6 0.00327968 1.79265e-05 -1.98939e-07 -1.11879e-15 1.71093e-11 -1.98939e-07 1.78799e-05 1.34154e-13 -8.13142e-14 5.00183e-16 -1.34149e-13 1.78788e-05 -5.17948e-11 1.71201e-11 -1.48687e-13 5.17947e-11 1.78327e-05 -0.0110975 -6.24097e-11 9.54412e-07 -0.0110975 0.997399 7.48355e-09 -4.53597e-09 2.79019e-11 -7.48326e-09 0.997338 -2.88928e-06 9.55013e-07 -8.29427e-09 2.88928e-06 0.994764
8.8 0.00335535 1.79164e-05 -2.08219e-07 -1.16891e-15 1.71008e-11 -2.08219e-07 1.78698e-05 1.34077e-13 -8.51019e-14 5.24192e-16 -1.34073e-13 1.78686e-05 -5.42121e-11 1.71121e-11 -1.55618e-13 5.4212e-11 1.78225e-05 -0.0116216 -6.52425e-11 9.54477e-07 -0.0116216 0.997398 7.48347e-09 -4.74993e-09 2.92576e-11 -7.48322e-09 0.99733 -3.02583e-06 9.55106e-07 -8.68576e-09 3.02582e-06 0.994757
9 0.00343099 1.79062e-05 -2.17704e-07 -1.22322e-15 1.70922e-11 -2.17704e-07 1.78595e-05 1.33999e-13 -8.89743e-14 5.47801e-16 -1.33994e-13 1.78582e-05 -5.66832e-11 1.7104e-11 -1.62704e-13 5.66831e-11 1.78121e-05 -0.0121581 -6.83127e-11 9.54544e-07 -0.012158 0.997397 7.48339e-09 -4.96892e-09 3.05929e-11 -7.48314e-09 0.997322 -3.16557e-06 9.55201e-07 -9.0865e-09 3.16557e-06 0.994749
9.2 0.00350659 1.78956e-05 -2.27395e-07 -1.27819e-15 1.70834e-11 -2.27395e-07 1.7849e-05 1.3392e-13 -9.2929e-14 5.70767e-16 -1.33915e-13 1.78476e-05 -5.9208e-11 1.70957e-11 -1.69944e-13 5.92079e-11 1.78015e-05 -0.0127067 -7.14249e-11 9.54612e-07 -0.0127067 0.997395 7.48341e-09 -5.19283e-09 3.18942e-11 -7.48308e-09 0.997314 -3.30851e-06 9.55298e-07 -9.49638e-09 3.30851e-06 0.994741
9.4 0.00358214 1.78849e-05 -2.3729e-07 -1.33388e-15 1.70744e-11 -2.3729e-07 1.78383e-05 1.33839e-13 -9.69678e-14 5.95552e-16 -1.33833e-13 1.78367e-05 -6.17862e-11 1.70872e-11 -1.77335e-13 6.17861e-11 1.77907e-05 -0.0132676 -7.45812e-11 9.54681e-07 -0.0132676 0.997394 7.48335e-09 -5.42177e-09 3.32991e-11 -7.48302e-09 0.997305 -3.45466e-06 9.55397e-07 -9.91536e-09 3.45465e-06 0.994732
9.6 0.00365765 1.78739e-05 -2.4739e-07 -1.39139e-15 1.70652e-11 -2.4739e-07 1.78273e-05 1.33756e-13 -1.0109e-13 6.22997e-16 -1.33749e-13 1.78256e-05 -6.44178e-11 1.70785e-11 -1.84878e-13 6.44177e-11 1.77796e-05 -0.0138408 -7.78446e-11 9.54752e-07 -0.0138408 0.997392 7.4833e-09 -5.65571e-09 3.4855e-11 -7.48293e-09 0.997296 -3.60401e-06 9.55498e-07 -1.03434e-08 3.604e-06 0.994723
9.8 0.00373311 1.78628e-05 -2.57693e-07 -1.44874e-15 1.70558e-11 -2.57693e-07 1.78162e-05 1.33671e-13 -1.05293e-13 6.49247e-16 -1.33664e-13 1.78143e-05 -6.71027e-11 1.70697e-11 -1.92573e-13 6.71025e-11 1.77683e-05 -0.0144263 -8.1104e-11 9.54824e-07 -0.0144263 0.997391 7.48322e-09 -5.89457e-09 3.63464e-11 -7.48285e-09 0.997286 -3.75657e-06 9.55601e-07 -1.07807e-08 3.75656e-06 0.994713
10 0.00380853 1.78514e-05 -2.682e-07 -1.50786e-15 1.70462e-11 -2.682e-07 1.78048e-05 1.33585e-13 -1.09581e-13 6.74611e-16 -1.33577e-13 1.78027e-05 -6.98406e-11 1.70607e-11 -2.00419e-13 6.98405e-11 1.77568e-05 -0.0150241 -8.44675e-11 9.54898e-07 -0.015024 0.997389 7.48321e-09 -6.13854e-09 3.77905e-11 -7.48273e-09 0.997276 -3.91234e-06 9.55706e-07 -1.12271e-08 3.91233e-06 0.994702
10.2 0.0038839 1.78397e-05 -2.78909e-07 -1.56755e-15 1.70365e-11 -2.78909e-07 1.77931e-05 1.33497e-13 -1.13949e-13 7.01341e-16 -1.33489e-13 1.77909e-05 -7.26315e-11 1.70515e-11 -2.08417e-13 7.26314e-11 1.7745e-05 -0.0156341 -8.78683e-11 9.54973e-07 -0.0156341 0.997387 7.48315e-09 -6.38737e-09 3.93134e-11 -7.48269e-09 0.997265 -4.07133e-06 9.55813e-07 -1.16828e-08 4.07132e-06 0.994691
10.4 0.00395923 1.78279e-05 -2.8982e-07 -1.62922e-15 1.70265e-11 -2.8982e-07 1.77813e-05 1.33407e-13 -1.18399e-13 7.27992e-16 -1.33398e-13 1.77789e-05 -7.54752e-11 1.70421e-11 -2.16565e-13 7.54751e-11 1.7733e-05 -0.0162566 -9.13862e-11 9.5505e-07 -0.0162566 0.997386 7.48308e-09 -6.64121e-09 4.08344e-11 -7.48255e-09 0.997253 -4.23355e-06 9.55923e-07 -1.21475e-08 4.23354e-06 0.994679
10.6 0.0040345 1.78158e-05 -3.00933e-07 -1.69238e-15 1.70164e-11 -3.00933e-07 1.77692e-05 1.33316e-13 -1.22931e-13 7.5783e-16 -1.33305e-13 1.77667e-05 -7.83716e-11 1.70325e-11 -2.24863e-13 7.83715e-11 1.77208e-05 -0.0168913 -9.49928e-11 9.55127e-07 -0.0168913 0.997384 7.48303e-09 -6.90009e-09 4.25369e-11 -7.48238e-09 0.997241 -4.39899e-06 9.56034e-07 -1.26215e-08 4.39898e-06 0.994667
10.8 0.00410973 1.78036e-05 -3.12247e-07 -1.75504e-15 1.70061e-11 -3.12246e-07 1.77569e-05 1.33223e-13 -1.27545e-13 7.85591e-16 -1.33212e-13 1.77542e-05 -8.13206e-11 1.70228e-11 -2.33312e-13 8.13204e-11 1.77084e-05 -0.0175384 -9.85783e-11 9.55207e-07 -0.0175384 0.997382 7.48293e-09 -7.16404e-09 4.41255e-11 -7.48232e-09 0.997228 -4.56766e-06 9.56147e-07 -1.31048e-08 4.56765e-06 0.994654
11 0.00418491 1.77911e-05 -3.2376e-07 -1.81933e-15 1.69956e-11 -3.2376e-07 1.77445e-05 1.33128e-13 -1.3224e-13 8.14104e-16 -1.33117e-13 1.77415e-05 -8.43219e-11 1.70129e-11 -2.41908e-13 8.43218e-11 1.76957e-05 -0.0181979 -1.02261e-10 9.55287e-07 -0.0181979 0.997381 7.48287e-09 -7.43296e-09 4.57592e-11 -7.48222e-09 0.997215 -4.73957e-06 9.56263e-07 -1.35972e-08 4.73956e-06 0.994641
11.2 0.00426003 1.77783e-05 -3.35474e-07 -1.88531e-15 1.69849e-11 -3.35473e-07 1.77317e-05 1.33031e-13 -1.37016e-13 8.4311e-16 -1.33019e-13 1.77286e-05 -8.73755e-11 1.70028e-11 -2.50652e-13 8.73753e-11 1.76828e-05 -0.0188698 -1.06045e-10 9.55369e-07 -0.0188698 0.997379 7.48273e-09 -7.70689e-09 4.74235e-11 -7.4821e-09 0.9972 -4.91472e-06 9.5638e-07 -1.40987e-08 4.91471e-06 0.994626
11.4 0.00433511 1.77654e-05 -3.47386e-07 -1.95299e-15 1.6974e-11 -3.47386e-07 1.77188e-05 1.32933e-13 -1.41871e-13 8.73589e-16 -1.32921e-13 1.77154e-05 -9.04812e-11 1.69926e-11 -2.59545e-13 9.0481e-11 1.76697e-05 -0.0195541 -1.09932e-10 9.55453e-07 -0.0195541 0.997377 7.48266e-09 -7.98578e-09 4.91736e-11 -7.482e-09 0.997185 -5.09311e-06 9.56499e-07 -1.46096e-08 5.0931e-06 0.994611
11.6 0.00441013 1.77523e-05 -3.59497e-07 -2.02141e-15 1.69629e-11 -3.59497e-07 1.77057e-05 1.32834e-13 -1.46807e-13 9.03016e-16 -1.32819e-13 1.7702e-05 -9.36388e-11 1.69822e-11 -2.68586e-13 9.36386e-11 1.76563e-05 -0.0202508 -1.13868e-10 9.55537e-07 -0.0202508 0.997375 7.48265e-09 -8.26978e-09 5.08677e-11 -7.4818e-09 0.99717 -5.27475e-06 9.5662e-07 -1.51297e-08 5.27474e-06 0.994595
11.8 0.0044851 1.77389e-05 -3.71805e-07 -2.09095e-15 1.69517e-11 -3.71805e-07 1.76923e-05 1.32732e-13 -1.51824e-13 9.34123e-16 -1.32717e-13 1.76884e-05 -9.68481e-11 1.69716e-11 -2.77774e-13 9.6848e-11 1.76427e-05 -0.0209599 -1.17874e-10 9.55623e-07 -0.0209599 0.997373 7.48255e-09 -8.5588e-09 5.26596e-11 -7.48169e-09 0.997153 -5.45965e-06 9.56744e-07 -1.5659e-08 5.45964e-06 0.994579
12 0.0139046 1.77253e-05 -3.84311e-07 -2.16124e-15 1.69403e-11 -3.84311e-07 1.76787e-05 1.32629e-13 -1.56919e-13 9.6565e-16 -1.32612e-13 1.76745e-05 -1.00109e-10 1.69608e-11 -2.87109e-13 1.00109e-10 1.76289e-05 -0.0216815 -1.2193e-10 9.55711e-07 -0.0216815 0.997372 7.48248e-09 -8.85283e-09 5.44786e-11 -7.4815e-09 0.997136 -5.64781e-06 9.56869e-07 -1.61977e-08 5.6478e-06 0.994561
13 0.0246683 1.76542e-05 -4.49771e-07 -2.52803e-15 1.68804e-11 -4.49771e-07 1.76076e-05 1.32089e-13 -1.8358e-13 1.12841e-15 -1.32067e-13 1.76019e-05 -1.17182e-10 1.69044e-11 -3.3596e-13 1.17182e-10 1.75564e-05 -0.0254767 -1.43197e-10 9.56168e-07 -0.0254767 0.997362 7.482e-09 -1.03986e-08 6.39172e-11 -7.48075e-09 0.997036 -6.63765e-06 9.57525e-07 -1.903e-08 6.63764e-06 0.994461
14 0.0265294 1.75779e-05 -5.20053e-07 -2.9239e-15 1.6816e-11 -5.20053e-07 1.75313e-05 1.31506e-13 -2.12183e-13 1.30665e-15 -1.31477e-13 1.75236e-05 -1.35521e-10 1.68436e-11 -3.8839e-13 1.3552e-10 1.74783e-05 -0.0295857 -1.6634e-10 9.56657e-07 -0.0295857 0.997351 7.48137e-09 -1.2071e-08 7.43349e-11 -7.47967e-09 0.996912 -7.70973e-06 9.58229e-07 -2.20954e-08 7.70972e-06 0.994337
15 0.0283823 1.74963e-05 -5.95063e-07 -3.34713e-15 1.67471e-11 -5.95063e-07 1.74498e-05 1.30884e-13 -2.42685e-13 1.49351e-15 -1.30846e-13 1.74396e-05 -1.55101e-10 1.67786e-11 -4.44327e-13 1.551e-10 1.73946e-05 -0.0340108 -1.91305e-10 9.57178e-07 -0.0340107 0.997339 7.48068e-09 -1.38706e-08 8.53615e-11 -7.4785e-09 0.996759 -8.86475e-06 9.58981e-07 -2.53954e-08 8.86474e-06 0.994183
16 0.0302266 1.74097e-05 -6.74702e-07 -3.7948e-15 1.66738e-11 -6.74701e-07 1.73632e-05 1.30223e-13 -2.75042e-13 1.69193e-15 -1.30172e-13 1.73501e-05 -1.75898e-10 1.67095e-11 -5.03692e-13 1.75898e-10 1.73052e-05 -0.0387543 -2.1797e-10 9.57728e-07 -0.0387542 0.997327 7.47988e-09 -1.57982e-08 9.7183e-11 -7.47699e-09 0.996573 -1.01034e-05 9.59779e-07 -2.89316e-08 1.01034e-05 0.993997
17 0.0320617 1.73182e-05 -7.58862e-07 -4.26948e-15 1.65962e-11 -7.58861e-07 1.72717e-05 1.29521e-13 -3.09206e-13 1.89972e-15 -1.29458e-13 1.7255e-05 -1.97887e-10 1.66362e-11 -5.66397e-13 1.97887e-10 1.72104e-05 -0.0438188 -2.46531e-10 9.58308e-07 -0.0438187 0.997313 7.47889e-09 -1.78544e-08 1.09695e-10 -7.47524e-09 0.99635 -1.14265e-05 9.60622e-07 -3.27053e-08 1.14265e-05 0.993774
18 0.0338871 1.72218e-05 -8.47431e-07 -4.76835e-15 1.65142e-11 -8.47431e-07 1.71753e-05 1.28781e-13 -3.45124e-13 2.12125e-15 -1.28701e-13 1.71544e-05 -2.2104e-10 1.65589e-11 -6.32359e-13 2.21039e-10 1.711e-05 -0.0492069 -2.76879e-10 9.58915e-07 -0.0492068 0.997299 7.47778e-09 -2.004e-08 1.23173e-10 -7.47316e-09 0.996085 -1.28349e-05 9.61509e-07 -3.67185e-08 1.28349e-05 0.993508
19 0.0357021 1.71207e-05 -9.40293e-07 -5.29245e-15 1.64281e-11 -9.40292e-07 1.70742e-05 1.28002e-13 -3.82743e-13 2.35294e-15 -1.27903e-13 1.70483e-05 -2.45328e-10 1.64776e-11 -7.0148e-13 2.45327e-10 1.70042e-05 -0.0549214 -3.09126e-10 9.59548e-07 -0.0549214 0.997284 7.47643e-09 -2.23556e-08 1.37433e-10 -7.47068e-09 0.995771 -1.43293e-05 9.62437e-07 -4.09726e-08 1.43293e-05 0.993194
20 0.0375062 1.7015e-05 -1.03732e-06 -5.83929e-15 1.63379e-11 -1.03732e-06 1.69685e-05 1.27185e-13 -4.22011e-13 2.59215e-15 -1.27065e-13 1.69368e-05 -2.7072e-10 1.63924e-11 -7.73665e-13 2.7072e-10 1.68929e-05 -0.0609652 -3.43185e-10 9.60206e-07 -0.0609651 0.997268 7.47489e-09 -2.48023e-08 1.52345e-10 -7.46782e-09 0.995403 -1.59107e-05 9.63407e-07 -4.54696e-08 1.59107e-05 0.992826
21 0.0392989 1.69048e-05 -1.13839e-06 -6.40945e-15 1.62436e-11 -1.13839e-06 1.68584e-05 1.26332e-13 -4.62868e-13 2.8427e-15 -1.26186e-13 1.68199e-05 -2.97186e-10 1.63033e-11 -8.48809e-13 2.97186e-10 1.67763e-05 -0.0673412 -3.79149e-10 9.60886e-07 -0.0673411 0.997251 7.47311e-09 -2.73808e-08 1.68159e-10 -7.46449e-09 0.994975 -1.758e-05 9.64415e-07 -5.0211e-08 1.75799e-05 0.992399
22 0.0410797 1.67903e-05 -1.24336e-06 -6.99992e-15 1.61454e-11 -1.24336e-06 1.67439e-05 1.25443e-13 -5.05254e-13 3.10166e-15 -1.25266e-13 1.66977e-05 -3.24692e-10 1.62104e-11 -9.26807e-13 3.24691e-10 1.66544e-05 -0.0740523 -4.16901e-10 9.61587e-07 -0.0740523 0.997234 7.47112e-09 -3.00919e-08 1.84729e-10 -7.4606e-09 0.994481 -1.9338e-05 9.65461e-07 -5.51988e-08 1.9338e-05 0.991904
23 0.0428479 1.66717e-05 -1.3521e-06 -7.61446e-15 1.60433e-11 -1.3521e-06 1.66253e-05 1.24518e-13 -5.49109e-13 3.36977e-15 -1.24308e-13 1.65702e-05 -3.53203e-10 1.61139e-11 -1.00755e-12 3.53203e-10 1.65272e-05 -0.0811018 -4.5673e-10 9.62307e-07 -0.0811018 0.997215 7.46882e-09 -3.29366e-08 2.02126e-10 -7.45622e-09 0.993912 -2.11858e-05 9.66541e-07 -6.04347e-08 2.11858e-05 0.991336
24 0.0446031 1.6549e-05 -1.46446e-06 -8.2484e-15 1.59374e-11 -1.46446e-06 1.65026e-05 1.23559e-13 -5.94367e-13 3.64759e-15 -1.23309e-13 1.64375e-05 -3.82685e-10 1.60137e-11 -1.09092e-12 3.82684e-10 1.63948e-05 -0.0884927 -4.98424e-10 9.63042e-07 -0.0884927 0.997196 7.46628e-09 -3.59156e-08 2.20412e-10 -7.45117e-09 0.993262 -2.31244e-05 9.67653e-07 -6.59205e-08 2.31243e-05 0.990686
25 0.0463447 1.64224e-05 -1.5803e-06 -8.90253e-15 1.58278e-11 -1.5803e-06 1.6376e-05 1.22566e-13 -6.40963e-13 3.93071e-15 -1.22275e-13 1.62996e-05 -4.131e-10 1.591e-11 -1.1768e-12 4.13099e-10 1.62573e-05 -0.0962282 -5.42097e-10 9.63792e-07 -0.0962281 0.997175 7.46333e-09 -3.90298e-08 2.39351e-10 -7.44564e-09 0.992522 -2.51547e-05 9.68796e-07 -7.16582e-08 2.51546e-05 0.989946
26 0.0480722 1.62921e-05 -1.69945e-06 -9.57397e-15 1.57146e-11 -1.69945e-06 1.62457e-05 1.2154e-13 -6.88832e-13 4.22219e-15 -1.212e-13 1.61566e-05 -4.44411e-10 1.58028e-11 -1.26507e-12 4.4441e-10 1.61147e-05 -0.104311 -5.87645e-10 9.64553e-07 -0.104311 0.997154 7.46005e-09 -4.22802e-08 2.59156e-10 -7.43921e-09 0.991683 -2.72777e-05 9.69967e-07 -7.76491e-08 2.72776e-05 0.989109
27 0.049785 1.61582e-05 -1.82176e-06 -1.02636e-14 1.55979e-11 -1.82176e-06 1.61119e-05 1.20482e-13 -7.37902e-13 4.52171e-15 -1.20088e-13 1.60086e-05 -4.76578e-10 1.56923e-11 -1.3556e-12 4.76577e-10 1.5967e-05 -0.112745 -6.35195e-10 9.65322e-07 -0.112745 0.997132 7.45638e-09 -4.56673e-08 2.79839e-10 -7.43201e-09 0.990738 -2.94944e-05 9.71162e-07 -8.38952e-08 2.94944e-05 0.988164
28 0.0514827 1.6021e-05 -1.94708e-06 -1.09715e-14 1.54778e-11 -1.94708e-06 1.59746e-05 1.19394e-13 -7.88106e-13 4.82833e-15 -1.1894e-13 1.58555e-05 -5.09561e-10 1.55784e-11 -1.44826e-12 5.0956e-10 1.58143e-05 -0.121533 -6.8482e-10 9.66096e-07 -0.121533 0.997109 7.45236e-09 -4.91922e-08 3.01376e-10 -7.42402e-09 0.989675 -3.18059e-05 9.72379e-07 -9.0398e-08 3.18058e-05 0.987103
29 0.0531646 1.58805e-05 -2.07523e-06 -1.16932e-14 1.53544e-11 -2.07523e-06 1.58342e-05 1.18276e-13 -8.39371e-13 5.13869e-15 -1.17754e-13 1.56976e-05 -5.4332e-10 1.54614e-11 -1.54293e-12 5.43319e-10 1.56568e-05 -0.130678 -7.36326e-10 9.66872e-07 -0.130678 0.997084 7.44792e-09 -5.28555e-08 3.23586e-10 -7.41503e-09 0.988484 -3.42131e-05 9.73614e-07 -9.71591e-08 3.4213e-05 0.985914
30 0.0548304 1.57369e-05 -2.20604e-06 -1.24302e-14 1.52278e-11 -2.20604e-06 1.56907e-05 1.17129e-13 -8.91622e-13 5.45505e-15 -1.16534e-13 1.55348e-05 -5.77812e-10 1.53414e-11 -1.63947e-12 5.77811e-10 1.54944e-05 -0.140183 -7.89875e-10 9.67647e-07 -0.140182 0.997059 7.44296e-09 -5.66579e-08 3.4664e-10 -7.40513e-09 0.987156 -3.67169e-05 9.74864e-07 -1.0418e-07 3.67169e-05 0.984587
31 0.0564795 1.55905e-05 -2.33935e-06 -1.31808e-14 1.50981e-11 -2.33935e-06 1.55443e-05 1.15954e-13 -9.44787e-13 5.77815e-15 -1.15277e-13 1.53672e-05 -6.12994e-10 1.52183e-11 -1.73774e-12 6.12993e-10 1.53272e-05 -0.15005 -8.45438e-10 9.68416e-07 -0.15005 0.997033 7.43746e-09 -6.06002e-08 3.7062e-10 -7.39408e-09 0.985678 -3.93184e-05 9.76125e-07 -1.11461e-07 3.93183e-05 0.983112
32 0.0581114 1.54414e-05 -2.47498e-06 -1.39448e-14 1.49654e-11 -2.47498e-06 1.53952e-05 1.14753e-13 -9.98795e-13 6.10561e-15 -1.13986e-13 1.51949e-05 -6.48823e-10 1.50923e-11 -1.8376e-12 6.48822e-10 1.51553e-05 -0.160282 -9.03077e-10 9.69176e-07 -0.160282 0.997006 7.43153e-09 -6.46829e-08 3.95405e-10 -7.38184e-09 0.984039 -4.20184e-05 9.77393e-07 -1.19005e-07 4.20184e-05 0.981475
33 0.0597256 1.52898e-05 -2.61275e-06 -1.47205e-14 1.48299e-11 -2.61275e-06 1.52436e-05 1.13525e-13 -1.05356e-12 6.43611e-15 -1.12662e-13 1.5018e-05 -6.85254e-10 1.49635e-11 -1.93891e-12 6.85253e-10 1.49788e-05 -0.170882 -9.62766e-10 9.69922e-07 -0.170882 0.996978 7.42489e-09 -6.89064e-08 4.20943e-10 -7.36845e-09 0.982225 -4.48178e-05 9.78663e-07 -1.26811e-07 4.48178e-05 0.979664
34 0.0613216 1.51358e-05 -2.75248e-06 -1.55043e-14 1.46916e-11 -2.75248e-06 1.50896e-05 1.12275e-13 -1.10902e-12 6.77133e-15 -1.11303e-13 1.48365e-05 -7.22242e-10 1.48321e-11 -2.04152e-12 7.22241e-10 1.47978e-05 -0.181852 -1.02435e-09 9.7065e-07 -0.181852 0.996949 7.41783e-09 -7.32711e-08 4.47372e-10 -7.35366e-09 0.980224 -4.77175e-05 9.79932e-07 -1.3488e-07 4.77174e-05 0.977666
35 0.0628989 1.49797e-05 -2.89399e-06 -1.62992e-14 1.45506e-11 -2.89399e-06 1.49336e-05 1.10997e-13 -1.16508e-12 7.10848e-15 -1.09914e-13 1.46505e-05 -7.59741e-10 1.4698e-11 -2.1453e-12 7.59739e-10 1.46122e-05 -0.193194 -1.08809e-09 9.71354e-07 -0.193194 0.996919 7.40986e-09 -7.77771e-08 4.74541e-10 -7.33753e-09 0.978021 -5.0718e-05 9.81193e-07 -1.43214e-07 5.07179e-05 0.975468
36 0.064457 1.48217e-05 -3.03709e-06 -1.71008e-14 1.44071e-11 -3.03709e-06 1.47755e-05 1.09701e-13 -1.22167e-12 7.45121e-15 -1.08492e-13 1.446e-05 -7.97704e-10 1.45614e-11 -2.25009e-12 7.97702e-10 1.44223e-05 -0.204909 -1.15377e-09 9.72031e-07 -0.204909 0.996888 7.4014e-09 -8.24248e-08 5.02725e-10 -7.31984e-09 0.975603 -5.38202e-05 9.82441e-07 -1.51811e-07 5.38201e-05 0.973053
37 0.0659956 1.46618e-05 -3.1816e-06 -1.79104e-14 1.42612e-11 -3.18159e-06 1.46157e-05 1.08384e-13 -1.27872e-12 7.79323e-15 -1.0704e-13 1.42653e-05 -8.36084e-10 1.44224e-11 -2.35574e-12 8.36082e-10 1.4228e-05 -0.216998 -1.22156e-09 9.72673e-07 -0.216998 0.996856 7.39223e-09 -8.7214e-08 5.31532e-10 -7.30061e-09 0.972952 -5.70245e-05 9.83672e-07 -1.60671e-07 5.70244e-05 0.970408
38 0.067514 1.45005e-05 -3.32732e-06 -1.87249e-14 1.41129e-11 -3.32732e-06 1.44544e-05 1.07046e-13 -1.33614e-12 8.13769e-15 -1.05556e-13 1.40662e-05 -8.74833e-10 1.42812e-11 -2.46211e-12 8.74832e-10 1.40294e-05 -0.229463 -1.29133e-09 9.73275e-07 -0.229463 0.996823 7.38224e-09 -9.21444e-08 5.61202e-10 -7.27947e-09 0.970054 -6.03314e-05 9.84878e-07 -1.69795e-07 6.03313e-05 0.967516
39 0.0690118 1.43377e-05 -3.47407e-06 -1.95439e-14 1.39625e-11 -3.47407e-06 1.42917e-05 1.05688e-13 -1.39385e-12 8.48368e-15 -1.04045e-13 1.3863e-05 -9.13904e-10 1.41378e-11 -2.56904e-12 9.13903e-10 1.38267e-05 -0.242303 -1.36311e-09 9.73831e-07 -0.242303 0.996789 7.37135e-09 -9.72155e-08 5.91703e-10 -7.2567e-09 0.966892 -6.37412e-05 9.86053e-07 -1.7918e-07 6.37411e-05 0.96436
40 0.10628 1.41738e-05 -3.62166e-06 -2.03656e-14 1.381e-11 -3.62166e-06 1.41278e-05 1.04316e-13 -1.45177e-12 8.82952e-15 -1.02505e-13 1.36557e-05 -9.53248e-10 1.39922e-11 -2.67638e-12 9.53247e-10 1.36199e-05 -0.255518 -1.43685e-09 9.74335e-07 -0.255518 0.996754 7.35977e-09 -1.02426e-07 6.22946e-10 -7.23198e-09 0.963448 -6.72542e-05 9.8719e-07 -1.88826e-07 6.72541e-05 0.960922
42 0.146749 1.38432e-05 -3.91859e-06 -2.20118e-14 1.34993e-11 -3.91859e-06 1.37973e-05 1.01523e-13 -1.56795e-12 9.52204e-15 -9.9343e-14 1.32292e-05 -1.03256e-09 1.36954e-11 -2.89169e-12 1.03256e-09 1.31944e-05 -0.283069 -1.59008e-09 9.75156e-07 -0.283069 0.996681 7.33377e-09 -1.13264e-07 6.87848e-10 -7.17628e-09 0.95564 -7.45895e-05 9.89322e-07 -2.08889e-07 7.45894e-05 0.953131
44 0.152348 1.35103e-05 -4.21658e-06 -2.36578e-14 1.31817e-11 -4.21657e-06 1.34645e-05 9.86767e-14 -1.68402e-12 1.02103e-14 -9.60791e-14 1.27872e-05 -1.11238e-09 1.33916e-11 -3.10683e-12 1.11237e-09 1.27536e-05 -0.3121 -1.75109e-09 9.75678e-07 -0.3121 0.996604 7.30379e-09 -1.24647e-07 7.55736e-10 -7.11152e-09 0.946476 -8.23351e-05 9.91209e-07 -2.29959e-07 8.2335e-05 0.943986
46 0.157761 1.31767e-05 -4.51408e-06 -2.5287e-14 1.28583e-11 -4.51407e-06 1.31309e-05 9.57889e-14 -1.79935e-12 1.08905e-14 -9.27224e-14 1.23306e-05 -1.1923e-09 1.30816e-11 -3.32057e-12 1.1923e-09 1.22981e-05 -0.34258 -1.91907e-09 9.75834e-07 -0.34258 0.996522 7.26956e-09 -1.36556e-07 8.26493e-10 -7.03684e-09 0.935789 -9.04855e-05 9.92779e-07 -2.52003e-07 9.04853e-05 0.933322
48 0.162982 1.28439e-05 -4.80957e-06 -2.68944e-14 1.25299e-11 -4.80957e-06 1.27981e-05 9.28701e-14 -1.91332e-12 1.1561e-14 -8.9278e-14 1.18601e-05 -1.27194e-09 1.27662e-11 -3.53172e-12 1.27194e-09 1.18288e-05 -0.374463 -2.09394e-09 9.75552e-07 -0.374463 0.996437 7.23067e-09 -1.48967e-07 9.00114e-10 -6.951e-09 0.923402 -9.90306e-05 9.93953e-07 -2.74972e-07 9.90304e-05 0.920963
50 0.168004 1.25135e-05 -5.10155e-06 -2.84657e-14 1.21976e-11 -5.10155e-06 1.24678e-05 8.99297e-14 -2.02529e-12 1.22143e-14 -8.57576e-14 1.13764e-05 -1.3509e-09 1.24465e-11 -3.73909e-12 1.3509e-09 1.13462e-05 -0.407684 -2.2748e-09 9.74752e-07 -0.407684 0.996349 7.18662e-09 -1.61849e-07 9.76092e-10 -6.85321e-09 0.909127 -0.000107956 9.94644e-07 -2.98804e-07 0.000107955 0.90672
52 0.172821 1.2187e-05 -5.38853e-06 -2.99927e-14 1.18622e-11 -5.38853e-06 1.21414e-05 8.69786e-14 -2.13466e-12 1.28496e-14 -8.21687e-14 1.08802e-05 -1.42879e-09 1.21231e-11 -3.94151e-12 1.42879e-09 1.08513e-05 -0.442154 -2.46103e-09 9.73349e-07 -0.442153 0.996256 7.13699e-09 -1.75158e-07 1.05437e-09 -6.74232e-09 0.892769 -0.000117239 9.94755e-07 -3.23419e-07 0.000117239 0.890399
54 0.177428 1.1866e-05 -5.66907e-06 -3.1464e-14 1.15248e-11 -5.66906e-06 1.18204e-05 8.40296e-14 -2.24082e-12 1.34631e-14 -7.85205e-14 1.03723e-05 -1.50523e-09 1.17969e-11 -4.13787e-12 1.50523e-09 1.03447e-05 -0.477759 -2.65162e-09 9.71251e-07 -0.477758 0.996161 7.08157e-09 -1.88844e-07 1.13459e-09 -6.61728e-09 0.874125 -0.000126853 9.94183e-07 -3.48717e-07 0.000126853 0.871799
56 0.181819 1.15518e-05 -5.94174e-06 -3.28696e-14 1.11863e-11 -5.94174e-06 1.15063e-05 8.10924e-14 -2.34319e-12 1.40503e-14 -7.48237e-14 9.85358e-06 -1.57985e-09 1.14688e-11 -4.32707e-12 1.57985e-09 9.82729e-06 -0.514356 -2.84541e-09 9.68362e-07 -0.514355 0.996063 7.01988e-09 -2.02842e-07 1.21628e-09 -6.47722e-09 0.85299 -0.000136762 9.92817e-07 -3.74579e-07 0.000136762 0.850714
58 0.185988 1.1246e-05 -6.2052e-06 -3.42034e-14 1.08477e-11 -6.20519e-06 1.12006e-05 7.81768e-14 -2.4412e-12 1.46088e-14 -7.10883e-14 9.32471e-06 -1.65227e-09 1.11396e-11 -4.50808e-12 1.65227e-09 9.29977e-06 -0.55177 -3.04139e-09 9.64582e-07 -0.551769 0.995962 6.95153e-09 -2.17073e-07 1.29903e-09 -6.32121e-09 0.829159 -0.000146921 9.9054e-07 -4.00861e-07 0.000146921 0.826941
60 0.286303 1.09499e-05 -6.45812e-06 -3.54526e-14 1.05097e-11 -6.45811e-06 1.09045e-05 7.52922e-14 -2.53431e-12 1.51358e-14 -6.73212e-14 8.78652e-06 -1.72214e-09 1.081e-11 -4.67992e-12 1.72214e-09 8.76294e-06 -0.58979 -3.23772e-09 9.59807e-07 -0.58979 0.995859 6.87609e-09 -2.31447e-07 1.38228e-09 -6.14814e-09 0.802433 -0.000157276 9.87228e-07 -4.27395e-07 0.000157275 0.80028
64 0.394175 1.03918e-05 -6.92744e-06 -3.76688e-14 9.83961e-12 -6.92744e-06 1.03466e-05 6.96558e-14 -2.70374e-12 1.60845e-14 -5.97446e-14 7.68536e-06 -1.8529e-09 1.01527e-11 -4.9924e-12 1.85289e-09 7.66459e-06 -0.666626 -3.62486e-09 9.46864e-07 -0.666626 0.995651 6.70296e-09 -2.6018e-07 1.54781e-09 -5.74921e-09 0.739561 -0.000178304 9.76995e-07 -4.80418e-07 0.000178303 0.737562
68 0.406626 9.88726e-06 -7.34056e-06 -3.94585e-14 9.18271e-12 -7.34056e-06 9.84221e-06 6.4251e-14 -2.84762e-12 1.68763e-14 -5.21759e-14 6.55651e-06 -1.96955e-09 9.50281e-12 -5.25793e-12 1.96955e-09 6.53864e-06 -0.742426 -3.99084e-09 9.28741e-07 -0.742425 0.995443 6.49836e-09 -2.88009e-07 1.70687e-09 -5.27708e-09 0.663127 -0.000199201 9.61116e-07 -5.31788e-07 0.000199201 0.661319
72 0.417095 9.44467e-06 -7.68956e-06 -4.07785e-14 8.5453e-12 -7.68955e-06 9.39976e-06 5.91381e-14 -2.96263e-12 1.75002e-14 -4.47026e-14 5.40639e-06 -2.06986e-09 8.86559e-12 -5.47108e-12 2.06985e-09 5.3915e-06 -0.814169 -4.31762e-09 9.04775e-07 -0.814168 0.995245 6.26153e-09 -3.13682e-07 1.85292e-09 -4.7331e-09 0.572427 -0.000219156 9.38687e-07 -5.79277e-07 0.000219156 0.570851
76 0.425533 9.07104e-06 -7.96789e-06 -4.15943e-14 7.933e-12 -7.96788e-06 9.02628e-06 5.43617e-14 -3.04601e-12 1.79455e-14 -3.74043e-14 4.24139e-06 -2.15187e-09 8.2459e-12 -5.62776e-12 2.15187e-09 4.22953e-06 -0.878388 -4.58539e-09 8.74542e-07 -0.878387 0.995065 5.99289e-09 -3.35795e-07 1.97832e-09 -4.12348e-09 0.467574 -0.000237224 9.09036e-07 -6.2041e-07 0.000237224 0.466267
80 0.431897 8.7719e-06 -8.17051e-06 -4.1888e-14 7.35069e-12 -8.17051e-06 8.72728e-06 4.99555e-14 -3.09573e-12 1.82043e-14 -3.03639e-14 3.06779e-06 -2.21402e-09 7.64804e-12 -5.72527e-12 2.21402e-09 3.05902e-06 -0.931441 -4.77525e-09 8.37981e-07 -0.93144 0.994913 5.69495e-09 -3.52914e-07 2.07529e-09 -3.46149e-09 0.349729 -0.000252399 8.71879e-07 -6.52682e-07 0.000252399 0.348729
84 0.436158 8.55124e-06 -8.29394e-06 -4.16599e-14 6.80237e-12 -8.29393e-06 8.50676e-06 4.59381e-14 -3.11055e-12 1.82781e-14 -2.36571e-14 1.89178e-06 -2.25513e-09 7.07573e-12 -5.76233e-12 2.25513e-09 1.88611e-06 -0.96991 -4.8718e-09 7.95483e-07 -0.969909 0.994798 5.37209e-09 -3.63754e-07 2.13747e-09 -2.7665e-09 0.221228 -0.00026372 8.2745e-07 -6.73859e-07 0.000263719 0.220566
88 0.328636 8.41142e-06 -8.33629e-06 -4.0924e-14 6.29112e-12 -8.33628e-06 8.36707e-06 4.23189e-14 -3.09008e-12 1.81679e-14 -1.73506e-14 7.1935e-07 -2.27444e-09 6.53214e-12 -5.73911e-12 2.27443e-09 7.1681e-07 -0.991068 -4.86529e-09 7.47926e-07 -0.991067 0.994728 5.03113e-09 -3.67367e-07 2.15991e-09 -2.06274e-09 0.0855206 -0.000270399 7.7658e-07 -6.823e-07 0.000270398 0.0852187
90 0.219313 8.37212e-06 -8.32692e-06 -4.03752e-14 6.05008e-12 -8.32691e-06 8.32784e-06 4.06539e-14 -3.06673e-12 1.80446e-14 -1.43681e-14 1.36303e-07 -2.27579e-09 6.27194e-12 -5.70533e-12 2.27579e-09 1.35326e-07 -0.994601 -4.82259e-09 7.22647e-07 -0.994601 0.994711 4.85587e-09 -3.66303e-07 2.15532e-09 -1.71618e-09 0.0162806 -0.00027183 7.49147e-07 -6.81468e-07 0.00027183 0.0161639
92 0.328636 8.35317e-06 -8.2973e-06 -3.9713e-14 5.81901e-12 -8.2973e-06 8.30896e-06 3.9085e-14 -3.03483e-12 1.78795e-14 -1.15063e-14 -4.43687e-07 -2.27161e-09 6.01985e-12 -5.65715e-12 2.2716e-09 -4.43104e-07 -0.993311 -4.75424e-09 6.96623e-07 -0.99331 0.994707 4.67906e-09 -3.63314e-07 2.14044e-09 -1.37748e-09 -0.053116 -0.000271945 7.20666e-07 -6.77246e-07 0.000271945 -0.0530461
96 0.436158 8.37566e-06 -8.1783e-06 -3.80648e-14 5.38708e-12 -8.17829e-06 8.33157e-06 3.62163e-14 -2.94626e-12 1.74243e-14 -6.17518e-15 -1.59175e-06 -2.24673e-09 5.54085e-12 -5.51929e-12 2.24673e-09 -1.58806e-06 -0.976437 -4.54469e-09 6.43183e-07 -0.976436 0.994736 4.32399e-09 -3.51764e-07 2.08035e-09 -7.37277e-10 -0.190044 -0.000268245 6.61542e-07 -6.58967e-07 0.000268245 -0.189604
100 0.431897 8.47648e-06 -7.98214e-06 -3.6042e-14 4.99534e-12 -7.98213e-06 8.43251e-06 3.36867e-14 -2.82674e-12 1.68155e-14 -1.39523e-15 -2.7195e-06 -2.20034e-09 5.09657e-12 -5.3295e-12 2.20034e-09 -2.71273e-06 -0.941682 -4.252e-09 5.89318e-07 -0.941681 0.994813 3.97414e-09 -3.3348e-07 1.98379e-09 -1.646e-10 -0.320829 -0.000259582 6.0126e-07 -6.2874e-07 0.000259581 -0.320031
104 0.425533 8.65177e-06 -7.71313e-06 -3.37039e-14 4.64282e-12 -7.71312e-06 8.60792e-06 3.14541e-14 -2.67948e-12 1.60666e-14 2.80445e-15 -3.82187e-06 -2.13337e-09 4.68788e-12 -5.09281e-12 2.13337e-09 -3.81208e-06 -0.891509 -3.89561e-09 5.36632e-07 -0.891508 0.994932 3.63557e-09 -3.09703e-07 1.85703e-09 3.24148e-10 -0.441745 -0.000246582 5.4184e-07 -5.88644e-07 0.000246581 -0.440613
108 0.417095 8.89633e-06 -7.37691e-06 -3.11198e-14 4.32768e-12 -7.37691e-06 8.85259e-06 2.94782e-14 -2.50847e-12 1.51971e-14 6.41179e-15 -4.89408e-06 -2.04715e-09 4.31512e-12 -4.81506e-12 2.04715e-09 -4.88132e-06 -0.829209 -3.49805e-09 4.86457e-07 -0.829208 0.995083 3.31353e-09 -2.81966e-07 1.70825e-09 7.20723e-10 -0.550124 -0.000230112 4.85045e-07 -5.41241e-07 0.000230112 -0.548689
112 0.406626 9.20372e-06 -6.98034e-06 -2.83675e-14 4.04736e-12 -6.98033e-06 9.16008e-06 2.77118e-14 -2.31826e-12 1.42231e-14 9.42274e-15 -5.93164e-06 -1.9434e-09 3.97813e-12 -4.50273e-12 1.94339e-09 -5.91598e-06 -0.758426 -3.08218e-09 4.39753e-07 -0.758425 0.995259 3.01094e-09 -2.51883e-07 1.54537e-09 1.0238e-09 -0.644483 -0.000211153 4.32231e-07 -4.8923e-07 0.000211153 -0.642782
116 0.394175 9.56645e-06 -6.53131e-06 -2.5518e-14 3.79873e-12 -6.53131e-06 9.5229e-06 2.61114e-14 -2.11389e-12 1.31663e-14 1.18491e-14 -6.93035e-06 -1.82413e-09 3.67628e-12 -4.16278e-12 1.82413e-09 -6.91188e-06 -0.682731 -2.66744e-09 3.97089e-07 -0.682731 0.995448 2.72947e-09 -2.20969e-07 1.3763e-09 1.23861e-09 -0.724443 -0.00019068 3.84289e-07 -4.35144e-07 0.00019068 -0.722513
120 0.379804 9.97609e-06 -6.03863e-06 -2.264e-14 3.57831e-12 -6.03862e-06 9.93263e-06 2.4637e-14 -1.90057e-12 1.2047e-14 1.37131e-14 -7.88631e-06 -1.69168e-09 3.40851e-12 -3.80237e-12 1.69168e-09 -7.86515e-06 -0.60531 -2.26943e-09 3.58689e-07 -0.60531 0.995644 2.4696e-09 -1.90512e-07 1.20759e-09 1.37459e-09 -0.790522 -0.000169574 3.41668e-07 -3.81148e-07 0.000169574 -0.7884
124 0.363583 1.04235e-05 -5.5118e-06 -1.98002e-14 3.38248e-12 -5.51179e-06 1.03801e-05 2.32511e-14 -1.68355e-12 1.08861e-14 1.50489e-14 -8.79595e-06 -1.54863e-09 3.17337e-12 -3.42876e-12 1.54863e-09 -8.77219e-06 -0.528785 -1.89958e-09 3.24505e-07 -0.528785 0.995839 2.23064e-09 -1.61514e-07 1.04438e-09 1.44375e-09 -0.843857 -0.000148571 3.04444e-07 -3.28945e-07 0.000148571 -0.841578
128 0.34559 1.0899e-05 -4.96085e-06 -1.70552e-14 3.2077e-12 -4.96084e-06 1.08557e-05 2.19246e-14 -1.46786e-12 9.7053e-15 1.59021e-14 -9.65596e-06 -1.39774e-09 2.96909e-12 -3.04908e-12 1.39774e-09 -9.62974e-06 -0.455165 -1.56484e-09 2.94311e-07 -0.455165 0.996028 2.01162e-09 -1.34679e-07 8.90476e-10 1.45905e-09 -0.885949 -0.000128245 2.72419e-07 -2.79758e-07 0.000128244 -0.883543
132 0.325914 1.13925e-05 -4.39615e-06 -1.44538e-14 3.05071e-12 -4.39615e-06 1.13493e-05 2.06355e-14 -1.25815e-12 8.52306e-15 1.63232e-14 -1.04633e-05 -1.24192e-09 2.79363e-12 -2.67023e-12 1.24192e-09 -1.04348e-05 -0.38588 -1.26871e-09 2.67781e-07 -0.385879 0.996206 1.81132e-09 -1.10436e-07 7.48126e-10 1.4328e-09 -0.918439 -0.000109012 2.45215e-07 -2.34384e-07 0.000109012 -0.915932
136 0.304649 1.18939e-05 -3.82822e-06 -1.20313e-14 2.90869e-12 -3.82822e-06 1.18507e-05 1.93717e-14 -1.05847e-12 7.35715e-15 1.63735e-14 -1.12154e-05 -1.08418e-09 2.64471e-12 -2.29869e-12 1.08418e-09 -1.11847e-05 -0.321865 -1.01156e-09 2.44553e-07 -0.321864 0.996371 1.62871e-09 -8.89931e-08 6.18566e-10 1.37663e-09 -0.942954 -9.11542e-05 2.22359e-07 -1.93266e-07 9.11541e-05 -0.94037
140 0.281901 1.23929e-05 -3.26754e-06 -9.82015e-15 2.77939e-12 -3.26754e-06 1.23497e-05 1.81304e-14 -8.72216e-13 6.23001e-15 1.61155e-14 -1.19097e-05 -9.27537e-10 2.51994e-12 -1.94048e-12 9.27535e-10 -1.18769e-05 -0.263663 -7.92404e-10 2.24273e-07 -0.263663 0.996521 1.46297e-09 -7.03805e-08 5.0271e-10 1.30039e-09 -0.96101 -7.48445e-05 2.03338e-07 -1.5658e-07 7.48443e-05 -0.958366
144 0.257779 1.28794e-05 -2.72435e-06 -7.83712e-15 2.66121e-12 -2.72435e-06 1.28364e-05 1.6917e-14 -7.01981e-13 5.15644e-15 1.56151e-14 -1.2544e-05 -7.74998e-10 2.41682e-12 -1.60106e-12 7.74997e-10 -1.25093e-05 -0.211527 -6.08499e-10 2.06625e-07 -0.211527 0.996657 1.31349e-09 -5.4504e-08 4.00362e-10 1.21241e-09 -0.973952 -6.01733e-05 1.87649e-07 -1.24311e-07 6.01732e-05 -0.971264
148 0.232401 1.3344e-05 -2.20852e-06 -6.08952e-15 2.55324e-12 -2.20852e-06 1.3301e-05 1.57414e-14 -5.49598e-13 4.15233e-15 1.49436e-14 -1.31164e-05 -6.29478e-10 2.33284e-12 -1.28531e-12 6.29476e-10 -1.30801e-05 -0.165506 -4.56349e-10 1.91339e-07 -0.165506 0.996776 1.17966e-09 -4.11869e-08 3.11176e-10 1.11987e-09 -0.98294 -4.7173e-05 1.74823e-07 -9.63211e-08 4.71729e-05 -0.980219
152 0.205891 1.37775e-05 -1.72933e-06 -4.58125e-15 2.45517e-12 -1.72932e-06 1.37345e-05 1.46251e-14 -4.1615e-13 3.23148e-15 1.41634e-14 -1.36252e-05 -4.93752e-10 2.26554e-12 -9.97475e-13 4.93751e-10 -1.35874e-05 -0.125518 -3.32517e-10 1.78201e-07 -0.125518 0.99688 1.06152e-09 -3.02051e-08 2.34548e-10 1.02801e-09 -0.988947 -3.58376e-05 1.64438e-07 -7.23989e-08 3.58375e-05 -0.986202
156 0.178378 1.41715e-05 -1.29535e-06 -3.30714e-15 2.36728e-12 -1.29535e-06 1.41285e-05 1.35877e-14 -3.02053e-13 2.40822e-15 1.33418e-14 -1.4069e-05 -3.70408e-10 2.21259e-12 -7.41202e-13 3.70407e-10 -1.40299e-05 -0.0914054 -2.33366e-10 1.67045e-07 -0.0914054 0.996969 9.58807e-10 -2.13141e-08 1.69934e-10 9.41457e-10 -0.992771 -2.61375e-05 1.56129e-07 -5.23024e-08 2.61375e-05 -0.990009
160 0.0971232 1.45184e-05 -9.14317e-07 -2.2588e-15 2.29026e-12 -9.14317e-07 1.44755e-05 1.26532e-14 -2.07194e-13 1.69169e-15 1.2537e-14 -1.44466e-05 -2.61791e-10 2.17181e-12 -5.19543e-13 2.6179e-10 -1.44063e-05 -0.0629764 -1.55582e-10 1.57749e-07 -0.0629763 0.997044 8.71526e-10 -1.42711e-08 1.1652e-10 8.63524e-10 -0.995053 -1.80316e-05 1.4959e-07 -3.57851e-08 1.80316e-05 -0.992279
161 0.0357021 1.4597e-05 -8.28145e-07 -2.03027e-15 2.27282e-12 -8.28145e-07 1.45541e-05 1.24378e-14 -1.86434e-13 1.53048e-15 1.23445e-14 -1.45305e-05 -2.37186e-10 2.16328e-12 -4.6984e-13 2.37186e-10 -1.449e-05 -0.0567339 -1.39088e-10 1.55704e-07 -0.0567339 0.99706 8.52079e-10 -1.27721e-08 1.04849e-10 8.45686e-10 -0.995445 -1.6249e-05 1.48201e-07 -3.21874e-08 1.62489e-05 -0.992669
162 0.0338871 1.46721e-05 -7.45804e-07 -1.81569e-15 2.25613e-12 -7.45804e-07 1.46292e-05 1.22326e-14 -1.66835e-13 1.37666e-15 1.21576e-14 -1.46102e-05 -2.13662e-10 2.15537e-12 -4.22492e-13 2.13662e-10 -1.45694e-05 -0.0508314 -1.23751e-10 1.5377e-07 -0.0508313 0.997075 8.33731e-10 -1.13709e-08 9.38283e-11 8.2862e-10 -0.995779 -1.45624e-05 1.46902e-07 -2.87956e-08 1.45624e-05 -0.993001
163 0.0320617 1.47437e-05 -6.67386e-07 -1.6139e-15 2.24022e-12 -6.67385e-07 1.47008e-05 1.20348e-14 -1.48387e-13 1.23146e-15 1.19744e-14 -1.46857e-05 -1.91246e-10 2.14804e-12 -3.77531e-13 1.91246e-10 -1.46447e-05 -0.0452658 -1.09463e-10 1.51944e-07 -0.0452657 0.99709 8.16269e-10 -1.00644e-08 8.35247e-11 8.12167e-10 -0.996062 -1.29714e-05 1.45692e-07 -2.56062e-08 1.29713e-05 -0.993282
164 0.0302266 1.48117e-05 -5.92976e-07 -1.42351e-15 2.2251e-12 -5.92975e-07 1.47688e-05 1.18473e-14 -1.31079e-13 1.0935e-15 1.17993e-14 -1.47569e-05 -1.69965e-10 2.14127e-12 -3.34985e-13 1.69965e-10 -1.47157e-05 -0.0400343 -9.61075e-11 1.50226e-07 -0.0400343 0.997104 7.99863e-10 -8.84971e-09 7.38267e-11 7.9662e-10 -0.9963 -1.14751e-05 1.44566e-07 -2.26163e-08 1.14751e-05 -0.993518
165 0.0283823 1.48759e-05 -5.22656e-07 -1.24768e-15 2.21079e-12 -5.22656e-07 1.4833e-05 1.16692e-14 -1.14897e-13 9.62676e-16 1.16319e-14 -1.48238e-05 -1.49844e-10 2.13503e-12 -2.94885e-13 1.49844e-10 -1.47824e-05 -0.0351344 -8.38724e-11 1.48615e-07 -0.0351343 0.997117 7.84434e-10 -7.72371e-09 6.47136e-11 7.81931e-10 -0.996497 -1.00729e-05 1.43523e-07 -1.9823e-08 1.00729e-05 -0.993715
166 0.0265294 1.49364e-05 -4.56505e-07 -1.08312e-15 2.19731e-12 -4.56505e-07 1.48935e-05 1.14999e-14 -9.98326e-14 8.40123e-16 1.14717e-14 -1.48865e-05 -1.30907e-10 2.12931e-12 -2.57256e-13 1.30907e-10 -1.48449e-05 -0.0305633 -7.25157e-11 1.47111e-07 -0.0305633 0.997128 7.69923e-10 -6.68385e-09 5.62467e-11 7.68038e-10 -0.99666 -8.76432e-06 1.42558e-07 -1.72234e-08 8.7643e-06 -0.993876
167 0.0246683 1.4993e-05 -3.94596e-07 -9.31274e-16 2.18467e-12 -3.94595e-07 1.49501e-05 1.13407e-14 -8.58685e-14 7.25879e-16 1.13204e-14 -1.49449e-05 -1.13177e-10 2.12408e-12 -2.22118e-13 1.13177e-10 -1.49032e-05 -0.0263186 -6.21138e-11 1.45713e-07 -0.0263186 0.99714 7.56398e-10 -5.72723e-09 4.84145e-11 7.55045e-10 -0.996792 -7.54865e-06 1.41671e-07 -1.48148e-08 7.54863e-06 -0.994007
168 0.0172754 1.50457e-05 -3.36995e-07 -7.90218e-16 2.1729e-12 -3.36994e-07 1.50028e-05 1.11934e-14 -7.29979e-14 6.20132e-16 1.11778e-14 -1.4999e-05 -9.66742e-11 2.11932e-12 -1.89497e-13 9.6674e-11 -1.49571e-05 -0.0223981 -5.25211e-11 1.4442e-07 -0.022398 0.99715 7.43957e-10 -4.85175e-09 4.12166e-11 7.42922e-10 -0.996898 -6.42537e-06 1.40859e-07 -1.25948e-08 6.42536e-06 -0.994112
168.5 0.0109315 1.50706e-05 -3.0983e-07 -7.24959e-16 2.16734e-12 -3.0983e-07 1.50277e-05 1.11222e-14 -6.69671e-14 5.68801e-16 1.11097e-14 -1.50245e-05 -8.88894e-11 2.11711e-12 -1.74138e-13 8.88892e-11 -1.49825e-05 -0.0205586 -4.81043e-11 1.43813e-07 -0.0205586 0.997155 7.3801e-10 -4.44357e-09 3.77425e-11 7.37178e-10 -0.996943 -5.89821e-06 1.4048e-07 -1.15549e-08 5.8982e-06 -0.994156
169 0.0104622 1.50944e-05 -2.83766e-07 -6.62501e-16 2.162e-12 -2.83766e-07 1.50515e-05 1.10552e-14 -6.12047e-14 5.21929e-16 1.10449e-14 -1.50489e-05 -8.14186e-11 2.11501e-12 -1.59414e-13 8.14184e-11 -1.50068e-05 -0.0187994 -4.38905e-11 1.43232e-07 -0.0187994 0.997159 7.32406e-10 -4.05479e-09 3.45776e-11 7.31722e-10 -0.996982 -5.39396e-06 1.40119e-07 -1.05611e-08 5.39394e-06 -0.994195
169.5 0.00999215 1.51173e-05 -2.5881e-07 -6.03698e-16 2.15688e-12 -2.5881e-07 1.50744e-05 1.09906e-14 -5.57085e-14 4.75417e-16 1.09825e-14 -1.50722e-05 -7.42642e-11 2.11302e-12 -1.45328e-13 7.4264e-11 -1.503e-05 -0.0171202 -3.99344e-11 1.42677e-07 -0.0171202 0.997164 7.27021e-10 -3.6851e-09 3.14486e-11 7.26485e-10 -0.997017 -4.91254e-06 1.39775e-07 -9.61338e-09 4.91253e-06 -0.994229
170 0.0095213 1.51391e-05 -2.34969e-07 -5.4713e-16 2.15199e-12 -2.34969e-07 1.50962e-05 1.09288e-14 -5.04807e-14 4.31604e-16 1.09219e-14 -1.50944e-05 -6.74282e-11 2.11113e-12 -1.31885e-13 6.74281e-11 -1.50522e-05 -0.0155207 -3.61403e-11 1.42148e-07 -0.0155207 0.997168 7.21891e-10 -3.33446e-09 2.85093e-11 7.2144e-10 -0.997047 -4.45392e-06 1.39449e-07 -8.71153e-09 4.45391e-06 -0.994259
170.5 0.00904972 1.51599e-05 -2.12249e-07 -4.93002e-16 2.14733e-12 -2.12248e-07 1.5117e-05 1.08701e-14 -4.55153e-14 3.89264e-16 1.08638e-14 -1.51155e-05 -6.09128e-11 2.10935e-12 -1.19083e-13 6.09126e-11 -1.50732e-05 -0.0140007 -3.25201e-11 1.41646e-07 -0.0140007 0.997172 7.17029e-10 -3.00235e-09 2.56772e-11 7.16617e-10 -0.997074 -4.01802e-06 1.3914e-07 -7.85514e-09 4.01802e-06 -0.994285
171 0.00857745 1.51797e-05 -1.90656e-07 -4.41223e-16 2.14289e-12 -1.90656e-07 1.51368e-05 1.08144e-14 -4.08141e-14 3.49923e-16 1.08096e-14 -1.51356e-05 -5.47197e-11 2.10767e-12 -1.06927e-13 5.47196e-11 -1.50932e-05 -0.01256 -2.90668e-11 1.41169e-07 -0.0125599 0.997176 7.12429e-10 -2.68874e-09 2.30521e-11 7.12113e-10 -0.997097 -3.60481e-06 1.38849e-07 -7.04409e-09 3.6048e-06 -0.994308
171.5 0.00810453 1.51984e-05 -1.70196e-07 -3.92597e-16 2.13869e-12 -1.70196e-07 1.51555e-05 1.07606e-14 -3.63729e-14 3.11378e-16 1.0756e-14 -1.51546e-05 -4.88509e-11 2.1061e-12 -9.5417e-14 4.88508e-11 -1.51122e-05 -0.0111983 -2.58315e-11 1.40718e-07 -0.0111983 0.997179 7.08012e-10 -2.39321e-09 2.04875e-11 7.07707e-10 -0.997116 -3.21422e-06 1.38574e-07 -6.2781e-09 3.21421e-06 -0.994327
172 0.00763099 1.52161e-05 -1.50876e-07 -3.47587e-16 2.13471e-12 -1.50876e-07 1.51732e-05 1.07107e-14 -3.21937e-14 2.7762e-16 1.07067e-14 -1.51725e-05 -4.33082e-11 2.10462e-12 -8.45562e-14 4.33081e-11 -1.513e-05 -0.00991556 -2.28434e-11 1.40293e-07 -0.00991555 0.997183 7.03907e-10 -2.11577e-09 1.82452e-11 7.03644e-10 -0.997133 -2.84621e-06 1.38315e-07 -5.55703e-09 2.8462e-06 -0.994344
172.5 0.00715688 1.52327e-05 -1.327e-07 -3.05653e-16 2.13097e-12 -1.327e-07 1.51899e-05 1.06623e-14 -2.82734e-14 2.43171e-16 1.06604e-14 -1.51893e-05 -3.8093e-11 2.10324e-12 -7.43445e-14 3.80929e-11 -1.51468e-05 -0.00871149 -2.00656e-11 1.39894e-07 -0.00871148 0.997186 6.99963e-10 -1.85609e-09 1.59637e-11 6.99837e-10 -0.997148 -2.50073e-06 1.38074e-07 -4.88058e-09 2.50073e-06 -0.994358
173 0.00668221 1.52483e-05 -1.15673e-07 -2.66229e-16 2.12747e-12 -1.15673e-07 1.52055e-05 1.06176e-14 -2.46116e-14 2.1207e-16 1.06161e-14 -1.5205e-05 -3.32071e-11 2.10196e-12 -6.4786e-14 3.3207e-11 -1.51625e-05 -0.00758594 -1.74595e-11 1.39521e-07 -0.00758593 0.997189 6.96315e-10 -1.61405e-09 1.39078e-11 6.96213e-10 -0.99716 -2.17775e-06 1.37848e-07 -4.24873e-09 2.17775e-06 -0.99437
173.5 0.00620704 1.52629e-05 -9.97999e-08 -2.2877e-16 2.12419e-12 -9.97998e-08 1.522e-05 1.05761e-14 -2.12056e-14 1.83277e-16 1.05758e-14 -1.52197e-05 -2.86517e-11 2.10076e-12 -5.58804e-14 2.86517e-11 -1.51771e-05 -0.00653874 -1.49886e-11 1.39174e-07 -0.00653873 0.997191 6.92931e-10 -1.38936e-09 1.20081e-11 6.92908e-10 -0.99717 -1.87722e-06 1.37639e-07 -3.6612e-09 1.87721e-06 -0.99438
174 0.0057314 1.52764e-05 -8.50852e-08 -1.94883e-16 2.12116e-12 -8.50851e-08 1.52335e-05 1.05379e-14 -1.80573e-14 1.56006e-16 1.05372e-14 -1.52332e-05 -2.44284e-11 2.09967e-12 -4.76283e-14 2.44284e-11 -1.51906e-05 -0.00556973 -1.27572e-11 1.38853e-07 -0.00556972 0.997194 6.89819e-10 -1.18204e-09 1.02122e-11 6.89771e-10 -0.997178 -1.5991e-06 1.37446e-07 -3.11778e-09 1.5991e-06 -0.994388
174.5 0.00525531 1.52888e-05 -7.15327e-08 -1.63647e-16 2.11836e-12 -7.15327e-08 1.52459e-05 1.0503e-14 -1.5165e-14 1.31598e-16 1.05012e-14 -1.52457e-05 -2.05383e-11 2.09866e-12 -4.00326e-14 2.05383e-11 -1.52031e-05 -0.00467878 -1.07037e-11 1.38557e-07 -0.00467877 0.997196 6.86973e-10 -9.91905e-10 8.60753e-12 6.86858e-10 -0.997185 -1.34336e-06 1.37268e-07 -2.61843e-09 1.34336e-06 -0.994395
175 0.00477883 1.53001e-05 -5.91463e-08 -1.35071e-16 2.11581e-12 -5.91462e-08 1.52573e-05 1.047e-14 -1.25251e-14 1.08924e-16 1.0469e-14 -1.52571e-05 -1.69826e-11 2.09775e-12 -3.30943e-14 1.69826e-11 -1.52144e-05 -0.00386574 -8.8281e-12 1.38287e-07 -0.00386574 0.997198 6.84308e-10 -8.18625e-10 7.11916e-12 6.84241e-10 -0.997191 -1.10997e-06 1.37107e-07 -2.16301e-09 1.10997e-06 -0.9944
175.5 0.00430199 1.53104e-05 -4.79293e-08 -1.08852e-16 2.11349e-12 -4.79292e-08 1.52675e-05 1.04397e-14 -1.0141e-14 8.76775e-17 1.04401e-14 -1.52675e-05 -1.37624e-11 2.09693e-12 -2.6811e-14 1.37624e-11 -1.52247e-05 -0.00313051 -7.10968e-12 1.38043e-07 -0.0031305 0.9972 6.81872e-10 -6.62363e-10 5.72666e-12 6.81896e-10 -0.997195 -8.98892e-07 1.36961e-07 -1.75116e-09 8.9889e-07 -0.994405
176 0.00382481 1.53196e-05 -3.78847e-08 -8.59498e-17 2.11142e-12 -3.78847e-08 1.52767e-05 1.04139e-14 -8.00904e-15 6.91019e-17 1.04131e-14 -1.52767e-05 -1.08786e-11 2.0962e-12 -2.11889e-14 1.08785e-11 -1.52339e-05 -0.00247296 -5.61044e-12 1.37825e-07 -0.00247296 0.997202 6.79775e-10 -5.22797e-10 4.51068e-12 6.79727e-10 -0.997199 -7.10107e-07 1.36831e-07 -1.38312e-09 7.10106e-07 -0.994408
176.5 0.00334735 1.53277e-05 -2.90154e-08 -6.61986e-17 2.10959e-12 -2.90154e-08 1.52849e-05 1.03894e-14 -6.1293e-15 5.29139e-17 1.03906e-14 -1.52848e-05 -8.33199e-12 2.09555e-12 -1.6226e-14 8.33197e-12 -1.52421e-05 -0.001893 -4.31888e-12 1.37632e-07 -0.001893 0.997204 6.77819e-10 -3.99883e-10 3.45217e-12 6.77898e-10 -0.997202 -5.43589e-07 1.36716e-07 -1.0586e-09 5.43588e-07 -0.994411
177 0.00286963 1.53348e-05 -2.13238e-08 -4.74924e-17 2.108e-12 -2.13238e-08 1.52919e-05 1.03702e-14 -4.50122e-15 3.8521e-17 1.037e-14 -1.52919e-05 -6.12343e-12 2.09499e-12 -1.19235e-14 6.12341e-12 -1.52491e-05 -0.00139055 -3.09704e-12 1.37465e-07 -0.00139055 0.997205 6.76256e-10 -2.9353e-10 2.512e-12 6.76242e-10 -0.997204 -3.99316e-07 1.36617e-07 -7.77545e-10 3.99315e-07 -0.994413
177.5 0.00239169 1.53408e-05 -1.48119e-08 -3.40864e-17 2.10665e-12 -1.48119e-08 1.52979e-05 1.03536e-14 -3.12599e-15 2.76326e-17 1.03532e-14 -1.52979e-05 -4.25354e-12 2.09452e-12 -8.28102e-15 4.25353e-12 -1.52551e-05 -0.000965527 -2.22195e-12 1.37324e-07 -0.000965526 0.997206 6.7491e-10 -2.0377e-10 1.80125e-12 6.74885e-10 -0.997206 -2.7727e-07 1.36533e-07 -5.39806e-10 2.7727e-07 -0.994414
178 0.00191357 1.53456e-05 -9.48157e-09 -2.17334e-17 2.10555e-12 -9.48156e-09 1.53028e-05 1.03381e-14 -1.99961e-15 1.68906e-17 1.03379e-14 -1.53028e-05 -2.72287e-12 2.09414e-12 -5.30049e-15 2.72286e-12 -1.52599e-05 -0.000617867 -1.41626e-12 1.37208e-07 -0.000617867 0.997207 6.73682e-10 -1.30305e-10 1.10068e-12 6.73667e-10 -0.997207 -1.77436e-07 1.36465e-07 -3.45407e-10 1.77436e-07 -0.994415
178.5 0.00143531 1.53494e-05 -5.33423e-09 -1.2366e-17 2.10469e-12 -5.33423e-09 1.53066e-05 1.03276e-14 -1.12465e-15 9.19502e-18 1.0328e-14 -1.53066e-05 -1.53188e-12 2.09384e-12 -2.98152e-15 1.53187e-12 -1.52637e-05 -0.00034752 -8.05631e-13 1.37118e-07 -0.000347519 0.997208 6.72834e-10 -7.327e-11 5.99046e-13 6.72856e-10 -0.997208 -9.98003e-08 1.36412e-07 -1.94243e-10 9.98e-08 -0.994416
179 0.000956932 1.53522e-05 -2.37104e-09 -6.18741e-18 2.10408e-12 -2.37104e-09 1.53093e-05 1.03199e-14 -4.99551e-16 3.32104e-18 1.032e-14 -1.53093e-05 -6.80918e-13 2.09363e-12 -1.32439e-15 6.80918e-13 -1.52664e-05 -0.000154443 -4.03032e-13 1.37054e-07 -0.000154443 0.997208 6.72211e-10 -3.25395e-11 2.16324e-13 6.72218e-10 -0.997208 -4.43533e-08 1.36373e-07 -8.62672e-11 4.43532e-08 -0.994417
179.5 0.000478484 1.53538e-05 -5.92801e-10 -1.92607e-18 2.10371e-12 -5.928e-10 1.53109e-05 1.03153e-14 -1.25073e-16 1.68614e-18 1.03153e-14 -1.53109e-05 -1.70243e-13 2.0935e-12 -3.30709e-16 1.70243e-13 -1.52681e-05 -3.86094e-05 -1.25446e-13 1.37016e-07 -3.86094e-05 0.997208 6.71841e-10 -8.1461e-12 1.09819e-13 6.71838e-10 -0.997208 -1.1088e-08 1.36351e-07 -2.15392e-11 1.1088e-08 -0.994417
180 5.98114e-05 1.53543e-05 0 0 2.10359e-12 0 1.53115e-05 1.03145e-14 0 0 1.03145e-14 -1.53115e-05 0 2.09346e-12 0 0 -1.52686e-05 0 0 1.37003e-07 0 0.997209 6.71766e-10 0 0 6.71766e-10 -0.997209 0 1.36343e-07 0 0 -0.994417
