   8.4081197e+00
   8.4709356e+00
   8.7273488e+00
   9.1352694e+00
   9.7913185e+00
   1.0740634e+01
   1.2006490e+01
   1.4063729e+01
   1.7525718e+01
   2.4287204e+01
   4.0518518e+01
   8.3107121e+01
   1.7498418e+02
   1.3936737e+02
   8.7308951e+01
   6.0676733e+01
   6.0815338e+01
   8.2492451e+01
   1.1133323e+02
   6.3192199e+01
   5.0834388e+01
   5.2243398e+01
   3.5759135e+01
   2.3536572e+01
   2.0596290e+01
   1.2111826e+01
   9.1452293e+00
   7.5911771e+00
   7.3265474e+00
   8.4906061e+00
   1.1570540e+01
   1.3758712e+01
   1.4555611e+01
   1.3063686e+01
   1.2390089e+01
   1.2951248e+01
   1.4655286e+01
   1.6964988e+01
   1.4663989e+01
   1.5360609e+01
   1.6311856e+01
   1.4358478e+01
   1.3779440e+01
   1.4317509e+01
   1.2285161e+01
   1.3890609e+01
   1.3858691e+01
   1.4138523e+01
   1.4035980e+01
   1.3885619e+01
   1.3884859e+01
   1.3990428e+01
