   1.1529260e-01
   1.1731337e-01
   1.2575797e-01
   1.3976826e-01
   1.6339313e-01
   1.9870032e-01
   2.4520910e-01
   3.1450896e-01
   4.1128652e-01
   5.5496788e-01
   8.0224494e-01
   1.2296956e+00
   1.4995820e+00
   6.4989312e-01
   4.3805469e-01
   7.2901613e-01
   1.2886010e+00
   3.8864265e+00
   8.1997634e+00
   9.2940860e+00
   1.3475022e+01
   2.3201030e+01
   3.0412136e+01
   3.1889596e+01
   4.5456700e+01
   4.7772975e+01
   5.4264621e+01
   5.3824617e+01
   5.3593649e+01
   4.6164330e+01
   4.2137832e+01
   3.3236059e+01
   2.7455165e+01
   3.3210115e+01
   3.2954863e+01
   3.5935151e+01
   3.4126447e+01
   3.8264946e+01
   3.8939885e+01
   3.9099466e+01
   3.9438284e+01
   3.4794077e+01
   3.5766419e+01
   3.7693826e+01
   3.6572590e+01
   3.5988497e+01
   3.5070256e+01
   3.7814914e+01
   3.4168789e+01
   3.5182201e+01
   3.3947673e+01
   3.2995622e+01
