   7.0000000e-02
   1.4000000e-01
   2.8000000e-01
   4.1000000e-01
   5.5000000e-01
   6.9000000e-01
   8.2000000e-01
   9.6000000e-01
   1.1000000e+00
   1.2400000e+00
   1.3800000e+00
   1.5100000e+00
   1.6500000e+00
   1.7900000e+00
   1.9200000e+00
   2.1300000e+00
   2.2700000e+00
   2.4800000e+00
   2.7500000e+00
   3.0300000e+00
   3.3000000e+00
   3.6400000e+00
   3.9900000e+00
   4.3300000e+00
   4.7400000e+00
   5.2300000e+00
   5.7100000e+00
   6.2600000e+00
   6.8800000e+00
   7.5600000e+00
   8.2500000e+00
   9.0100000e+00
   9.9000000e+00
   1.0860000e+01
   1.1890000e+01
   1.3060000e+01
   1.4300000e+01
   1.5680000e+01
   1.7190000e+01
   1.8940000e+01
   2.0760000e+01
   2.2830000e+01
   2.5090000e+01
   2.7500000e+01
   3.0250000e+01
   3.3280000e+01
   3.6580000e+01
   4.0220000e+01
   4.4210000e+01
   4.8610000e+01
   5.3470000e+01
   5.8810000e+01
