theta 2pi*dcos S11 S12 S13 S14 S21 S22 S23 S24 S31 S32 S33 S34 S41 S42 S43 S44 S12_norm S13_norm S14_norm S21_norm S22_norm S23_norm S24_norm S31_norm S32_norm S33_norm S34_norm S41_norm S42_norm S43_norm S44_norm
0 2.39246e-06 11.8897 6.51455e-17 1.33315e-17 0.00493583 6.33964e-17 11.8821 -0.000649341 -6.71078e-18 1.32143e-17 0.000649341 11.8821 -1.90254e-20 0.00493577 5.0294e-18 2.23605e-18 11.8762 5.47916e-18 1.12126e-18 0.000415136 5.33205e-18 0.999362 -5.46139e-05 -5.64421e-19 1.11141e-18 5.46139e-05 0.999362 -1.60016e-21 0.00041513 4.23006e-19 1.88067e-19 0.998867
0.1 1.91397e-05 11.8894 4.72806e-06 -6.41664e-09 0.00493565 4.72871e-06 11.8818 -0.000649395 3.08357e-09 6.67544e-09 0.000649395 11.8818 3.04028e-05 0.00493559 2.73477e-09 -3.04032e-05 11.8759 3.97671e-07 -5.39695e-10 0.000415131 3.97725e-07 0.999362 -5.46198e-05 2.59355e-10 5.61463e-10 5.46198e-05 0.999362 2.55714e-06 0.000415126 2.30018e-10 -2.55717e-06 0.998867
0.2 3.82793e-05 11.8885 1.89128e-05 -2.56647e-08 0.00493511 1.89154e-05 11.8809 -0.000649558 1.23324e-08 2.66996e-08 0.000649558 11.8809 0.000121603 0.00493505 1.09371e-08 -0.000121605 11.875 1.59086e-06 -2.15879e-09 0.000415118 1.59107e-06 0.999362 -5.46377e-05 1.03734e-09 2.24585e-09 5.46377e-05 0.999362 1.02287e-05 0.000415113 9.19976e-10 -1.02288e-05 0.998867
0.3 5.74188e-05 11.8869 4.25561e-05 -5.77385e-08 0.00493422 4.25619e-05 11.8793 -0.000649829 2.77406e-08 6.00663e-08 0.000649829 11.8793 0.000273578 0.00493416 2.46011e-08 -0.000273581 11.8735 3.58008e-06 -4.85731e-09 0.000415096 3.58057e-06 0.999362 -5.46676e-05 2.33371e-09 5.05314e-09 5.46676e-05 0.999362 2.3015e-05 0.000415091 2.06959e-09 -2.30153e-05 0.998867
0.4 7.65581e-05 11.8848 7.56609e-05 -1.02629e-07 0.00493297 7.56712e-05 11.8772 -0.000650209 4.92987e-08 1.06765e-07 0.000650209 11.8772 0.000486287 0.00493291 4.37167e-08 -0.000486292 11.8713 6.36619e-06 -8.63531e-09 0.000415066 6.36707e-06 0.999362 -5.47094e-05 4.14805e-09 8.98332e-09 5.47094e-05 0.999362 4.09168e-05 0.000415061 3.67838e-09 -4.09172e-05 0.998867
0.5 9.56972e-05 11.882 0.000118231 -1.60322e-07 0.00493135 0.000118248 11.8744 -0.000650697 7.69931e-08 1.6678e-07 0.000650697 11.8744 0.000759675 0.0049313 6.82704e-08 -0.000759683 11.8686 9.95042e-06 -1.34928e-08 0.000415026 9.95179e-06 0.999361 -5.47631e-05 6.47979e-09 1.40363e-08 5.47631e-05 0.999361 6.39347e-05 0.000415022 5.74568e-09 -6.39354e-05 0.998866
0.6 0.000114836 11.8787 0.000170273 -2.30802e-07 0.00492939 0.000170296 11.8711 -0.000651293 1.10807e-07 2.40094e-07 0.000651293 11.8711 0.00109367 0.00492934 9.82441e-08 -0.00109368 11.8652 1.43343e-05 -1.943e-08 0.000414978 1.43363e-05 0.999361 -5.48288e-05 9.32821e-09 2.02122e-08 5.48288e-05 0.999361 9.207e-05 0.000414974 8.27063e-09 -9.20711e-05 0.998866
0.7 0.000133974 11.8747 0.000231792 -3.14048e-07 0.00492706 0.000231824 11.8671 -0.000651997 1.50718e-07 3.26682e-07 0.000651997 11.8671 0.00148819 0.00492702 1.33616e-07 -0.0014882 11.8612 1.95198e-05 -2.64468e-08 0.000414921 1.95225e-05 0.99936 -5.49064e-05 1.26924e-08 2.75108e-08 5.49064e-05 0.99936 0.000125324 0.000414917 1.12522e-08 -0.000125325 0.998865
0.8 0.000153112 11.8701 0.000302796 -4.10036e-07 0.00492438 0.000302838 11.8625 -0.000652809 1.96703e-07 4.26518e-07 0.000652809 11.8625 0.00194312 0.00492434 1.74361e-07 -0.00194314 11.8567 2.55091e-05 -3.45435e-08 0.000414855 2.55126e-05 0.99936 -5.4996e-05 1.65713e-08 3.59321e-08 5.4996e-05 0.99936 0.000163698 0.000414852 1.46891e-08 -0.0001637 0.998865
0.9 0.00017225 11.8649 0.000383295 -5.18737e-07 0.00492134 0.000383347 11.8573 -0.000653728 2.48732e-07 5.3957e-07 0.000653728 11.8573 0.00245835 0.00492131 2.20449e-07 -0.00245838 11.8515 3.23048e-05 -4.37202e-08 0.00041478 3.23092e-05 0.999359 -5.50975e-05 2.09636e-08 4.5476e-08 5.50975e-05 0.999359 0.000207195 0.000414778 1.85799e-08 -0.000207197 0.998864
1 0.000191387 11.8591 0.000473297 -6.4012e-07 0.00491795 0.000473362 11.8515 -0.000654755 3.06773e-07 6.65801e-07 0.000654755 11.8515 0.00303375 0.00491792 2.71847e-07 -0.00303378 11.8457 3.99099e-05 -5.39769e-08 0.000414697 3.99154e-05 0.999358 -5.5211e-05 2.58681e-08 5.61425e-08 5.5211e-05 0.999358 0.000255815 0.000414695 2.2923e-08 -0.000255818 0.998864
1.1 0.000210523 11.8527 0.000572816 -7.74149e-07 0.0049142 0.000572894 11.8451 -0.000655888 3.7079e-07 8.05173e-07 0.000655888 11.8451 0.00366916 0.00491418 3.28518e-07 -0.0036692 11.8393 4.83277e-05 -6.5314e-08 0.000414605 4.83343e-05 0.999358 -5.53364e-05 3.1283e-08 6.79314e-08 5.53364e-05 0.999358 0.000309562 0.000414603 2.77166e-08 -0.000309566 0.998863
1.2 0.000229659 11.8457 0.000681862 -9.20785e-07 0.0049101 0.000681954 11.8381 -0.000657128 4.40741e-07 9.5764e-07 0.000657128 11.8381 0.00436442 0.00491008 3.90419e-07 -0.00436447 11.8322 5.75618e-05 -7.77314e-08 0.000414504 5.75697e-05 0.999357 -5.54739e-05 3.72068e-08 8.08427e-08 5.54739e-05 0.999357 0.000368439 0.000414503 3.29587e-08 -0.000368443 0.998862
1.3 0.000248794 11.8381 0.000800449 -1.07999e-06 0.00490564 0.000800558 11.8305 -0.000658474 5.16585e-07 1.12315e-06 0.000658474 11.8305 0.00511935 0.00490563 4.57507e-07 -0.00511941 11.8246 6.76163e-05 -9.12296e-08 0.000414394 6.76255e-05 0.999356 -5.56233e-05 4.36375e-08 9.48762e-08 5.56233e-05 0.999356 0.000432447 0.000414394 3.8647e-08 -0.000432452 0.998861
1.4 0.000267929 11.8299 0.000928592 -1.2517e-06 0.00490083 0.000928718 11.8223 -0.000659926 5.98272e-07 1.30166e-06 0.000659926 11.8223 0.00593375 0.00490083 5.29732e-07 -0.00593382 11.8164 7.84954e-05 -1.05809e-07 0.000414275 7.85061e-05 0.999355 -5.57846e-05 5.0573e-08 1.10032e-07 5.57847e-05 0.999355 0.00050159 0.000414276 4.47791e-08 -0.000501595 0.99886
1.5 0.000287062 11.8211 0.00106631 -1.43589e-06 0.00489566 0.00106645 11.8134 -0.000661483 6.85753e-07 1.49311e-06 0.000661484 11.8134 0.00680741 0.00489568 6.07041e-07 -0.00680748 11.8076 9.0204e-05 -1.21469e-07 0.000414147 9.02162e-05 0.999354 -5.5958e-05 5.80111e-08 1.26309e-07 5.5958e-05 0.999353 0.000575871 0.000414149 5.13525e-08 -0.000575878 0.998859
1.6 0.000306195 11.8116 0.00121361 -1.63249e-06 0.00489015 0.00121377 11.804 -0.000663145 7.78971e-07 1.69744e-06 0.000663146 11.804 0.0077401 0.00489017 6.89378e-07 -0.00774018 11.7981 0.000102747 -1.3821e-07 0.000414011 0.000102761 0.999352 -5.61434e-05 6.59494e-08 1.43709e-07 5.61434e-05 0.999352 0.000655294 0.000414013 5.83643e-08 -0.000655302 0.998858
1.7 0.000325327 11.8016 0.00137052 -1.84145e-06 0.00488428 0.0013707 11.794 -0.000664912 8.77867e-07 1.91458e-06 0.000664912 11.794 0.00873158 0.00488432 7.76683e-07 -0.00873167 11.7881 0.00011613 -1.56033e-07 0.000413865 0.000116145 0.999351 -5.63408e-05 7.43854e-08 1.6223e-07 5.63408e-05 0.999351 0.000739863 0.000413869 6.58116e-08 -0.000739871 0.998857
1.8 0.000344457 11.791 0.00153705 -2.0627e-06 0.00487806 0.00153726 11.7833 -0.000666782 9.82381e-07 2.14446e-06 0.000666783 11.7833 0.00978159 0.00487811 8.68891e-07 -0.00978169 11.7775 0.000130358 -1.74938e-07 0.000413711 0.000130376 0.99935 -5.65502e-05 8.33163e-08 1.81873e-07 5.65502e-05 0.999349 0.000829582 0.000413715 7.36912e-08 -0.000829591 0.998855
1.9 0.000363587 11.7798 0.00171323 -2.29618e-06 0.00487149 0.00171346 11.7721 -0.000668756 1.09245e-06 2.38701e-06 0.000668756 11.7721 0.0108898 0.00487156 9.65935e-07 -0.01089 11.7663 0.000145439 -1.94926e-07 0.000413548 0.000145458 0.999348 -5.67716e-05 9.27391e-08 2.02637e-07 5.67716e-05 0.999348 0.000924454 0.000413553 8.19996e-08 -0.000924464 0.998854
2 0.000382716 11.7679 0.00189908 -2.54182e-06 0.00486458 0.00189933 11.7603 -0.000670832 1.20799e-06 2.64216e-06 0.000670833 11.7602 0.0120561 0.00486466 1.06774e-06 -0.0120562 11.7544 0.000161377 -2.15995e-07 0.000413375 0.000161399 0.999347 -5.7005e-05 1.02651e-07 2.24522e-07 5.70051e-05 0.999346 0.00102448 0.000413382 9.07333e-08 -0.0010245 0.998853
2.1 0.000401843 11.7555 0.00209461 -2.79955e-06 0.00485731 0.00209489 11.7478 -0.00067301 1.32894e-06 2.90982e-06 0.000673011 11.7478 0.01328 0.00485741 1.17424e-06 -0.0132801 11.742 0.000178181 -2.38148e-07 0.000413194 0.000178205 0.999345 -5.72505e-05 1.13048e-07 2.47528e-07 5.72506e-05 0.999345 0.00112968 0.000413202 9.98885e-08 -0.00112969 0.998851
2.2 0.000420969 11.7425 0.00229985 -3.0693e-06 0.00484971 0.00230016 11.7348 -0.00067529 1.45523e-06 3.18991e-06 0.000675291 11.7348 0.0145612 0.00484981 1.28535e-06 -0.0145614 11.729 0.000195857 -2.61383e-07 0.000413004 0.000195883 0.999344 -5.75081e-05 1.23928e-07 2.71654e-07 5.75082e-05 0.999343 0.00124004 0.000413013 1.09461e-07 -0.00124005 0.998849
2.3 0.000440094 11.7289 0.00251483 -3.35098e-06 0.00484175 0.00251517 11.7212 -0.00067767 1.58676e-06 3.48233e-06 0.000677671 11.7212 0.0158995 0.00484187 1.40099e-06 -0.0158996 11.7154 0.000214413 -2.85702e-07 0.000412805 0.000214441 0.999342 -5.77777e-05 1.35286e-07 2.96901e-07 5.77778e-05 0.999341 0.00135558 0.000412815 1.19447e-07 -0.00135559 0.998848
2.4 0.000459218 11.7147 0.00273957 -3.64452e-06 0.00483345 0.00273993 11.707 -0.00068015 1.72346e-06 3.78701e-06 0.000680152 11.707 0.0172944 0.00483359 1.52106e-06 -0.0172946 11.7012 0.000233857 -3.11105e-07 0.000412596 0.000233888 0.99934 -5.80594e-05 1.47119e-07 3.23269e-07 5.80595e-05 0.999339 0.00147629 0.000412608 1.29842e-07 -0.00147631 0.998846
2.5 0.00047834 11.7 0.00297409 -3.94982e-06 0.00482481 0.00297448 11.6922 -0.00068273 1.86525e-06 4.10383e-06 0.000682732 11.6922 0.0187456 0.00482497 1.6455e-06 -0.0187458 11.6864 0.000254197 -3.37592e-07 0.000412379 0.00025423 0.999338 -5.83532e-05 1.59423e-07 3.50756e-07 5.83533e-05 0.999337 0.00160219 0.000412392 1.40641e-07 -0.00160221 0.998844
2.6 0.000497461 11.6846 0.00321843 -4.26679e-06 0.00481583 0.00321885 11.6768 -0.000685408 2.01202e-06 4.4327e-06 0.00068541 11.6768 0.0202527 0.004816 1.77419e-06 -0.0202529 11.6711 0.000275442 -3.65164e-07 0.000412152 0.000275478 0.999336 -5.86591e-05 1.72194e-07 3.79362e-07 5.86593e-05 0.999334 0.00173328 0.000412167 1.5184e-07 -0.0017333 0.998842
2.7 0.00051658 11.6687 0.0034726 -4.59536e-06 0.00480651 0.00347305 11.6609 -0.000688183 2.16368e-06 4.77351e-06 0.000688186 11.6609 0.0218154 0.0048067 1.90704e-06 -0.0218156 11.6551 0.000297601 -3.93821e-07 0.000411916 0.00029764 0.999334 -5.89771e-05 1.85427e-07 4.09088e-07 5.89773e-05 0.999332 0.00186957 0.000411932 1.63433e-07 -0.00186959 0.99884
2.8 0.000535698 11.6521 0.00373664 -4.9354e-06 0.00479685 0.00373713 11.6443 -0.000691055 2.32015e-06 5.12616e-06 0.000691058 11.6443 0.0234331 0.00479705 2.04396e-06 -0.0234334 11.6386 0.000320683 -4.23563e-07 0.000411672 0.000320725 0.999332 -5.93072e-05 1.99118e-07 4.39933e-07 5.93075e-05 0.99933 0.00201106 0.000411689 1.75415e-07 -0.00201108 0.998837
2.9 0.000554814 11.635 0.00401058 -5.28684e-06 0.00478685 0.0040111 11.6272 -0.000694023 2.48131e-06 5.49053e-06 0.000694027 11.6272 0.0251056 0.00478708 2.18483e-06 -0.0251059 11.6215 0.000344699 -4.5439e-07 0.000411417 0.000344744 0.99933 -5.96495e-05 2.13262e-07 4.71897e-07 5.96498e-05 0.999327 0.00215776 0.000411437 1.87781e-07 -0.00215779 0.998835
3 0.000573928 11.6173 0.00429444 -5.64956e-06 0.00477652 0.004295 11.6095 -0.000697087 2.64706e-06 5.86651e-06 0.000697091 11.6095 0.0268324 0.00477676 2.32957e-06 -0.0268326 11.6038 0.000369658 -4.86304e-07 0.000411154 0.000369706 0.999327 -6.0004e-05 2.27854e-07 5.04979e-07 6.00043e-05 0.999324 0.00230968 0.000411175 2.00525e-07 -0.00230971 0.998832
3.1 0.00059304 11.5991 0.00458826 -6.02346e-06 0.00476585 0.00458885 11.5913 -0.000700244 2.8173e-06 6.25398e-06 0.000700248 11.5912 0.0286129 0.00476611 2.47804e-06 -0.0286132 11.5855 0.000395571 -5.19304e-07 0.000410882 0.000395622 0.999325 -6.03706e-05 2.42889e-07 5.39178e-07 6.0371e-05 0.999322 0.00246682 0.000410904 2.13641e-07 -0.00246685 0.99883
3.2 0.000612151 11.5803 0.00489207 -6.40842e-06 0.00475485 0.0048927 11.5724 -0.000703494 2.99191e-06 6.65281e-06 0.000703499 11.5724 0.0304468 0.00475513 2.63015e-06 -0.0304471 11.5667 0.000422449 -5.53392e-07 0.0004106 0.000422503 0.999322 -6.07494e-05 2.58363e-07 5.74495e-07 6.07499e-05 0.999319 0.0026292 0.000410624 2.27123e-07 -0.00262923 0.998827
3.3 0.00063126 11.5609 0.0052059 -6.80434e-06 0.00474352 0.00520657 11.553 -0.000706837 3.17078e-06 7.06287e-06 0.000706842 11.553 0.0323336 0.00474382 2.78577e-06 -0.0323339 11.5473 0.000450304 -5.88566e-07 0.000410308 0.000450361 0.99932 -6.11405e-05 2.74268e-07 6.10929e-07 6.1141e-05 0.999316 0.00279681 0.000410335 2.40965e-07 -0.00279684 0.998824
3.4 0.000650367 11.5409 0.00552978 -7.21109e-06 0.00473186 0.00553049 11.533 -0.00071027 3.3538e-06 7.48404e-06 0.000710277 11.533 0.0342727 0.00473218 2.94478e-06 -0.0342731 11.5273 0.000479146 -6.24829e-07 0.000410008 0.000479207 0.999317 -6.15437e-05 2.90601e-07 6.4848e-07 6.15443e-05 0.999312 0.00296968 0.000410036 2.55161e-07 -0.00296971 0.998821
3.5 0.000669472 11.5204 0.00586375 -7.62856e-06 0.00471987 0.00586449 11.5125 -0.000713794 3.54084e-06 7.91619e-06 0.000713801 11.5124 0.0362638 0.00472022 3.10707e-06 -0.0362642 11.5068 0.000508989 -6.6218e-07 0.000409698 0.000509054 0.999314 -6.19592e-05 3.07355e-07 6.87147e-07 6.19599e-05 0.999309 0.00314779 0.000409728 2.69702e-07 -0.00314783 0.998818
3.6 0.000688575 11.4993 0.00620783 -8.05662e-06 0.00470756 0.00620862 11.4914 -0.000717406 3.73178e-06 8.35916e-06 0.000717414 11.4913 0.0383062 0.00470792 3.27251e-06 -0.0383066 11.4857 0.000539845 -7.00619e-07 0.000409378 0.000539913 0.999312 -6.2387e-05 3.24523e-07 7.26929e-07 6.23877e-05 0.999306 0.00333118 0.00040941 2.84583e-07 -0.00333121 0.998815
3.7 0.000707676 11.4776 0.00656208 -8.49515e-06 0.00469492 0.0065629 11.4697 -0.000721107 3.9265e-06 8.81283e-06 0.000721116 11.4696 0.0403994 0.00469531 3.44096e-06 -0.0403998 11.464 0.000571727 -7.40147e-07 0.000409049 0.000571798 0.999309 -6.28271e-05 3.421e-07 7.67826e-07 6.28279e-05 0.999302 0.00351983 0.000409083 2.99797e-07 -0.00351987 0.998812
3.8 0.000726775 11.4554 0.0069265 -8.94402e-06 0.00468196 0.00692737 11.4475 -0.000724894 4.12486e-06 9.27704e-06 0.000724904 11.4474 0.0425429 0.00468237 3.6123e-06 -0.0425433 11.4418 0.000604647 -7.80765e-07 0.000408711 0.000604723 0.999306 -6.32794e-05 3.60079e-07 8.09837e-07 6.32803e-05 0.999298 0.00371377 0.000408747 3.15335e-07 -0.00371381 0.998808
3.9 0.000745871 11.4327 0.00730116 -9.40309e-06 0.00466868 0.00730207 11.4247 -0.000728767 4.32674e-06 9.75166e-06 0.000728778 11.4246 0.0447361 0.00466912 3.7864e-06 -0.0447366 11.419 0.000638621 -8.22473e-07 0.000408363 0.0006387 0.999303 -6.37441e-05 3.78453e-07 8.52962e-07 6.37451e-05 0.999294 0.003913 0.0004084 3.3119e-07 -0.00391304 0.998805
4 0.000764965 11.4094 0.00768607 -9.87222e-06 0.00465509 0.00768702 11.4014 -0.000732724 4.532e-06 1.02365e-05 0.000732737 11.4013 0.0469785 0.00465554 3.96311e-06 -0.046979 11.3957 0.000673662 -8.65271e-07 0.000408005 0.000673745 0.999299 -6.42212e-05 3.97217e-07 8.972e-07 6.42222e-05 0.99929 0.00411753 0.000408045 3.47355e-07 -0.00411757 0.998801
4.1 0.000784057 11.3855 0.00808128 -1.03513e-05 0.00464117 0.00808227 11.3775 -0.000736765 4.7405e-06 1.07315e-05 0.000736778 11.3774 0.0492695 0.00464165 4.14229e-06 -0.04927 11.3718 0.000709784 -9.09161e-07 0.000407637 0.000709871 0.999296 -6.47105e-05 4.16361e-07 9.42551e-07 6.47117e-05 0.999286 0.00432737 0.00040768 3.6382e-07 -0.00432741 0.998797
4.2 0.000803147 11.3612 0.00848682 -1.08401e-05 0.00462695 0.00848786 11.3531 -0.000740888 4.9521e-06 1.12363e-05 0.000740902 11.353 0.0516084 0.00462745 4.32381e-06 -0.0516089 11.3474 0.000747003 -9.54141e-07 0.00040726 0.000747094 0.999293 -6.52123e-05 4.3588e-07 9.89014e-07 6.52136e-05 0.999282 0.00454253 0.000407305 3.80578e-07 -0.00454257 0.998793
4.3 0.000822234 11.3362 0.00890273 -1.13386e-05 0.00461241 0.00890381 11.3282 -0.000745091 5.16667e-06 1.1751e-05 0.000745107 11.328 0.0539947 0.00461294 4.50752e-06 -0.0539952 11.3225 0.000785334 -1.00021e-06 0.000406873 0.00078543 0.99929 -6.57265e-05 4.55766e-07 1.03659e-06 6.57279e-05 0.999277 0.00476302 0.00040692 3.9762e-07 -0.00476307 0.998789
4.4 0.000841318 11.3108 0.00932905 -1.18466e-05 0.00459756 0.00933017 11.3027 -0.000749374 5.38404e-06 1.22753e-05 0.000749391 11.3025 0.0564277 0.00459811 4.69326e-06 -0.0564283 11.297 0.000824793 -1.04738e-06 0.000406477 0.000824893 0.999286 -6.62531e-05 4.7601e-07 1.08527e-06 6.62547e-05 0.999273 0.00498885 0.000406525 4.14938e-07 -0.0049889 0.998784
4.5 0.0008604 11.2848 0.0097658 -1.2364e-05 0.00458241 0.00976698 11.2767 -0.000753735 5.60408e-06 1.28089e-05 0.000753754 11.2765 0.0589069 0.00458298 4.8809e-06 -0.0589075 11.271 0.000865397 -1.09563e-06 0.00040607 0.000865501 0.999282 -6.67922e-05 4.96606e-07 1.13506e-06 6.67939e-05 0.999268 0.00522003 0.000406121 4.32521e-07 -0.00522009 0.99878
4.6 0.00087948 11.2582 0.010213 -1.28905e-05 0.00456695 0.0102143 11.2501 -0.000758172 5.82664e-06 1.33519e-05 0.000758193 11.2499 0.0614315 0.00456755 5.07027e-06 -0.0614321 11.2445 0.000907161 -1.14498e-06 0.000405653 0.00090727 0.999279 -6.73437e-05 5.17544e-07 1.18597e-06 6.73456e-05 0.999263 0.00545658 0.000405707 4.50361e-07 -0.00545663 0.998775
4.7 0.000898556 11.2312 0.0106708 -1.3426e-05 0.00455118 0.0106721 11.2231 -0.000762686 6.05155e-06 1.3904e-05 0.000762708 11.2229 0.0640009 0.00455181 5.26122e-06 -0.0640016 11.2174 0.000950104 -1.19542e-06 0.000405227 0.000950217 0.999275 -6.79078e-05 5.38817e-07 1.23798e-06 6.79098e-05 0.999257 0.0056985 0.000405283 4.68447e-07 -0.00569855 0.99877
4.8 0.00091763 11.2036 0.0111391 -1.39705e-05 0.00453512 0.0111404 11.1955 -0.000767273 6.27868e-06 1.44649e-05 0.000767297 11.1952 0.0666145 0.00453577 5.4536e-06 -0.0666152 11.1898 0.000994243 -1.24696e-06 0.00040479 0.00099436 0.999271 -6.84844e-05 5.60415e-07 1.29109e-06 6.84866e-05 0.999252 0.0059458 0.000404848 4.86771e-07 -0.00594586 0.998765
4.9 0.000936701 11.1755 0.011618 -1.45236e-05 0.00451876 0.0116194 11.1673 -0.000771933 6.50785e-06 1.50346e-05 0.000771959 11.1671 0.0692715 0.00451943 5.64723e-06 -0.0692722 11.1617 0.00103959 -1.29959e-06 0.000404344 0.00103972 0.999267 -6.90735e-05 5.8233e-07 1.34531e-06 6.90759e-05 0.999246 0.0061985 0.000404404 5.05321e-07 -0.00619856 0.99876
5 0.00095577 11.1469 0.0121076 -1.50853e-05 0.0045021 0.012109 11.1387 -0.000776664 6.73891e-06 1.56129e-05 0.000776693 11.1385 0.0719713 0.0045028 5.84197e-06 -0.0719721 11.133 0.00108618 -1.35331e-06 0.000403887 0.00108631 0.999263 -6.96752e-05 6.04553e-07 1.40064e-06 6.96778e-05 0.999241 0.00645661 0.00040395 5.24088e-07 -0.00645667 0.998754
5.1 0.000974835 11.1178 0.0126078 -1.56553e-05 0.00448515 0.0126092 11.1096 -0.000781466 6.97169e-06 1.61995e-05 0.000781496 11.1093 0.0747132 0.00448587 6.03765e-06 -0.074714 11.1039 0.00113402 -1.40813e-06 0.00040342 0.00113415 0.999259 -7.02895e-05 6.27074e-07 1.45707e-06 7.02923e-05 0.999234 0.00672014 0.000403485 5.43061e-07 -0.00672021 0.998748
5.2 0.000993897 11.0882 0.0131187 -1.62336e-05 0.0044679 0.0131202 11.0799 -0.000786335 7.20603e-06 1.67942e-05 0.000786368 11.0796 0.0774965 0.00446865 6.2341e-06 -0.0774972 11.0742 0.00118312 -1.46404e-06 0.000402943 0.00118326 0.999255 -7.09165e-05 6.49884e-07 1.51461e-06 7.09195e-05 0.999228 0.0069891 0.00040301 5.62229e-07 -0.00698917 0.998743
5.3 0.00101296 11.0581 0.0136403 -1.68199e-05 0.00445037 0.0136419 11.0498 -0.000791272 7.44177e-06 1.7397e-05 0.000791307 11.0495 0.0803204 0.00445115 6.43115e-06 -0.0803211 11.0441 0.00123352 -1.52105e-06 0.000402455 0.00123366 0.99925 -7.15561e-05 6.72973e-07 1.57324e-06 7.15593e-05 0.999222 0.00726351 0.000402525 5.8158e-07 -0.00726358 0.998736
5.4 0.00103201 11.0274 0.0141728 -1.7414e-05 0.00443256 0.0141744 11.0191 -0.000796273 7.67874e-06 1.80075e-05 0.000796312 11.0188 0.0831842 0.00443336 6.62863e-06 -0.083185 11.0134 0.00128523 -1.57915e-06 0.000401957 0.00128537 0.999246 -7.22083e-05 6.9633e-07 1.63298e-06 7.22118e-05 0.999215 0.00754338 0.00040203 6.01103e-07 -0.00754345 0.99873
5.5 0.00105107 10.9963 0.014716 -1.80158e-05 0.00441446 0.0147177 10.988 -0.000801339 7.91676e-06 1.86257e-05 0.00080138 10.9876 0.0860871 0.00441529 6.82637e-06 -0.0860879 10.9823 0.00133827 -1.63835e-06 0.000401449 0.00133842 0.999242 -7.28733e-05 7.19946e-07 1.69381e-06 7.28771e-05 0.999208 0.00782872 0.000401524 6.20786e-07 -0.00782879 0.998724
5.6 0.00107012 10.9647 0.0152702 -1.86251e-05 0.00439608 0.0152719 10.9564 -0.000806467 8.15566e-06 1.92512e-05 0.000806511 10.956 0.0890285 0.00439693 7.02419e-06 -0.0890293 10.9506 0.00139266 -1.69864e-06 0.00040093 0.00139282 0.999237 -7.35511e-05 7.43809e-07 1.75574e-06 7.35551e-05 0.999201 0.00811954 0.000401007 6.40618e-07 -0.00811962 0.998717
5.7 0.00108916 10.9326 0.0158352 -1.92417e-05 0.00437742 0.0158369 10.9242 -0.000811655 8.39526e-06 1.98839e-05 0.000811703 10.9238 0.0920075 0.0043783 7.22193e-06 -0.0920083 10.9185 0.00144843 -1.76003e-06 0.0004004 0.00144859 0.999232 -7.42416e-05 7.67909e-07 1.81877e-06 7.42459e-05 0.999194 0.00841586 0.00040048 6.60585e-07 -0.00841594 0.99871
5.8 0.00110821 10.9 0.0164111 -1.98655e-05 0.00435849 0.0164129 10.8916 -0.000816903 8.6354e-06 2.05236e-05 0.000816954 10.8912 0.0950233 0.0043594 7.4194e-06 -0.0950242 10.8859 0.0015056 -1.82251e-06 0.00039986 0.00150577 0.999228 -7.49449e-05 7.92235e-07 1.88289e-06 7.49495e-05 0.999186 0.0087177 0.000399943 6.80675e-07 -0.00871778 0.998703
5.9 0.00112725 10.867 0.016998 -2.04962e-05 0.00433929 0.0169999 10.8585 -0.000822209 8.87589e-06 2.11701e-05 0.000822262 10.8581 0.0980753 0.00434022 7.61642e-06 -0.0980762 10.8528 0.00156419 -1.8861e-06 0.000399309 0.00156436 0.999223 -7.56611e-05 8.16775e-07 1.94811e-06 7.5666e-05 0.999178 0.00902506 0.000399394 7.00876e-07 -0.00902514 0.998695
6 0.00172656 10.8335 0.0175959 -2.11336e-05 0.00431982 0.0175978 10.825 -0.00082757 9.11656e-06 2.18231e-05 0.000827627 10.8245 0.101163 0.00432077 7.81281e-06 -0.101163 10.8193 0.00162422 -1.95077e-06 0.000398747 0.00162439 0.999218 -7.63901e-05 8.41518e-07 2.01441e-06 7.63954e-05 0.99917 0.00933796 0.000398835 7.21173e-07 -0.00933805 0.998688
6.2 0.00236869 10.765 0.0188249 -2.2428e-05 0.00428007 0.0188269 10.7565 -0.000838453 9.59768e-06 2.31479e-05 0.000838518 10.7559 0.10744 0.00428108 8.20299e-06 -0.107441 10.7507 0.00174871 -2.08341e-06 0.000397591 0.00174889 0.999207 -7.78868e-05 8.91562e-07 2.15029e-06 7.78928e-05 0.999153 0.00998045 0.000397684 7.62004e-07 -0.00998054 0.998671
6.4 0.00244479 10.6947 0.0200982 -2.37469e-05 0.00423929 0.0201003 10.6861 -0.00084954 1.00773e-05 2.44965e-05 0.000849613 10.6855 0.113848 0.00424034 8.58846e-06 -0.113849 10.6803 0.00187926 -2.22043e-06 0.000396391 0.00187946 0.999197 -7.94354e-05 9.42268e-07 2.29052e-06 7.94422e-05 0.999135 0.0106453 0.000396489 8.03056e-07 -0.0106454 0.998654
6.6 0.00252085 10.6226 0.0214162 -2.50889e-05 0.00419749 0.0214184 10.614 -0.000860817 1.05539e-05 2.58669e-05 0.000860899 10.6132 0.120382 0.00419859 8.96774e-06 -0.120383 10.6081 0.00201609 -2.36184e-06 0.000395145 0.0020163 0.999186 -8.10361e-05 9.93531e-07 2.43508e-06 8.10438e-05 0.999116 0.0113326 0.000395249 8.4421e-07 -0.0113327 0.998636
6.8 0.00259689 10.5488 0.0227792 -2.64523e-05 0.00415469 0.0227815 10.5401 -0.000872271 1.1026e-05 2.72575e-05 0.000872361 10.5392 0.127033 0.00415584 9.33931e-06 -0.127034 10.5342 0.00215941 -2.50762e-06 0.000393855 0.00215963 0.999174 -8.26892e-05 1.04524e-06 2.58394e-06 8.26978e-05 0.999095 0.0120425 0.000393963 8.85345e-07 -0.0120426 0.998616
7 0.00267289 10.4732 0.0241873 -2.78355e-05 0.00411092 0.0241897 10.4644 -0.000883886 1.14921e-05 2.86663e-05 0.000883987 10.4635 0.133796 0.00411212 9.70166e-06 -0.133797 10.4585 0.00230945 -2.65778e-06 0.000392518 0.00230967 0.999162 -8.43949e-05 1.09729e-06 2.73711e-06 8.44046e-05 0.999073 0.0127751 0.000392632 9.26332e-07 -0.0127752 0.998595
7.2 0.00274886 10.3959 0.0256408 -2.92366e-05 0.00406622 0.0256433 10.3871 -0.000895648 1.19507e-05 3.00916e-05 0.00089576 10.3861 0.140663 0.00406745 1.00533e-05 -0.140664 10.3811 0.00246642 -2.81231e-06 0.000391135 0.00246666 0.99915 -8.61536e-05 1.14955e-06 2.89455e-06 8.61644e-05 0.99905 0.0135305 0.000391253 9.67036e-07 -0.0135306 0.998573
7.4 0.0028248 10.317 0.0271399 -3.0654e-05 0.00402059 0.0271425 10.3081 -0.000907544 1.24e-05 3.15313e-05 0.000907668 10.307 0.147626 0.00402186 1.03926e-05 -0.147628 10.3021 0.00263059 -2.97121e-06 0.000389704 0.00263084 0.999137 -8.79656e-05 1.2019e-06 3.05624e-06 8.79775e-05 0.999025 0.014309 0.000389827 1.00732e-06 -0.0143091 0.998549
7.6 0.00290071 10.2365 0.0286847 -3.2086e-05 0.00397407 0.0286874 10.2276 -0.000919558 1.28387e-05 3.29838e-05 0.000919694 10.2263 0.15468 0.00397539 1.0718e-05 -0.154681 10.2214 0.00280219 -3.13446e-06 0.000388224 0.00280245 0.999124 -8.98311e-05 1.25421e-06 3.22216e-06 8.98443e-05 0.998999 0.0151106 0.000388353 1.04704e-06 -0.0151107 0.998524
7.8 0.00297657 10.1545 0.0302755 -3.35308e-05 0.00392669 0.0302783 10.1454 -0.000931676 1.32652e-05 3.44469e-05 0.000931825 10.144 0.161816 0.00392804 1.10281e-05 -0.161817 10.1392 0.00298149 -3.30207e-06 0.000386696 0.00298177 0.999111 -9.17504e-05 1.30634e-06 3.39229e-06 9.17651e-05 0.998972 0.0159355 0.000386829 1.08603e-06 -0.0159356 0.998497
8 0.00305241 10.0709 0.0319123 -3.49864e-05 0.00387846 0.0319152 10.0618 -0.000943882 1.36777e-05 3.59187e-05 0.000944045 10.0602 0.169027 0.00387986 1.13212e-05 -0.169029 10.0555 0.00316877 -3.47402e-06 0.000385117 0.00316906 0.999097 -9.3724e-05 1.35815e-06 3.56659e-06 9.37402e-05 0.998942 0.0167838 0.000385255 1.12415e-06 -0.0167839 0.998469
8.2 0.0031282 9.98581 0.0335954 -3.64513e-05 0.00382943 0.0335983 9.97664 -0.000956162 1.40749e-05 3.73974e-05 0.00095634 9.97494 0.176306 0.00383086 1.15958e-05 -0.176308 9.97022 0.00336431 -3.65031e-06 0.000383488 0.00336461 0.999082 -9.5752e-05 1.40949e-06 3.74505e-06 9.57699e-05 0.998911 0.0176557 0.00038363 1.16123e-06 -0.0176558 0.998438
8.4 0.00320396 9.89931 0.0353247 -3.79234e-05 0.00377962 0.0353278 9.89008 -0.000968499 1.4455e-05 3.88808e-05 0.000968692 9.88821 0.183645 0.00378108 1.18504e-05 -0.183647 9.88354 0.0035684 -3.83091e-06 0.000381807 0.00356871 0.999067 -9.78349e-05 1.4602e-06 3.92762e-06 9.78545e-05 0.998878 0.0185513 0.000381953 1.1971e-06 -0.0185515 0.998407
8.6 0.00327968 9.81143 0.0371004 -3.94009e-05 0.00372906 0.0371036 9.80213 -0.000980878 1.48166e-05 4.0367e-05 0.000981089 9.80008 0.191037 0.00373054 1.20834e-05 -0.191038 9.79546 0.00378135 -4.01582e-06 0.000380073 0.00378167 0.999052 -9.9973e-05 1.51013e-06 4.11428e-06 9.99945e-05 0.998843 0.0194709 0.000380224 1.23157e-06 -0.019471 0.998373
8.8 0.00335535 9.7222 0.0389226 -4.0882e-05 0.00367777 0.0389258 9.71283 -0.000993285 1.51579e-05 4.18539e-05 0.000993513 9.7106 0.198474 0.00367928 1.22933e-05 -0.198475 9.70603 0.00400347 -4.20501e-06 0.000378285 0.0040038 0.999036 -0.000102167 1.5591e-06 4.30498e-06 0.00010219 0.998807 0.0204145 0.00037844 1.26446e-06 -0.0204146 0.998337
9 0.00343099 9.63168 0.0407911 -4.23647e-05 0.00362578 0.0407944 9.62223 -0.0010057 1.54775e-05 4.33396e-05 0.00100595 9.61981 0.205947 0.00362731 1.24786e-05 -0.205949 9.61529 0.0042351 -4.39848e-06 0.000376444 0.00423544 0.999019 -0.000104416 1.60694e-06 4.4997e-06 0.000104442 0.998768 0.0213823 0.000376602 1.29558e-06 -0.0213825 0.998299
9.2 0.00350659 9.5399 0.042706 -4.38472e-05 0.00357313 0.0427094 9.53038 -0.00101812 1.57739e-05 4.4822e-05 0.00101838 9.52775 0.213451 0.00357468 1.26378e-05 -0.213452 9.52329 0.00447657 -4.59619e-06 0.000374546 0.00447692 0.999002 -0.000106722 1.65346e-06 4.69838e-06 0.00010675 0.998727 0.0223745 0.000374708 1.32473e-06 -0.0223747 0.998259
9.4 0.00358214 9.44692 0.0446673 -4.53275e-05 0.00351985 0.0446707 9.43733 -0.00103051 1.60453e-05 4.62991e-05 0.0010308 9.43448 0.220976 0.00352141 1.27693e-05 -0.220978 9.43007 0.00472824 -4.79813e-06 0.000372592 0.0047286 0.998985 -0.000109084 1.69847e-06 4.90098e-06 0.000109114 0.998683 0.0233913 0.000372757 1.35169e-06 -0.0233915 0.998216
9.6 0.00365765 9.35278 0.0466748 -4.68037e-05 0.00346595 0.0466783 9.34311 -0.00104287 1.62904e-05 4.77688e-05 0.00104317 9.34003 0.228515 0.00346753 1.28717e-05 -0.228517 9.33568 0.00499048 -5.00426e-06 0.00037058 0.00499085 0.998967 -0.000111504 1.74177e-06 5.10745e-06 0.000111536 0.998637 0.0244329 0.000370748 1.37625e-06 -0.0244331 0.998172
9.8 0.00373311 9.25752 0.0487285 -4.82739e-05 0.00341148 0.048732 9.24778 -0.00105518 1.65075e-05 4.92291e-05 0.0010555 9.24446 0.236061 0.00341306 1.29437e-05 -0.236062 9.24016 0.00526367 -5.21456e-06 0.000368509 0.00526405 0.998948 -0.00011398 1.78315e-06 5.31774e-06 0.000114016 0.998589 0.0254994 0.00036868 1.39818e-06 -0.0254995 0.998124
10 0.00380853 9.1612 0.0508282 -4.97362e-05 0.00335647 0.0508317 9.15139 -0.00106742 1.66953e-05 5.06779e-05 0.00106777 9.1478 0.243605 0.00335805 1.29836e-05 -0.243607 9.14356 0.0055482 -5.429e-06 0.000366379 0.00554859 0.998929 -0.000116515 1.82239e-06 5.5318e-06 0.000116553 0.998538 0.0265909 0.000366552 1.41724e-06 -0.0265911 0.998074
10.2 0.0038839 9.06386 0.0529736 -5.11885e-05 0.00330094 0.0529772 9.05397 -0.00107957 1.68521e-05 5.21132e-05 0.00107995 9.05012 0.25114 0.00330252 1.29903e-05 -0.251141 9.04593 0.00584449 -5.64754e-06 0.000364187 0.00584489 0.998909 -0.000119107 1.85927e-06 5.74956e-06 0.000119149 0.998484 0.0277078 0.000364361 1.43319e-06 -0.027708 0.998022
10.4 0.00395923 8.96555 0.0551646 -5.26291e-05 0.00324492 0.0551683 8.95559 -0.00109163 1.69766e-05 5.3533e-05 0.00109203 8.95145 0.258658 0.0032465 1.29622e-05 -0.258659 8.94732 0.00615295 -5.87014e-06 0.000361932 0.00615336 0.998889 -0.000121759 1.89354e-06 5.97096e-06 0.000121803 0.998428 0.0288502 0.000362108 1.44578e-06 -0.0288503 0.997966
10.6 0.0040345 8.86632 0.0574009 -5.40559e-05 0.00318845 0.0574046 8.85628 -0.00110358 1.70674e-05 5.49352e-05 0.001104 8.85185 0.266151 0.00319002 1.28981e-05 -0.266152 8.84777 0.00647404 -6.09676e-06 0.000359614 0.00647445 0.998868 -0.000124469 1.92497e-06 6.19594e-06 0.000124516 0.998368 0.0300182 0.000359791 1.45473e-06 -0.0300183 0.997908
10.8 0.00410973 8.76622 0.0596821 -5.54669e-05 0.00313156 0.0596858 8.7561 -0.00111539 1.71229e-05 5.63178e-05 0.00111584 8.75136 0.273611 0.00313312 1.27967e-05 -0.273613 8.74733 0.0068082 -6.32735e-06 0.000357231 0.00680862 0.998847 -0.000127238 1.95328e-06 6.42441e-06 0.000127289 0.998305 0.031212 0.000357408 1.45977e-06 -0.0312122 0.997846
11 0.00418491 8.66528 0.0620079 -5.68604e-05 0.00307428 0.0620117 8.6551 -0.00112707 1.71419e-05 5.76788e-05 0.00112754 8.65002 0.281032 0.00307582 1.26566e-05 -0.281033 8.64605 0.0071559 -6.56186e-06 0.000354781 0.00715634 0.998824 -0.000130067 1.97823e-06 6.65631e-06 0.000130122 0.998239 0.0324319 0.000354959 1.46061e-06 -0.0324321 0.997781
11.2 0.00426003 8.56358 0.064378 -5.82343e-05 0.00301664 0.0643817 8.55331 -0.00113858 1.7123e-05 5.90162e-05 0.00113908 8.5479 0.288405 0.00301815 1.24768e-05 -0.288406 8.54398 0.00751765 -6.80023e-06 0.000352264 0.00751809 0.998802 -0.000132956 1.99952e-06 6.89154e-06 0.000133014 0.99817 0.033678 0.00035244 1.45696e-06 -0.0336782 0.997712
11.4 0.00433511 8.46114 0.0667917 -5.95867e-05 0.00295866 0.0667955 8.4508 -0.00114992 1.70649e-05 6.0328e-05 0.00115044 8.44503 0.295722 0.00296015 1.2256e-05 -0.295724 8.44117 0.00789394 -7.0424e-06 0.000349677 0.00789439 0.998778 -0.000135906 2.01686e-06 7.13001e-06 0.000135968 0.998096 0.0349506 0.000349853 1.44851e-06 -0.0349508 0.99764
11.6 0.00441013 8.35802 0.0692487 -6.09158e-05 0.00290039 0.0692525 8.34761 -0.00116106 1.69664e-05 6.16123e-05 0.00116162 8.34147 0.302977 0.00290185 1.19931e-05 -0.302978 8.33766 0.0082853 -7.28831e-06 0.000347019 0.00828575 0.998754 -0.000138916 2.02995e-06 7.37164e-06 0.000138983 0.99802 0.0362498 0.000347193 1.43492e-06 -0.03625 0.997564
11.8 0.0044851 8.25427 0.0717484 -6.22197e-05 0.00284186 0.0717522 8.24378 -0.00117201 1.68261e-05 6.28671e-05 0.00117259 8.23726 0.310161 0.00284327 1.16869e-05 -0.310163 8.23351 0.00869228 -7.53787e-06 0.000344289 0.00869274 0.998729 -0.000141988 2.03847e-06 7.61631e-06 0.000142059 0.997939 0.0375758 0.000344461 1.41586e-06 -0.037576 0.997485
12 0.0139046 8.14994 0.0742903 -6.34964e-05 0.00278309 0.0742941 8.13938 -0.00118273 1.6643e-05 6.40905e-05 0.00118335 8.13245 0.317268 0.00278446 1.13365e-05 -0.317269 8.12876 0.00911544 -7.79102e-06 0.000341485 0.0091159 0.998704 -0.000145122 2.0421e-06 7.86392e-06 0.000145197 0.997854 0.0389288 0.000341654 1.39099e-06 -0.038929 0.997401
13 0.0246683 7.62123 0.0876072 -6.94087e-05 0.00248679 0.0876109 7.6103 -0.00123257 1.50458e-05 6.96711e-05 0.00123334 7.60113 0.351386 0.00248787 8.88754e-06 -0.351387 7.59771 0.0114951 -9.10728e-06 0.000326297 0.0114956 0.998565 -0.000161728 1.9742e-06 9.14171e-06 0.000161829 0.997362 0.0461061 0.00032644 1.16616e-06 -0.0461063 0.996914
14 0.0265294 7.08517 0.10186 -7.43734e-05 0.00218925 0.101864 7.07387 -0.00127487 1.22256e-05 7.41944e-05 0.0012758 7.06206 0.382513 0.00218992 5.20579e-06 -0.382514 7.05891 0.0143765 -1.04971e-05 0.000308991 0.014377 0.998406 -0.000179935 1.72552e-06 1.04718e-05 0.000180066 0.996739 0.0539879 0.000309086 7.34745e-07 -0.0539881 0.996294
15 0.0283823 6.5476 0.116919 -7.81841e-05 0.00189424 0.116922 6.53597 -0.0013081 8.0911e-06 7.74562e-05 0.00130919 6.52111 0.409857 0.00189438 2.23976e-07 -0.409858 6.51821 0.0178567 -1.19409e-05 0.000289303 0.0178572 0.998223 -0.000199783 1.23573e-06 1.18297e-05 0.000199949 0.995955 0.0625965 0.000289324 3.42074e-08 -0.0625966 0.995512
16 0.0302266 6.01415 0.132621 -8.06568e-05 0.00160535 0.132623 6.0022 -0.00133094 2.58877e-06 7.92794e-05 0.00133218 5.98391 0.432719 0.00160484 -6.08474e-06 -0.432719 5.98125 0.0220514 -1.34112e-05 0.000266929 0.0220518 0.998013 -0.000221301 4.30447e-07 1.31821e-05 0.000221507 0.994972 0.0719501 0.000266844 -1.01174e-06 -0.0719501 0.994529
17 0.0320617 5.49009 0.148772 -8.16354e-05 0.00132596 0.148774 5.47785 -0.00134232 -4.29393e-06 7.95182e-05 0.00134368 5.45576 0.450514 0.00132471 -1.37046e-05 -0.450513 5.45331 0.0270983 -1.48696e-05 0.000241519 0.0270986 0.997771 -0.000244498 -7.82124e-07 1.4484e-05 0.000244747 0.993746 0.0820595 0.000241291 -2.49624e-06 -0.0820593 0.993301
18 0.0338871 4.98029 0.165151 -8.09957e-05 0.00105916 0.165153 4.9678 -0.00134143 -1.25269e-05 7.80623e-05 0.0013429 4.94156 0.462783 0.0010571 -2.25764e-05 -0.462782 4.93931 0.033161 -1.62633e-05 0.00021267 0.0331612 0.997492 -0.000269349 -2.5153e-06 1.56742e-05 0.000269643 0.992224 0.092923 0.000212256 -4.53315e-06 -0.0929227 0.991772
19 0.0357021 4.48914 0.181511 -7.86493e-05 0.000807716 0.181512 4.47644 -0.00132779 -2.20371e-05 7.48388e-05 0.00132932 4.44577 0.469204 0.000804807 -3.25986e-05 -0.469201 4.44369 0.0404334 -1.75199e-05 0.000179927 0.0404335 0.997171 -0.000295778 -4.90899e-06 1.66711e-05 0.000296119 0.99034 0.10452 0.000179279 -7.26167e-06 -0.104519 0.989877
20 0.0375062 4.0205 0.197585 -7.45459e-05 0.000574037 0.197585 4.00763 -0.00130117 -3.27096e-05 6.98151e-05 0.00130272 3.97231 0.469593 0.000570276 -4.36296e-05 -0.46959 3.97038 0.0491443 -1.85415e-05 0.000142778 0.0491443 0.996798 -0.000323634 -8.1357e-06 1.73648e-05 0.000324019 0.988014 0.1168 0.000141842 -1.08518e-05 -0.116799 0.987533
21 0.0392989 3.57768 0.213091 -6.86757e-05 0.000360137 0.213091 3.56468 -0.00126168 -4.439e-05 6.29988e-05 0.0012632 3.52455 0.463913 0.000355554 -5.54914e-05 -0.463909 3.52274 0.0595614 -1.91956e-05 0.000100662 0.0595612 0.996366 -0.000352655 -1.24075e-05 1.76089e-05 0.000353078 0.985151 0.129669 9.93812e-05 -1.55105e-05 -0.129668 0.984644
22 0.0410797 3.16336 0.227743 -6.10697e-05 0.000167614 0.227742 3.15028 -0.00120972 -5.68883e-05 5.44382e-05 0.00121114 3.10527 0.452266 0.000162278 -6.79749e-05 -0.452262 3.10355 0.0719939 -1.93053e-05 5.29861e-05 0.0719935 0.995864 -0.000382416 -1.79835e-05 1.7209e-05 0.000382865 0.981635 0.14297 5.12991e-05 -2.14882e-05 -0.142969 0.981092
23 0.0428479 2.77966 0.241251 -5.18e-05 -2.35673e-06 0.24125 2.76653 -0.00114596 -6.99842e-05 4.42211e-05 0.00114723 2.71665 0.434892 -8.34271e-06 -8.08457e-05 -0.434887 2.715 0.0867916 -1.86354e-05 -8.4785e-07 0.0867911 0.995278 -0.000412265 -2.51773e-05 1.59088e-05 0.000412721 0.977331 0.156455 -3.00134e-06 -2.90847e-05 -0.156453 0.976738
24 0.0446031 2.42805 0.253336 -4.09786e-05 -0.000149032 0.253335 2.41492 -0.00107133 -8.34326e-05 3.24729e-05 0.00107239 2.36026 0.412156 -0.000155529 -9.38514e-05 -0.41215 2.35866 0.104337 -1.68772e-05 -6.13791e-05 0.104337 0.994594 -0.000441231 -3.4362e-05 1.33741e-05 0.000441667 0.972081 0.169748 -6.40553e-05 -3.8653e-05 -0.169745 0.971422
25 0.0463447 2.10942 0.263735 -2.87551e-05 -0.000272088 0.263733 2.09634 -0.000987012 -9.69709e-05 1.9354e-05 0.000987808 2.03708 0.384541 -0.000278932 -0.000106729 -0.384534 2.03551 0.125027 -1.36317e-05 -0.000128987 0.125026 0.993796 -0.000467907 -4.59704e-05 9.17501e-06 0.000468284 0.965706 0.182297 -0.000132231 -5.05962e-05 -0.182294 0.964961
26 0.0480722 1.8241 0.272206 -1.5314e-05 -0.000371613 0.272204 1.81108 -0.000894374 -0.000110326 5.05643e-06 0.000894859 1.74752 0.352629 -0.000378614 -0.000119212 -0.352621 1.74596 0.149228 -8.39538e-06 -0.000203724 0.149227 0.992866 -0.000490311 -6.04826e-05 2.77202e-06 0.000490577 0.958018 0.193317 -0.000207563 -6.5354e-05 -0.193313 0.957162
27 0.049785 1.57185 0.278541 -8.70412e-07 -0.00044808 0.27854 1.55894 -0.000794953 -0.000123223 -1.02e-05 0.000795089 1.49142 0.317086 -0.000455036 -0.00013104 -0.317078 1.48986 0.177206 -5.5375e-07 -0.000285065 0.177205 0.991788 -0.000505744 -7.83935e-05 -6.48919e-06 0.000505831 0.948834 0.201728 -0.000289491 -8.33668e-05 -0.201723 0.947841
28 0.0514827 1.35197 0.282569 1.43341e-05 -0.000502319 0.282568 1.33918 -0.000690407 -0.000135391 -2.61725e-05 0.000690168 1.26816 0.278644 -0.000509023 -0.000141964 -0.278637 1.26659 0.209006 1.06024e-05 -0.000371548 0.209005 0.990546 -0.00051067 -0.000100144 -1.93589e-05 0.000510493 0.938014 0.206103 -0.000376506 -0.000105006 -0.206097 0.936853
29 0.0531646 1.16328 0.284161 3.00373e-05 -0.000535487 0.284161 1.15065 -0.000582479 -0.000146573 -4.26e-05 0.00058185 1.07663 0.238082 -0.000541733 -0.000151756 -0.238075 1.07505 0.244276 2.58212e-05 -0.000460324 0.244275 0.989138 -0.000500721 -0.000126 -3.66206e-05 0.00050018 0.925513 0.204664 -0.000465694 -0.000130455 -0.204658 0.924155
30 0.0548304 1.00424 0.283238 4.59613e-05 -0.000549019 0.283239 0.991764 -0.000472947 -0.000156533 -5.92084e-05 0.000471928 0.915336 0.196204 -0.000554619 -0.000160213 -0.196196 0.913747 0.282041 4.57671e-05 -0.000546699 0.282042 0.987572 -0.000470948 -0.000155872 -5.89582e-05 0.000469933 0.911467 0.195374 -0.000552275 -0.000159536 -0.195367 0.909885
31 0.0564795 0.872973 0.279771 6.18195e-05 -0.000544594 0.279773 0.860649 -0.000363588 -0.000165061 -7.57161e-05 0.000362193 0.782431 0.153818 -0.00054938 -0.000167164 -0.15381 0.780842 0.320481 7.0815e-05 -0.000623839 0.320483 0.985884 -0.000416494 -0.000189079 -8.67337e-05 0.000414896 0.896284 0.1762 -0.00062932 -0.000191488 -0.176191 0.894463
32 0.0581114 0.767317 0.273784 7.73221e-05 -0.000524083 0.273787 0.755146 -0.000256132 -0.000171979 -9.18394e-05 0.000254388 0.675797 0.11172 -0.000527918 -0.000172473 -0.111713 0.674221 0.356807 0.000100769 -0.000683006 0.35681 0.984137 -0.000333802 -0.000224131 -0.000119689 0.000331529 0.880727 0.145598 -0.000688005 -0.000224774 -0.145589 0.878673
33 0.0597256 0.684927 0.265355 9.21827e-05 -0.0004895 0.265359 0.672893 -0.000152228 -0.000177149 -0.000107298 0.000150175 0.593095 0.0706728 -0.000492291 -0.000176044 -0.0706665 0.591549 0.387421 0.000134588 -0.000714674 0.387426 0.982431 -0.000222255 -0.000258639 -0.000156656 0.000219257 0.865924 0.103183 -0.000718749 -0.000257025 -0.103174 0.863668
34 0.0613216 0.623311 0.254613 0.000106125 -0.00044296 0.254618 0.611393 -5.34052e-05 -0.00018047 -0.00012182 5.10927e-05 0.531831 0.0313901 -0.000444655 -0.000177821 -0.0313844 0.530339 0.408485 0.000170259 -0.000710656 0.408493 0.98088 -8.56799e-05 -0.000289534 -0.000195441 8.19698e-05 0.853235 0.0503602 -0.000713376 -0.000285284 -0.0503511 0.850842
35 0.0628989 0.5799 0.241738 0.000118886 -0.000386627 0.241744 0.568069 3.89568e-05 -0.000181887 -0.00013515 -4.14706e-05 0.489419 -0.00548012 -0.000387225 -0.00017779 0.00548505 0.488009 0.416862 0.000205012 -0.000666713 0.416872 0.979598 6.71784e-05 -0.000313652 -0.000233057 -7.15133e-05 0.843971 -0.00945012 -0.000667745 -0.000306587 0.00945861 0.841539
36 0.064457 0.552104 0.226954 0.000130227 -0.00032267 0.226961 0.540323 0.000123653 -0.00018139 -0.000147048 -0.000126305 0.463237 -0.0393671 -0.00032222 -0.000175978 0.0393713 0.461939 0.411071 0.000235875 -0.000584436 0.411083 0.978661 0.000223966 -0.000328542 -0.000266341 -0.00022877 0.839039 -0.0713038 -0.000583621 -0.00031874 0.0713114 0.836688
37 0.0659956 0.537367 0.210526 0.000139933 -0.000253219 0.210533 0.525593 0.000199674 -0.00017901 -0.0001573 -0.000202399 0.450684 -0.0697886 -0.000251819 -0.00017245 0.069792 0.449532 0.391772 0.000260405 -0.000471222 0.391786 0.978088 0.000371577 -0.000333124 -0.000292723 -0.00037665 0.838688 -0.129871 -0.000468617 -0.000320916 0.129878 0.836545
38 0.067514 0.533215 0.19275 0.00014782 -0.00018033 0.192759 0.521398 0.000266221 -0.000174823 -0.000165719 -0.000268958 0.449227 -0.096358 -0.000178124 -0.000167309 0.0963606 0.448258 0.361487 0.000277224 -0.000338194 0.361503 0.977839 0.000499276 -0.000327867 -0.000310793 -0.000504408 0.842487 -0.180712 -0.000334057 -0.000313774 0.180716 0.84067
39 0.0690118 0.537294 0.173953 0.000153736 -0.000105945 0.173962 0.525383 0.000322719 -0.000168944 -0.000172151 -0.000325408 0.456446 -0.11879 -0.000103117 -0.000160689 0.118792 0.455697 0.323756 0.000286131 -0.000197183 0.323773 0.977831 0.000600636 -0.000314435 -0.000320403 -0.000605642 0.849527 -0.221089 -0.00019192 -0.00029907 0.221093 0.848133
40 0.10628 0.547414 0.154474 0.00015757 -3.18675e-05 0.154484 0.535352 0.000368812 -0.000161523 -0.000176474 -0.000371404 0.470074 -0.136902 -2.86331e-05 -0.000152751 0.136903 0.469582 0.282189 0.000287844 -5.82146e-05 0.282207 0.977965 0.000673735 -0.000295065 -0.000322377 -0.00067847 0.858717 -0.250089 -5.23061e-05 -0.000279041 0.250091 0.857819
42 0.146749 0.577969 0.114886 0.000158731 0.000109007 0.114895 0.565431 0.000429479 -0.000142804 -0.000178498 -0.000431773 0.50841 -0.15995 0.00011233 -0.000133677 0.15995 0.50854 0.198774 0.000274635 0.000188604 0.198792 0.978305 0.000743083 -0.000247079 -0.000308837 -0.000747051 0.879648 -0.276745 0.000194353 -0.000231287 0.276745 0.879874
44 0.152348 0.611451 0.0767607 0.000151196 0.000231497 0.0767704 0.598208 0.000449683 -0.000120381 -0.000171596 -0.000451631 0.550102 -0.166029 0.000233931 -0.000111725 0.166028 0.550979 0.125539 0.000247274 0.000378603 0.125555 0.978342 0.000735437 -0.000196877 -0.000280638 -0.000738622 0.899667 -0.271533 0.000382583 -0.000182721 0.271532 0.901102
46 0.157761 0.63811 0.0426314 0.000135509 0.00032807 0.0426404 0.623963 0.000433853 -9.61627e-05 -0.000156214 -0.000435523 0.584704 -0.157043 0.000328792 -8.86125e-05 0.157041 0.586416 0.0668088 0.000212359 0.000514127 0.0668229 0.97783 0.000679902 -0.000150699 -0.000244807 -0.00068252 0.916306 -0.246106 0.000515258 -0.000138867 0.246104 0.918989
48 0.162982 0.651867 0.0145562 0.000112821 0.000394484 0.0145642 0.636665 0.000388715 -7.20406e-05 -0.000133422 -0.000390279 0.605509 -0.135954 0.000392996 -6.59577e-05 0.135952 0.608091 0.02233 0.000173074 0.000605161 0.0223423 0.97668 0.00059631 -0.000110514 -0.000204677 -0.00059871 0.928884 -0.20856 0.000602877 -0.000101183 0.208559 0.932846
50 0.168004 0.649963 -0.00604771 8.48165e-05 0.000429533 -0.00604072 0.633625 0.000322485 -4.96863e-05 -0.000104854 -0.000324177 0.609261 -0.106399 0.000425774 -4.51286e-05 0.106399 0.612689 -0.0093047 0.000130494 0.000660857 -0.00929395 0.974863 0.000496159 -7.64448e-05 -0.000161323 -0.000498762 0.937377 -0.163701 0.000655075 -6.94325e-05 0.163699 0.942651
52 0.172821 0.632394 -0.0184978 5.3592e-05 0.000434578 -0.0184916 0.614919 0.000244002 -3.03902e-05 -7.26033e-05 -0.000246062 0.595624 -0.0722812 0.000428961 -2.71347e-05 0.0722806 0.599807 -0.0292504 8.47446e-05 0.000687195 -0.0292407 0.972366 0.000385839 -4.80557e-05 -0.000114807 -0.000389097 0.941855 -0.114298 0.000678313 -4.29079e-05 0.114297 0.948469
54 0.177428 0.601198 -0.0228588 2.15239e-05 0.000412959 -0.0228532 0.582672 0.000161901 -1.49535e-05 -3.90873e-05 -0.000164517 0.56649 -0.0373739 0.000406307 -1.25693e-05 0.0373738 0.571274 -0.0380221 3.58016e-05 0.000686894 -0.0380128 0.969184 0.000269298 -2.48729e-05 -6.50156e-05 -0.000273649 0.942268 -0.0621656 0.000675829 -2.0907e-05 0.0621655 0.950227
56 0.181819 0.559708 -0.0198795 -8.88988e-06 0.000369344 -0.0198742 0.540299 8.38921e-05 -3.64705e-06 -6.88671e-06 -8.71426e-05 0.525227 -0.00499487 0.000362753 -1.60172e-06 0.00499535 0.530408 -0.0355176 -1.58831e-05 0.000659887 -0.0355081 0.965323 0.000149885 -6.51599e-06 -1.23041e-05 -0.000155693 0.938395 -0.00892406 0.000648111 -2.8617e-06 0.00892492 0.947652
58 0.185988 0.511844 -0.0108653 -3.5194e-05 0.000309107 -0.0108599 0.49179 1.62028e-05 3.76293e-06 2.14311e-05 -2.00207e-05 0.475952 0.022244 0.000303751 5.98149e-06 -0.0222429 0.481289 -0.0212278 -6.87591e-05 0.000603909 -0.0212172 0.96082 3.16558e-05 7.35172e-06 4.18704e-05 -3.91149e-05 0.929877 0.0434584 0.000593444 1.16862e-05 -0.0434564 0.940303
60 0.286303 0.461512 0.00249319 -5.5141e-05 0.000237782 0.00249893 0.441098 -3.67844e-05 7.92557e-06 4.34933e-05 3.26244e-05 0.422889 0.0425844 0.0002347 1.06976e-05 -0.0425827 0.428127 0.00540222 -0.000119479 0.000515225 0.00541466 0.955767 -7.97041e-05 1.71731e-05 9.4241e-05 7.06902e-05 0.916312 0.0922715 0.000508545 2.31794e-05 -0.0922679 0.927662
64 0.394175 0.366383 0.0347226 -6.89442e-05 8.23362e-05 0.0347291 0.346143 -9.10986e-05 1.0329e-05 6.13563e-05 8.74385e-05 0.319954 0.0599865 8.54715e-05 1.44596e-05 -0.0599833 0.324324 0.0947713 -0.000188175 0.000224727 0.0947892 0.944758 -0.000248643 2.81919e-05 0.000167465 0.000238653 0.873279 0.163726 0.000233285 3.94659e-05 -0.163718 0.885205
68 0.406626 0.291796 0.062808 -4.19947e-05 -6.27475e-05 0.0628149 0.272655 -8.21647e-05 1.12933e-05 3.7668e-05 8.08186e-05 0.237143 0.0497549 -5.43922e-05 1.55839e-05 -0.0497495 0.240177 0.215246 -0.000143918 -0.000215039 0.215269 0.934401 -0.000281582 3.87026e-05 0.00012909 0.000276969 0.812701 0.170512 -0.000186404 5.34066e-05 -0.170494 0.823097
72 0.417095 0.241593 0.0774184 2.30567e-05 -0.000175499 0.0774247 0.223739 -3.48116e-05 1.53561e-05 -2.52e-05 3.67647e-05 0.180704 0.0229684 -0.000166012 1.76753e-05 -0.0229603 0.182751 0.32045 9.54362e-05 -0.000726423 0.320476 0.926098 -0.000144092 6.35619e-05 -0.000104308 0.000152176 0.74797 0.0950707 -0.000687156 7.31616e-05 -0.0950371 0.756441
76 0.425533 0.210186 0.0759825 0.000112186 -0.000244937 0.075988 0.192843 1.84809e-05 2.1154e-05 -0.000113148 -1.40179e-05 0.145952 -0.00706285 -0.000238806 2.00115e-05 0.00707317 0.148266 0.361502 0.000533748 -0.00116533 0.361528 0.917491 8.79265e-05 0.000100645 -0.000538324 -6.66931e-05 0.694397 -0.0336029 -0.00113617 9.52085e-05 0.033652 0.705404
80 0.431897 0.189163 0.061923 0.000202847 -0.000267769 0.0619284 0.170761 5.17495e-05 2.23608e-05 -0.000203475 -4.72555e-05 0.123986 -0.0301114 -0.000267017 1.79585e-05 0.0301224 0.128442 0.327353 0.00107234 -0.00141555 0.327382 0.90272 0.000273571 0.000118209 -0.00107566 -0.000249814 0.655445 -0.159182 -0.00141158 9.4937e-05 0.159241 0.679004
84 0.436158 0.172476 0.0420075 0.000269936 -0.00024559 0.0420136 0.151211 5.49737e-05 1.18314e-05 -0.000271037 -5.33674e-05 0.107571 -0.0416385 -0.000248659 5.90522e-06 0.0416483 0.116049 0.243555 0.00156506 -0.0014239 0.243591 0.876706 0.000318732 6.85973e-05 -0.00157144 -0.000309418 0.623683 -0.241415 -0.0014417 3.42378e-05 0.241473 0.67284
88 0.328636 0.15831 0.0232661 0.000293602 -0.000183404 0.0232737 0.132916 3.58968e-05 -1.31001e-05 -0.000295946 -3.88079e-05 0.0938387 -0.0424694 -0.000186419 -1.83646e-05 0.0424769 0.107465 0.146966 0.0018546 -0.00115852 0.147014 0.839598 0.00022675 -8.27498e-05 -0.00186941 -0.000245139 0.592754 -0.268268 -0.00117756 -0.000116004 0.268316 0.678827
90 0.219313 0.152492 0.0160129 0.000286216 -0.000139644 0.016021 0.124917 2.39405e-05 -2.95675e-05 -0.000289383 -2.89878e-05 0.0881461 -0.0400571 -0.000141186 -3.38657e-05 0.0400635 0.104365 0.105008 0.00187692 -0.000915746 0.105061 0.819171 0.000156995 -0.000193895 -0.00189769 -0.000190094 0.578038 -0.262684 -0.000925856 -0.000222082 0.262726 0.684396
92 0.328636 0.147826 0.0106994 0.000266446 -8.89816e-05 0.0107078 0.118226 1.41204e-05 -4.67976e-05 -0.00027046 -2.08204e-05 0.0835509 -0.0365324 -8.84301e-05 -4.9897e-05 0.0365379 0.102127 0.0723782 0.00180242 -0.000601933 0.0724349 0.799765 9.55199e-05 -0.000316571 -0.00182958 -0.000140843 0.565196 -0.247131 -0.000598203 -0.000337538 0.247168 0.690861
96 0.436158 0.142453 0.00634039 0.000197172 2.7771e-05 0.00634811 0.109919 1.02504e-05 -7.50022e-05 -0.000202471 -1.80511e-05 0.0783147 -0.0281763 3.27608e-05 -7.5623e-05 0.0281811 0.100261 0.0445086 0.00138411 0.000194948 0.0445627 0.771617 7.19565e-05 -0.000526504 -0.00142132 -0.000126716 0.549757 -0.197793 0.000229976 -0.000530862 0.197827 0.703819
100 0.431897 0.141685 0.00955027 0.00010843 0.000155724 0.00955551 0.108316 3.49666e-05 -7.86796e-05 -0.000113701 -4.09231e-05 0.0777968 -0.0203538 0.000162958 -7.75304e-05 0.0203597 0.100781 0.0674049 0.00076529 0.00109908 0.0674419 0.764483 0.000246791 -0.000555313 -0.000802491 -0.000288832 0.549083 -0.143655 0.00115014 -0.000547202 0.143697 0.711301
104 0.425533 0.142721 0.0179975 2.87803e-05 0.000283379 0.0179993 0.11029 8.31015e-05 -4.10814e-05 -3.23751e-05 -8.59176e-05 0.0785876 -0.0142369 0.000289182 -3.93987e-05 0.0142448 0.100743 0.126103 0.000201655 0.00198555 0.126116 0.772772 0.000582266 -0.000287845 -0.000226842 -0.000601998 0.550639 -0.0997534 0.00202621 -0.000276055 0.0998091 0.705876
108 0.417095 0.142007 0.0287193 -1.84921e-05 0.000399148 0.0287183 0.110587 0.000135692 4.43773e-05 1.74931e-05 -0.000136533 0.0752877 -0.0100084 0.000400803 4.53571e-05 0.0100184 0.0966129 0.202238 -0.000130219 0.00281076 0.202231 0.778742 0.000955529 0.0003125 0.000123185 -0.000961453 0.530168 -0.0704784 0.00282241 0.0003194 0.0705485 0.680338
112 0.406626 0.137632 0.0388923 -2.49671e-05 0.000491034 0.0388905 0.104605 0.000169203 0.000168662 2.60289e-05 -0.00017085 0.0631696 -0.00802968 0.000488423 0.000168181 0.00804075 0.086471 0.282582 -0.000181405 0.00356773 0.282569 0.760033 0.00122939 0.00122546 0.000189119 -0.00124136 0.458975 -0.0583417 0.00354876 0.00122197 0.0584222 0.628277
116 0.394175 0.130997 0.0462571 -5.26616e-07 0.000546503 0.0462568 0.0910865 0.000167494 0.000307012 1.93296e-06 -0.000172395 0.0409456 -0.00951151 0.000541906 0.00030515 0.00952262 0.0717242 0.353115 -4.02006e-06 0.00417187 0.353113 0.695331 0.00127861 0.00234365 1.47557e-05 -0.00131602 0.312568 -0.0726085 0.00413677 0.00232944 0.0726933 0.547525
120 0.379804 0.126586 0.0493458 3.13654e-05 0.000553709 0.0493485 0.0732113 0.000130501 0.000425337 -3.13652e-05 -0.000139006 0.0121147 -0.0162018 0.000549976 0.000423042 0.0162122 0.0570998 0.389822 0.00024778 0.00437419 0.389843 0.578354 0.00103094 0.00336008 -0.000247779 -0.00109812 0.0957035 -0.127991 0.0043447 0.00334194 0.128073 0.451077
124 0.363583 0.129665 0.0476771 4.47335e-05 0.00050464 0.0476825 0.0574097 7.50714e-05 0.000491472 -4.67724e-05 -8.49789e-05 -0.0159563 -0.0292189 0.000503056 0.000490087 0.029228 0.0486254 0.367694 0.000344993 0.00389187 0.367736 0.442753 0.000578964 0.00379032 -0.000360717 -0.000655372 -0.123058 -0.225341 0.00387966 0.00377964 0.225411 0.375007
128 0.34559 0.143008 0.041933 2.35726e-05 0.000399442 0.0419392 0.0503897 2.72576e-05 0.000487022 -2.68607e-05 -3.49509e-05 -0.034948 -0.0476992 0.000398815 0.000487475 0.0477066 0.0504474 0.293222 0.000164834 0.00279315 0.293266 0.352356 0.000190602 0.00340556 -0.000187827 -0.000244399 -0.244378 -0.333543 0.00278876 0.00340873 0.333595 0.35276
132 0.325914 0.164411 0.0339649 -3.00614e-05 0.000249869 0.0339696 0.0558065 9.79531e-06 0.000414732 2.70666e-05 -1.2271e-05 -0.0392247 -0.068117 0.00024757 0.000416888 0.068122 0.0621197 0.206586 -0.000182843 0.00151979 0.206614 0.339433 5.95783e-05 0.00252254 0.000164628 -7.46364e-05 -0.238577 -0.41431 0.0015058 0.00253565 0.41434 0.377832
136 0.304649 0.186631 0.0264318 -9.62684e-05 7.96037e-05 0.0264326 0.0722603 3.10705e-05 0.000297893 9.48253e-05 -2.76507e-05 -0.0285031 -0.0848638 7.39004e-05 0.000300594 0.0848656 0.0779552 0.141626 -0.000515822 0.000426529 0.14163 0.387183 0.000166481 0.00159616 0.00050809 -0.000148157 -0.152724 -0.454714 0.00039597 0.00161063 0.454724 0.417697
140 0.281901 0.200214 0.022005 -0.000145959 -7.97108e-05 0.0220014 0.0937001 8.12282e-05 0.000171784 0.000146383 -7.39319e-05 -0.00826563 -0.0920685 -8.77945e-05 0.000173597 0.092067 0.0891118 0.109907 -0.000729014 -0.000398128 0.10989 0.468 0.000405708 0.000858001 0.000731133 -0.000369265 -0.041284 -0.459851 -0.000438504 0.000867061 0.459844 0.445083
144 0.257779 0.198163 0.0223408 -0.000154138 -0.000196035 0.0223342 0.112123 0.000137365 7.06657e-05 0.000155833 -0.000129692 0.0123269 -0.085973 -0.000202989 7.0811e-05 0.0859687 0.0876825 0.112739 -0.000777837 -0.000989264 0.112706 0.56581 0.000693192 0.000356604 0.000786386 -0.000654473 0.062206 -0.43385 -0.00102435 0.000357337 0.433829 0.442477
148 0.232401 0.18021 0.0272463 -0.000111792 -0.000245802 0.02724 0.121273 0.000174932 1.56913e-05 0.000113753 -0.000169796 0.0240852 -0.0667914 -0.000248129 1.44581e-05 0.0667858 0.070885 0.151192 -0.000620343 -0.00136398 0.151157 0.672951 0.000970712 8.70721e-05 0.000631222 -0.000942209 0.133651 -0.370631 -0.00137689 8.02292e-05 0.3706 0.393347
152 0.205891 0.154315 0.0345014 -3.08511e-05 -0.000221007 0.0344991 0.119494 0.00017924 8.53238e-06 3.22357e-05 -0.000177373 0.0213339 -0.0390986 -0.000218101 6.93299e-06 0.0390936 0.0431545 0.223577 -0.000199923 -0.00143218 0.223563 0.774351 0.00116152 5.5292e-05 0.000208895 -0.00114942 0.138249 -0.253369 -0.00141335 4.49275e-05 0.253336 0.279652
156 0.178378 0.134162 0.04057 6.02313e-05 -0.000131736 0.0405745 0.110275 0.000151139 3.30558e-05 -5.97771e-05 -0.000151054 0.00377085 -0.010396 -0.000126626 3.20545e-05 0.0103929 0.0148077 0.302396 0.000448945 -0.000981916 0.30243 0.821959 0.00112654 0.000246388 -0.00044556 -0.00112591 0.0281067 -0.0774882 -0.000943834 0.000238924 0.0774658 0.110372
160 0.0971232 0.133356 0.0420226 0.000128584 -2.68414e-06 0.0420337 0.100211 0.000104453 6.40801e-05 -0.00012892 -0.000103938 -0.0240569 0.0116666 2.40444e-07 6.40224e-05 -0.0116671 -0.00239687 0.315115 0.000964217 -2.01276e-05 0.315199 0.751455 0.000783267 0.000480518 -0.000966733 -0.000779403 -0.180396 0.0874842 1.80302e-06 0.000480086 -0.0874881 -0.0179735
161 0.0357021 0.137214 0.0414032 0.00013905 3.21739e-05 0.0414155 0.0983454 9.20635e-05 7.00176e-05 -0.000139522 -9.11955e-05 -0.0318091 0.0154827 3.40571e-05 7.01681e-05 -0.0154827 -0.00390177 0.301741 0.00101338 0.000234479 0.301831 0.716729 0.000670947 0.00051028 -0.00101682 -0.000664621 -0.231821 0.112836 0.000248204 0.000511376 -0.112836 -0.0284356
162 0.0338871 0.14278 0.0403681 0.000146389 6.71002e-05 0.0403815 0.0968994 7.99446e-05 7.46576e-05 -0.000146969 -7.86812e-05 -0.0396493 0.0185249 6.78549e-05 7.4989e-05 -0.0185244 -0.00414295 0.28273 0.00102528 0.000469956 0.282824 0.678664 0.000559916 0.000522887 -0.00102934 -0.000551067 -0.277696 0.129745 0.000475242 0.000525208 -0.129741 -0.0290164
163 0.0320617 0.150014 0.0389256 0.000150515 0.000101648 0.0389397 0.0959245 6.83328e-05 7.78146e-05 -0.000151173 -6.66628e-05 -0.0474689 0.0207805 0.000101253 7.82948e-05 -0.0207795 -0.00310841 0.25948 0.00100334 0.000677589 0.259574 0.639437 0.000455509 0.000518716 -0.00100772 -0.000444377 -0.316429 0.138524 0.000674955 0.000521917 -0.138517 -0.0207208
164 0.0302266 0.158831 0.0370951 0.000151435 0.000135406 0.0371096 0.0954527 5.74285e-05 7.9369e-05 -0.000152142 -5.53718e-05 -0.0551666 0.0222571 0.000133905 7.99632e-05 -0.0222558 -0.000823065 0.233551 0.000953434 0.000852515 0.233642 0.600969 0.000361569 0.000499706 -0.000957886 -0.000348621 -0.347328 0.140131 0.000843065 0.000503448 -0.140122 -0.00518201
165 0.0283823 0.169099 0.0349073 0.000149251 0.000168007 0.0349219 0.0954959 4.73921e-05 7.92693e-05 -0.00014998 -4.49969e-05 -0.0626507 0.0229825 0.000165505 7.99419e-05 -0.0229809 0.00265149 0.206431 0.000882622 0.00099354 0.206517 0.564734 0.000280263 0.000468774 -0.000886936 -0.000266098 -0.370497 0.135911 0.000978743 0.000472752 -0.135902 0.0156801
166 0.0265294 0.180641 0.0324033 0.000144153 0.00019913 0.0324176 0.0960457 3.83417e-05 7.75324e-05 -0.00014488 -3.56798e-05 -0.0698403 0.0230029 0.000195784 7.82485e-05 -0.0230011 0.00721838 0.179379 0.000798005 0.00110235 0.179459 0.531693 0.000212253 0.000429206 -0.000802031 -0.000197517 -0.386624 0.12734 0.00108383 0.00043317 -0.12733 0.0399597
167 0.0246683 0.193243 0.0296338 0.000136418 0.000228506 0.0296476 0.0970742 3.03518e-05 7.42411e-05 -0.000137121 -2.75136e-05 -0.0766663 0.0223821 0.000224516 7.49685e-05 -0.0223802 0.012748 0.15335 0.00070594 0.00118248 0.153422 0.502343 0.000157066 0.000384186 -0.000709579 -0.000142378 -0.396736 0.115824 0.00116183 0.00038795 -0.115814 0.0659688
168 0.0172754 0.206652 0.0266577 0.000126397 0.000255919 0.0266707 0.0985349 2.34546e-05 6.95401e-05 -0.000127058 -2.05418e-05 -0.0830718 0.0211992 0.000251511 7.02499e-05 -0.0211974 0.0190815 0.128998 0.000611642 0.0012384 0.129061 0.476815 0.000113498 0.000336508 -0.000614839 -9.94026e-05 -0.401989 0.102584 0.00121707 0.000339943 -0.102575 0.0923363
168.5 0.0109315 0.213574 0.0251126 0.000120658 0.000268836 0.0251251 0.0994083 2.04148e-05 6.67213e-05 -0.000121292 -1.75044e-05 -0.0861024 0.0204253 0.000264309 6.7413e-05 -0.0204234 0.0224932 0.117583 0.000564947 0.00125875 0.117641 0.465452 9.55867e-05 0.000312404 -0.000567915 -8.19597e-05 -0.403151 0.0956358 0.00123755 0.000315643 -0.095627 0.105318
169 0.0104622 0.220591 0.0235409 0.000114508 0.000281205 0.0235529 0.100365 1.76424e-05 6.36287e-05 -0.000115112 -1.47609e-05 -0.089012 0.0195461 0.000276618 6.42969e-05 -0.0195443 0.0260354 0.106718 0.000519095 0.00127478 0.106772 0.454983 7.99779e-05 0.000288447 -0.000521833 -6.69154e-05 -0.403516 0.0886079 0.00125399 0.000291476 -0.0885996 0.118026
169.5 0.00999215 0.227665 0.0219518 0.000108007 0.000293013 0.0219631 0.101395 1.51309e-05 6.02946e-05 -0.000108578 -1.23041e-05 -0.0917968 0.0185747 0.000288425 6.09345e-05 -0.0185729 0.0296822 0.0964211 0.000474411 0.00128703 0.096471 0.44537 6.6461e-05 0.000264838 -0.000476921 -5.40447e-05 -0.403209 0.0815875 0.00126688 0.000267649 -0.0815797 0.130376
170 0.0095213 0.234759 0.0203543 0.000101218 0.000304249 0.020365 0.102488 1.28718e-05 5.67532e-05 -0.000101755 -1.01244e-05 -0.0944537 0.0175244 0.000299718 5.73607e-05 -0.0175227 0.0334068 0.0867032 0.000431159 0.00129601 0.0867489 0.43657 5.48301e-05 0.000241752 -0.000433444 -4.3127e-05 -0.402344 0.0746487 0.00127671 0.000244339 -0.0746414 0.142303
170.5 0.00904972 0.24183 0.018758 9.42054e-05 0.000314908 0.018768 0.103633 1.08551e-05 5.30411e-05 -9.47054e-05 -8.2103e-06 -0.0969802 0.0164091 0.000310487 5.36128e-05 -0.0164075 0.0371819 0.0775666 0.000389552 0.00130218 0.0776081 0.428536 4.48874e-05 0.000219332 -0.000391619 -3.39507e-05 -0.401026 0.0678538 0.0012839 0.000221696 -0.067847 0.153752
171 0.00857745 0.248841 0.0171721 8.70343e-05 0.000324983 0.0171814 0.104817 9.06913e-06 4.91963e-05 -8.74966e-05 -6.54813e-06 -0.0993744 0.0152427 0.000320723 4.97294e-05 -0.0152412 0.0409795 0.0690083 0.000349759 0.00130599 0.0690458 0.421223 3.64455e-05 0.000197702 -0.000351616 -2.63145e-05 -0.399349 0.0612548 0.00128887 0.000199844 -0.0612487 0.164682
171.5 0.00810453 0.255751 0.0156062 7.97713e-05 0.000334473 0.0156148 0.10603 7.50087e-06 4.52578e-05 -8.01951e-05 -5.12274e-06 -0.101635 0.0140393 0.00033042 4.57504e-05 -0.0140379 0.0447717 0.0610211 0.00031191 0.00130781 0.0610547 0.414582 2.93288e-05 0.000176961 -0.000313567 -2.00302e-05 -0.397399 0.0548946 0.00129196 0.000178886 -0.054889 0.17506
172 0.00763099 0.26252 0.0140696 7.2483e-05 0.000343378 0.0140775 0.107258 6.13638e-06 4.12657e-05 -7.2868e-05 -3.91752e-06 -0.103761 0.012813 0.000339571 4.17163e-05 -0.0128117 0.0485304 0.0535947 0.000276105 0.00130801 0.0536245 0.40857 2.33749e-05 0.000157191 -0.000277572 -1.49228e-05 -0.395251 0.0488079 0.00129351 0.000158907 -0.0488028 0.184864
172.5 0.00715688 0.269109 0.0125717 6.52359e-05 0.000351698 0.0125788 0.108489 4.96079e-06 3.72605e-05 -6.55822e-05 -2.91477e-06 -0.105753 0.0115778 0.000348173 3.76683e-05 -0.0115766 0.0522277 0.0467162 0.000242415 0.0013069 0.0467426 0.403141 1.84342e-05 0.000138459 -0.000243702 -1.08312e-05 -0.392974 0.0430228 0.0012938 0.000139974 -0.0430183 0.194077
173 0.00668221 0.275479 0.0111216 5.80955e-05 0.000359437 0.0111279 0.109711 3.95868e-06 3.32826e-05 -5.84037e-05 -2.09597e-06 -0.107609 0.0103474 0.000356222 3.36474e-05 -0.0103463 0.0558361 0.0403717 0.000210889 0.00130477 0.0403948 0.398254 1.43702e-05 0.000120817 -0.000212008 -7.60847e-06 -0.390625 0.0375615 0.0012931 0.000122141 -0.0375575 0.202687
173.5 0.00620704 0.281593 0.00972799 5.11263e-05 0.0003666 0.0097336 0.110911 3.11424e-06 2.93722e-05 -5.13971e-05 -1.44206e-06 -0.109331 0.00913526 0.000363715 2.96944e-05 -0.00913427 0.0593288 0.0345462 0.000181561 0.00130188 0.0345661 0.39387 1.10593e-05 0.000104307 -0.000182523 -5.12106e-06 -0.388258 0.0324413 0.00129163 0.000105451 -0.0324378 0.21069
174 0.0057314 0.287416 0.00839956 4.43905e-05 0.000373192 0.00840445 0.112078 2.41152e-06 2.55685e-05 -4.46254e-05 -9.33716e-07 -0.110919 0.00795442 0.000370652 2.58491e-05 -0.00795356 0.0626798 0.0292244 0.000154447 0.00129844 0.0292414 0.389952 8.39035e-06 8.89598e-05 -0.000155264 -3.24866e-06 -0.385918 0.0276757 0.0012896 8.99361e-05 -0.0276726 0.218081
174.5 0.00525531 0.292912 0.00714448 3.79484e-05 0.000379219 0.00714867 0.1132 1.83469e-06 2.19097e-05 -3.8149e-05 -5.51689e-07 -0.112374 0.0068174 0.000377031 2.21502e-05 -0.00681665 0.0658641 0.0243912 0.000129556 0.00129465 0.0244056 0.386466 6.26364e-06 7.47997e-05 -0.000130241 -1.88347e-06 -0.383645 0.0232746 0.00128718 7.56208e-05 -0.023272 0.22486
175 0.00477883 0.298048 0.0059705 3.18573e-05 0.000384689 0.00597403 0.114266 1.36825e-06 1.84327e-05 -3.20254e-05 -2.77044e-07 -0.113697 0.00573608 0.000382852 1.86349e-05 -0.00573544 0.068858 0.020032 0.000106886 0.00129069 0.0200439 0.383383 4.5907e-06 6.18446e-05 -0.000107451 -9.29528e-07 -0.381473 0.0192455 0.00128453 6.25233e-05 -0.0192434 0.23103
175.5 0.00430199 0.302794 0.00488492 2.61711e-05 0.000389609 0.00488783 0.115266 9.97216e-07 1.51721e-05 -2.63091e-05 -9.14496e-08 -0.114889 0.00472164 0.000388115 1.53385e-05 -0.00472111 0.0716389 0.0161328 8.64321e-05 0.00128671 0.0161424 0.380674 3.29338e-06 5.01071e-05 -8.68878e-05 -3.02019e-07 -0.37943 0.0155936 0.00128178 5.06567e-05 -0.0155918 0.236593
176 0.00382481 0.307121 0.00389449 2.09402e-05 0.000393986 0.00389683 0.116188 7.07374e-07 1.21607e-05 -2.10505e-05 2.25576e-08 -0.115952 0.00378449 0.000392821 1.2294e-05 -0.00378407 0.0741862 0.0126806 6.81824e-05 0.00128283 0.0126883 0.378314 2.30324e-06 3.95958e-05 -6.85414e-05 7.34486e-08 -0.377544 0.0123225 0.00127904 4.00299e-05 -0.0123211 0.241554
176.5 0.00334735 0.311003 0.00300542 1.62108e-05 0.000397827 0.00300723 0.117025 4.85444e-07 9.42855e-06 -1.62961e-05 8.13277e-08 -0.116885 0.00293415 0.000396971 9.53184e-06 -0.00293382 0.0764808 0.00966362 5.21242e-05 0.00127917 0.00966945 0.376283 1.5609e-06 3.03166e-05 -5.23983e-05 2.61501e-07 -0.375834 0.00943447 0.00127642 3.06487e-05 -0.00943341 0.245916
177 0.00286963 0.314417 0.00222325 1.20245e-05 0.000401141 0.0022246 0.117768 3.19263e-07 7.00293e-06 -1.20876e-05 9.98665e-08 -0.117692 0.00217921 0.000400564 7.07959e-06 -0.00217896 0.0785055 0.00707102 3.82437e-05 0.00127582 0.00707531 0.374559 1.01541e-06 2.22727e-05 -3.84446e-05 3.17624e-07 -0.374318 0.00693094 0.00127399 2.25166e-05 -0.00693016 0.249686
177.5 0.00239169 0.317341 0.0015529 8.41804e-06 0.000403932 0.00155384 0.118409 1.9795e-07 4.90805e-06 -8.46221e-06 9.16265e-08 -0.118372 0.00152723 0.000403603 4.96174e-06 -0.00152706 0.0802451 0.00489347 2.65268e-05 0.00127286 0.00489644 0.373128 6.23776e-07 1.54661e-05 -2.6666e-05 2.88732e-07 -0.373013 0.00481259 0.00127182 1.56353e-05 -0.00481204 0.252867
178 0.00191357 0.319759 0.000998578 5.4232e-06 0.000406208 0.000999188 0.118943 1.12044e-07 3.16482e-06 -5.45163e-06 6.83196e-08 -0.118928 0.000984743 0.000406087 3.19942e-06 -0.000984631 0.0816865 0.00312291 1.69603e-05 0.00127036 0.00312482 0.371976 3.50402e-07 9.89751e-06 -1.70492e-05 2.1366e-07 -0.371929 0.00307964 0.00126998 1.00057e-05 -0.00307929 0.255463
178.5 0.00143531 0.321655 0.000563774 3.06621e-06 0.000407972 0.000564119 0.119363 5.36338e-08 1.79062e-06 -3.08228e-06 3.9756e-08 -0.119358 0.00055713 0.000408019 1.81019e-06 -0.000557067 0.0828191 0.00175273 9.53263e-06 0.00126836 0.0017538 0.371091 1.66743e-07 5.5669e-06 -9.58257e-06 1.23599e-07 -0.371076 0.00173208 0.0012685 5.62773e-06 -0.00173188 0.257478
179 0.000956932 0.323017 0.000251227 1.36775e-06 0.00040923 0.000251381 0.119667 1.6456e-08 7.99147e-07 -1.37491e-06 1.37086e-08 -0.119666 0.000248636 0.000409398 8.07877e-07 -0.000248608 0.0836341 0.00077775 4.2343e-06 0.0012669 0.000778227 0.370465 5.09447e-08 2.47401e-06 -4.25647e-06 4.24393e-08 -0.370462 0.000769732 0.00126742 2.50104e-06 -0.000769644 0.258916
179.5 0.000478484 0.323838 6.29059e-05 3.42688e-07 0.000409983 6.29445e-05 0.11985 -4.02136e-09 2.00286e-07 -3.44482e-07 -4.1933e-09 -0.11985 6.23129e-05 0.000410225 2.02473e-07 -6.23058e-05 0.0841256 0.000194251 1.05821e-06 0.00126601 0.00019437 0.370092 -1.24178e-08 6.18475e-07 -1.06375e-06 -1.29488e-08 -0.370092 0.00019242 0.00126676 6.2523e-07 -0.000192398 0.259777
180 5.98114e-05 0.324112 -6.18858e-18 -1.45964e-18 0.000410234 -4.90165e-18 0.119911 -1.05411e-08 2.88327e-18 -1.97251e-18 -1.05411e-08 -0.119911 -1.04006e-17 0.000410501 8.29608e-19 1.18586e-17 0.0842899 -1.9094e-17 -4.5035e-18 0.00126572 -1.51233e-17 0.369968 -3.2523e-08 8.89589e-18 -6.0859e-18 -3.2523e-08 -0.369968 -3.20895e-17 0.00126654 2.55963e-18 3.65881e-17 0.260064
