theta 2pi*dcos S11 S12 S13 S14 S21 S22 S23 S24 S31 S32 S33 S34 S41 S42 S43 S44 S12_norm S13_norm S14_norm S21_norm S22_norm S23_norm S24_norm S31_norm S32_norm S33_norm S34_norm S41_norm S42_norm S43_norm S44_norm
0 2.39246e-06 0.49391 2.96545e-18 0 -7.86898e-07 3.49811e-18 0.492931 1.2904e-05 0 0 -1.2904e-05 0.492931 -7.26652e-20 -7.86634e-07 0 7.26652e-20 0.491956 6.00402e-18 0 -1.5932e-06 7.08248e-18 0.998018 2.61262e-05 0 0 -2.61262e-05 0.998018 -1.47122e-19 -1.59267e-06 0 1.47122e-19 0.996042
0.1 1.91397e-05 0.493908 -4.14573e-07 -8.76177e-12 -7.86903e-07 -4.14573e-07 0.492929 1.29039e-05 1.66529e-12 1.10971e-11 -1.29039e-05 0.492929 2.52497e-07 -7.86639e-07 -3.79203e-13 -2.52496e-07 0.491953 -8.39373e-07 -1.77397e-11 -1.59322e-06 -8.39372e-07 0.998018 2.61262e-05 3.37166e-12 2.2468e-11 -2.61262e-05 0.998018 5.11223e-07 -1.59268e-06 -7.67761e-13 -5.11221e-07 0.996042
0.2 3.82793e-05 0.493901 -1.65827e-06 -3.50469e-11 -7.86919e-07 -1.65827e-06 0.492922 1.29038e-05 6.66131e-12 4.4388e-11 -1.29038e-05 0.492922 1.00998e-06 -7.86654e-07 -1.51656e-12 -1.00998e-06 0.491947 -3.35749e-06 -7.09593e-11 -1.59327e-06 -3.35749e-06 0.998018 2.61263e-05 1.34871e-11 8.98723e-11 -2.61263e-05 0.998018 2.0449e-06 -1.59274e-06 -3.07056e-12 -2.0449e-06 0.996042
0.3 5.74188e-05 0.49389 -3.73101e-06 -7.88543e-11 -7.86947e-07 -3.73101e-06 0.492911 1.29036e-05 1.49885e-11 9.98716e-11 -1.29036e-05 0.492911 2.27242e-06 -7.86679e-07 -3.41134e-12 -2.27242e-06 0.491935 -7.55434e-06 -1.5966e-10 -1.59336e-06 -7.55433e-06 0.998018 2.61265e-05 3.03479e-11 2.02214e-10 -2.61265e-05 0.998018 4.60107e-06 -1.59282e-06 -6.90709e-12 -4.60105e-06 0.996042
0.4 7.65581e-05 0.493874 -6.63269e-06 -1.40182e-10 -7.86985e-07 -6.63268e-06 0.492895 1.29034e-05 2.66478e-11 1.77546e-10 -1.29034e-05 0.492895 4.03978e-06 -7.86715e-07 -6.06247e-12 -4.03977e-06 0.49192 -1.34299e-05 -2.83842e-10 -1.59349e-06 -1.34299e-05 0.998018 2.61268e-05 5.39566e-11 3.59496e-10 -2.61268e-05 0.998018 8.17978e-06 -1.59295e-06 -1.22753e-11 -8.17975e-06 0.996042
0.5 9.56972e-05 0.493854 -1.03631e-05 -2.19029e-10 -7.87034e-07 -1.03631e-05 0.492875 1.2903e-05 4.16401e-11 2.77408e-10 -1.2903e-05 0.492875 6.312e-06 -7.8676e-07 -9.46817e-12 -6.31198e-06 0.491899 -2.09842e-05 -4.4351e-10 -1.59366e-06 -2.09842e-05 0.998018 2.61272e-05 8.43166e-11 5.6172e-10 -2.61272e-05 0.998018 1.27811e-05 -1.5931e-06 -1.9172e-11 -1.27811e-05 0.996042
0.6 0.000114836 0.493829 -1.49221e-05 -3.15391e-10 -7.87094e-07 -1.49221e-05 0.49285 1.29026e-05 5.9967e-11 3.99454e-10 -1.29026e-05 0.49285 9.089e-06 -7.86816e-07 -1.36265e-11 -9.08896e-06 0.491875 -3.02171e-05 -6.38665e-10 -1.59386e-06 -3.02171e-05 0.998018 2.61276e-05 1.21433e-10 8.0889e-10 -2.61276e-05 0.998018 1.84051e-05 -1.59329e-06 -2.75935e-11 -1.84051e-05 0.996042
0.7 0.000133974 0.4938 -2.03094e-05 -4.29266e-10 -7.87165e-07 -2.03093e-05 0.492821 1.29021e-05 8.16302e-11 5.43679e-10 -1.29021e-05 0.492821 1.23707e-05 -7.86881e-07 -1.85347e-11 -1.23706e-05 0.491846 -4.11287e-05 -8.69311e-10 -1.5941e-06 -4.11287e-05 0.998018 2.61281e-05 1.6531e-10 1.10101e-09 -2.61281e-05 0.998018 2.5052e-05 -1.59352e-06 -3.75348e-11 -2.50519e-05 0.996042
0.8 0.000153112 0.493766 -2.65246e-05 -5.60648e-10 -7.87247e-07 -2.65245e-05 0.492787 1.29015e-05 1.06632e-10 7.10079e-10 -1.29015e-05 0.492787 1.61569e-05 -7.86957e-07 -2.41898e-11 -1.61569e-05 0.491812 -5.37189e-05 -1.13545e-09 -1.59437e-06 -5.37188e-05 0.998018 2.61287e-05 2.15956e-10 1.43809e-09 -2.61287e-05 0.998018 3.27218e-05 -1.59378e-06 -4.89904e-11 -3.27217e-05 0.996042
0.9 0.00017225 0.493728 -3.35674e-05 -7.09534e-10 -7.8734e-07 -3.35674e-05 0.492749 1.29008e-05 1.34974e-10 8.98648e-10 -1.29008e-05 0.492749 2.04476e-05 -7.87043e-07 -3.05884e-11 -2.04476e-05 0.491774 -6.79876e-05 -1.43709e-09 -1.59468e-06 -6.79875e-05 0.998017 2.61294e-05 2.73377e-10 1.82013e-09 -2.61294e-05 0.998017 4.14148e-05 -1.59408e-06 -6.19539e-11 -4.14146e-05 0.996042
1 0.000191387 0.493685 -4.14374e-05 -8.75918e-10 -7.87444e-07 -4.14374e-05 0.492706 1.29001e-05 1.6666e-10 1.10938e-09 -1.29001e-05 0.492706 2.52426e-05 -7.87138e-07 -3.77263e-11 -2.52425e-05 0.491731 -8.39349e-05 -1.77424e-09 -1.59503e-06 -8.39348e-05 0.998017 2.61301e-05 3.37583e-10 2.24714e-09 -2.61301e-05 0.998017 5.1131e-05 -1.59441e-06 -7.64177e-11 -5.11308e-05 0.996042
1.1 0.000210523 0.493638 -5.01342e-05 -1.05979e-09 -7.87558e-07 -5.01341e-05 0.492659 1.28992e-05 2.01692e-10 1.34226e-09 -1.28992e-05 0.492659 3.05418e-05 -7.87244e-07 -4.55992e-11 -3.05417e-05 0.491684 -0.000101561 -2.1469e-09 -1.59542e-06 -0.00010156 0.998017 2.6131e-05 4.08583e-10 2.71912e-09 -2.6131e-05 0.998017 6.18708e-05 -1.59478e-06 -9.23738e-11 -6.18705e-05 0.996042
1.2 0.000229659 0.493586 -5.96571e-05 -1.26115e-09 -7.87684e-07 -5.9657e-05 0.492607 1.28983e-05 2.40074e-10 1.59729e-09 -1.28983e-05 0.492607 3.63449e-05 -7.8736e-07 -5.42021e-11 -3.63447e-05 0.491633 -0.000120865 -2.55508e-09 -1.59584e-06 -0.000120864 0.998017 2.61319e-05 4.86387e-10 3.23609e-09 -2.61319e-05 0.998017 7.36343e-05 -1.59518e-06 -1.09813e-10 -7.3634e-05 0.996042
1.3 0.000248794 0.49353 -7.00058e-05 -1.47999e-09 -7.8782e-07 -7.00057e-05 0.492551 1.28974e-05 2.8181e-10 1.87446e-09 -1.28974e-05 0.492551 4.26517e-05 -7.87486e-07 -6.35298e-11 -4.26515e-05 0.491576 -0.000141847 -2.99879e-09 -1.5963e-06 -0.000141847 0.998017 2.61329e-05 5.71008e-10 3.79806e-09 -2.61329e-05 0.998017 8.64217e-05 -1.59562e-06 -1.28725e-10 -8.64214e-05 0.996042
1.4 0.000267929 0.493469 -8.11795e-05 -1.7163e-09 -7.87967e-07 -8.11794e-05 0.49249 1.28963e-05 3.26903e-10 2.17375e-09 -1.28963e-05 0.49249 4.94621e-05 -7.87622e-07 -7.35762e-11 -4.94619e-05 0.491516 -0.000164508 -3.47803e-09 -1.59679e-06 -0.000164507 0.998016 2.6134e-05 6.62458e-10 4.40503e-09 -2.6134e-05 0.998016 0.000100233 -1.59609e-06 -1.491e-10 -0.000100233 0.996042
1.5 0.000287062 0.493404 -9.31776e-05 -1.97007e-09 -7.88125e-07 -9.31775e-05 0.492425 1.28952e-05 3.75357e-10 2.49515e-09 -1.28952e-05 0.492425 5.67758e-05 -7.87768e-07 -8.43351e-11 -5.67756e-05 0.491451 -0.000188846 -3.99281e-09 -1.59732e-06 -0.000188846 0.998016 2.61351e-05 7.6075e-10 5.05702e-09 -2.61351e-05 0.998016 0.00011507 -1.5966e-06 -1.70925e-10 -0.000115069 0.996042
1.6 0.000306195 0.493334 -0.000105999 -2.24129e-09 -7.88294e-07 -0.000105999 0.492355 1.2894e-05 4.27178e-10 2.83866e-09 -1.2894e-05 0.492355 6.45926e-05 -7.87924e-07 -9.57998e-11 -6.45923e-05 0.491381 -0.000214863 -4.54315e-09 -1.59789e-06 -0.000214863 0.998016 2.61364e-05 8.659e-10 5.75403e-09 -2.61364e-05 0.998016 0.000130931 -1.59714e-06 -1.94188e-10 -0.00013093 0.996041
1.7 0.000325327 0.49326 -0.000119644 -2.52996e-09 -7.88474e-07 -0.000119644 0.492281 1.28927e-05 4.8237e-10 3.20426e-09 -1.28927e-05 0.492281 7.29121e-05 -7.88089e-07 -1.07963e-10 -7.29118e-05 0.491307 -0.000242558 -5.12905e-09 -1.59849e-06 -0.000242558 0.998016 2.61377e-05 9.77923e-10 6.49609e-09 -2.61377e-05 0.998016 0.000147817 -1.59772e-06 -2.18876e-10 -0.000147816 0.996041
1.8 0.000344457 0.493181 -0.000134111 -2.83605e-09 -7.88664e-07 -0.000134111 0.492203 1.28913e-05 5.40939e-10 3.59194e-09 -1.28913e-05 0.492203 8.17342e-05 -7.88265e-07 -1.20817e-10 -8.17339e-05 0.491229 -0.000271931 -5.75052e-09 -1.59914e-06 -0.000271931 0.998015 2.61391e-05 1.09684e-09 7.2832e-09 -2.61391e-05 0.998015 0.000165728 -1.59833e-06 -2.44974e-10 -0.000165728 0.996041
1.9 0.000363587 0.493098 -0.0001494 -3.15957e-09 -7.88865e-07 -0.000149399 0.492119 1.28899e-05 6.02889e-10 4.00168e-09 -1.28899e-05 0.492119 9.10585e-05 -7.88451e-07 -1.34353e-10 -9.10581e-05 0.491146 -0.000302981 -6.40758e-09 -1.59981e-06 -0.000302981 0.998015 2.61406e-05 1.22266e-09 8.11538e-09 -2.61406e-05 0.998015 0.000184666 -1.59897e-06 -2.72468e-10 -0.000184665 0.996041
2 0.000382716 0.493011 -0.000165508 -3.50049e-09 -7.89077e-07 -0.000165508 0.492032 1.28883e-05 6.68228e-10 4.43347e-09 -1.28884e-05 0.492032 0.000100885 -7.88647e-07 -1.48564e-10 -0.000100884 0.491059 -0.00033571 -7.10024e-09 -1.60053e-06 -0.000335709 0.998015 2.61421e-05 1.3554e-09 8.99265e-09 -2.61421e-05 0.998015 0.00020463 -1.59965e-06 -3.0134e-10 -0.000204629 0.996041
2.1 0.000401843 0.492918 -0.000182437 -3.85881e-09 -7.893e-07 -0.000182436 0.49194 1.28867e-05 7.3696e-10 4.88729e-09 -1.28867e-05 0.49194 0.000111212 -7.88852e-07 -1.63439e-10 -0.000111212 0.490967 -0.000370115 -7.82851e-09 -1.60128e-06 -0.000370115 0.998014 2.61438e-05 1.4951e-09 9.91501e-09 -2.61438e-05 0.998014 0.00022562 -1.60037e-06 -3.31574e-10 -0.000225619 0.996041
2.2 0.000420969 0.492822 -0.000200183 -4.23452e-09 -7.89533e-07 -0.000200183 0.491843 1.28851e-05 8.09093e-10 5.36313e-09 -1.28851e-05 0.491843 0.000122041 -7.89068e-07 -1.78969e-10 -0.000122041 0.490871 -0.000406198 -8.5924e-09 -1.60207e-06 -0.000406198 0.998014 2.61455e-05 1.64176e-09 1.08825e-08 -2.61455e-05 0.998014 0.000247638 -1.60112e-06 -3.63152e-10 -0.000247637 0.996041
2.3 0.000440094 0.492721 -0.000218748 -4.6276e-09 -7.89777e-07 -0.000218747 0.491742 1.28833e-05 8.84633e-10 5.86097e-09 -1.28833e-05 0.491742 0.000133371 -7.89293e-07 -1.95145e-10 -0.000133371 0.49077 -0.000443959 -9.39193e-09 -1.60289e-06 -0.000443958 0.998014 2.61473e-05 1.79541e-09 1.18951e-08 -2.61473e-05 0.998013 0.000270683 -1.60191e-06 -3.96057e-10 -0.000270682 0.996041
2.4 0.000459218 0.492615 -0.000238128 -5.03803e-09 -7.90031e-07 -0.000238128 0.491636 1.28815e-05 9.63588e-10 6.38078e-09 -1.28815e-05 0.491636 0.000145201 -7.89528e-07 -2.11956e-10 -0.000145201 0.490665 -0.000483397 -1.02271e-08 -1.60375e-06 -0.000483396 0.998013 2.61492e-05 1.95607e-09 1.29529e-08 -2.61492e-05 0.998013 0.000294756 -1.60273e-06 -4.30267e-10 -0.000294755 0.99604
2.5 0.00047834 0.492505 -0.000258324 -5.4658e-09 -7.90297e-07 -0.000258324 0.491526 1.28796e-05 1.04596e-09 6.92256e-09 -1.28796e-05 0.491526 0.000157532 -7.89773e-07 -2.2939e-10 -0.000157531 0.490555 -0.000524511 -1.1098e-08 -1.60465e-06 -0.00052451 0.998013 2.61511e-05 2.12376e-09 1.40558e-08 -2.61511e-05 0.998013 0.000319858 -1.60358e-06 -4.65762e-10 -0.000319857 0.99604
2.6 0.000497461 0.492391 -0.000279335 -5.9109e-09 -7.90572e-07 -0.000279334 0.491412 1.28776e-05 1.13177e-09 7.48629e-09 -1.28776e-05 0.491412 0.000170362 -7.90028e-07 -2.47437e-10 -0.000170361 0.490441 -0.000567303 -1.20045e-08 -1.60558e-06 -0.000567302 0.998012 2.61532e-05 2.29852e-09 1.5204e-08 -2.61532e-05 0.998012 0.000345989 -1.60447e-06 -5.02522e-10 -0.000345987 0.99604
2.7 0.00051658 0.492272 -0.000301157 -6.37331e-09 -7.90859e-07 -0.000301157 0.491293 1.28755e-05 1.22101e-09 8.07193e-09 -1.28755e-05 0.491293 0.000183691 -7.90292e-07 -2.66084e-10 -0.00018369 0.490322 -0.000611771 -1.29467e-08 -1.60655e-06 -0.00061177 0.998012 2.61553e-05 2.48036e-09 1.63973e-08 -2.61553e-05 0.998012 0.000373149 -1.6054e-06 -5.40524e-10 -0.000373147 0.99604
2.8 0.000535698 0.492148 -0.000323792 -6.85301e-09 -7.91156e-07 -0.000323792 0.49117 1.28734e-05 1.3137e-09 8.67947e-09 -1.28734e-05 0.491169 0.000197519 -7.90567e-07 -2.8532e-10 -0.000197518 0.490199 -0.000657916 -1.39247e-08 -1.60756e-06 -0.000657915 0.998011 2.61575e-05 2.66932e-09 1.76359e-08 -2.61575e-05 0.998011 0.000401339 -1.60636e-06 -5.79744e-10 -0.000401338 0.99604
2.9 0.000554814 0.49202 -0.000347237 -7.34998e-09 -7.91463e-07 -0.000347236 0.491042 1.28712e-05 1.40985e-09 9.30889e-09 -1.28712e-05 0.491042 0.000211845 -7.90851e-07 -3.05131e-10 -0.000211844 0.490072 -0.000705737 -1.49384e-08 -1.6086e-06 -0.000705736 0.998011 2.61598e-05 2.86542e-09 1.89197e-08 -2.61598e-05 0.998011 0.000430561 -1.60735e-06 -6.2016e-10 -0.000430559 0.99604
3 0.000573928 0.491888 -0.000371491 -7.86422e-09 -7.91781e-07 -0.00037149 0.49091 1.28689e-05 1.50945e-09 9.96017e-09 -1.28689e-05 0.490909 0.000226669 -7.91144e-07 -3.25504e-10 -0.000226668 0.48994 -0.000755234 -1.59878e-08 -1.60968e-06 -0.000755233 0.99801 2.61622e-05 3.06869e-09 2.02489e-08 -2.61622e-05 0.99801 0.000460813 -1.60838e-06 -6.61745e-10 -0.000460811 0.996039
3.1 0.00059304 0.491751 -0.000396552 -8.39569e-09 -7.9211e-07 -0.000396552 0.490773 1.28665e-05 1.61253e-09 1.06333e-08 -1.28665e-05 0.490773 0.00024199 -7.91447e-07 -3.46426e-10 -0.000241989 0.489804 -0.000806407 -1.7073e-08 -1.61079e-06 -0.000806406 0.99801 2.61646e-05 3.27916e-09 2.16233e-08 -2.61646e-05 0.998009 0.000492098 -1.60945e-06 -7.04475e-10 -0.000492096 0.996039
3.2 0.000612151 0.49161 -0.000422419 -8.94438e-09 -7.92448e-07 -0.000422419 0.490632 1.2864e-05 1.71909e-09 1.13282e-08 -1.2864e-05 0.490631 0.000257808 -7.9176e-07 -3.67883e-10 -0.000257807 0.489663 -0.000859257 -1.8194e-08 -1.61194e-06 -0.000859256 0.998009 2.61672e-05 3.49686e-09 2.3043e-08 -2.61672e-05 0.998009 0.000524415 -1.61054e-06 -7.48322e-10 -0.000524413 0.996039
3.3 0.00063126 0.491465 -0.000449091 -9.51027e-09 -7.92798e-07 -0.000449091 0.490486 1.28615e-05 1.82915e-09 1.20449e-08 -1.28615e-05 0.490486 0.000274122 -7.92083e-07 -3.89859e-10 -0.000274121 0.489518 -0.000913782 -1.93509e-08 -1.61313e-06 -0.00091378 0.998009 2.61698e-05 3.72183e-09 2.45082e-08 -2.61698e-05 0.998008 0.000557765 -1.61168e-06 -7.93259e-10 -0.000557763 0.996039
3.4 0.000650367 0.491315 -0.000476566 -1.00933e-08 -7.93157e-07 -0.000476566 0.490336 1.28589e-05 1.9427e-09 1.27833e-08 -1.28589e-05 0.490336 0.000290932 -7.92415e-07 -4.1234e-10 -0.000290931 0.489368 -0.000969982 -2.05435e-08 -1.61436e-06 -0.000969981 0.998008 2.61725e-05 3.95409e-09 2.60187e-08 -2.61725e-05 0.998008 0.00059215 -1.61285e-06 -8.39258e-10 -0.000592147 0.996038
3.5 0.000669472 0.49116 -0.000504843 -1.06936e-08 -7.93527e-07 -0.000504842 0.490182 1.28562e-05 2.05977e-09 1.35435e-08 -1.28562e-05 0.490181 0.000308237 -7.92757e-07 -4.3531e-10 -0.000308235 0.489214 -0.00102786 -2.17721e-08 -1.61562e-06 -0.00102786 0.998008 2.61752e-05 4.19368e-09 2.75746e-08 -2.61752e-05 0.998007 0.000627569 -1.61405e-06 -8.86289e-10 -0.000627566 0.996038
3.6 0.000688575 0.491001 -0.000533919 -1.13109e-08 -7.93907e-07 -0.000533918 0.490023 1.28535e-05 2.18036e-09 1.43254e-08 -1.28535e-05 0.490022 0.000326036 -7.93108e-07 -4.58753e-10 -0.000326035 0.489056 -0.00108741 -2.30365e-08 -1.61692e-06 -0.00108741 0.998007 2.61781e-05 4.44064e-09 2.91759e-08 -2.61781e-05 0.998006 0.000664023 -1.61529e-06 -9.34322e-10 -0.00066402 0.996038
3.7 0.000707676 0.490838 -0.000563793 -1.19454e-08 -7.94298e-07 -0.000563792 0.489859 1.28506e-05 2.30449e-09 1.5129e-08 -1.28506e-05 0.489859 0.000344329 -7.93468e-07 -4.82654e-10 -0.000344328 0.488893 -0.00114863 -2.43368e-08 -1.61825e-06 -0.00114863 0.998006 2.6181e-05 4.695e-09 3.08227e-08 -2.6181e-05 0.998006 0.000701514 -1.61656e-06 -9.83326e-10 -0.000701511 0.996038
3.8 0.000726775 0.49067 -0.000594463 -1.2597e-08 -7.94698e-07 -0.000594463 0.489692 1.28477e-05 2.43216e-09 1.59542e-08 -1.28477e-05 0.489691 0.000363116 -7.93838e-07 -5.06994e-10 -0.000363115 0.488726 -0.00121153 -2.5673e-08 -1.61962e-06 -0.00121153 0.998006 2.6184e-05 4.95681e-09 3.25151e-08 -2.6184e-05 0.998005 0.000740041 -1.61787e-06 -1.03327e-09 -0.000740038 0.996037
3.9 0.000745871 0.490498 -0.000625928 -1.32656e-08 -7.95109e-07 -0.000625928 0.489519 1.28447e-05 2.56339e-09 1.6801e-08 -1.28447e-05 0.489519 0.000382395 -7.94218e-07 -5.31758e-10 -0.000382394 0.488554 -0.00127611 -2.70452e-08 -1.62102e-06 -0.00127611 0.998005 2.61871e-05 5.22609e-09 3.42529e-08 -2.61871e-05 0.998004 0.000779606 -1.61921e-06 -1.08412e-09 -0.000779603 0.996037
4 0.000764965 0.490321 -0.000658186 -1.39513e-08 -7.9553e-07 -0.000658185 0.489343 1.28417e-05 2.69818e-09 1.76694e-08 -1.28417e-05 0.489342 0.000402167 -7.94607e-07 -5.56926e-10 -0.000402165 0.488378 -0.00134236 -2.84534e-08 -1.62247e-06 -0.00134235 0.998004 2.61903e-05 5.50289e-09 3.60363e-08 -2.61903e-05 0.998003 0.00082021 -1.62058e-06 -1.13584e-09 -0.000820207 0.996037
4.1 0.000784057 0.49014 -0.000691235 -1.4654e-08 -7.95961e-07 -0.000691234 0.489162 1.28385e-05 2.83656e-09 1.85593e-08 -1.28385e-05 0.489161 0.000422429 -7.95005e-07 -5.82481e-10 -0.000422428 0.488198 -0.00141028 -2.98976e-08 -1.62395e-06 -0.00141028 0.998004 2.61936e-05 5.78724e-09 3.78653e-08 -2.61936e-05 0.998002 0.000861853 -1.62199e-06 -1.1884e-09 -0.00086185 0.996036
4.2 0.000803147 0.489955 -0.000725072 -1.53737e-08 -7.96402e-07 -0.000725071 0.488977 1.28353e-05 2.97853e-09 1.94708e-08 -1.28353e-05 0.488976 0.000443182 -7.95412e-07 -6.08405e-10 -0.000443181 0.488013 -0.00147988 -3.13778e-08 -1.62546e-06 -0.00147987 0.998003 2.61969e-05 6.0792e-09 3.974e-08 -2.61969e-05 0.998002 0.000904537 -1.62344e-06 -1.24176e-09 -0.000904533 0.996036
4.3 0.000822234 0.489765 -0.000759697 -1.61104e-08 -7.96853e-07 -0.000759696 0.488787 1.2832e-05 3.12411e-09 2.04038e-08 -1.2832e-05 0.488786 0.000464426 -7.95829e-07 -6.34678e-10 -0.000464424 0.487824 -0.00155114 -3.28941e-08 -1.62701e-06 -0.00155114 0.998002 2.62004e-05 6.3788e-09 4.16603e-08 -2.62004e-05 0.998001 0.000948261 -1.62492e-06 -1.29588e-09 -0.000948258 0.996035
4.4 0.000841318 0.489571 -0.000795106 -1.6864e-08 -7.97314e-07 -0.000795105 0.488593 1.28287e-05 3.27331e-09 2.13582e-08 -1.28287e-05 0.488592 0.000486158 -7.96255e-07 -6.61281e-10 -0.000486156 0.48763 -0.00162409 -3.44464e-08 -1.6286e-06 -0.00162409 0.998002 2.62039e-05 6.68608e-09 4.36263e-08 -2.62039e-05 0.998 0.000993028 -1.62643e-06 -1.35073e-09 -0.000993024 0.996035
4.5 0.0008604 0.489373 -0.000831299 -1.76345e-08 -7.97785e-07 -0.000831298 0.488394 1.28252e-05 3.42614e-09 2.2334e-08 -1.28252e-05 0.488393 0.000508379 -7.9669e-07 -6.88193e-10 -0.000508377 0.487432 -0.0016987 -3.60349e-08 -1.63022e-06 -0.0016987 0.998001 2.62075e-05 7.00109e-09 4.5638e-08 -2.62075e-05 0.997999 0.00103884 -1.62798e-06 -1.40628e-09 -0.00103883 0.996035
4.6 0.00087948 0.48917 -0.000868272 -1.84219e-08 -7.98266e-07 -0.000868271 0.488192 1.28217e-05 3.58262e-09 2.33312e-08 -1.28217e-05 0.48819 0.000531087 -7.97134e-07 -7.15395e-10 -0.000531085 0.48723 -0.00177499 -3.76596e-08 -1.63188e-06 -0.00177499 0.998 2.62112e-05 7.32388e-09 4.76955e-08 -2.62112e-05 0.997998 0.00108569 -1.62956e-06 -1.46247e-09 -0.00108569 0.996034
4.7 0.000898556 0.488963 -0.000906024 -1.92262e-08 -7.98757e-07 -0.000906022 0.487984 1.28181e-05 3.74276e-09 2.43497e-08 -1.28181e-05 0.487983 0.000554282 -7.97587e-07 -7.42866e-10 -0.00055428 0.487023 -0.00185295 -3.93204e-08 -1.63357e-06 -0.00185295 0.997999 2.62149e-05 7.65449e-09 4.97988e-08 -2.62149e-05 0.997997 0.00113359 -1.63118e-06 -1.51927e-09 -0.00113358 0.996034
4.8 0.00091763 0.488751 -0.000944552 -2.00473e-08 -7.99257e-07 -0.000944551 0.487773 1.28144e-05 3.90657e-09 2.53896e-08 -1.28144e-05 0.487771 0.000577964 -7.98049e-07 -7.70584e-10 -0.000577962 0.486812 -0.00193258 -4.10174e-08 -1.63531e-06 -0.00193258 0.997998 2.62188e-05 7.99298e-09 5.19479e-08 -2.62188e-05 0.997996 0.00118253 -1.63283e-06 -1.57664e-09 -0.00118253 0.996033
4.9 0.000936701 0.488535 -0.000983854 -2.08852e-08 -7.99767e-07 -0.000983853 0.487557 1.28107e-05 4.07408e-09 2.64507e-08 -1.28107e-05 0.487555 0.000602131 -7.9852e-07 -7.98527e-10 -0.000602129 0.486597 -0.00201389 -4.27506e-08 -1.63707e-06 -0.00201388 0.997998 2.62227e-05 8.33938e-09 5.4143e-08 -2.62227e-05 0.997995 0.00123252 -1.63452e-06 -1.63453e-09 -0.00123252 0.996033
5 0.00095577 0.488315 -0.00102393 -2.17398e-08 -8.00287e-07 -0.00102393 0.487336 1.28069e-05 4.24528e-09 2.75331e-08 -1.28069e-05 0.487335 0.000626782 -7.99e-07 -8.26675e-10 -0.00062678 0.486377 -0.00209686 -4.45202e-08 -1.63888e-06 -0.00209686 0.997997 2.62267e-05 8.69375e-09 5.63839e-08 -2.62267e-05 0.997994 0.00128356 -1.63624e-06 -1.69291e-09 -0.00128356 0.996032
5.1 0.000974835 0.48809 -0.00106477 -2.26113e-08 -8.00816e-07 -0.00106477 0.487112 1.2803e-05 4.42021e-09 2.86367e-08 -1.2803e-05 0.48711 0.000651917 -7.99489e-07 -8.55003e-10 -0.000651915 0.486153 -0.00218151 -4.6326e-08 -1.64071e-06 -0.00218151 0.997996 2.62308e-05 9.05614e-09 5.86709e-08 -2.62308e-05 0.997993 0.00133565 -1.638e-06 -1.75173e-09 -0.00133564 0.996032
5.2 0.000993897 0.487861 -0.00110638 -2.34994e-08 -8.01355e-07 -0.00110638 0.486883 1.2799e-05 4.59887e-09 2.97614e-08 -1.2799e-05 0.486881 0.000677535 -7.99987e-07 -8.8349e-10 -0.000677533 0.485925 -0.00226783 -4.81682e-08 -1.64259e-06 -0.00226782 0.997995 2.6235e-05 9.4266e-09 6.10038e-08 -2.6235e-05 0.997991 0.00138879 -1.63978e-06 -1.81095e-09 -0.00138878 0.996031
5.3 0.00101296 0.487628 -0.00114876 -2.44042e-08 -8.01904e-07 -0.00114876 0.48665 1.2795e-05 4.78128e-09 3.09072e-08 -1.2795e-05 0.486648 0.000703635 -8.00494e-07 -9.12111e-10 -0.000703633 0.485692 -0.00235581 -5.00467e-08 -1.6445e-06 -0.00235581 0.997994 2.62392e-05 9.80518e-09 6.33828e-08 -2.62392e-05 0.99799 0.00144298 -1.64161e-06 -1.87051e-09 -0.00144297 0.996031
5.4 0.00103201 0.48739 -0.0011919 -2.53256e-08 -8.02462e-07 -0.0011919 0.486412 1.27909e-05 4.96745e-09 3.20741e-08 -1.27909e-05 0.48641 0.000730216 -8.01009e-07 -9.40844e-10 -0.000730213 0.485455 -0.00244547 -5.19617e-08 -1.64645e-06 -0.00244547 0.997993 2.62436e-05 1.01919e-08 6.58079e-08 -2.62436e-05 0.997989 0.00149822 -1.64347e-06 -1.93037e-09 -0.00149821 0.99603
5.5 0.00105107 0.487148 -0.0012358 -2.62637e-08 -8.03029e-07 -0.00123579 0.48617 1.27867e-05 5.15741e-09 3.3262e-08 -1.27867e-05 0.486168 0.000757277 -8.01533e-07 -9.69663e-10 -0.000757274 0.485214 -0.0025368 -5.39131e-08 -1.64843e-06 -0.00253679 0.997992 2.6248e-05 1.05869e-08 6.82791e-08 -2.6248e-05 0.997988 0.00155451 -1.64536e-06 -1.99049e-09 -0.00155451 0.996029
5.6 0.00107012 0.486902 -0.00128045 -2.72183e-08 -8.03606e-07 -0.00128045 0.485924 1.27824e-05 5.35117e-09 3.44709e-08 -1.27824e-05 0.485921 0.000784818 -8.02066e-07 -9.98544e-10 -0.000784815 0.484968 -0.00262979 -5.5901e-08 -1.65045e-06 -0.00262979 0.997991 2.62525e-05 1.09902e-08 7.07965e-08 -2.62525e-05 0.997987 0.00161186 -1.64728e-06 -2.05081e-09 -0.00161185 0.996029
5.7 0.00108916 0.486651 -0.00132586 -2.81894e-08 -8.04192e-07 -0.00132586 0.485673 1.27781e-05 5.54874e-09 3.57008e-08 -1.27781e-05 0.485671 0.000812837 -8.02607e-07 -1.02746e-09 -0.000812833 0.484718 -0.00272446 -5.79254e-08 -1.6525e-06 -0.00272446 0.99799 2.62571e-05 1.14019e-08 7.33601e-08 -2.62571e-05 0.997985 0.00167027 -1.64925e-06 -2.11129e-09 -0.00167026 0.996028
5.8 0.00110821 0.486396 -0.00137202 -2.91771e-08 -8.04787e-07 -0.00137202 0.485418 1.27736e-05 5.75014e-09 3.69516e-08 -1.27736e-05 0.485416 0.000841333 -8.03157e-07 -1.05639e-09 -0.000841329 0.484464 -0.0028208 -5.99863e-08 -1.65459e-06 -0.00282079 0.997989 2.62618e-05 1.18219e-08 7.597e-08 -2.62618e-05 0.997984 0.00172973 -1.65124e-06 -2.17188e-09 -0.00172972 0.996027
5.9 0.00112725 0.486137 -0.00141894 -3.01813e-08 -8.05391e-07 -0.00141893 0.485159 1.27692e-05 5.95539e-09 3.82232e-08 -1.27692e-05 0.485156 0.000870305 -8.03715e-07 -1.08531e-09 -0.000870302 0.484206 -0.0029188 -6.20839e-08 -1.65672e-06 -0.00291879 0.997988 2.62666e-05 1.22504e-08 7.86263e-08 -2.62666e-05 0.997982 0.00179025 -1.65327e-06 -2.23251e-09 -0.00179024 0.996027
6 0.00172656 0.485874 -0.00146659 -3.12019e-08 -8.06005e-07 -0.00146659 0.484896 1.27646e-05 6.16451e-09 3.95156e-08 -1.27646e-05 0.484893 0.000899753 -8.04282e-07 -1.11418e-09 -0.00089975 0.483943 -0.00301847 -6.42181e-08 -1.65888e-06 -0.00301846 0.997987 2.62714e-05 1.26875e-08 8.13289e-08 -2.62714e-05 0.997981 0.00185182 -1.65533e-06 -2.29315e-09 -0.00185182 0.996026
6.2 0.00236869 0.485334 -0.00156414 -3.32922e-08 -8.07259e-07 -0.00156414 0.484356 1.27552e-05 6.59441e-09 4.21626e-08 -1.27553e-05 0.484353 0.000960071 -8.0544e-07 -1.1717e-09 -0.000960067 0.483405 -0.00322281 -6.85965e-08 -1.66331e-06 -0.00322281 0.997985 2.62814e-05 1.35874e-08 8.68734e-08 -2.62814e-05 0.997978 0.00197817 -1.65956e-06 -2.41422e-09 -0.00197816 0.996024
6.4 0.00244479 0.484777 -0.00166464 -3.54479e-08 -8.08548e-07 -0.00166464 0.4838 1.27456e-05 7.03999e-09 4.48924e-08 -1.27456e-05 0.483796 0.00102228 -8.06632e-07 -1.22874e-09 -0.00102227 0.482849 -0.00343382 -7.3122e-08 -1.66788e-06 -0.00343382 0.997983 2.62917e-05 1.45221e-08 9.26041e-08 -2.62917e-05 0.997975 0.00210876 -1.66392e-06 -2.53464e-09 -0.00210875 0.996023
6.6 0.00252085 0.484204 -0.00176807 -3.76686e-08 -8.09873e-07 -0.00176807 0.483226 1.27357e-05 7.5014e-09 4.77044e-08 -1.27357e-05 0.483221 0.00108637 -8.07856e-07 -1.28506e-09 -0.00108636 0.482277 -0.0036515 -7.77949e-08 -1.67259e-06 -0.00365149 0.997981 2.63023e-05 1.54922e-08 9.85213e-08 -2.63023e-05 0.997971 0.00224362 -1.66842e-06 -2.65396e-09 -0.00224361 0.996021
6.8 0.00259689 0.483613 -0.0018744 -3.99539e-08 -8.11233e-07 -0.0018744 0.482635 1.27255e-05 7.97879e-09 5.05982e-08 -1.27255e-05 0.48263 0.00115233 -8.09112e-07 -1.34043e-09 -0.00115232 0.481688 -0.00387583 -8.26155e-08 -1.67744e-06 -0.00387583 0.997979 2.63133e-05 1.64983e-08 1.04625e-07 -2.63133e-05 0.997968 0.00238275 -1.67306e-06 -2.7717e-09 -0.00238274 0.996019
7 0.00267289 0.483006 -0.00198362 -4.23037e-08 -8.12627e-07 -0.00198362 0.482028 1.27149e-05 8.47232e-09 5.35735e-08 -1.2715e-05 0.482022 0.00122015 -8.104e-07 -1.39462e-09 -0.00122015 0.481082 -0.00410682 -8.75842e-08 -1.68244e-06 -0.00410682 0.997976 2.63246e-05 1.75408e-08 1.10917e-07 -2.63247e-05 0.997964 0.00252617 -1.67783e-06 -2.88739e-09 -0.00252616 0.996017
7.2 0.00274886 0.482381 -0.00209569 -4.47174e-08 -8.14054e-07 -0.00209569 0.481404 1.27041e-05 8.98215e-09 5.66298e-08 -1.27042e-05 0.481398 0.00128983 -8.11718e-07 -1.44739e-09 -0.00128983 0.480459 -0.00434447 -9.27014e-08 -1.68757e-06 -0.00434446 0.997974 2.63363e-05 1.86204e-08 1.17396e-07 -2.63364e-05 0.99796 0.00267388 -1.68273e-06 -3.00051e-09 -0.00267387 0.996015
7.4 0.0028248 0.481741 -0.00221059 -4.71949e-08 -8.15514e-07 -0.00221059 0.480763 1.26931e-05 9.50843e-09 5.97667e-08 -1.26931e-05 0.480756 0.00136136 -8.13068e-07 -1.49848e-09 -0.00136135 0.47982 -0.00458876 -9.79674e-08 -1.69285e-06 -0.00458875 0.997971 2.63483e-05 1.97377e-08 1.24064e-07 -2.63484e-05 0.997956 0.00282591 -1.68777e-06 -3.11055e-09 -0.0028259 0.996013
7.6 0.00290071 0.481083 -0.0023283 -4.97357e-08 -8.17007e-07 -0.00232829 0.480106 1.26817e-05 1.00513e-08 6.29837e-08 -1.26817e-05 0.480098 0.00143471 -8.14447e-07 -1.54763e-09 -0.00143471 0.479164 -0.0048397 -1.03383e-07 -1.69827e-06 -0.00483969 0.997969 2.63607e-05 2.08932e-08 1.30921e-07 -2.63608e-05 0.997952 0.00298226 -1.69294e-06 -3.21697e-09 -0.00298225 0.99601
7.8 0.00297657 0.480409 -0.00244878 -5.23395e-08 -8.18531e-07 -0.00244878 0.479432 1.26701e-05 1.06111e-08 6.62804e-08 -1.26701e-05 0.479423 0.0015099 -8.15855e-07 -1.59459e-09 -0.00150989 0.478491 -0.00509728 -1.08948e-07 -1.70382e-06 -0.00509727 0.997966 2.63735e-05 2.20876e-08 1.37967e-07 -2.63735e-05 0.997948 0.00314294 -1.69825e-06 -3.31923e-09 -0.00314293 0.996007
8 0.00305241 0.479718 -0.00257201 -5.50059e-08 -8.20087e-07 -0.00257201 0.478741 1.26581e-05 1.11877e-08 6.96563e-08 -1.26582e-05 0.478732 0.0015869 -8.17293e-07 -1.63908e-09 -0.00158689 0.477802 -0.0053615 -1.14663e-07 -1.70952e-06 -0.00536149 0.997963 2.63866e-05 2.33215e-08 1.45202e-07 -2.63866e-05 0.997943 0.00330798 -1.70369e-06 -3.41676e-09 -0.00330796 0.996005
8.2 0.0031282 0.479012 -0.00269796 -5.77345e-08 -8.21673e-07 -0.00269795 0.478034 1.26459e-05 1.17816e-08 7.31108e-08 -1.26459e-05 0.478024 0.0016657 -8.18758e-07 -1.68084e-09 -0.0016657 0.477096 -0.00563235 -1.20528e-07 -1.71535e-06 -0.00563234 0.99796 2.64e-05 2.45956e-08 1.52629e-07 -2.64001e-05 0.997938 0.00347737 -1.70927e-06 -3.50898e-09 -0.00347736 0.996002
8.4 0.00320396 0.478288 -0.0028266 -6.0525e-08 -8.23289e-07 -0.0028266 0.477311 1.26334e-05 1.23927e-08 7.66436e-08 -1.26335e-05 0.4773 0.0017463 -8.20252e-07 -1.71958e-09 -0.00174629 0.476374 -0.00590982 -1.26545e-07 -1.72132e-06 -0.00590982 0.997957 2.64138e-05 2.59106e-08 1.60246e-07 -2.64139e-05 0.997933 0.00365114 -1.71497e-06 -3.59528e-09 -0.00365113 0.995998
8.6 0.00327968 0.477549 -0.0029579 -6.3377e-08 -8.24935e-07 -0.0029579 0.476572 1.26206e-05 1.30214e-08 8.02541e-08 -1.26207e-05 0.476559 0.00182868 -8.21772e-07 -1.75501e-09 -0.00182867 0.475636 -0.00619392 -1.32713e-07 -1.72744e-06 -0.00619392 0.997954 2.6428e-05 2.72672e-08 1.68054e-07 -2.64281e-05 0.997927 0.00382931 -1.72081e-06 -3.67504e-09 -0.00382929 0.995995
8.8 0.00335535 0.476793 -0.00309183 -6.62901e-08 -8.26609e-07 -0.00309183 0.475816 1.26076e-05 1.36678e-08 8.39417e-08 -1.26077e-05 0.475802 0.00191283 -8.23319e-07 -1.78685e-09 -0.00191283 0.474882 -0.00648464 -1.39033e-07 -1.73368e-06 -0.00648464 0.997951 2.64425e-05 2.86661e-08 1.76055e-07 -2.64426e-05 0.997922 0.00401187 -1.72678e-06 -3.74764e-09 -0.00401186 0.995992
9 0.00343099 0.476021 -0.00322837 -6.92638e-08 -8.2831e-07 -0.00322836 0.475045 1.25943e-05 1.43321e-08 8.77061e-08 -1.25944e-05 0.475029 0.00199875 -8.24892e-07 -1.81479e-09 -0.00199874 0.474112 -0.00678198 -1.45506e-07 -1.74007e-06 -0.00678197 0.997948 2.64574e-05 3.01081e-08 1.84248e-07 -2.64575e-05 0.997916 0.00419886 -1.73289e-06 -3.81242e-09 -0.00419884 0.995988
9.2 0.00350659 0.475234 -0.00336747 -7.22978e-08 -8.30039e-07 -0.00336746 0.474257 1.25807e-05 1.50144e-08 9.15465e-08 -1.25808e-05 0.47424 0.00208641 -8.26489e-07 -1.83854e-09 -0.0020864 0.473325 -0.00708592 -1.52131e-07 -1.74659e-06 -0.00708591 0.997945 2.64727e-05 3.15938e-08 1.92635e-07 -2.64728e-05 0.99791 0.00439028 -1.73912e-06 -3.86871e-09 -0.00439027 0.995984
9.4 0.00358214 0.47443 -0.00350911 -7.53917e-08 -8.31795e-07 -0.0035091 0.473454 1.25668e-05 1.57151e-08 9.54626e-08 -1.25669e-05 0.473435 0.00217581 -8.28112e-07 -1.85779e-09 -0.0021758 0.472523 -0.00739647 -1.5891e-07 -1.75325e-06 -0.00739646 0.997942 2.64883e-05 3.31241e-08 2.01215e-07 -2.64884e-05 0.997903 0.00458616 -1.74549e-06 -3.91583e-09 -0.00458614 0.99598
9.6 0.00365765 0.473611 -0.00365325 -7.85449e-08 -8.33576e-07 -0.00365325 0.472634 1.25527e-05 1.64342e-08 9.94536e-08 -1.25528e-05 0.472615 0.00226694 -8.29758e-07 -1.87222e-09 -0.00226693 0.471705 -0.00771361 -1.65843e-07 -1.76004e-06 -0.0077136 0.997938 2.65043e-05 3.46998e-08 2.0999e-07 -2.65045e-05 0.997896 0.0047865 -1.75198e-06 -3.95307e-09 -0.00478648 0.995975
9.8 0.00373311 0.472776 -0.00379986 -8.17571e-08 -8.35383e-07 -0.00379986 0.471799 1.25383e-05 1.7172e-08 1.03519e-07 -1.25384e-05 0.471778 0.00235977 -8.31427e-07 -1.88151e-09 -0.00235977 0.470871 -0.00803735 -1.7293e-07 -1.76697e-06 -0.00803734 0.997935 2.65207e-05 3.63217e-08 2.1896e-07 -2.65209e-05 0.997889 0.00499132 -1.75861e-06 -3.97971e-09 -0.0049913 0.995971
10 0.00380853 0.471925 -0.00394891 -8.50279e-08 -8.37213e-07 -0.00394891 0.470949 1.25237e-05 1.79287e-08 1.07658e-07 -1.25238e-05 0.470926 0.00245431 -8.33119e-07 -1.88535e-09 -0.0024543 0.470021 -0.00836767 -1.80172e-07 -1.77404e-06 -0.00836766 0.997931 2.65374e-05 3.79906e-08 2.28126e-07 -2.65376e-05 0.997882 0.00520064 -1.76536e-06 -3.99501e-09 -0.00520062 0.995966
10.2 0.0038839 0.471059 -0.00410037 -8.83568e-08 -8.39067e-07 -0.00410036 0.470083 1.25088e-05 1.87045e-08 1.11871e-07 -1.25089e-05 0.470058 0.00255054 -8.34833e-07 -1.8834e-09 -0.00255053 0.469156 -0.00870458 -1.87571e-07 -1.78124e-06 -0.00870456 0.997928 2.65546e-05 3.97074e-08 2.37489e-07 -2.65548e-05 0.997874 0.00541448 -1.77225e-06 -3.99822e-09 -0.00541446 0.995961
10.4 0.00395923 0.470177 -0.00425419 -9.17432e-08 -8.40944e-07 -0.00425418 0.469201 1.24936e-05 1.94996e-08 1.16156e-07 -1.24937e-05 0.469174 0.00264844 -8.36568e-07 -1.87533e-09 -0.00264843 0.468275 -0.00904806 -1.95125e-07 -1.78857e-06 -0.00904804 0.997924 2.65721e-05 4.14729e-08 2.47048e-07 -2.65723e-05 0.997866 0.00563286 -1.77926e-06 -3.98856e-09 -0.00563284 0.995955
10.6 0.0040345 0.46928 -0.00441034 -9.51869e-08 -8.42843e-07 -0.00441034 0.468304 1.24781e-05 2.03142e-08 1.20514e-07 -1.24783e-05 0.468275 0.002748 -8.38323e-07 -1.8608e-09 -0.00274799 0.467379 -0.0093981 -2.02836e-07 -1.79603e-06 -0.00939809 0.99792 2.659e-05 4.3288e-08 2.56806e-07 -2.65902e-05 0.997858 0.00585579 -1.7864e-06 -3.96523e-09 -0.00585576 0.995949
10.8 0.00410973 0.468368 -0.0045688 -9.86872e-08 -8.44763e-07 -0.00456879 0.467392 1.24625e-05 2.11485e-08 1.24943e-07 -1.24626e-05 0.467361 0.00284922 -8.40098e-07 -1.83948e-09 -0.0028492 0.466468 -0.00975471 -2.10704e-07 -1.80363e-06 -0.0097547 0.997916 2.66082e-05 4.51537e-08 2.66762e-07 -2.66085e-05 0.997849 0.00608328 -1.79367e-06 -3.92742e-09 -0.00608326 0.995943
11 0.00418491 0.467441 -0.00472951 -1.02244e-07 -8.46704e-07 -0.0047295 0.466465 1.24465e-05 2.20028e-08 1.29442e-07 -1.24466e-05 0.466431 0.00295206 -8.41892e-07 -1.811e-09 -0.00295205 0.465542 -0.0101179 -2.18731e-07 -1.81136e-06 -0.0101179 0.997913 2.66269e-05 4.70708e-08 2.76917e-07 -2.66272e-05 0.99784 0.00631537 -1.80107e-06 -3.8743e-09 -0.00631535 0.995937
11.2 0.00426003 0.466498 -0.00489245 -1.05856e-07 -8.48664e-07 -0.00489244 0.465523 1.24303e-05 2.28772e-08 1.34012e-07 -1.24305e-05 0.465487 0.00305653 -8.43704e-07 -1.77503e-09 -0.00305652 0.4646 -0.0104876 -2.26916e-07 -1.81922e-06 -0.0104876 0.997909 2.6646e-05 4.90403e-08 2.87273e-07 -2.66463e-05 0.997831 0.00655207 -1.80859e-06 -3.80501e-09 -0.00655204 0.99593
11.4 0.00433511 0.465541 -0.00505757 -1.09524e-07 -8.50643e-07 -0.00505756 0.464566 1.24139e-05 2.3772e-08 1.38652e-07 -1.2414e-05 0.464527 0.0031626 -8.45533e-07 -1.7312e-09 -0.00316259 0.463643 -0.0108639 -2.35261e-07 -1.82721e-06 -0.0108638 0.997905 2.66654e-05 5.10633e-08 2.97829e-07 -2.66658e-05 0.997821 0.00679339 -1.81624e-06 -3.71869e-09 -0.00679336 0.995923
11.6 0.00441013 0.464569 -0.00522484 -1.13246e-07 -8.52639e-07 -0.00522484 0.463594 1.23972e-05 2.46875e-08 1.4336e-07 -1.23973e-05 0.463552 0.00327027 -8.47379e-07 -1.67916e-09 -0.00327026 0.462672 -0.0112466 -2.43765e-07 -1.83533e-06 -0.0112466 0.9979 2.66853e-05 5.31406e-08 3.08588e-07 -2.66856e-05 0.997811 0.00703936 -1.82401e-06 -3.61445e-09 -0.00703933 0.995916
11.8 0.0044851 0.463582 -0.00539423 -1.17022e-07 -8.54653e-07 -0.00539422 0.462607 1.23802e-05 2.56237e-08 1.48137e-07 -1.23804e-05 0.462563 0.00337951 -8.49241e-07 -1.61854e-09 -0.0033795 0.461686 -0.011636 -2.52431e-07 -1.84358e-06 -0.0116359 0.997896 2.67055e-05 5.52732e-08 3.19548e-07 -2.67059e-05 0.9978 0.00729 -1.83191e-06 -3.49137e-09 -0.00728997 0.995909
12 0.0139046 0.462581 -0.00556568 -1.20853e-07 -8.56683e-07 -0.00556568 0.461606 1.2363e-05 2.6581e-08 1.52981e-07 -1.23632e-05 0.461558 0.00349032 -8.51117e-07 -1.54897e-09 -0.00349031 0.460685 -0.0120318 -2.61257e-07 -1.85196e-06 -0.0120318 0.997892 2.67262e-05 5.74623e-08 3.30712e-07 -2.67266e-05 0.997789 0.00754532 -1.83993e-06 -3.34853e-09 -0.00754529 0.995901
13 0.0246683 0.457359 -0.00645266 -1.40792e-07 -8.67046e-07 -0.00645266 0.456384 1.22735e-05 3.1691e-08 1.78191e-07 -1.22738e-05 0.45632 0.00406729 -8.60698e-07 -1.05373e-09 -0.00406728 0.455463 -0.0141085 -3.07837e-07 -1.89577e-06 -0.0141085 0.997869 2.68356e-05 6.92914e-08 3.8961e-07 -2.68362e-05 0.997727 0.008893 -1.88189e-06 -2.30393e-09 -0.00889296 0.995855
14 0.0265294 0.451789 -0.00738541 -1.61996e-07 -8.7768e-07 -0.0073854 0.450815 1.21782e-05 3.73616e-08 2.04986e-07 -1.21786e-05 0.450729 0.00468105 -8.70531e-07 -2.77393e-10 -0.00468103 0.449891 -0.016347 -3.58565e-07 -1.94267e-06 -0.016347 0.997844 2.69555e-05 8.2697e-08 4.53719e-07 -2.69563e-05 0.997653 0.0103611 -1.92685e-06 -6.13987e-10 -0.0103611 0.995799
15 0.0283823 0.445887 -0.00835863 -1.84395e-07 -8.88467e-07 -0.00835862 0.444913 1.20775e-05 4.36218e-08 2.33271e-07 -1.20779e-05 0.444801 0.00532955 -8.80507e-07 8.29903e-10 -0.00532953 0.443983 -0.0187461 -4.13547e-07 -1.99258e-06 -0.018746 0.997817 2.70864e-05 9.78315e-08 5.23161e-07 -2.70875e-05 0.997565 0.0119527 -1.97473e-06 1.86124e-09 -0.0119526 0.99573
16 0.0302266 0.439668 -0.00936684 -2.07917e-07 -8.99287e-07 -0.00936683 0.438695 1.19716e-05 5.05008e-08 2.62949e-07 -1.19722e-05 0.438551 0.00601064 -8.90513e-07 2.31963e-09 -0.00601062 0.437754 -0.0213044 -4.72896e-07 -2.04538e-06 -0.0213043 0.997787 2.72288e-05 1.14861e-07 5.98064e-07 -2.72301e-05 0.997461 0.0136709 -2.02542e-06 5.27588e-09 -0.0136708 0.995647
17 0.0320617 0.433148 -0.0104044 -2.32489e-07 -9.10014e-07 -0.0104044 0.432175 1.18609e-05 5.80276e-08 2.9392e-07 -1.18616e-05 0.431995 0.00672209 -9.00433e-07 4.24445e-09 -0.00672206 0.43122 -0.0240204 -5.36742e-07 -2.10093e-06 -0.0240204 0.997755 2.7383e-05 1.33967e-07 6.78568e-07 -2.73847e-05 0.997338 0.0155191 -2.07881e-06 9.79908e-09 -0.0155191 0.995548
18 0.0338871 0.426345 -0.0114655 -2.58033e-07 -9.20518e-07 -0.0114655 0.425373 1.17457e-05 6.62305e-08 3.26079e-07 -1.17466e-05 0.425149 0.00746154 -9.10146e-07 6.65775e-09 -0.00746151 0.424397 -0.0268925 -6.05221e-07 -2.15909e-06 -0.0268924 0.99772 2.75497e-05 1.55345e-07 7.64825e-07 -2.75519e-05 0.997196 0.0175012 -2.13476e-06 1.56159e-08 -0.0175011 0.995431
19 0.0357021 0.419276 -0.0125442 -2.84473e-07 -9.30668e-07 -0.0125442 0.418305 1.16263e-05 7.51369e-08 3.59318e-07 -1.16275e-05 0.418031 0.00822658 -9.19531e-07 9.61325e-09 -0.00822654 0.417303 -0.0299187 -6.78486e-07 -2.2197e-06 -0.0299187 0.997683 2.77295e-05 1.79206e-07 8.56997e-07 -2.77322e-05 0.997031 0.0196209 -2.19314e-06 2.29282e-08 -0.0196208 0.995293
20 0.0375062 0.41196 -0.0136347 -3.11731e-07 -9.40333e-07 -0.0136346 0.410989 1.15032e-05 8.47728e-08 3.93528e-07 -1.15045e-05 0.410659 0.00901471 -9.28462e-07 1.31645e-08 -0.00901468 0.409955 -0.033097 -7.56701e-07 -2.28258e-06 -0.033097 0.997643 2.7923e-05 2.05779e-07 9.55257e-07 -2.79263e-05 0.996841 0.0218825 -2.25377e-06 3.19557e-08 -0.0218824 0.995133
21 0.0392989 0.404415 -0.0147308 -3.39727e-07 -9.49378e-07 -0.0147308 0.403445 1.13765e-05 9.51623e-08 4.28596e-07 -1.13782e-05 0.403049 0.00982339 -9.36817e-07 1.73644e-08 -0.00982336 0.402371 -0.036425 -8.40046e-07 -2.34753e-06 -0.0364249 0.9976 2.81308e-05 2.35309e-07 1.05979e-06 -2.81349e-05 0.996623 0.0242904 -2.31647e-06 4.29371e-08 -0.0242903 0.994947
22 0.0410797 0.39666 -0.0158267 -3.68384e-07 -9.57672e-07 -0.0158267 0.395689 1.12468e-05 1.06328e-07 4.64408e-07 -1.12488e-05 0.395222 0.01065 -9.4447e-07 2.22648e-08 -0.01065 0.39457 -0.0399 -9.28716e-07 -2.41434e-06 -0.0398999 0.997554 2.83538e-05 2.68058e-07 1.1708e-06 -2.83587e-05 0.996374 0.0268492 -2.38106e-06 5.61308e-08 -0.0268491 0.994733
23 0.0428479 0.388713 -0.0169165 -3.97622e-07 -9.65082e-07 -0.0169164 0.387743 1.11143e-05 1.18289e-07 5.00852e-07 -1.11166e-05 0.387194 0.0114919 -9.51297e-07 2.79161e-08 -0.0114919 0.38657 -0.0435192 -1.02292e-06 -2.48276e-06 -0.0435191 0.997505 2.85925e-05 3.0431e-07 1.28849e-06 -2.85985e-05 0.996093 0.029564 -2.4473e-06 7.18167e-08 -0.0295639 0.994489
24 0.0446031 0.380594 -0.0179942 -4.27364e-07 -9.71478e-07 -0.0179942 0.379624 1.09794e-05 1.31063e-07 5.37812e-07 -1.09821e-05 0.378986 0.0123464 -9.57175e-07 3.43663e-08 -0.0123464 0.37839 -0.0472792 -1.12289e-06 -2.55253e-06 -0.0472792 0.997452 2.8848e-05 3.44366e-07 1.41309e-06 -2.88552e-05 0.995774 0.0324399 -2.51495e-06 9.02966e-08 -0.0324398 0.99421
25 0.0463447 0.372322 -0.0190542 -4.57533e-07 -9.76732e-07 -0.0190541 0.371352 1.08424e-05 1.44665e-07 5.75174e-07 -1.08456e-05 0.370615 0.0132109 -9.61983e-07 4.16614e-08 -0.0132108 0.370049 -0.0511766 -1.22886e-06 -2.62336e-06 -0.0511765 0.997396 2.9121e-05 3.88547e-07 1.54483e-06 -2.91295e-05 0.995416 0.0354824 -2.58374e-06 1.11896e-07 -0.0354822 0.993895
26 0.0480722 0.363916 -0.0200908 -4.88054e-07 -9.80721e-07 -0.0200908 0.362947 1.07037e-05 1.59104e-07 6.12824e-07 -1.07073e-05 0.362102 0.0140825 -9.65605e-07 4.9844e-08 -0.0140824 0.361565 -0.0552073 -1.34112e-06 -2.69491e-06 -0.0552072 0.997337 2.94125e-05 4.37199e-07 1.68397e-06 -2.94226e-05 0.995014 0.038697 -2.65337e-06 1.36966e-07 -0.0386969 0.99354
27 0.049785 0.355395 -0.0210987 -5.18853e-07 -9.83325e-07 -0.0210987 0.354426 1.05635e-05 1.74388e-07 6.50648e-07 -1.05678e-05 0.353464 0.0149585 -9.67924e-07 5.89535e-08 -0.0149585 0.352957 -0.0593669 -1.45993e-06 -2.76685e-06 -0.0593668 0.997273 2.97234e-05 4.90687e-07 1.83077e-06 -2.97352e-05 0.994566 0.0420898 -2.72352e-06 1.65882e-07 -0.0420897 0.993141
28 0.0514827 0.346779 -0.0220727 -5.49857e-07 -9.84427e-07 -0.0220727 0.345809 1.04224e-05 1.90521e-07 6.88537e-07 -1.04272e-05 0.344721 0.0158363 -9.68833e-07 6.90255e-08 -0.0158363 0.344245 -0.0636507 -1.58561e-06 -2.83878e-06 -0.0636506 0.997205 3.00548e-05 5.49402e-07 1.98552e-06 -3.00686e-05 0.994066 0.045667 -2.79381e-06 1.99048e-07 -0.0456668 0.992695
29 0.0531646 0.338085 -0.0230078 -5.80999e-07 -9.8392e-07 -0.0230077 0.337116 1.02804e-05 2.07502e-07 7.26379e-07 -1.02858e-05 0.335892 0.0167132 -9.68224e-07 8.00911e-08 -0.0167131 0.335447 -0.0680532 -1.7185e-06 -2.91027e-06 -0.0680531 0.997133 3.04077e-05 6.13757e-07 2.14851e-06 -3.04238e-05 0.993512 0.0494349 -2.86385e-06 2.36896e-07 -0.0494347 0.992197
30 0.0548304 0.329333 -0.0238992 -6.1221e-07 -9.81699e-07 -0.0238992 0.328363 1.0138e-05 2.25327e-07 7.64069e-07 -1.01441e-05 0.326994 0.0175865 -9.65999e-07 9.2177e-08 -0.0175864 0.326581 -0.0725686 -1.85894e-06 -2.98087e-06 -0.0725685 0.997056 3.07834e-05 6.84192e-07 2.32005e-06 -3.0802e-05 0.992898 0.0534002 -2.9332e-06 2.7989e-07 -0.0534 0.991645
31 0.0564795 0.32054 -0.0247427 -6.43425e-07 -9.77667e-07 -0.0247426 0.31957 9.99539e-06 2.43987e-07 8.01502e-07 -1.00023e-05 0.318047 0.0184534 -9.62062e-07 1.05305e-07 -0.0184534 0.317666 -0.0771906 -2.00731e-06 -3.05006e-06 -0.0771904 0.996974 3.11829e-05 7.61175e-07 2.50047e-06 -3.12044e-05 0.992222 0.0575698 -3.00138e-06 3.28522e-07 -0.0575696 0.991034
32 0.0581114 0.311724 -0.0255339 -6.74582e-07 -9.71735e-07 -0.0255339 0.310754 9.85289e-06 2.63469e-07 8.38576e-07 -9.86054e-06 0.309067 0.0193116 -9.56328e-07 1.1949e-07 -0.0193115 0.308719 -0.0819119 -2.16403e-06 -3.11729e-06 -0.0819118 0.996887 3.16077e-05 8.452e-07 2.69012e-06 -3.16322e-05 0.991477 0.0619508 -3.06786e-06 3.8332e-07 -0.0619505 0.990359
33 0.0597256 0.302903 -0.0262692 -7.05622e-07 -9.63821e-07 -0.0262692 0.301932 9.71074e-06 2.83756e-07 8.75194e-07 -9.71922e-06 0.300074 0.0201583 -9.48715e-07 1.34744e-07 -0.0201582 0.299758 -0.086725 -2.32953e-06 -3.18195e-06 -0.0867249 0.996794 3.20589e-05 9.36789e-07 2.88936e-06 -3.20869e-05 0.99066 0.0665504 -3.13208e-06 4.44843e-07 -0.0665501 0.989617
34 0.0613216 0.294092 -0.0269451 -7.36488e-07 -9.53852e-07 -0.0269451 0.29312 9.56919e-06 3.04825e-07 9.11261e-07 -9.57854e-06 0.291082 0.0209911 -9.39151e-07 1.51071e-07 -0.020991 0.290799 -0.0916213 -2.50427e-06 -3.24338e-06 -0.0916212 0.996696 3.25381e-05 1.0365e-06 3.09856e-06 -3.25699e-05 0.989765 0.071376 -3.19339e-06 5.13687e-07 -0.0713757 0.988802
35 0.0628989 0.285309 -0.0275584 -7.67125e-07 -9.41764e-07 -0.0275584 0.284336 9.42845e-06 3.26651e-07 9.46687e-07 -9.43872e-06 0.28211 0.0218076 -9.2757e-07 1.6847e-07 -0.0218076 0.281859 -0.0965917 -2.68875e-06 -3.30086e-06 -0.0965915 0.996591 3.30465e-05 1.1449e-06 3.31812e-06 -3.30825e-05 0.988788 0.0764353 -3.25111e-06 5.90482e-07 -0.076435 0.98791
36 0.064457 0.276568 -0.0281065 -7.97482e-07 -9.27499e-07 -0.0281064 0.275594 9.28873e-06 3.49202e-07 9.81386e-07 -9.29995e-06 0.273173 0.0226055 -9.13916e-07 1.86931e-07 -0.0226054 0.272955 -0.101626 -2.8835e-06 -3.35361e-06 -0.101626 0.99648 3.35857e-05 1.26263e-06 3.54845e-06 -3.36263e-05 0.987724 0.0817359 -3.30449e-06 6.75897e-07 -0.0817356 0.986937
37 0.0659956 0.267884 -0.0285868 -8.27509e-07 -9.11013e-07 -0.0285868 0.266909 9.15021e-06 3.72444e-07 1.01528e-06 -9.16241e-06 0.264286 0.0233825 -8.9814e-07 2.06441e-07 -0.0233824 0.264101 -0.106713 -3.08906e-06 -3.40077e-06 -0.106713 0.996362 3.41573e-05 1.39032e-06 3.78998e-06 -3.42029e-05 0.986567 0.0872858 -3.35272e-06 7.70637e-07 -0.0872855 0.985876
38 0.067514 0.259272 -0.0289975 -8.57162e-07 -8.92267e-07 -0.0289974 0.258296 9.01305e-06 3.96336e-07 1.04828e-06 -9.02627e-06 0.255464 0.0241363 -8.80202e-07 2.26979e-07 -0.0241362 0.255311 -0.111842 -3.30603e-06 -3.44143e-06 -0.111842 0.996236 3.47629e-05 1.52865e-06 4.04317e-06 -3.48139e-05 0.985311 0.0930927 -3.3949e-06 8.75447e-07 -0.0930923 0.984724
39 0.0690118 0.250745 -0.0293368 -8.86394e-07 -8.71236e-07 -0.0293367 0.249768 8.87741e-06 4.20836e-07 1.08033e-06 -8.89167e-06 0.246721 0.024865 -8.60073e-07 2.48516e-07 -0.0248649 0.246601 -0.116998 -3.53504e-06 -3.47459e-06 -0.116998 0.996103 3.54041e-05 1.67834e-06 4.30846e-06 -3.5461e-05 0.983951 0.0991645 -3.43007e-06 9.9111e-07 -0.0991641 0.983474
40 0.10628 0.242316 -0.0296036 -9.15165e-07 -8.479e-07 -0.0296035 0.241338 8.7434e-06 4.45895e-07 1.11135e-06 -8.75871e-06 0.238071 0.0255665 -8.37729e-07 2.71018e-07 -0.0255664 0.237984 -0.122169 -3.77674e-06 -3.49915e-06 -0.122169 0.995962 3.60826e-05 1.84014e-06 4.58635e-06 -3.61458e-05 0.982482 0.105509 -3.45717e-06 1.11845e-06 -0.105509 0.982121
42 0.146749 0.225798 -0.0299163 -9.71161e-07 -7.94299e-07 -0.0299163 0.224816 8.48066e-06 4.97485e-07 1.17006e-06 -8.49812e-06 0.2211 0.0268807 -7.8636e-07 3.18744e-07 -0.0268806 0.221076 -0.132491 -4.30102e-06 -3.51774e-06 -0.132491 0.995652 3.75586e-05 2.20323e-06 5.18189e-06 -3.76359e-05 0.979191 0.119047 -3.48258e-06 1.41163e-06 -0.119047 0.979086
44 0.152348 0.209805 -0.0299333 -1.02485e-06 -7.31522e-07 -0.0299332 0.208819 8.22545e-06 5.50652e-07 1.22398e-06 -8.24502e-06 0.204642 0.0280651 -7.26107e-07 3.6975e-07 -0.028065 0.20468 -0.142672 -4.88478e-06 -3.48668e-06 -0.142672 0.995303 3.92052e-05 2.62459e-06 5.83389e-06 -3.92986e-05 0.975391 0.133768 -3.46087e-06 1.76235e-06 -0.133767 0.975575
46 0.157761 0.194409 -0.0296578 -1.07595e-06 -6.59785e-07 -0.0296577 0.19342 7.97801e-06 6.04894e-07 1.27273e-06 -7.99963e-06 0.188778 0.0291078 -6.57127e-07 4.23525e-07 -0.0291077 0.188877 -0.152553 -5.53447e-06 -3.39379e-06 -0.152553 0.994909 4.10372e-05 3.11144e-06 6.54667e-06 -4.11484e-05 0.971034 0.149724 -3.38012e-06 2.17852e-06 -0.149724 0.971542
48 0.162982 0.179673 -0.0290984 -1.1242e-06 -5.79452e-07 -0.0290984 0.178678 7.73833e-06 6.59667e-07 1.31603e-06 -7.76182e-06 0.173577 0.029999 -5.79721e-07 4.79474e-07 -0.0299989 0.173733 -0.161952 -6.25692e-06 -3.22505e-06 -0.161952 0.994467 4.30691e-05 3.67149e-06 7.32461e-06 -4.31998e-05 0.966073 0.166965 -3.22654e-06 2.6686e-06 -0.166964 0.966943
50 0.168004 0.165642 -0.028269 -1.16932e-06 -4.91032e-07 -0.0282689 0.164644 7.50611e-06 7.14394e-07 1.35365e-06 -7.53122e-06 0.159093 0.0307306 -4.94324e-07 5.36917e-07 -0.0307305 0.159304 -0.170662 -7.05932e-06 -2.96441e-06 -0.170662 0.993969 4.53151e-05 4.31287e-06 8.17213e-06 -4.54667e-05 0.960461 0.185524 -2.98428e-06 3.24142e-06 -0.185523 0.961735
52 0.172821 0.152355 -0.0271874 -1.21106e-06 -3.95162e-07 -0.0271874 0.151351 7.2808e-06 7.68481e-07 1.38543e-06 -7.30721e-06 0.14537 0.0312968 -4.01497e-07 5.95113e-07 -0.0312966 0.145633 -0.178448 -7.94898e-06 -2.5937e-06 -0.178448 0.993411 4.77885e-05 5.04402e-06 9.09347e-06 -4.79619e-05 0.954158 0.20542 -2.63528e-06 3.9061e-06 -0.20542 0.95588
54 0.177428 0.139833 -0.0258757 -1.24915e-06 -2.92597e-07 -0.0258756 0.138824 7.06164e-06 8.21319e-07 1.41128e-06 -7.08896e-06 0.132439 0.0316935 -3.01915e-07 6.53273e-07 -0.0316934 0.132749 -0.185047 -8.93312e-06 -2.09247e-06 -0.185046 0.992784 5.05005e-05 5.87357e-06 1.00926e-05 -5.06959e-05 0.947124 0.226652 -2.15911e-06 4.6718e-06 -0.226651 0.949342
56 0.181819 0.128091 -0.0243586 -1.28328e-06 -1.84192e-07 -0.0243586 0.127077 6.84774e-06 8.72305e-07 1.43114e-06 -6.87548e-06 0.120319 0.0319188 -1.96354e-07 7.1058e-07 -0.0319187 0.120673 -0.190167 -1.00185e-05 -1.43798e-06 -0.190167 0.992082 5.34601e-05 6.81006e-06 1.11728e-05 -5.36767e-05 0.939329 0.249189 -1.53293e-06 5.54747e-06 -0.249188 0.942092
58 0.185988 0.11713 -0.0226636 -1.31317e-06 -7.08883e-08 -0.0226636 0.116111 6.63805e-06 9.20848e-07 1.445e-06 -6.66568e-06 0.10902 0.0319726 -8.56727e-08 7.66208e-07 -0.0319725 0.109413 -0.19349 -1.12112e-05 -6.05208e-07 -0.19349 0.991298 5.66723e-05 7.86173e-06 1.23367e-05 -5.69082e-05 0.930753 0.272966 -7.3143e-07 6.54149e-06 -0.272965 0.934111
60 0.286303 0.106946 -0.0208197 -1.3385e-06 4.63111e-08 -0.0208197 0.105922 6.43147e-06 9.66379e-07 1.4529e-06 -6.4584e-06 0.0985385 0.0318568 2.92005e-08 8.19346e-07 -0.0318566 0.0989667 -0.194675 -1.25157e-05 4.33033e-07 -0.194675 0.990425 6.01376e-05 9.03614e-06 1.35854e-05 -6.03894e-05 0.921386 0.297877 2.7304e-07 7.66131e-06 -0.297876 0.92539
64 0.394175 0.08884 -0.0168057 -1.37414e-06 2.88167e-07 -0.0168056 0.0878076 6.02314e-06 1.04632e-06 1.45105e-06 -6.04676e-06 0.0799838 0.0311313 2.67576e-07 9.15092e-07 -0.0311311 0.0804672 -0.189168 -1.54676e-05 3.24367e-06 -0.189168 0.988379 6.77976e-05 1.17776e-05 1.63333e-05 -6.80635e-05 0.900312 0.35042 3.01189e-06 1.03004e-05 -0.350418 0.905755
68 0.406626 0.0735811 -0.0125573 -1.38753e-06 5.32774e-07 -0.0125572 0.0725429 5.61413e-06 1.10849e-06 1.42624e-06 -5.63198e-06 0.0644831 0.0297885 5.10658e-07 9.92357e-07 -0.0297884 0.0650016 -0.170659 -1.88571e-05 7.24064e-06 -0.170658 0.985891 7.62986e-05 1.50649e-05 1.93833e-05 -7.65411e-05 0.876354 0.404839 6.94007e-06 1.34866e-05 -0.404837 0.883401
72 0.417095 0.0609007 -0.00830211 -1.37612e-06 7.71715e-07 -0.0083021 0.0598606 5.19742e-06 1.15024e-06 1.3793e-06 -5.20733e-06 0.0517692 0.0278958 7.50362e-07 1.04711e-06 -0.0278956 0.052302 -0.136322 -2.25962e-05 1.26717e-05 -0.136322 0.982921 8.53425e-05 1.88872e-05 2.26484e-05 -8.55053e-05 0.850059 0.458053 1.23211e-05 1.71938e-05 -0.458051 0.858808
76 0.425533 0.0504868 -0.00424006 -1.33793e-06 9.97307e-07 -0.00424005 0.0494496 4.76849e-06 1.1702e-06 1.31115e-06 -4.76902e-06 0.0415126 0.0255367 9.79158e-07 1.07716e-06 -0.0255366 0.0420394 -0.0839834 -2.65005e-05 1.97538e-05 -0.0839834 0.979456 9.44503e-05 2.31784e-05 2.59702e-05 -9.44608e-05 0.822247 0.50581 1.93943e-05 2.13356e-05 -0.505807 0.83268
80 0.431897 0.0420125 -0.00053297 -1.27183e-06 1.20304e-06 -0.000532973 0.0409841 4.32603e-06 1.16837e-06 1.22285e-06 -4.31667e-06 0.0333524 0.0228065 1.1905e-06 1.08236e-06 -0.0228064 0.0338537 -0.012686 -3.02727e-05 2.86354e-05 -0.0126861 0.975522 0.00010297 2.78102e-05 2.91068e-05 -0.000102747 0.793869 0.542851 2.83368e-05 2.57628e-05 -0.542848 0.805801
84 0.436158 0.0351593 0.00270048 -1.17803e-06 1.3839e-06 0.00270048 0.0341463 3.87204e-06 1.14618e-06 1.11568e-06 -3.85334e-06 0.0269221 0.0198068 1.37915e-06 1.06455e-06 -0.0198067 0.0273804 0.0768071 -3.35055e-05 3.93608e-05 0.076807 0.971191 0.000110129 3.25998e-05 3.17323e-05 -0.000109597 0.765719 0.563345 3.92257e-05 3.0278e-05 -0.563342 0.778753
88 0.328636 0.0296341 0.00538575 -1.05824e-06 1.53647e-06 0.00538575 0.0286438 3.41164e-06 1.10637e-06 9.91379e-07 -3.38517e-06 0.0218711 0.0166414 1.54136e-06 1.02733e-06 -0.0166413 0.0222711 0.181742 -3.57101e-05 5.1848e-05 0.181741 0.966583 0.000115125 3.73345e-05 3.3454e-05 -0.000114232 0.738036 0.561562 5.20129e-05 3.46671e-05 -0.561558 0.751536
90 0.219313 0.0272878 0.00651099 -9.89584e-07 1.60153e-06 0.00651099 0.0263116 3.18135e-06 1.08103e-06 9.23502e-07 -3.15184e-06 0.0197613 0.0150286 1.61179e-06 1.00293e-06 -0.0150285 0.0201275 0.238604 -3.62647e-05 5.86901e-05 0.238604 0.964226 0.000116585 3.96156e-05 3.3843e-05 -0.000115503 0.72418 0.550744 5.90662e-05 3.67537e-05 -0.55074 0.737599
92 0.328636 0.0251807 0.00748975 -9.15823e-07 1.65896e-06 0.00748974 0.0242204 2.95247e-06 1.05277e-06 8.52274e-07 -2.92058e-06 0.0178796 0.0134123 1.67489e-06 9.75574e-07 -0.0134122 0.0182092 0.29744 -3.63701e-05 6.58822e-05 0.29744 0.961864 0.000117251 4.18088e-05 3.38463e-05 -0.000115985 0.710051 0.532644 6.6515e-05 3.8743e-05 -0.53264 0.723143
96 0.436158 0.0215847 0.00901553 -7.55705e-07 1.75099e-06 0.00901552 0.0206616 2.50383e-06 9.89936e-07 7.01478e-07 -2.46928e-06 0.0146689 0.0102165 1.77892e-06 9.14872e-07 -0.0102164 0.0149196 0.417682 -3.50112e-05 8.11221e-05 0.417682 0.957233 0.000116 4.58629e-05 3.24989e-05 -0.000114399 0.679599 0.47332 8.24159e-05 4.23853e-05 -0.473317 0.691211
100 0.431897 0.018675 0.0099954 -5.84082e-07 1.81333e-06 0.0099954 0.0177957 2.07567e-06 9.22692e-07 5.42948e-07 -2.04118e-06 0.0120064 0.00714257 1.85374e-06 8.50874e-07 -0.00714251 0.0121731 0.53523 -3.12762e-05 9.70996e-05 0.53523 0.952917 0.000111147 4.9408e-05 2.90736e-05 -0.000109301 0.642915 0.382468 9.92634e-05 4.55623e-05 -0.382464 0.651842
104 0.425533 0.016321 0.0104833 -4.08021e-07 1.84748e-06 0.0104834 0.0154914 1.67756e-06 8.55644e-07 3.81432e-07 -1.64543e-06 0.00970627 0.00426918 1.90043e-06 7.88668e-07 -0.00426914 0.00978812 0.642323 -2.49997e-05 0.000113196 0.642323 0.949168 0.000102785 5.2426e-05 2.33706e-05 -0.000100817 0.594711 0.261576 0.000116441 4.83223e-05 -0.261574 0.599726
108 0.417095 0.0144277 0.0105475 -2.34932e-07 1.85528e-06 0.0105475 0.0136524 1.31774e-06 7.92671e-07 2.22286e-07 -1.2895e-06 0.00762737 0.00166281 1.92047e-06 7.32247e-07 -0.0016628 0.0076274 0.731059 -1.62833e-05 0.000128591 0.731059 0.946258 9.13337e-05 5.49408e-05 1.54069e-05 -8.93762e-05 0.528661 0.115251 0.00013311 5.07527e-05 -0.11525 0.528662
112 0.406626 0.0129292 0.0102634 -7.20199e-08 1.83858e-06 0.0102634 0.0122113 1.00239e-06 7.36518e-07 7.11611e-08 -9.78634e-07 0.00566904 -0.000623299 1.91532e-06 6.84127e-07 0.000623289 0.00559404 0.793814 -5.57032e-06 0.000142203 0.793815 0.944471 7.75289e-05 5.69654e-05 5.5039e-06 -7.56916e-05 0.438467 -0.0482086 0.000148139 5.29132e-05 0.0482077 0.432667
116 0.394175 0.0117815 0.00970801 7.42418e-08 1.79891e-06 0.00970802 0.0111225 7.3514e-07 6.88517e-07 -6.63988e-08 -7.15555e-07 0.00376527 -0.00255005 1.88618e-06 6.45157e-07 0.00255002 0.00362547 0.824008 6.30159e-06 0.00015269 0.824009 0.94407 6.2398e-05 5.84408e-05 -5.63588e-06 -6.07357e-05 0.319593 -0.216446 0.000160098 5.47604e-05 0.216443 0.307727
120 0.379804 0.0109553 0.00895536 1.98561e-07 1.7374e-06 0.00895537 0.0103553 5.16884e-07 6.48497e-07 -1.854e-07 -5.00412e-07 0.00187854 -0.00409291 1.8338e-06 6.14547e-07 0.00409285 0.00168706 0.817444 1.81246e-05 0.00015859 0.817445 0.94523 4.71811e-05 5.91947e-05 -1.69233e-05 -4.56776e-05 0.171473 -0.3736 0.000167389 5.60958e-05 0.373595 0.153994
124 0.363583 0.0104302 0.00807308 2.97151e-07 1.65475e-06 0.00807309 0.00988732 3.45882e-07 6.14893e-07 -2.81825e-07 -3.31025e-07 -6.38037e-06 -0.00524199 1.75847e-06 5.90097e-07 0.00524191 -0.000234248 0.774012 2.84896e-05 0.00015865 0.774013 0.947953 3.31616e-05 5.89533e-05 -2.70201e-05 -3.17372e-05 -0.000611722 -0.502579 0.000168595 5.6576e-05 0.502572 -0.0224587
128 0.34559 0.0101883 0.00712036 3.67922e-07 1.55142e-06 0.00712037 0.00969936 2.18129e-07 5.8506e-07 -3.52974e-07 -2.03297e-07 -0.00188823 -0.00600178 1.66028e-06 5.6861e-07 0.00600169 -0.00213576 0.698873 3.61121e-05 0.000152274 0.698874 0.952006 2.14097e-05 5.74245e-05 -3.46449e-05 -1.99539e-05 -0.185333 -0.589083 0.000162958 5.58099e-05 0.589074 -0.209628
132 0.325914 0.0102107 0.00614676 4.10521e-07 1.42797e-06 0.00614676 0.00977104 1.27914e-07 5.55735e-07 -3.97698e-07 -1.11756e-07 -0.00375429 -0.00639043 1.53935e-06 5.46418e-07 0.00639034 -0.00400424 0.60199 4.02049e-05 0.00013985 0.601991 0.956939 1.25275e-05 5.44266e-05 -3.89491e-05 -1.0945e-05 -0.367681 -0.625855 0.000150758 5.35141e-05 0.625845 -0.392161
136 0.304649 0.0104738 0.005192 4.26241e-07 1.28537e-06 0.00519201 0.0100778 6.84883e-08 5.23592e-07 -4.1647e-07 -5.01411e-08 -0.00558461 -0.00643875 1.39633e-06 5.19965e-07 0.00643865 -0.00582015 0.495715 4.0696e-05 0.000122723 0.495716 0.962192 6.53903e-06 4.99908e-05 -3.97632e-05 -4.7873e-06 -0.5332 -0.614751 0.000133317 4.96446e-05 0.614741 -0.555689
140 0.281901 0.0109475 0.00428634 4.17814e-07 1.12545e-06 0.00428635 0.010589 3.27621e-08 4.85807e-07 -4.11308e-07 -1.19799e-08 -0.00735539 -0.0061887 1.2328e-06 4.86365e-07 0.0061886 -0.00756102 0.391535 3.81652e-05 0.000102804 0.391536 0.967246 2.99265e-06 4.4376e-05 -3.75709e-05 -1.09431e-06 -0.671877 -0.565305 0.00011261 4.44269e-05 0.565297 -0.69066
144 0.257779 0.0115951 0.00345138 3.89124e-07 9.51164e-07 0.00345138 0.0112674 1.39471e-08 4.40547e-07 -3.85564e-07 8.90637e-09 -0.00904152 -0.00569158 1.05169e-06 4.43855e-07 0.0056915 -0.00920388 0.297658 3.35593e-05 8.20314e-05 0.297658 0.971736 1.20285e-06 3.79942e-05 -3.32523e-05 7.68114e-07 -0.77977 -0.49086 9.07012e-05 3.82795e-05 0.490853 -0.793772
148 0.232401 0.012373 0.00270122 3.44854e-07 7.66828e-07 0.00270122 0.0120696 6.06951e-09 3.87309e-07 -3.43605e-07 1.80058e-08 -0.0106184 -0.00500587 8.57484e-07 3.92105e-07 0.00500579 -0.0107271 0.218315 2.78715e-05 6.19759e-05 0.218316 0.975482 4.90545e-07 3.13027e-05 -2.77705e-05 1.45525e-06 -0.858191 -0.40458 6.93028e-05 3.16903e-05 0.404574 -0.866974
152 0.205891 0.0132324 0.00204377 2.90136e-07 5.78098e-07 0.00204378 0.0129473 4.31724e-09 3.27072e-07 -2.90437e-07 1.98512e-08 -0.0120631 -0.00419467 6.563e-07 3.32321e-07 0.0041946 -0.0121112 0.154453 2.19263e-05 4.36883e-05 0.154453 0.978457 3.26264e-07 2.47176e-05 -2.1949e-05 1.5002e-06 -0.91164 -0.317001 4.95981e-05 2.51143e-05 0.316996 -0.91527
156 0.178378 0.014121 0.00148211 2.30195e-07 3.91806e-07 0.00148212 0.0138489 5.19949e-09 2.62238e-07 -2.31319e-07 1.7896e-08 -0.0133553 -0.00332301 4.55716e-07 2.67161e-07 0.00332296 -0.0133397 0.104958 1.63016e-05 2.77464e-05 0.104959 0.980729 3.6821e-07 1.85708e-05 -1.63812e-05 1.26734e-06 -0.945778 -0.235324 3.22723e-05 1.89195e-05 0.235321 -0.94467
160 0.0971232 0.0149858 0.00101581 1.70041e-07 2.15596e-07 0.00101582 0.0147222 6.52541e-09 1.9637e-07 -1.71398e-07 1.45243e-08 -0.0144773 -0.00245498 2.64377e-07 2.00452e-07 0.00245494 -0.014399 0.0677849 1.13468e-05 1.43866e-05 0.0677853 0.982408 4.35438e-07 1.31037e-05 -1.14373e-05 9.69199e-07 -0.966066 -0.16382 1.76418e-05 1.33761e-05 0.163817 -0.960838
161 0.0357021 0.0151923 0.000913859 1.55515e-07 1.74052e-07 0.000913864 0.0149302 6.78052e-09 1.80238e-07 -1.56859e-07 1.36463e-08 -0.0147294 -0.00224573 2.19056e-07 1.84059e-07 0.00224569 -0.014636 0.0601529 1.02365e-05 1.14566e-05 0.0601533 0.982749 4.46314e-07 1.18638e-05 -1.0325e-05 8.98243e-07 -0.969536 -0.147821 1.44189e-05 1.21153e-05 0.147818 -0.963388
162 0.0338871 0.0153932 0.000817645 1.41329e-07 1.3376e-07 0.00081765 0.0151325 6.98562e-09 1.64382e-07 -1.42639e-07 1.27875e-08 -0.0149698 -0.00204139 1.75027e-07 1.67929e-07 0.00204136 -0.0148617 0.0531172 9.18125e-06 8.68953e-06 0.0531176 0.983062 4.53811e-07 1.06788e-05 -9.26633e-06 8.30724e-07 -0.972494 -0.132616 1.13704e-05 1.09093e-05 0.132614 -0.965473
163 0.0320617 0.015588 0.000727113 1.27544e-07 9.48419e-08 0.000727118 0.0153284 7.13658e-09 1.48873e-07 -1.28801e-07 1.19593e-08 -0.0151982 -0.00184283 1.32433e-07 1.52138e-07 0.0018428 -0.0150759 0.0466458 8.18224e-06 6.08431e-06 0.0466461 0.983348 4.57827e-07 9.55053e-06 -8.26282e-06 7.67215e-07 -0.974998 -0.118221 8.49589e-06 9.75998e-06 0.118219 -0.96715
164 0.0302266 0.0157758 0.0006422 1.14221e-07 5.74179e-08 0.000642204 0.0155172 7.23202e-09 1.33785e-07 -1.15408e-07 1.11708e-08 -0.0154145 -0.00165087 9.14136e-08 1.36762e-07 0.00165084 -0.0152784 0.040708 7.24029e-06 3.63963e-06 0.0407083 0.98361 4.58426e-07 8.4804e-06 -7.31553e-06 7.08099e-07 -0.977101 -0.104646 5.79456e-06 8.66912e-06 0.104644 -0.968473
165 0.0283823 0.0159559 0.000562842 1.01416e-07 2.16042e-08 0.000562846 0.0156982 7.27289e-09 1.19188e-07 -1.02521e-07 1.04288e-08 -0.0156185 -0.0014663 5.21039e-08 1.21875e-07 0.00146628 -0.0154691 0.0352748 6.356e-06 1.35399e-06 0.035275 0.983848 4.55811e-07 7.4698e-06 -6.42525e-06 6.53601e-07 -0.978852 -0.0918969 3.26549e-06 7.63825e-06 0.0918954 -0.969492
166 0.0265294 0.0161278 0.000488975 8.9182e-08 -1.24859e-08 0.000488979 0.0158708 7.26219e-09 1.05152e-07 -9.01953e-08 9.73824e-09 -0.01581 -0.00128989 1.46371e-08 1.07552e-07 0.00128987 -0.015648 0.0303187 5.5297e-06 -7.74183e-07 0.030319 0.984065 4.5029e-07 6.51992e-06 -5.59253e-06 6.03817e-07 -0.980296 -0.0799792 9.07567e-07 6.66873e-06 0.079978 -0.970252
167 0.0246683 0.0162908 0.000420535 7.757e-08 -4.47434e-08 0.000420538 0.0160344 7.20462e-09 9.17468e-08 -7.84848e-08 9.1022e-09 -0.015989 -0.00112236 -2.08591e-08 9.38635e-08 0.00112234 -0.015815 0.0258143 4.7616e-06 -2.74655e-06 0.0258145 0.98426 4.42252e-07 5.63183e-06 -4.81775e-06 5.58734e-07 -0.981474 -0.0688953 -1.28042e-06 5.76176e-06 0.0688942 -0.970794
168 0.0172754 0.0164442 0.000357458 6.6627e-08 -7.5064e-08 0.000357461 0.0161883 7.10621e-09 7.9038e-08 -6.7439e-08 8.52235e-09 -0.0161552 -0.000964382 -5.42619e-08 8.08793e-08 0.000964367 -0.0159699 0.0217376 4.05171e-06 -4.56477e-06 0.0217378 0.984437 4.32141e-07 4.80644e-06 -4.10108e-06 5.18259e-07 -0.982425 -0.0586457 -3.29976e-06 4.91841e-06 0.0586448 -0.971156
168.5 0.0109315 0.0165171 0.000327911 6.14202e-08 -8.94669e-08 0.000327914 0.0162614 7.04387e-09 7.29647e-08 -6.218e-08 8.25367e-09 -0.0162335 -0.00088918 -7.01415e-08 7.46722e-08 0.000889167 -0.0160428 0.0198528 3.71857e-06 -5.4166e-06 0.019853 0.984518 4.26458e-07 4.41751e-06 -3.76457e-06 4.99703e-07 -0.982825 -0.0538338 -4.24659e-06 4.52089e-06 0.0538329 -0.971281
169 0.0104622 0.0165875 0.000299683 5.63968e-08 -1.03349e-07 0.000299685 0.016332 6.97405e-09 6.70891e-08 -5.71043e-08 7.99911e-09 -0.0163085 -0.000816605 -8.54545e-08 6.86659e-08 0.000816593 -0.0161127 0.0180668 3.39995e-06 -6.23052e-06 0.0180669 0.984595 4.2044e-07 4.04456e-06 -3.44261e-06 4.82237e-07 -0.983181 -0.0492301 -5.15174e-06 4.13961e-06 0.0492293 -0.971372
169.5 0.00999215 0.0166552 0.000272765 5.15617e-08 -1.16698e-07 0.000272767 0.0163999 6.89774e-09 6.14188e-08 -5.22172e-08 7.75856e-09 -0.0163804 -0.000746729 -1.00187e-07 6.2868e-08 0.000746718 -0.0161795 0.0163771 3.09583e-06 -7.00671e-06 0.0163773 0.984668 4.14149e-07 3.68766e-06 -3.13518e-06 4.65834e-07 -0.983497 -0.0448345 -6.01537e-06 3.77467e-06 0.0448338 -0.971435
170 0.0095213 0.0167202 0.000247151 4.69198e-08 -1.29504e-07 0.000247153 0.016465 6.81595e-09 5.59607e-08 -4.75237e-08 7.53189e-09 -0.0164489 -0.000679622 -1.14327e-07 5.72862e-08 0.000679612 -0.0162432 0.0147816 2.80617e-06 -7.74538e-06 0.0147817 0.984736 4.07647e-07 3.34689e-06 -2.84229e-06 4.50466e-07 -0.983775 -0.0406467 -6.83764e-06 3.42616e-06 0.0406461 -0.971473
170.5 0.00904972 0.0167824 0.000222833 4.24754e-08 -1.41756e-07 0.000222835 0.0165273 6.72974e-09 5.07221e-08 -4.30285e-08 7.31888e-09 -0.0165142 -0.000615352 -1.27861e-07 5.19278e-08 0.000615343 -0.0163039 0.0132778 2.53094e-06 -8.44672e-06 0.0132779 0.984801 4.00999e-07 3.02233e-06 -2.5639e-06 4.36104e-07 -0.984019 -0.0366665 -7.61872e-06 3.09418e-06 0.0366659 -0.971489
171 0.00857745 0.0168418 0.000199806 3.8233e-08 -1.53444e-07 0.000199808 0.0165868 6.64015e-09 4.57095e-08 -3.87362e-08 7.11931e-09 -0.0165763 -0.000553983 -1.40776e-07 4.67997e-08 0.000553975 -0.0163616 0.0118637 2.27012e-06 -9.11091e-06 0.0118638 0.984861 3.94266e-07 2.71405e-06 -2.3e-06 4.22717e-07 -0.984233 -0.0328934 -8.35874e-06 2.77878e-06 0.0328928 -0.971486
171.5 0.00810453 0.0168983 0.000178062 3.41966e-08 -1.64558e-07 0.000178063 0.0166434 6.54822e-09 4.09295e-08 -3.46513e-08 6.93293e-09 -0.016635 -0.000495577 -1.53062e-07 4.19087e-08 0.000495569 -0.0164161 0.0105373 2.02367e-06 -9.73812e-06 0.0105374 0.984918 3.87508e-07 2.42211e-06 -2.05058e-06 4.10274e-07 -0.984419 -0.029327 -9.05786e-06 2.48006e-06 0.0293266 -0.971467
172 0.00763099 0.0169518 0.000157595 3.037e-08 -1.75088e-07 0.000157596 0.0166971 6.455e-09 3.63881e-08 -3.07777e-08 6.75944e-09 -0.0166904 -0.000440191 -1.64708e-07 3.72613e-08 0.000440184 -0.0164676 0.00929663 1.79155e-06 -1.03285e-05 0.00929672 0.98497 3.80785e-07 2.14656e-06 -1.8156e-06 3.98744e-07 -0.98458 -0.0259672 -9.71621e-06 2.19807e-06 0.0259668 -0.971435
172.5 0.00715688 0.0170024 0.0001384 2.67571e-08 -1.85025e-07 0.000138401 0.0167477 6.36151e-09 3.20914e-08 -2.71193e-08 6.59857e-09 -0.0167426 -0.000387881 -1.75702e-07 3.28636e-08 0.000387875 -0.016516 0.00814002 1.57372e-06 -1.08823e-05 0.00814009 0.98502 3.74154e-07 1.88747e-06 -1.59503e-06 3.88097e-07 -0.984718 -0.0228133 -1.03339e-05 1.93288e-06 0.022813 -0.971392
173 0.00668221 0.0170499 0.00012047 2.33611e-08 -1.94362e-07 0.000120471 0.0167952 6.26876e-09 2.80449e-08 -2.36799e-08 6.44998e-09 -0.0167914 -0.000338699 -1.86034e-07 2.87214e-08 0.000338694 -0.0165613 0.00706575 1.37016e-06 -1.13996e-05 0.00706581 0.985065 3.67672e-07 1.64487e-06 -1.38886e-06 3.783e-07 -0.984837 -0.0198652 -1.09112e-05 1.68455e-06 0.0198649 -0.971342
173.5 0.00620704 0.0170943 0.000103801 2.01853e-08 -2.0309e-07 0.000103802 0.0168397 6.17772e-09 2.42538e-08 -2.04628e-08 6.31337e-09 -0.0168368 -0.000292694 -1.95696e-07 2.48402e-08 0.00029269 -0.0166034 0.00607227 1.18082e-06 -1.18806e-05 0.00607233 0.985107 3.6139e-07 1.41882e-06 -1.19706e-06 3.69326e-07 -0.984938 -0.0171223 -1.1448e-05 1.45313e-06 0.017122 -0.971285
174 0.0057314 0.0171356 8.83877e-05 1.72327e-08 -2.11202e-07 8.83886e-05 0.0168811 6.08931e-09 2.07231e-08 -1.74713e-08 6.18842e-09 -0.016879 -0.000249912 -2.04679e-07 2.12253e-08 0.000249908 -0.0166425 0.00515813 1.00566e-06 -1.23253e-05 0.00515818 0.985146 3.5536e-07 1.20936e-06 -1.01959e-06 3.61144e-07 -0.985023 -0.0145843 -1.19447e-05 1.23866e-06 0.0145841 -0.971225
174.5 0.00525531 0.0171737 7.4225e-05 1.4506e-08 -2.18691e-07 7.42257e-05 0.0169193 6.00444e-09 1.74575e-08 -1.47081e-08 6.07482e-09 -0.0169178 -0.000210394 -2.12974e-07 1.78814e-08 0.000210391 -0.0166785 0.004322 8.44663e-07 -1.2734e-05 0.00432205 0.985181 3.49629e-07 1.01652e-06 -8.56431e-07 3.53727e-07 -0.985095 -0.0122509 -1.24011e-05 1.0412e-06 0.0122507 -0.971162
175 0.00477883 0.0172087 6.13087e-05 1.20079e-08 -2.2555e-07 6.13093e-05 0.0169542 5.92393e-09 1.44612e-08 -1.21762e-08 5.97226e-09 -0.0169532 -0.000174181 -2.20573e-07 1.4813e-08 0.000174178 -0.0167113 0.00356266 6.97784e-07 -1.31068e-05 0.0035627 0.985213 3.44241e-07 8.40345e-07 -7.0756e-07 3.47049e-07 -0.985154 -0.0101217 -1.28175e-05 8.60785e-07 0.0101215 -0.971099
175.5 0.00430199 0.0172404 4.96349e-05 9.74071e-09 -2.31774e-07 4.96354e-05 0.016986 5.84859e-09 1.17382e-08 -9.87787e-09 5.88045e-09 -0.0169853 -0.000141307 -2.2747e-07 1.20242e-08 0.000141305 -0.0167411 0.00287899 5.64993e-07 -1.34437e-05 0.00287902 0.985242 3.39238e-07 6.80857e-07 -5.72949e-07 3.41086e-07 -0.985204 -0.0081963 -1.3194e-05 6.97444e-07 0.00819618 -0.971038
176 0.00382481 0.0172689 3.91999e-05 7.70646e-09 -2.37358e-07 3.92003e-05 0.0170144 5.77914e-09 9.29212e-09 -7.81547e-09 5.79912e-09 -0.017014 -0.000111807 -2.33658e-07 9.51883e-09 0.000111805 -0.0167677 0.00226998 4.46264e-07 -1.37449e-05 0.00227 0.985268 3.34657e-07 5.38086e-07 -4.52576e-07 3.35814e-07 -0.985244 -0.00647448 -1.35306e-05 5.51214e-07 0.00647438 -0.970979
176.5 0.00334735 0.017294 3.00003e-05 5.90708e-09 -2.42296e-07 3.00006e-05 0.0170396 5.71624e-09 7.1261e-09 -5.99096e-09 5.728e-09 -0.0170394 -8.57078e-05 -2.39132e-07 7.30018e-09 8.57065e-05 -0.0167912 0.00173472 3.41568e-07 -1.40104e-05 0.00173474 0.98529 3.30533e-07 4.12056e-07 -3.46418e-07 3.31213e-07 -0.985276 -0.00495592 -1.38274e-05 4.22122e-07 0.00495585 -0.970925
177 0.00286963 0.0173159 2.20333e-05 4.34424e-09 -2.46584e-07 2.20336e-05 0.0170615 5.66049e-09 5.24304e-09 -4.40614e-09 5.66686e-09 -0.0170614 -6.30364e-05 -2.43886e-07 5.37126e-09 6.30355e-05 -0.0168116 0.00127244 2.50882e-07 -1.42403e-05 0.00127245 0.98531 3.26896e-07 3.02788e-07 -2.54457e-07 3.27264e-07 -0.985302 -0.00364038 -1.40845e-05 3.10193e-07 0.00364033 -0.970875
177.5 0.00239169 0.0173344 1.52964e-05 3.01939e-09 -2.50219e-07 1.52966e-05 0.01708 5.61242e-09 3.64543e-09 -3.06253e-09 5.61549e-09 -0.01708 -4.38149e-05 -2.47917e-07 3.73467e-09 4.38142e-05 -0.0168288 0.00088243 1.74185e-07 -1.44348e-05 0.000882439 0.985326 3.23773e-07 2.10301e-07 -1.76674e-07 3.23951e-07 -0.985323 -0.00252763 -1.4302e-05 2.15448e-07 0.00252759 -0.970831
178 0.00191357 0.0173496 9.78732e-06 1.93374e-09 -2.53197e-07 9.78742e-06 0.0170952 5.57246e-09 2.3354e-09 -1.96144e-09 5.57372e-09 -0.0170952 -2.80623e-05 -2.51219e-07 2.39261e-09 2.80619e-05 -0.0168429 0.000564124 1.11458e-07 -1.45938e-05 0.00056413 0.98534 3.21187e-07 1.34609e-07 -1.13054e-07 3.21259e-07 -0.985338 -0.00161746 -1.44798e-05 1.37906e-07 0.00161744 -0.970795
178.5 0.00143531 0.0173614 5.50432e-06 1.08832e-09 -2.55516e-07 5.50438e-06 0.0171071 5.54099e-09 1.31468e-09 -1.10393e-09 5.54139e-09 -0.0171071 -1.57941e-05 -2.53791e-07 1.34691e-09 1.57939e-05 -0.0168539 0.000317044 6.26859e-08 -1.47174e-05 0.000317047 0.98535 3.19155e-07 7.57244e-08 -6.35853e-08 3.19179e-07 -0.98535 -0.000909726 -1.46181e-05 7.75805e-08 0.000909712 -0.970765
179 0.000956932 0.0173699 2.44604e-06 4.83881e-10 -2.57174e-07 2.44606e-06 0.0171155 5.5183e-09 5.84627e-10 -4.90833e-10 5.51838e-09 -0.0171155 -7.0225e-06 -2.5563e-07 5.98963e-10 7.02239e-06 -0.0168617 0.000140821 2.78575e-08 -1.48057e-05 0.000140822 0.985357 3.17694e-07 3.36575e-08 -2.82578e-08 3.17699e-07 -0.985357 -0.000404292 -1.47169e-05 3.44829e-08 0.000404286 -0.970744
179.5 0.000478484 0.0173749 6.11459e-07 1.20998e-10 -2.58169e-07 6.11465e-07 0.0171206 5.50461e-09 1.46205e-10 -1.22738e-10 5.50461e-09 -0.0171206 -1.75606e-06 -2.56734e-07 1.49791e-10 1.75603e-06 -0.0168664 3.5192e-05 6.96395e-09 -1.48587e-05 3.51924e-05 0.985362 3.16813e-07 8.41472e-09 -7.06408e-09 3.16813e-07 -0.985362 -0.000101068 -1.47761e-05 8.62111e-09 0.000101067 -0.970731
180 5.98114e-05 0.0173766 0 0 -2.58501e-07 0 0.0171223 5.50003e-09 0 0 5.50003e-09 -0.0171223 0 -2.57102e-07 0 0 -0.016868 0 0 -1.48763e-05 0 0.985363 3.16519e-07 0 0 3.16519e-07 -0.985363 0 -1.47959e-05 0 0 -0.970727
