theta 2pi*dcos S11 S12 S13 S14 S21 S22 S23 S24 S31 S32 S33 S34 S41 S42 S43 S44 S12_norm S13_norm S14_norm S21_norm S22_norm S23_norm S24_norm S31_norm S32_norm S33_norm S34_norm S41_norm S42_norm S43_norm S44_norm
0 2.39246e-06 0.301003 7.92578e-19 0 6.03537e-06 7.92578e-19 0.300443 3.69466e-06 0 0 -3.69466e-06 0.300443 0 6.03304e-06 0 -1.35064e-19 0.299883 2.63312e-18 0 2.00508e-05 2.63312e-18 0.998138 1.22745e-05 0 0 -1.22745e-05 0.998138 0 2.00431e-05 0 -4.48714e-19 0.996279
0.1 1.91397e-05 0.301002 -2.33232e-07 -4.82206e-12 6.03535e-06 -2.33232e-07 0.300442 3.69464e-06 -1.10226e-12 5.44698e-12 -3.69464e-06 0.300442 1.39384e-07 6.03302e-06 -2.60557e-12 -1.39384e-07 0.299882 -7.74852e-07 -1.602e-11 2.00508e-05 -7.74852e-07 0.998138 1.22745e-05 -3.66198e-12 1.80962e-11 -1.22745e-05 0.998138 4.63068e-07 2.00431e-05 -8.65631e-12 -4.63066e-07 0.996279
0.2 3.82793e-05 0.300999 -9.32917e-07 -1.92881e-11 6.03528e-06 -9.32916e-07 0.300438 3.69459e-06 -4.40897e-12 2.17877e-11 -3.69459e-06 0.300438 5.57533e-07 6.03296e-06 -1.04222e-11 -5.57532e-07 0.299879 -3.09941e-06 -6.40803e-11 2.00509e-05 -3.0994e-06 0.998138 1.22744e-05 -1.46478e-11 7.23847e-11 -1.22744e-05 0.998138 1.85228e-06 2.00431e-05 -3.46253e-11 -1.85227e-06 0.996279
0.3 5.74188e-05 0.300993 -2.09902e-06 -4.33974e-11 6.03518e-06 -2.09902e-06 0.300433 3.69449e-06 -9.91993e-12 4.90216e-11 -3.69449e-06 0.300433 1.25443e-06 6.03285e-06 -2.34494e-11 -1.25443e-06 0.299873 -6.97365e-06 -1.44181e-10 2.00509e-05 -6.97364e-06 0.998138 1.22743e-05 -3.29573e-11 1.62866e-10 -1.22743e-05 0.998138 4.16765e-06 2.00431e-05 -7.79068e-11 -4.16763e-06 0.996279
0.4 7.65581e-05 0.300985 -3.73149e-06 -7.71493e-11 6.03503e-06 -3.73148e-06 0.300425 3.69437e-06 -1.76348e-11 8.71476e-11 -3.69437e-06 0.300425 2.23007e-06 6.03271e-06 -4.16868e-11 -2.23006e-06 0.299866 -1.23976e-05 -2.56322e-10 2.00509e-05 -1.23976e-05 0.998138 1.22742e-05 -5.85901e-11 2.89541e-10 -1.22742e-05 0.998138 7.40921e-06 2.00432e-05 -1.38501e-10 -7.40919e-06 0.996279
0.5 9.56972e-05 0.300975 -5.83023e-06 -1.20542e-10 6.03484e-06 -5.83023e-06 0.300415 3.6942e-06 -2.7553e-11 1.36164e-10 -3.6942e-06 0.300415 3.4844e-06 6.03252e-06 -6.51334e-11 -3.48438e-06 0.299856 -1.93711e-05 -4.00505e-10 2.00509e-05 -1.93711e-05 0.998138 1.22741e-05 -9.15458e-11 4.5241e-10 -1.22741e-05 0.998138 1.1577e-05 2.00432e-05 -2.16408e-10 -1.1577e-05 0.996279
0.6 0.000114836 0.300963 -8.39516e-06 -1.73575e-10 6.0346e-06 -8.39515e-06 0.300403 3.694e-06 -3.96741e-11 1.9607e-10 -3.694e-06 0.300403 5.01739e-06 6.03229e-06 -9.37882e-11 -5.01737e-06 0.299843 -2.78943e-05 -5.7673e-10 2.0051e-05 -2.78943e-05 0.998138 1.22739e-05 -1.31824e-10 6.51475e-10 -1.22739e-05 0.998138 1.66711e-05 2.00433e-05 -3.11627e-10 -1.6671e-05 0.996279
0.7 0.000133974 0.300949 -1.14261e-05 -2.36244e-10 6.03433e-06 -1.14261e-05 0.300388 3.69376e-06 -5.39971e-11 2.66862e-10 -3.69376e-06 0.300388 6.829e-06 6.03201e-06 -1.2765e-10 -6.82898e-06 0.299829 -3.7967e-05 -7.84998e-10 2.0051e-05 -3.7967e-05 0.998138 1.22737e-05 -1.79423e-10 8.86736e-10 -1.22737e-05 0.998138 2.26916e-05 2.00433e-05 -4.24158e-10 -2.26915e-05 0.996279
0.8 0.000153112 0.300932 -1.4923e-05 -3.08549e-10 6.03401e-06 -1.4923e-05 0.300372 3.69349e-06 -7.05212e-11 3.48539e-10 -3.69349e-06 0.300372 8.91917e-06 6.0317e-06 -1.66717e-10 -8.91914e-06 0.299812 -4.95893e-05 -1.02531e-09 2.00511e-05 -4.95892e-05 0.998138 1.22735e-05 -2.34343e-10 1.1582e-09 -1.22735e-05 0.998138 2.96385e-05 2.00434e-05 -5.54002e-10 -2.96384e-05 0.996279
0.9 0.00017225 0.300913 -1.88856e-05 -3.90486e-10 6.03365e-06 -1.88856e-05 0.300353 3.69317e-06 -8.92454e-11 4.41096e-10 -3.69317e-06 0.300353 1.12878e-05 6.03134e-06 -2.10988e-10 -1.12878e-05 0.299794 -6.2761e-05 -1.29767e-09 2.00511e-05 -6.2761e-05 0.998138 1.22732e-05 -2.96582e-10 1.46586e-09 -1.22732e-05 0.998138 3.75119e-05 2.00435e-05 -7.01158e-10 -3.75118e-05 0.996279
1 0.000191387 0.300892 -2.33138e-05 -4.82052e-10 6.03324e-06 -2.33138e-05 0.300332 3.69283e-06 -1.10168e-10 5.44531e-10 -3.69283e-06 0.300332 1.39349e-05 6.03095e-06 -2.6046e-10 -1.39349e-05 0.299773 -7.74821e-05 -1.60207e-09 2.00512e-05 -7.74821e-05 0.998137 1.22729e-05 -3.66139e-10 1.80972e-09 -1.22729e-05 0.998137 4.6312e-05 2.00435e-05 -8.65627e-10 -4.63118e-05 0.996279
1.1 0.000210523 0.300869 -2.82073e-05 -5.83243e-10 6.0328e-06 -2.82072e-05 0.300309 3.69244e-06 -1.33289e-10 6.58839e-10 -3.69244e-06 0.300309 1.68603e-05 6.03051e-06 -3.15132e-10 -1.68603e-05 0.299749 -9.37526e-05 -1.93853e-09 2.00512e-05 -9.37525e-05 0.998137 1.22726e-05 -4.43013e-10 2.18979e-09 -1.22726e-05 0.998137 5.60388e-05 2.00436e-05 -1.04741e-09 -5.60386e-05 0.996278
1.2 0.000229659 0.300843 -3.35658e-05 -6.94055e-10 6.03231e-06 -3.35658e-05 0.300283 3.69202e-06 -1.58606e-10 7.84017e-10 -3.69202e-06 0.300283 2.0064e-05 6.03002e-06 -3.75001e-10 -2.0064e-05 0.299724 -0.000111572 -2.30703e-09 2.00513e-05 -0.000111572 0.998137 1.22722e-05 -5.27203e-10 2.60606e-09 -1.22722e-05 0.998137 6.66926e-05 2.00437e-05 -1.2465e-09 -6.66923e-05 0.996278
1.3 0.000248794 0.300816 -3.93892e-05 -8.14485e-10 6.03178e-06 -3.93891e-05 0.300255 3.69156e-06 -1.86117e-10 9.2006e-10 -3.69156e-06 0.300255 2.35459e-05 6.0295e-06 -4.40064e-10 -2.35458e-05 0.299696 -0.000130941 -2.70759e-09 2.00514e-05 -0.000130941 0.998137 1.22718e-05 -6.18707e-10 3.05855e-09 -1.22718e-05 0.998137 7.82734e-05 2.00438e-05 -1.4629e-09 -7.82731e-05 0.996278
1.4 0.000267929 0.300786 -4.56771e-05 -9.44528e-10 6.03121e-06 -4.5677e-05 0.300225 3.69106e-06 -2.1582e-10 1.06696e-09 -3.69106e-06 0.300225 2.73057e-05 6.02893e-06 -5.10319e-10 -2.73056e-05 0.299666 -0.000151859 -3.1402e-09 2.00515e-05 -0.000151859 0.998137 1.22714e-05 -7.17522e-10 3.54725e-09 -1.22714e-05 0.998137 9.07813e-05 2.00439e-05 -1.69662e-09 -9.0781e-05 0.996278
1.5 0.000287062 0.300754 -5.24292e-05 -1.08418e-09 6.03059e-06 -5.24291e-05 0.300193 3.69053e-06 -2.47715e-10 1.22472e-09 -3.69053e-06 0.300193 3.13435e-05 6.02833e-06 -5.85761e-10 -3.13434e-05 0.299634 -0.000174326 -3.60487e-09 2.00516e-05 -0.000174326 0.998136 1.22709e-05 -8.23648e-10 4.07217e-09 -1.22709e-05 0.998136 0.000104217 2.00441e-05 -1.94764e-09 -0.000104216 0.996278
1.6 0.000306195 0.300719 -5.96452e-05 -1.23343e-09 6.02993e-06 -5.96452e-05 0.300159 3.68996e-06 -2.81798e-10 1.39332e-09 -3.68996e-06 0.300159 3.56592e-05 6.02768e-06 -6.66389e-10 -3.5659e-05 0.2996 -0.000198342 -4.1016e-09 2.00517e-05 -0.000198342 0.998136 1.22705e-05 -9.37082e-10 4.63331e-09 -1.22705e-05 0.998136 0.00011858 2.00442e-05 -2.21598e-09 -0.000118579 0.996277
1.7 0.000325327 0.300683 -6.73248e-05 -1.39228e-09 6.02923e-06 -6.73247e-05 0.300122 3.68936e-06 -3.18069e-10 1.57277e-09 -3.68936e-06 0.300122 4.02525e-05 6.02699e-06 -7.52197e-10 -4.02523e-05 0.299563 -0.000223906 -4.63038e-09 2.00518e-05 -0.000223906 0.998136 1.22699e-05 -1.05782e-09 5.23067e-09 -1.22699e-05 0.998136 0.00013387 2.00443e-05 -2.50163e-09 -0.00013387 0.996277
1.8 0.000344457 0.300644 -7.54675e-05 -1.56071e-09 6.02849e-06 -7.54674e-05 0.300083 3.68872e-06 -3.56523e-10 1.76305e-09 -3.68872e-06 0.300083 4.51233e-05 6.02625e-06 -8.43183e-10 -4.51231e-05 0.299525 -0.000251019 -5.19124e-09 2.00519e-05 -0.000251019 0.998136 1.22694e-05 -1.18586e-09 5.86426e-09 -1.22694e-05 0.998135 0.000150089 2.00445e-05 -2.80459e-09 -0.000150088 0.996277
1.9 0.000363587 0.300603 -8.4073e-05 -1.73874e-09 6.02771e-06 -8.40729e-05 0.300042 3.68804e-06 -3.97159e-10 1.96417e-09 -3.68804e-06 0.300042 5.02715e-05 6.02548e-06 -9.39342e-10 -5.02713e-05 0.299484 -0.000279681 -5.78416e-09 2.00521e-05 -0.000279681 0.998135 1.22688e-05 -1.32121e-09 6.53409e-09 -1.22688e-05 0.998135 0.000167236 2.00446e-05 -3.12486e-09 -0.000167235 0.996277
2 0.000382716 0.30056 -9.31408e-05 -1.92633e-09 6.02688e-06 -9.31407e-05 0.299999 3.68733e-06 -4.39975e-10 2.1761e-09 -3.68733e-06 0.299999 5.56969e-05 6.02466e-06 -1.04067e-09 -5.56968e-05 0.299441 -0.000309891 -6.40916e-09 2.00522e-05 -0.000309891 0.998135 1.22682e-05 -1.46385e-09 7.24015e-09 -1.22682e-05 0.998135 0.000185311 2.00448e-05 -3.46244e-09 -0.00018531 0.996276
2.1 0.000401843 0.300514 -0.00010267 -2.1235e-09 6.02601e-06 -0.00010267 0.299954 3.68657e-06 -4.84967e-10 2.39884e-09 -3.68657e-06 0.299954 6.13995e-05 6.0238e-06 -1.14716e-09 -6.13992e-05 0.299395 -0.000341649 -7.06622e-09 2.00523e-05 -0.000341649 0.998134 1.22676e-05 -1.61379e-09 7.98246e-09 -1.22676e-05 0.998134 0.000204315 2.0045e-05 -3.81733e-09 -0.000204314 0.996276
2.2 0.000420969 0.300467 -0.000112662 -2.33023e-09 6.0251e-06 -0.000112662 0.299906 3.68579e-06 -5.32133e-10 2.63239e-09 -3.68579e-06 0.299906 6.73788e-05 6.0229e-06 -1.25881e-09 -6.73786e-05 0.299348 -0.000374955 -7.75537e-09 2.00525e-05 -0.000374955 0.998134 1.22669e-05 -1.77102e-09 8.76101e-09 -1.22669e-05 0.998134 0.000224247 2.00452e-05 -4.18953e-09 -0.000224247 0.996276
2.3 0.000440094 0.300417 -0.000123114 -2.54651e-09 6.02415e-06 -0.000123114 0.299856 3.68496e-06 -5.8147e-10 2.87674e-09 -3.68496e-06 0.299856 7.36349e-05 6.02196e-06 -1.37562e-09 -7.36347e-05 0.299298 -0.00040981 -8.4766e-09 2.00526e-05 -0.000409809 0.998134 1.22662e-05 -1.93554e-09 9.57582e-09 -1.22662e-05 0.998134 0.000245109 2.00454e-05 -4.57904e-09 -0.000245108 0.996275
2.4 0.000459218 0.300365 -0.000134026 -2.77234e-09 6.02315e-06 -0.000134026 0.299804 3.6841e-06 -6.32975e-10 3.13187e-09 -3.6841e-06 0.299804 8.01675e-05 6.02098e-06 -1.49758e-09 -8.01673e-05 0.299246 -0.000446211 -9.22991e-09 2.00528e-05 -0.000446211 0.998133 1.22654e-05 -2.10735e-09 1.04269e-08 -1.22654e-05 0.998133 0.000266901 2.00456e-05 -4.98586e-09 -0.0002669 0.996275
2.5 0.00047834 0.300311 -0.000145399 -3.00771e-09 6.02211e-06 -0.000145398 0.29975 3.68321e-06 -6.86643e-10 3.39778e-09 -3.68321e-06 0.29975 8.69765e-05 6.01996e-06 -1.62468e-09 -8.69762e-05 0.299192 -0.000484161 -1.00153e-08 2.0053e-05 -0.00048416 0.998133 1.22647e-05 -2.28644e-09 1.13142e-08 -1.22647e-05 0.998133 0.000289622 2.00458e-05 -5.40999e-09 -0.000289621 0.996275
2.6 0.000497461 0.300254 -0.00015723 -3.2526e-09 6.02103e-06 -0.00015723 0.299693 3.68227e-06 -7.42473e-10 3.67446e-09 -3.68227e-06 0.299693 9.40615e-05 6.01889e-06 -1.75691e-09 -9.40612e-05 0.299135 -0.000523657 -1.08328e-08 2.00531e-05 -0.000523657 0.998132 1.22639e-05 -2.47282e-09 1.22378e-08 -1.22639e-05 0.998132 0.000313273 2.0046e-05 -5.85143e-09 -0.000313272 0.996274
2.7 0.00051658 0.300196 -0.000169521 -3.50701e-09 6.01991e-06 -0.000169521 0.299635 3.6813e-06 -8.00461e-10 3.96189e-09 -3.6813e-06 0.299635 0.000101422 6.01778e-06 -1.89428e-09 -0.000101422 0.299077 -0.000564701 -1.16824e-08 2.00533e-05 -0.000564701 0.998132 1.2263e-05 -2.66646e-09 1.31977e-08 -1.2263e-05 0.998132 0.000337854 2.00462e-05 -6.31017e-09 -0.000337853 0.996274
2.8 0.000535698 0.300135 -0.000182269 -3.77092e-09 6.01875e-06 -0.000182269 0.299574 3.6803e-06 -8.60602e-10 4.26008e-09 -3.6803e-06 0.299574 0.000109059 6.01663e-06 -2.03678e-09 -0.000109059 0.299016 -0.000607292 -1.25641e-08 2.00535e-05 -0.000607292 0.998132 1.22622e-05 -2.86739e-09 1.41939e-08 -1.22622e-05 0.998131 0.000363367 2.00464e-05 -6.78622e-09 -0.000363365 0.996273
2.9 0.000554814 0.300072 -0.000195476 -4.04434e-09 6.01754e-06 -0.000195475 0.299511 3.67926e-06 -9.22893e-10 4.56899e-09 -3.67926e-06 0.299511 0.000116971 6.01544e-06 -2.1844e-09 -0.000116971 0.298953 -0.00065143 -1.34779e-08 2.00537e-05 -0.000651429 0.998131 1.22613e-05 -3.07558e-09 1.52263e-08 -1.22613e-05 0.998131 0.00038981 2.00467e-05 -7.27958e-09 -0.000389809 0.996273
3 0.000573928 0.300006 -0.000209139 -4.32724e-09 6.01629e-06 -0.000209138 0.299446 3.67818e-06 -9.8733e-10 4.88864e-09 -3.67818e-06 0.299445 0.000125158 6.01421e-06 -2.33712e-09 -0.000125158 0.298888 -0.000697114 -1.44238e-08 2.00539e-05 -0.000697113 0.998131 1.22603e-05 -3.29103e-09 1.62951e-08 -1.22603e-05 0.99813 0.000417185 2.00469e-05 -7.79025e-09 -0.000417183 0.996273
3.1 0.00059304 0.299939 -0.000223258 -4.61962e-09 6.015e-06 -0.000223258 0.299378 3.67706e-06 -1.05391e-09 5.21899e-09 -3.67706e-06 0.299378 0.00013362 6.01293e-06 -2.49496e-09 -0.00013362 0.298821 -0.000744344 -1.54019e-08 2.00541e-05 -0.000744343 0.99813 1.22594e-05 -3.51375e-09 1.74002e-08 -1.22594e-05 0.99813 0.000445491 2.00472e-05 -8.31823e-09 -0.00044549 0.996272
3.2 0.000612151 0.299869 -0.000237833 -4.92146e-09 6.01367e-06 -0.000237832 0.299308 3.67591e-06 -1.12263e-09 5.56004e-09 -3.67591e-06 0.299308 0.000142357 6.01162e-06 -2.65789e-09 -0.000142357 0.298751 -0.000793121 -1.6412e-08 2.00543e-05 -0.00079312 0.99813 1.22584e-05 -3.74372e-09 1.85416e-08 -1.22584e-05 0.998129 0.00047473 2.00475e-05 -8.86351e-09 -0.000474728 0.996272
3.3 0.00063126 0.299797 -0.000252862 -5.23276e-09 6.0123e-06 -0.000252862 0.299237 3.67473e-06 -1.19348e-09 5.91178e-09 -3.67473e-06 0.299236 0.000151368 6.01026e-06 -2.82592e-09 -0.000151368 0.29868 -0.000843443 -1.74543e-08 2.00545e-05 -0.000843442 0.998129 1.22574e-05 -3.98095e-09 1.97193e-08 -1.22574e-05 0.998128 0.000504901 2.00477e-05 -9.42609e-09 -0.0005049 0.996271
3.4 0.000650367 0.299723 -0.000268346 -5.5535e-09 6.01088e-06 -0.000268345 0.299163 3.6735e-06 -1.26646e-09 6.2742e-09 -3.6735e-06 0.299162 0.000160653 6.00886e-06 -2.99903e-09 -0.000160653 0.298606 -0.000895311 -1.85287e-08 2.00548e-05 -0.00089531 0.998128 1.22563e-05 -4.22542e-09 2.09333e-08 -1.22563e-05 0.998128 0.000536006 2.0048e-05 -1.0006e-08 -0.000536004 0.996271
3.5 0.000669472 0.299647 -0.000284283 -5.88366e-09 6.00942e-06 -0.000284282 0.299086 3.67224e-06 -1.34156e-09 6.64727e-09 -3.67224e-06 0.299086 0.000170213 6.00742e-06 -3.17721e-09 -0.000170212 0.29853 -0.000948724 -1.96353e-08 2.0055e-05 -0.000948723 0.998128 1.22552e-05 -4.47713e-09 2.21837e-08 -1.22552e-05 0.998127 0.000568043 2.00483e-05 -1.06032e-08 -0.000568041 0.99627
3.6 0.000688575 0.299569 -0.000300672 -6.22325e-09 6.00792e-06 -0.000300672 0.299008 3.67095e-06 -1.41878e-09 7.031e-09 -3.67095e-06 0.299008 0.000180045 6.00594e-06 -3.36047e-09 -0.000180045 0.298451 -0.00100368 -2.0774e-08 2.00552e-05 -0.00100368 0.998127 1.22541e-05 -4.73609e-09 2.34704e-08 -1.22541e-05 0.998127 0.000601015 2.00486e-05 -1.12177e-08 -0.000601013 0.996269
3.7 0.000707676 0.299488 -0.000317513 -6.57223e-09 6.00638e-06 -0.000317513 0.298927 3.66962e-06 -1.49812e-09 7.42535e-09 -3.66962e-06 0.298927 0.000190151 6.00442e-06 -3.54878e-09 -0.000190151 0.298371 -0.00106019 -2.19449e-08 2.00555e-05 -0.00106018 0.998127 1.2253e-05 -5.00228e-09 2.47935e-08 -1.2253e-05 0.998126 0.000634921 2.00489e-05 -1.18495e-08 -0.000634918 0.996269
3.8 0.000726775 0.299406 -0.000334805 -6.9306e-09 6.0048e-06 -0.000334805 0.298844 3.66825e-06 -1.57957e-09 7.83032e-09 -3.66825e-06 0.298844 0.00020053 6.00286e-06 -3.74215e-09 -0.00020053 0.298288 -0.00111823 -2.31479e-08 2.00557e-05 -0.00111823 0.998126 1.22518e-05 -5.27569e-09 2.61529e-08 -1.22518e-05 0.998125 0.000669761 2.00493e-05 -1.24986e-08 -0.000669759 0.996268
3.9 0.000745871 0.299321 -0.000352547 -7.29835e-09 6.00317e-06 -0.000352547 0.29876 3.66685e-06 -1.66312e-09 8.2459e-09 -3.66685e-06 0.298759 0.000211182 6.00125e-06 -3.94056e-09 -0.000211181 0.298203 -0.00117783 -2.43831e-08 2.0056e-05 -0.00117782 0.998125 1.22506e-05 -5.55633e-09 2.75487e-08 -1.22506e-05 0.998124 0.000705537 2.00496e-05 -1.3165e-08 -0.000705534 0.996268
4 0.000764965 0.299234 -0.000370739 -7.67546e-09 6.00151e-06 -0.000370738 0.298672 3.66541e-06 -1.74878e-09 8.67206e-09 -3.66541e-06 0.298672 0.000222106 5.99961e-06 -4.144e-09 -0.000222105 0.298116 -0.00123896 -2.56504e-08 2.00563e-05 -0.00123896 0.998125 1.22493e-05 -5.84419e-09 2.89809e-08 -1.22493e-05 0.998124 0.000742248 2.00499e-05 -1.38487e-08 -0.000742246 0.996267
4.1 0.000784057 0.299144 -0.000389378 -8.06192e-09 5.9998e-06 -0.000389378 0.298583 3.66393e-06 -1.83652e-09 9.1088e-09 -3.66394e-06 0.298583 0.000233301 5.99792e-06 -4.35247e-09 -0.000233301 0.298027 -0.00130164 -2.69499e-08 2.00565e-05 -0.00130164 0.998124 1.22481e-05 -6.13926e-09 3.04495e-08 -1.22481e-05 0.998123 0.000779896 2.00503e-05 -1.45497e-08 -0.000779893 0.996266
4.2 0.000803147 0.299053 -0.000408465 -8.45771e-09 5.99805e-06 -0.000408465 0.298492 3.66242e-06 -1.92636e-09 9.55609e-09 -3.66243e-06 0.298491 0.000244769 5.99619e-06 -4.56596e-09 -0.000244768 0.297936 -0.00136586 -2.82817e-08 2.00568e-05 -0.00136586 0.998123 1.22467e-05 -6.44154e-09 3.19545e-08 -1.22468e-05 0.998122 0.00081848 2.00506e-05 -1.52681e-08 -0.000818477 0.996265
4.3 0.000822234 0.298959 -0.000427999 -8.86281e-09 5.99626e-06 -0.000427998 0.298398 3.66088e-06 -2.01828e-09 1.00139e-08 -3.66088e-06 0.298397 0.000256507 5.99443e-06 -4.78445e-09 -0.000256507 0.297842 -0.00143163 -2.96456e-08 2.00571e-05 -0.00143163 0.998122 1.22454e-05 -6.75101e-09 3.34959e-08 -1.22454e-05 0.998121 0.000858002 2.0051e-05 -1.60037e-08 -0.000857999 0.996265
4.4 0.000841318 0.298863 -0.000447978 -9.27722e-09 5.99442e-06 -0.000447977 0.298302 3.6593e-06 -2.11227e-09 1.04823e-08 -3.6593e-06 0.298302 0.000268517 5.99262e-06 -5.00794e-09 -0.000268516 0.297747 -0.00149894 -3.10417e-08 2.00574e-05 -0.00149894 0.998122 1.2244e-05 -7.06769e-09 3.50738e-08 -1.2244e-05 0.99812 0.000898461 2.00514e-05 -1.67566e-08 -0.000898458 0.996264
4.5 0.0008604 0.298765 -0.000468401 -9.70091e-09 5.99255e-06 -0.000468401 0.298204 3.65768e-06 -2.20834e-09 1.09611e-08 -3.65768e-06 0.298203 0.000280797 5.99076e-06 -5.23641e-09 -0.000280796 0.297649 -0.00156779 -3.247e-08 2.00577e-05 -0.00156779 0.998121 1.22426e-05 -7.39155e-09 3.66881e-08 -1.22426e-05 0.998119 0.000939858 2.00517e-05 -1.75268e-08 -0.000939855 0.996263
4.6 0.00087948 0.298665 -0.000489268 -1.01339e-08 5.99063e-06 -0.000489268 0.298104 3.65602e-06 -2.30647e-09 1.14505e-08 -3.65603e-06 0.298103 0.000293347 5.98887e-06 -5.46986e-09 -0.000293346 0.297549 -0.00163818 -3.39305e-08 2.0058e-05 -0.00163818 0.99812 1.22412e-05 -7.72259e-09 3.83388e-08 -1.22412e-05 0.998118 0.000982195 2.00521e-05 -1.83143e-08 -0.000982191 0.996262
4.7 0.000898556 0.298563 -0.000510577 -1.05761e-08 5.98868e-06 -0.000510577 0.298001 3.65434e-06 -2.40666e-09 1.19503e-08 -3.65434e-06 0.298001 0.000306168 5.98694e-06 -5.70827e-09 -0.000306166 0.297447 -0.00171012 -3.54233e-08 2.00583e-05 -0.00171011 0.998119 1.22397e-05 -8.06082e-09 4.0026e-08 -1.22398e-05 0.998117 0.00102547 2.00525e-05 -1.91192e-08 -0.00102547 0.996261
4.8 0.00091763 0.298458 -0.000532328 -1.10275e-08 5.98668e-06 -0.000532328 0.297897 3.65261e-06 -2.5089e-09 1.24605e-08 -3.65261e-06 0.297896 0.000319257 5.98497e-06 -5.95164e-09 -0.000319256 0.297342 -0.00178359 -3.69483e-08 2.00587e-05 -0.00178359 0.998119 1.22383e-05 -8.40621e-09 4.17497e-08 -1.22383e-05 0.998116 0.00106969 2.00529e-05 -1.99413e-08 -0.00106968 0.996261
4.9 0.000936701 0.298352 -0.00055452 -1.14882e-08 5.98464e-06 -0.000554519 0.29779 3.65085e-06 -2.6132e-09 1.29812e-08 -3.65085e-06 0.29779 0.000332615 5.98295e-06 -6.19996e-09 -0.000332614 0.297236 -0.00185861 -3.85055e-08 2.0059e-05 -0.00185861 0.998118 1.22367e-05 -8.75877e-09 4.35098e-08 -1.22367e-05 0.998115 0.00111484 2.00533e-05 -2.07807e-08 -0.00111484 0.99626
5 0.00095577 0.298243 -0.00057715 -1.1958e-08 5.98256e-06 -0.00057715 0.297681 3.64906e-06 -2.71953e-09 1.35123e-08 -3.64906e-06 0.297681 0.000346242 5.9809e-06 -6.45321e-09 -0.000346241 0.297127 -0.00193517 -4.0095e-08 2.00593e-05 -0.00193516 0.998117 1.22352e-05 -9.11849e-09 4.53065e-08 -1.22352e-05 0.998114 0.00116094 2.00538e-05 -2.16374e-08 -0.00116094 0.996259
5.1 0.000974835 0.298132 -0.000600219 -1.24371e-08 5.98044e-06 -0.000600218 0.29757 3.64723e-06 -2.82789e-09 1.40538e-08 -3.64723e-06 0.29757 0.000360138 5.9788e-06 -6.71138e-09 -0.000360136 0.297017 -0.00201326 -4.17167e-08 2.00597e-05 -0.00201326 0.998116 1.22336e-05 -9.48535e-09 4.71396e-08 -1.22336e-05 0.998113 0.00120798 2.00542e-05 -2.25114e-08 -0.00120798 0.996258
5.2 0.000993897 0.298019 -0.000623725 -1.29253e-08 5.97827e-06 -0.000623724 0.297457 3.64536e-06 -2.93828e-09 1.46057e-08 -3.64536e-06 0.297456 0.000374301 5.97667e-06 -6.97446e-09 -0.000374299 0.296904 -0.0020929 -4.33707e-08 2.006e-05 -0.0020929 0.998115 1.2232e-05 -9.85936e-09 4.90093e-08 -1.2232e-05 0.998112 0.00125596 2.00546e-05 -2.34027e-08 -0.00125596 0.996257
5.3 0.00101296 0.297904 -0.000647666 -1.34226e-08 5.97607e-06 -0.000647666 0.297342 3.64346e-06 -3.05069e-09 1.51679e-08 -3.64346e-06 0.297341 0.000388731 5.97449e-06 -7.24243e-09 -0.00038873 0.296788 -0.00217408 -4.5057e-08 2.00604e-05 -0.00217408 0.998114 1.22303e-05 -1.02405e-08 5.09155e-08 -1.22303e-05 0.998111 0.00130489 2.00551e-05 -2.43113e-08 -0.00130488 0.996256
5.4 0.00103201 0.297786 -0.000672043 -1.39291e-08 5.97382e-06 -0.000672042 0.297225 3.64152e-06 -3.16511e-09 1.57405e-08 -3.64152e-06 0.297224 0.000403428 5.97227e-06 -7.5153e-09 -0.000403427 0.296671 -0.00225679 -4.67755e-08 2.00608e-05 -0.00225679 0.998113 1.22286e-05 -1.06288e-08 5.28582e-08 -1.22286e-05 0.99811 0.00135476 2.00556e-05 -2.52372e-08 -0.00135475 0.996255
5.5 0.00105107 0.297667 -0.000696853 -1.44447e-08 5.97154e-06 -0.000696852 0.297105 3.63955e-06 -3.28154e-09 1.63233e-08 -3.63955e-06 0.297104 0.000418391 5.97002e-06 -7.79304e-09 -0.00041839 0.296552 -0.00234105 -4.85264e-08 2.00611e-05 -0.00234105 0.998112 1.22269e-05 -1.10242e-08 5.48376e-08 -1.22269e-05 0.998109 0.00140557 2.0056e-05 -2.61804e-08 -0.00140556 0.996254
5.6 0.00107012 0.297545 -0.000722095 -1.49694e-08 5.96921e-06 -0.000722095 0.296983 3.63754e-06 -3.39996e-09 1.69165e-08 -3.63755e-06 0.296982 0.000433621 5.96772e-06 -8.07564e-09 -0.000433619 0.29643 -0.00242684 -5.03095e-08 2.00615e-05 -0.00242684 0.998111 1.22252e-05 -1.14267e-08 5.68535e-08 -1.22252e-05 0.998107 0.00145733 2.00565e-05 -2.71409e-08 -0.00145732 0.996253
5.7 0.00108916 0.297422 -0.000747769 -1.55031e-08 5.96684e-06 -0.000747768 0.296859 3.6355e-06 -3.52038e-09 1.75199e-08 -3.63551e-06 0.296858 0.000449116 5.96538e-06 -8.36309e-09 -0.000449114 0.296307 -0.00251417 -5.2125e-08 2.00619e-05 -0.00251417 0.99811 1.22234e-05 -1.18363e-08 5.89059e-08 -1.22234e-05 0.998106 0.00151003 2.0057e-05 -2.81186e-08 -0.00151003 0.996252
5.8 0.00110821 0.297296 -0.000773872 -1.60459e-08 5.96444e-06 -0.000773871 0.296733 3.63342e-06 -3.64278e-09 1.81335e-08 -3.63343e-06 0.296732 0.000464876 5.963e-06 -8.65537e-09 -0.000464874 0.296181 -0.00260304 -5.39727e-08 2.00623e-05 -0.00260304 0.998109 1.22216e-05 -1.22531e-08 6.0995e-08 -1.22216e-05 0.998105 0.00156368 2.00575e-05 -2.91137e-08 -0.00156368 0.996251
5.9 0.00112725 0.297168 -0.000800404 -1.65977e-08 5.96199e-06 -0.000800403 0.296605 3.63131e-06 -3.76716e-09 1.87574e-08 -3.63132e-06 0.296604 0.0004809 5.96058e-06 -8.95248e-09 -0.000480899 0.296053 -0.00269344 -5.58529e-08 2.00627e-05 -0.00269344 0.998108 1.22198e-05 -1.26769e-08 6.31207e-08 -1.22198e-05 0.998103 0.00161828 2.0058e-05 -3.0126e-08 -0.00161828 0.996249
6 0.00172656 0.297037 -0.000827363 -1.71585e-08 5.9595e-06 -0.000827362 0.296475 3.62917e-06 -3.8935e-09 1.93915e-08 -3.62917e-06 0.296474 0.000497189 5.95812e-06 -9.2544e-09 -0.000497187 0.295923 -0.00278538 -5.77653e-08 2.00631e-05 -0.00278538 0.998107 1.22179e-05 -1.31078e-08 6.52831e-08 -1.22179e-05 0.998102 0.00167383 2.00585e-05 -3.11557e-08 -0.00167382 0.996248
6.2 0.00236869 0.296771 -0.000882558 -1.8307e-08 5.9544e-06 -0.000882557 0.296208 3.62477e-06 -4.15206e-09 2.06902e-08 -3.62478e-06 0.296206 0.000530556 5.95309e-06 -9.87261e-09 -0.000530554 0.295656 -0.00297387 -6.16873e-08 2.0064e-05 -0.00297387 0.998105 1.2214e-05 -1.39908e-08 6.97177e-08 -1.22141e-05 0.998099 0.00178777 2.00596e-05 -3.32668e-08 -0.00178776 0.996246
6.4 0.00244479 0.296495 -0.000939446 -1.94912e-08 5.94913e-06 -0.000939445 0.295933 3.62023e-06 -4.4184e-09 2.20293e-08 -3.62024e-06 0.295931 0.000564974 5.94789e-06 -1.05099e-08 -0.000564972 0.295381 -0.0031685 -6.57388e-08 2.00648e-05 -0.0031685 0.998103 1.22101e-05 -1.49021e-08 7.4299e-08 -1.22101e-05 0.998096 0.00190551 2.00606e-05 -3.54471e-08 -0.0019055 0.996243
6.6 0.00252085 0.296212 -0.000998016 -2.07111e-08 5.94371e-06 -0.000998015 0.295649 3.61556e-06 -4.69245e-09 2.34088e-08 -3.61557e-06 0.295647 0.000600437 5.94253e-06 -1.11662e-08 -0.000600435 0.295098 -0.00336927 -6.99198e-08 2.00657e-05 -0.00336926 0.998101 1.2206e-05 -1.58415e-08 7.90272e-08 -1.2206e-05 0.998093 0.00202705 2.00618e-05 -3.76965e-08 -0.00202705 0.99624
6.8 0.00259689 0.29592 -0.00105826 -2.19663e-08 5.93812e-06 -0.00105826 0.295357 3.61075e-06 -4.97414e-09 2.48283e-08 -3.61076e-06 0.295354 0.000636942 5.93702e-06 -1.18413e-08 -0.00063694 0.294806 -0.00357616 -7.42306e-08 2.00667e-05 -0.00357616 0.998098 1.22018e-05 -1.68091e-08 8.39023e-08 -1.22018e-05 0.99809 0.00215241 2.00629e-05 -4.00151e-08 -0.00215241 0.996237
7 0.00267289 0.295619 -0.00112016 -2.32567e-08 5.93238e-06 -0.00112015 0.295056 3.6058e-06 -5.26341e-09 2.62878e-08 -3.60581e-06 0.295053 0.000674484 5.93134e-06 -1.25351e-08 -0.000674481 0.294506 -0.00378919 -7.86711e-08 2.00676e-05 -0.00378918 0.998096 1.21974e-05 -1.78047e-08 8.89246e-08 -1.21975e-05 0.998086 0.0022816 2.00641e-05 -4.24028e-08 -0.00228159 0.996234
7.2 0.00274886 0.29531 -0.0011837 -2.45821e-08 5.92647e-06 -0.0011837 0.294747 3.60071e-06 -5.56017e-09 2.77869e-08 -3.60072e-06 0.294744 0.000713058 5.92551e-06 -1.32475e-08 -0.000713056 0.294197 -0.00400833 -8.32415e-08 2.00686e-05 -0.00400833 0.998094 1.2193e-05 -1.88282e-08 9.4094e-08 -1.2193e-05 0.998082 0.00241461 2.00654e-05 -4.48596e-08 -0.0024146 0.996231
7.4 0.0028248 0.294993 -0.00124888 -2.59422e-08 5.92041e-06 -0.00124888 0.29443 3.59549e-06 -5.86437e-09 2.93255e-08 -3.59551e-06 0.294426 0.00075266 5.91952e-06 -1.39784e-08 -0.000752658 0.29388 -0.0042336 -8.79418e-08 2.00696e-05 -0.00423359 0.998091 1.21884e-05 -1.98797e-08 9.94109e-08 -1.21884e-05 0.998079 0.00255145 2.00666e-05 -4.73855e-08 -0.00255144 0.996228
7.6 0.00290071 0.294668 -0.00131568 -2.7337e-08 5.91418e-06 -0.00131568 0.294104 3.59014e-06 -6.17593e-09 3.09034e-08 -3.59015e-06 0.2941 0.000793286 5.91337e-06 -1.47276e-08 -0.000793283 0.293555 -0.00446498 -9.27722e-08 2.00707e-05 -0.00446497 0.998088 1.21837e-05 -2.0959e-08 1.04875e-07 -1.21837e-05 0.998075 0.00269214 2.00679e-05 -4.99805e-08 -0.00269213 0.996224
7.8 0.00297657 0.294334 -0.0013841 -2.87661e-08 5.9078e-06 -0.00138409 0.293771 3.58465e-06 -6.49477e-09 3.25202e-08 -3.58466e-06 0.293766 0.000834929 5.90707e-06 -1.54951e-08 -0.000834926 0.293221 -0.00470247 -9.77328e-08 2.00718e-05 -0.00470246 0.998086 1.21788e-05 -2.2066e-08 1.10487e-07 -1.21789e-05 0.99807 0.00283667 2.00693e-05 -5.26446e-08 -0.00283666 0.99622
8 0.00305241 0.293992 -0.0014541 -3.02293e-08 5.90127e-06 -0.0014541 0.293428 3.57902e-06 -6.8208e-09 3.41758e-08 -3.57904e-06 0.293423 0.000877585 5.90061e-06 -1.62806e-08 -0.000877582 0.29288 -0.00494606 -1.02824e-07 2.00729e-05 -0.00494605 0.998083 1.21739e-05 -2.32006e-08 1.16247e-07 -1.21739e-05 0.998066 0.00298507 2.00707e-05 -5.53778e-08 -0.00298505 0.996216
8.2 0.0031282 0.293642 -0.00152569 -3.17265e-08 5.89457e-06 -0.00152569 0.293078 3.57326e-06 -7.15396e-09 3.58698e-08 -3.57328e-06 0.293073 0.000921249 5.894e-06 -1.70841e-08 -0.000921246 0.292529 -0.00519575 -1.08045e-07 2.0074e-05 -0.00519574 0.99808 1.21688e-05 -2.43629e-08 1.22155e-07 -1.21688e-05 0.998061 0.00313732 2.00721e-05 -5.81801e-08 -0.00313731 0.996212
8.4 0.00320396 0.293283 -0.00159884 -3.32574e-08 5.88772e-06 -0.00159884 0.292719 3.56737e-06 -7.49416e-09 3.76022e-08 -3.56739e-06 0.292713 0.000965915 5.88723e-06 -1.79054e-08 -0.000965912 0.292171 -0.00545154 -1.13397e-07 2.00752e-05 -0.00545153 0.998077 1.21636e-05 -2.55526e-08 1.28211e-07 -1.21636e-05 0.998057 0.00329345 2.00735e-05 -6.10514e-08 -0.00329344 0.996208
8.6 0.00327968 0.292917 -0.00167355 -3.48217e-08 5.88072e-06 -0.00167355 0.292353 3.56135e-06 -7.84133e-09 3.93726e-08 -3.56137e-06 0.292346 0.00101158 5.88031e-06 -1.87443e-08 -0.00101158 0.291805 -0.00571341 -1.18879e-07 2.00764e-05 -0.0057134 0.998074 1.21582e-05 -2.67698e-08 1.34415e-07 -1.21583e-05 0.998052 0.00345347 2.0075e-05 -6.39918e-08 -0.00345346 0.996203
8.8 0.00335535 0.292542 -0.0017498 -3.64193e-08 5.87355e-06 -0.0017498 0.291978 3.5552e-06 -8.19536e-09 4.11807e-08 -3.55522e-06 0.291971 0.00105823 5.87324e-06 -1.96007e-08 -0.00105823 0.29143 -0.00598137 -1.24492e-07 2.00776e-05 -0.00598136 0.998071 1.21528e-05 -2.80143e-08 1.40768e-07 -1.21528e-05 0.998046 0.00361737 2.00766e-05 -6.70012e-08 -0.00361736 0.996199
9 0.00343099 0.29216 -0.00182757 -3.80498e-08 5.86624e-06 -0.00182757 0.291595 3.54891e-06 -8.55619e-09 4.30263e-08 -3.54894e-06 0.291587 0.00110587 5.86601e-06 -2.04744e-08 -0.00110587 0.291047 -0.0062554 -1.30237e-07 2.00789e-05 -0.00625539 0.998068 1.21472e-05 -2.9286e-08 1.4727e-07 -1.21473e-05 0.998041 0.00378517 2.00781e-05 -7.00796e-08 -0.00378516 0.996194
9.2 0.00350659 0.291769 -0.00190686 -3.97131e-08 5.85877e-06 -0.00190685 0.291204 3.5425e-06 -8.92372e-09 4.49091e-08 -3.54252e-06 0.291196 0.00115449 5.85864e-06 -2.13654e-08 -0.00115449 0.290657 -0.0065355 -1.36112e-07 2.00802e-05 -0.0065355 0.998065 1.21414e-05 -3.05849e-08 1.5392e-07 -1.21415e-05 0.998035 0.00395688 2.00797e-05 -7.32271e-08 -0.00395687 0.996188
9.4 0.00358214 0.29137 -0.00198763 -4.14089e-08 5.85115e-06 -0.00198763 0.290805 3.53595e-06 -9.29787e-09 4.68288e-08 -3.53598e-06 0.290796 0.00120409 5.85111e-06 -2.22734e-08 -0.00120408 0.290258 -0.00682168 -1.42118e-07 2.00815e-05 -0.00682167 0.998062 1.21356e-05 -3.19109e-08 1.60719e-07 -1.21357e-05 0.998029 0.00413251 2.00814e-05 -7.64436e-08 -0.00413249 0.996183
9.6 0.00365765 0.290963 -0.00206989 -4.31369e-08 5.84338e-06 -0.00206988 0.290398 3.52928e-06 -9.67855e-09 4.87852e-08 -3.52931e-06 0.290388 0.00125465 5.84343e-06 -2.31982e-08 -0.00125465 0.289851 -0.00711391 -1.48255e-07 2.00829e-05 -0.0071139 0.998058 1.21296e-05 -3.32638e-08 1.67668e-07 -1.21297e-05 0.998023 0.00431206 2.0083e-05 -7.97291e-08 -0.00431204 0.996177
9.8 0.00373311 0.290549 -0.0021536 -4.48968e-08 5.83546e-06 -0.0021536 0.289984 3.52248e-06 -1.00657e-08 5.0778e-08 -3.52252e-06 0.289972 0.00130618 5.8356e-06 -2.41398e-08 -0.00130617 0.289436 -0.00741219 -1.54524e-07 2.00843e-05 -0.00741218 0.998055 1.21235e-05 -3.46436e-08 1.74766e-07 -1.21237e-05 0.998017 0.00449555 2.00848e-05 -8.30836e-08 -0.00449553 0.996171
10 0.00380853 0.290126 -0.00223876 -4.66885e-08 5.82739e-06 -0.00223876 0.289561 3.51555e-06 -1.04591e-08 5.28068e-08 -3.51559e-06 0.289549 0.00135866 5.82763e-06 -2.5098e-08 -0.00135865 0.289014 -0.00771652 -1.60925e-07 2.00857e-05 -0.00771651 0.998051 1.21173e-05 -3.60502e-08 1.82013e-07 -1.21175e-05 0.99801 0.00468298 2.00865e-05 -8.6507e-08 -0.00468296 0.996165
10.2 0.0038839 0.289696 -0.00232536 -4.85116e-08 5.81916e-06 -0.00232535 0.28913 3.5085e-06 -1.08588e-08 5.48714e-08 -3.50854e-06 0.289117 0.00141208 5.81951e-06 -2.60725e-08 -0.00141208 0.288583 -0.00802688 -1.67457e-07 2.00871e-05 -0.00802688 0.998048 1.2111e-05 -3.74835e-08 1.8941e-07 -1.21111e-05 0.998003 0.00487437 2.00883e-05 -8.99994e-08 -0.00487435 0.996159
10.4 0.00395923 0.289258 -0.00241336 -5.03658e-08 5.81079e-06 -0.00241336 0.288692 3.50132e-06 -1.12647e-08 5.69715e-08 -3.50137e-06 0.288678 0.00146646 5.81123e-06 -2.70632e-08 -0.00146645 0.288145 -0.00834329 -1.74121e-07 2.00886e-05 -0.00834328 0.998044 1.21045e-05 -3.89434e-08 1.96957e-07 -1.21047e-05 0.997995 0.00506972 2.00902e-05 -9.35608e-08 -0.0050697 0.996152
10.6 0.0040345 0.288812 -0.00250276 -5.22509e-08 5.80227e-06 -0.00250276 0.288246 3.49402e-06 -1.16766e-08 5.91067e-08 -3.49407e-06 0.288231 0.00152176 5.80282e-06 -2.80699e-08 -0.00152176 0.287698 -0.00866571 -1.80917e-07 2.00902e-05 -0.0086657 0.99804 1.20979e-05 -4.04298e-08 2.04655e-07 -1.20981e-05 0.997988 0.00526905 2.0092e-05 -9.71911e-08 -0.00526903 0.996145
10.8 0.00410973 0.288358 -0.00259354 -5.41666e-08 5.79361e-06 -0.00259354 0.287792 3.48659e-06 -1.20945e-08 6.12768e-08 -3.48665e-06 0.287776 0.001578 5.79425e-06 -2.90925e-08 -0.001578 0.287244 -0.00899416 -1.87845e-07 2.00917e-05 -0.00899415 0.998036 1.20912e-05 -4.19426e-08 2.12502e-07 -1.20914e-05 0.99798 0.00547236 2.0094e-05 -1.0089e-07 -0.00547234 0.996138
11 0.00418491 0.287897 -0.00268568 -5.61127e-08 5.7848e-06 -0.00268568 0.28733 3.47905e-06 -1.25183e-08 6.34815e-08 -3.4791e-06 0.287313 0.00163516 5.78555e-06 -3.01308e-08 -0.00163515 0.286783 -0.00932862 -1.94905e-07 2.00933e-05 -0.00932861 0.998033 1.20843e-05 -4.34817e-08 2.20501e-07 -1.20845e-05 0.997972 0.00567968 2.00959e-05 -1.04658e-07 -0.00567966 0.99613
11.2 0.00426003 0.287428 -0.00277916 -5.80887e-08 5.77584e-06 -0.00277916 0.286861 3.47137e-06 -1.29478e-08 6.57203e-08 -3.47143e-06 0.286842 0.00169324 5.7767e-06 -3.11846e-08 -0.00169323 0.286313 -0.00966908 -2.02098e-07 2.00949e-05 -0.00966907 0.998029 1.20774e-05 -4.50471e-08 2.2865e-07 -1.20776e-05 0.997963 0.00589099 2.00979e-05 -1.08496e-07 -0.00589097 0.996123
11.4 0.00433511 0.286951 -0.00287397 -6.00944e-08 5.76674e-06 -0.00287397 0.286384 3.46358e-06 -1.3383e-08 6.7993e-08 -3.46365e-06 0.286364 0.00175222 5.7677e-06 -3.22537e-08 -0.00175221 0.285836 -0.0100155 -2.09424e-07 2.00966e-05 -0.0100155 0.998025 1.20703e-05 -4.66385e-08 2.3695e-07 -1.20705e-05 0.997954 0.00610633 2.00999e-05 -1.12401e-07 -0.00610631 0.996114
11.6 0.00441013 0.286467 -0.00297009 -6.21296e-08 5.75749e-06 -0.00297008 0.2859 3.45567e-06 -1.38237e-08 7.02993e-08 -3.45574e-06 0.285878 0.0018121 5.75856e-06 -3.3338e-08 -0.0018121 0.285352 -0.010368 -2.16882e-07 2.00983e-05 -0.010368 0.99802 1.20631e-05 -4.82559e-08 2.45401e-07 -1.20633e-05 0.997945 0.0063257 2.0102e-05 -1.16376e-07 -0.00632568 0.996106
11.8 0.0044851 0.285975 -0.00306749 -6.41939e-08 5.7481e-06 -0.00306749 0.285408 3.44764e-06 -1.427e-08 7.26388e-08 -3.44771e-06 0.285385 0.00187288 5.74929e-06 -3.44371e-08 -0.00187288 0.284859 -0.0107264 -2.24473e-07 2.01e-05 -0.0107264 0.998016 1.20557e-05 -4.98993e-08 2.54004e-07 -1.2056e-05 0.997936 0.00654911 2.01041e-05 -1.2042e-07 -0.00654908 0.996097
12 0.0139046 0.285476 -0.00316616 -6.6287e-08 5.73857e-06 -0.00316616 0.284909 3.43949e-06 -1.47216e-08 7.50112e-08 -3.43957e-06 0.284884 0.00193455 5.73987e-06 -3.5551e-08 -0.00193454 0.28436 -0.0110908 -2.32198e-07 2.01017e-05 -0.0110908 0.998012 1.20482e-05 -5.15684e-08 2.62758e-07 -1.20485e-05 0.997926 0.00677657 2.01063e-05 -1.24532e-07 -0.00677655 0.996088
13 0.0246683 0.28287 -0.0036779 -7.71737e-08 5.68883e-06 -0.0036779 0.282302 3.397e-06 -1.70564e-08 8.73541e-08 -3.39711e-06 0.282268 0.00225592 5.6907e-06 -4.13349e-08 -0.00225591 0.281749 -0.0130021 -2.72823e-07 2.01111e-05 -0.0130021 0.997989 1.2009e-05 -6.02974e-08 3.08813e-07 -1.20094e-05 0.997871 0.00797509 2.01177e-05 -1.46127e-07 -0.00797506 0.996037
14 0.0265294 0.280085 -0.00421845 -8.87324e-08 5.63568e-06 -0.00421845 0.279515 3.35169e-06 -1.95095e-08 1.00465e-07 -3.35184e-06 0.27947 0.00259829 5.63816e-06 -4.74575e-08 -0.00259828 0.278958 -0.0150613 -3.16805e-07 2.01213e-05 -0.0150613 0.997965 1.19667e-05 -6.96556e-08 3.58696e-07 -1.19672e-05 0.997805 0.0092768 2.01302e-05 -1.6944e-07 -0.00927677 0.995975
15 0.0283823 0.277127 -0.00478523 -1.00921e-07 5.57925e-06 -0.00478522 0.276555 3.30369e-06 -2.20674e-08 1.14297e-07 -3.30388e-06 0.276497 0.00296064 5.58236e-06 -5.38925e-08 -0.00296063 0.275991 -0.0172673 -3.64169e-07 2.01325e-05 -0.0172673 0.997938 1.19212e-05 -7.96295e-08 4.12438e-07 -1.19219e-05 0.997728 0.0106834 2.01437e-05 -1.94469e-07 -0.0106833 0.995902
16 0.0302266 0.274002 -0.00537554 -1.13695e-07 5.51967e-06 -0.00537553 0.273429 3.25313e-06 -2.47165e-08 1.28801e-07 -3.25338e-06 0.273354 0.00334188 5.52344e-06 -6.06123e-08 -0.00334187 0.272855 -0.0196186 -4.14942e-07 2.01446e-05 -0.0196186 0.997909 1.18726e-05 -9.02057e-08 4.70073e-07 -1.18736e-05 0.997637 0.0121966 2.01584e-05 -2.21212e-07 -0.0121965 0.995816
17 0.0320617 0.270717 -0.00598659 -1.27009e-07 5.45707e-06 -0.00598658 0.270143 3.20014e-06 -2.74429e-08 1.43923e-07 -3.20046e-06 0.270049 0.00374086 5.46152e-06 -6.75887e-08 -0.00374085 0.269557 -0.0221138 -4.69156e-07 2.01578e-05 -0.0221138 0.997877 1.1821e-05 -1.01371e-07 5.31637e-07 -1.18221e-05 0.997531 0.0138183 2.01743e-05 -2.49665e-07 -0.0138183 0.995715
18 0.0338871 0.267281 -0.00661551 -1.40815e-07 5.39161e-06 -0.0066155 0.266704 3.14488e-06 -3.02327e-08 1.59611e-07 -3.14528e-06 0.266588 0.00415639 5.39675e-06 -7.47923e-08 -0.00415638 0.266104 -0.0247512 -5.26843e-07 2.01721e-05 -0.0247511 0.997844 1.17662e-05 -1.13112e-07 5.97167e-07 -1.17677e-05 0.997408 0.0155507 2.01913e-05 -2.79827e-07 -0.0155506 0.995598
19 0.0357021 0.263699 -0.00725935 -1.55065e-07 5.32343e-06 -0.00725935 0.263121 3.08748e-06 -3.30726e-08 1.75809e-07 -3.08797e-06 0.262978 0.00458724 5.32927e-06 -8.21934e-08 -0.00458722 0.262503 -0.0275289 -5.88038e-07 2.01875e-05 -0.0275289 0.997808 1.17083e-05 -1.25418e-07 6.66703e-07 -1.17102e-05 0.997267 0.0173957 2.02096e-05 -3.11694e-07 -0.0173957 0.995463
20 0.0375062 0.259981 -0.00791513 -1.6971e-07 5.25267e-06 -0.00791512 0.259401 3.0281e-06 -3.59491e-08 1.9246e-07 -3.0287e-06 0.259228 0.00503212 5.25922e-06 -8.97616e-08 -0.00503211 0.258761 -0.0304451 -6.52779e-07 2.02041e-05 -0.030445 0.997769 1.16474e-05 -1.38276e-07 7.40285e-07 -1.16497e-05 0.997105 0.0193558 2.02293e-05 -3.45262e-07 -0.0193557 0.995308
21 0.0392989 0.256133 -0.00857981 -1.84699e-07 5.1795e-06 -0.0085798 0.255551 2.96688e-06 -3.88496e-08 2.09505e-07 -2.96761e-06 0.255344 0.00548972 5.18676e-06 -9.74662e-08 -0.00548971 0.254886 -0.0334975 -7.21107e-07 2.02219e-05 -0.0334974 0.997728 1.15834e-05 -1.51677e-07 8.17955e-07 -1.15862e-05 0.996921 0.0214331 2.02503e-05 -3.8053e-07 -0.021433 0.99513
22 0.0410797 0.252164 -0.00925034 -1.99983e-07 5.10406e-06 -0.00925033 0.251581 2.904e-06 -4.17618e-08 2.26886e-07 -2.90487e-06 0.251335 0.0059587 5.11204e-06 -1.05277e-07 -0.00595868 0.250886 -0.0366838 -7.93065e-07 2.0241e-05 -0.0366837 0.997685 1.15163e-05 -1.65613e-07 8.99755e-07 -1.15197e-05 0.996712 0.0236302 2.02727e-05 -4.17492e-07 -0.0236301 0.994929
23 0.0428479 0.248083 -0.00992366 -2.1551e-07 5.02653e-06 -0.00992365 0.247497 2.83959e-06 -4.46742e-08 2.44543e-07 -2.84062e-06 0.247209 0.00643767 5.03522e-06 -1.13162e-07 -0.00643765 0.246768 -0.0400014 -8.68702e-07 2.02615e-05 -0.0400014 0.997638 1.14461e-05 -1.80078e-07 9.8573e-07 -1.14503e-05 0.996476 0.0259497 2.02965e-05 -4.56146e-07 -0.0259496 0.994701
24 0.0446031 0.243897 -0.0105967 -2.3123e-07 4.94706e-06 -0.0105967 0.243309 2.77382e-06 -4.7576e-08 2.62415e-07 -2.77504e-06 0.242973 0.00692524 4.95644e-06 -1.21092e-07 -0.00692522 0.242542 -0.0434476 -9.48065e-07 2.02834e-05 -0.0434476 0.997589 1.13729e-05 -1.95066e-07 1.07592e-06 -1.13779e-05 0.996212 0.0283941 2.03219e-05 -4.96489e-07 -0.028394 0.994444
25 0.0463447 0.239615 -0.0112666 -2.47093e-07 4.86581e-06 -0.0112665 0.239024 2.70686e-06 -5.04574e-08 2.80441e-07 -2.70828e-06 0.238636 0.00741999 4.87588e-06 -1.29037e-07 -0.00741997 0.238215 -0.0470194 -1.03121e-06 2.03068e-05 -0.0470194 0.997536 1.12967e-05 -2.10577e-07 1.17038e-06 -1.13026e-05 0.995915 0.0309663 2.03488e-05 -5.38518e-07 -0.0309662 0.994157
26 0.0480722 0.235245 -0.0119301 -2.63048e-07 4.78294e-06 -0.0119301 0.234652 2.63885e-06 -5.33095e-08 2.98562e-07 -2.64049e-06 0.234207 0.0079205 4.79369e-06 -1.36967e-07 -0.00792047 0.233795 -0.0507136 -1.11819e-06 2.03317e-05 -0.0507136 0.997481 1.12174e-05 -2.26612e-07 1.26915e-06 -1.12244e-05 0.995585 0.0336691 2.03774e-05 -5.82229e-07 -0.033669 0.993835
27 0.049785 0.230796 -0.0125846 -2.79048e-07 4.69863e-06 -0.0125845 0.230201 2.56995e-06 -5.61245e-08 3.16717e-07 -2.57185e-06 0.229693 0.00842531 4.71003e-06 -1.44853e-07 -0.00842528 0.229291 -0.0545267 -1.20907e-06 2.03583e-05 -0.0545266 0.997422 1.11351e-05 -2.43178e-07 1.37228e-06 -1.11434e-05 0.995218 0.0365054 2.04077e-05 -6.27622e-07 -0.0365053 0.993478
28 0.0514827 0.226277 -0.013227 -2.95043e-07 4.61303e-06 -0.013227 0.225679 2.50032e-06 -5.88957e-08 3.34847e-07 -2.5025e-06 0.225103 0.008933 4.62506e-06 -1.52667e-07 -0.00893297 0.224711 -0.0584548 -1.3039e-06 2.03867e-05 -0.0584548 0.997359 1.10498e-05 -2.60282e-07 1.47981e-06 -1.10595e-05 0.994811 0.0394782 2.04398e-05 -6.74693e-07 -0.039478 0.993082
29 0.0531646 0.221695 -0.0138546 -3.10987e-07 4.5263e-06 -0.0138546 0.221095 2.43012e-06 -6.16175e-08 3.52891e-07 -2.4326e-06 0.220445 0.0094421 4.53893e-06 -1.60384e-07 -0.00944207 0.220064 -0.062494 -1.40277e-06 2.04168e-05 -0.062494 0.997294 1.09615e-05 -2.77938e-07 1.59179e-06 -1.09727e-05 0.994363 0.0425905 2.04738e-05 -7.23443e-07 -0.0425904 0.992644
30 0.0548304 0.217059 -0.0144648 -3.26833e-07 4.43861e-06 -0.0144648 0.216457 2.35949e-06 -6.42856e-08 3.70793e-07 -2.3623e-06 0.215729 0.00995119 4.4518e-06 -1.67976e-07 -0.00995116 0.215358 -0.0666399 -1.50573e-06 2.04488e-05 -0.0666399 0.997224 1.08703e-05 -2.96166e-07 1.70826e-06 -1.08832e-05 0.993869 0.0458455 2.05096e-05 -7.73872e-07 -0.0458453 0.992161
31 0.0564795 0.212378 -0.015055 -3.42538e-07 4.3501e-06 -0.015055 0.211773 2.28858e-06 -6.68968e-08 3.88496e-07 -2.29175e-06 0.210961 0.0104588 4.36383e-06 -1.7542e-07 -0.0104588 0.210601 -0.0708879 -1.61287e-06 2.04828e-05 -0.0708878 0.997151 1.0776e-05 -3.14989e-07 1.82926e-06 -1.07909e-05 0.993328 0.0492463 2.05474e-05 -8.25981e-07 -0.0492461 0.991632
32 0.0581114 0.20766 -0.0156228 -3.58059e-07 4.26094e-06 -0.0156228 0.207052 2.21754e-06 -6.94493e-08 4.05943e-07 -2.22109e-06 0.206151 0.0109636 4.27516e-06 -1.82693e-07 -0.0109636 0.205801 -0.0752328 -1.72426e-06 2.05188e-05 -0.0752328 0.997073 1.06787e-05 -3.34438e-07 1.95485e-06 -1.06958e-05 0.992736 0.0527961 2.05873e-05 -8.79774e-07 -0.0527959 0.991052
33 0.0597256 0.202912 -0.0161659 -3.73355e-07 4.17127e-06 -0.0161658 0.202301 2.14651e-06 -7.19424e-08 4.23082e-07 -2.15046e-06 0.201307 0.0114641 4.18595e-06 -1.89774e-07 -0.0114641 0.200968 -0.0796694 -1.83999e-06 2.0557e-05 -0.0796693 0.996991 1.05785e-05 -3.5455e-07 2.08506e-06 -1.0598e-05 0.99209 0.0564982 2.06294e-05 -9.35254e-07 -0.056498 0.990418
34 0.0613216 0.198142 -0.016682 -3.88386e-07 4.08124e-06 -0.016682 0.197529 2.07561e-06 -7.43766e-08 4.39861e-07 -2.08e-06 0.196436 0.011959 4.09633e-06 -1.96642e-07 -0.011959 0.196107 -0.0841919 -1.96014e-06 2.05975e-05 -0.0841918 0.996905 1.04754e-05 -3.75369e-07 2.21992e-06 -1.04975e-05 0.991387 0.0603557 2.06736e-05 -9.9243e-07 -0.0603556 0.989728
35 0.0628989 0.193359 -0.0171692 -4.03115e-07 3.991e-06 -0.0171691 0.192743 2.00499e-06 -7.67536e-08 4.56228e-07 -2.00984e-06 0.191546 0.0124469 4.00644e-06 -2.03281e-07 -0.0124469 0.191228 -0.0887941 -2.0848e-06 2.06403e-05 -0.088794 0.996814 1.03692e-05 -3.96948e-07 2.35949e-06 -1.03943e-05 0.990624 0.0643721 2.07202e-05 -1.05131e-06 -0.0643718 0.988979
36 0.064457 0.18857 -0.0176255 -4.17508e-07 3.90068e-06 -0.0176255 0.187951 1.93476e-06 -7.90762e-08 4.72137e-07 -1.9401e-06 0.186646 0.0129265 3.91643e-06 -2.09672e-07 -0.0129265 0.186339 -0.0934695 -2.21408e-06 2.06856e-05 -0.0934694 0.996719 1.02602e-05 -4.19347e-07 2.50378e-06 -1.02885e-05 0.989798 0.0685503 2.07691e-05 -1.11191e-06 -0.0685501 0.988167
37 0.0659956 0.183782 -0.0180494 -4.31531e-07 3.81042e-06 -0.0180494 0.18316 1.86505e-06 -8.13483e-08 4.87542e-07 -1.87089e-06 0.181743 0.0133965 3.82643e-06 -2.15804e-07 -0.0133965 0.181446 -0.0982111 -2.34806e-06 2.07334e-05 -0.098211 0.996618 1.01482e-05 -4.42635e-07 2.65283e-06 -1.018e-05 0.988905 0.0728938 2.08205e-05 -1.17424e-06 -0.0728935 0.987288
38 0.067514 0.179002 -0.0184392 -4.45153e-07 3.72034e-06 -0.0184392 0.178377 1.79596e-06 -8.35748e-08 5.02399e-07 -1.80234e-06 0.176843 0.0138557 3.73655e-06 -2.21662e-07 -0.0138557 0.176557 -0.103011 -2.48686e-06 2.07838e-05 -0.103011 0.996512 1.00332e-05 -4.66894e-07 2.80668e-06 -1.00688e-05 0.987942 0.0774055 2.08744e-05 -1.23832e-06 -0.0774053 0.986341
39 0.0690118 0.174236 -0.0187936 -4.58344e-07 3.63057e-06 -0.0187936 0.173609 1.7276e-06 -8.57616e-08 5.16669e-07 -1.73453e-06 0.171955 0.0143028 3.64693e-06 -2.27237e-07 -0.0143028 0.171679 -0.107863 -2.63059e-06 2.08371e-05 -0.107863 0.9964 9.91528e-06 -4.92214e-07 2.96533e-06 -9.95507e-06 0.986906 0.0820886 2.09309e-05 -1.30419e-06 -0.0820884 0.98532
40 0.10628 0.169493 -0.0191114 -4.71079e-07 3.54124e-06 -0.0191113 0.168863 1.66008e-06 -8.79152e-08 5.30312e-07 -1.66758e-06 0.167085 0.0147367 3.55767e-06 -2.32519e-07 -0.0147367 0.166819 -0.112756 -2.77935e-06 2.08931e-05 -0.112756 0.996283 9.79441e-06 -5.18696e-07 3.12882e-06 -9.83868e-06 0.985795 0.0869462 2.09901e-05 -1.37185e-06 -0.0869459 0.984224
42 0.146749 0.160095 -0.0196332 -4.95083e-07 3.36428e-06 -0.0196331 0.159459 1.5279e-06 -9.21533e-08 5.55582e-07 -1.5366e-06 0.157426 0.0155605 3.38069e-06 -2.42185e-07 -0.0155605 0.15718 -0.122635 -3.09244e-06 2.10143e-05 -0.122634 0.996029 9.54374e-06 -5.75617e-07 3.47033e-06 -9.59804e-06 0.983329 0.0971958 2.11168e-05 -1.51276e-06 -0.0971955 0.981792
44 0.152348 0.150855 -0.0199986 -5.16994e-07 3.1903e-06 -0.0199986 0.150213 1.40009e-06 -9.63547e-08 5.77964e-07 -1.41001e-06 0.147916 0.0163188 3.20641e-06 -2.50629e-07 -0.0163187 0.147689 -0.132569 -3.4271e-06 2.11482e-05 -0.132569 0.995749 9.28103e-06 -6.38726e-07 3.83127e-06 -9.34679e-06 0.980521 0.108176 2.1255e-05 -1.6614e-06 -0.108175 0.979017
46 0.157761 0.141814 -0.0202045 -5.36673e-07 3.02001e-06 -0.0202045 0.141167 1.27719e-06 -1.00591e-07 5.97257e-07 -1.28834e-06 0.138601 0.0170041 3.03556e-06 -2.57854e-07 -0.017004 0.138393 -0.142472 -3.78434e-06 2.12956e-05 -0.142472 0.99544 9.00606e-06 -7.0932e-07 4.21155e-06 -9.08472e-06 0.977344 0.119904 2.14052e-05 -1.81825e-06 -0.119904 0.975875
48 0.162982 0.13301 -0.0202504 -5.54015e-07 2.85404e-06 -0.0202504 0.132358 1.15964e-06 -1.04938e-07 6.13313e-07 -1.17201e-06 0.129522 0.0176099 2.86874e-06 -2.63886e-07 -0.0176099 0.129331 -0.152247 -4.1652e-06 2.14573e-05 -0.152247 0.995098 8.71846e-06 -7.88945e-07 4.61102e-06 -8.8114e-06 0.973778 0.132395 2.15678e-05 -1.98395e-06 -0.132395 0.972342
50 0.168004 0.124475 -0.0201387 -5.68941e-07 2.69288e-06 -0.0201387 0.123818 1.0478e-06 -1.09466e-07 6.26027e-07 -1.0613e-06 0.120716 0.0181308 2.70647e-06 -2.6878e-07 -0.0181308 0.120541 -0.161789 -4.57072e-06 2.16339e-05 -0.161789 0.994722 8.41775e-06 -8.79421e-07 5.02934e-06 -8.5262e-06 0.9698 0.145658 2.17431e-05 -2.15931e-06 -0.145658 0.968398
52 0.172821 0.116236 -0.019874 -5.81401e-07 2.53696e-06 -0.019874 0.115574 9.41891e-07 -1.14243e-07 6.35349e-07 -9.56412e-07 0.112213 0.0185623 2.54917e-06 -2.7261e-07 -0.0185623 0.112054 -0.17098 -5.00191e-06 2.1826e-05 -0.17098 0.994307 8.10327e-06 -9.82855e-07 5.46603e-06 -8.22821e-06 0.965393 0.159696 2.1931e-05 -2.34532e-06 -0.159695 0.964022
54 0.177428 0.108314 -0.0194633 -5.91367e-07 2.3866e-06 -0.0194633 0.107648 8.42053e-07 -1.19326e-07 6.4127e-07 -8.57435e-07 0.10404 0.0189011 2.39716e-06 -2.75468e-07 -0.0189011 0.103895 -0.179693 -5.45973e-06 2.2034e-05 -0.179693 0.99385 7.77417e-06 -1.10166e-06 5.92046e-06 -7.91618e-06 0.960542 0.174503 2.21315e-05 -2.54323e-06 -0.174502 0.959199
56 0.181819 0.100728 -0.0189157 -5.98829e-07 2.242e-06 -0.0189157 0.100058 7.48342e-07 -1.24758e-07 6.43828e-07 -7.64374e-07 0.0962188 0.0191448 2.25069e-06 -2.77458e-07 -0.0191447 0.0960858 -0.18779 -5.94503e-06 2.22581e-05 -0.18779 0.993348 7.42937e-06 -1.23857e-06 6.39177e-06 -7.58852e-06 0.955238 0.190065 2.23443e-05 -2.75453e-06 -0.190064 0.953917
58 0.185988 0.0934886 -0.0182418 -6.03798e-07 2.10331e-06 -0.0182418 0.0928152 6.60735e-07 -1.30568e-07 6.43102e-07 -6.77155e-07 0.0887651 0.0192921 2.10992e-06 -2.78689e-07 -0.019292 0.088643 -0.195123 -6.45852e-06 2.24981e-05 -0.195123 0.992797 7.06754e-06 -1.39662e-06 6.87893e-06 -7.24318e-06 0.949475 0.206358 2.25687e-05 -2.98099e-06 -0.206357 0.948169
60 0.286303 0.0866057 -0.0174539 -6.06296e-07 1.97058e-06 -0.0174539 0.0859295 5.7914e-07 -1.36766e-07 6.39209e-07 -5.95642e-07 0.0816912 0.0193428 1.97492e-06 -2.79275e-07 -0.0193427 0.0815785 -0.201533 -7.00065e-06 2.27535e-05 -0.201533 0.992192 6.68709e-06 -1.57917e-06 7.38068e-06 -6.87763e-06 0.943254 0.223343 2.28036e-05 -3.22467e-06 -0.223342 0.941953
64 0.394175 0.0739225 -0.0155903 -6.04038e-07 1.72286e-06 -0.0155903 0.0732425 4.33356e-07 -1.50263e-07 6.22553e-07 -4.48936e-07 0.0687089 0.0191584 1.7223e-06 -2.78939e-07 -0.0191583 0.0686104 -0.210901 -8.17124e-06 2.33062e-05 -0.210901 0.990802 5.8623e-06 -2.03271e-06 8.4217e-06 -6.07307e-06 0.929472 0.259169 2.32987e-05 -3.7734e-06 -0.259168 0.92814
68 0.406626 0.0626729 -0.0134402 -5.92465e-07 1.49794e-06 -0.0134402 0.0619922 3.09327e-07 -1.64917e-07 5.95388e-07 -3.22338e-07 0.0572851 0.0186089 1.49235e-06 -2.77206e-07 -0.0186089 0.0571945 -0.214449 -9.45329e-06 2.39008e-05 -0.21445 0.989139 4.93558e-06 -2.63139e-06 9.49992e-06 -5.14319e-06 0.914032 0.296921 2.38117e-05 -4.42307e-06 -0.29692 0.912587
72 0.417095 0.0528067 -0.0111228 -5.72135e-07 1.29419e-06 -0.0111228 0.0521287 2.04985e-07 -1.80068e-07 5.59558e-07 -2.13674e-07 0.0473776 0.0177251 1.28392e-06 -2.74576e-07 -0.0177251 0.0472887 -0.210632 -1.08345e-05 2.4508e-05 -0.210633 0.98716 3.8818e-06 -3.40994e-06 1.05964e-05 -4.04634e-06 0.897189 0.335661 2.43136e-05 -5.19965e-06 -0.33566 0.895507
76 0.425533 0.0442407 -0.00875339 -5.43751e-07 1.10948e-06 -0.00875342 0.0435691 1.18133e-07 -1.94772e-07 5.17074e-07 -1.20828e-07 0.0389006 0.016549 1.09543e-06 -2.71215e-07 -0.0165489 0.0388078 -0.197858 -1.22907e-05 2.50783e-05 -0.197859 0.984819 2.67024e-06 -4.40255e-06 1.16877e-05 -2.73115e-06 0.879294 0.374067 2.47607e-05 -6.13043e-06 -0.374065 0.877195
80 0.431897 0.0368707 -0.00643604 -5.08188e-07 9.41439e-07 -0.00643607 0.0362095 4.66623e-08 -2.07884e-07 4.69971e-07 -4.19721e-08 0.0317363 0.0151309 9.25043e-07 -2.66928e-07 -0.0151309 0.0316344 -0.174557 -1.3783e-05 2.55335e-05 -0.174558 0.982067 1.26556e-06 -5.63818e-06 1.27464e-05 -1.13836e-06 0.860745 0.410377 2.50888e-05 -7.23957e-06 -0.410376 0.857981
84 0.436158 0.0305814 -0.00425873 -4.66517e-07 7.87624e-07 -0.00425876 0.0299347 -1.13147e-08 -2.18161e-07 4.20192e-07 2.43224e-08 0.0257461 0.0135271 7.70796e-07 -2.61201e-07 -0.0135271 0.0256309 -0.139259 -1.52549e-05 2.5755e-05 -0.13926 0.978853 -3.69987e-07 -7.13376e-06 1.37401e-05 7.95333e-07 0.841888 0.442332 2.52047e-05 -8.54117e-06 -0.44233 0.838121
88 0.328636 0.025255 -0.00229027 -4.20015e-07 6.45689e-07 -0.0022903 0.0246269 -5.73962e-08 -2.24383e-07 3.695e-07 7.90691e-08 0.020781 0.0117969 6.30697e-07 -2.53286e-07 -0.0117969 0.0206494 -0.0906858 -1.6631e-05 2.55668e-05 -0.0906869 0.97513 -2.27266e-06 -8.88469e-06 1.46307e-05 3.13083e-06 0.822848 0.467112 2.49731e-05 -1.00291e-05 -0.467111 0.817636
90 0.219313 0.022917 -0.00140028 -3.95408e-07 5.7849e-07 -0.0014003 0.0222997 -7.63957e-08 -2.2563e-07 3.443e-07 1.02332e-07 0.0186356 0.0109031 5.65328e-07 -2.48244e-07 -0.010903 0.018495 -0.0611022 -1.72539e-05 2.52428e-05 -0.0611032 0.973064 -3.33358e-06 -9.8455e-06 1.50238e-05 4.46532e-06 0.813179 0.475764 2.46685e-05 -1.08323e-05 -0.475762 0.807041
92 0.328636 0.0207776 -0.000579051 -3.70162e-07 5.13464e-07 -0.000579071 0.0201721 -9.28923e-08 -2.25478e-07 3.19425e-07 1.22939e-07 0.0166902 0.00999989 5.02747e-07 -2.4234e-07 -0.00999985 0.0165402 -0.027869 -1.78154e-05 2.47124e-05 -0.0278699 0.970857 -4.47079e-06 -1.0852e-05 1.53735e-05 5.91691e-06 0.803279 0.481282 2.41966e-05 -1.16635e-05 -0.48128 0.796059
96 0.436158 0.0170435 0.000846599 -3.18588e-07 3.88996e-07 0.000846588 0.0164643 -1.18872e-07 -2.20638e-07 2.71236e-07 1.5639e-07 0.013328 0.00819362 3.84949e-07 -2.27579e-07 -0.00819359 0.0131589 0.0496727 -1.86926e-05 2.28237e-05 0.0496721 0.966014 -6.9746e-06 -1.29455e-05 1.59143e-05 9.1759e-06 0.782 0.480747 2.25862e-05 -1.33528e-05 -0.480745 0.772075
100 0.431897 0.0139579 0.00197674 -2.66998e-07 2.70548e-07 0.00197674 0.0134083 -1.36238e-07 -2.09412e-07 2.25943e-07 1.79815e-07 0.0105594 0.00643163 2.75288e-07 -2.08434e-07 -0.00643161 0.0103716 0.141622 -1.91288e-05 1.93832e-05 0.141622 0.96062 -9.76063e-06 -1.50031e-05 1.61874e-05 1.28826e-05 0.756516 0.460788 1.97227e-05 -1.49331e-05 -0.460786 0.743063
104 0.425533 0.0114376 0.00281729 -2.17068e-07 1.56573e-07 0.0028173 0.0109203 -1.45815e-07 -1.91787e-07 1.84306e-07 1.93688e-07 0.00826314 0.00476158 1.71723e-07 -1.84684e-07 -0.00476157 0.00805848 0.246318 -1.89784e-05 1.36893e-05 0.246319 0.954774 -1.27488e-05 -1.67681e-05 1.6114e-05 1.69343e-05 0.722454 0.416309 1.50139e-05 -1.61471e-05 -0.416308 0.704561
108 0.417095 0.00941093 0.00338685 -1.70331e-07 4.56708e-08 0.00338687 0.00892824 -1.48429e-07 -1.68218e-07 1.46862e-07 1.98672e-07 0.00633427 0.00322395 7.21879e-08 -1.56549e-07 -0.00322395 0.00611563 0.359885 -1.80993e-05 4.85295e-06 0.359887 0.94871 -1.5772e-05 -1.78748e-05 1.56055e-05 2.11107e-05 0.673076 0.342575 7.67065e-06 -1.66348e-05 -0.342575 0.649844
112 0.406626 0.00781666 0.00371346 -1.28073e-07 -6.34421e-08 0.00371348 0.00737012 -1.44972e-07 -1.39635e-07 1.13946e-07 1.95677e-07 0.00468467 0.00185112 -2.538e-08 -1.24731e-07 -0.00185113 0.00445595 0.475069 -1.63847e-05 -8.11626e-06 0.475073 0.942872 -1.85466e-05 -1.78638e-05 1.45773e-05 2.50333e-05 0.599319 0.236817 -3.24691e-06 -1.59571e-05 -0.236818 0.570058
116 0.394175 0.00660227 0.00383123 -9.1244e-08 -1.71953e-07 0.00383126 0.00619272 -1.3644e-07 -1.07395e-07 8.5711e-08 1.85871e-07 0.00324291 0.000666795 -1.22979e-07 -9.0392e-08 -0.000666813 0.00300881 0.580289 -1.38201e-05 -2.60445e-05 0.580294 0.937968 -2.06656e-05 -1.62664e-05 1.2982e-05 2.81525e-05 0.491181 0.100995 -1.86268e-05 -1.3691e-05 -0.100997 0.455723
120 0.379804 0.0057221 0.00377742 -6.04083e-08 -2.8094e-07 0.00377746 0.0053497 -1.23936e-07 -7.31994e-08 6.21424e-08 1.70633e-07 0.00195325 -0.000314188 -2.22453e-07 -5.50708e-08 0.000314161 0.00171907 0.660146 -1.0557e-05 -4.90973e-05 0.660153 0.934918 -2.16592e-05 -1.27924e-05 1.08601e-05 2.982e-05 0.341353 -0.0549078 -3.8876e-05 -9.62424e-06 0.054903 0.300426
124 0.363583 0.00513547 0.00358984 -3.57337e-08 -3.91328e-07 0.00358987 0.00479968 -1.08652e-07 -3.89679e-08 4.30731e-08 1.51478e-07 0.000774223 -0.00108571 -3.2537e-07 -2.0554e-08 0.00108568 0.000545585 0.699028 -6.95822e-06 -7.62009e-05 0.699035 0.934614 -2.11572e-05 -7.58799e-06 8.38736e-06 2.94964e-05 0.15076 -0.211415 -6.33573e-05 -4.00236e-06 0.211408 0.106239
128 0.34559 0.00480498 0.00330471 -1.70166e-08 -5.03814e-07 0.00330475 0.00450463 -9.18174e-08 -6.68169e-09 2.81967e-08 1.29955e-07 -0.000323225 -0.00164995 -4.32896e-07 1.12967e-08 0.00164991 -0.000540631 0.687769 -3.54146e-06 -0.000104853 0.687776 0.937492 -1.91088e-05 -1.39058e-06 5.86822e-06 2.70459e-05 -0.0672687 -0.343384 -9.00933e-05 2.35105e-06 0.343375 -0.112515
132 0.325914 0.00469508 0.00295519 -3.74225e-09 -6.1877e-07 0.00295523 0.00442844 -7.46277e-08 2.1791e-08 1.70877e-08 1.07544e-07 -0.00135759 -0.00201665 -5.45661e-07 3.87319e-08 0.00201661 -0.00155831 0.629423 -7.97058e-07 -0.000131791 0.62943 0.943208 -1.58949e-05 4.64124e-06 3.63949e-06 2.29057e-05 -0.289152 -0.429525 -0.00011622 8.24945e-06 0.429515 -0.331903
136 0.304649 0.00477109 0.00257028 4.83314e-09 -7.36138e-07 0.00257031 0.00453595 -5.81719e-08 4.4871e-08 9.22829e-09 8.55587e-08 -0.00233877 -0.00220225 -6.63641e-07 6.02989e-08 0.00220221 -0.00251785 0.53872 1.013e-06 -0.000154291 0.538725 0.950714 -1.21926e-05 9.40477e-06 1.93421e-06 1.79327e-05 -0.490196 -0.461582 -0.000139096 1.26384e-05 0.461573 -0.527729
140 0.281901 0.00499851 0.00217427 9.58841e-09 -8.55334e-07 0.00217429 0.00479227 -4.33561e-08 6.14256e-08 4.04242e-09 6.50721e-08 -0.00326985 -0.00222876 -7.8608e-07 7.50012e-08 0.00222871 -0.0034231 0.434984 1.91825e-06 -0.000171118 0.434988 0.95874 -8.67381e-06 1.22888e-05 8.08725e-07 1.30183e-05 -0.654166 -0.445884 -0.000157263 1.50047e-05 0.445875 -0.684824
144 0.257779 0.00534278 0.00178657 1.14445e-08 -9.75184e-07 0.00178659 0.0051626 -3.08431e-08 7.08873e-08 9.36528e-10 4.68697e-08 -0.00414882 -0.00212253 -9.11453e-07 8.24126e-08 0.00212249 -0.00427303 0.33439 2.14204e-06 -0.000182524 0.334394 0.966276 -5.77285e-06 1.32679e-05 1.75289e-07 8.77253e-06 -0.776528 -0.397271 -0.000170595 1.5425e-05 0.397263 -0.799776
148 0.232401 0.00576942 0.00142192 1.1282e-08 -1.09391e-06 0.00142193 0.0056123 -2.10139e-08 7.33186e-08 -6.58925e-10 3.14311e-08 -0.00497001 -0.00191299 -1.03749e-06 8.27323e-08 0.00191295 -0.00506315 0.246457 1.95548e-06 -0.000189605 0.24646 0.972766 -3.64229e-06 1.27081e-05 -1.1421e-07 5.44787e-06 -0.86144 -0.331574 -0.000179825 1.43398e-05 0.331567 -0.877584
152 0.205891 0.00624441 0.00109075 9.87767e-09 -1.20917e-06 0.00109076 0.00610728 -1.39581e-08 6.9411e-08 -1.25157e-09 1.89412e-08 -0.00572544 -0.00163123 -1.16126e-06 7.67744e-08 0.0016312 -0.00578676 0.174676 1.58184e-06 -0.00019364 0.174678 0.978038 -2.23529e-06 1.11157e-05 -2.0043e-07 3.0333e-06 -0.916889 -0.26123 -0.000185967 1.22949e-05 0.261225 -0.926709
156 0.178378 0.00673484 0.000799862 7.86339e-09 -1.31816e-06 0.000799868 0.00661464 -9.49371e-09 6.04169e-08 -1.25852e-09 9.32678e-09 -0.00640583 -0.00130866 -1.27932e-06 6.5891e-08 0.00130864 -0.00643596 0.118765 1.16757e-06 -0.000195722 0.118766 0.982153 -1.40964e-06 8.9708e-06 -1.86868e-07 1.38486e-06 -0.951148 -0.194312 -0.000189956 9.7836e-06 0.194308 -0.955622
160 0.0971232 0.00720967 0.000553088 5.70974e-09 -1.41777e-06 0.000553092 0.00710346 -7.21641e-09 4.80189e-08 -9.91046e-10 2.31263e-09 -0.00700158 -0.00097568 -1.38794e-06 5.18374e-08 0.000975661 -0.00700249 0.0767148 7.91956e-07 -0.000196648 0.0767154 0.985268 -1.00094e-06 6.66034e-06 -1.37461e-07 3.20768e-07 -0.971138 -0.135329 -0.000192511 7.18999e-06 0.135327 -0.971264
161 0.0357021 0.00732255 0.000498517 5.18962e-09 -1.44083e-06 0.000498521 0.00721939 -6.92581e-09 4.46116e-08 -9.07518e-10 9.19379e-10 -0.00713619 -0.00089417 -1.41317e-06 4.80587e-08 0.000894152 -0.00713026 0.0680797 7.08717e-07 -0.000196766 0.0680802 0.985912 -9.45819e-07 6.09236e-06 -1.23935e-07 1.25554e-07 -0.97455 -0.122112 -0.000192989 6.56311e-06 0.122109 -0.97374
162 0.0338871 0.00743227 0.000446822 4.68466e-09 -1.46306e-06 0.000446825 0.00733199 -6.72782e-09 4.11438e-08 -8.22338e-10 -3.43834e-10 -0.0072648 -0.000814193 -1.43752e-06 4.42375e-08 0.000814177 -0.00725225 0.0601191 6.30313e-07 -0.000196852 0.0601195 0.986507 -9.05217e-07 5.53583e-06 -1.10644e-07 -4.62624e-08 -0.977466 -0.109548 -0.000193416 5.95209e-06 0.109546 -0.975778
163 0.0320617 0.00753843 0.000398005 4.19788e-09 -1.4844e-06 0.000398007 0.00744084 -6.61258e-09 3.76468e-08 -7.37384e-10 -1.4844e-09 -0.00738726 -0.000736146 -1.46092e-06 4.04057e-08 0.000736131 -0.00736834 0.0527967 5.56863e-07 -0.000196912 0.0527971 0.987055 -8.77183e-07 4.99399e-06 -9.78166e-08 -1.96911e-07 -0.979946 -0.0976524 -0.000193796 5.35996e-06 0.0976505 -0.977437
164 0.0302266 0.00764065 0.000352066 3.73185e-09 -1.50482e-06 0.000352068 0.0075456 -6.57018e-09 3.4152e-08 -6.54208e-10 -2.50978e-09 -0.00750345 -0.000660408 -1.48332e-06 3.65946e-08 0.000660394 -0.00747842 0.046078 4.8842e-07 -0.000196949 0.0460783 0.987559 -8.59899e-07 4.46978e-06 -8.5622e-08 -3.28477e-07 -0.982044 -0.0864334 -0.000194135 4.78947e-06 0.0864317 -0.978768
165 0.0283823 0.00773857 0.000309001 3.28873e-09 -1.52425e-06 0.000309003 0.00764588 -6.5907e-09 3.06899e-08 -5.74065e-10 -3.42745e-09 -0.00761325 -0.000587342 -1.50466e-06 3.28354e-08 0.00058733 -0.00758239 0.0399299 4.24979e-07 -0.000196968 0.0399302 0.988022 -8.51669e-07 3.96584e-06 -7.41824e-08 -4.42905e-07 -0.983806 -0.075898 -0.000194436 4.24309e-06 0.0758965 -0.979818
166 0.0265294 0.00783184 0.000268802 2.87028e-09 -1.54266e-06 0.000268803 0.00774135 -6.66429e-09 2.72908e-08 -4.97941e-10 -4.24485e-09 -0.00771654 -0.000517296 -1.52489e-06 2.91583e-08 0.000517285 -0.00768014 0.0343216 3.66488e-07 -0.000196973 0.0343218 0.988446 -8.50922e-07 3.4846e-06 -6.3579e-08 -5.41998e-07 -0.985278 -0.0660503 -0.000194704 3.72305e-06 0.066049 -0.98063
167 0.0246683 0.00792015 0.000231459 2.47793e-09 -1.56001e-06 0.00023146 0.0078317 -6.7813e-09 2.39838e-08 -4.26574e-10 -4.96925e-09 -0.00781322 -0.000450597 -1.54397e-06 2.55927e-08 0.000450588 -0.00777158 0.0292241 3.12864e-07 -0.000196967 0.0292242 0.988832 -8.56208e-07 3.0282e-06 -5.38593e-08 -6.27418e-07 -0.986498 -0.0568924 -0.000194942 3.23134e-06 0.0568913 -0.981241
168 0.0172754 0.00800319 0.000196961 2.11279e-09 -1.57625e-06 0.000196962 0.00791661 -6.93233e-09 2.07971e-08 -3.60491e-10 -5.60776e-09 -0.00790316 -0.000387554 -1.56184e-06 2.21667e-08 0.000387546 -0.00785662 0.0246103 2.63994e-07 -0.000196953 0.0246105 0.989182 -8.66196e-07 2.5986e-06 -4.50434e-08 -7.00691e-07 -0.987502 -0.048425 -0.000195153 2.76973e-06 0.048424 -0.981687
168.5 0.0109315 0.00804264 0.000180774 1.94071e-09 -1.58394e-06 0.000180775 0.00795693 -7.01776e-09 1.92574e-08 -3.29544e-10 -5.89695e-09 -0.00794559 -0.000357496 -1.57031e-06 2.05145e-08 0.000357488 -0.00789672 0.022477 2.41302e-07 -0.000196943 0.0224771 0.989344 -8.72569e-07 2.39441e-06 -4.09746e-08 -7.33212e-07 -0.987933 -0.0444501 -0.000195249 2.55072e-06 0.0444492 -0.981857
169 0.0104622 0.00808066 0.000165294 1.77572e-09 -1.59134e-06 0.000165295 0.0079958 -7.10832e-09 1.77576e-08 -3.00032e-10 -6.16722e-09 -0.00798629 -0.000328458 -1.57846e-06 1.89073e-08 0.000328451 -0.00793518 0.0204555 2.19749e-07 -0.000196932 0.0204556 0.989498 -8.79671e-07 2.19755e-06 -3.71296e-08 -7.63208e-07 -0.988321 -0.0406474 -0.000195339 2.33982e-06 0.0406466 -0.981997
169.5 0.00999215 0.00811723 0.000150518 1.61791e-09 -1.59845e-06 0.000150519 0.00803316 -7.20296e-09 1.63011e-08 -2.71974e-10 -6.41936e-09 -0.00802526 -0.000300475 -1.58629e-06 1.73482e-08 0.000300469 -0.00797201 0.018543 1.99318e-07 -0.00019692 0.0185431 0.989644 -8.87366e-07 2.00822e-06 -3.35058e-08 -7.90832e-07 -0.988671 -0.0370169 -0.000195423 2.1372e-06 0.0370162 -0.98211
170 0.0095213 0.00815231 0.000136444 1.46733e-09 -1.60525e-06 0.000136445 0.008069 -7.30063e-09 1.48909e-08 -2.45381e-10 -6.65417e-09 -0.0080625 -0.000273577 -1.59379e-06 1.58401e-08 0.000273572 -0.00800718 0.0167369 1.7999e-07 -0.000196908 0.016737 0.989781 -8.95529e-07 1.82658e-06 -3.00996e-08 -8.16231e-07 -0.988984 -0.0335582 -0.000195502 1.94302e-06 0.0335576 -0.982198
170.5 0.00904972 0.00818587 0.000123071 1.32403e-09 -1.61175e-06 0.000123072 0.00810329 -7.40033e-09 1.35298e-08 -2.20255e-10 -6.87239e-09 -0.00809799 -0.000247796 -1.60096e-06 1.4386e-08 0.000247791 -0.0080407 0.0150346 1.61746e-07 -0.000196895 0.0150347 0.989911 -9.04037e-07 1.65282e-06 -2.69067e-08 -8.39543e-07 -0.989264 -0.0302711 -0.000195575 1.75742e-06 0.0302705 -0.982265
171 0.00857745 0.00821789 0.000110397 1.18805e-09 -1.61795e-06 0.000110398 0.00813599 -7.50109e-09 1.22207e-08 -1.96593e-10 -7.07476e-09 -0.00813171 -0.000223159 -1.60778e-06 1.29888e-08 0.000223155 -0.00807254 0.0134338 1.44569e-07 -0.000196881 0.0134338 0.990034 -9.12776e-07 1.48709e-06 -2.39226e-08 -8.60898e-07 -0.989514 -0.0271553 -0.000195644 1.58055e-06 0.0271548 -0.982314
171.5 0.00810453 0.00824833 9.842e-05 1.05941e-09 -1.62383e-06 9.84206e-05 0.00816707 -7.60198e-09 1.09663e-08 -1.74388e-10 -7.26198e-09 -0.00816367 -0.000199696 -1.61427e-06 1.16511e-08 0.000199692 -0.00810272 0.0119321 1.2844e-07 -0.000196868 0.0119322 0.990149 -9.21639e-07 1.32952e-06 -2.11422e-08 -8.80419e-07 -0.989736 -0.0242104 -0.000195708 1.41254e-06 0.0242099 -0.982347
172 0.00763099 0.00827717 8.71382e-05 9.38144e-10 -1.62939e-06 8.71387e-05 0.00819652 -7.70212e-09 9.76926e-09 -1.53625e-10 -7.43473e-09 -0.00819385 -0.000177431 -1.6204e-06 1.03756e-08 0.000177427 -0.00813121 0.0105275 1.13341e-07 -0.000196854 0.0105276 0.990256 -9.30525e-07 1.18027e-06 -1.85601e-08 -8.98221e-07 -0.989934 -0.0214362 -0.000195768 1.25352e-06 0.0214357 -0.982366
172.5 0.00715688 0.00830439 7.655e-05 8.24255e-10 -1.63464e-06 7.65504e-05 0.00822431 -7.80063e-09 8.63195e-09 -1.34288e-10 -7.59365e-09 -0.00822224 -0.00015639 -1.62619e-06 9.16459e-09 0.000156387 -0.00815801 0.00921801 9.92554e-08 -0.00019684 0.00921807 0.990357 -9.39339e-07 1.03944e-06 -1.61707e-08 -9.14414e-07 -0.990108 -0.0188322 -0.000195823 1.10358e-06 0.0188318 -0.982373
173 0.00668221 0.00832996 6.66536e-05 7.17755e-10 -1.63956e-06 6.6654e-05 0.00825041 -7.89673e-09 7.55674e-09 -1.16357e-10 -7.73935e-09 -0.00824884 -0.000136596 -1.63162e-06 8.02052e-09 0.000136593 -0.00818311 0.00800167 8.61655e-08 -0.000196827 0.00800172 0.99045 -9.47991e-07 9.07176e-07 -1.39685e-08 -9.29098e-07 -0.990262 -0.0163981 -0.000195874 9.62853e-07 0.0163978 -0.982371
173.5 0.00620704 0.00835386 5.74474e-05 6.18647e-10 -1.64416e-06 5.74478e-05 0.00827481 -7.98963e-09 6.54584e-09 -9.98101e-11 -7.87241e-09 -0.00827364 -0.00011807 -1.63669e-06 6.94557e-09 0.000118068 -0.00820651 0.00687675 7.40552e-08 -0.000196814 0.00687679 0.990537 -9.56399e-07 7.83571e-07 -1.19478e-08 -9.42368e-07 -0.990397 -0.0141336 -0.00019592 8.3142e-07 0.0141333 -0.982361
174 0.0057314 0.00837607 4.893e-05 5.2693e-10 -1.64843e-06 4.89303e-05 0.00829748 -8.07862e-09 5.60133e-09 -8.46227e-11 -7.99337e-09 -0.00829663 -0.000100835 -1.6414e-06 5.94179e-09 0.000100833 -0.0082282 0.00584164 6.2909e-08 -0.000196802 0.00584167 0.990616 -9.64488e-07 6.68729e-07 -1.01029e-08 -9.5431e-07 -0.990515 -0.0120384 -0.000195963 7.09376e-07 0.0120382 -0.982346
174.5 0.00525531 0.00839658 4.10997e-05 4.42601e-10 -1.65236e-06 4.10999e-05 0.0083184 -8.16303e-09 4.72512e-09 -7.07701e-11 -8.10275e-09 -0.0083178 -8.49072e-05 -1.64575e-06 5.01109e-09 8.49055e-05 -0.00824818 0.00489481 5.2712e-08 -0.00019679 0.00489484 0.990689 -9.72185e-07 5.62744e-07 -8.42844e-09 -9.65006e-07 -0.990618 -0.0101121 -0.000196002 5.96802e-07 0.0101119 -0.982326
175 0.00477883 0.00841536 3.39552e-05 3.65651e-10 -1.65597e-06 3.39554e-05 0.00833756 -8.24223e-09 3.91902e-09 -5.8227e-11 -8.201e-09 -0.00833716 -7.03059e-05 -1.64972e-06 4.15527e-09 7.03044e-05 -0.00826643 0.00403491 4.34505e-08 -0.000196779 0.00403493 0.990755 -9.79427e-07 4.65698e-07 -6.91913e-09 -9.74527e-07 -0.990707 -0.00835447 -0.000196037 4.93773e-07 0.0083543 -0.982303
175.5 0.00430199 0.0084324 2.74953e-05 2.96074e-10 -1.65923e-06 2.74954e-05 0.00835495 -8.31565e-09 3.18465e-09 -4.69682e-11 -8.28857e-09 -0.00835468 -5.70464e-05 -1.65333e-06 3.37596e-09 5.70453e-05 -0.00828296 0.00326067 3.51114e-08 -0.000196769 0.00326069 0.990815 -9.86155e-07 3.77669e-07 -5.56997e-09 -9.82943e-07 -0.990783 -0.00676515 -0.000196069 4.00356e-07 0.00676501 -0.982278
176 0.00382481 0.00844769 2.17187e-05 2.33858e-10 -1.66216e-06 2.17188e-05 0.00837054 -8.38277e-09 2.52353e-09 -3.69695e-11 -8.36584e-09 -0.00837038 -4.51436e-05 -1.65656e-06 2.67465e-09 4.51427e-05 -0.00829777 0.00257096 2.7683e-08 -0.00019676 0.00257097 0.990868 -9.92316e-07 2.98725e-07 -4.37629e-09 -9.90312e-07 -0.990848 -0.0053439 -0.000196097 3.16613e-07 0.00534379 -0.982253
176.5 0.00334735 0.0084612 1.66243e-05 1.78993e-10 -1.66475e-06 1.66244e-05 0.00838433 -8.44312e-09 1.93699e-09 -2.82077e-11 -8.43318e-09 -0.00838424 -3.46103e-05 -1.65942e-06 2.05266e-09 3.46096e-05 -0.00831084 0.00196476 2.11546e-08 -0.000196751 0.00196477 0.990915 -9.97862e-07 2.28927e-07 -3.33377e-09 -9.96688e-07 -0.990903 -0.00409046 -0.000196121 2.42597e-07 0.00409038 -0.982229
177 0.00286963 0.00847294 1.22111e-05 1.31469e-10 -1.667e-06 1.22112e-05 0.00839631 -8.49627e-09 1.42623e-09 -2.06612e-11 -8.4909e-09 -0.00839625 -2.5458e-05 -1.6619e-06 1.51119e-09 2.54575e-05 -0.00832217 0.00144119 1.55164e-08 -0.000196744 0.0014412 0.990955 -1.00275e-06 1.68328e-07 -2.43849e-09 -1.00212e-06 -0.990949 -0.00300463 -0.000196142 1.78355e-07 0.00300457 -0.982206
177.5 0.00239169 0.00848289 8.47841e-06 9.12767e-11 -1.6689e-06 8.47846e-06 0.00840645 -8.54186e-09 9.92283e-10 -1.43106e-11 -8.53927e-09 -0.00840643 -1.76969e-05 -1.66401e-06 1.05127e-09 1.76965e-05 -0.00833177 0.000999472 1.07601e-08 -0.000196738 0.000999477 0.99099 -1.00695e-06 1.16975e-07 -1.687e-09 -1.00665e-06 -0.990987 -0.00208618 -0.00019616 1.23928e-07 0.00208614 -0.982185
178 0.00191357 0.00849104 5.42537e-06 5.84055e-11 -1.67046e-06 5.4254e-06 0.00841477 -8.57959e-09 6.36028e-10 -9.13901e-12 -8.57853e-09 -0.00841476 -1.13353e-05 -1.66573e-06 6.73774e-10 1.1335e-05 -0.00833962 0.000638953 6.87849e-09 -0.000196732 0.000638956 0.991017 -1.01043e-06 7.49058e-08 -1.07631e-09 -1.0103e-06 -0.991016 -0.00133497 -0.000196175 7.93512e-08 0.00133494 -0.982167
178.5 0.00143531 0.00849739 3.05142e-06 3.2848e-11 -1.67168e-06 3.05143e-06 0.00842124 -8.6092e-09 3.58189e-10 -5.13195e-12 -8.60886e-09 -0.00842124 -6.38013e-06 -1.66707e-06 3.79419e-10 6.38e-06 -0.00834573 0.000359101 3.86565e-09 -0.000196728 0.000359103 0.991039 -1.01316e-06 4.21528e-08 -6.03945e-10 -1.01312e-06 -0.991039 -0.000750835 -0.000196186 4.46512e-08 0.00075082 -0.982153
179 0.000956932 0.00850192 1.35607e-06 1.45974e-11 -1.67254e-06 1.35608e-06 0.00842587 -8.63049e-09 1.5933e-10 -2.27808e-12 -8.63042e-09 -0.00842587 -2.8369e-06 -1.66803e-06 1.68764e-10 2.83684e-06 -0.0083501 0.000159502 1.71696e-09 -0.000196725 0.000159503 0.991054 -1.01512e-06 1.87404e-08 -2.67948e-10 -1.01511e-06 -0.991054 -0.000333678 -0.000196194 1.98501e-08 0.000333671 -0.982142
179.5 0.000478484 0.00850465 3.39001e-07 3.64911e-12 -1.67306e-06 3.39003e-07 0.00842865 -8.64332e-09 3.98526e-11 -5.69098e-13 -8.64331e-09 -0.00842865 -7.09418e-07 -1.6686e-06 4.22111e-11 7.09404e-07 -0.00835272 3.98607e-05 4.29072e-10 -0.000196724 3.98609e-05 0.991064 -1.0163e-06 4.68598e-09 -6.69161e-11 -1.0163e-06 -0.991064 -8.34154e-05 -0.000196199 4.96329e-09 8.34137e-05 -0.982136
180 5.98114e-05 0.00850556 0 0 -1.67324e-06 0 0.00842958 -8.6476e-09 0 0 -8.6476e-09 -0.00842958 0 -1.66879e-06 0 0 -0.00835359 0 0 -0.000196723 0 0.991067 -1.0167e-06 0 0 -1.0167e-06 -0.991067 0 -0.0001962 0 0 -0.982134
