theta 2pi*dcos S11 S12 S13 S14 S21 S22 S23 S24 S31 S32 S33 S34 S41 S42 S43 S44 S12_norm S13_norm S14_norm S21_norm S22_norm S23_norm S24_norm S31_norm S32_norm S33_norm S34_norm S41_norm S42_norm S43_norm S44_norm
0 2.39246e-06 0.0718468 0 0 3.32884e-07 0 0.071627 -5.27099e-08 0 0 5.27099e-08 0.071627 0 3.33115e-07 0 0 0.0714072 0 0 4.63324e-06 0 0.99694 -7.33643e-07 0 0 7.33643e-07 0.99694 0 4.63647e-06 0 0 0.993881
0.1 1.91397e-05 0.0718466 -6.90145e-08 -3.26015e-14 3.32883e-07 -6.90145e-08 0.0716268 -5.27098e-08 -2.2513e-13 1.02902e-13 5.27098e-08 0.0716268 2.31612e-09 3.33114e-07 -4.69714e-13 -2.31611e-09 0.071407 -9.60582e-07 -4.53765e-13 4.63324e-06 -9.60582e-07 0.99694 -7.33644e-07 -3.13348e-12 1.43224e-12 7.33644e-07 0.99694 3.22371e-08 4.63646e-06 -6.53773e-12 -3.22369e-08 0.993881
0.2 3.82793e-05 0.071846 -2.76056e-07 -1.30403e-13 3.32879e-07 -2.76056e-07 0.0716262 -5.27095e-08 -9.00513e-13 4.11613e-13 5.27095e-08 0.0716262 9.26439e-09 3.3311e-07 -1.87884e-12 -9.26434e-09 0.0714064 -3.84233e-06 -1.81503e-12 4.63322e-06 -3.84233e-06 0.99694 -7.33646e-07 -1.25339e-11 5.7291e-12 7.33646e-07 0.99694 1.28948e-07 4.63645e-06 -2.61509e-11 -1.28947e-07 0.993881
0.3 5.74188e-05 0.071845 -6.21118e-07 -2.93413e-13 3.32872e-07 -6.21118e-07 0.0716252 -5.2709e-08 -2.02612e-12 9.26111e-13 5.2709e-08 0.0716252 2.08445e-08 3.33104e-07 -4.22734e-12 -2.08444e-08 0.0714054 -8.64525e-06 -4.08396e-12 4.63319e-06 -8.64525e-06 0.99694 -7.33649e-07 -2.82012e-11 1.28904e-11 7.33649e-07 0.99694 2.90131e-07 4.63642e-06 -5.88397e-11 -2.90129e-07 0.993881
0.4 7.65581e-05 0.0718436 -1.10419e-06 -5.21616e-13 3.32863e-07 -1.10419e-06 0.0716238 -5.27083e-08 -3.60189e-12 1.64639e-12 5.27083e-08 0.0716238 3.70558e-08 3.33095e-07 -7.51514e-12 -3.70556e-08 0.071404 -1.53694e-05 -7.26044e-12 4.63316e-06 -1.53694e-05 0.99694 -7.33654e-07 -5.01352e-11 2.29163e-11 7.33654e-07 0.99694 5.15784e-07 4.63639e-06 -1.04604e-10 -5.15781e-07 0.993881
0.5 9.56972e-05 0.0718418 -1.72526e-06 -8.15017e-13 3.32851e-07 -1.72526e-06 0.071622 -5.27074e-08 -5.62778e-12 2.57243e-12 5.27074e-08 0.071622 5.78976e-08 3.33083e-07 -1.17422e-11 -5.78973e-08 0.0714022 -2.40147e-05 -1.13446e-11 4.63311e-06 -2.40147e-05 0.99694 -7.33659e-07 -7.83357e-11 3.58069e-11 7.33659e-07 0.99694 8.05904e-07 4.63634e-06 -1.63445e-10 -8.05899e-07 0.993881
0.6 0.000114836 0.0718396 -2.4843e-06 -1.17362e-12 3.32836e-07 -2.4843e-06 0.0716198 -5.27063e-08 -8.10368e-12 3.70419e-12 5.27063e-08 0.0716198 8.33689e-08 3.33069e-07 -1.69083e-11 -8.33684e-08 0.0714 -3.45812e-05 -1.63366e-11 4.63305e-06 -3.45812e-05 0.99694 -7.33666e-07 -1.12802e-10 5.1562e-11 7.33666e-07 0.99694 1.16049e-06 4.63629e-06 -2.35361e-10 -1.16048e-06 0.993881
0.7 0.000133974 0.071837 -3.3813e-06 -1.59741e-12 3.32819e-07 -3.3813e-06 0.0716172 -5.2705e-08 -1.10295e-11 5.04164e-12 5.2705e-08 0.0716172 1.13468e-07 3.33052e-07 -2.30133e-11 -1.13468e-07 0.0713974 -4.70691e-05 -2.22366e-11 4.63298e-06 -4.70691e-05 0.99694 -7.33675e-07 -1.53535e-10 7.01817e-11 7.33675e-07 0.99694 1.57953e-06 4.63622e-06 -3.20354e-10 -1.57952e-06 0.993881
0.8 0.000153112 0.071834 -4.41623e-06 -2.0864e-12 3.32799e-07 -4.41623e-06 0.0716142 -5.27035e-08 -1.44051e-11 6.58473e-12 5.27035e-08 0.0716142 1.48195e-07 3.33033e-07 -3.00571e-11 -1.48194e-07 0.0713944 -6.14782e-05 -2.90448e-11 4.6329e-06 -6.14782e-05 0.99694 -7.33684e-07 -2.00533e-10 9.16659e-11 7.33684e-07 0.99694 2.06302e-06 4.63615e-06 -4.18424e-10 -2.06301e-06 0.99388
0.9 0.00017225 0.0718306 -5.58904e-06 -2.64058e-12 3.32777e-07 -5.58904e-06 0.0716108 -5.27018e-08 -1.82304e-11 8.33342e-12 5.27018e-08 0.0716108 1.87546e-07 3.33011e-07 -3.80394e-11 -1.87545e-07 0.071391 -7.78087e-05 -3.67612e-11 4.6328e-06 -7.78087e-05 0.996939 -7.33695e-07 -2.53797e-10 1.16015e-10 7.33695e-07 0.996939 2.61095e-06 4.63606e-06 -5.29571e-10 -2.61094e-06 0.99388
1 0.000191387 0.0718268 -6.89972e-06 -3.25993e-12 3.32752e-07 -6.89972e-06 0.071607 -5.26999e-08 -2.25051e-11 1.02877e-11 5.26999e-08 0.071607 2.31521e-07 3.32987e-07 -4.69601e-11 -2.3152e-07 0.0713872 -9.60605e-05 -4.5386e-11 4.6327e-06 -9.60605e-05 0.996939 -7.33708e-07 -3.13325e-10 1.43229e-10 7.33708e-07 0.996939 3.22333e-06 4.63597e-06 -6.53796e-10 -3.22331e-06 0.99388
1.1 0.000210523 0.0718226 -8.34822e-06 -3.94447e-12 3.32724e-07 -8.34822e-06 0.0716028 -5.26977e-08 -2.72292e-11 1.24474e-11 5.26977e-08 0.0716028 2.80117e-07 3.3296e-07 -5.68188e-11 -2.80116e-07 0.071383 -0.000116234 -5.49197e-11 4.63259e-06 -0.000116234 0.996939 -7.33721e-07 -3.79117e-10 1.73307e-10 7.33721e-07 0.996939 3.90013e-06 4.63586e-06 -7.911e-10 -3.90011e-06 0.99388
1.2 0.000229659 0.071818 -9.93449e-06 -4.69419e-12 3.32694e-07 -9.93449e-06 0.0715982 -5.26954e-08 -3.24023e-11 1.48125e-11 5.26954e-08 0.0715982 3.33332e-07 3.3293e-07 -6.76154e-11 -3.33331e-07 0.0713784 -0.000138329 -6.53623e-11 4.63246e-06 -0.000138329 0.996939 -7.33736e-07 -4.51173e-10 2.0625e-10 7.33736e-07 0.996939 4.64135e-06 4.63575e-06 -9.41482e-10 -4.64132e-06 0.993879
1.3 0.000248794 0.071813 -1.16585e-05 -5.50907e-12 3.32661e-07 -1.16585e-05 0.0715932 -5.26929e-08 -3.80243e-11 1.73829e-11 5.26929e-08 0.0715932 3.91164e-07 3.32898e-07 -7.93493e-11 -3.91162e-07 0.0713734 -0.000162345 -7.67142e-11 4.63232e-06 -0.000162345 0.996939 -7.33752e-07 -5.29491e-10 2.42059e-10 7.33752e-07 0.996939 5.44698e-06 4.63563e-06 -1.10494e-09 -5.44695e-06 0.993879
1.4 0.000267929 0.0718076 -1.35202e-05 -6.38912e-12 3.32625e-07 -1.35202e-05 0.0715878 -5.26902e-08 -4.4095e-11 2.01587e-11 5.26902e-08 0.0715878 4.53609e-07 3.32863e-07 -9.20204e-11 -4.53606e-07 0.071368 -0.000188283 -8.89755e-11 4.63218e-06 -0.000188283 0.996939 -7.33769e-07 -6.14072e-10 2.80732e-10 7.33769e-07 0.996939 6.317e-06 4.63549e-06 -1.28149e-09 -6.31697e-06 0.993879
1.5 0.000287062 0.0718018 -1.55195e-05 -7.33433e-12 3.32587e-07 -1.55195e-05 0.071582 -5.26873e-08 -5.06141e-11 2.31395e-11 5.26873e-08 0.071582 5.20664e-07 3.32826e-07 -1.05628e-10 -5.20661e-07 0.0713622 -0.000216143 -1.02147e-10 4.63202e-06 -0.000216143 0.996939 -7.33788e-07 -7.04914e-10 3.2227e-10 7.33788e-07 0.996939 7.25141e-06 4.63535e-06 -1.47111e-09 -7.25137e-06 0.993878
1.6 0.000306195 0.0717956 -1.76563e-05 -8.34469e-12 3.32546e-07 -1.76563e-05 0.0715758 -5.26842e-08 -5.75812e-11 2.63255e-11 5.26842e-08 0.0715758 5.92327e-07 3.32786e-07 -1.20173e-10 -5.92324e-07 0.071356 -0.000245925 -1.16228e-10 4.63185e-06 -0.000245925 0.996938 -7.33808e-07 -8.02016e-10 3.66673e-10 7.33808e-07 0.996938 8.25019e-06 4.63519e-06 -1.67382e-09 -8.25014e-06 0.993878
1.7 0.000325327 0.071789 -1.99306e-05 -9.42019e-12 3.32503e-07 -1.99306e-05 0.0715692 -5.26808e-08 -6.49962e-11 2.97164e-11 5.26808e-08 0.0715692 6.68594e-07 3.32744e-07 -1.35653e-10 -6.6859e-07 0.0713494 -0.000277628 -1.31221e-10 4.63167e-06 -0.000277628 0.996938 -7.33829e-07 -9.05378e-10 4.13941e-10 7.33829e-07 0.996938 9.31332e-06 4.63503e-06 -1.8896e-09 -9.31327e-06 0.993878
1.8 0.000344457 0.071782 -2.23424e-05 -1.05608e-11 3.32457e-07 -2.23424e-05 0.0715622 -5.26773e-08 -7.28586e-11 3.33121e-11 5.26773e-08 0.0715622 7.49461e-07 3.32699e-07 -1.52068e-10 -7.49457e-07 0.0713425 -0.000311254 -1.47124e-10 4.63148e-06 -0.000311254 0.996938 -7.33852e-07 -1.015e-09 4.64074e-10 7.33852e-07 0.996938 1.04408e-05 4.63486e-06 -2.11848e-09 -1.04407e-05 0.993877
1.9 0.000363587 0.0717746 -2.48915e-05 -1.17666e-11 3.32408e-07 -2.48915e-05 0.0715548 -5.26736e-08 -8.11683e-11 3.71126e-11 5.26736e-08 0.0715548 8.34925e-07 3.32652e-07 -1.69419e-10 -8.3492e-07 0.0713351 -0.000346801 -1.63938e-10 4.63128e-06 -0.000346801 0.996938 -7.33875e-07 -1.13088e-09 5.17072e-10 7.33875e-07 0.996938 1.16326e-05 4.63467e-06 -2.36043e-09 -1.16325e-05 0.993877
2 0.000382716 0.0717668 -2.75779e-05 -1.30375e-11 3.32357e-07 -2.75779e-05 0.071547 -5.26697e-08 -8.99247e-11 4.11178e-11 5.26697e-08 0.071547 9.24981e-07 3.32602e-07 -1.87704e-10 -9.24976e-07 0.0713273 -0.000384271 -1.81665e-10 4.63107e-06 -0.000384271 0.996938 -7.33901e-07 -1.25301e-09 5.72936e-10 7.339e-07 0.996937 1.28887e-05 4.63448e-06 -2.61548e-09 -1.28886e-05 0.993876
2.1 0.000401843 0.0717586 -3.04015e-05 -1.43735e-11 3.32303e-07 -3.04015e-05 0.0715388 -5.26655e-08 -9.91275e-11 4.53274e-11 5.26655e-08 0.0715388 1.01962e-06 3.32549e-07 -2.06923e-10 -1.01962e-06 0.0713191 -0.000423663 -2.00304e-10 4.63084e-06 -0.000423663 0.996937 -7.33927e-07 -1.3814e-09 6.31665e-10 7.33927e-07 0.996937 1.42091e-05 4.63428e-06 -2.88361e-09 -1.4209e-05 0.993876
2.2 0.000420969 0.0717499 -3.33621e-05 -1.57746e-11 3.32246e-07 -3.33621e-05 0.0715302 -5.26612e-08 -1.08776e-10 4.97413e-11 5.26612e-08 0.0715302 1.11885e-06 3.32494e-07 -2.27076e-10 -1.11885e-06 0.0713105 -0.000464978 -2.19855e-10 4.63061e-06 -0.000464978 0.996937 -7.33955e-07 -1.51605e-09 6.9326e-10 7.33955e-07 0.996937 1.55938e-05 4.63406e-06 -3.16483e-09 -1.55937e-05 0.993875
2.3 0.000440094 0.0717409 -3.64598e-05 -1.72408e-11 3.32187e-07 -3.64598e-05 0.0715212 -5.26567e-08 -1.18871e-10 5.43595e-11 5.26567e-08 0.0715212 1.22266e-06 3.32436e-07 -2.48161e-10 -1.22265e-06 0.0713015 -0.000508215 -2.40321e-10 4.63037e-06 -0.000508215 0.996937 -7.33984e-07 -1.65695e-09 7.5772e-10 7.33984e-07 0.996937 1.70427e-05 4.63384e-06 -3.45913e-09 -1.70426e-05 0.993875
2.4 0.000459218 0.0717315 -3.96944e-05 -1.87721e-11 3.32125e-07 -3.96944e-05 0.0715118 -5.2652e-08 -1.29411e-10 5.91818e-11 5.26519e-08 0.0715118 1.33104e-06 3.32376e-07 -2.70179e-10 -1.33103e-06 0.0712921 -0.000553375 -2.617e-10 4.63011e-06 -0.000553375 0.996936 -7.34014e-07 -1.8041e-09 8.25046e-10 7.34014e-07 0.996936 1.85558e-05 4.63361e-06 -3.76653e-09 -1.85557e-05 0.993874
2.5 0.00047834 0.0717218 -4.30659e-05 -2.03685e-11 3.3206e-07 -4.30659e-05 0.071502 -5.2647e-08 -1.40395e-10 6.4208e-11 5.2647e-08 0.071502 1.44399e-06 3.32313e-07 -2.93128e-10 -1.44398e-06 0.0712823 -0.000600458 -2.83993e-10 4.62984e-06 -0.000600458 0.996936 -7.34046e-07 -1.9575e-09 8.95237e-10 7.34045e-07 0.996936 2.01332e-05 4.63336e-06 -4.08702e-09 -2.01331e-05 0.993873
2.6 0.000497461 0.0717116 -4.6574e-05 -2.20299e-11 3.31993e-07 -4.6574e-05 0.0714918 -5.26419e-08 -1.51824e-10 6.94379e-11 5.26419e-08 0.0714918 1.5615e-06 3.32247e-07 -3.17009e-10 -1.56149e-06 0.0712722 -0.000649463 -3.07201e-10 4.62957e-06 -0.000649463 0.996936 -7.34079e-07 -2.11715e-09 9.68294e-10 7.34078e-07 0.996936 2.17748e-05 4.63311e-06 -4.42061e-09 -2.17746e-05 0.993873
2.7 0.00051658 0.071701 -5.02188e-05 -2.37564e-11 3.31924e-07 -5.02188e-05 0.0714812 -5.26366e-08 -1.63697e-10 7.48714e-11 5.26366e-08 0.0714812 1.68357e-06 3.3218e-07 -3.41819e-10 -1.68356e-06 0.0712616 -0.000700392 -3.31326e-10 4.62928e-06 -0.000700392 0.996936 -7.34113e-07 -2.28305e-09 1.04422e-09 7.34112e-07 0.996935 2.34805e-05 4.63285e-06 -4.76729e-09 -2.34803e-05 0.993872
2.8 0.000535698 0.07169 -5.4e-05 -2.55479e-11 3.31851e-07 -5.4e-05 0.0714703 -5.26311e-08 -1.76012e-10 8.05083e-11 5.2631e-08 0.0714702 1.81019e-06 3.32109e-07 -3.67559e-10 -1.81018e-06 0.0712506 -0.000753244 -3.56366e-10 4.62898e-06 -0.000753244 0.996935 -7.34148e-07 -2.45519e-09 1.12301e-09 7.34148e-07 0.996935 2.52503e-05 4.63257e-06 -5.12706e-09 -2.52502e-05 0.993871
2.9 0.000554814 0.0716786 -5.79177e-05 -2.74044e-11 3.31776e-07 -5.79177e-05 0.0714589 -5.26253e-08 -1.88771e-10 8.63485e-11 5.26253e-08 0.0714589 1.94136e-06 3.32036e-07 -3.94228e-10 -1.94135e-06 0.0712392 -0.000808019 -3.82324e-10 4.62867e-06 -0.000808019 0.996935 -7.34185e-07 -2.63358e-09 1.20466e-09 7.34185e-07 0.996935 2.70843e-05 4.63229e-06 -5.49994e-09 -2.70841e-05 0.993871
3 0.000573928 0.0716668 -6.19716e-05 -2.9326e-11 3.31699e-07 -6.19716e-05 0.0714471 -5.26194e-08 -2.01972e-10 9.23917e-11 5.26194e-08 0.0714471 2.07707e-06 3.3196e-07 -4.21824e-10 -2.07706e-06 0.0712275 -0.000864718 -4.09199e-10 4.62835e-06 -0.000864718 0.996935 -7.34223e-07 -2.81821e-09 1.28918e-09 7.34223e-07 0.996934 2.89823e-05 4.632e-06 -5.88591e-09 -2.89822e-05 0.99387
3.1 0.00059304 0.0716546 -6.61617e-05 -3.13126e-11 3.31619e-07 -6.61617e-05 0.0714349 -5.26133e-08 -2.15615e-10 9.86378e-11 5.26133e-08 0.0714349 2.21731e-06 3.31882e-07 -4.50348e-10 -2.2173e-06 0.0712153 -0.000923341 -4.36993e-10 4.62802e-06 -0.000923341 0.996934 -7.34263e-07 -3.00908e-09 1.37657e-09 7.34262e-07 0.996934 3.09444e-05 4.6317e-06 -6.28499e-09 -3.09442e-05 0.993869
3.2 0.000612151 0.071642 -7.04877e-05 -3.33641e-11 3.31536e-07 -7.04877e-05 0.0714224 -5.2607e-08 -2.29698e-10 1.05086e-10 5.26069e-08 0.0714223 2.36208e-06 3.31802e-07 -4.79798e-10 -2.36206e-06 0.0712027 -0.000983888 -4.65706e-10 4.62767e-06 -0.000983888 0.996934 -7.34303e-07 -3.20619e-09 1.46683e-09 7.34303e-07 0.996933 3.29705e-05 4.63138e-06 -6.69717e-09 -3.29704e-05 0.993868
3.3 0.00063126 0.071629 -7.49497e-05 -3.54806e-11 3.31451e-07 -7.49497e-05 0.0714094 -5.26005e-08 -2.44222e-10 1.11738e-10 5.26004e-08 0.0714093 2.51136e-06 3.31718e-07 -5.10174e-10 -2.51135e-06 0.0711898 -0.00104636 -4.95338e-10 4.62732e-06 -0.00104636 0.996933 -7.34345e-07 -3.40954e-09 1.55995e-09 7.34345e-07 0.996933 3.50607e-05 4.63106e-06 -7.12245e-09 -3.50605e-05 0.993868
3.4 0.000650367 0.0716157 -7.95474e-05 -3.76621e-11 3.31363e-07 -7.95474e-05 0.071396 -5.25937e-08 -2.59186e-10 1.18591e-10 5.25937e-08 0.071396 2.66516e-06 3.31633e-07 -5.41475e-10 -2.66515e-06 0.0711764 -0.00111075 -5.25892e-10 4.62696e-06 -0.00111075 0.996933 -7.34389e-07 -3.61913e-09 1.65594e-09 7.34388e-07 0.996932 3.72148e-05 4.63073e-06 -7.56084e-09 -3.72146e-05 0.993867
3.5 0.000669472 0.0716019 -8.42807e-05 -3.99085e-11 3.31272e-07 -8.42807e-05 0.0713823 -5.25868e-08 -2.7459e-10 1.25646e-10 5.25868e-08 0.0713822 2.82346e-06 3.31544e-07 -5.73699e-10 -2.82345e-06 0.0711627 -0.00117707 -5.57367e-10 4.62658e-06 -0.00117707 0.996933 -7.34433e-07 -3.83495e-09 1.75479e-09 7.34432e-07 0.996932 3.94328e-05 4.63039e-06 -8.01234e-09 -3.94326e-05 0.993866
3.6 0.000688575 0.0715877 -8.91495e-05 -4.22199e-11 3.31179e-07 -8.91495e-05 0.0713681 -5.25797e-08 -2.90432e-10 1.32904e-10 5.25796e-08 0.0713681 2.98627e-06 3.31454e-07 -6.06846e-10 -2.98625e-06 0.0711485 -0.00124532 -5.89764e-10 4.6262e-06 -0.00124532 0.996932 -7.34479e-07 -4.057e-09 1.85651e-09 7.34478e-07 0.996931 4.17148e-05 4.63003e-06 -8.47695e-09 -4.17145e-05 0.993865
3.7 0.000707676 0.0715732 -9.41536e-05 -4.45962e-11 3.31083e-07 -9.41536e-05 0.0713536 -5.25724e-08 -3.06711e-10 1.40362e-10 5.25723e-08 0.0713535 3.15356e-06 3.3136e-07 -6.40914e-10 -3.15354e-06 0.071134 -0.00131549 -6.23085e-10 4.6258e-06 -0.00131549 0.996932 -7.34527e-07 -4.28528e-09 1.9611e-09 7.34526e-07 0.996931 4.40606e-05 4.62967e-06 -8.95467e-09 -4.40604e-05 0.993864
3.8 0.000726775 0.0715582 -9.92929e-05 -4.70373e-11 3.30985e-07 -9.92929e-05 0.0713386 -5.25649e-08 -3.23428e-10 1.48022e-10 5.25648e-08 0.0713385 3.32533e-06 3.31264e-07 -6.75904e-10 -3.32531e-06 0.071119 -0.00138758 -6.5733e-10 4.62539e-06 -0.00138758 0.996931 -7.34575e-07 -4.51979e-09 2.06856e-09 7.34574e-07 0.99693 4.64703e-05 4.6293e-06 -9.44551e-09 -4.647e-05 0.993863
3.9 0.000745871 0.0715429 -0.000104567 -4.95434e-11 3.30884e-07 -0.000104567 0.0713233 -5.25572e-08 -3.40582e-10 1.55883e-10 5.25571e-08 0.0713232 3.50157e-06 3.31166e-07 -7.11813e-10 -3.50155e-06 0.0711037 -0.0014616 -6.925e-10 4.62497e-06 -0.0014616 0.996931 -7.34625e-07 -4.76053e-09 2.17888e-09 7.34624e-07 0.99693 4.89437e-05 4.62892e-06 -9.94947e-09 -4.89435e-05 0.993862
4 0.000764965 0.0715271 -0.000109976 -5.21143e-11 3.3078e-07 -0.000109976 0.0713075 -5.25493e-08 -3.58171e-10 1.63945e-10 5.25492e-08 0.0713074 3.68228e-06 3.31065e-07 -7.48641e-10 -3.68226e-06 0.071088 -0.00153755 -7.28596e-10 4.62455e-06 -0.00153755 0.99693 -7.34677e-07 -5.00749e-09 2.29207e-09 7.34675e-07 0.996929 5.1481e-05 4.62853e-06 -1.04665e-08 -5.14807e-05 0.993861
4.1 0.000784057 0.071511 -0.00011552 -5.47501e-11 3.30674e-07 -0.00011552 0.0712914 -5.25412e-08 -3.76196e-10 1.72208e-10 5.25411e-08 0.0712913 3.86745e-06 3.30962e-07 -7.86387e-10 -3.86743e-06 0.0710719 -0.00161542 -7.65618e-10 4.62411e-06 -0.00161542 0.99693 -7.34729e-07 -5.26067e-09 2.40813e-09 7.34727e-07 0.996928 5.40819e-05 4.62813e-06 -1.09967e-08 -5.40816e-05 0.99386
4.2 0.000803147 0.0714944 -0.000121198 -5.74507e-11 3.30566e-07 -0.000121198 0.0712749 -5.25329e-08 -3.94655e-10 1.8067e-10 5.25327e-08 0.0712748 4.05706e-06 3.30856e-07 -8.2505e-10 -4.05704e-06 0.0710553 -0.00169522 -8.03569e-10 4.62365e-06 -0.00169522 0.996929 -7.34783e-07 -5.52007e-09 2.52706e-09 7.34781e-07 0.996928 5.67466e-05 4.62771e-06 -1.15401e-08 -5.67463e-05 0.993859
4.3 0.000822234 0.0714775 -0.000127011 -6.02161e-11 3.30454e-07 -0.000127011 0.071258 -5.25244e-08 -4.13547e-10 1.89333e-10 5.25242e-08 0.0712578 4.25112e-06 3.30747e-07 -8.64628e-10 -4.25109e-06 0.0710384 -0.00177694 -8.42448e-10 4.62319e-06 -0.00177694 0.996929 -7.34838e-07 -5.78569e-09 2.64885e-09 7.34836e-07 0.996927 5.94749e-05 4.62729e-06 -1.20965e-08 -5.94746e-05 0.993857
4.4 0.000841318 0.0714602 -0.000132958 -6.30463e-11 3.3034e-07 -0.000132958 0.0712406 -5.25157e-08 -4.32872e-10 1.98196e-10 5.25155e-08 0.0712405 4.4496e-06 3.30636e-07 -9.0512e-10 -4.44958e-06 0.0710211 -0.00186059 -8.82258e-10 4.62272e-06 -0.00186059 0.996928 -7.34895e-07 -6.05753e-09 2.77351e-09 7.34892e-07 0.996927 6.22669e-05 4.62686e-06 -1.26661e-08 -6.22665e-05 0.993856
4.5 0.0008604 0.0714424 -0.000139039 -6.59413e-11 3.30224e-07 -0.000139039 0.0712229 -5.25068e-08 -4.52629e-10 2.07258e-10 5.25066e-08 0.0712228 4.6525e-06 3.30523e-07 -9.46526e-10 -4.65248e-06 0.0710034 -0.00194617 -9.22999e-10 4.62224e-06 -0.00194617 0.996928 -7.34953e-07 -6.33557e-09 2.90105e-09 7.3495e-07 0.996926 6.51224e-05 4.62642e-06 -1.32488e-08 -6.5122e-05 0.993855
4.6 0.00087948 0.0714243 -0.000145253 -6.8901e-11 3.30105e-07 -0.000145253 0.0712048 -5.24977e-08 -4.72817e-10 2.16519e-10 5.24975e-08 0.0712047 4.85981e-06 3.30407e-07 -9.88843e-10 -4.85979e-06 0.0709853 -0.00203367 -9.64672e-10 4.62174e-06 -0.00203367 0.996927 -7.35012e-07 -6.61983e-09 3.03144e-09 7.35009e-07 0.996925 6.80414e-05 4.62597e-06 -1.38446e-08 -6.80411e-05 0.993854
4.7 0.000898556 0.0714058 -0.000151602 -7.19255e-11 3.29983e-07 -0.000151602 0.0711864 -5.24885e-08 -4.93435e-10 2.25979e-10 5.24882e-08 0.0711862 5.07152e-06 3.30288e-07 -1.03207e-09 -5.0715e-06 0.0709668 -0.0021231 -1.00728e-09 4.62124e-06 -0.0021231 0.996927 -7.35073e-07 -6.91029e-09 3.16471e-09 7.3507e-07 0.996924 7.10239e-05 4.62551e-06 -1.44536e-08 -7.10236e-05 0.993852
4.8 0.00091763 0.0713869 -0.000158083 -7.50147e-11 3.29859e-07 -0.000158083 0.0711675 -5.2479e-08 -5.14482e-10 2.35637e-10 5.24787e-08 0.0711673 5.28762e-06 3.30167e-07 -1.07621e-09 -5.2876e-06 0.070948 -0.00221446 -1.05082e-09 4.62072e-06 -0.00221446 0.996926 -7.35135e-07 -7.20695e-09 3.30085e-09 7.35131e-07 0.996924 7.40699e-05 4.62504e-06 -1.50757e-08 -7.40695e-05 0.993851
4.9 0.000936701 0.0713676 -0.000164698 -7.81685e-11 3.29733e-07 -0.000164698 0.0711482 -5.24693e-08 -5.35958e-10 2.45494e-10 5.24691e-08 0.071148 5.5081e-06 3.30044e-07 -1.12125e-09 -5.50807e-06 0.0709287 -0.00230774 -1.09529e-09 4.6202e-06 -0.00230774 0.996925 -7.35198e-07 -7.50982e-09 3.43985e-09 7.35194e-07 0.996923 7.71793e-05 4.62456e-06 -1.5711e-08 -7.71789e-05 0.99385
5 0.00095577 0.0713479 -0.000171446 -8.13871e-11 3.29603e-07 -0.000171446 0.0711285 -5.24595e-08 -5.57862e-10 2.55549e-10 5.24592e-08 0.0711283 5.73295e-06 3.29918e-07 -1.16721e-09 -5.73292e-06 0.070909 -0.00240296 -1.14071e-09 4.61966e-06 -0.00240296 0.996925 -7.35262e-07 -7.81889e-09 3.58173e-09 7.35258e-07 0.996922 8.03521e-05 4.62407e-06 -1.63594e-08 -8.03516e-05 0.993848
5.1 0.000974835 0.0713279 -0.000178327 -8.46703e-11 3.29472e-07 -0.000178327 0.0711085 -5.24494e-08 -5.80192e-10 2.65801e-10 5.24491e-08 0.0711082 5.96216e-06 3.29789e-07 -1.21407e-09 -5.96213e-06 0.070889 -0.0025001 -1.18706e-09 4.61911e-06 -0.0025001 0.996924 -7.35328e-07 -8.13415e-09 3.72647e-09 7.35324e-07 0.996921 8.35881e-05 4.62357e-06 -1.70209e-08 -8.35877e-05 0.993847
5.2 0.000993897 0.0713074 -0.00018534 -8.80181e-11 3.29337e-07 -0.00018534 0.071088 -5.24391e-08 -6.02948e-10 2.76251e-10 5.24388e-08 0.0710878 6.19572e-06 3.29658e-07 -1.26183e-09 -6.19568e-06 0.0708685 -0.00259917 -1.23435e-09 4.61856e-06 -0.00259917 0.996924 -7.35396e-07 -8.45561e-09 3.87408e-09 7.35391e-07 0.99692 8.68874e-05 4.62306e-06 -1.76956e-08 -8.6887e-05 0.993845
5.3 0.00101296 0.0712865 -0.000192486 -9.14306e-11 3.292e-07 -0.000192486 0.0710672 -5.24287e-08 -6.26128e-10 2.86897e-10 5.24283e-08 0.0710669 6.43361e-06 3.29525e-07 -1.31049e-09 -6.43357e-06 0.0708477 -0.00270017 -1.28258e-09 4.61799e-06 -0.00270017 0.996923 -7.35464e-07 -8.78326e-09 4.02457e-09 7.35459e-07 0.996919 9.02499e-05 4.62254e-06 -1.83835e-08 -9.02495e-05 0.993844
5.4 0.00103201 0.0712653 -0.000199764 -9.49076e-11 3.29061e-07 -0.000199764 0.071046 -5.24181e-08 -6.49733e-10 2.9774e-10 5.24177e-08 0.0710457 6.67582e-06 3.29389e-07 -1.36006e-09 -6.67579e-06 0.0708264 -0.0028031 -1.33175e-09 4.61741e-06 -0.0028031 0.996922 -7.35534e-07 -9.1171e-09 4.17792e-09 7.35529e-07 0.996918 9.36756e-05 4.62201e-06 -1.90845e-08 -9.36751e-05 0.993842
5.5 0.00105107 0.0712436 -0.000207174 -9.84492e-11 3.28919e-07 -0.000207174 0.0710243 -5.24072e-08 -6.7376e-10 3.0878e-10 5.24068e-08 0.071024 6.92235e-06 3.29251e-07 -1.41053e-09 -6.92231e-06 0.0708048 -0.00290796 -1.38187e-09 4.61682e-06 -0.00290796 0.996922 -7.35606e-07 -9.45712e-09 4.33414e-09 7.356e-07 0.996917 9.71644e-05 4.62147e-06 -1.97986e-08 -9.71639e-05 0.993841
5.6 0.00107012 0.0712216 -0.000214715 -1.02055e-10 3.28774e-07 -0.000214715 0.0710023 -5.23962e-08 -6.98209e-10 3.20015e-10 5.23958e-08 0.071002 7.17318e-06 3.2911e-07 -1.46189e-09 -7.17314e-06 0.0707828 -0.00301475 -1.43293e-09 4.61622e-06 -0.00301475 0.996921 -7.35678e-07 -9.80332e-09 4.49323e-09 7.35672e-07 0.996916 0.000100716 4.62092e-06 -2.0526e-08 -0.000100716 0.993839
5.7 0.00108916 0.0711992 -0.000222389 -1.05726e-10 3.28627e-07 -0.000222389 0.0709799 -5.2385e-08 -7.23078e-10 3.31446e-10 5.23845e-08 0.0709796 7.4283e-06 3.28966e-07 -1.51415e-09 -7.42826e-06 0.0707604 -0.00312347 -1.48493e-09 4.6156e-06 -0.00312347 0.99692 -7.35753e-07 -1.01557e-08 4.65519e-09 7.35746e-07 0.996915 0.000104331 4.62037e-06 -2.12665e-08 -0.000104331 0.993837
5.8 0.00110821 0.0711764 -0.000230193 -1.09461e-10 3.28478e-07 -0.000230193 0.0709571 -5.23736e-08 -7.48367e-10 3.43072e-10 5.23731e-08 0.0709568 7.68769e-06 3.28821e-07 -1.56731e-09 -7.68765e-06 0.0707376 -0.00323412 -1.53789e-09 4.61498e-06 -0.00323412 0.99692 -7.35828e-07 -1.05143e-08 4.82002e-09 7.35821e-07 0.996914 0.000108009 4.6198e-06 -2.20201e-08 -0.000108008 0.993835
5.9 0.00112725 0.0711532 -0.000238128 -1.13261e-10 3.28326e-07 -0.000238128 0.070934 -5.2362e-08 -7.74075e-10 3.54893e-10 5.23614e-08 0.0709336 7.95135e-06 3.28672e-07 -1.62136e-09 -7.95131e-06 0.0707144 -0.0033467 -1.59179e-09 4.61435e-06 -0.0033467 0.996919 -7.35905e-07 -1.0879e-08 4.98773e-09 7.35897e-07 0.996913 0.00011175 4.61922e-06 -2.27869e-08 -0.000111749 0.993834
6 0.00172656 0.0711296 -0.000246195 -1.17125e-10 3.28171e-07 -0.000246195 0.0709104 -5.23502e-08 -8.00201e-10 3.66908e-10 5.23496e-08 0.07091 8.21926e-06 3.28521e-07 -1.67631e-09 -8.21922e-06 0.0706909 -0.00346121 -1.64664e-09 4.6137e-06 -0.00346121 0.996918 -7.35983e-07 -1.12499e-08 5.1583e-09 7.35975e-07 0.996912 0.000115553 4.61863e-06 -2.35669e-08 -0.000115553 0.993832
6.2 0.00236869 0.0710813 -0.000262719 -1.25046e-10 3.27854e-07 -0.000262719 0.0708621 -5.2326e-08 -8.537e-10 3.9152e-10 5.23254e-08 0.0708616 8.76779e-06 3.28213e-07 -1.78887e-09 -8.76774e-06 0.0706426 -0.00369603 -1.7592e-09 4.61238e-06 -0.00369603 0.996917 -7.36144e-07 -1.20102e-08 5.50806e-09 7.36134e-07 0.99691 0.000123349 4.61743e-06 -2.51665e-08 -0.000123348 0.993828
6.4 0.00244479 0.0710314 -0.000279763 -1.33225e-10 3.27527e-07 -0.000279763 0.0708123 -5.23011e-08 -9.08856e-10 4.16904e-10 5.23003e-08 0.0708117 9.33317e-06 3.27894e-07 -1.90497e-09 -9.33312e-06 0.0705927 -0.00393858 -1.87558e-09 4.61102e-06 -0.00393858 0.996915 -7.3631e-07 -1.27951e-08 5.8693e-09 7.36299e-07 0.996907 0.000131395 4.61618e-06 -2.68188e-08 -0.000131394 0.993824
6.6 0.00252085 0.07098 -0.000297325 -1.41661e-10 3.2719e-07 -0.000297325 0.0707609 -5.22754e-08 -9.65659e-10 4.43059e-10 5.22746e-08 0.0707603 9.91528e-06 3.27565e-07 -2.02462e-09 -9.91523e-06 0.0705413 -0.00418886 -1.99579e-09 4.60961e-06 -0.00418886 0.996914 -7.36481e-07 -1.36047e-08 6.24202e-09 7.36469e-07 0.996905 0.000139691 4.6149e-06 -2.85238e-08 -0.000139691 0.99382
6.8 0.00259689 0.070927 -0.000315403 -1.50354e-10 3.26844e-07 -0.000315403 0.070708 -5.2249e-08 -1.0241e-09 4.69979e-10 5.2248e-08 0.0707073 1.0514e-05 3.27227e-07 -2.14779e-09 -1.0514e-05 0.0704884 -0.00444687 -2.11984e-09 4.60817e-06 -0.00444687 0.996912 -7.36658e-07 -1.44388e-08 6.62624e-09 7.36645e-07 0.996902 0.000148237 4.61358e-06 -3.02817e-08 -0.000148237 0.993816
7 0.00267289 0.0708725 -0.000333996 -1.59304e-10 3.26487e-07 -0.000333996 0.0706536 -5.22218e-08 -1.08417e-09 4.97662e-10 5.22207e-08 0.0706528 1.11293e-05 3.26879e-07 -2.27446e-09 -1.11292e-05 0.0704339 -0.00471262 -2.24775e-09 4.60667e-06 -0.00471262 0.99691 -7.36841e-07 -1.52975e-08 7.02194e-09 7.36826e-07 0.996899 0.000157033 4.61222e-06 -3.20923e-08 -0.000157032 0.993811
7.2 0.00274886 0.0708165 -0.000353099 -1.6851e-10 3.2612e-07 -0.000353099 0.0705976 -5.21939e-08 -1.14586e-09 5.26105e-10 5.21926e-08 0.0705967 1.1761e-05 3.26522e-07 -2.40463e-09 -1.17609e-05 0.0703779 -0.00498612 -2.37954e-09 4.60514e-06 -0.00498612 0.996909 -7.3703e-07 -1.61807e-08 7.42913e-09 7.37012e-07 0.996896 0.000166076 4.61082e-06 -3.39558e-08 -0.000166076 0.993806
7.4 0.0028248 0.070759 -0.000372712 -1.77973e-10 3.25743e-07 -0.000372712 0.0705401 -5.21652e-08 -1.20916e-09 5.55302e-10 5.21638e-08 0.0705391 1.24089e-05 3.26155e-07 -2.53828e-09 -1.24088e-05 0.0703203 -0.00526735 -2.5152e-09 4.60357e-06 -0.00526735 0.996907 -7.37224e-07 -1.70884e-08 7.8478e-09 7.37204e-07 0.996893 0.000175368 4.60938e-06 -3.58722e-08 -0.000175368 0.993801
7.6 0.00290071 0.0706999 -0.000392832 -1.87692e-10 3.25357e-07 -0.000392832 0.0704811 -5.21357e-08 -1.27405e-09 5.85252e-10 5.21342e-08 0.07048 1.3073e-05 3.25778e-07 -2.67539e-09 -1.30729e-05 0.0702613 -0.00555634 -2.65477e-09 4.60195e-06 -0.00555634 0.996905 -7.37423e-07 -1.80205e-08 8.27797e-09 7.37402e-07 0.996889 0.000184908 4.6079e-06 -3.78415e-08 -0.000184907 0.993796
7.8 0.00297657 0.0706393 -0.000413457 -1.97667e-10 3.24961e-07 -0.000413457 0.0704205 -5.21056e-08 -1.34053e-09 6.15949e-10 5.21039e-08 0.0704193 1.37531e-05 3.25392e-07 -2.81595e-09 -1.3753e-05 0.0702007 -0.00585307 -2.79826e-09 4.60029e-06 -0.00585307 0.996903 -7.37629e-07 -1.89771e-08 8.71963e-09 7.37605e-07 0.996886 0.000194694 4.60638e-06 -3.98638e-08 -0.000194693 0.993791
8 0.00305241 0.0705772 -0.000434583 -2.07897e-10 3.24555e-07 -0.000434583 0.0703585 -5.20747e-08 -1.40859e-09 6.47389e-10 5.20728e-08 0.0703571 1.44491e-05 3.24996e-07 -2.95994e-09 -1.4449e-05 0.0701385 -0.00615756 -2.94567e-09 4.59858e-06 -0.00615756 0.996901 -7.3784e-07 -1.99581e-08 9.17278e-09 7.37814e-07 0.996882 0.000204727 4.60483e-06 -4.1939e-08 -0.000204726 0.993785
8.2 0.0031282 0.0705135 -0.000456209 -2.18383e-10 3.24139e-07 -0.000456209 0.0702949 -5.2043e-08 -1.47821e-09 6.79569e-10 5.2041e-08 0.0702934 1.51608e-05 3.2459e-07 -3.10734e-09 -1.51607e-05 0.0700749 -0.00646981 -3.09704e-09 4.59684e-06 -0.00646981 0.996899 -7.38057e-07 -2.09635e-08 9.63743e-09 7.38028e-07 0.996878 0.000215006 4.60323e-06 -4.40673e-08 -0.000215005 0.993779
8.4 0.00320396 0.0704484 -0.000478332 -2.29124e-10 3.23714e-07 -0.000478332 0.0702298 -5.20106e-08 -1.54938e-09 7.12485e-10 5.20084e-08 0.0702282 1.58882e-05 3.24176e-07 -3.25814e-09 -1.58881e-05 0.0700097 -0.00678982 -3.25236e-09 4.59505e-06 -0.00678982 0.996897 -7.3828e-07 -2.19932e-08 1.01136e-08 7.38248e-07 0.996874 0.00022553 4.6016e-06 -4.62486e-08 -0.000225528 0.993773
8.6 0.00327968 0.0703818 -0.000500949 -2.4012e-10 3.23279e-07 -0.000500949 0.0701633 -5.19775e-08 -1.6221e-09 7.46132e-10 5.19751e-08 0.0701615 1.6631e-05 3.23751e-07 -3.41232e-09 -1.6631e-05 0.0699431 -0.0071176 -3.41167e-09 4.59322e-06 -0.0071176 0.996895 -7.38508e-07 -2.30471e-08 1.06012e-08 7.38473e-07 0.99687 0.000236298 4.59993e-06 -4.84829e-08 -0.000236296 0.993766
8.8 0.00335535 0.0703137 -0.000524058 -2.5137e-10 3.22835e-07 -0.000524058 0.0700952 -5.19437e-08 -1.69634e-09 7.80505e-10 5.1941e-08 0.0700932 1.73892e-05 3.23318e-07 -3.56986e-09 -1.73891e-05 0.0698749 -0.00745314 -3.57498e-09 4.59135e-06 -0.00745314 0.996893 -7.38743e-07 -2.41254e-08 1.11003e-08 7.38704e-07 0.996865 0.00024731 4.59822e-06 -5.07704e-08 -0.000247308 0.99376
9 0.00343099 0.070244 -0.000547655 -2.62874e-10 3.22381e-07 -0.000547655 0.0700256 -5.19092e-08 -1.77211e-09 8.156e-10 5.19062e-08 0.0700235 1.81626e-05 3.22875e-07 -3.73074e-09 -1.81625e-05 0.0698052 -0.00779646 -3.7423e-09 4.58944e-06 -0.00779646 0.996891 -7.38983e-07 -2.52279e-08 1.1611e-08 7.38941e-07 0.99686 0.000258564 4.59648e-06 -5.31111e-08 -0.000258563 0.993753
9.2 0.00350659 0.0701729 -0.000571738 -2.74633e-10 3.21917e-07 -0.000571738 0.0699546 -5.18739e-08 -1.84937e-09 8.51413e-10 5.18707e-08 0.0699523 1.8951e-05 3.22423e-07 -3.89494e-09 -1.89509e-05 0.069734 -0.00814755 -3.91366e-09 4.58748e-06 -0.00814755 0.996889 -7.3923e-07 -2.63545e-08 1.21331e-08 7.39183e-07 0.996855 0.000270062 4.59469e-06 -5.55049e-08 -0.00027006 0.993746
9.4 0.00358214 0.0701003 -0.000596304 -2.86645e-10 3.21444e-07 -0.000596304 0.0698821 -5.18379e-08 -1.92813e-09 8.87939e-10 5.18344e-08 0.0698795 1.97543e-05 3.21962e-07 -4.06245e-09 -1.97542e-05 0.0696614 -0.00850643 -4.08906e-09 4.58548e-06 -0.00850643 0.996886 -7.39482e-07 -2.75053e-08 1.26667e-08 7.39432e-07 0.99685 0.000281801 4.59287e-06 -5.7952e-08 -0.000281799 0.993738
9.6 0.00365765 0.0700263 -0.00062135 -2.9891e-10 3.20962e-07 -0.00062135 0.0698081 -5.18013e-08 -2.00837e-09 9.25173e-10 5.17974e-08 0.0698053 2.05724e-05 3.21491e-07 -4.23325e-09 -2.05723e-05 0.0695872 -0.00887309 -4.26855e-09 4.58344e-06 -0.00887309 0.996884 -7.3974e-07 -2.86802e-08 1.32118e-08 7.39686e-07 0.996844 0.000293781 4.59101e-06 -6.04523e-08 -0.000293779 0.99373
9.8 0.00373311 0.0699507 -0.000646872 -3.11429e-10 3.2047e-07 -0.000646872 0.0697326 -5.17639e-08 -2.09007e-09 9.6311e-10 5.17597e-08 0.0697296 2.1405e-05 3.21011e-07 -4.40731e-09 -2.14049e-05 0.0695116 -0.00924754 -4.45212e-09 4.58136e-06 -0.00924754 0.996882 -7.40005e-07 -2.98792e-08 1.37684e-08 7.39945e-07 0.996839 0.000306001 4.58911e-06 -6.30059e-08 -0.000305999 0.993722
10 0.00380853 0.0698737 -0.000672869 -3.24201e-10 3.19969e-07 -0.000672869 0.0696557 -5.17258e-08 -2.17323e-09 1.00175e-09 5.17213e-08 0.0696524 2.2252e-05 3.20523e-07 -4.58462e-09 -2.22519e-05 0.0694345 -0.00962979 -4.63981e-09 4.57924e-06 -0.00962979 0.996879 -7.40275e-07 -3.11022e-08 1.43365e-08 7.40211e-07 0.996833 0.00031846 4.58717e-06 -6.56129e-08 -0.000318458 0.993714
10.2 0.0038839 0.0697953 -0.000699337 -3.37225e-10 3.19458e-07 -0.000699337 0.0695773 -5.1687e-08 -2.25783e-09 1.04107e-09 5.16822e-08 0.0695738 2.31133e-05 3.20025e-07 -4.76515e-09 -2.31131e-05 0.0693559 -0.0100198 -4.83162e-09 4.57708e-06 -0.0100198 0.996877 -7.40552e-07 -3.23493e-08 1.49161e-08 7.40482e-07 0.996826 0.000331158 4.58519e-06 -6.82733e-08 -0.000331156 0.993705
10.4 0.00395923 0.0697154 -0.000726272 -3.50501e-10 3.18939e-07 -0.000726272 0.0694975 -5.16476e-08 -2.34385e-09 1.08109e-09 5.16423e-08 0.0694936 2.39886e-05 3.19518e-07 -4.94889e-09 -2.39885e-05 0.0692759 -0.0104177 -5.0276e-09 4.57487e-06 -0.0104177 0.996874 -7.40835e-07 -3.36202e-08 1.55072e-08 7.4076e-07 0.99682 0.000344094 4.58318e-06 -7.0987e-08 -0.000344092 0.993696
10.6 0.0040345 0.069634 -0.000753672 -3.64029e-10 3.1841e-07 -0.000753672 0.0694162 -5.16074e-08 -2.43128e-09 1.12179e-09 5.16018e-08 0.0694121 2.48779e-05 3.19002e-07 -5.1358e-09 -2.48777e-05 0.0691943 -0.0108233 -5.22775e-09 4.57263e-06 -0.0108233 0.996872 -7.41124e-07 -3.49151e-08 1.61098e-08 7.41043e-07 0.996813 0.000357266 4.58113e-06 -7.37543e-08 -0.000357264 0.993686
10.8 0.00410973 0.0695512 -0.000781533 -3.77809e-10 3.17873e-07 -0.000781533 0.0693334 -5.15666e-08 -2.52011e-09 1.16316e-09 5.15605e-08 0.069329 2.57809e-05 3.18478e-07 -5.32588e-09 -2.57807e-05 0.0691114 -0.0112368 -5.43209e-09 4.57034e-06 -0.0112368 0.996869 -7.41419e-07 -3.62339e-08 1.67239e-08 7.41332e-07 0.996805 0.000370675 4.57904e-06 -7.6575e-08 -0.000370673 0.993676
11 0.00418491 0.0694669 -0.000809852 -3.91839e-10 3.17326e-07 -0.000809852 0.0692493 -5.15251e-08 -2.61032e-09 1.20521e-09 5.15185e-08 0.0692445 2.66974e-05 3.17944e-07 -5.5191e-09 -2.66973e-05 0.069027 -0.0116581 -5.64066e-09 4.56801e-06 -0.0116581 0.996867 -7.41721e-07 -3.75765e-08 1.73494e-08 7.41627e-07 0.996798 0.000384318 4.57691e-06 -7.94493e-08 -0.000384316 0.993666
11.2 0.00426003 0.0693813 -0.000838625 -4.06121e-10 3.1677e-07 -0.000838625 0.0691637 -5.14829e-08 -2.7019e-09 1.24793e-09 5.14759e-08 0.0691586 2.76274e-05 3.17402e-07 -5.71543e-09 -2.76272e-05 0.0689411 -0.0120872 -5.85347e-09 4.56564e-06 -0.0120872 0.996864 -7.42029e-07 -3.89429e-08 1.79865e-08 7.41928e-07 0.99679 0.000398196 4.57475e-06 -8.23771e-08 -0.000398194 0.993656
11.4 0.00433511 0.0692942 -0.000867849 -4.20654e-10 3.16205e-07 -0.000867849 0.0690766 -5.144e-08 -2.79484e-09 1.2913e-09 5.14325e-08 0.0690712 2.85705e-05 3.16851e-07 -5.91485e-09 -2.85704e-05 0.0688538 -0.0125241 -6.07055e-09 4.56323e-06 -0.0125241 0.996861 -7.42343e-07 -4.0333e-08 1.8635e-08 7.42235e-07 0.996782 0.000412308 4.57255e-06 -8.53586e-08 -0.000412305 0.993645
11.6 0.00441013 0.0692056 -0.000897521 -4.35436e-10 3.15632e-07 -0.000897521 0.0689882 -5.13965e-08 -2.88911e-09 1.33533e-09 5.13885e-08 0.0689823 2.95267e-05 3.16291e-07 -6.11735e-09 -2.95265e-05 0.068765 -0.0129689 -6.29192e-09 4.56078e-06 -0.0129689 0.996858 -7.42664e-07 -4.17468e-08 1.92951e-08 7.42548e-07 0.996773 0.000426651 4.57031e-06 -8.83938e-08 -0.000426649 0.993633
11.8 0.0044851 0.0691157 -0.000927637 -4.50469e-10 3.15049e-07 -0.000927637 0.0688984 -5.13524e-08 -2.98471e-09 1.38001e-09 5.13438e-08 0.0688921 3.04957e-05 3.15723e-07 -6.32289e-09 -3.04955e-05 0.0686749 -0.0134215 -6.51761e-09 4.55829e-06 -0.0134215 0.996855 -7.42991e-07 -4.31843e-08 1.99666e-08 7.42867e-07 0.996764 0.000441226 4.56803e-06 -9.14826e-08 -0.000441224 0.993622
12 0.0139046 0.0690244 -0.000958193 -4.65751e-10 3.14458e-07 -0.000958193 0.0688071 -5.13075e-08 -3.08162e-09 1.42533e-09 5.12983e-08 0.0688004 3.14773e-05 3.15146e-07 -6.53145e-09 -3.14771e-05 0.0685833 -0.0138819 -6.74763e-09 4.55576e-06 -0.013882 0.996852 -7.43325e-07 -4.46454e-08 2.06496e-08 7.43192e-07 0.996755 0.000456032 4.56572e-06 -9.46253e-08 -0.000456029 0.993609
13 0.0246683 0.0685468 -0.00111745 -5.45893e-10 3.11373e-07 -0.00111745 0.06833 -5.10738e-08 -3.58524e-09 1.66135e-09 5.10612e-08 0.0683208 3.65683e-05 3.12134e-07 -7.61872e-09 -3.65681e-05 0.0681041 -0.016302 -7.96381e-09 4.54249e-06 -0.016302 0.996837 -7.45094e-07 -5.23035e-08 2.42368e-08 7.44911e-07 0.996703 0.000533479 4.5536e-06 -1.11146e-07 -0.000533477 0.993542
14 0.0265294 0.068035 -0.00128715 -6.32221e-10 3.08077e-07 -0.00128715 0.0678187 -5.08245e-08 -4.11919e-09 1.9125e-09 5.08078e-08 0.0678064 4.19455e-05 3.08917e-07 -8.77773e-09 -4.19453e-05 0.0675902 -0.0189189 -9.29259e-09 4.52822e-06 -0.0189189 0.99682 -7.47035e-07 -6.05451e-08 2.81105e-08 7.46788e-07 0.99664 0.000616528 4.54056e-06 -1.29018e-07 -0.000616524 0.993462
15 0.0283823 0.06749 -0.00146679 -7.24689e-10 3.0458e-07 -0.00146679 0.0672742 -5.05603e-08 -4.6814e-09 2.17791e-09 5.05385e-08 0.0672581 4.75824e-05 3.05502e-07 -1.00051e-08 -4.75821e-05 0.0670424 -0.0217335 -1.07377e-08 4.51296e-06 -0.0217335 0.996802 -7.49153e-07 -6.93643e-08 3.22701e-08 7.48829e-07 0.996564 0.000705028 4.52662e-06 -1.48246e-07 -0.000705025 0.993368
16 0.0302266 0.0669127 -0.00165585 -8.23248e-10 3.00888e-07 -0.00165585 0.0666974 -5.0282e-08 -5.2697e-09 2.45669e-09 5.02539e-08 0.0666767 5.34511e-05 3.01896e-07 -1.12972e-08 -5.34508e-05 0.0664616 -0.0247465 -1.23033e-08 4.49673e-06 -0.0247465 0.996783 -7.51457e-07 -7.87548e-08 3.67148e-08 7.51038e-07 0.996474 0.000798818 4.51179e-06 -1.68836e-07 -0.000798814 0.993259
17 0.0320617 0.066304 -0.00185377 -9.27849e-10 2.97012e-07 -0.00185377 0.0660893 -4.99902e-08 -5.88187e-09 2.74786e-09 4.99548e-08 0.0660631 5.95223e-05 2.98108e-07 -1.26503e-08 -5.9522e-05 0.0658486 -0.0279587 -1.39939e-08 4.47954e-06 -0.0279587 0.996762 -7.53954e-07 -8.87107e-08 4.14433e-08 7.53421e-07 0.996367 0.000897719 4.49608e-06 -1.90793e-07 -0.000897714 0.993132
18 0.0338871 0.065665 -0.00205997 -1.03844e-09 2.92959e-07 -0.00205997 0.065451 -4.96857e-08 -6.51564e-09 3.05042e-09 4.96418e-08 0.0654183 6.57657e-05 2.94148e-07 -1.40605e-08 -6.57654e-05 0.0652045 -0.031371 -1.58142e-08 4.46142e-06 -0.031371 0.99674 -7.56654e-07 -9.92255e-08 4.64542e-08 7.55985e-07 0.996243 0.00100153 4.47952e-06 -2.14124e-07 -0.00100153 0.992986
19 0.0357021 0.0649969 -0.00227387 -1.15496e-09 2.8874e-07 -0.00227387 0.0647835 -4.93693e-08 -7.16871e-09 3.3633e-09 4.93155e-08 0.0647433 7.21497e-05 2.90023e-07 -1.55235e-08 -7.21494e-05 0.0645301 -0.0349843 -1.77695e-08 4.44237e-06 -0.0349843 0.996717 -7.59564e-07 -1.10293e-07 5.17456e-08 7.58736e-07 0.996098 0.00111005 4.46211e-06 -2.38834e-07 -0.00111004 0.992818
20 0.0375062 0.0643006 -0.00249483 -1.27737e-09 2.84364e-07 -0.00249483 0.0640879 -4.90419e-08 -7.83873e-09 3.68539e-09 4.89767e-08 0.064039 7.86418e-05 2.85744e-07 -1.7035e-08 -7.86414e-05 0.0638265 -0.0387995 -1.98656e-08 4.42242e-06 -0.0387995 0.996692 -7.62696e-07 -1.21907e-07 5.7315e-08 7.61682e-07 0.995931 0.00122303 4.44387e-06 -2.64927e-07 -0.00122303 0.992626
21 0.0392989 0.0635775 -0.00272224 -1.4056e-09 2.79842e-07 -0.00272224 0.0633655 -4.87041e-08 -8.52336e-09 4.01554e-09 4.8626e-08 0.0633066 8.52085e-05 2.8132e-07 -1.85907e-08 -8.52081e-05 0.0630948 -0.0428178 -2.21085e-08 4.40159e-06 -0.0428178 0.996665 -7.6606e-07 -1.34063e-07 6.31597e-08 7.64831e-07 0.995739 0.00134023 4.42483e-06 -2.9241e-07 -0.00134022 0.992408
22 0.0410797 0.0628286 -0.00295545 -1.5396e-09 2.75182e-07 -0.00295545 0.0626173 -4.8357e-08 -9.22027e-09 4.35253e-09 4.82643e-08 0.0625471 9.18158e-05 2.7676e-07 -2.01859e-08 -9.18154e-05 0.062336 -0.0470399 -2.45048e-08 4.37989e-06 -0.0470399 0.996638 -7.69665e-07 -1.46753e-07 6.92763e-08 7.6819e-07 0.995519 0.00146137 4.405e-06 -3.21285e-07 -0.00146136 0.99216
23 0.0428479 0.0620552 -0.0031938 -1.6793e-09 2.70396e-07 -0.0031938 0.0618447 -4.80012e-08 -9.92714e-09 4.69514e-09 4.78923e-08 0.0617616 9.8429e-05 2.72075e-07 -2.18159e-08 -9.84285e-05 0.0615513 -0.0514672 -2.70614e-08 4.35735e-06 -0.0514672 0.996608 -7.73525e-07 -1.59973e-07 7.56608e-08 7.71769e-07 0.995269 0.00158615 4.3844e-06 -3.51557e-07 -0.00158615 0.991881
24 0.0446031 0.0612585 -0.00343663 -1.82464e-09 2.65494e-07 -0.00343663 0.0610488 -4.76376e-08 -1.06417e-08 5.04209e-09 4.75107e-08 0.0609514 0.000105013 2.67274e-07 -2.34759e-08 -0.000105012 0.0607419 -0.0561005 -2.97859e-08 4.334e-06 -0.0561005 0.996577 -7.7765e-07 -1.73718e-07 8.23084e-08 7.75577e-07 0.994986 0.00171426 4.36306e-06 -3.83227e-07 -0.00171425 0.991568
25 0.0463447 0.0604398 -0.00368326 -1.97555e-09 2.60486e-07 -0.00368326 0.060231 -4.72671e-08 -1.13616e-08 5.39206e-09 4.71204e-08 0.0601175 0.000111532 2.62369e-07 -2.51611e-08 -0.000111531 0.0599089 -0.060941 -3.26862e-08 4.30985e-06 -0.060941 0.996545 -7.82053e-07 -1.87983e-07 8.92138e-08 7.79625e-07 0.994667 0.00184534 4.34099e-06 -4.163e-07 -0.00184533 0.991216
26 0.0480722 0.0596005 -0.00393302 -2.13196e-09 2.55384e-07 -0.00393302 0.0593925 -4.68905e-08 -1.20848e-08 5.74373e-09 4.67221e-08 0.0592613 0.00011795 2.57368e-07 -2.68663e-08 -0.00011795 0.0590536 -0.0659898 -3.57708e-08 4.28493e-06 -0.0659898 0.996511 -7.86748e-07 -2.02764e-07 9.63706e-08 7.83922e-07 0.994309 0.00197902 4.31822e-06 -4.50774e-07 -0.00197901 0.990824
27 0.049785 0.0587417 -0.00418523 -2.29379e-09 2.50196e-07 -0.00418523 0.0585347 -4.65086e-08 -1.28091e-08 6.09574e-09 4.63167e-08 0.0583838 0.000124232 2.52282e-07 -2.85867e-08 -0.000124232 0.058177 -0.0712481 -3.90488e-08 4.25926e-06 -0.0712481 0.996476 -7.91748e-07 -2.18058e-07 1.03772e-07 7.88481e-07 0.993908 0.00211489 4.29477e-06 -4.8665e-07 -0.00211488 0.990387
28 0.0514827 0.0578649 -0.00443922 -2.46096e-09 2.44934e-07 -0.00443922 0.0576588 -4.61222e-08 -1.35324e-08 6.44669e-09 4.5905e-08 0.0574864 0.000130342 2.47122e-07 -3.0317e-08 -0.000130342 0.0572806 -0.076717 -4.25295e-08 4.23287e-06 -0.076717 0.996438 -7.97067e-07 -2.33862e-07 1.11409e-07 7.93314e-07 0.99346 0.00225253 4.27067e-06 -5.23927e-07 -0.00225252 0.989903
29 0.0531646 0.0569713 -0.0046943 -2.63338e-09 2.39609e-07 -0.0046943 0.0567662 -4.5732e-08 -1.42528e-08 6.7952e-09 4.54877e-08 0.0565704 0.000136245 2.41897e-07 -3.20521e-08 -0.000136244 0.0563655 -0.0823977 -4.6223e-08 4.20578e-06 -0.0823977 0.996399 -8.0272e-07 -2.50175e-07 1.19274e-07 7.98432e-07 0.992963 0.00239146 4.24594e-06 -5.62602e-07 -0.00239145 0.989367
30 0.0548304 0.0560623 -0.00494981 -2.81096e-09 2.3423e-07 -0.00494981 0.0558582 -4.53388e-08 -1.49683e-08 7.13986e-09 4.50658e-08 0.0556369 0.000141904 2.36617e-07 -3.3787e-08 -0.000141904 0.055433 -0.0882912 -5.01399e-08 4.17803e-06 -0.0882912 0.996359 -8.08722e-07 -2.66995e-07 1.27356e-07 8.03851e-07 0.992412 0.00253119 4.22061e-06 -6.02669e-07 -0.00253118 0.988775
31 0.0564795 0.0551392 -0.00520508 -2.99358e-09 2.28808e-07 -0.00520508 0.0549361 -4.49434e-08 -1.56772e-08 7.47925e-09 4.46399e-08 0.0546872 0.000147286 2.31293e-07 -3.55164e-08 -0.000147286 0.0544844 -0.0943989 -5.42913e-08 4.14965e-06 -0.0943989 0.996316 -8.15089e-07 -2.84321e-07 1.35643e-07 8.09585e-07 0.991803 0.00267117 4.1947e-06 -6.44123e-07 -0.00267116 0.988124
32 0.0581114 0.0542034 -0.00545947 -3.18113e-09 2.23353e-07 -0.00545947 0.0540013 -4.45463e-08 -1.63778e-08 7.81196e-09 4.42109e-08 0.0537227 0.000152356 2.25933e-07 -3.72353e-08 -0.000152356 0.0535209 -0.100722 -5.86887e-08 4.12065e-06 -0.100722 0.996272 -8.21836e-07 -3.02155e-07 1.44123e-07 8.15648e-07 0.991132 0.00281083 4.16825e-06 -6.86955e-07 -0.00281082 0.987409
33 0.0597256 0.0532562 -0.00571232 -3.37348e-09 2.17874e-07 -0.00571232 0.0530552 -4.41483e-08 -1.70685e-08 8.13659e-09 4.37796e-08 0.0527446 0.000157081 2.20548e-07 -3.89385e-08 -0.000157081 0.0525439 -0.107261 -6.33444e-08 4.09106e-06 -0.107261 0.996226 -8.28981e-07 -3.20498e-07 1.52782e-07 8.22057e-07 0.990394 0.00294954 4.14128e-06 -7.31155e-07 -0.00294953 0.986625
34 0.0613216 0.0522988 -0.005963 -3.57049e-09 2.12382e-07 -0.005963 0.0520989 -4.375e-08 -1.77478e-08 8.45172e-09 4.33468e-08 0.0517541 0.000161428 2.15148e-07 -4.0621e-08 -0.000161428 0.0515545 -0.114018 -6.8271e-08 4.06093e-06 -0.114018 0.996178 -8.36539e-07 -3.39353e-07 1.61604e-07 8.2883e-07 0.989585 0.00308666 4.11381e-06 -7.7671e-07 -0.00308664 0.985769
35 0.0628989 0.0513327 -0.00621091 -3.77201e-09 2.06885e-07 -0.00621091 0.0511339 -4.33519e-08 -1.84143e-08 8.75598e-09 4.29133e-08 0.0507526 0.000165366 2.0974e-07 -4.22778e-08 -0.000165365 0.0505542 -0.120993 -7.34816e-08 4.03028e-06 -0.120993 0.996128 -8.44528e-07 -3.58724e-07 1.70573e-07 8.35983e-07 0.9887 0.00322146 4.08589e-06 -8.23605e-07 -0.00322144 0.984834
36 0.064457 0.0503591 -0.00645544 -3.97786e-09 2.01392e-07 -0.00645544 0.0501614 -4.29545e-08 -1.90667e-08 9.04801e-09 4.24797e-08 0.0497413 0.000168863 2.04333e-07 -4.39041e-08 -0.000168863 0.049544 -0.128188 -7.89899e-08 3.99913e-06 -0.128188 0.996076 -8.52965e-07 -3.78616e-07 1.7967e-07 8.43537e-07 0.987733 0.00335319 4.05753e-06 -8.71821e-07 -0.00335318 0.983816
37 0.0659956 0.0493792 -0.00669602 -4.18785e-09 1.95913e-07 -0.00669602 0.0491828 -4.25584e-08 -1.9704e-08 9.32648e-09 4.2047e-08 0.0487215 0.000171891 1.98937e-07 -4.5495e-08 -0.000171891 0.0485254 -0.135604 -8.481e-08 3.96753e-06 -0.135604 0.996022 -8.61868e-07 -3.99034e-07 1.88874e-07 8.51511e-07 0.986681 0.00348105 4.02876e-06 -9.21339e-07 -0.00348103 0.98271
38 0.067514 0.0483945 -0.00693209 -4.40178e-09 1.90456e-07 -0.00693209 0.0481992 -4.21638e-08 -2.0325e-08 9.59008e-09 4.16157e-08 0.0476945 0.000174422 1.93559e-07 -4.70459e-08 -0.000174421 0.0474996 -0.143241 -9.09563e-08 3.93549e-06 -0.143241 0.995966 -8.71253e-07 -4.19986e-07 1.98165e-07 8.59927e-07 0.985536 0.00360417 3.99961e-06 -9.72134e-07 -0.00360416 0.981509
39 0.0690118 0.047406 -0.0071631 -4.61941e-09 1.85028e-07 -0.0071631 0.047212 -4.17712e-08 -2.09288e-08 9.83756e-09 4.11866e-08 0.0466614 0.000176428 1.88207e-07 -4.85522e-08 -0.000176427 0.0464678 -0.151101 -9.74437e-08 3.90306e-06 -0.151101 0.995907 -8.81137e-07 -4.41481e-07 2.07517e-07 8.68807e-07 0.984294 0.00372164 3.97012e-06 -1.02418e-06 -0.00372162 0.980209
40 0.10628 0.046415 -0.00738855 -4.8405e-09 1.79638e-07 -0.00738855 0.0462222 -4.13808e-08 -2.15146e-08 1.00677e-08 4.07604e-08 0.0456235 0.000177884 1.82889e-07 -5.00094e-08 -0.000177884 0.0454311 -0.159185 -1.04287e-07 3.87026e-06 -0.159185 0.995847 -8.91539e-07 -4.63527e-07 2.16906e-07 8.78174e-07 0.982948 0.00383247 3.9403e-06 -1.07744e-06 -0.00383246 0.978803
42 0.146749 0.0444303 -0.00782081 -5.29193e-09 1.68999e-07 -0.00782081 0.0442401 -4.06076e-08 -2.26291e-08 1.04714e-08 3.99193e-08 0.0435381 0.000179055 1.72381e-07 -5.27603e-08 -0.000179055 0.0433483 -0.176024 -1.19106e-07 3.8037e-06 -0.176024 0.995719 -9.13963e-07 -5.09317e-07 2.35683e-07 8.98471e-07 0.97992 0.00403003 3.8798e-06 -1.18748e-06 -0.00403002 0.975648
44 0.152348 0.0424495 -0.00822527 -5.75356e-09 1.58593e-07 -0.00822527 0.0422619 -3.98453e-08 -2.36637e-08 1.07927e-08 3.90973e-08 0.0414477 0.000177767 1.62085e-07 -5.52666e-08 -0.000177766 0.0412606 -0.193766 -1.35539e-07 3.73604e-06 -0.193766 0.995582 -9.38652e-07 -5.57454e-07 2.54249e-07 9.21031e-07 0.976399 0.00418773 3.81831e-06 -1.30194e-06 -0.00418772 0.971992
46 0.157761 0.0404812 -0.00859872 -6.22251e-09 1.48466e-07 -0.00859872 0.0402964 -3.90939e-08 -2.46146e-08 1.10242e-08 3.82988e-08 0.0393611 0.000173879 1.52048e-07 -5.74999e-08 -0.000173879 0.0391768 -0.212413 -1.53713e-07 3.66753e-06 -0.212413 0.995434 -9.65729e-07 -6.08049e-07 2.72328e-07 9.46087e-07 0.97233 0.00429529 3.756e-06 -1.42041e-06 -0.00429529 0.967778
48 0.162982 0.0385336 -0.00893847 -6.6954e-09 1.38659e-07 -0.00893847 0.0383516 -3.83524e-08 -2.54792e-08 1.11597e-08 3.75276e-08 0.0372871 0.000167283 1.42305e-07 -5.94353e-08 -0.000167283 0.0371057 -0.231966 -1.73755e-07 3.5984e-06 -0.231966 0.995276 -9.95298e-07 -6.61222e-07 2.89608e-07 9.73894e-07 0.967651 0.00434122 3.69301e-06 -1.54243e-06 -0.00434122 0.962943
50 0.168004 0.036614 -0.00924225 -7.16845e-09 1.29205e-07 -0.00924225 0.0364349 -3.76188e-08 -2.62559e-08 1.11945e-08 3.67872e-08 0.0352336 0.000157903 1.32887e-07 -6.10517e-08 -0.000157903 0.0350551 -0.252424 -1.95784e-07 3.52885e-06 -0.252424 0.995107 -1.02744e-06 -7.171e-07 3.05743e-07 1.00473e-06 0.962297 0.00431264 3.62941e-06 -1.66744e-06 -0.00431264 0.957423
52 0.172821 0.0347293 -0.00950828 -7.63742e-09 1.2013e-07 -0.00950828 0.0345531 -3.689e-08 -2.69433e-08 1.11256e-08 3.608e-08 0.0332081 0.000145698 1.23817e-07 -6.23323e-08 -0.000145698 0.0330327 -0.273783 -2.19913e-07 3.45905e-06 -0.273783 0.994926 -1.06222e-06 -7.75809e-07 3.20352e-07 1.03889e-06 0.956198 0.00419524 3.56522e-06 -1.79481e-06 -0.00419525 0.951147
54 0.177428 0.0328856 -0.00973526 -8.09767e-09 1.11453e-07 -0.00973526 0.0327123 -3.61623e-08 -2.75405e-08 1.09516e-08 3.54079e-08 0.0312176 0.000130659 1.15111e-07 -6.32648e-08 -0.00013066 0.0310453 -0.296034 -2.46238e-07 3.38911e-06 -0.296034 0.994732 -1.09964e-06 -8.37464e-07 3.33022e-07 1.0767e-06 0.94928 0.00397315 3.50036e-06 -1.92378e-06 -0.00397316 0.94404
56 0.181819 0.0310883 -0.00992237 -8.54422e-09 1.03185e-07 -0.00992237 0.0309181 -3.54309e-08 -2.80467e-08 1.06729e-08 3.47722e-08 0.0292685 0.000112815 1.06778e-07 -6.38411e-08 -0.000112815 0.0290994 -0.319167 -2.74837e-07 3.31909e-06 -0.319167 0.994525 -1.13969e-06 -9.02161e-07 3.43308e-07 1.1185e-06 0.941463 0.00362885 3.43465e-06 -2.05354e-06 -0.00362887 0.936022
58 0.185988 0.0293423 -0.0100692 -8.9718e-09 9.53326e-08 -0.0100692 0.0291752 -3.46908e-08 -2.84609e-08 1.02916e-08 3.41731e-08 0.0273665 9.2226e-05 9.88185e-08 -6.40578e-08 -9.22268e-05 0.0272006 -0.343163 -3.05763e-07 3.24898e-06 -0.343163 0.994305 -1.18228e-06 -9.69962e-07 3.50742e-07 1.16464e-06 0.932662 0.00314311 3.36778e-06 -2.18312e-06 -0.00314313 0.92701
60 0.286303 0.0276516 -0.0101758 -9.37494e-09 8.78942e-08 -0.0101758 0.0274876 -3.3936e-08 -2.87821e-08 9.8117e-09 3.36102e-08 0.0255166 6.89878e-05 9.12299e-08 -6.39162e-08 -6.89889e-05 0.0253541 -0.368001 -3.39038e-07 3.17863e-06 -0.368001 0.994069 -1.22727e-06 -1.04088e-06 3.54832e-07 1.21549e-06 0.922789 0.00249489 3.29926e-06 -2.31148e-06 -0.00249493 0.916912
64 0.394175 0.0244494 -0.0102706 -1.00859e-08 7.42263e-08 -0.0102706 0.0242917 -3.2359e-08 -2.91392e-08 8.58077e-09 3.25872e-08 0.0219908 1.51058e-05 7.71205e-08 -6.25841e-08 -1.51074e-05 0.0218352 -0.420077 -4.12524e-07 3.03592e-06 -0.420077 0.993551 -1.32351e-06 -1.19182e-06 3.50961e-07 1.33285e-06 0.899444 0.000617839 3.15429e-06 -2.55975e-06 -0.000617906 0.89308
68 0.406626 0.0215014 -0.0102147 -1.06346e-08 6.20597e-08 -0.0102147 0.0213501 -3.06527e-08 -2.91024e-08 7.04532e-09 3.16838e-08 0.0187195 -4.74494e-05 6.43125e-08 -5.99382e-08 4.74471e-05 0.018571 -0.47507 -4.94601e-07 2.88631e-06 -0.47507 0.992964 -1.42561e-06 -1.35351e-06 3.27668e-07 1.47357e-06 0.870616 -0.0022068 2.99108e-06 -2.78764e-06 0.0022067 0.863713
72 0.417095 0.0188183 -0.0100209 -1.09841e-08 5.11961e-08 -0.0100209 0.0186735 -2.87756e-08 -2.86526e-08 5.29256e-09 3.08691e-08 0.0157212 -0.00011687 5.26052e-08 -5.61299e-08 0.000116867 0.0155803 -0.532505 -5.83693e-07 2.72054e-06 -0.532505 0.992302 -1.52912e-06 -1.52259e-06 2.81245e-07 1.64037e-06 0.835421 -0.00621041 2.79542e-06 -2.98272e-06 0.00621025 0.82793
76 0.425533 0.0164025 -0.00970566 -1.11081e-08 4.13755e-08 -0.00970565 0.016264 -2.66986e-08 -2.7771e-08 3.42501e-09 3.01028e-08 0.0130058 -0.000191006 4.17522e-08 -5.13564e-08 0.000191002 0.0128726 -0.591719 -6.77219e-07 2.52252e-06 -0.591719 0.991557 -1.62772e-06 -1.6931e-06 2.08811e-07 1.83526e-06 0.792918 -0.0116449 2.54548e-06 -3.13101e-06 0.0116447 0.784797
80 0.431897 0.0142493 -0.009288 -1.09946e-08 3.22918e-08 -0.00928799 0.0141172 -2.44104e-08 -2.64462e-08 1.5523e-09 2.93385e-08 0.0105749 -0.000267469 3.14802e-08 -4.58457e-08 0.000267464 0.0104498 -0.651819 -7.71589e-07 2.26619e-06 -0.651819 0.990724 -1.71309e-06 -1.85596e-06 1.08938e-07 2.05894e-06 0.742135 -0.0187706 2.20924e-06 -3.21739e-06 0.0187703 0.733351
84 0.436158 0.012349 -0.008788 -1.06493e-08 2.36088e-08 -0.00878799 0.012223 -2.19208e-08 -2.46802e-08 -2.17854e-10 2.85279e-08 0.00842335 -0.000343736 2.15053e-08 -3.98412e-08 0.000343731 0.00830648 -0.711636 -8.62358e-07 1.91179e-06 -0.711635 0.989796 -1.7751e-06 -1.99856e-06 -1.76414e-08 2.31014e-06 0.682107 -0.0278351 1.74146e-06 -3.22626e-06 0.0278347 0.672642
88 0.328636 0.0106875 -0.00822596 -1.00954e-08 1.49774e-08 -0.00822594 0.0105675 -1.9262e-08 -2.24953e-08 -1.7883e-09 2.76251e-08 0.00654009 -0.000417264 1.15463e-08 -3.35862e-08 0.000417259 0.0064318 -0.76968 -9.44602e-07 1.40139e-06 -0.769679 0.988771 -1.8023e-06 -2.10483e-06 -1.67326e-07 2.58481e-06 0.611939 -0.0390423 1.08036e-06 -3.14257e-06 0.0390417 0.601806
90 0.219313 0.00994111 -0.00792781 -9.75219e-09 1.05724e-08 -0.00792779 0.00982401 -1.78851e-08 -2.1259e-08 -2.47306e-09 2.71266e-08 0.00569441 -0.000452228 6.48869e-09 -3.04374e-08 0.000452222 0.0055905 -0.797477 -9.80997e-07 1.0635e-06 -0.797476 0.988221 -1.7991e-06 -2.1385e-06 -2.48771e-07 2.72873e-06 0.572814 -0.0454907 6.52713e-07 -3.06177e-06 0.0454901 0.562362
92 0.328636 0.00924797 -0.00762136 -9.37281e-09 6.05184e-09 -0.00762134 0.00913373 -1.64871e-08 -1.9937e-08 -3.08004e-09 2.65911e-08 0.00490974 -0.000485598 1.33666e-09 -2.73105e-08 0.000485592 0.00481029 -0.824112 -1.0135e-06 6.54397e-07 -0.82411 0.987647 -1.78278e-06 -2.15583e-06 -3.33051e-07 2.87535e-06 0.5309 -0.0525086 1.44535e-07 -2.95313e-06 0.0525079 0.520146
96 0.436158 0.00801194 -0.00699223 -8.53353e-09 -3.49332e-09 -0.00699221 0.00790321 -1.36653e-08 -1.70753e-08 -4.03793e-09 2.53978e-08 0.00351359 -0.00054647 -9.36711e-09 -2.12195e-08 0.000546463 0.00342324 -0.872726 -1.0651e-06 -4.36014e-07 -0.872724 0.986429 -1.70562e-06 -2.13123e-06 -5.0399e-07 3.17e-06 0.438544 -0.068207 -1.16914e-06 -2.64849e-06 0.0682062 0.427268
100 0.431897 0.00696018 -0.00635459 -7.63649e-09 -1.39474e-08 -0.00635457 0.00685666 -1.08766e-08 -1.40017e-08 -4.63391e-09 2.4031e-08 0.00233078 -0.000597895 -2.07776e-08 -1.54867e-08 0.000597887 0.00224978 -0.912993 -1.09717e-06 -2.00389e-06 -0.91299 0.985128 -1.56269e-06 -2.01169e-06 -6.65775e-07 3.45264e-06 0.334874 -0.0859022 -2.98521e-06 -2.22504e-06 0.0859011 0.323236
104 0.425533 0.00607346 -0.00572216 -6.74077e-09 -2.55491e-08 -0.00572214 0.00597483 -8.20396e-09 -1.08243e-08 -4.86766e-09 2.24913e-08 0.00133932 -0.000638238 -3.30704e-08 -1.02489e-08 0.00063823 0.00126789 -0.942158 -1.10987e-06 -4.20668e-06 -0.942155 0.98376 -1.35079e-06 -1.78223e-06 -8.01464e-07 3.70321e-06 0.22052 -0.105086 -5.44506e-06 -1.68749e-06 0.105085 0.208759
108 0.417095 0.00533315 -0.00510623 -5.89905e-09 -3.84739e-08 -0.00510621 0.00523904 -5.72609e-09 -7.65971e-09 -4.76479e-09 2.07948e-08 0.000516954 -0.000666283 -4.63787e-08 -5.60578e-09 0.000666275 0.000455282 -0.957452 -1.10611e-06 -7.21409e-06 -0.957447 0.982354 -1.07368e-06 -1.43624e-06 -8.93428e-07 3.89915e-06 0.0969322 -0.124932 -8.6963e-06 -1.05112e-06 0.124931 0.0853683
112 0.406626 0.00472157 -0.00451567 -5.15201e-09 -5.28246e-08 -0.00451564 0.00463161 -3.51054e-09 -4.62485e-09 -4.37284e-09 1.89707e-08 -0.00015813 -0.000681265 -6.07881e-08 -1.62066e-09 0.000681256 -0.00020989 -0.956391 -1.09117e-06 -1.11879e-05 -0.956386 0.980948 -7.43512e-07 -9.79515e-07 -9.26142e-07 4.01788e-06 -0.0334909 -0.144288 -1.28746e-05 -3.43247e-07 0.144286 -0.0444535
116 0.394175 0.00422225 -0.00395705 -4.5245e-09 -6.86258e-08 -0.00395703 0.00413606 -1.60856e-09 -1.82842e-09 -3.75576e-09 1.70587e-08 -0.000706711 -0.000682893 -7.63321e-08 1.67559e-09 0.000682885 -0.000748457 -0.93719 -1.07159e-06 -1.62534e-05 -0.937184 0.979586 -3.80973e-07 -4.33043e-07 -8.89516e-07 4.04019e-06 -0.167378 -0.161737 -1.80785e-05 3.96847e-07 0.161735 -0.177265
120 0.379804 0.00382009 -0.00343493 -4.024e-09 -8.58219e-08 -0.0034349 0.00373726 -5.18155e-11 6.36343e-10 -2.9874e-09 1.51052e-08 -0.00114812 -0.000671356 -9.29879e-08 4.28019e-09 0.000671348 -0.00117981 -0.899175 -1.05338e-06 -2.2466e-05 -0.899169 0.978319 -1.3564e-08 1.66578e-07 -7.82025e-07 3.95415e-06 -0.300549 -0.175744 -2.43418e-05 1.12044e-06 0.175742 -0.308843
124 0.363583 0.00350133 -0.00295208 -3.64143e-09 -1.04279e-07 -0.00295205 0.00342148 1.14869e-09 2.69714e-09 -2.14478e-09 1.31588e-08 -0.00149996 -0.000647305 -1.10674e-07 6.21346e-09 0.000647296 -0.00152161 -0.843131 -1.04002e-06 -2.97827e-05 -0.843124 0.977196 3.28072e-07 7.7032e-07 -6.12562e-07 3.75824e-06 -0.428398 -0.184874 -3.16091e-05 1.7746e-06 0.184872 -0.434582
128 0.34559 0.00325356 -0.00250982 -3.35425e-09 -1.2379e-07 -0.0025098 0.0031763 2.0016e-09 4.30607e-09 -1.30165e-09 1.12667e-08 -0.00177793 -0.000611818 -1.29249e-07 7.51416e-09 0.00061181 -0.00178964 -0.77141 -1.03095e-06 -3.80476e-05 -0.771403 0.976257 6.15203e-07 1.3235e-06 -4.00069e-07 3.46288e-06 -0.546457 -0.188046 -3.97253e-05 2.30952e-06 0.188043 -0.550057
132 0.325914 0.00306562 -0.00210836 -3.13099e-09 -1.44084e-07 -0.00210834 0.00299059 2.53258e-09 5.44104e-09 -5.22916e-10 9.47075e-09 -0.00199575 -0.000566361 -1.48511e-07 8.23544e-09 0.000566353 -0.00199772 -0.687743 -1.02133e-06 -4.70001e-05 -0.687737 0.975527 8.26123e-07 1.77486e-06 -1.70574e-07 3.08934e-06 -0.651012 -0.184746 -4.8444e-05 2.68639e-06 0.184743 -0.651652
136 0.304649 0.00292752 -0.00174703 -2.93681e-09 -1.64837e-07 -0.00174701 0.00285437 2.78051e-09 6.10547e-09 1.39729e-10 7.80536e-09 -0.00216523 -0.000512723 -1.68204e-07 8.44163e-09 0.000512716 -0.00215772 -0.596761 -1.00317e-06 -5.63061e-05 -0.596755 0.975014 9.49785e-07 2.08555e-06 4.77297e-08 2.6662e-06 -0.739613 -0.175139 -5.74563e-05 2.88355e-06 0.175137 -0.737046
140 0.281901 0.0028303 -0.0014246 -2.73897e-09 -1.85682e-07 -0.00142459 0.00275871 2.79313e-09 6.32664e-09 6.50791e-10 6.29569e-09 -0.00229629 -0.000452955 -1.88022e-07 8.20589e-09 0.000452949 -0.00227967 -0.503339 -9.67732e-07 -6.56051e-05 -0.503334 0.974705 9.86867e-07 2.23532e-06 2.29937e-07 2.22439e-06 -0.811324 -0.160038 -6.64319e-05 2.8993e-06 0.160036 -0.805452
144 0.257779 0.00276597 -0.00113951 -2.51171e-09 -2.06224e-07 -0.0011395 0.00269564 2.62265e-09 6.15298e-09 9.92357e-10 4.95731e-09 -0.00239714 -0.000389289 -2.07617e-07 7.6083e-09 0.000389283 -0.00237189 -0.411974 -9.08076e-07 -7.45577e-05 -0.41197 0.974573 9.48183e-07 2.22453e-06 3.58773e-07 1.79225e-06 -0.866655 -0.140742 -7.50611e-05 2.75068e-06 0.14074 -0.857526
148 0.232401 0.00272741 -0.000890025 -2.23972e-09 -2.26053e-07 -0.000890015 0.00265808 2.32182e-09 5.6507e-09 1.16398e-09 3.79675e-09 -0.00247445 -0.000324061 -2.2661e-07 6.73428e-09 0.000324057 -0.00244114 -0.326326 -8.2119e-07 -8.2882e-05 -0.326322 0.974581 8.51292e-07 2.07182e-06 4.2677e-07 1.39207e-06 -0.907252 -0.118817 -8.30862e-05 2.46911e-06 0.118815 -0.895039
152 0.205891 0.00270829 -0.000674408 -1.91996e-09 -2.44755e-07 -0.0006744 0.00263974 1.94075e-09 4.89969e-09 1.1811e-09 2.81273e-09 -0.00253349 -0.000259635 -2.44606e-07 5.67285e-09 0.000259631 -0.00249279 -0.249016 -7.08919e-07 -9.03723e-05 -0.249013 0.974688 7.16595e-07 1.80915e-06 4.36106e-07 1.03856e-06 -0.935459 -0.0958667 -9.03174e-05 2.09462e-06 0.0958654 -0.92043
156 0.178378 0.00270306 -0.000491015 -1.56164e-09 -2.61926e-07 -0.000491009 0.00263509 1.52454e-09 3.98903e-09 1.07231e-09 1.99796e-09 -0.00257839 -0.000198316 -2.61205e-07 4.51447e-09 0.000198313 -0.00253106 -0.181652 -5.7773e-07 -9.68999e-05 -0.181649 0.974855 5.64005e-07 1.47575e-06 3.96703e-07 7.39147e-07 -0.95388 -0.0733672 -9.66332e-05 1.67013e-06 0.0733662 -0.936371
160 0.0971232 0.00270689 -0.000338366 -1.18451e-09 -2.77187e-07 -0.000338362 0.00263935 1.11192e-09 3.0119e-09 8.75561e-10 1.34107e-09 -0.00261227 -0.000142279 -2.76022e-07 3.34834e-09 0.000142277 -0.00255917 -0.125002 -4.37593e-07 -0.000102401 -0.125 0.975049 4.10775e-07 1.11268e-06 3.23457e-07 4.9543e-07 -0.965045 -0.052562 -0.00010197 1.23697e-06 0.0525612 -0.945429
161 0.0357021 0.00270876 -0.000304854 -1.09037e-09 -2.80662e-07 -0.00030485 0.00264131 1.0132e-09 2.76811e-09 8.17622e-10 1.19997e-09 -0.0026193 -0.000129332 -2.79404e-07 3.06567e-09 0.00012933 -0.0025649 -0.112544 -4.02536e-07 -0.000103613 -0.112542 0.975098 3.74047e-07 1.02191e-06 3.01843e-07 4.42996e-07 -0.966973 -0.0477458 -0.000103148 1.13176e-06 0.0477451 -0.94689
162 0.0338871 0.00271089 -0.000273165 -9.97218e-10 -2.83991e-07 -0.000273162 0.00264351 9.17154e-10 2.52734e-09 7.57561e-10 1.06768e-09 -0.00262582 -0.000116868 -2.82648e-07 2.78911e-09 0.000116866 -0.00257018 -0.100766 -3.67856e-07 -0.000104759 -0.100765 0.975147 3.38322e-07 9.32291e-07 2.79451e-07 3.9385e-07 -0.96862 -0.0431106 -0.000104264 1.02885e-06 0.04311 -0.948095
163 0.0320617 0.00271321 -0.000243283 -9.05527e-10 -2.87169e-07 -0.00024328 0.00264591 8.24174e-10 2.29093e-09 6.96068e-10 9.43997e-10 -0.00263186 -0.000104914 -2.85746e-07 2.51986e-09 0.000104913 -0.00257504 -0.0896661 -3.33747e-07 -0.000105841 -0.089665 0.975195 3.03763e-07 8.44363e-07 2.56548e-07 3.47926e-07 -0.970016 -0.038668 -0.000105317 9.28738e-07 0.0386675 -0.949074
164 0.0302266 0.00271568 -0.000215192 -8.15791e-10 -2.90191e-07 -0.000215189 0.00264844 7.34635e-10 2.06022e-09 6.33825e-10 8.28695e-10 -0.00263743 -9.34976e-05 -2.88696e-07 2.25912e-09 9.34963e-05 -0.0025795 -0.0792406 -3.00401e-07 -0.000106858 -0.0792396 0.975241 2.70517e-07 7.5864e-07 2.33395e-07 3.05152e-07 -0.971189 -0.0344289 -0.000106307 8.31883e-07 0.0344284 -0.949854
165 0.0283823 0.00271824 -0.000188877 -7.28499e-10 -2.93053e-07 -0.000188874 0.00265106 6.48885e-10 1.83648e-09 5.715e-10 7.2157e-10 -0.00264257 -8.26424e-05 -2.91492e-07 2.00803e-09 8.26412e-05 -0.00258358 -0.069485 -2.68004e-07 -0.00010781 -0.0694842 0.975286 2.38716e-07 6.75614e-07 2.10247e-07 2.65455e-07 -0.972164 -0.030403 -0.000107236 7.38725e-07 0.0304025 -0.950461
166 0.0265294 0.00272085 -0.000164324 -6.44138e-10 -2.95751e-07 -0.000164322 0.00265372 5.67246e-10 1.62094e-09 5.09747e-10 6.22417e-10 -0.00264729 -7.23726e-05 -2.94129e-07 1.76767e-09 7.23716e-05 -0.00258731 -0.0603943 -2.36742e-07 -0.000108698 -0.0603936 0.97533 2.08481e-07 5.95747e-07 1.87349e-07 2.28759e-07 -0.972967 -0.0265993 -0.000108102 6.49676e-07 0.0265989 -0.95092
167 0.0246683 0.00272346 -0.00014152 -5.63184e-10 -2.9828e-07 -0.000141518 0.00265639 4.90013e-10 1.41477e-09 4.492e-10 5.31041e-10 -0.00265162 -6.27107e-05 -2.96603e-07 1.53908e-09 6.27098e-05 -0.0025907 -0.0519632 -2.0679e-07 -0.000109522 -0.0519626 0.975371 1.79923e-07 5.19475e-07 1.64937e-07 1.94987e-07 -0.973619 -0.0230261 -0.000108907 5.6512e-07 0.0230257 -0.951252
168 0.0172754 0.00272605 -0.000120453 -4.86104e-10 -3.00638e-07 -0.000120452 0.00265902 4.17458e-10 1.2191e-09 3.90465e-10 4.47251e-10 -0.00265556 -5.36775e-05 -2.98911e-07 1.32326e-09 5.36768e-05 -0.00259378 -0.044186 -1.78318e-07 -0.000110283 -0.0441854 0.97541 1.53137e-07 4.47205e-07 1.43235e-07 1.64066e-07 -0.974141 -0.0196906 -0.00010965 4.85412e-07 0.0196903 -0.951479
168.5 0.0109315 0.00272732 -0.000110568 -4.49158e-10 -3.01751e-07 -0.000110566 0.0026603 3.83014e-10 1.12554e-09 3.61961e-10 4.08146e-10 -0.00265739 -4.9403e-05 -3.00001e-07 1.22042e-09 4.94023e-05 -0.0025952 -0.0405408 -1.64688e-07 -0.00011064 -0.0405403 0.975429 1.40436e-07 4.1269e-07 1.32717e-07 1.49651e-07 -0.974359 -0.0181141 -0.000109999 4.47481e-07 0.0181139 -0.951559
169 0.0104622 0.00272856 -0.000101112 -4.13347e-10 -3.0282e-07 -0.000101111 0.00266157 3.49831e-10 1.03499e-09 3.34124e-10 3.7087e-10 -0.00265913 -4.52929e-05 -3.01048e-07 1.12112e-09 4.52923e-05 -0.00259655 -0.037057 -1.51489e-07 -0.000110982 -0.0370565 0.975447 1.28211e-07 3.79315e-07 1.22454e-07 1.35921e-07 -0.974553 -0.0165996 -0.000110332 4.10883e-07 0.0165993 -0.95162
169.5 0.00999215 0.00272978 -9.20859e-05 -3.78724e-10 -3.03844e-07 -9.20848e-05 0.00266281 3.17937e-10 9.47572e-10 3.07023e-10 3.35405e-10 -0.00266078 -4.13496e-05 -3.02052e-07 1.02546e-09 4.1349e-05 -0.00259784 -0.0337338 -1.38738e-07 -0.000111307 -0.0337334 0.975464 1.1647e-07 3.47123e-07 1.12472e-07 1.22869e-07 -0.974723 -0.0151476 -0.000110651 3.75656e-07 0.0151474 -0.951663
170 0.0095213 0.00273097 -8.34872e-05 -3.45342e-10 -3.04824e-07 -8.34862e-05 0.00266401 2.87357e-10 8.63411e-10 2.80724e-10 3.01729e-10 -0.00266235 -3.75751e-05 -3.03012e-07 9.33542e-10 3.75746e-05 -0.00259905 -0.0305705 -1.26454e-07 -0.000111617 -0.0305701 0.975481 1.05221e-07 3.16155e-07 1.02792e-07 1.10484e-07 -0.974872 -0.0137589 -0.000110954 3.41835e-07 0.0137587 -0.951692
170.5 0.00904972 0.00273213 -7.53151e-05 -3.13249e-10 -3.05757e-07 -7.53142e-05 0.00266519 2.58117e-10 7.82618e-10 2.55288e-10 2.69823e-10 -0.00266383 -3.39716e-05 -3.03927e-07 8.45464e-10 3.39711e-05 -0.00260019 -0.0275664 -1.14654e-07 -0.000111912 -0.0275661 0.975497 9.44746e-08 2.8645e-07 9.34391e-08 9.87593e-08 -0.975001 -0.0124341 -0.000111242 3.09452e-07 0.0124339 -0.951707
171 0.00857745 0.00273325 -6.75685e-05 -2.82494e-10 -3.06645e-07 -6.75677e-05 0.00266632 2.30239e-10 7.05299e-10 2.30777e-10 2.39669e-10 -0.00266523 -3.05409e-05 -3.04798e-07 7.61321e-10 3.05405e-05 -0.00260126 -0.0247209 -1.03355e-07 -0.000112191 -0.0247206 0.975513 8.42365e-08 2.58044e-07 8.44331e-08 8.76866e-08 -0.975113 -0.0111738 -0.000111515 2.78541e-07 0.0111737 -0.95171
171.5 0.00810453 0.00273433 -6.02464e-05 -2.53123e-10 -3.07487e-07 -6.02457e-05 0.00266741 2.03747e-10 6.31557e-10 2.07248e-10 2.1125e-10 -0.00266654 -2.7285e-05 -3.05624e-07 6.81204e-10 2.72846e-05 -0.00260227 -0.0220333 -9.25723e-08 -0.000112454 -0.0220331 0.975527 7.45143e-08 2.30973e-07 7.57948e-08 7.72584e-08 -0.97521 -0.00997867 -0.000111773 2.4913e-07 0.00997853 -0.951704
172 0.00763099 0.00273536 -5.33478e-05 -2.25181e-10 -3.08283e-07 -5.33472e-05 0.00266846 1.78659e-10 5.61492e-10 1.84757e-10 1.84547e-10 -0.00266778 -2.42055e-05 -3.06405e-07 6.05198e-10 2.42052e-05 -0.00260322 -0.019503 -8.23223e-08 -0.000112703 -0.0195028 0.975541 6.53147e-08 2.05271e-07 6.75439e-08 6.74671e-08 -0.975292 -0.00884911 -0.000112016 2.2125e-07 0.00884899 -0.95169
172.5 0.00715688 0.00273635 -4.68719e-05 -1.98711e-10 -3.09032e-07 -4.68713e-05 0.00266946 1.54997e-10 4.95195e-10 1.63357e-10 1.59545e-10 -0.00266893 -2.13043e-05 -3.0714e-07 5.33383e-10 2.1304e-05 -0.0026041 -0.0171293 -7.2619e-08 -0.000112936 -0.0171291 0.975554 5.66438e-08 1.80969e-07 5.96988e-08 5.8306e-08 -0.975362 -0.00778565 -0.000112244 1.94925e-07 0.00778554 -0.951669
173 0.00668221 0.00273728 -4.08177e-05 -1.73752e-10 -3.09734e-07 -4.08172e-05 0.0026704 1.32778e-10 4.32755e-10 1.43097e-10 1.3623e-10 -0.00267 -1.85827e-05 -3.07828e-07 4.65837e-10 1.85825e-05 -0.00260492 -0.0149117 -6.3476e-08 -0.000113154 -0.0149116 0.975566 4.85073e-08 1.58097e-07 5.2277e-08 4.97682e-08 -0.975421 -0.00678875 -0.000112458 1.70182e-07 0.00678865 -0.951643
173.5 0.00620704 0.00273817 -3.51845e-05 -1.50343e-10 -3.10388e-07 -3.5184e-05 0.0026713 1.12019e-10 3.74256e-10 1.24025e-10 1.14585e-10 -0.002671 -1.60425e-05 -3.08471e-07 4.02632e-10 1.60422e-05 -0.00260568 -0.0128496 -5.49063e-08 -0.000113356 -0.0128495 0.975578 4.09103e-08 1.36681e-07 4.52948e-08 4.18474e-08 -0.97547 -0.00585883 -0.000112656 1.47044e-07 0.00585874 -0.951613
174 0.0057314 0.002739 -2.99715e-05 -1.28519e-10 -3.10995e-07 -2.99711e-05 0.00267213 9.27361e-11 3.19773e-10 1.06184e-10 9.45991e-11 -0.00267192 -1.36848e-05 -3.09067e-07 3.43835e-10 1.36846e-05 -0.00260638 -0.0109425 -4.6922e-08 -0.000113543 -0.0109424 0.975589 3.38577e-08 1.16748e-07 3.87676e-08 3.45379e-08 -0.97551 -0.00499627 -0.00011284 1.25533e-07 0.0049962 -0.951581
174.5 0.00525531 0.00273977 -2.51781e-05 -1.08315e-10 -3.11555e-07 -2.51778e-05 0.00267291 7.49431e-11 2.69381e-10 8.96167e-11 7.62586e-11 -0.00267276 -1.1511e-05 -3.09616e-07 2.89508e-10 1.15108e-05 -0.00260702 -0.00918985 -3.95344e-08 -0.000113716 -0.00918974 0.975599 2.73538e-08 9.83225e-08 3.27096e-08 2.78339e-08 -0.975543 -0.00420144 -0.000113008 1.05669e-07 0.00420138 -0.951547
175 0.00477883 0.00274048 -2.08035e-05 -8.97612e-11 -3.12066e-07 -2.08033e-05 0.00267363 5.86535e-11 2.23145e-10 7.43602e-11 5.9552e-11 -0.00267353 -9.52223e-06 -3.10119e-07 2.39709e-10 9.52209e-06 -0.0026076 -0.00759121 -3.27538e-08 -0.000113873 -0.00759112 0.975608 2.14026e-08 8.14254e-08 2.7134e-08 2.17305e-08 -0.97557 -0.00347466 -0.000113162 8.74699e-08 0.00347461 -0.951512
175.5 0.00430199 0.00274113 -1.68474e-05 -7.28863e-11 -3.12529e-07 -1.68472e-05 0.00267429 4.38793e-11 1.81126e-10 6.04497e-11 4.44688e-11 -0.00267422 -7.71963e-06 -3.10574e-07 1.94492e-10 7.71952e-06 -0.00260812 -0.00614615 -2.65899e-08 -0.000114015 -0.00614608 0.975616 1.60078e-08 6.6077e-08 2.20529e-08 1.62228e-08 -0.975591 -0.00281622 -0.000113302 7.09534e-08 0.00281618 -0.951478
176 0.00382481 0.00274171 -1.3309e-05 -5.77166e-11 -3.12944e-07 -1.33089e-05 0.00267488 3.06315e-11 1.4338e-10 4.79171e-11 3.09995e-11 -0.00267484 -6.10415e-06 -3.10982e-07 1.53905e-10 6.10406e-06 -0.00260859 -0.00485428 -2.10513e-08 -0.000114142 -0.00485422 0.975623 1.11724e-08 5.22956e-08 1.74771e-08 1.13066e-08 -0.975608 -0.0022264 -0.000113426 5.61346e-08 0.00222637 -0.951445
176.5 0.00334735 0.00274223 -1.01881e-05 -4.42755e-11 -3.13311e-07 -1.01879e-05 0.00267541 1.89196e-11 1.09956e-10 3.6791e-11 1.91353e-11 -0.00267538 -4.67665e-06 -3.11342e-07 1.1799e-10 4.67659e-06 -0.002609 -0.00371525 -1.61458e-08 -0.000114254 -0.0037152 0.97563 6.89932e-09 4.00973e-08 1.34164e-08 6.97799e-09 -0.975621 -0.00170542 -0.000113536 4.30271e-08 0.00170539 -0.951415
177 0.00286963 0.00274269 -7.48405e-06 -3.2584e-11 -3.13629e-07 -7.48396e-06 0.00267586 8.75211e-12 8.08996e-11 2.70967e-11 8.86856e-12 -0.00267585 -3.43793e-06 -3.11654e-07 8.67868e-11 3.43788e-06 -0.00260936 -0.00272873 -1.18803e-08 -0.000114351 -0.0027287 0.975636 3.19107e-09 2.94965e-08 9.87963e-09 3.23353e-09 -0.975631 -0.00125349 -0.000113631 3.1643e-08 0.00125347 -0.951387
177.5 0.00239169 0.00274307 -5.19664e-06 -2.26602e-11 -3.13898e-07 -5.19657e-06 0.00267625 1.36492e-13 5.62482e-11 1.88564e-11 1.92649e-13 -0.00267625 -2.38863e-06 -3.11919e-07 6.03274e-11 2.3886e-06 -0.00260966 -0.00189446 -8.26087e-09 -0.000114433 -0.00189443 0.97564 4.97588e-11 2.05056e-08 6.87418e-09 7.02312e-11 -0.975638 -0.000870788 -0.000113711 2.19926e-08 0.000870775 -0.951362
178 0.00191357 0.00274339 -3.32552e-06 -1.45195e-11 -3.14118e-07 -3.32548e-06 0.00267657 -6.9211e-12 3.60345e-11 1.20886e-11 -6.89809e-12 -0.00267657 -1.52935e-06 -3.12135e-07 3.86404e-11 1.52932e-06 -0.0026099 -0.00121219 -5.29254e-09 -0.0001145 -0.00121218 0.975644 -2.52283e-09 1.3135e-08 4.40645e-09 -2.51444e-09 -0.975643 -0.000557466 -0.000113777 1.40849e-08 0.000557458 -0.951341
178.5 0.00143531 0.00274364 -1.87046e-06 -8.17466e-12 -3.1429e-07 -1.87044e-06 0.00267682 -1.24156e-11 2.0285e-11 6.80884e-12 -1.24083e-11 -0.00267682 -8.6053e-07 -3.12304e-07 2.17487e-11 8.60517e-07 -0.00261009 -0.000681745 -2.97949e-09 -0.000114552 -0.000681737 0.975647 -4.52522e-09 7.39346e-09 2.48168e-09 -4.52257e-09 -0.975647 -0.000313645 -0.000113828 7.92696e-09 0.000313641 -0.951325
179 0.000956932 0.00274382 -8.31271e-07 -3.63555e-12 -3.14412e-07 -8.31261e-07 0.002677 -1.6343e-11 9.02049e-12 3.02901e-12 -1.63416e-11 -0.002677 -3.82544e-07 -3.12424e-07 9.67037e-12 3.82538e-07 -0.00261023 -0.000302962 -1.325e-09 -0.00011459 -0.000302958 0.97565 -5.95631e-09 3.28757e-09 1.10394e-09 -5.95579e-09 -0.97565 -0.00013942 -0.000113865 3.52442e-09 0.000139418 -0.951313
179.5 0.000478484 0.00274392 -2.07811e-07 -9.0924e-13 -3.14486e-07 -2.07809e-07 0.00267711 -1.87006e-11 2.25587e-12 7.57681e-13 -1.87005e-11 -0.00267711 -9.56489e-08 -3.12497e-07 2.41824e-12 9.56475e-08 -0.00261031 -7.5735e-05 -3.31365e-10 -0.000114612 -7.57341e-05 0.975651 -6.81528e-09 8.22132e-10 2.76131e-10 -6.81525e-09 -0.975651 -3.48585e-05 -0.000113887 8.81306e-10 3.4858e-05 -0.951305
180 5.98114e-05 0.00274396 0 0 -3.14511e-07 0 0.00267715 -1.94867e-11 0 0 -1.94867e-11 -0.00267715 0 -3.12521e-07 0 0 -0.00261033 0 0 -0.000114619 0 0.975651 -7.10166e-09 0 0 -7.10166e-09 -0.975651 0 -0.000113894 0 0 -0.951303
