theta 2pi*dcos S11 S12 S13 S14 S21 S22 S23 S24 S31 S32 S33 S34 S41 S42 S43 S44 S12_norm S13_norm S14_norm S21_norm S22_norm S23_norm S24_norm S31_norm S32_norm S33_norm S34_norm S41_norm S42_norm S43_norm S44_norm
0 2.39246e-06 1.81408e-05 0 0 1.72864e-11 0 1.80942e-05 2.72386e-13 0 0 -2.72386e-13 1.80942e-05 0 1.72866e-11 0 0 1.80475e-05 0 0 9.52901e-07 0 0.997429 1.50151e-08 0 0 -1.50151e-08 0.997429 0 9.52914e-07 0 0 0.994858
0.1 1.91397e-05 1.81408e-05 -2.71193e-11 -8.61317e-19 1.72864e-11 -2.71192e-11 1.80941e-05 2.72385e-13 -1.09853e-17 2.28506e-19 -2.72385e-13 1.80941e-05 -5.35774e-15 1.72866e-11 -2.02021e-17 5.35775e-15 1.80475e-05 -1.49493e-06 -4.74796e-14 9.52901e-07 -1.49493e-06 0.997429 1.50151e-08 -6.0556e-13 1.25963e-14 -1.50151e-08 0.997429 -2.95342e-10 9.52914e-07 -1.11363e-12 2.95343e-10 0.994858
0.2 3.82793e-05 1.81407e-05 -1.08477e-10 -2.2354e-19 1.72863e-11 -1.08477e-10 1.80941e-05 2.72383e-13 -4.46277e-17 1.0822e-19 -2.72383e-13 1.80941e-05 -2.14305e-14 1.72865e-11 -8.15767e-17 2.14308e-14 1.80474e-05 -5.97974e-06 -1.23226e-14 9.52901e-07 -5.97973e-06 0.997429 1.5015e-08 -2.46009e-12 5.96561e-15 -1.5015e-08 0.997429 -1.18135e-09 9.52915e-07 -4.49689e-12 1.18136e-09 0.994857
0.3 5.74188e-05 1.81406e-05 -2.44071e-10 -2.06331e-18 1.72862e-11 -2.44071e-10 1.80939e-05 2.72381e-13 -9.98928e-17 1.44083e-18 -2.72381e-13 1.80939e-05 -4.82167e-14 1.72864e-11 -1.82308e-16 4.82173e-14 1.80473e-05 -1.34544e-05 -1.1374e-13 9.52902e-07 -1.34544e-05 0.997429 1.5015e-08 -5.5066e-12 7.94257e-14 -1.5015e-08 0.997429 -2.65795e-09 9.52916e-07 -1.00497e-11 2.65799e-09 0.994857
0.4 7.65581e-05 1.81404e-05 -4.33901e-10 -3.91533e-18 1.7286e-11 -4.33901e-10 1.80937e-05 2.72377e-13 -1.77801e-16 3.19478e-18 -2.72378e-13 1.80937e-05 -8.57204e-14 1.72863e-11 -3.24816e-16 8.57197e-14 1.80471e-05 -2.39191e-05 -2.15835e-13 9.52904e-07 -2.39191e-05 0.997429 1.5015e-08 -9.8014e-12 1.76115e-13 -1.5015e-08 0.997429 -4.7254e-09 9.52918e-07 -1.79057e-11 4.72536e-09 0.994857
0.5 9.56972e-05 1.81401e-05 -6.77963e-10 -6.55324e-18 1.72858e-11 -6.77963e-10 1.80934e-05 2.72373e-13 -2.7749e-16 4.87655e-18 -2.72374e-13 1.80934e-05 -1.33936e-13 1.72861e-11 -5.07312e-16 1.33935e-13 1.80468e-05 -3.73738e-05 -3.61257e-13 9.52905e-07 -3.73737e-05 0.997429 1.5015e-08 -1.5297e-11 2.68827e-13 -1.5015e-08 0.997429 -7.38341e-09 9.52921e-07 -2.79663e-11 7.38339e-09 0.994857
0.6 0.000114836 1.81398e-05 -9.76255e-10 -8.72712e-18 1.72855e-11 -9.76254e-10 1.80931e-05 2.72369e-13 -3.98927e-16 6.5454e-18 -2.7237e-13 1.80931e-05 -1.92866e-13 1.72858e-11 -7.29984e-16 1.92865e-13 1.80465e-05 -5.38185e-05 -4.81105e-13 9.52907e-07 -5.38185e-05 0.997429 1.5015e-08 -2.19918e-11 3.60832e-13 -1.50151e-08 0.997429 -1.06322e-08 9.52924e-07 -4.02422e-11 1.06322e-08 0.994857
0.7 0.000133974 1.81394e-05 -1.32877e-09 -1.21887e-17 1.72852e-11 -1.32877e-09 1.80927e-05 2.72364e-13 -5.43538e-16 9.11468e-18 -2.72364e-13 1.80927e-05 -2.62508e-13 1.72855e-11 -9.93049e-16 2.62507e-13 1.80461e-05 -7.32535e-05 -6.71949e-13 9.5291e-07 -7.32534e-05 0.997429 1.50151e-08 -2.99646e-11 5.0248e-13 -1.50151e-08 0.997429 -1.44717e-08 9.52927e-07 -5.47455e-11 1.44717e-08 0.994857
0.8 0.000153112 1.81389e-05 -1.73551e-09 -1.58279e-17 1.72848e-11 -1.73551e-09 1.80923e-05 2.72357e-13 -7.1048e-16 1.14584e-17 -2.72356e-13 1.80923e-05 -3.42862e-13 1.72852e-11 -1.29786e-15 3.42862e-13 1.80457e-05 -9.56787e-05 -8.72591e-13 9.52913e-07 -9.56786e-05 0.997428 1.5015e-08 -3.91688e-11 6.31702e-13 -1.5015e-08 0.997428 -1.8902e-08 9.52931e-07 -7.15513e-11 1.8902e-08 0.994857
0.9 0.00017225 1.81384e-05 -2.19646e-09 -1.9692e-17 1.72844e-11 -2.19646e-09 1.80918e-05 2.7235e-13 -8.98811e-16 1.40962e-17 -2.7235e-13 1.80918e-05 -4.33927e-13 1.72848e-11 -1.64268e-15 4.33925e-13 1.80452e-05 -0.000121094 -1.08565e-12 9.52916e-07 -0.000121094 0.997428 1.50151e-08 -4.95528e-11 7.77143e-13 -1.5015e-08 0.997428 -2.39231e-08 9.52936e-07 -9.05637e-11 2.39229e-08 0.994857
1 0.000191387 1.81379e-05 -2.71163e-09 -2.46454e-17 1.72839e-11 -2.71162e-09 1.80912e-05 2.7234e-13 -1.10982e-15 1.80342e-17 -2.72341e-13 1.80912e-05 -5.35702e-13 1.72843e-11 -2.02834e-15 5.35701e-13 1.80446e-05 -0.000149501 -1.35878e-12 9.5292e-07 -0.000149501 0.997428 1.5015e-08 -6.11878e-11 9.94283e-13 -1.5015e-08 0.997428 -2.9535e-08 9.52941e-07 -1.11829e-10 2.95349e-08 0.994857
1.1 0.000210523 1.81373e-05 -3.28099e-09 -2.92479e-17 1.72834e-11 -3.28099e-09 1.80906e-05 2.72332e-13 -1.34291e-15 2.14522e-17 -2.72332e-13 1.80906e-05 -6.48186e-13 1.72838e-11 -2.45285e-15 6.48183e-13 1.8044e-05 -0.000180898 -1.61259e-12 9.52924e-07 -0.000180898 0.997428 1.5015e-08 -7.40416e-11 1.18277e-12 -1.50151e-08 0.997428 -3.57378e-08 9.52947e-07 -1.35238e-10 3.57376e-08 0.994857
1.2 0.000229659 1.81366e-05 -3.90455e-09 -3.51975e-17 1.72829e-11 -3.90455e-09 1.80899e-05 2.72322e-13 -1.59742e-15 2.61938e-17 -2.72322e-13 1.80899e-05 -7.71376e-13 1.72833e-11 -2.91888e-15 7.71374e-13 1.80433e-05 -0.000215286 -1.94069e-12 9.52928e-07 -0.000215286 0.997428 1.5015e-08 -8.8077e-11 1.44425e-12 -1.50151e-08 0.997428 -4.25315e-08 9.52953e-07 -1.60939e-10 4.25314e-08 0.994857
1.3 0.000248794 1.81359e-05 -4.58229e-09 -4.20905e-17 1.72823e-11 -4.58229e-09 1.80892e-05 2.72311e-13 -1.87452e-15 3.06533e-17 -2.72311e-13 1.80892e-05 -9.05272e-13 1.72827e-11 -3.4255e-15 9.05269e-13 1.80426e-05 -0.000252665 -2.32085e-12 9.52933e-07 -0.000252665 0.997428 1.50151e-08 -1.0336e-10 1.69021e-12 -1.5015e-08 0.997428 -4.99162e-08 9.5296e-07 -1.8888e-10 4.9916e-08 0.994857
1.4 0.000267929 1.81351e-05 -5.31422e-09 -4.89987e-17 1.72816e-11 -5.31421e-09 1.80884e-05 2.72299e-13 -2.17371e-15 3.55658e-17 -2.72299e-13 1.80884e-05 -1.04987e-12 1.72821e-11 -3.97256e-15 1.04987e-12 1.80418e-05 -0.000293036 -2.70188e-12 9.52938e-07 -0.000293035 0.997428 1.5015e-08 -1.19862e-10 1.96116e-12 -1.5015e-08 0.997428 -5.78918e-08 9.52967e-07 -2.19054e-10 5.78917e-08 0.994857
1.5 0.000287062 1.81342e-05 -6.10031e-09 -5.61269e-17 1.72809e-11 -6.1003e-09 1.80876e-05 2.72285e-13 -2.49614e-15 4.23763e-17 -2.72285e-13 1.80876e-05 -1.20518e-12 1.72814e-11 -4.56052e-15 1.20517e-12 1.80409e-05 -0.000336398 -3.09509e-12 9.52944e-07 -0.000336397 0.997428 1.5015e-08 -1.37648e-10 2.33681e-12 -1.5015e-08 0.997428 -6.64586e-08 9.52975e-07 -2.51487e-10 6.64584e-08 0.994856
1.6 0.000306195 1.81333e-05 -6.94055e-09 -6.38618e-17 1.72801e-11 -6.94055e-09 1.80867e-05 2.72272e-13 -2.83986e-15 4.69184e-17 -2.72273e-13 1.80867e-05 -1.37118e-12 1.72807e-11 -5.18901e-15 1.37118e-12 1.804e-05 -0.000382752 -3.5218e-12 9.5295e-07 -0.000382752 0.997428 1.5015e-08 -1.5661e-10 2.58742e-12 -1.50151e-08 0.997428 -7.56166e-08 9.52983e-07 -2.86159e-10 7.56164e-08 0.994856
1.7 0.000325327 1.81323e-05 -7.83494e-09 -7.16662e-17 1.72793e-11 -7.83494e-09 1.80857e-05 2.72257e-13 -3.20597e-15 5.20669e-17 -2.72258e-13 1.80857e-05 -1.54788e-12 1.728e-11 -5.85789e-15 1.54787e-12 1.80391e-05 -0.000432098 -3.9524e-12 9.52956e-07 -0.000432098 0.997428 1.5015e-08 -1.7681e-10 2.8715e-12 -1.50151e-08 0.997427 -8.53657e-08 9.52992e-07 -3.23063e-10 8.53655e-08 0.994856
1.8 0.000344457 1.81313e-05 -8.78347e-09 -8.11053e-17 1.72785e-11 -8.78346e-09 1.80847e-05 2.72242e-13 -3.59325e-15 5.93152e-17 -2.72242e-13 1.80847e-05 -1.73528e-12 1.72792e-11 -6.56761e-15 1.73527e-12 1.8038e-05 -0.000484437 -4.47322e-12 9.52963e-07 -0.000484436 0.997427 1.5015e-08 -1.98179e-10 3.27143e-12 -1.5015e-08 0.997427 -9.57061e-08 9.53001e-07 -3.62225e-10 9.57058e-08 0.994856
1.9 0.000363587 1.81302e-05 -9.78612e-09 -9.00134e-17 1.72775e-11 -9.78611e-09 1.80836e-05 2.72225e-13 -4.00267e-15 6.49817e-17 -2.72225e-13 1.80836e-05 -1.93337e-12 1.72783e-11 -7.31671e-15 1.93336e-12 1.8037e-05 -0.000539768 -4.96483e-12 9.5297e-07 -0.000539768 0.997427 1.5015e-08 -2.20773e-10 3.58416e-12 -1.5015e-08 0.997427 -1.06638e-07 9.53012e-07 -4.03564e-10 1.06638e-07 0.994856
2 0.000382716 1.81291e-05 -1.08429e-08 -9.90354e-17 1.72766e-11 -1.08429e-08 1.80824e-05 2.72208e-13 -4.43589e-15 7.28813e-17 -2.72208e-13 1.80824e-05 -2.14215e-12 1.72774e-11 -8.10635e-15 2.14214e-12 1.80358e-05 -0.000598093 -5.46279e-12 9.52977e-07 -0.000598093 0.997427 1.5015e-08 -2.44684e-10 4.02013e-12 -1.5015e-08 0.997427 -1.18161e-07 9.53022e-07 -4.47147e-10 1.18161e-07 0.994856
2.1 0.000401843 1.81279e-05 -1.19537e-08 -1.09754e-16 1.72756e-11 -1.19537e-08 1.80812e-05 2.7219e-13 -4.88931e-15 7.96634e-17 -2.7219e-13 1.80812e-05 -2.36162e-12 1.72765e-11 -8.93732e-15 2.36161e-12 1.80346e-05 -0.000659411 -6.05443e-12 9.52985e-07 -0.000659411 0.997427 1.5015e-08 -2.69713e-10 4.39453e-12 -1.5015e-08 0.997427 -1.30276e-07 9.53033e-07 -4.93016e-10 1.30275e-07 0.994855
2.2 0.000420969 1.81266e-05 -1.31186e-08 -1.19931e-16 1.72745e-11 -1.31186e-08 1.808e-05 2.72171e-13 -5.36715e-15 8.75559e-17 -2.72171e-13 1.808e-05 -2.59178e-12 1.72755e-11 -9.80818e-15 2.59177e-12 1.80333e-05 -0.000723723 -6.61632e-12 9.52993e-07 -0.000723723 0.997427 1.5015e-08 -2.96093e-10 4.83024e-12 -1.5015e-08 0.997427 -1.42982e-07 9.53045e-07 -5.41093e-10 1.42982e-07 0.994855
2.3 0.000440094 1.81253e-05 -1.43376e-08 -1.31579e-16 1.72734e-11 -1.43376e-08 1.80786e-05 2.72151e-13 -5.8653e-15 9.59185e-17 -2.72151e-13 1.80786e-05 -2.83262e-12 1.72744e-11 -1.07199e-14 2.83261e-12 1.8032e-05 -0.000791029 -7.25942e-12 9.53002e-07 -0.000791029 0.997427 1.5015e-08 -3.23598e-10 5.29197e-12 -1.5015e-08 0.997426 -1.5628e-07 9.53057e-07 -5.91432e-10 1.56279e-07 0.994855
2.4 0.000459218 1.81239e-05 -1.56107e-08 -1.42102e-16 1.72723e-11 -1.56107e-08 1.80773e-05 2.7213e-13 -6.38593e-15 1.04254e-16 -2.72131e-13 1.80773e-05 -3.08414e-12 1.72733e-11 -1.16715e-14 3.08413e-12 1.80306e-05 -0.00086133 -7.84058e-12 9.53011e-07 -0.000861329 0.997426 1.5015e-08 -3.52349e-10 5.7523e-12 -1.5015e-08 0.997426 -1.7017e-07 9.5307e-07 -6.43984e-10 1.70169e-07 0.994855
2.5 0.00047834 1.81225e-05 -1.69377e-08 -1.54692e-16 1.72711e-11 -1.69377e-08 1.80758e-05 2.72109e-13 -6.92855e-15 1.13659e-16 -2.72109e-13 1.80758e-05 -3.34633e-12 1.72722e-11 -1.26636e-14 3.34633e-12 1.80292e-05 -0.000934626 -8.53591e-12 9.5302e-07 -0.000934625 0.997426 1.5015e-08 -3.82319e-10 6.27172e-12 -1.5015e-08 0.997426 -1.84651e-07 9.53083e-07 -6.9878e-10 1.84651e-07 0.994854
2.6 0.000497461 1.8121e-05 -1.83188e-08 -1.67005e-16 1.72698e-11 -1.83188e-08 1.80743e-05 2.72086e-13 -7.49391e-15 1.22656e-16 -2.72086e-13 1.80743e-05 -3.61921e-12 1.7271e-11 -1.36969e-14 3.6192e-12 1.80277e-05 -0.00101092 -9.21614e-12 9.5303e-07 -0.00101092 0.997426 1.5015e-08 -4.13549e-10 6.76875e-12 -1.5015e-08 0.997426 -1.99725e-07 9.53097e-07 -7.55862e-10 1.99724e-07 0.994854
2.7 0.00051658 1.81194e-05 -1.97539e-08 -1.8024e-16 1.72685e-11 -1.97539e-08 1.80728e-05 2.72064e-13 -8.08113e-15 1.31797e-16 -2.72063e-13 1.80728e-05 -3.90275e-12 1.72698e-11 -1.47699e-14 3.90274e-12 1.80262e-05 -0.0010902 -9.94734e-12 9.5304e-07 -0.0010902 0.997426 1.5015e-08 -4.45993e-10 7.27383e-12 -1.5015e-08 0.997425 -2.1539e-07 9.53111e-07 -8.15142e-10 2.1539e-07 0.994854
2.8 0.000535698 1.81178e-05 -2.12429e-08 -1.93745e-16 1.72672e-11 -2.12429e-08 1.80712e-05 2.72039e-13 -8.69002e-15 1.41921e-16 -2.72039e-13 1.80711e-05 -4.19696e-12 1.72685e-11 -1.58829e-14 4.19695e-12 1.80246e-05 -0.00117249 -1.06936e-11 9.53051e-07 -0.00117249 0.997426 1.5015e-08 -4.7964e-10 7.83324e-12 -1.5015e-08 0.997425 -2.31648e-07 9.53126e-07 -8.76648e-10 2.31648e-07 0.994854
2.9 0.000554814 1.81161e-05 -2.27859e-08 -2.08671e-16 1.72658e-11 -2.27859e-08 1.80695e-05 2.72013e-13 -9.32098e-15 1.50881e-16 -2.72013e-13 1.80695e-05 -4.50183e-12 1.72672e-11 -1.70362e-14 4.50182e-12 1.80229e-05 -0.00125777 -1.15185e-11 9.53061e-07 -0.00125777 0.997425 1.5015e-08 -5.14513e-10 8.32857e-12 -1.5015e-08 0.997425 -2.48498e-07 9.53141e-07 -9.40388e-10 2.48498e-07 0.994853
3 0.000573928 1.81144e-05 -2.43828e-08 -2.23065e-16 1.72643e-11 -2.43828e-08 1.80678e-05 2.71988e-13 -9.97393e-15 1.64066e-16 -2.71988e-13 1.80677e-05 -4.81736e-12 1.72659e-11 -1.82299e-14 4.81735e-12 1.80212e-05 -0.00134605 -1.23143e-11 9.53073e-07 -0.00134605 0.997425 1.5015e-08 -5.50608e-10 9.05724e-12 -1.5015e-08 0.997424 -2.65941e-07 9.53157e-07 -1.00638e-09 2.6594e-07 0.994853
3.1 0.00059304 1.81126e-05 -2.60337e-08 -2.37538e-16 1.72628e-11 -2.60337e-08 1.8066e-05 2.71961e-13 -1.06495e-14 1.7406e-16 -2.7196e-13 1.80659e-05 -5.14355e-12 1.72645e-11 -1.94646e-14 5.14354e-12 1.80194e-05 -0.00143732 -1.31145e-11 9.53084e-07 -0.00143732 0.997425 1.5015e-08 -5.87959e-10 9.60989e-12 -1.5015e-08 0.997424 -2.83976e-07 9.53174e-07 -1.07464e-09 2.83976e-07 0.994852
3.2 0.000612151 1.81108e-05 -2.77384e-08 -2.53699e-16 1.72613e-11 -2.77384e-08 1.80641e-05 2.71933e-13 -1.13461e-14 1.8563e-16 -2.71933e-13 1.80641e-05 -5.48039e-12 1.7263e-11 -2.07389e-14 5.48038e-12 1.80175e-05 -0.0015316 -1.40082e-11 9.53096e-07 -0.0015316 0.997425 1.5015e-08 -6.26486e-10 1.02497e-11 -1.5015e-08 0.997424 -3.02604e-07 9.53191e-07 -1.14512e-09 3.02603e-07 0.994852
3.3 0.00063126 1.81088e-05 -2.9497e-08 -2.69209e-16 1.72597e-11 -2.9497e-08 1.80622e-05 2.71904e-13 -1.2066e-14 1.98572e-16 -2.71905e-13 1.80622e-05 -5.82788e-12 1.72615e-11 -2.20537e-14 5.82786e-12 1.80156e-05 -0.00162887 -1.48662e-11 9.53109e-07 -0.00162887 0.997424 1.5015e-08 -6.66303e-10 1.09655e-11 -1.5015e-08 0.997423 -3.21825e-07 9.53209e-07 -1.21784e-09 3.21824e-07 0.994852
3.4 0.000650367 1.81069e-05 -3.13094e-08 -2.86309e-16 1.72581e-11 -3.13094e-08 1.80602e-05 2.71875e-13 -1.28073e-14 2.10157e-16 -2.71875e-13 1.80602e-05 -6.18601e-12 1.726e-11 -2.34085e-14 6.18599e-12 1.80137e-05 -0.00172915 -1.58122e-11 9.53122e-07 -0.00172914 0.997424 1.5015e-08 -7.07315e-10 1.16065e-11 -1.5015e-08 0.997423 -3.41638e-07 9.53227e-07 -1.2928e-09 3.41638e-07 0.994851
3.5 0.000669472 1.81049e-05 -3.31757e-08 -3.03327e-16 1.72564e-11 -3.31757e-08 1.80582e-05 2.71845e-13 -1.35702e-14 2.22026e-16 -2.71845e-13 1.80582e-05 -6.55478e-12 1.72584e-11 -2.48028e-14 6.55476e-12 1.80116e-05 -0.00183242 -1.67539e-11 9.53135e-07 -0.00183242 0.997424 1.5015e-08 -7.49531e-10 1.22634e-11 -1.5015e-08 0.997422 -3.62045e-07 9.53245e-07 -1.36995e-09 3.62044e-07 0.994851
3.6 0.000688575 1.81028e-05 -3.50957e-08 -3.21524e-16 1.72546e-11 -3.50957e-08 1.80561e-05 2.71812e-13 -1.43542e-14 2.3378e-16 -2.71812e-13 1.80561e-05 -6.93418e-12 1.72567e-11 -2.62401e-14 6.93416e-12 1.80096e-05 -0.00193869 -1.7761e-11 9.53148e-07 -0.00193869 0.997424 1.5015e-08 -7.92925e-10 1.2914e-11 -1.50149e-08 0.997422 -3.83045e-07 9.53264e-07 -1.4495e-09 3.83044e-07 0.99485
3.7 0.000707676 1.81006e-05 -3.70696e-08 -3.37719e-16 1.72528e-11 -3.70695e-08 1.8054e-05 2.71781e-13 -1.51623e-14 2.4822e-16 -2.7178e-13 1.8054e-05 -7.32422e-12 1.72551e-11 -2.77148e-14 7.3242e-12 1.80074e-05 -0.00204797 -1.86578e-11 9.53162e-07 -0.00204797 0.997423 1.5015e-08 -8.37665e-10 1.37133e-11 -1.5015e-08 0.997421 -4.04639e-07 9.53284e-07 -1.53115e-09 4.04637e-07 0.99485
3.8 0.000726775 1.80984e-05 -3.90971e-08 -3.56922e-16 1.7251e-11 -3.90971e-08 1.80518e-05 2.71747e-13 -1.59917e-14 2.60892e-16 -2.71747e-13 1.80518e-05 -7.72488e-12 1.72533e-11 -2.92297e-14 7.72485e-12 1.80052e-05 -0.00216025 -1.97212e-11 9.53177e-07 -0.00216025 0.997423 1.5015e-08 -8.83597e-10 1.44152e-11 -1.5015e-08 0.997421 -4.26825e-07 9.53304e-07 -1.61504e-09 4.26824e-07 0.994849
3.9 0.000745871 1.80962e-05 -4.11784e-08 -3.76693e-16 1.72491e-11 -4.11784e-08 1.80495e-05 2.71715e-13 -1.6843e-14 2.74507e-16 -2.71713e-13 1.80495e-05 -8.13615e-12 1.72515e-11 -3.07864e-14 8.13613e-12 1.8003e-05 -0.00227553 -2.08162e-11 9.53191e-07 -0.00227553 0.997423 1.5015e-08 -9.30751e-10 1.51693e-11 -1.5015e-08 0.99742 -4.49606e-07 9.53325e-07 -1.70126e-09 4.49605e-07 0.994849
4 0.000764965 1.80939e-05 -4.33134e-08 -3.95947e-16 1.72472e-11 -4.33133e-08 1.80472e-05 2.71679e-13 -1.77166e-14 2.89923e-16 -2.71678e-13 1.80472e-05 -8.55805e-12 1.72497e-11 -3.23823e-14 8.55803e-12 1.80006e-05 -0.00239381 -2.18829e-11 9.53206e-07 -0.00239381 0.997422 1.5015e-08 -9.79151e-10 1.60233e-11 -1.50149e-08 0.99742 -4.72981e-07 9.53347e-07 -1.78969e-09 4.72979e-07 0.994848
4.1 0.000784057 1.80915e-05 -4.5502e-08 -4.16132e-16 1.72452e-11 -4.5502e-08 1.80449e-05 2.71643e-13 -1.86112e-14 3.04051e-16 -2.71643e-13 1.80448e-05 -8.99055e-12 1.72479e-11 -3.40181e-14 8.99053e-12 1.79983e-05 -0.0025151 -2.30015e-11 9.53222e-07 -0.0025151 0.997422 1.50149e-08 -1.02873e-09 1.68063e-11 -1.50149e-08 0.997419 -4.96949e-07 9.53368e-07 -1.88034e-09 4.96948e-07 0.994847
4.2 0.000803147 1.80891e-05 -4.77442e-08 -4.35946e-16 1.72432e-11 -4.77442e-08 1.80424e-05 2.71607e-13 -1.9528e-14 3.19107e-16 -2.71606e-13 1.80424e-05 -9.43366e-12 1.72459e-11 -3.56936e-14 9.43364e-12 1.79958e-05 -0.0026394 -2.41e-11 9.53238e-07 -0.0026394 0.997422 1.5015e-08 -1.07954e-09 1.76409e-11 -1.50149e-08 0.997418 -5.21512e-07 9.53391e-07 -1.97322e-09 5.2151e-07 0.994847
4.3 0.000822234 1.80866e-05 -5.00401e-08 -4.56405e-16 1.72411e-11 -5.00401e-08 1.80399e-05 2.71569e-13 -2.04665e-14 3.34952e-16 -2.7157e-13 1.80399e-05 -9.88737e-12 1.7244e-11 -3.741e-14 9.88734e-12 1.79934e-05 -0.0027667 -2.52345e-11 9.53254e-07 -0.0027667 0.997421 1.50149e-08 -1.13158e-09 1.85194e-11 -1.5015e-08 0.997418 -5.46669e-07 9.53414e-07 -2.06838e-09 5.46667e-07 0.994846
4.4 0.000841318 1.8084e-05 -5.23895e-08 -4.79228e-16 1.7239e-11 -5.23895e-08 1.80374e-05 2.71531e-13 -2.14271e-14 3.5065e-16 -2.7153e-13 1.80373e-05 -1.03517e-11 1.7242e-11 -3.91668e-14 1.03516e-11 1.79908e-05 -0.002897 -2.65001e-11 9.5327e-07 -0.002897 0.997421 1.50149e-08 -1.18487e-09 1.93901e-11 -1.50149e-08 0.997417 -5.7242e-07 9.53437e-07 -2.16582e-09 5.72419e-07 0.994845
4.5 0.0008604 1.80814e-05 -5.47925e-08 -5.01044e-16 1.72368e-11 -5.47924e-08 1.80348e-05 2.71491e-13 -2.24087e-14 3.6588e-16 -2.71492e-13 1.80347e-05 -1.08266e-11 1.72399e-11 -4.09635e-14 1.08265e-11 1.79882e-05 -0.00303032 -2.77104e-11 9.53287e-07 -0.00303032 0.997421 1.50149e-08 -1.23932e-09 2.02351e-11 -1.50149e-08 0.997416 -5.98767e-07 9.53461e-07 -2.2655e-09 5.98765e-07 0.994844
4.6 0.00087948 1.80788e-05 -5.72489e-08 -5.22956e-16 1.72346e-11 -5.72489e-08 1.80321e-05 2.71451e-13 -2.34139e-14 3.82738e-16 -2.71451e-13 1.8032e-05 -1.1312e-11 1.72378e-11 -4.27991e-14 1.1312e-11 1.79855e-05 -0.00316664 -2.89266e-11 9.53305e-07 -0.00316664 0.99742 1.50149e-08 -1.29511e-09 2.11706e-11 -1.50149e-08 0.997415 -6.25708e-07 9.53486e-07 -2.36737e-09 6.25706e-07 0.994844
4.7 0.000898556 1.8076e-05 -5.97588e-08 -5.46735e-16 1.72323e-11 -5.97588e-08 1.80294e-05 2.7141e-13 -2.44405e-14 3.99377e-16 -2.7141e-13 1.80293e-05 -1.18081e-11 1.72357e-11 -4.46753e-14 1.1808e-11 1.79828e-05 -0.00330597 -3.02464e-11 9.53322e-07 -0.00330597 0.99742 1.50149e-08 -1.35209e-09 2.20943e-11 -1.50149e-08 0.997415 -6.53244e-07 9.53511e-07 -2.47152e-09 6.53243e-07 0.994843
4.8 0.00091763 1.80733e-05 -6.23222e-08 -5.69789e-16 1.723e-11 -6.23222e-08 1.80266e-05 2.71367e-13 -2.54891e-14 4.16322e-16 -2.71369e-13 1.80265e-05 -1.23147e-11 1.72335e-11 -4.65908e-14 1.23147e-11 1.798e-05 -0.00344831 -3.15266e-11 9.5334e-07 -0.00344831 0.99742 1.50148e-08 -1.41032e-09 2.30352e-11 -1.50149e-08 0.997414 -6.81376e-07 9.53537e-07 -2.57789e-09 6.81374e-07 0.994842
4.9 0.000936701 1.80704e-05 -6.4939e-08 -5.93754e-16 1.72276e-11 -6.49389e-08 1.80238e-05 2.71326e-13 -2.65583e-14 4.33486e-16 -2.71325e-13 1.80237e-05 -1.28319e-11 1.72313e-11 -4.85472e-14 1.28318e-11 1.79772e-05 -0.00359366 -3.28578e-11 9.53359e-07 -0.00359366 0.997419 1.50149e-08 -1.46971e-09 2.39887e-11 -1.50149e-08 0.997413 -7.10103e-07 9.53563e-07 -2.68656e-09 7.10101e-07 0.994841
5 0.00095577 1.80675e-05 -6.76091e-08 -6.18378e-16 1.72252e-11 -6.76091e-08 1.80209e-05 2.71283e-13 -2.76492e-14 4.52232e-16 -2.71282e-13 1.80208e-05 -1.33596e-11 1.7229e-11 -5.05439e-14 1.33596e-11 1.79743e-05 -0.00374202 -3.42259e-11 9.53378e-07 -0.00374202 0.997419 1.50149e-08 -1.53032e-09 2.50301e-11 -1.50149e-08 0.997412 -7.39426e-07 9.53589e-07 -2.7975e-09 7.39424e-07 0.99484
5.1 0.000974835 1.80646e-05 -7.03326e-08 -6.43036e-16 1.72227e-11 -7.03325e-08 1.80179e-05 2.71237e-13 -2.87625e-14 4.69668e-16 -2.71238e-13 1.80178e-05 -1.38979e-11 1.72267e-11 -5.25806e-14 1.38979e-11 1.79713e-05 -0.0038934 -3.55965e-11 9.53397e-07 -0.0038934 0.997419 1.50149e-08 -1.59221e-09 2.59994e-11 -1.50149e-08 0.997411 -7.69345e-07 9.53617e-07 -2.9107e-09 7.69343e-07 0.994839
5.2 0.000993897 1.80616e-05 -7.31094e-08 -6.68244e-16 1.72202e-11 -7.31093e-08 1.80149e-05 2.71192e-13 -2.98986e-14 4.89915e-16 -2.71192e-13 1.80148e-05 -1.44467e-11 1.72243e-11 -5.46544e-14 1.44467e-11 1.79683e-05 -0.00404779 -3.69981e-11 9.53416e-07 -0.00404778 0.997418 1.50149e-08 -1.65537e-09 2.71247e-11 -1.50149e-08 0.99741 -7.9986e-07 9.53644e-07 -3.026e-09 7.99858e-07 0.994838
5.3 0.00101296 1.80585e-05 -7.59394e-08 -6.94365e-16 1.72176e-11 -7.59393e-08 1.80119e-05 2.71146e-13 -3.10553e-14 5.07026e-16 -2.71146e-13 1.80117e-05 -1.50061e-11 1.72219e-11 -5.67707e-14 1.5006e-11 1.79653e-05 -0.00420519 -3.84509e-11 9.53436e-07 -0.00420519 0.997418 1.50149e-08 -1.71971e-09 2.80769e-11 -1.50149e-08 0.997409 -8.30971e-07 9.53673e-07 -3.14371e-09 8.30969e-07 0.994837
5.4 0.00103201 1.80554e-05 -7.88226e-08 -7.20643e-16 1.7215e-11 -7.88226e-08 1.80087e-05 2.71098e-13 -3.22332e-14 5.27104e-16 -2.71098e-13 1.80086e-05 -1.5576e-11 1.72194e-11 -5.89257e-14 1.55759e-11 1.79621e-05 -0.00436561 -3.99129e-11 9.53457e-07 -0.0043656 0.997417 1.50148e-08 -1.78524e-09 2.91937e-11 -1.50148e-08 0.997408 -8.62679e-07 9.53701e-07 -3.26361e-09 8.62677e-07 0.994836
5.5 0.00105107 1.80522e-05 -8.17591e-08 -7.46958e-16 1.72124e-11 -8.1759e-08 1.80056e-05 2.71052e-13 -3.34344e-14 5.45971e-16 -2.71051e-13 1.80054e-05 -1.61564e-11 1.72169e-11 -6.11205e-14 1.61564e-11 1.79589e-05 -0.00452904 -4.13777e-11 9.53478e-07 -0.00452904 0.997417 1.50149e-08 -1.8521e-09 3.0244e-11 -1.50149e-08 0.997407 -8.94983e-07 9.53731e-07 -3.38577e-09 8.94981e-07 0.994835
5.6 0.00107012 1.80489e-05 -8.47486e-08 -7.7493e-16 1.72096e-11 -8.47486e-08 1.80023e-05 2.71002e-13 -3.46553e-14 5.67141e-16 -2.71002e-13 1.80021e-05 -1.67473e-11 1.72144e-11 -6.33549e-14 1.67473e-11 1.79557e-05 -0.00469549 -4.29349e-11 9.53499e-07 -0.00469549 0.997416 1.50148e-08 -1.92007e-09 3.14224e-11 -1.50149e-08 0.997405 -9.27885e-07 9.53761e-07 -3.51017e-09 9.27883e-07 0.994833
5.7 0.00108916 1.80456e-05 -8.77913e-08 -8.0268e-16 1.72069e-11 -8.77912e-08 1.7999e-05 2.70953e-13 -3.58996e-14 5.87403e-16 -2.70952e-13 1.79988e-05 -1.73488e-11 1.72118e-11 -6.56295e-14 1.73487e-11 1.79524e-05 -0.00486496 -4.44805e-11 9.5352e-07 -0.00486495 0.997416 1.50148e-08 -1.98938e-09 3.2551e-11 -1.50148e-08 0.997404 -9.61384e-07 9.53791e-07 -3.63686e-09 9.61381e-07 0.994832
5.8 0.00110821 1.80423e-05 -9.0887e-08 -8.30964e-16 1.72041e-11 -9.0887e-08 1.79957e-05 2.70901e-13 -3.71647e-14 6.07471e-16 -2.70901e-13 1.79954e-05 -1.79607e-11 1.72091e-11 -6.79428e-14 1.79607e-11 1.7949e-05 -0.00503745 -4.60565e-11 9.53542e-07 -0.00503744 0.997416 1.50148e-08 -2.05987e-09 3.36693e-11 -1.50148e-08 0.997403 -9.9548e-07 9.53822e-07 -3.76575e-09 9.95478e-07 0.994831
5.9 0.00112725 1.80389e-05 -9.40358e-08 -8.59591e-16 1.72012e-11 -9.40357e-08 1.79922e-05 2.70851e-13 -3.84514e-14 6.29007e-16 -2.7085e-13 1.7992e-05 -1.85832e-11 1.72064e-11 -7.02963e-14 1.85831e-11 1.79456e-05 -0.00521295 -4.76522e-11 9.53564e-07 -0.00521295 0.997415 1.50148e-08 -2.13158e-09 3.48695e-11 -1.50148e-08 0.997401 -1.03017e-06 9.53854e-07 -3.89693e-09 1.03017e-06 0.994829
6 0.00172656 1.80354e-05 -9.72375e-08 -8.88528e-16 1.71983e-11 -9.72375e-08 1.79888e-05 2.70797e-13 -3.97585e-14 6.50087e-16 -2.70796e-13 1.79885e-05 -1.92161e-11 1.72037e-11 -7.26892e-14 1.92161e-11 1.79421e-05 -0.00539148 -4.92658e-11 9.53587e-07 -0.00539148 0.997415 1.50147e-08 -2.20447e-09 3.60451e-11 -1.50147e-08 0.9974 -1.06547e-06 9.53886e-07 -4.03036e-09 1.06546e-06 0.994828
6.2 0.00236869 1.80283e-05 -1.038e-07 -9.49202e-16 1.71924e-11 -1.038e-07 1.79817e-05 2.70691e-13 -4.24418e-14 6.94625e-16 -2.7069e-13 1.79814e-05 -2.05134e-11 1.71981e-11 -7.75929e-14 2.05133e-11 1.7935e-05 -0.00575761 -5.26507e-11 9.53633e-07 -0.0057576 0.997414 1.50148e-08 -2.35418e-09 3.85297e-11 -1.50147e-08 0.997397 -1.13785e-06 9.53951e-07 -4.30396e-09 1.13784e-06 0.994825
6.4 0.00244479 1.80209e-05 -1.10573e-07 -1.01148e-15 1.71862e-11 -1.10573e-07 1.79743e-05 2.7058e-13 -4.52093e-14 7.39262e-16 -2.70578e-13 1.7974e-05 -2.18525e-11 1.71923e-11 -8.26547e-14 2.18525e-11 1.79276e-05 -0.00613583 -5.6128e-11 9.53681e-07 -0.00613582 0.997413 1.50148e-08 -2.50871e-09 4.10224e-11 -1.50146e-08 0.997394 -1.21262e-06 9.54019e-07 -4.58659e-09 1.21262e-06 0.994822
6.6 0.00252085 1.80134e-05 -1.17558e-07 -1.0734e-15 1.71799e-11 -1.17558e-07 1.79667e-05 2.70466e-13 -4.80636e-14 7.85359e-16 -2.70464e-13 1.79664e-05 -2.32335e-11 1.71863e-11 -8.78752e-14 2.32334e-11 1.792e-05 -0.00652616 -5.95888e-11 9.5373e-07 -0.00652615 0.997412 1.50147e-08 -2.66822e-09 4.35987e-11 -1.50146e-08 0.99739 -1.28979e-06 9.54089e-07 -4.87834e-09 1.28979e-06 0.994818
6.8 0.00259689 1.80056e-05 -1.24753e-07 -1.141e-15 1.71733e-11 -1.24753e-07 1.79589e-05 2.70348e-13 -5.10036e-14 8.33812e-16 -2.70346e-13 1.79585e-05 -2.46561e-11 1.71802e-11 -9.32519e-14 2.4656e-11 1.79122e-05 -0.0069286 -6.33693e-11 9.5378e-07 -0.0069286 0.997411 1.50147e-08 -2.83266e-09 4.63086e-11 -1.50146e-08 0.997386 -1.36936e-06 9.54161e-07 -5.17906e-09 1.36936e-06 0.994814
7 0.00267289 1.79975e-05 -1.32159e-07 -1.20831e-15 1.71666e-11 -1.32159e-07 1.79509e-05 2.70226e-13 -5.40289e-14 8.8245e-16 -2.70225e-13 1.79504e-05 -2.61204e-11 1.71739e-11 -9.87847e-14 2.61203e-11 1.79041e-05 -0.00734317 -6.71378e-11 9.53833e-07 -0.00734316 0.997409 1.50146e-08 -3.00202e-09 4.90318e-11 -1.50146e-08 0.997382 -1.45133e-06 9.54235e-07 -5.48879e-09 1.45133e-06 0.99481
7.2 0.00274886 1.79893e-05 -1.39774e-07 -1.27916e-15 1.71597e-11 -1.39774e-07 1.79426e-05 2.70102e-13 -5.7139e-14 9.34013e-16 -2.70101e-13 1.79421e-05 -2.76262e-11 1.71674e-11 -1.04476e-13 2.76262e-11 1.78958e-05 -0.00776987 -7.11066e-11 9.53886e-07 -0.00776987 0.997408 1.50146e-08 -3.17629e-09 5.19206e-11 -1.50145e-08 0.997378 -1.53571e-06 9.54311e-07 -5.80768e-09 1.5357e-06 0.994806
7.4 0.0028248 1.79808e-05 -1.47599e-07 -1.34986e-15 1.71526e-11 -1.47599e-07 1.79342e-05 2.69972e-13 -6.03354e-14 9.86446e-16 -2.69972e-13 1.79336e-05 -2.91736e-11 1.71607e-11 -1.10324e-13 2.91735e-11 1.78873e-05 -0.00820872 -7.50724e-11 9.53941e-07 -0.00820872 0.997407 1.50145e-08 -3.35555e-09 5.48611e-11 -1.50145e-08 0.997373 -1.62249e-06 9.54389e-07 -6.13564e-09 1.62248e-06 0.994801
7.6 0.00290071 1.79721e-05 -1.55633e-07 -1.42338e-15 1.71453e-11 -1.55633e-07 1.79254e-05 2.69842e-13 -6.36172e-14 1.03966e-15 -2.69841e-13 1.79248e-05 -3.07624e-11 1.71538e-11 -1.16326e-13 3.07623e-11 1.78785e-05 -0.00865973 -7.91997e-11 9.53998e-07 -0.00865972 0.997406 1.50145e-08 -3.53978e-09 5.78485e-11 -1.50144e-08 0.997368 -1.71168e-06 9.5447e-07 -6.47261e-09 1.71167e-06 0.994796
7.8 0.00297657 1.79631e-05 -1.63876e-07 -1.49826e-15 1.71378e-11 -1.63876e-07 1.79165e-05 2.69707e-13 -6.69836e-14 1.09605e-15 -2.69706e-13 1.79158e-05 -3.23925e-11 1.71467e-11 -1.22485e-13 3.23924e-11 1.78695e-05 -0.0091229 -8.34074e-11 9.54056e-07 -0.00912289 0.997405 1.50145e-08 -3.72895e-09 6.10164e-11 -1.50144e-08 0.997363 -1.80328e-06 9.54552e-07 -6.81868e-09 1.80327e-06 0.99479
8 0.00305241 1.7954e-05 -1.72327e-07 -1.57568e-15 1.71301e-11 -1.72326e-07 1.79073e-05 2.69569e-13 -7.04327e-14 1.15078e-15 -2.69566e-13 1.79065e-05 -3.40639e-11 1.71395e-11 -1.288e-13 3.40638e-11 1.78603e-05 -0.00959825 -8.77621e-11 9.54115e-07 -0.00959824 0.997404 1.50145e-08 -3.92296e-09 6.40961e-11 -1.50143e-08 0.997357 -1.89729e-06 9.54637e-07 -7.1739e-09 1.89729e-06 0.994785
8.2 0.0031282 1.79446e-05 -1.80985e-07 -1.65527e-15 1.71223e-11 -1.80985e-07 1.78979e-05 2.69426e-13 -7.39685e-14 1.20991e-15 -2.69423e-13 1.7897e-05 -3.57764e-11 1.71321e-11 -1.35267e-13 3.57763e-11 1.78509e-05 -0.0100858 -9.22433e-11 9.54176e-07 -0.0100858 0.997402 1.50144e-08 -4.12205e-09 6.74249e-11 -1.50142e-08 0.997351 -1.99372e-06 9.54723e-07 -7.53808e-09 1.99372e-06 0.994778
8.4 0.00320396 1.79349e-05 -1.89851e-07 -1.73459e-15 1.71142e-11 -1.89851e-07 1.78883e-05 2.69282e-13 -7.75885e-14 1.26825e-15 -2.69278e-13 1.78873e-05 -3.75301e-11 1.71245e-11 -1.4189e-13 3.753e-11 1.78412e-05 -0.0105855 -9.67159e-11 9.54239e-07 -0.0105855 0.997401 1.50144e-08 -4.32611e-09 7.07141e-11 -1.50141e-08 0.997345 -2.09257e-06 9.54812e-07 -7.91135e-09 2.09256e-06 0.994772
8.6 0.00327968 1.79251e-05 -1.98923e-07 -1.82013e-15 1.7106e-11 -1.98923e-07 1.78785e-05 2.69133e-13 -8.12924e-14 1.32885e-15 -2.69129e-13 1.78774e-05 -3.93248e-11 1.71167e-11 -1.48668e-13 3.93247e-11 1.78313e-05 -0.0110975 -1.01541e-10 9.54302e-07 -0.0110975 0.9974 1.50143e-08 -4.53512e-09 7.41337e-11 -1.50141e-08 0.997338 -2.19384e-06 9.54903e-07 -8.29385e-09 2.19383e-06 0.994765
8.8 0.00335535 1.7915e-05 -2.08202e-07 -1.90317e-15 1.70975e-11 -2.08202e-07 1.78684e-05 2.68981e-13 -8.50799e-14 1.39113e-15 -2.68976e-13 1.78672e-05 -4.11604e-11 1.71088e-11 -1.55599e-13 4.11603e-11 1.78211e-05 -0.0116216 -1.06233e-10 9.54367e-07 -0.0116216 0.997398 1.50143e-08 -4.74908e-09 7.76516e-11 -1.5014e-08 0.997331 -2.29753e-06 9.54996e-07 -8.68537e-09 2.29753e-06 0.994757
9 0.00343099 1.79047e-05 -2.17687e-07 -1.9904e-15 1.70889e-11 -2.17686e-07 1.78581e-05 2.68825e-13 -8.89503e-14 1.45528e-15 -2.6882e-13 1.78568e-05 -4.30368e-11 1.71007e-11 -1.62684e-13 4.30367e-11 1.78107e-05 -0.012158 -1.11166e-10 9.54434e-07 -0.012158 0.997397 1.50142e-08 -4.96798e-09 8.12792e-11 -1.50139e-08 0.997323 -2.40366e-06 9.55091e-07 -9.08608e-09 2.40365e-06 0.99475
9.2 0.00350659 1.78942e-05 -2.27376e-07 -2.07888e-15 1.70801e-11 -2.27376e-07 1.78476e-05 2.68666e-13 -9.29049e-14 1.51931e-15 -2.68661e-13 1.78462e-05 -4.4954e-11 1.70923e-11 -1.69922e-13 4.49539e-11 1.78001e-05 -0.0127067 -1.16176e-10 9.54502e-07 -0.0127067 0.997395 1.50141e-08 -5.19189e-09 8.49051e-11 -1.50138e-08 0.997314 -2.51221e-06 9.55188e-07 -9.49589e-09 2.5122e-06 0.994741
9.4 0.00358214 1.78835e-05 -2.37271e-07 -2.16841e-15 1.70711e-11 -2.37271e-07 1.78369e-05 2.68503e-13 -9.69426e-14 1.58583e-15 -2.68498e-13 1.78353e-05 -4.69118e-11 1.70839e-11 -1.77312e-13 4.69117e-11 1.77893e-05 -0.0132676 -1.21252e-10 9.54572e-07 -0.0132676 0.997394 1.5014e-08 -5.42078e-09 8.86759e-11 -1.50137e-08 0.997306 -2.62319e-06 9.55287e-07 -9.91482e-09 2.62319e-06 0.994732
9.6 0.00365765 1.78725e-05 -2.4737e-07 -2.26195e-15 1.70619e-11 -2.4737e-07 1.78259e-05 2.68337e-13 -1.01063e-13 1.65313e-15 -2.68332e-13 1.78242e-05 -4.89102e-11 1.70752e-11 -1.84855e-13 4.89101e-11 1.77782e-05 -0.0138408 -1.2656e-10 9.54643e-07 -0.0138408 0.997392 1.50139e-08 -5.65465e-09 9.24955e-11 -1.50137e-08 0.997296 -2.73661e-06 9.55388e-07 -1.03429e-08 2.73661e-06 0.994723
9.8 0.00373311 1.78614e-05 -2.57673e-07 -2.35616e-15 1.70525e-11 -2.57672e-07 1.78148e-05 2.68169e-13 -1.05266e-13 1.72062e-15 -2.68163e-13 1.78129e-05 -5.0949e-11 1.70664e-11 -1.92549e-13 5.09489e-11 1.77669e-05 -0.0144263 -1.31914e-10 9.54715e-07 -0.0144263 0.997391 1.50139e-08 -5.89352e-09 9.63319e-11 -1.50136e-08 0.997286 -2.85247e-06 9.55491e-07 -1.07802e-08 2.85247e-06 0.994713
10 0.00380853 1.785e-05 -2.68178e-07 -2.45287e-15 1.70429e-11 -2.68178e-07 1.78034e-05 2.67995e-13 -1.09552e-13 1.79208e-15 -2.6799e-13 1.78013e-05 -5.30282e-11 1.70573e-11 -2.00394e-13 5.30281e-11 1.77554e-05 -0.015024 -1.37416e-10 9.54789e-07 -0.015024 0.997389 1.50138e-08 -6.13736e-09 1.00397e-10 -1.50135e-08 0.997276 -2.97078e-06 9.55596e-07 -1.12266e-08 2.97077e-06 0.994703
10.2 0.0038839 1.78383e-05 -2.78887e-07 -2.55041e-15 1.70332e-11 -2.78886e-07 1.77917e-05 2.67819e-13 -1.1392e-13 1.86305e-15 -2.67813e-13 1.77895e-05 -5.51477e-11 1.70482e-11 -2.0839e-13 5.51475e-11 1.77436e-05 -0.0156341 -1.42974e-10 9.54864e-07 -0.0156341 0.997388 1.50137e-08 -6.38627e-09 1.04441e-10 -1.50133e-08 0.997265 -3.09153e-06 9.55704e-07 -1.16822e-08 3.09152e-06 0.994692
10.4 0.00395923 1.78265e-05 -2.89797e-07 -2.65083e-15 1.70232e-11 -2.89797e-07 1.77799e-05 2.6764e-13 -1.18368e-13 1.93457e-15 -2.67632e-13 1.77775e-05 -5.73072e-11 1.70388e-11 -2.16537e-13 5.73071e-11 1.77317e-05 -0.0162565 -1.48701e-10 9.5494e-07 -0.0162565 0.997386 1.50136e-08 -6.64001e-09 1.08522e-10 -1.50132e-08 0.997254 -3.21472e-06 9.55813e-07 -1.21469e-08 3.21472e-06 0.99468
10.6 0.0040345 1.78144e-05 -3.00909e-07 -2.75214e-15 1.70131e-11 -3.00909e-07 1.77678e-05 2.67458e-13 -1.229e-13 2.00822e-15 -2.67449e-13 1.77653e-05 -5.95068e-11 1.70292e-11 -2.24834e-13 5.95067e-11 1.77194e-05 -0.0168913 -1.54489e-10 9.55018e-07 -0.0168913 0.997384 1.50136e-08 -6.89888e-09 1.1273e-10 -1.50131e-08 0.997241 -3.34037e-06 9.55924e-07 -1.26209e-08 3.34037e-06 0.994668
10.8 0.00410973 1.78021e-05 -3.12221e-07 -2.85602e-15 1.70028e-11 -3.12221e-07 1.77556e-05 2.6727e-13 -1.27512e-13 2.08497e-15 -2.67263e-13 1.77528e-05 -6.17464e-11 1.70195e-11 -2.3328e-13 6.17462e-11 1.7707e-05 -0.0175384 -1.60431e-10 9.55097e-07 -0.0175384 0.997383 1.50134e-08 -7.16272e-09 1.17119e-10 -1.50129e-08 0.997228 -3.46848e-06 9.56037e-07 -1.3104e-08 3.46847e-06 0.994655
11 0.00418491 1.77897e-05 -3.23734e-07 -2.96144e-15 1.69923e-11 -3.23734e-07 1.77431e-05 2.67081e-13 -1.32205e-13 2.16091e-15 -2.67072e-13 1.77401e-05 -6.40257e-11 1.70096e-11 -2.41876e-13 6.40256e-11 1.76943e-05 -0.0181979 -1.6647e-10 9.55178e-07 -0.0181979 0.997381 1.50133e-08 -7.43155e-09 1.2147e-10 -1.50128e-08 0.997215 -3.59904e-06 9.56153e-07 -1.35965e-08 3.59904e-06 0.994641
11.2 0.00426003 1.77769e-05 -3.35447e-07 -3.06887e-15 1.69816e-11 -3.35447e-07 1.77303e-05 2.66888e-13 -1.3698e-13 2.24064e-15 -2.66879e-13 1.77272e-05 -6.63448e-11 1.69995e-11 -2.5062e-13 6.63446e-11 1.76814e-05 -0.0188698 -1.72632e-10 9.5526e-07 -0.0188698 0.997379 1.50132e-08 -7.70549e-09 1.26042e-10 -1.50126e-08 0.997201 -3.73207e-06 9.5627e-07 -1.40981e-08 3.73206e-06 0.994627
11.4 0.00433511 1.7764e-05 -3.47358e-07 -3.17696e-15 1.69707e-11 -3.47358e-07 1.77174e-05 2.66692e-13 -1.41834e-13 2.31989e-15 -2.66682e-13 1.7714e-05 -6.87035e-11 1.69893e-11 -2.59512e-13 6.87033e-11 1.76683e-05 -0.0195541 -1.78842e-10 9.55343e-07 -0.019554 0.997377 1.50131e-08 -7.98435e-09 1.30595e-10 -1.50125e-08 0.997186 -3.86757e-06 9.56389e-07 -1.46089e-08 3.86756e-06 0.994612
11.6 0.00441013 1.77509e-05 -3.59468e-07 -3.2879e-15 1.69597e-11 -3.59468e-07 1.77043e-05 2.66492e-13 -1.4677e-13 2.39888e-15 -2.66481e-13 1.77006e-05 -7.11016e-11 1.69789e-11 -2.6855e-13 7.11014e-11 1.76549e-05 -0.0202507 -1.85225e-10 9.55428e-07 -0.0202507 0.997376 1.50129e-08 -8.26833e-09 1.35142e-10 -1.50123e-08 0.99717 -4.00553e-06 9.56511e-07 -1.51289e-08 4.00552e-06 0.994596
11.8 0.0044851 1.77375e-05 -3.71776e-07 -3.40121e-15 1.69484e-11 -3.71775e-07 1.76909e-05 2.6629e-13 -1.51784e-13 2.48206e-15 -2.66278e-13 1.7687e-05 -7.35391e-11 1.69683e-11 -2.77739e-13 7.35389e-11 1.76413e-05 -0.0209599 -1.91753e-10 9.55514e-07 -0.0209599 0.997374 1.50128e-08 -8.55725e-09 1.39933e-10 -1.50122e-08 0.997153 -4.14597e-06 9.56634e-07 -1.56583e-08 4.14596e-06 0.994579
12 0.0139046 1.77239e-05 -3.8428e-07 -3.51628e-15 1.6937e-11 -3.8428e-07 1.76773e-05 2.66083e-13 -1.56878e-13 2.56609e-15 -2.66069e-13 1.76732e-05 -7.60158e-11 1.69575e-11 -2.87072e-13 7.60157e-11 1.76275e-05 -0.0216815 -1.98392e-10 9.55602e-07 -0.0216814 0.997372 1.50126e-08 -8.8512e-09 1.44781e-10 -1.50119e-08 0.997136 -4.28889e-06 9.56759e-07 -1.61969e-08 4.28888e-06 0.994562
13 0.0246683 1.76528e-05 -4.49735e-07 -4.11482e-15 1.68771e-11 -4.49735e-07 1.76062e-05 2.65e-13 -1.83532e-13 3.00167e-15 -2.64983e-13 1.76005e-05 -8.89838e-11 1.69011e-11 -3.35916e-13 8.89835e-11 1.75551e-05 -0.0254767 -2.33097e-10 9.56058e-07 -0.0254766 0.997362 1.50117e-08 -1.03968e-08 1.70039e-10 -1.50108e-08 0.997036 -5.04077e-06 9.57415e-07 -1.9029e-08 5.04076e-06 0.994462
14 0.0265294 1.75765e-05 -5.20011e-07 -4.75873e-15 1.68127e-11 -5.20011e-07 1.75299e-05 2.63837e-13 -2.12128e-13 3.46908e-15 -2.63813e-13 1.75222e-05 -1.02914e-10 1.68404e-11 -3.88339e-13 1.02913e-10 1.74769e-05 -0.0295857 -2.70744e-10 9.56548e-07 -0.0295856 0.997351 1.50108e-08 -1.20689e-08 1.97371e-10 -1.50094e-08 0.996912 -5.85519e-06 9.58119e-07 -2.20943e-08 5.85518e-06 0.994337
15 0.0283823 1.74949e-05 -5.95016e-07 -5.4465e-15 1.67439e-11 -5.95015e-07 1.74484e-05 2.62592e-13 -2.42622e-13 3.96825e-15 -2.62559e-13 1.74383e-05 -1.17788e-10 1.67754e-11 -4.44269e-13 1.17788e-10 1.73932e-05 -0.0340107 -3.11318e-10 9.57068e-07 -0.0340107 0.997339 1.50096e-08 -1.38681e-08 2.26822e-10 -1.50077e-08 0.996759 -6.73269e-06 9.58871e-07 -2.53941e-08 6.73267e-06 0.994184
16 0.0302266 1.74084e-05 -6.74647e-07 -6.17652e-15 1.66706e-11 -6.74647e-07 1.73618e-05 2.61266e-13 -2.74971e-13 4.49862e-15 -2.61225e-13 1.73487e-05 -1.33589e-10 1.67063e-11 -5.03626e-13 1.33589e-10 1.73039e-05 -0.0387542 -3.54802e-10 9.57619e-07 -0.0387542 0.997327 1.5008e-08 -1.57953e-08 2.58417e-10 -1.50057e-08 0.996574 -7.67384e-06 9.59669e-07 -2.89301e-08 7.67382e-06 0.993998
17 0.0320617 1.73168e-05 -7.58801e-07 -6.94947e-15 1.6593e-11 -7.588e-07 1.72703e-05 2.59861e-13 -3.09125e-13 5.05806e-15 -2.59808e-13 1.72536e-05 -1.50297e-10 1.6633e-11 -5.66326e-13 1.50297e-10 1.7209e-05 -0.0438187 -4.01313e-10 9.58199e-07 -0.0438187 0.997314 1.50062e-08 -1.78511e-08 2.9209e-10 -1.50032e-08 0.996351 -8.67924e-06 9.60512e-07 -3.27038e-08 8.67922e-06 0.993774
18 0.0338871 1.72204e-05 -8.47363e-07 -7.76183e-15 1.65111e-11 -8.47363e-07 1.71739e-05 2.58378e-13 -3.45033e-13 5.64678e-15 -2.58313e-13 1.7153e-05 -1.67891e-10 1.65557e-11 -6.32276e-13 1.67891e-10 1.71087e-05 -0.0492068 -4.50733e-10 9.58806e-07 -0.0492068 0.997299 1.50042e-08 -2.00362e-08 3.27911e-10 -1.50003e-08 0.996085 -9.74953e-06 9.61399e-07 -3.67166e-08 9.74951e-06 0.993508
19 0.0357021 1.71193e-05 -9.40217e-07 -8.61388e-15 1.6425e-11 -9.40216e-07 1.70729e-05 2.56818e-13 -3.82645e-13 6.26093e-15 -2.56736e-13 1.70469e-05 -1.8635e-10 1.64744e-11 -7.0139e-13 1.8635e-10 1.70028e-05 -0.0549213 -5.03167e-10 9.59439e-07 -0.0549213 0.997284 1.50016e-08 -2.23516e-08 3.65722e-10 -1.49968e-08 0.995771 -1.08854e-05 9.62328e-07 -4.09706e-08 1.08853e-05 0.993195
20 0.0375062 1.70137e-05 -1.03724e-06 -9.50451e-15 1.63348e-11 -1.03724e-06 1.69672e-05 2.55183e-13 -4.21902e-13 6.90509e-15 -2.55082e-13 1.69354e-05 -2.05652e-10 1.63892e-11 -7.73565e-13 2.05651e-10 1.68916e-05 -0.0609651 -5.5864e-10 9.60097e-07 -0.060965 0.997268 1.49987e-08 -2.47978e-08 4.05856e-10 -1.49928e-08 0.995403 -1.20874e-05 9.63297e-07 -4.54673e-08 1.20874e-05 0.992827
21 0.0392989 1.69035e-05 -1.1383e-06 -1.04339e-14 1.62405e-11 -1.1383e-06 1.6857e-05 2.53472e-13 -4.62747e-13 7.57441e-15 -2.53351e-13 1.68186e-05 -2.25771e-10 1.63001e-11 -8.48699e-13 2.2577e-10 1.6775e-05 -0.0673411 -6.17262e-10 9.60777e-07 -0.067341 0.997252 1.49953e-08 -2.73758e-08 4.48097e-10 -1.49881e-08 0.994976 -1.33565e-05 9.64306e-07 -5.02085e-08 1.33564e-05 0.992399
22 0.0410797 1.6789e-05 -1.24326e-06 -1.1398e-14 1.61423e-11 -1.24326e-06 1.67426e-05 2.5169e-13 -5.05123e-13 8.26855e-15 -2.51543e-13 1.66964e-05 -2.46684e-10 1.62073e-11 -9.26688e-13 2.46683e-10 1.66531e-05 -0.0740522 -6.78898e-10 9.61478e-07 -0.0740522 0.997234 1.49913e-08 -3.00865e-08 4.92498e-10 -1.49826e-08 0.994481 -1.46932e-05 9.65351e-07 -5.51961e-08 1.46931e-05 0.991904
23 0.0428479 1.66704e-05 -1.35199e-06 -1.23981e-14 1.60402e-11 -1.35199e-06 1.66239e-05 2.49836e-13 -5.48966e-13 8.98726e-15 -2.49661e-13 1.65689e-05 -2.68365e-10 1.61108e-11 -1.00742e-12 2.68364e-10 1.65259e-05 -0.0811017 -7.43722e-10 9.62198e-07 -0.0811017 0.997215 1.49868e-08 -3.29307e-08 5.39116e-10 -1.49763e-08 0.993912 -1.60983e-05 9.66431e-07 -6.04317e-08 1.60983e-05 0.991336
24 0.0446031 1.65477e-05 -1.46435e-06 -1.34315e-14 1.59343e-11 -1.46435e-06 1.65013e-05 2.47911e-13 -5.94212e-13 9.72874e-15 -2.47705e-13 1.64362e-05 -2.90787e-10 1.60106e-11 -1.09078e-12 2.90786e-10 1.63935e-05 -0.0884926 -8.11684e-10 9.62933e-07 -0.0884925 0.997196 1.49816e-08 -3.59091e-08 5.87922e-10 -1.49692e-08 0.993262 -1.75727e-05 9.67544e-07 -6.59173e-08 1.75726e-05 0.990686
25 0.0463447 1.64211e-05 -1.58017e-06 -1.44969e-14 1.58247e-11 -1.58017e-06 1.63747e-05 2.45921e-13 -6.40797e-13 1.04929e-14 -2.45677e-13 1.62983e-05 -3.13923e-10 1.59069e-11 -1.17665e-12 3.13922e-10 1.6256e-05 -0.096228 -8.82821e-10 9.63683e-07 -0.096228 0.997176 1.49759e-08 -3.90228e-08 6.38987e-10 -1.49611e-08 0.992522 -1.9117e-05 9.68687e-07 -7.16546e-08 1.9117e-05 0.989947
26 0.0480722 1.62908e-05 -1.69931e-06 -1.55936e-14 1.57116e-11 -1.69931e-06 1.62444e-05 2.43861e-13 -6.88653e-13 1.12764e-14 -2.43577e-13 1.61553e-05 -3.37744e-10 1.57998e-11 -1.2649e-12 3.37743e-10 1.61134e-05 -0.104311 -9.572e-10 9.64444e-07 -0.104311 0.997154 1.49693e-08 -4.22725e-08 6.92195e-10 -1.49518e-08 0.991684 -2.07322e-05 9.69858e-07 -7.76452e-08 2.07321e-05 0.989109
27 0.049785 1.61569e-05 -1.82162e-06 -1.67204e-14 1.55949e-11 -1.82162e-06 1.61106e-05 2.41738e-13 -7.37709e-13 1.20828e-14 -2.41409e-13 1.60073e-05 -3.6222e-10 1.56892e-11 -1.35542e-12 3.62219e-10 1.59657e-05 -0.112745 -1.03487e-09 9.65213e-07 -0.112745 0.997132 1.49618e-08 -4.56589e-08 7.47837e-10 -1.49415e-08 0.990738 -2.24189e-05 9.71053e-07 -8.3891e-08 2.24188e-05 0.988165
28 0.0514827 1.60197e-05 -1.94692e-06 -1.78727e-14 1.54748e-11 -1.94692e-06 1.59734e-05 2.39552e-13 -7.87902e-13 1.29052e-14 -2.39171e-13 1.58543e-05 -3.87323e-10 1.55755e-11 -1.44807e-12 3.87322e-10 1.58131e-05 -0.121533 -1.11567e-09 9.65987e-07 -0.121533 0.997109 1.49536e-08 -4.91833e-08 8.05583e-10 -1.49298e-08 0.989675 -2.41779e-05 9.7227e-07 -9.03934e-08 2.41779e-05 0.987103
29 0.0531646 1.58792e-05 -2.07506e-06 -1.90528e-14 1.53514e-11 -2.07506e-06 1.58329e-05 2.37304e-13 -8.39151e-13 1.37458e-14 -2.36867e-13 1.56964e-05 -4.1302e-10 1.54585e-11 -1.54273e-12 4.13019e-10 1.56555e-05 -0.130678 -1.19986e-09 9.66763e-07 -0.130678 0.997085 1.49443e-08 -5.28459e-08 8.65649e-10 -1.49168e-08 0.988485 -2.60101e-05 9.73505e-07 -9.71542e-08 2.60101e-05 0.985914
30 0.0548304 1.57357e-05 -2.20587e-06 -2.02586e-14 1.52249e-11 -2.20586e-06 1.56894e-05 2.34998e-13 -8.9139e-13 1.46029e-14 -2.34497e-13 1.55336e-05 -4.39281e-10 1.53384e-11 -1.63926e-12 4.3928e-10 1.54932e-05 -0.140182 -1.28743e-09 9.67538e-07 -0.140182 0.99706 1.49341e-08 -5.66477e-08 9.28012e-10 -1.49023e-08 0.987156 -2.79162e-05 9.74755e-07 -1.04174e-07 2.79162e-05 0.984588
31 0.0564795 1.55893e-05 -2.33916e-06 -2.1487e-14 1.50952e-11 -2.33916e-06 1.5543e-05 2.32634e-13 -9.44542e-13 1.54749e-14 -2.32064e-13 1.5366e-05 -4.66073e-10 1.52154e-11 -1.73751e-12 4.66072e-10 1.5326e-05 -0.15005 -1.37832e-09 9.68307e-07 -0.150049 0.997034 1.49227e-08 -6.05892e-08 9.92664e-10 -1.48861e-08 0.985678 -2.9897e-05 9.76016e-07 -1.11456e-07 2.9897e-05 0.983112
32 0.0581114 1.54402e-05 -2.47478e-06 -2.27355e-14 1.49626e-11 -2.47478e-06 1.53939e-05 2.30214e-13 -9.98534e-13 1.63584e-14 -2.2957e-13 1.51937e-05 -4.93363e-10 1.50894e-11 -1.83736e-12 4.93362e-10 1.51541e-05 -0.160282 -1.47249e-09 9.69067e-07 -0.160282 0.997007 1.49101e-08 -6.46712e-08 1.05947e-09 -1.48684e-08 0.984039 -3.19532e-05 9.77284e-07 -1.18999e-07 3.19531e-05 0.981475
33 0.0597256 1.52886e-05 -2.61254e-06 -2.40052e-14 1.4827e-11 -2.61254e-06 1.52424e-05 2.2774e-13 -1.05329e-12 1.72582e-14 -2.27014e-13 1.50168e-05 -5.21118e-10 1.49607e-11 -1.93866e-12 5.21116e-10 1.49777e-05 -0.170882 -1.57014e-09 9.69813e-07 -0.170882 0.996978 1.48961e-08 -6.88939e-08 1.12883e-09 -1.48486e-08 0.982225 -3.40855e-05 9.78555e-07 -1.26804e-07 3.40854e-05 0.979665
34 0.0613216 1.51346e-05 -2.75226e-06 -2.52921e-14 1.46888e-11 -2.75226e-06 1.50884e-05 2.25216e-13 -1.10873e-12 1.81665e-14 -2.244e-13 1.48353e-05 -5.49303e-10 1.48292e-11 -2.04126e-12 5.49302e-10 1.47966e-05 -0.181852 -1.67114e-09 9.70541e-07 -0.181852 0.99695 1.48809e-08 -7.32578e-08 1.20033e-09 -1.48269e-08 0.980224 -3.62945e-05 9.79824e-07 -1.34874e-07 3.62944e-05 0.977667
35 0.0628989 1.49785e-05 -2.89376e-06 -2.65944e-14 1.45478e-11 -2.89375e-06 1.49324e-05 2.22643e-13 -1.16478e-12 1.90864e-14 -2.21728e-13 1.46493e-05 -5.77884e-10 1.46952e-11 -2.14502e-12 5.77883e-10 1.46111e-05 -0.193194 -1.7755e-09 9.71246e-07 -0.193194 0.996919 1.48641e-08 -7.77631e-08 1.27425e-09 -1.4803e-08 0.978022 -3.85809e-05 9.81085e-07 -1.43206e-07 3.85808e-05 0.975468
36 0.064457 1.48205e-05 -3.03684e-06 -2.79137e-14 1.44044e-11 -3.03684e-06 1.47744e-05 2.20023e-13 -1.22135e-12 2.00136e-14 -2.19e-13 1.44589e-05 -6.06826e-10 1.45587e-11 -2.24979e-12 6.06825e-10 1.44211e-05 -0.204909 -1.88346e-09 9.71922e-07 -0.204909 0.996888 1.48459e-08 -8.24099e-08 1.3504e-09 -1.47769e-08 0.975603 -4.09451e-05 9.82334e-07 -1.51803e-07 4.0945e-05 0.973054
37 0.0659956 1.46607e-05 -3.18134e-06 -2.92433e-14 1.42585e-11 -3.18134e-06 1.46146e-05 2.17357e-13 -1.27839e-12 2.0949e-14 -2.1622e-13 1.42641e-05 -6.36093e-10 1.44197e-11 -2.35543e-12 6.36092e-10 1.42268e-05 -0.216998 -1.99468e-09 9.72565e-07 -0.216998 0.996856 1.48259e-08 -8.71982e-08 1.42893e-09 -1.47483e-08 0.972953 -4.33877e-05 9.83565e-07 -1.60663e-07 4.33876e-05 0.970409
38 0.067514 1.44993e-05 -3.32705e-06 -3.05839e-14 1.41103e-11 -3.32705e-06 1.44533e-05 2.14651e-13 -1.33579e-12 2.1889e-14 -2.13389e-13 1.40651e-05 -6.6565e-10 1.42785e-11 -2.46179e-12 6.65648e-10 1.40283e-05 -0.229463 -2.10933e-09 9.73167e-07 -0.229462 0.996823 1.48042e-08 -9.21278e-08 1.50966e-09 -1.47172e-08 0.970055 -4.59091e-05 9.84771e-07 -1.69787e-07 4.5909e-05 0.967516
39 0.0690118 1.43366e-05 -3.47379e-06 -3.19343e-14 1.39599e-11 -3.47379e-06 1.42906e-05 2.11902e-13 -1.39349e-12 2.28346e-14 -2.10506e-13 1.38619e-05 -6.9546e-10 1.41351e-11 -2.5687e-12 6.95458e-10 1.38256e-05 -0.242303 -2.22747e-09 9.73724e-07 -0.242302 0.996789 1.47805e-08 -9.71979e-08 1.59275e-09 -1.46831e-08 0.966892 -4.85095e-05 9.85946e-07 -1.79171e-07 4.85093e-05 0.96436
40 0.10628 1.41727e-05 -3.62137e-06 -3.32901e-14 1.38074e-11 -3.62137e-06 1.41267e-05 2.09116e-13 -1.4514e-12 2.37834e-14 -2.07578e-13 1.36546e-05 -7.25486e-10 1.39896e-11 -2.67603e-12 7.25484e-10 1.36189e-05 -0.255518 -2.34889e-09 9.74227e-07 -0.255518 0.996754 1.47549e-08 -1.02408e-07 1.67812e-09 -1.46463e-08 0.963448 -5.11891e-05 9.87084e-07 -1.88816e-07 5.11889e-05 0.960923
42 0.146749 1.38421e-05 -3.91828e-06 -3.60163e-14 1.34968e-11 -3.91827e-06 1.37962e-05 2.03441e-13 -1.56754e-12 2.56872e-14 -2.01582e-13 1.32281e-05 -7.86041e-10 1.36929e-11 -2.89132e-12 7.86039e-10 1.31934e-05 -0.283069 -2.60193e-09 9.75049e-07 -0.283069 0.996681 1.46973e-08 -1.13244e-07 1.85573e-09 -1.45629e-08 0.955641 -5.67861e-05 9.89216e-07 -2.08878e-07 5.6786e-05 0.953131
44 0.152348 1.35093e-05 -4.21623e-06 -3.87445e-14 1.31793e-11 -4.21623e-06 1.34634e-05 1.97642e-13 -1.68359e-12 2.75859e-14 -1.9542e-13 1.27862e-05 -8.47017e-10 1.33891e-11 -3.10642e-12 8.47015e-10 1.27526e-05 -0.312099 -2.868e-09 9.75571e-07 -0.312099 0.996604 1.46301e-08 -1.24624e-07 2.042e-09 -1.44657e-08 0.946477 -6.2699e-05 9.91104e-07 -2.29948e-07 6.26988e-05 0.943987
46 0.157761 1.31757e-05 -4.51371e-06 -4.14636e-14 1.28559e-11 -4.51371e-06 1.31298e-05 1.91738e-13 -1.79889e-12 2.9472e-14 -1.89107e-13 1.23296e-05 -9.08116e-10 1.30791e-11 -3.32014e-12 9.08114e-10 1.22971e-05 -0.34258 -3.14699e-09 9.75728e-07 -0.342579 0.996523 1.45524e-08 -1.36531e-07 2.23685e-09 -1.43528e-08 0.93579 -6.89238e-05 9.92675e-07 -2.5199e-07 6.89236e-05 0.933323
48 0.162982 1.28429e-05 -4.80918e-06 -4.41534e-14 1.25275e-11 -4.80918e-06 1.27971e-05 1.85749e-13 -1.91282e-12 3.13347e-14 -1.8266e-13 1.18591e-05 -9.69038e-10 1.27639e-11 -3.53126e-12 9.69036e-10 1.18278e-05 -0.374463 -3.43797e-09 9.75446e-07 -0.374462 0.996438 1.44632e-08 -1.48941e-07 2.43985e-09 -1.42227e-08 0.923403 -7.54534e-05 9.9385e-07 -2.74958e-07 7.54532e-05 0.920963
50 0.168004 1.25125e-05 -5.10114e-06 -4.68005e-14 1.21953e-11 -5.10113e-06 1.24668e-05 1.79695e-13 -2.02477e-12 3.3163e-14 -1.76095e-13 1.13755e-05 -1.02949e-09 1.24442e-11 -3.73859e-12 1.02948e-09 1.13453e-05 -0.407683 -3.7403e-09 9.74647e-07 -0.407683 0.996349 1.43612e-08 -1.6182e-07 2.65039e-09 -1.40736e-08 0.909128 -8.22766e-05 9.94542e-07 -2.98789e-07 8.22764e-05 0.906721
52 0.172821 1.2186e-05 -5.38809e-06 -4.93872e-14 1.186e-11 -5.38809e-06 1.21404e-05 1.73595e-13 -2.13411e-12 3.49471e-14 -1.69431e-13 1.08793e-05 -1.08916e-09 1.21209e-11 -3.94099e-12 1.08916e-09 1.08505e-05 -0.442153 -4.05277e-09 9.73244e-07 -0.442153 0.996257 1.42454e-08 -1.75127e-07 2.8678e-09 -1.39037e-08 0.892769 -8.93778e-05 9.94655e-07 -3.23402e-07 8.93775e-05 0.8904
54 0.177428 1.1865e-05 -5.66861e-06 -5.19002e-14 1.15227e-11 -5.6686e-06 1.18195e-05 1.67469e-13 -2.24025e-12 3.66791e-14 -1.62685e-13 1.03715e-05 -1.14777e-09 1.17948e-11 -4.13732e-12 1.14777e-09 1.03439e-05 -0.477758 -4.37422e-09 9.71147e-07 -0.477758 0.996161 1.41145e-08 -1.88811e-07 3.09137e-09 -1.37114e-08 0.874125 -9.6736e-05 9.94085e-07 -3.48699e-07 9.67357e-05 0.8718
56 0.181819 1.15509e-05 -5.94126e-06 -5.43236e-14 1.11843e-11 -5.94125e-06 1.15054e-05 1.61335e-13 -2.34259e-12 3.83475e-14 -1.55876e-13 9.8528e-06 -1.20504e-09 1.14668e-11 -4.3265e-12 1.20503e-09 9.82652e-06 -0.514355 -4.70298e-09 9.68259e-07 -0.514355 0.996063 1.39674e-08 -2.02806e-07 3.31988e-09 -1.34947e-08 0.85299 -0.000104324 9.92721e-07 -3.7456e-07 0.000104324 0.850715
58 0.185988 1.12451e-05 -6.20469e-06 -5.66429e-14 1.08457e-11 -6.20468e-06 1.11997e-05 1.55215e-13 -2.44058e-12 3.99453e-14 -1.49019e-13 9.32397e-06 -1.26067e-09 1.11376e-11 -4.50749e-12 1.26067e-09 9.29903e-06 -0.551769 -5.03713e-09 9.6448e-07 -0.551769 0.995962 1.38029e-08 -2.17035e-07 3.55224e-09 -1.32519e-08 0.82916 -0.000112108 9.90445e-07 -4.00841e-07 0.000112108 0.826942
60 0.286303 1.0949e-05 -6.45759e-06 -5.88437e-14 1.05078e-11 -6.45759e-06 1.09036e-05 1.49124e-13 -2.53366e-12 4.14629e-14 -1.42135e-13 8.78582e-06 -1.3144e-09 1.08081e-11 -4.67929e-12 1.3144e-09 8.76225e-06 -0.58979 -5.37436e-09 9.59706e-07 -0.589789 0.99586 1.36199e-08 -2.31406e-07 3.78692e-09 -1.29816e-08 0.802434 -0.000120048 9.87135e-07 -4.27373e-07 0.000120048 0.800281
64 0.394175 1.03909e-05 -6.92688e-06 -6.28413e-14 9.83779e-12 -6.92687e-06 1.03458e-05 1.37103e-13 -2.70305e-12 4.42286e-14 -1.28355e-13 7.68475e-06 -1.41512e-09 1.0151e-11 -4.99174e-12 1.41512e-09 7.66398e-06 -0.666626 -6.0477e-09 9.46766e-07 -0.666625 0.995651 1.31945e-08 -2.60135e-07 4.25645e-09 -1.23526e-08 0.739562 -0.000136188 9.76908e-07 -4.80393e-07 0.000136188 0.737563
68 0.406626 9.88646e-06 -7.33996e-06 -6.62178e-14 9.18102e-12 -7.33995e-06 9.84142e-06 1.25407e-13 -2.8469e-12 4.65911e-14 -1.14677e-13 6.55599e-06 -1.50524e-09 9.50124e-12 -5.25722e-12 1.50523e-09 6.53812e-06 -0.742425 -6.69783e-09 9.28646e-07 -0.742425 0.995444 1.26847e-08 -2.8796e-07 4.71262e-09 -1.15994e-08 0.663128 -0.000152252 9.61035e-07 -5.3176e-07 0.000152252 0.661321
72 0.417095 9.4439e-06 -7.68892e-06 -6.8895e-14 8.54374e-12 -7.68892e-06 9.399e-06 1.14155e-13 -2.96188e-12 4.85031e-14 -1.01238e-13 5.40596e-06 -1.58299e-09 8.86417e-12 -5.47034e-12 1.58299e-09 5.39107e-06 -0.814168 -7.29519e-09 9.04683e-07 -0.814168 0.995246 1.20877e-08 -3.13629e-07 5.13592e-09 -1.072e-08 0.572429 -0.00016762 9.38613e-07 -5.79246e-07 0.00016762 0.570852
76 0.425533 9.0703e-06 -7.96723e-06 -7.08112e-14 7.93156e-12 -7.96723e-06 9.02554e-06 1.0345e-13 -3.04524e-12 4.99351e-14 -8.81745e-14 4.24105e-06 -1.64688e-09 8.24463e-12 -5.62699e-12 1.64687e-09 4.2292e-06 -0.878387 -7.80693e-09 8.74454e-07 -0.878387 0.995066 1.14054e-08 -3.35738e-07 5.50535e-09 -9.72123e-09 0.467576 -0.000181568 9.0897e-07 -6.20376e-07 0.000181568 0.466269
80 0.431897 8.77118e-06 -8.16984e-06 -7.19277e-14 7.34935e-12 -8.16983e-06 8.72657e-06 9.33774e-14 -3.09496e-12 5.08601e-14 -7.56057e-14 3.06755e-06 -1.69566e-09 7.6469e-12 -5.72448e-12 1.69566e-09 3.05878e-06 -0.931441 -8.20045e-09 8.37898e-07 -0.93144 0.994914 1.06459e-08 -3.52856e-07 5.79855e-09 -8.61978e-09 0.349731 -0.000193322 8.71821e-07 -6.52646e-07 0.000193321 0.348731
84 0.436158 8.55054e-06 -8.29325e-06 -7.22257e-14 6.80114e-12 -8.29324e-06 8.50606e-06 8.39944e-14 -3.10978e-12 5.12678e-14 -6.36454e-14 1.89164e-06 -1.7284e-09 7.07473e-12 -5.76153e-12 1.7284e-09 1.88597e-06 -0.96991 -8.44692e-09 7.95405e-07 -0.969909 0.994799 9.8233e-09 -3.63694e-07 5.99586e-09 -7.44344e-09 0.22123 -0.00020214 8.27402e-07 -6.73821e-07 0.000202139 0.220568
88 0.328636 8.41072e-06 -8.3356e-06 -7.17086e-14 6.28999e-12 -8.33559e-06 8.36638e-06 7.53478e-14 -3.08931e-12 5.11598e-14 -5.23938e-14 7.19305e-07 -1.74447e-09 6.53127e-12 -5.73831e-12 1.74447e-09 7.16765e-07 -0.991069 -8.52586e-09 7.47854e-07 -0.991068 0.994729 8.95855e-09 -3.67306e-07 6.08269e-09 -6.22941e-09 0.0855224 -0.000207411 7.76542e-07 -6.82262e-07 0.00020741 0.0852205
90 0.219313 8.37142e-06 -8.32623e-06 -7.11507e-14 6.049e-12 -8.32622e-06 8.32715e-06 7.13073e-14 -3.06597e-12 5.09141e-14 -4.70611e-14 1.36306e-07 -1.74615e-09 6.27114e-12 -5.70453e-12 1.74614e-09 1.35329e-07 -0.994602 -8.49925e-09 7.22578e-07 -0.994601 0.994712 8.51795e-09 -3.66243e-07 6.0819e-09 -5.62164e-09 0.0162823 -0.000208585 7.49113e-07 -6.81429e-07 0.000208584 0.0161656
92 0.328636 8.35248e-06 -8.29661e-06 -7.04019e-14 5.81797e-12 -8.29661e-06 8.30827e-06 6.74548e-14 -3.03408e-12 5.05458e-14 -4.19358e-14 -4.43635e-07 -1.74357e-09 6.0191e-12 -5.65636e-12 1.74357e-09 -4.43052e-07 -0.993312 -8.42887e-09 6.96557e-07 -0.993311 0.994708 8.07602e-09 -3.63255e-07 6.0516e-09 -5.02076e-09 -0.0531142 -0.000208749 7.20637e-07 -6.77207e-07 0.000208749 -0.0530444
96 0.436158 8.37495e-06 -8.17762e-06 -6.83509e-14 5.38612e-12 -8.17761e-06 8.33088e-06 6.03194e-14 -2.94553e-12 4.94466e-14 -3.23371e-14 -1.5916e-06 -1.72573e-09 5.54021e-12 -5.5185e-12 1.72573e-09 -1.58791e-06 -0.976437 -8.16135e-09 6.43123e-07 -0.976437 0.994737 7.20236e-09 -3.51707e-07 5.9041e-09 -3.86117e-09 -0.190043 -0.000206059 6.61522e-07 -6.58929e-07 0.000206058 -0.189602
100 0.431897 8.47576e-06 -7.98147e-06 -6.56219e-14 4.99445e-12 -7.98147e-06 8.4318e-06 5.39193e-14 -2.82604e-12 4.78936e-14 -2.36526e-14 -2.71926e-06 -1.69131e-09 5.09604e-12 -5.32874e-12 1.69131e-09 -2.71249e-06 -0.941683 -7.7423e-09 5.89263e-07 -0.941682 0.994814 6.36158e-09 -3.33426e-07 5.65066e-09 -2.79062e-09 -0.320827 -0.000199547 6.01249e-07 -6.28703e-07 0.000199547 -0.320029
104 0.425533 8.65103e-06 -7.71249e-06 -6.2294e-14 4.642e-12 -7.71248e-06 8.60719e-06 4.82255e-14 -2.67882e-12 4.59238e-14 -1.59122e-14 -3.82154e-06 -1.641e-09 4.68744e-12 -5.09207e-12 1.64099e-09 -3.81174e-06 -0.89151 -7.20075e-09 5.36583e-07 -0.89151 0.994932 5.57453e-09 -3.09653e-07 5.30848e-09 -1.83934e-09 -0.441743 -0.000189688 5.41836e-07 -5.88608e-07 0.000189688 -0.440611
108 0.417095 8.89557e-06 -7.37629e-06 -5.84582e-14 4.32692e-12 -7.37629e-06 8.85183e-06 4.3189e-14 -2.50785e-12 4.35848e-14 -9.13504e-15 -4.89366e-06 -1.57578e-09 4.31477e-12 -4.81435e-12 1.57577e-09 -4.8809e-06 -0.82921 -6.57161e-09 4.86414e-07 -0.829209 0.995084 4.85512e-09 -2.81921e-07 4.89961e-09 -1.02692e-09 -0.550123 -0.000177142 4.85048e-07 -5.41208e-07 0.000177141 -0.548688
112 0.406626 9.20293e-06 -6.97975e-06 -5.42162e-14 4.04666e-12 -6.97975e-06 9.1593e-06 3.87537e-14 -2.31769e-12 4.0926e-14 -3.31168e-15 -5.93112e-06 -1.49692e-09 3.97786e-12 -4.50207e-12 1.49692e-09 -5.91547e-06 -0.758427 -5.89118e-09 4.39714e-07 -0.758426 0.995259 4.21102e-09 -2.51843e-07 4.44706e-09 -3.59851e-10 -0.644482 -0.000162657 4.32239e-07 -4.892e-07 0.000162657 -0.642781
116 0.394175 9.56562e-06 -6.53076e-06 -4.96745e-14 3.79808e-12 -6.53076e-06 9.52209e-06 3.48607e-14 -2.11337e-12 3.80029e-14 1.57615e-15 -6.92974e-06 -1.40598e-09 3.67608e-12 -4.16216e-12 1.40598e-09 -6.91129e-06 -0.682733 -5.19302e-09 3.97055e-07 -0.682732 0.995449 3.64437e-09 -2.20933e-07 3.97286e-09 1.64773e-10 -0.724443 -0.000146983 3.84302e-07 -4.35116e-07 0.000146982 -0.722513
120 0.379804 9.97523e-06 -6.03812e-06 -4.4937e-14 3.5777e-12 -6.03811e-06 9.93178e-06 3.14442e-14 -1.9001e-12 3.48736e-14 5.56622e-15 -7.88563e-06 -1.30472e-09 3.40837e-12 -3.8018e-12 1.30472e-09 -7.86447e-06 -0.605311 -4.50486e-09 3.58658e-07 -0.605311 0.995645 3.15223e-09 -1.90481e-07 3.49602e-09 5.58004e-10 -0.790521 -0.000130796 3.41683e-07 -3.81124e-07 0.000130796 -0.7884
124 0.363583 1.04226e-05 -5.51133e-06 -4.01081e-14 3.38191e-12 -5.51133e-06 1.03792e-05 2.84422e-14 -1.68312e-12 3.15991e-14 8.7121e-15 -8.79518e-06 -1.19512e-09 3.17328e-12 -3.42824e-12 1.19511e-09 -8.77143e-06 -0.528786 -3.84818e-09 3.24478e-07 -0.528786 0.995839 2.7289e-09 -1.61488e-07 3.03179e-09 8.35885e-10 -0.843857 -0.000114666 3.04461e-07 -3.28923e-07 0.000114666 -0.841578
128 0.34559 1.08981e-05 -4.96043e-06 -3.52876e-14 3.20716e-12 -4.96042e-06 1.08548e-05 2.57945e-14 -1.46749e-12 2.82392e-14 1.10815e-14 -9.65512e-06 -1.07929e-09 2.96904e-12 -3.04862e-12 1.07929e-09 -9.6289e-06 -0.455166 -3.23798e-09 2.94287e-07 -0.455166 0.996028 2.36689e-09 -1.34656e-07 2.59121e-09 1.01684e-09 -0.885949 -9.90355e-05 2.72438e-07 -2.79739e-07 9.90352e-05 -0.883543
132 0.325914 1.13915e-05 -4.39578e-06 -3.05647e-14 3.0502e-12 -4.39577e-06 1.13483e-05 2.34509e-14 -1.25783e-12 2.48553e-14 1.27497e-14 -1.04624e-05 -9.59502e-10 2.79361e-12 -2.66981e-12 9.59499e-10 -1.04339e-05 -0.385881 -2.6831e-09 2.6776e-07 -0.38588 0.996206 2.05862e-09 -1.10418e-07 2.18191e-09 1.11922e-09 -0.918439 -8.42293e-05 2.45236e-07 -2.34368e-07 8.4229e-05 -0.915932
136 0.304649 1.18929e-05 -3.8279e-06 -2.60201e-14 2.9082e-12 -3.82789e-06 1.18497e-05 2.13639e-14 -1.0582e-12 2.15049e-14 1.38037e-14 -1.12144e-05 -8.38059e-10 2.64473e-12 -2.29833e-12 8.38057e-10 -1.11837e-05 -0.321865 -2.18788e-09 2.44534e-07 -0.321865 0.996371 1.79636e-09 -8.89779e-08 1.80822e-09 1.16067e-09 -0.942954 -7.04675e-05 2.2238e-07 -1.93253e-07 7.04673e-05 -0.94037
140 0.281901 1.23918e-05 -3.26726e-06 -2.17215e-14 2.77893e-12 -3.26726e-06 1.23487e-05 1.94972e-14 -8.71986e-13 1.82426e-14 1.43345e-14 -1.19086e-05 -7.17318e-10 2.51998e-12 -1.94017e-12 7.17316e-10 -1.18759e-05 -0.263664 -1.75289e-09 2.24256e-07 -0.263664 0.996522 1.5734e-09 -7.03681e-08 1.47215e-09 1.15678e-09 -0.96101 -5.78867e-05 2.03359e-07 -1.56569e-07 5.78865e-05 -0.958366
144 0.257779 1.28783e-05 -2.72412e-06 -1.77269e-14 2.66077e-12 -2.72412e-06 1.28353e-05 1.78226e-14 -7.01794e-13 1.51245e-14 1.44398e-14 -1.25429e-05 -5.99613e-10 2.41688e-12 -1.60081e-12 5.99611e-10 -1.25082e-05 -0.211528 -1.37649e-09 2.06609e-07 -0.211528 0.996657 1.38392e-09 -5.44943e-08 1.17441e-09 1.12125e-09 -0.973952 -4.65599e-05 1.8767e-07 -1.24303e-07 4.65598e-05 -0.971264
148 0.232401 1.33428e-05 -2.20833e-06 -1.40816e-14 2.55282e-12 -2.20833e-06 1.32998e-05 1.63237e-14 -5.4945e-13 1.21963e-14 1.42151e-14 -1.31152e-05 -4.87218e-10 2.33291e-12 -1.2851e-12 4.87216e-10 -1.30789e-05 -0.165507 -1.05537e-09 1.91325e-07 -0.165507 0.996777 1.22341e-09 -4.11794e-08 9.14074e-10 1.06537e-09 -0.982941 -3.65153e-05 1.74844e-07 -9.63141e-08 3.65152e-05 -0.98022
152 0.205891 1.37763e-05 -1.72918e-06 -1.08199e-14 2.45477e-12 -1.72918e-06 1.37333e-05 1.49883e-14 -4.16035e-13 9.50555e-15 1.37555e-14 -1.3624e-05 -3.82301e-10 2.26562e-12 -9.97313e-13 3.823e-10 -1.35862e-05 -0.125518 -7.85398e-10 1.78188e-07 -0.125518 0.996881 1.08797e-09 -3.01994e-08 6.89994e-10 9.98488e-10 -0.988947 -2.77507e-05 1.64458e-07 -7.23934e-08 2.77506e-05 -0.986203
156 0.178378 1.41702e-05 -1.29524e-06 -7.96705e-15 2.36689e-12 -1.29524e-06 1.41273e-05 1.38143e-14 -3.01969e-13 7.09006e-15 1.31497e-14 -1.40678e-05 -2.86887e-10 2.21268e-12 -7.41083e-13 2.86886e-10 -1.40287e-05 -0.0914056 -5.62238e-10 1.67032e-07 -0.0914056 0.99697 9.74881e-10 -2.13101e-08 5.00349e-10 9.27984e-10 -0.992771 -2.02457e-05 1.56149e-07 -5.22985e-08 2.02457e-05 -0.990009
160 0.0971232 1.45171e-05 -9.14239e-07 -5.53851e-15 2.28989e-12 -9.14238e-07 1.44742e-05 1.28037e-14 -2.07136e-13 4.98719e-15 1.24832e-14 -1.44453e-05 -2.02815e-10 2.1719e-12 -5.19458e-13 2.02814e-10 -1.44051e-05 -0.0629765 -3.81515e-10 1.57737e-07 -0.0629765 0.997044 8.81974e-10 -1.42684e-08 3.43538e-10 8.59894e-10 -0.995053 -1.39707e-05 1.4961e-07 -3.57824e-08 1.39707e-05 -0.99228
161 0.0357021 1.45957e-05 -8.28074e-07 -4.99965e-15 2.27244e-12 -8.28074e-07 1.45528e-05 1.25765e-14 -1.86381e-13 4.51301e-15 1.23159e-14 -1.45292e-05 -1.83764e-10 2.16338e-12 -4.69763e-13 1.83764e-10 -1.44887e-05 -0.0567341 -3.42542e-10 1.55693e-07 -0.056734 0.99706 8.61656e-10 -1.27696e-08 3.09201e-10 8.43803e-10 -0.995445 -1.25903e-05 1.4822e-07 -3.2185e-08 1.25902e-05 -0.992669
162 0.0338871 1.46708e-05 -7.4574e-07 -4.48725e-15 2.25576e-12 -7.4574e-07 1.46279e-05 1.23609e-14 -1.66788e-13 4.06137e-15 1.21502e-14 -1.46089e-05 -1.65548e-10 2.15547e-12 -4.22423e-13 1.65547e-10 -1.45682e-05 -0.0508315 -3.05862e-10 1.53758e-07 -0.0508314 0.997076 8.42546e-10 -1.13687e-08 2.76833e-10 8.2819e-10 -0.995779 -1.12841e-05 1.46922e-07 -2.87933e-08 1.12841e-05 -0.993002
163 0.0320617 1.47424e-05 -6.67328e-07 -4.0031e-15 2.23985e-12 -6.67328e-07 1.46995e-05 1.21552e-14 -1.48345e-13 3.6333e-15 1.19879e-14 -1.46844e-05 -1.48188e-10 2.14814e-12 -3.77469e-13 1.48187e-10 -1.46434e-05 -0.0452659 -2.71536e-10 1.51932e-07 -0.0452658 0.99709 8.24507e-10 -1.00624e-08 2.46452e-10 8.13156e-10 -0.996062 -1.00518e-05 1.45711e-07 -2.56043e-08 1.00517e-05 -0.993283
164 0.0302266 1.48104e-05 -5.92925e-07 -3.54653e-15 2.22474e-12 -5.92924e-07 1.47675e-05 1.19612e-14 -1.31041e-13 3.22398e-15 1.18304e-14 -1.47556e-05 -1.31704e-10 2.14137e-12 -3.34932e-13 1.31704e-10 -1.47144e-05 -0.0400344 -2.39462e-10 1.50215e-07 -0.0400344 0.997104 8.07624e-10 -8.84795e-09 2.17684e-10 7.98792e-10 -0.9963 -8.89271e-06 1.44586e-07 -2.26147e-08 8.89269e-06 -0.993519
165 0.0283823 1.48746e-05 -5.22612e-07 -3.11778e-15 2.21043e-12 -5.22611e-07 1.48317e-05 1.1776e-14 -1.14864e-13 2.84074e-15 1.16764e-14 -1.48225e-05 -1.16118e-10 2.13513e-12 -2.94838e-13 1.16118e-10 -1.47811e-05 -0.0351344 -2.09604e-10 1.48604e-07 -0.0351344 0.997117 7.91686e-10 -7.72216e-09 1.90979e-10 7.84986e-10 -0.996498 -7.80648e-06 1.43542e-07 -1.98215e-08 7.80645e-06 -0.993715
166 0.0265294 1.49351e-05 -4.56466e-07 -2.71543e-15 2.19695e-12 -4.56466e-07 1.48922e-05 1.16046e-14 -9.98028e-14 2.47944e-15 1.15279e-14 -1.48852e-05 -1.01448e-10 2.12941e-12 -2.57212e-13 1.01448e-10 -1.48436e-05 -0.0305634 -1.81815e-10 1.471e-07 -0.0305633 0.997129 7.77006e-10 -6.68244e-09 1.66014e-10 7.71865e-10 -0.99666 -6.79261e-06 1.42578e-07 -1.7222e-08 6.79259e-06 -0.993876
167 0.0246683 1.49917e-05 -3.94562e-07 -2.34086e-15 2.18432e-12 -3.94561e-07 1.49488e-05 1.14434e-14 -8.58433e-14 2.14202e-15 1.13861e-14 -1.49436e-05 -8.77115e-11 2.12418e-12 -2.22082e-13 8.77112e-11 -1.49019e-05 -0.0263187 -1.56143e-10 1.45702e-07 -0.0263187 0.99714 7.63314e-10 -5.72606e-09 1.4288e-10 7.59497e-10 -0.996792 -5.85067e-06 1.4169e-07 -1.48136e-08 5.85065e-06 -0.994007
168 0.0172754 1.50444e-05 -3.36966e-07 -1.9949e-15 2.17254e-12 -3.36965e-07 1.50015e-05 1.12936e-14 -7.29756e-14 1.82807e-15 1.12531e-14 -1.49977e-05 -7.49248e-11 2.11942e-12 -1.89466e-13 7.49245e-11 -1.49558e-05 -0.0223981 -1.32601e-10 1.44409e-07 -0.0223981 0.99715 7.50688e-10 -4.85069e-09 1.21512e-10 7.47992e-10 -0.996899 -4.98025e-06 1.40878e-07 -1.25938e-08 4.98023e-06 -0.994112
168.5 0.0109315 1.50692e-05 -3.09804e-07 -1.83234e-15 2.16698e-12 -3.09803e-07 1.50264e-05 1.12219e-14 -6.69477e-14 1.6803e-15 1.11871e-14 -1.50232e-05 -6.88925e-11 2.11721e-12 -1.74109e-13 6.88923e-11 -1.49812e-05 -0.0205587 -1.21595e-10 1.43802e-07 -0.0205587 0.997155 7.44689e-10 -4.44268e-09 1.11506e-10 7.42381e-10 -0.996943 -4.57173e-06 1.40499e-07 -1.1554e-08 4.57172e-06 -0.994156
169 0.0104622 1.50931e-05 -2.83742e-07 -1.67617e-15 2.16165e-12 -2.83742e-07 1.50502e-05 1.11553e-14 -6.11874e-14 1.53876e-15 1.1126e-14 -1.50475e-05 -6.31035e-11 2.11511e-12 -1.59388e-13 6.31033e-11 -1.50055e-05 -0.0187995 -1.11056e-10 1.43221e-07 -0.0187994 0.99716 7.39099e-10 -4.054e-09 1.01951e-10 7.37161e-10 -0.996982 -4.18096e-06 1.40137e-07 -1.05603e-08 4.18094e-06 -0.994195
169.5 0.00999215 1.51159e-05 -2.58788e-07 -1.52798e-15 2.15653e-12 -2.58788e-07 1.50731e-05 1.10902e-14 -5.56948e-14 1.40315e-15 1.10661e-14 -1.50708e-05 -5.75594e-11 2.11312e-12 -1.45304e-13 5.75592e-11 -1.50287e-05 -0.0171202 -1.01084e-10 1.42666e-07 -0.0171202 0.997164 7.33679e-10 -3.68451e-09 9.28259e-11 7.32082e-10 -0.997017 -3.80787e-06 1.39794e-07 -9.61266e-09 3.80785e-06 -0.99423
170 0.0095213 1.51377e-05 -2.34949e-07 -1.38585e-15 2.15164e-12 -2.34948e-07 1.50949e-05 1.1027e-14 -5.04657e-14 1.27355e-15 1.10081e-14 -1.50931e-05 -5.2262e-11 2.11123e-12 -1.31864e-13 5.22618e-11 -1.50509e-05 -0.0155207 -9.15496e-11 1.42138e-07 -0.0155207 0.997168 7.28446e-10 -3.33376e-09 8.41306e-11 7.27195e-10 -0.997047 -3.45243e-06 1.39468e-07 -8.71093e-09 3.45242e-06 -0.99426
170.5 0.00904972 1.51585e-05 -2.1223e-07 -1.25029e-15 2.14698e-12 -2.1223e-07 1.51157e-05 1.09684e-14 -4.55021e-14 1.15052e-15 1.09529e-14 -1.51142e-05 -4.72127e-11 2.10945e-12 -1.19064e-13 4.72125e-11 -1.50719e-05 -0.0140007 -8.2481e-11 1.41635e-07 -0.0140007 0.997172 7.23576e-10 -3.00174e-09 7.58993e-11 7.22558e-10 -0.997074 -3.11459e-06 1.39159e-07 -7.85455e-09 3.11458e-06 -0.994286
171 0.00857745 1.51783e-05 -1.90639e-07 -1.12235e-15 2.14254e-12 -1.90639e-07 1.51355e-05 1.0913e-14 -4.08022e-14 1.03257e-15 1.08998e-14 -1.51342e-05 -4.24131e-11 2.10777e-12 -1.06909e-13 4.2413e-11 -1.50919e-05 -0.01256 -7.3944e-11 1.41158e-07 -0.01256 0.997176 7.18985e-10 -2.68819e-09 6.8029e-11 7.18113e-10 -0.997097 -2.79432e-06 1.38867e-07 -7.04352e-09 2.79432e-06 -0.994308
171.5 0.00810453 1.51971e-05 -1.70182e-07 -1.00082e-15 2.13834e-12 -1.70182e-07 1.51542e-05 1.08594e-14 -3.63626e-14 9.22097e-16 1.08498e-14 -1.51532e-05 -3.78648e-11 2.1062e-12 -9.54015e-14 3.78646e-11 -1.51108e-05 -0.0111983 -6.58563e-11 1.40708e-07 -0.0111983 0.997179 7.14574e-10 -2.39274e-09 6.06761e-11 7.13939e-10 -0.997117 -2.49159e-06 1.38592e-07 -6.27763e-09 2.49158e-06 -0.994328
172 0.00763099 1.52147e-05 -1.50863e-07 -8.86435e-16 2.13437e-12 -1.50863e-07 1.51719e-05 1.08089e-14 -3.21839e-14 8.1786e-16 1.08018e-14 -1.51711e-05 -3.35689e-11 2.10472e-12 -8.45421e-14 3.35688e-11 -1.51287e-05 -0.00991558 -5.82616e-11 1.40283e-07 -0.00991557 0.997183 7.10423e-10 -2.11531e-09 5.37544e-11 7.09955e-10 -0.997134 -2.20634e-06 1.38334e-07 -5.55659e-09 2.20634e-06 -0.994344
172.5 0.00715688 1.52314e-05 -1.32688e-07 -7.78513e-16 2.13063e-12 -1.32688e-07 1.51885e-05 1.07632e-14 -2.82645e-14 7.19722e-16 1.0756e-14 -1.51879e-05 -2.95269e-11 2.10334e-12 -7.43319e-14 2.95268e-11 -1.51455e-05 -0.00871151 -5.11124e-11 1.39884e-07 -0.0087115 0.997186 7.06645e-10 -1.85567e-09 4.72526e-11 7.06173e-10 -0.997148 -1.93856e-06 1.38092e-07 -4.88018e-09 1.93855e-06 -0.994359
173 0.00668221 1.5247e-05 -1.15663e-07 -6.7883e-16 2.12712e-12 -1.15663e-07 1.52041e-05 1.07184e-14 -2.46052e-14 6.25098e-16 1.07143e-14 -1.52037e-05 -2.574e-11 2.10206e-12 -6.47758e-14 2.57399e-11 -1.51612e-05 -0.00758596 -4.45222e-11 1.39511e-07 -0.00758595 0.997189 7.02982e-10 -1.61377e-09 4.09981e-11 7.02715e-10 -0.99716 -1.6882e-06 1.37867e-07 -4.24844e-09 1.6882e-06 -0.99437
173.5 0.00620704 1.52615e-05 -9.97913e-08 -5.859e-16 2.12385e-12 -9.97912e-08 1.52187e-05 1.06778e-14 -2.11998e-14 5.40031e-16 1.06738e-14 -1.52183e-05 -2.22092e-11 2.10087e-12 -5.58716e-14 2.22091e-11 -1.51758e-05 -0.00653875 -3.83907e-11 1.39164e-07 -0.00653874 0.997192 6.99653e-10 -1.3891e-09 3.53851e-11 6.99391e-10 -0.99717 -1.45524e-06 1.37658e-07 -3.66095e-09 1.45524e-06 -0.99438
174 0.0057314 1.5275e-05 -8.50778e-08 -4.98167e-16 2.12082e-12 -8.50778e-08 1.52321e-05 1.06393e-14 -1.80531e-14 4.61089e-16 1.06375e-14 -1.52319e-05 -1.89357e-11 2.09977e-12 -4.76207e-14 1.89357e-11 -1.51893e-05 -0.00556974 -3.26132e-11 1.38842e-07 -0.00556974 0.997194 6.96519e-10 -1.18187e-09 3.01858e-11 6.96401e-10 -0.997179 -1.23965e-06 1.37464e-07 -3.11756e-09 1.23965e-06 -0.994389
174.5 0.00525531 1.52874e-05 -7.15266e-08 -4.20101e-16 2.11802e-12 -7.15265e-08 1.52446e-05 1.06038e-14 -1.51604e-14 3.86788e-16 1.06023e-14 -1.52444e-05 -1.59204e-11 2.09877e-12 -4.00251e-14 1.59204e-11 -1.52017e-05 -0.00467879 -2.74802e-11 1.38547e-07 -0.00467878 0.997197 6.93632e-10 -9.91691e-10 2.5301e-11 6.93532e-10 -0.997186 -1.04141e-06 1.37287e-07 -2.61817e-09 1.04141e-06 -0.994395
175 0.00477883 1.52988e-05 -5.91412e-08 -3.46758e-16 2.11547e-12 -5.91412e-08 1.52559e-05 1.05724e-14 -1.25222e-14 3.20333e-16 1.05706e-14 -1.52558e-05 -1.31643e-11 2.09785e-12 -3.30883e-14 1.31643e-11 -1.52131e-05 -0.00386575 -2.26657e-11 1.38277e-07 -0.00386575 0.997199 6.91062e-10 -8.18508e-10 2.09385e-11 6.90941e-10 -0.997191 -8.60483e-07 1.37126e-07 -2.1628e-09 8.6048e-07 -0.994401
175.5 0.00430199 1.53091e-05 -4.79252e-08 -2.80762e-16 2.11315e-12 -4.79251e-08 1.52662e-05 1.05426e-14 -1.01381e-14 2.58531e-16 1.05423e-14 -1.52661e-05 -1.06682e-11 2.09703e-12 -2.68078e-14 1.06682e-11 -1.52234e-05 -0.00313051 -1.83396e-11 1.38033e-07 -0.00313051 0.997201 6.88654e-10 -6.62228e-10 1.68875e-11 6.88629e-10 -0.997196 -6.96856e-07 1.3698e-07 -1.75111e-09 6.96853e-07 -0.994405
176 0.00382481 1.53183e-05 -3.78815e-08 -2.21561e-16 2.11107e-12 -3.78815e-08 1.52754e-05 1.05166e-14 -8.00799e-15 2.04866e-16 1.05167e-14 -1.52754e-05 -8.43279e-12 2.0963e-12 -2.11852e-14 8.43276e-12 -1.52326e-05 -0.00247296 -1.44639e-11 1.37814e-07 -0.00247296 0.997202 6.86541e-10 -5.22774e-10 1.33739e-11 6.8655e-10 -0.997199 -5.50506e-07 1.3685e-07 -1.383e-09 5.50504e-07 -0.994409
176.5 0.00334735 1.53264e-05 -2.90129e-08 -1.70416e-16 2.10924e-12 -2.90129e-08 1.52835e-05 1.0493e-14 -6.12769e-15 1.56761e-16 1.04942e-14 -1.52835e-05 -6.45879e-12 2.09565e-12 -1.62225e-14 6.45877e-12 -1.52407e-05 -0.00189301 -1.11191e-11 1.37622e-07 -0.001893 0.997204 6.84635e-10 -3.99813e-10 1.02281e-11 6.84716e-10 -0.997202 -4.21416e-07 1.36735e-07 -1.05847e-09 4.21415e-07 -0.994411
177 0.00286963 1.53334e-05 -2.1322e-08 -1.25081e-16 2.10765e-12 -2.13219e-08 1.52906e-05 1.04742e-14 -4.50069e-15 1.14616e-16 1.04724e-14 -1.52906e-05 -4.74678e-12 2.09509e-12 -1.19214e-14 4.74676e-12 -1.52478e-05 -0.00139055 -8.15739e-12 1.37455e-07 -0.00139055 0.997205 6.83098e-10 -2.93521e-10 7.47491e-12 6.82978e-10 -0.997204 -3.09571e-07 1.36636e-07 -7.7748e-10 3.09569e-07 -0.994413
177.5 0.00239169 1.53394e-05 -1.48106e-08 -8.65033e-17 2.10631e-12 -1.48106e-08 1.52965e-05 1.04572e-14 -3.12426e-15 8.0548e-17 1.04573e-14 -1.52965e-05 -3.29728e-12 2.09462e-12 -8.27952e-15 3.29727e-12 -1.52537e-05 -0.000965529 -5.63929e-12 1.37314e-07 -0.000965528 0.997206 6.8172e-10 -2.03676e-10 5.25105e-12 6.81729e-10 -0.997206 -2.14955e-07 1.36552e-07 -5.39755e-10 2.14955e-07 -0.994415
178 0.00191357 1.53443e-05 -9.48075e-09 -5.53751e-17 2.10521e-12 -9.48074e-09 1.53014e-05 1.04429e-14 -1.99888e-15 5.13752e-17 1.04429e-14 -1.53014e-05 -2.11074e-12 2.09424e-12 -5.29915e-15 2.11073e-12 -1.52586e-05 -0.000617868 -3.60884e-12 1.37198e-07 -0.000617868 0.997207 6.80575e-10 -1.30268e-10 3.34816e-12 6.80569e-10 -0.997207 -1.37559e-07 1.36483e-07 -3.4535e-10 1.37558e-07 -0.994416
178.5 0.00143531 1.53481e-05 -5.33377e-09 -3.07614e-17 2.10435e-12 -5.33377e-09 1.53052e-05 1.04319e-14 -1.12481e-15 2.93505e-17 1.04322e-14 -1.53052e-05 -1.1875e-12 2.09394e-12 -2.98105e-15 1.1875e-12 -1.52624e-05 -0.00034752 -2.00425e-12 1.37108e-07 -0.00034752 0.997208 6.79686e-10 -7.32868e-11 1.91233e-12 6.79705e-10 -0.997208 -7.73711e-08 1.3643e-07 -1.94229e-10 7.73709e-08 -0.994417
179 0.000956932 1.53508e-05 -2.37084e-09 -1.43452e-17 2.10374e-12 -2.37083e-09 1.53079e-05 1.04245e-14 -4.995e-16 1.36618e-17 1.04248e-14 -1.53079e-05 -5.27843e-13 2.09373e-12 -1.32516e-15 5.27842e-13 -1.52651e-05 -0.000154444 -9.34491e-13 1.37044e-07 -0.000154444 0.997208 6.79084e-10 -3.2539e-11 8.89974e-13 6.79103e-10 -0.997208 -3.43854e-08 1.36392e-07 -8.63249e-11 3.43853e-08 -0.994417
179.5 0.000478484 1.53524e-05 -5.9275e-10 -4.18919e-18 2.10337e-12 -5.92749e-10 1.53096e-05 1.04207e-14 -1.24873e-16 2.92429e-18 1.04196e-14 -1.53096e-05 -1.31971e-13 2.0936e-12 -3.31069e-16 1.3197e-13 -1.52667e-05 -3.86095e-05 -2.72868e-13 1.37006e-07 -3.86095e-05 0.997209 6.78768e-10 -8.13374e-12 1.90477e-13 6.78695e-10 -0.997209 -8.5961e-09 1.36369e-07 -2.15646e-11 8.59606e-09 -0.994417
180 5.98114e-05 1.5353e-05 0 0 2.10325e-12 0 1.53101e-05 1.04181e-14 0 0 1.04181e-14 -1.53101e-05 0 2.09356e-12 0 0 -1.52673e-05 0 0 1.36993e-07 0 0.997209 6.78572e-10 0 0 6.78572e-10 -0.997209 0 1.36362e-07 0 0 -0.994418
