theta 2pi*dcos S11 S12 S13 S14 S21 S22 S23 S24 S31 S32 S33 S34 S41 S42 S43 S44 S12_norm S13_norm S14_norm S21_norm S22_norm S23_norm S24_norm S31_norm S32_norm S33_norm S34_norm S41_norm S42_norm S43_norm S44_norm
0 2.39246e-06 2824.91 2.76474e-14 -4.1441e-15 -0.0936116 2.7665e-14 2824.25 0.748646 -7.1861e-16 -4.11613e-15 -0.748646 2824.25 8.10242e-18 -0.0936056 6.47664e-16 7.73982e-17 2823.87 9.787e-18 -1.46698e-18 -3.31379e-05 9.79321e-18 0.999764 0.000265016 -2.54383e-19 -1.45708e-18 -0.000265016 0.999764 2.8682e-21 -3.31358e-05 2.29269e-19 2.73984e-20 0.999632
0.1 1.91397e-05 2823.48 5.13502e-05 -3.53804e-05 -0.093727 4.03244e-05 2822.82 0.748456 -9.29391e-05 -3.57499e-05 -0.748456 2822.82 0.0402738 -0.0937178 0.000108806 -0.0402831 2822.44 1.81868e-08 -1.25308e-08 -3.31955e-05 1.42818e-08 0.999764 0.000265082 -3.29165e-08 -1.26616e-08 -0.000265082 0.999764 1.42639e-05 -3.31923e-05 3.8536e-08 -1.42671e-05 0.999632
0.2 3.82793e-05 2819.2 0.000206926 -0.000141723 -0.0940726 0.00016285 2818.53 0.747884 -0.000371415 -0.000143212 -0.747884 2818.53 0.160891 -0.0940535 0.000434855 -0.160928 2818.16 7.33988e-08 -5.02706e-08 -3.33685e-05 5.77647e-08 0.999764 0.000265283 -1.31745e-07 -5.07988e-08 -0.000265283 0.999764 5.70698e-05 -3.33618e-05 1.54248e-07 -5.70829e-05 0.999632
0.3 5.74188e-05 2812.07 0.000471282 -0.000319627 -0.0946458 0.000372214 2811.4 0.746932 -0.000834405 -0.00032302 -0.746932 2811.4 0.361241 -0.0946104 0.000977047 -0.361324 2811.03 1.67592e-07 -1.13663e-07 -3.3657e-05 1.32363e-07 0.999763 0.000265616 -2.96723e-07 -1.14869e-07 -0.000265616 0.999763 0.000128461 -3.36444e-05 3.47448e-07 -0.00012849 0.999631
0.4 7.65581e-05 2802.12 0.00085194 -0.000570083 -0.0954427 0.000676075 2801.45 0.745597 -0.00148021 -0.000576219 -0.745597 2801.45 0.640307 -0.0953848 0.00173355 -0.640455 2801.08 3.04034e-07 -2.03447e-07 -3.40609e-05 2.41273e-07 0.999763 0.000266083 -5.28246e-07 -2.05637e-07 -0.000266083 0.999763 0.000228508 -3.40403e-05 6.18656e-07 -0.000228561 0.99963
0.5 9.56972e-05 2789.36 0.00135929 -0.000894451 -0.0964578 0.00108501 2788.7 0.743878 -0.00230645 -0.000904248 -0.743878 2788.7 0.996678 -0.0963714 0.00270179 -0.996908 2788.33 4.87311e-07 -3.20665e-07 -3.45806e-05 3.88981e-07 0.999762 0.000266684 -8.26872e-07 -3.24177e-07 -0.000266684 0.999762 0.000357314 -3.45496e-05 9.68604e-07 -0.000357396 0.999629
0.6 0.000114836 2773.85 0.00200643 -0.00129444 -0.0976839 0.00161237 2773.18 0.741774 -0.00331008 -0.00130892 -0.741774 2773.18 1.42855 -0.0975633 0.00387849 -1.42888 2772.81 7.23339e-07 -4.6666e-07 -3.5216e-05 5.81277e-07 0.999761 0.000267417 -1.19332e-06 -4.71878e-07 -0.000267417 0.999761 0.000515006 -3.51726e-05 1.39824e-06 -0.000515126 0.999627
0.7 0.000133974 2755.6 0.00280902 -0.00177209 -0.0991124 0.00227411 2754.94 0.739283 -0.00448741 -0.00179238 -0.739283 2754.94 1.93374 -0.0989525 0.00525965 -1.93419 2754.57 1.01938e-06 -6.43086e-07 -3.59676e-05 8.25267e-07 0.999759 0.000268283 -1.62847e-06 -6.50448e-07 -0.000268283 0.999759 0.000701747 -3.59096e-05 1.90871e-06 -0.00070191 0.999625
0.8 0.000153112 2734.69 0.00378502 -0.00232971 -0.100733 0.00308854 2734.03 0.736403 -0.00583408 -0.00235709 -0.736403 2734.02 2.50969 -0.100529 0.00684055 -2.51027 2733.66 1.38408e-06 -8.51912e-07 -3.68355e-05 1.12939e-06 0.999758 0.000269282 -2.13336e-06 -8.61922e-07 -0.000269282 0.999758 0.000917725 -3.67609e-05 2.5014e-06 -0.000917938 0.999623
0.9 0.00017225 2711.15 0.00495448 -0.00296987 -0.102535 0.00407611 2710.49 0.733132 -0.0073451 -0.00300577 -0.733132 2710.49 3.1535 -0.102283 0.00861578 -3.15424 2710.12 1.82745e-06 -1.09543e-06 -3.782e-05 1.50346e-06 0.999756 0.000270414 -2.70922e-06 -1.10867e-06 -0.000270414 0.999756 0.00116316 -3.77269e-05 3.17791e-06 -0.00116343 0.99962
1 0.000191387 2685.05 0.00633921 -0.00369531 -0.104506 0.00525909 2684.39 0.729467 -0.00901487 -0.00374135 -0.729467 2684.39 3.86193 -0.104202 0.0105793 -3.86283 2684.02 2.36093e-06 -1.37626e-06 -3.89214e-05 1.95866e-06 0.999755 0.000271677 -3.35743e-06 -1.3934e-06 -0.000271678 0.999753 0.00143831 -3.88082e-05 3.94006e-06 -0.00143865 0.999617
1.1 0.000210523 2656.46 0.00796252 -0.00450897 -0.106631 0.00666128 2655.8 0.725406 -0.0108372 -0.00456694 -0.725407 2655.79 4.6314 -0.106272 0.0127242 -4.63249 2655.43 2.99742e-06 -1.69736e-06 -4.01403e-05 2.50758e-06 0.999752 0.000273073 -4.07956e-06 -1.71919e-06 -0.000273073 0.999751 0.00174345 -4.00052e-05 4.78991e-06 -0.00174386 0.999614
1.2 0.000229659 2625.45 0.0098488 -0.00541384 -0.108895 0.00830765 2624.79 0.720948 -0.0128052 -0.00548576 -0.720948 2624.79 5.45806 -0.10848 0.0150432 -5.45936 2624.42 3.75129e-06 -2.06206e-06 -4.14768e-05 3.16428e-06 0.99975 0.0002746 -4.87734e-06 -2.08946e-06 -0.0002746 0.999748 0.00207891 -4.13185e-05 5.72976e-06 -0.0020794 0.999609
1.3 0.000248794 2592.1 0.0120232 -0.00641296 -0.111283 0.010224 2591.44 0.716089 -0.0149116 -0.00650106 -0.716089 2591.44 6.33777 -0.110809 0.0175281 -6.33928 2591.07 4.63842e-06 -2.47404e-06 -4.29316e-05 3.94429e-06 0.999748 0.000276258 -5.75271e-06 -2.50803e-06 -0.000276258 0.999745 0.00244503 -4.27487e-05 6.76213e-06 -0.00244562 0.999605
1.4 0.000267929 2556.5 0.0145114 -0.00750937 -0.113777 0.0124365 2555.85 0.710827 -0.0171484 -0.00761611 -0.710828 2555.84 7.26611 -0.113244 0.0201703 -7.26785 2555.48 5.67628e-06 -2.93736e-06 -4.4505e-05 4.86464e-06 0.999745 0.000278047 -6.70778e-06 -2.97912e-06 -0.000278047 0.999741 0.00284221 -4.42964e-05 7.88983e-06 -0.00284289 0.9996
1.5 0.000287062 2518.74 0.0173388 -0.00870598 -0.116359 0.0149713 2518.09 0.705161 -0.0195073 -0.00883409 -0.705162 2518.07 8.23846 -0.115767 0.0229605 -8.24045 2517.71 6.88391e-06 -3.45649e-06 -4.61975e-05 5.94397e-06 0.999742 0.000279966 -7.74486e-06 -3.50735e-06 -0.000279966 0.999736 0.00327087 -4.59623e-05 9.1159e-06 -0.00327166 0.999594
1.6 0.000306195 2478.91 0.0205304 -0.0100056 -0.119011 0.0178543 2478.26 0.69909 -0.0219792 -0.010158 -0.69909 2478.24 9.24997 -0.118361 0.0258889 -9.25222 2477.88 8.28204e-06 -4.03629e-06 -4.80096e-05 7.20249e-06 0.999739 0.000282015 -8.86648e-06 -4.09778e-06 -0.000282015 0.999732 0.00373147 -4.77473e-05 1.04437e-05 -0.00373238 0.999587
1.7 0.000325327 2437.11 0.0241106 -0.0114108 -0.121714 0.0211105 2436.47 0.692612 -0.0245548 -0.0115907 -0.692611 2436.45 10.2956 -0.121007 0.0289449 -10.2981 2436.09 9.89308e-06 -4.68208e-06 -4.9942e-05 8.66208e-06 0.999735 0.000284194 -1.00753e-05 -4.75593e-06 -0.000284193 0.999726 0.00422452 -4.96519e-05 1.18767e-05 -0.00422555 0.99958
1.8 0.000344457 2393.46 0.0281021 -0.0129238 -0.124448 0.0247635 2392.81 0.685727 -0.0272242 -0.0131348 -0.685725 2392.79 11.3702 -0.123687 0.0321176 -11.3731 2392.43 1.17412e-05 -5.39964e-06 -5.1995e-05 1.03463e-05 0.999731 0.0002865 -1.13744e-05 -5.48779e-06 -0.0002865 0.99972 0.00475055 -5.16771e-05 1.34189e-05 -0.00475173 0.999572
1.9 0.000363587 2348.05 0.0325262 -0.0145466 -0.127192 0.0288354 2347.41 0.678435 -0.0299772 -0.0147924 -0.678431 2347.37 12.4685 -0.126381 0.0353956 -12.4716 2347.02 1.38524e-05 -6.1952e-06 -5.41693e-05 1.22806e-05 0.999727 0.000288935 -1.27668e-05 -6.29987e-06 -0.000288934 0.999713 0.00531017 -5.38237e-05 1.50745e-05 -0.00531149 0.999563
2 0.000382716 2301 0.0374017 -0.0162808 -0.129927 0.0333461 2300.36 0.670736 -0.0328031 -0.0165653 -0.670731 2300.32 13.5851 -0.129069 0.0387669 -13.5885 2299.97 1.62546e-05 -7.07554e-06 -5.64654e-05 1.4492e-05 0.999723 0.000291498 -1.4256e-05 -7.1992e-06 -0.000291496 0.999705 0.00590399 -5.60926e-05 1.68479e-05 -0.00590548 0.999553
2.1 0.000401843 2252.42 0.0427453 -0.0181274 -0.132631 0.0383129 2251.78 0.662634 -0.0356911 -0.0184549 -0.662626 2251.74 14.7144 -0.131732 0.0422193 -14.7181 2251.39 1.89775e-05 -8.04794e-06 -5.88839e-05 1.70097e-05 0.999718 0.000294187 -1.58456e-05 -8.19338e-06 -0.000294184 0.999696 0.00653271 -5.84845e-05 1.8744e-05 -0.00653437 0.999542
2.2 0.000420969 2202.43 0.0485702 -0.0200868 -0.135285 0.0437502 2201.8 0.654129 -0.0386297 -0.020462 -0.654118 2201.74 15.851 -0.13435 0.0457399 -15.8551 2201.4 2.2053e-05 -9.12029e-06 -6.14252e-05 1.98645e-05 0.999713 0.000297003 -1.75396e-05 -9.29062e-06 -0.000296998 0.999686 0.00719705 -6.10005e-05 2.07679e-05 -0.0071989 0.99953
2.3 0.000440094 2151.16 0.0548865 -0.0221592 -0.137867 0.0496691 2150.53 0.645225 -0.0416076 -0.0225866 -0.64521 2150.46 16.9894 -0.136902 0.0493157 -16.9938 2150.12 2.55149e-05 -1.03011e-05 -6.40899e-05 2.30895e-05 0.999707 0.000299943 -1.9342e-05 -1.04998e-05 -0.000299936 0.999675 0.0078978 -6.36413e-05 2.29252e-05 -0.00789985 0.999516
2.4 0.000459218 2098.71 0.0617004 -0.0243437 -0.140358 0.0560767 2098.08 0.635927 -0.0446129 -0.0248285 -0.635906 2098 18.124 -0.139371 0.0529332 -18.1288 2097.66 2.93992e-05 -1.15994e-05 -6.68783e-05 2.67196e-05 0.999701 0.000303009 -2.12573e-05 -1.18303e-05 -0.000302999 0.999663 0.0086358 -6.64078e-05 2.52218e-05 -0.00863806 0.999501
2.5 0.00047834 2045.22 0.0690141 -0.026639 -0.142738 0.0629764 2044.59 0.626241 -0.0476337 -0.0271863 -0.626213 2044.5 19.2495 -0.141735 0.0565787 -19.2546 2044.16 3.37441e-05 -1.3025e-05 -6.97911e-05 3.0792e-05 0.999695 0.000306198 -2.32903e-05 -1.32926e-05 -0.000306184 0.999649 0.00941194 -6.93009e-05 2.76639e-05 -0.00941443 0.999484
2.6 0.000497461 1990.8 0.0768253 -0.029043 -0.144987 0.0703669 1990.18 0.616173 -0.050658 -0.0296582 -0.616136 1990.07 20.3603 -0.143978 0.0602384 -20.3658 1989.74 3.85901e-05 -1.45886e-05 -7.28283e-05 3.5346e-05 0.999688 0.00030951 -2.5446e-05 -1.48976e-05 -0.000309491 0.999634 0.0102272 -7.23214e-05 3.02583e-05 -0.0102299 0.999466
2.7 0.00051658 1935.59 0.085127 -0.0315528 -0.147086 0.0782423 1934.97 0.60573 -0.0536735 -0.0322415 -0.605683 1934.85 21.4513 -0.146079 0.063898 -21.4571 1934.51 4.39799e-05 -1.63014e-05 -7.59903e-05 4.0423e-05 0.99968 0.000312944 -2.77298e-05 -1.66572e-05 -0.000312919 0.999618 0.0110826 -7.54699e-05 3.30122e-05 -0.0110856 0.999445
2.8 0.000535698 1879.7 0.0939071 -0.0341647 -0.149017 0.0865916 1879.08 0.594922 -0.056668 -0.0349326 -0.594862 1878.94 22.5172 -0.148021 0.0675433 -22.5234 1878.61 4.99586e-05 -1.81757e-05 -7.92773e-05 4.60668e-05 0.999672 0.000316499 -3.01474e-05 -1.85842e-05 -0.000316467 0.999599 0.0119792 -7.87472e-05 3.59331e-05 -0.0119825 0.999423
2.9 0.000554814 1823.26 0.103148 -0.0368743 -0.150763 0.0953988 1822.64 0.583759 -0.0596294 -0.0377272 -0.583684 1822.49 23.5531 -0.149787 0.0711601 -23.5597 1822.16 5.65737e-05 -2.02244e-05 -8.26891e-05 5.23234e-05 0.999664 0.000320174 -3.27049e-05 -2.06922e-05 -0.000320133 0.999579 0.0129182 -8.21538e-05 3.90291e-05 -0.0129218 0.999399
3 0.000573928 1766.38 0.112828 -0.0396762 -0.152308 0.104642 1765.77 0.572252 -0.0625453 -0.04062 -0.572161 1765.6 24.5542 -0.151362 0.0747338 -24.5611 1765.27 6.38752e-05 -2.24618e-05 -8.62256e-05 5.9241e-05 0.999655 0.000323968 -3.54087e-05 -2.29962e-05 -0.000323916 0.999556 0.0139008 -8.56901e-05 4.23089e-05 -0.0139048 0.999372
3.1 0.00059304 1709.21 0.122918 -0.0425642 -0.153635 0.114295 1708.6 0.560416 -0.0654037 -0.043605 -0.560304 1708.4 25.5158 -0.152728 0.0782502 -25.5231 1708.08 7.19154e-05 -2.49029e-05 -8.98865e-05 6.68703e-05 0.999645 0.000327881 -3.82655e-05 -2.55119e-05 -0.000327815 0.999531 0.0149285 -8.93564e-05 4.57816e-05 -0.0149327 0.999342
3.2 0.000612151 1651.84 0.133384 -0.0455313 -0.15473 0.124324 1651.23 0.548263 -0.0681926 -0.0466751 -0.548128 1651.02 26.4336 -0.153873 0.0816949 -26.4412 1650.7 8.07491e-05 -2.7564e-05 -9.36711e-05 7.52643e-05 0.999634 0.000331911 -4.12828e-05 -2.82564e-05 -0.000331829 0.999503 0.0160025 -9.31527e-05 4.94569e-05 -0.0160071 0.999309
3.3 0.00063126 1594.4 0.144187 -0.0485696 -0.155579 0.134692 1593.8 0.53581 -0.0709002 -0.0498224 -0.535648 1593.56 27.3033 -0.154783 0.0850538 -27.3113 1593.24 9.04335e-05 -3.04626e-05 -9.75784e-05 8.44779e-05 0.999623 0.000336057 -4.44682e-05 -3.12483e-05 -0.000335955 0.999473 0.0171245 -9.70789e-05 5.33452e-05 -0.0171295 0.999274
3.4 0.000650367 1537.01 0.155282 -0.0516705 -0.156172 0.145353 1536.42 0.523074 -0.073515 -0.0530381 -0.52288 1536.15 28.1211 -0.155445 0.0883129 -28.1295 1535.84 0.000101028 -3.36174e-05 -0.000101607 9.45685e-05 0.999611 0.000340318 -4.78297e-05 -3.45073e-05 -0.000340192 0.999439 0.018296 -0.000101134 5.74575e-05 -0.0183014 0.999234
3.5 0.000669472 1479.78 0.166616 -0.0548244 -0.156496 0.156258 1479.19 0.510073 -0.0760256 -0.0563127 -0.509843 1478.9 28.8835 -0.155848 0.0914585 -28.8922 1478.59 0.000112595 -3.70489e-05 -0.000105756 0.000105595 0.999598 0.000344694 -5.13761e-05 -3.80547e-05 -0.000344539 0.999403 0.0195187 -0.000105318 6.18053e-05 -0.0195246 0.999191
3.6 0.000688575 1422.82 0.178134 -0.0580209 -0.156542 0.167352 1422.23 0.496825 -0.0784211 -0.0596356 -0.496557 1421.92 29.587 -0.155983 0.0944772 -29.5961 1421.61 0.000125198 -4.07787e-05 -0.000110022 0.00011762 0.999584 0.000349182 -5.51165e-05 -4.19136e-05 -0.000348994 0.999362 0.0207946 -0.000109629 6.64012e-05 -0.020801 0.999144
3.7 0.000707676 1366.24 0.189774 -0.0612492 -0.156303 0.178573 1365.65 0.483353 -0.080691 -0.0629957 -0.48304 1365.31 30.2287 -0.155841 0.0973558 -30.2382 1365 0.000138902 -4.48304e-05 -0.000114403 0.000130704 0.999569 0.000353783 -5.90606e-05 -4.61088e-05 -0.000353554 0.999318 0.0221255 -0.000114066 7.12581e-05 -0.0221324 0.999092
3.8 0.000726775 1310.14 0.201467 -0.0644973 -0.15577 0.189856 1309.55 0.469678 -0.082825 -0.0663808 -0.469316 1309.18 30.806 -0.155415 0.100082 -30.8158 1308.87 0.000153776 -4.92294e-05 -0.000118896 0.000144913 0.999553 0.000358495 -6.32185e-05 -5.06671e-05 -0.000358219 0.999269 0.0235135 -0.000118625 7.63901e-05 -0.023521 0.999035
3.9 0.000745871 1254.61 0.213141 -0.067753 -0.154939 0.201127 1254.03 0.455824 -0.0848134 -0.0697784 -0.455406 1253.63 31.3164 -0.154699 0.102642 -31.3265 1253.33 0.000169886 -5.40031e-05 -0.000123496 0.00016031 0.999535 0.000363318 -6.76012e-05 -5.56174e-05 -0.000362985 0.999215 0.024961 -0.000123304 8.1812e-05 -0.024969 0.998973
4 0.000764965 1199.76 0.22472 -0.0710031 -0.153807 0.212313 1199.18 0.441813 -0.0866469 -0.0731749 -0.441335 1198.75 31.758 -0.153689 0.105027 -31.7684 1198.45 0.000187303 -5.91809e-05 -0.000128198 0.000176962 0.999516 0.00036825 -7.222e-05 -6.09911e-05 -0.000367852 0.999156 0.0264702 -0.000128099 8.75395e-05 -0.0264789 0.998905
4.1 0.000784057 1145.68 0.236119 -0.0742343 -0.15237 0.22333 1145.1 0.427672 -0.088317 -0.0765565 -0.427127 1144.64 32.1291 -0.152381 0.107223 -32.1398 1144.34 0.000206095 -6.4795e-05 -0.000132995 0.000194933 0.999496 0.000373291 -7.7087e-05 -6.6822e-05 -0.000372816 0.99909 0.0280437 -0.000133005 9.35892e-05 -0.0280531 0.99883
4.2 0.000803147 1092.45 0.247254 -0.0774324 -0.150628 0.234096 1091.87 0.413426 -0.0898156 -0.0799088 -0.412809 1091.38 32.4284 -0.150774 0.109221 -32.4394 1091.08 0.000226331 -7.08798e-05 -0.000137881 0.000214286 0.999474 0.00037844 -8.2215e-05 -7.31466e-05 -0.000377875 0.999019 0.0296842 -0.000138015 9.99787e-05 -0.0296943 0.998748
4.3 0.000822234 1040.15 0.258035 -0.0805832 -0.148581 0.244519 1039.58 0.399102 -0.0911351 -0.0832167 -0.398407 1039.05 32.655 -0.148868 0.111012 -32.6663 1038.75 0.000248075 -7.74727e-05 -0.000142846 0.000235081 0.99945 0.000383697 -8.76173e-05 -8.00046e-05 -0.000383028 0.998941 0.0313945 -0.000143122 0.000106727 -0.0314054 0.998659
4.4 0.000841318 988.861 0.268368 -0.0836719 -0.146232 0.25451 988.291 0.384728 -0.0922687 -0.0864651 -0.383947 987.728 32.8082 -0.146663 0.112585 -32.8199 987.437 0.000271391 -8.46145e-05 -0.000147879 0.000257377 0.999424 0.000389062 -9.33081e-05 -8.74391e-05 -0.000388272 0.998854 0.0331778 -0.000148316 0.000113853 -0.0331896 0.99856
4.5 0.0008604 938.654 0.278158 -0.0866837 -0.143584 0.263971 938.088 0.370332 -0.0932103 -0.0896383 -0.369459 937.49 32.8879 -0.144164 0.113932 -32.8998 937.201 0.000296337 -9.2349e-05 -0.000152968 0.000281223 0.999396 0.000394535 -9.93021e-05 -9.54967e-05 -0.000393604 0.99876 0.0350373 -0.000153586 0.000121378 -0.03505 0.998452
4.6 0.00087948 889.597 0.287304 -0.0896036 -0.140642 0.272806 889.032 0.355941 -0.0939545 -0.0927208 -0.354969 888.401 32.8941 -0.141373 0.115047 -32.9063 888.114 0.00032296 -0.000100724 -0.000158096 0.000306663 0.999366 0.000400116 -0.000105615 -0.000104228 -0.000399023 0.998656 0.0369765 -0.000158918 0.000129325 -0.0369901 0.998334
4.7 0.000898556 841.749 0.295708 -0.0924166 -0.137412 0.280916 841.187 0.341586 -0.0944967 -0.0956966 -0.340508 840.521 32.8273 -0.138296 0.115922 -32.8397 840.236 0.000351303 -0.000109791 -0.000163246 0.000333729 0.999333 0.000405805 -0.000112262 -0.000113688 -0.000404525 0.998541 0.038999 -0.000164296 0.000137716 -0.0390137 0.998204
4.8 0.00091763 795.166 0.303268 -0.0951075 -0.133903 0.288199 794.607 0.327294 -0.0948328 -0.0985499 -0.326104 793.906 32.6883 -0.134939 0.116552 -32.7009 793.624 0.00038139 -0.000119607 -0.000168396 0.000362439 0.999296 0.000411604 -0.000119262 -0.000123936 -0.000410108 0.998415 0.0411088 -0.000169699 0.000146576 -0.0411246 0.998061
4.9 0.000936701 749.9 0.309881 -0.0976617 -0.130123 0.294555 749.343 0.313095 -0.0949598 -0.101265 -0.311785 748.608 32.4781 -0.131312 0.116932 -32.4909 748.328 0.00041323 -0.000130233 -0.00017352 0.000392792 0.999257 0.000417515 -0.00012663 -0.000135038 -0.000415769 0.998277 0.04331 -0.000175106 0.00015593 -0.043327 0.997904
5 0.00095577 705.995 0.315444 -0.100065 -0.126082 0.299881 705.44 0.299017 -0.0948753 -0.103827 -0.297582 704.671 32.1983 -0.127422 0.117058 -32.2112 704.393 0.000446808 -0.000141735 -0.000178588 0.000424763 0.999214 0.00042354 -0.000134385 -0.000147065 -0.000421507 0.998125 0.0456069 -0.000180486 0.000165805 -0.0456253 0.997731
5.1 0.000974835 663.491 0.319857 -0.102302 -0.121792 0.304077 662.938 0.28509 -0.0945779 -0.10622 -0.283523 662.135 31.8504 -0.123281 0.116927 -31.8635 661.859 0.000482082 -0.000154187 -0.000183562 0.000458298 0.999167 0.000429682 -0.000142546 -0.000160092 -0.00042732 0.997957 0.0480043 -0.000185806 0.00017623 -0.048024 0.997541
5.2 0.000993897 622.422 0.323017 -0.10436 -0.117266 0.307042 621.871 0.271342 -0.0940668 -0.108429 -0.269636 621.035 31.4365 -0.118899 0.116537 -31.4498 620.761 0.000518968 -0.000167667 -0.000188402 0.000493302 0.999115 0.000435945 -0.00015113 -0.000174205 -0.000433204 0.997772 0.0505068 -0.000191027 0.000187232 -0.0505281 0.997332
5.3 0.00101296 582.817 0.324826 -0.106225 -0.112516 0.308678 582.268 0.2578 -0.0933422 -0.110441 -0.255949 581.399 30.959 -0.11429 0.115888 -30.9724 581.127 0.000557338 -0.000182262 -0.000193056 0.000529631 0.999058 0.000442335 -0.000160157 -0.000189495 -0.000439159 0.997568 0.0531196 -0.0001961 0.000198842 -0.0531425 0.997101
5.4 0.00103201 544.699 0.325187 -0.107886 -0.107559 0.308889 544.152 0.244492 -0.092405 -0.112241 -0.242491 543.252 30.4203 -0.109467 0.11498 -30.4338 542.982 0.000597003 -0.000198065 -0.000197465 0.000567081 0.998996 0.000448857 -0.000169644 -0.00020606 -0.000445183 0.997342 0.0558479 -0.000200969 0.000211088 -0.0558726 0.996847
5.5 0.00105107 508.088 0.324006 -0.109329 -0.102409 0.307582 507.543 0.231444 -0.091257 -0.113817 -0.229287 506.611 29.8233 -0.104445 0.113813 -29.8368 506.343 0.000637697 -0.000215178 -0.000201557 0.000605371 0.998927 0.00045552 -0.000179609 -0.00022401 -0.000451274 0.997094 0.0586971 -0.000205565 0.000224003 -0.0587237 0.996565
5.6 0.00107012 472.996 0.321194 -0.110545 -0.0970819 0.304667 472.452 0.218682 -0.0899009 -0.115156 -0.216364 471.491 29.1709 -0.0992393 0.112391 -29.1845 471.224 0.000679062 -0.000233713 -0.000205249 0.000644122 0.998851 0.000462333 -0.000190067 -0.000243461 -0.000457434 0.996818 0.0616726 -0.00020981 0.000237615 -0.0617013 0.996255
5.7 0.00108916 439.431 0.316663 -0.111523 -0.0915958 0.300059 438.889 0.20623 -0.08834 -0.116248 -0.203747 437.899 28.4663 -0.0938655 0.110716 -28.4799 437.634 0.000720621 -0.000253789 -0.000208442 0.000682835 0.998767 0.00046931 -0.000201032 -0.000264542 -0.000463661 0.996514 0.0647799 -0.000213607 0.000251952 -0.0648109 0.995911
5.8 0.00110821 407.397 0.310334 -0.112254 -0.0859678 0.293677 406.857 0.194111 -0.0865784 -0.117082 -0.191459 405.84 27.713 -0.0883407 0.108792 -27.7266 405.576 0.000761748 -0.000275539 -0.000211017 0.000720862 0.998674 0.000476465 -0.000212516 -0.00028739 -0.000469957 0.996176 0.0680245 -0.000216842 0.000267042 -0.068058 0.99553
5.9 0.00112725 376.893 0.30213 -0.112729 -0.0802162 0.285447 376.354 0.182347 -0.0846213 -0.117649 -0.179524 375.311 26.9145 -0.0826826 0.106626 -26.9281 375.049 0.000801634 -0.000299102 -0.000212835 0.000757368 0.99857 0.000483816 -0.000224523 -0.000312154 -0.000476326 0.995801 0.0714114 -0.000219379 0.000282908 -0.0714476 0.995107
6 0.00172656 347.913 0.291982 -0.112943 -0.0743596 0.275298 347.375 0.170959 -0.0824743 -0.11794 -0.167962 346.307 26.0745 -0.076909 0.104223 -26.088 346.047 0.00083924 -0.000324631 -0.00021373 0.000791283 0.998455 0.000491385 -0.000237054 -0.000338994 -0.00048277 0.995385 0.0749453 -0.000221058 0.000299566 -0.0749844 0.994637
6.2 0.00236869 294.478 0.265607 -0.112563 -0.0624074 0.248998 293.943 0.149385 -0.0776369 -0.117673 -0.146036 292.831 24.2851 -0.0650894 0.0987366 -24.2985 292.574 0.000901958 -0.000382247 -0.000211926 0.000845558 0.998183 0.000507288 -0.000263642 -0.000399598 -0.000495914 0.994407 0.0824683 -0.000221033 0.000335294 -0.082514 0.993533
6.4 0.00244479 246.962 0.230786 -0.111083 -0.0502655 0.21436 246.429 0.12952 -0.0721258 -0.116239 -0.12582 245.281 22.3764 -0.0530333 0.0924023 -22.3897 245.026 0.000934502 -0.0004498 -0.000203535 0.000867988 0.997842 0.000524455 -0.000292052 -0.000470676 -0.000509469 0.993192 0.0906069 -0.000214743 0.000374156 -0.0906604 0.992159
6.6 0.00252085 205.174 0.187225 -0.108494 -0.0380891 0.171087 204.642 0.111468 -0.0660104 -0.113622 -0.107425 203.466 20.3808 -0.0408942 0.0853023 -20.3937 203.213 0.00091252 -0.000528791 -0.000185643 0.000833862 0.99741 0.000543287 -0.000321729 -0.000553785 -0.000523578 0.991675 0.0993342 -0.000199315 0.000415756 -0.0993971 0.990443
6.8 0.00259689 168.87 0.134763 -0.104808 -0.0260316 0.119017 168.34 0.0953017 -0.0593686 -0.109827 -0.0909321 167.143 18.3305 -0.0288262 0.0775312 -18.3431 166.893 0.000798027 -0.000620641 -0.000154152 0.000704784 0.996862 0.000564349 -0.000351564 -0.000650364 -0.000538474 0.989775 0.108548 -0.0001707 0.000459118 -0.108622 0.988291
7 0.00267289 137.762 0.073383 -0.100059 -0.0142419 0.0581325 137.233 0.0810609 -0.0522852 -0.104882 -0.0763919 136.025 16.2577 -0.0169802 0.0691939 -16.2698 135.776 0.000532681 -0.000726319 -0.00010338 0.000421979 0.996161 0.000588414 -0.000379534 -0.00076133 -0.000554522 0.987393 0.118013 -0.000123258 0.000502273 -0.118101 0.985586
7.2 0.00274886 111.522 0.00321896 -0.0943038 -0.00286148 -0.0114363 110.994 0.0687537 -0.0448506 -0.0988384 -0.0638212 109.784 14.1931 -0.00550212 0.0604032 -14.2046 109.537 2.88638e-05 -0.000845606 -2.56584e-05 -0.000102547 0.995264 0.000616503 -0.000402168 -0.000886267 -0.000572274 0.984414 0.127267 -4.93365e-05 0.000541625 -0.12737 0.982196
7.4 0.0028248 89.7959 -0.0754445 -0.0876195 0.00797748 -0.0894093 89.2682 0.0583555 -0.0371587 -0.0917702 -0.0532054 88.065 12.1658 0.00547002 0.0512783 -12.1767 87.8189 -0.000840178 -0.000975763 8.88401e-05 -0.000995695 0.994124 0.000649868 -0.000413813 -0.00102199 -0.000592515 0.980724 0.135482 6.09162e-05 0.000571054 -0.135604 0.977984
7.6 0.00290071 72.2052 -0.162172 -0.0801022 0.0181546 -0.175357 71.6777 0.0498098 -0.0293051 -0.083772 -0.0444978 70.4901 10.2027 0.015808 0.0419421 -10.213 70.2452 -0.00224599 -0.00110937 0.00025143 -0.00242859 0.992695 0.000689837 -0.000405859 -0.00116019 -0.000616268 0.976247 0.141301 0.000218931 0.000580873 -0.141444 0.972855
7.8 0.00297657 58.3586 -0.256385 -0.0718654 0.0275628 -0.268706 57.831 0.0430305 -0.0213859 -0.0749579 -0.0376219 56.6674 8.32823 0.0253954 0.0325187 -8.33783 56.4234 -0.00439327 -0.00123145 0.000472302 -0.0046044 0.990961 0.000737346 -0.000366457 -0.00128444 -0.000644668 0.971022 0.142708 0.000435162 0.000557223 -0.142872 0.96684
8 0.00305241 47.8574 -0.357364 -0.0630375 0.0361101 -0.368746 47.3296 0.0379037 -0.013495 -0.0654589 -0.0324731 46.1979 6.56368 0.0341295 0.0231315 -6.57255 45.9545 -0.00746727 -0.00131719 0.000754536 -0.00770511 0.988971 0.000792014 -0.000281985 -0.00136779 -0.000678539 0.965325 0.137151 0.000713151 0.000483343 -0.137336 0.960239
8.2 0.0031282 40.3031 -0.464266 -0.0537587 0.0437202 -0.474641 39.7748 0.0342913 -0.00572346 -0.0554202 -0.0289216 38.6823 4.92718 0.0419224 0.0139002 -4.9353 38.4394 -0.0115194 -0.00133386 0.00108479 -0.0117768 0.986892 0.000850837 -0.000142011 -0.00137509 -0.000717603 0.959786 0.122253 0.00104018 0.000344893 -0.122455 0.953758
8.4 0.00320396 35.303 -0.576132 -0.0441781 0.0503338 -0.585443 34.7741 0.0320341 0.00184292 -0.0449978 -0.0268158 33.7273 3.43344 0.0487023 0.00493912 -3.4408 33.4846 -0.0163196 -0.0012514 0.00142576 -0.0165834 0.985016 0.000907404 5.22029e-05 -0.00127462 -0.000759588 0.955366 0.0972563 0.00137955 0.000139906 -0.0974647 0.948491
8.6 0.00327968 32.4764 -0.691908 -0.0344503 0.0559087 -0.700108 31.9466 0.0309562 0.00912443 -0.0343558 -0.0259858 30.9512 2.09369 0.0544142 -0.00364526 -2.10028 30.7086 -0.0213049 -0.00106078 0.00172152 -0.0215574 0.983686 0.000953188 0.000280955 -0.00105787 -0.000800144 0.953035 0.0644679 0.0016755 -0.000112243 -0.0646708 0.945565
8.8 0.00335535 31.4589 -0.810462 -0.0247319 0.0604202 -0.817511 30.9281 0.0308689 0.0160489 -0.0236621 -0.0262482 29.9886 0.915625 0.0590206 -0.0117559 -0.921452 29.7459 -0.0257625 -0.000786165 0.00192061 -0.0259866 0.983127 0.000981244 0.000510153 -0.000752158 -0.000834366 0.953261 0.0291054 0.00187612 -0.00037369 -0.0292907 0.945548
9 0.00343099 31.9067 -0.930598 -0.015178 0.0638607 -0.936472 31.3748 0.0315759 0.0225524 -0.013085 -0.0274099 30.4947 -0.0964751 0.0625013 -0.0193068 0.0913971 30.2519 -0.0291662 -0.0004757 0.00200148 -0.0293503 0.983329 0.000989631 0.000706824 -0.000410103 -0.000859062 0.955747 -0.00302366 0.00195888 -0.000605102 0.00286451 0.948135
9.2 0.00350659 33.5002 -1.05108 -0.00593884 0.066239 -1.05577 32.9671 0.0328775 0.0285806 -0.00278993 -0.0292727 32.149 -0.941647 0.0648539 -0.0262246 0.937294 31.9058 -0.0313755 -0.000177278 0.00197727 -0.0315153 0.984086 0.000981412 0.000853147 -8.3281e-05 -0.000873806 0.959666 -0.0281087 0.00193592 -0.000782817 0.0279787 0.952406
9.4 0.00358214 35.9464 -1.17067 0.00284376 0.0675801 -1.17417 35.412 0.0345757 0.0340885 0.00706474 -0.0316383 34.6573 -1.62202 0.0660928 -0.032449 1.61836 34.4137 -0.0325671 7.91109e-05 0.00188002 -0.0326643 0.985133 0.000961868 0.000948315 0.000196535 -0.000880151 0.964139 -0.0451233 0.00183865 -0.000902705 0.0450215 0.95736
9.6 0.00365765 38.9809 -1.28812 0.0110391 0.0679237 -1.29042 38.4451 0.0364782 0.0390413 0.0163306 -0.0343123 37.7542 -2.14257 0.0662489 -0.0379341 2.13957 37.51 -0.0330448 0.000283192 0.00174249 -0.033104 0.986256 0.000935797 0.00100155 0.000418938 -0.000880233 0.96853 -0.0549647 0.00169952 -0.000973147 0.0548876 0.962265
9.8 0.00373311 42.3689 -1.40219 0.0185304 0.0673231 -1.40334 41.8317 0.038403 0.0434138 0.0248724 -0.0371084 41.2038 -2.51081 0.0653683 -0.0426481 2.50841 40.9589 -0.0330949 0.000437358 0.00158898 -0.0331219 0.987323 0.000906397 0.00102466 0.000587044 -0.000875842 0.972501 -0.0592606 0.00154284 -0.00100659 0.0592041 0.966722
10 0.00380853 45.9059 -1.51172 0.0252172 0.0658436 -1.51174 45.3673 0.0401822 0.0471909 0.0325708 -0.0398528 44.8006 -2.73644 0.0635118 -0.0465734 2.7346 44.5551 -0.032931 0.000549325 0.00143432 -0.0329314 0.988269 0.000875318 0.00102799 0.000709513 -0.000868141 0.975924 -0.0596097 0.00138352 -0.00101454 0.0595697 0.970575
10.2 0.0038839 49.4174 -1.6156 0.0310173 0.0635613 -1.61453 48.8775 0.0416654 0.0503667 0.0393248 -0.0423868 48.3695 -2.831 0.0607526 -0.0497062 2.82967 48.1232 -0.032693 0.00062766 0.00128621 -0.0326714 0.989074 0.000843132 0.00101921 0.000795769 -0.000857729 0.978794 -0.0572875 0.00122938 -0.00100584 0.0572607 0.97381
10.4 0.00395923 52.7586 -1.7128 0.0358681 0.0605606 -1.7107 52.2173 0.0427225 0.0529438 0.0450535 -0.0445704 51.7644 -2.80751 0.0571757 -0.052056 2.80663 51.5174 -0.0324648 0.000679853 0.00114788 -0.032425 0.98974 0.000809774 0.00100351 0.000853956 -0.0008448 0.981157 -0.0532143 0.00108372 -0.000986684 0.0531977 0.976474
10.6 0.0040345 55.8125 -1.80238 0.0397272 0.0569334 -1.79931 55.2699 0.043246 0.0549327 0.0496973 -0.0462847 54.868 -2.68003 0.0528753 -0.0536442 2.67955 54.6202 -0.0322934 0.000711798 0.00102008 -0.0322384 0.990278 0.000774844 0.000984237 0.000890432 -0.000829289 0.983077 -0.0480185 0.000947374 -0.000961151 0.0480099 0.978638
10.8 0.00410973 58.4891 -1.88352 0.0425735 0.0527762 -1.87955 57.9452 0.0431525 0.0563509 0.053219 -0.0474331 57.5896 -2.46335 0.0479534 -0.0545032 2.46322 57.3411 -0.0322029 0.000727888 0.000902325 -0.032135 0.990701 0.000737786 0.000963442 0.000909895 -0.000810972 0.98462 -0.0421164 0.000819868 -0.000931852 0.0421141 0.980371
11 0.00418491 60.7231 -1.95553 0.0444064 0.0481889 -1.95074 60.1779 0.0423838 0.0572216 0.0556041 -0.0479429 59.8633 -2.17258 0.0425177 -0.0546748 2.17274 59.614 -0.032204 0.000731294 0.000793584 -0.0321252 0.991023 0.000697985 0.000942337 0.0009157 -0.000789533 0.98584 -0.0357785 0.000700189 -0.000900396 0.0357811 0.981736
11.2 0.00426003 62.4715 -2.01783 0.0452457 0.0432722 -2.01232 61.9252 0.0409069 0.057573 0.0568605 -0.0477658 61.6459 -1.82283 0.0366794 -0.0542085 1.82323 61.396 -0.0323001 0.000724261 0.000692672 -0.0322118 0.991255 0.000654809 0.000921588 0.000910183 -0.000764601 0.986784 -0.0291785 0.000587139 -0.000867732 0.029185 0.982784
11.4 0.00433511 63.7117 -2.07001 0.0451301 0.0381266 -2.06386 63.1644 0.0387139 0.0574368 0.0570178 -0.0468774 62.9146 -1.42889 0.0305516 -0.0531601 1.42949 62.6642 -0.0324903 0.000708347 0.000598424 -0.0323937 0.991409 0.000607642 0.000901511 0.000894934 -0.000735774 0.987489 -0.0224274 0.000479529 -0.000834384 0.0224369 0.983557
11.6 0.00441013 64.4389 -2.11177 0.044116 0.0328498 -2.10508 63.8906 0.0358207 0.0568475 0.056126 -0.045277 63.6644 -1.00497 0.0242465 -0.0515898 1.00573 63.4135 -0.0327717 0.000684618 0.000509782 -0.0326679 0.991491 0.000555887 0.000882193 0.000870997 -0.000702635 0.987982 -0.0155957 0.000376272 -0.0008006 0.0156076 0.984087
11.8 0.0044851 64.6631 -2.14297 0.0422758 0.0275352 -2.13584 64.1139 0.0322655 0.0558411 0.0542543 -0.0429857 63.9055 -0.56442 0.017874 -0.0495604 0.56532 63.6542 -0.0331406 0.000653786 0.000425825 -0.0330303 0.991507 0.000498978 0.00086357 0.000839031 -0.000664765 0.988285 -0.00872864 0.000276417 -0.000766441 0.00874254 0.984397
12 0.0139046 64.4072 -2.1636 0.0396955 0.0222705 -2.15613 63.8573 0.0281065 0.0544543 0.0514886 -0.0400451 63.6609 -0.119568 0.0115392 -0.0471361 0.12058 63.4093 -0.0335926 0.00061632 0.000345776 -0.0334765 0.991462 0.000436387 0.000845469 0.000799423 -0.000621749 0.988413 -0.00185644 0.00017916 -0.000731846 0.00187215 0.984506
13 0.0246683 57.3117 -2.11732 0.0193485 -0.000806961 -2.10957 56.7598 0.00136133 0.0430507 0.028135 -0.0181655 56.55 1.82743 -0.0164231 -0.0312259 -1.82589 56.2987 -0.0369438 0.000337601 -1.40802e-05 -0.0368086 0.990369 2.37531e-05 0.000751168 0.000490912 -0.00031696 0.986709 0.0318858 -0.000286558 -0.000544844 -0.0318589 0.982323
14 0.0265294 45.0403 -1.87497 -0.00312479 -0.0147633 -1.8688 44.4889 -0.0252549 0.026973 0.000550963 0.00665551 44.191 2.79858 -0.0329863 -0.0134983 -2.79584 43.9431 -0.0416287 -6.93777e-05 -0.000327781 -0.0414917 0.987758 -0.000560719 0.000598865 1.22327e-05 0.000147768 0.981145 0.0621351 -0.000732374 -0.000299695 -0.0620743 0.97564
15 0.0283823 33.0782 -1.54066 -0.0162342 -0.0198515 -1.53672 32.5291 -0.0396459 0.00918368 -0.0171719 0.022696 32.1398 2.70487 -0.0373626 0.00243687 -2.69982 31.8974 -0.0465764 -0.000490782 -0.000600139 -0.0464572 0.983401 -0.00119855 0.000277636 -0.000519132 0.000686134 0.971632 0.0817721 -0.00112953 7.36702e-05 -0.0816193 0.964304
16 0.0302266 24.4675 -1.22236 -0.0152469 -0.0210747 -1.21995 23.921 -0.0369057 -0.00759743 -0.0180505 0.0240471 23.4863 1.93561 -0.0352469 0.0152554 -1.9276 23.2504 -0.0499584 -0.00062315 -0.000861337 -0.0498599 0.977665 -0.00150836 -0.000310511 -0.000737732 0.000982818 0.9599 0.0791097 -0.00144056 0.000623498 -0.0787823 0.950258
17 0.0320617 19.8322 -0.996332 -0.00270888 -0.0240047 -0.993904 19.2874 -0.0204591 -0.0201431 -0.00397352 0.012218 18.8663 0.99153 -0.0342646 0.0240485 -0.981135 18.6367 -0.0502381 -0.00013659 -0.00121039 -0.0501157 0.972531 -0.00103161 -0.00101568 -0.000200357 0.00061607 0.951295 0.049996 -0.00172773 0.0012126 -0.0494718 0.939722
18 0.0338871 18.356 -0.888641 0.0143019 -0.0307042 -0.884619 17.8114 0.00134423 -0.0253115 0.0167831 -0.00635044 17.4451 0.245903 -0.0387202 0.027456 -0.234948 17.2214 -0.0484115 0.000779141 -0.00167271 -0.0481924 0.970332 7.32312e-05 -0.00137892 0.000914314 -0.00034596 0.950379 0.0133963 -0.0021094 0.00149575 -0.0127995 0.93819
19 0.0357021 18.7037 -0.87641 0.0280058 -0.0382975 -0.869938 18.1578 0.0198347 -0.0218319 0.0341964 -0.0239734 17.8565 -0.132779 -0.0469182 0.024581 0.142002 17.6377 -0.0468577 0.00149734 -0.00204759 -0.0465116 0.970815 0.00106047 -0.00116725 0.00182833 -0.00128175 0.954705 -0.00709906 -0.0025085 0.00131423 0.0075922 0.943009
20 0.0375062 19.5816 -0.905648 0.0330049 -0.0410626 -0.896859 19.0336 0.0290696 -0.0118013 0.0408569 -0.0343408 18.778 -0.157227 -0.0526724 0.0165518 0.163113 18.5633 -0.0462499 0.00168551 -0.002097 -0.0458011 0.972013 0.00148454 -0.000602674 0.00208649 -0.00175373 0.958962 -0.00802931 -0.00268989 0.000845272 0.00832992 0.947994
21 0.0392989 20.0426 -0.917692 0.0278107 -0.0345429 -0.907403 19.4922 0.0267455 -0.00039262 0.0344418 -0.0337447 19.2469 0.0397791 -0.0497895 0.00694614 -0.0373599 19.035 -0.0457872 0.00138758 -0.00172348 -0.0452738 0.97254 0.00133443 -1.95893e-05 0.00171843 -0.00168365 0.9603 0.00198473 -0.00248419 0.000346569 -0.00186403 0.949728
22 0.0410797 19.6569 -0.873779 0.0147977 -0.0187998 -0.862862 19.1047 0.0139916 0.0064359 0.0178487 -0.0217586 18.8347 0.27722 -0.0363595 0.000331295 -0.277016 18.6247 -0.0444516 0.000752802 -0.0009564 -0.0438962 0.971907 0.000711789 0.000327412 0.000908013 -0.00110692 0.958172 0.014103 -0.00184971 1.68539e-05 -0.0140926 0.947492
23 0.0428479 18.5344 -0.76787 -0.00109358 0.00138547 -0.756786 17.9811 -0.00502784 0.00495862 -0.00256681 -0.00176357 17.6673 0.401017 -0.0160149 -0.000159642 -0.401295 17.4593 -0.0414296 -5.90028e-05 7.47513e-05 -0.0408315 0.97015 -0.000271271 0.000267537 -0.000138489 -9.51512e-05 0.953217 0.0216364 -0.000864064 -8.61332e-06 -0.0216514 0.941996
24 0.0446031 17.1464 -0.622994 -0.0144093 0.0193314 -0.611783 16.5931 -0.0238387 -0.00437999 -0.0197163 0.0193969 16.2392 0.345862 0.00440368 0.00551008 -0.345492 16.0346 -0.0363338 -0.000840372 0.00112743 -0.03568 0.967732 -0.0013903 -0.000255447 -0.00114988 0.00113125 0.947093 0.0201711 0.000256828 0.000321355 -0.0201496 0.93516
25 0.0463447 16.0032 -0.474292 -0.0212709 0.0302111 -0.46295 15.4508 -0.0354229 -0.0172012 -0.0284062 0.0335674 15.0802 0.155714 0.0188902 0.014472 -0.154705 14.8815 -0.0296372 -0.00132916 0.00188781 -0.0289285 0.965478 -0.00221348 -0.00107486 -0.00177503 0.00209754 0.942323 0.00973012 0.0011804 0.000904319 -0.0096671 0.929906
26 0.0480722 15.3582 -0.34875 -0.0206699 0.0332509 -0.337612 14.8071 -0.0350592 -0.0273739 -0.0269723 0.0349681 14.4496 -0.0522406 0.025273 0.0226993 0.0530532 14.2594 -0.0227078 -0.00134585 0.00216503 -0.0219826 0.964119 -0.00228277 -0.00178237 -0.00175622 0.00227684 0.940843 -0.00340149 0.00164557 0.001478 0.0034544 0.928456
27 0.049785 15.1059 -0.252958 -0.014426 0.0312324 -0.242691 14.5565 -0.0229697 -0.0299161 -0.017453 0.0235253 14.2322 -0.161927 0.0255024 0.0270469 0.161723 14.0517 -0.0167456 -0.000954992 0.00206756 -0.0160659 0.963628 -0.00152057 -0.00198042 -0.00115538 0.00155735 0.94216 -0.0107194 0.00168824 0.00179048 0.0107059 0.930208
28 0.0514827 14.9122 -0.174945 -0.00593516 0.0280707 -0.166121 14.3643 -0.00490752 -0.0232085 -0.0044087 0.00550051 14.0734 -0.126392 0.0235451 0.0264157 0.125064 13.9017 -0.0117316 -0.000398006 0.0018824 -0.0111399 0.963257 -0.000329094 -0.00155634 -0.000295643 0.000368859 0.943751 -0.0084757 0.00157891 0.00177141 0.00838666 0.932236
29 0.0531646 14.4611 -0.0974211 0.00151341 0.0262995 -0.0899908 13.9142 0.010279 -0.00961996 0.00700879 -0.00951181 13.6383 0.0113514 0.0225944 0.0217009 -0.0131281 13.4727 -0.00673678 0.000104654 0.00181864 -0.00622297 0.962184 0.000710802 -0.000665231 0.000484666 -0.000657752 0.943102 0.000784959 0.00156243 0.00150064 -0.000907822 0.931655
30 0.0548304 13.6483 -0.0128622 0.00592455 0.0259575 -0.00599444 13.1018 0.0151519 0.00559617 0.0129256 -0.0137617 12.8148 0.153407 0.0233434 0.0149604 -0.154703 12.6525 -0.000942399 0.000434087 0.00190189 -0.000439207 0.959958 0.00111017 0.000410027 0.00094705 -0.00100831 0.938933 0.01124 0.00171035 0.00109613 -0.011335 0.927036
31 0.0564795 12.6123 0.0696857 0.00682851 0.0251932 0.0772164 12.0652 0.00776208 0.0166028 0.0118941 -0.0056391 11.7482 0.210753 0.0240626 0.00844616 -0.211046 11.5872 0.00552522 0.000541417 0.00199751 0.00612231 0.956625 0.000615438 0.0013164 0.000943052 -0.000447112 0.931487 0.0167101 0.00190787 0.000669676 -0.0167334 0.918724
32 0.0581114 11.6136 0.130343 0.00478814 0.0218547 0.139444 11.0652 -0.0071751 0.019514 0.00503482 0.00954216 10.7149 0.153623 0.0220708 0.00387498 -0.153113 10.5555 0.0112233 0.000412287 0.00188182 0.0120069 0.952775 -0.000617819 0.00168027 0.000433528 0.000821636 0.922614 0.0132279 0.00190043 0.000333658 -0.013184 0.908893
33 0.0597256 10.8647 0.152448 0.000795264 0.0150004 0.163151 10.3144 -0.0208129 0.0140799 -0.00471269 0.0227085 9.94298 0.0203186 0.0155694 0.0020048 -0.0197569 9.7872 0.0140315 7.31972e-05 0.00138066 0.0150166 0.94935 -0.00191565 0.00129594 -0.000433763 0.00209012 0.915166 0.00187015 0.00143303 0.000184525 -0.00181845 0.900827
34 0.0613216 10.4195 0.135189 -0.00400706 0.0055753 0.146623 9.86754 -0.0249862 0.00372916 -0.013848 0.0261323 9.4938 -0.114428 0.00486315 0.00250696 0.114149 9.34395 0.0129747 -0.000384574 0.000535085 0.014072 0.94703 -0.00239803 0.000357903 -0.00132905 0.00250803 0.91116 -0.0109821 0.000466737 0.000240604 0.0109553 0.896778
35 0.0628989 10.1741 0.0961565 -0.00832497 -0.00395296 0.107047 9.62151 -0.0165336 -0.00611885 -0.0195818 0.0174202 9.26007 -0.1866 -0.00755476 0.00418966 0.184769 9.11772 0.0094511 -0.000818251 -0.000388531 0.0105215 0.945686 -0.00162507 -0.000601414 -0.00192467 0.00171221 0.910161 -0.0183407 -0.000742548 0.000411797 0.0181607 0.896169
36 0.064457 9.9543 0.0620206 -0.0107951 -0.0107442 0.0713625 9.40251 0.00126105 -0.010688 -0.0206721 0.000247378 9.05708 -0.175965 -0.0180349 0.00558941 0.17215 8.92245 0.00623053 -0.00108447 -0.00107935 0.00716901 0.944567 0.000126684 -0.00107371 -0.0020767 2.48513e-05 0.909866 -0.0176773 -0.00181177 0.000561507 0.0172941 0.896341
37 0.0659956 9.62197 0.0535238 -0.010367 -0.0129687 0.0610021 9.07245 0.0207223 -0.00809017 -0.0175549 -0.018167 8.73583 -0.108968 -0.0234377 0.00572247 0.103011 8.60818 0.00556267 -0.00107743 -0.00134783 0.00633987 0.942889 0.00215364 -0.000840802 -0.00182446 -0.00188808 0.907904 -0.0113249 -0.00243585 0.000594729 0.0107058 0.894638
38 0.067514 9.13835 0.0746319 -0.00679989 -0.0107593 0.0805568 8.59217 0.0339401 -5.65492e-06 -0.0117959 -0.0309927 8.25175 -0.035593 -0.0226625 0.00457679 0.0276562 8.13013 0.00816689 -0.000744105 -0.00117738 0.00881525 0.940232 0.00371403 -6.18812e-07 -0.00129081 -0.0033915 0.902981 -0.00389491 -0.00247994 0.000500833 0.00302639 0.889671
39 0.0690118 8.55972 0.112521 -0.000852191 -0.00620828 0.117391 8.01729 0.0366265 0.00951189 -0.00520191 -0.0348117 7.66222 0.00179595 -0.017267 0.00299291 -0.0111258 7.54597 0.0131454 -9.95583e-05 -0.00072529 0.0137144 0.93663 0.00427893 0.00111124 -0.00060772 -0.00406693 0.895149 0.000209815 -0.00201724 0.00034965 -0.00129978 0.881567
40 0.10628 7.98416 0.147488 0.00606887 -0.0023349 0.151506 7.44522 0.0297193 0.0163534 0.000922711 -0.0303901 7.07122 -0.0113423 -0.010773 0.00196886 0.001613 6.95994 0.0184725 0.000760113 -0.000292442 0.0189758 0.932499 0.00372228 0.00204823 0.000115568 -0.0038063 0.885656 -0.00142061 -0.0013493 0.000246596 0.000202025 0.871718
42 0.146749 7.10406 0.163901 0.0177655 -0.00428653 0.165034 6.56893 0.00838402 0.0164906 0.0100152 -0.0122109 6.17043 -0.121386 -0.00767532 0.00205787 0.11393 6.06656 0.0230715 0.00250076 -0.000603392 0.0232309 0.924673 0.00118017 0.00232129 0.00140978 -0.00171887 0.868578 -0.0170868 -0.00108041 0.000289675 0.0160373 0.853956
44 0.152348 6.5442 0.135076 0.0226875 -0.0130731 0.132059 6.00487 0.0075322 0.0113281 0.0144096 -0.0048377 5.6105 -0.197146 -0.0173899 -0.000841587 0.192715 5.50826 0.0206406 0.00346681 -0.00199766 0.0201796 0.917587 0.00115097 0.00173102 0.00220189 -0.000739235 0.857325 -0.0301253 -0.00265731 -0.0001286 0.0294482 0.841702
46 0.157761 6.05307 0.112015 0.0180802 -0.0104461 0.108234 5.50182 0.0213322 0.0164211 0.0124064 -0.0112382 5.12017 -0.20803 -0.0158446 -0.00804785 0.204369 5.01905 0.0185055 0.00298694 -0.00172574 0.0178809 0.908931 0.00352419 0.00271286 0.00204961 -0.0018566 0.84588 -0.0343677 -0.00261761 -0.00132955 0.033763 0.829175
48 0.162982 5.58126 0.1053 0.00539976 0.00368179 0.105445 5.02047 0.0167696 0.0233537 0.0050823 -0.00997121 4.64264 -0.181326 0.00172802 -0.00831092 0.17802 4.55022 0.0188667 0.000967479 0.00065967 0.0188926 0.899522 0.00300462 0.0041843 0.0009106 -0.00178655 0.831826 -0.0324884 0.000309611 -0.00148908 0.0318959 0.815266
50 0.168004 5.11644 0.143865 -0.00293648 0.0102246 0.147225 4.55646 -0.0106927 0.0162769 -0.00129291 0.0114873 4.16484 -0.137936 0.00793561 0.00278662 0.135687 4.08604 0.0281182 -0.000573929 0.00199839 0.0287749 0.890553 -0.00208988 0.00318129 -0.000252697 0.00224518 0.81401 -0.0269594 0.001551 0.00054464 0.0265199 0.79861
52 0.172821 4.64165 0.202439 0.000569292 0.000966853 0.203556 4.08728 -0.0244069 0.000215709 -0.000672885 0.0267429 3.66528 -0.161396 -0.00627725 0.0119845 0.15973 3.59641 0.0436137 0.000122649 0.0002083 0.0438544 0.880568 -0.00525824 4.64725e-05 -0.000144967 0.00576151 0.78965 -0.0347713 -0.00135238 0.00258195 0.0344123 0.774815
54 0.177428 4.25743 0.184113 0.00536918 -0.0057943 0.179503 3.70523 -0.00532753 -0.00163597 0.00567725 0.0106091 3.26032 -0.252962 -0.0113786 0.00785644 0.251176 3.19516 0.0432451 0.00126113 -0.00136098 0.0421623 0.870298 -0.00125135 -0.000384263 0.00133349 0.0024919 0.765794 -0.0594165 -0.00267264 0.00184535 0.0589972 0.750491
56 0.181819 3.98775 0.108309 0.00318439 0.00432836 0.10093 3.43396 0.00801202 0.0149412 0.00985155 -0.00637137 2.98955 -0.271273 0.00567004 5.28804e-06 0.268535 2.92603 0.0271603 0.000798544 0.00108541 0.0253101 0.861127 0.00200916 0.00374678 0.00247045 -0.00159774 0.749683 -0.0680267 0.00142187 1.32607e-06 0.06734 0.733755
58 0.185988 3.6989 0.0975006 0.00147305 0.0112687 0.0929153 3.14197 -0.0113819 0.0244556 0.0103853 0.0085733 2.69893 -0.194924 0.0130112 -4.79853e-05 0.190456 2.63881 0.0263594 0.00039824 0.00304649 0.0251197 0.849435 -0.00307712 0.00661159 0.00280767 0.0023178 0.729657 -0.0526978 0.00351758 -1.29729e-05 0.05149 0.713403
60 0.286303 3.35366 0.147938 0.00319377 -0.00258239 0.146209 2.79224 -0.0222148 0.0169034 0.0112 0.0234403 2.33378 -0.166938 -0.00623907 -0.00312922 0.161917 2.27891 0.0441126 0.000952326 -0.000770024 0.0435969 0.832596 -0.00662405 0.00504029 0.00333965 0.00698947 0.69589 -0.0497778 -0.00186038 -0.000933076 0.0482807 0.679529
64 0.394175 2.85337 0.100678 -0.0118686 -0.00425631 0.0971612 2.28523 0.0218689 0.0125172 -0.00407952 -0.0197405 1.80752 -0.247788 -0.00900462 -0.0127834 0.247373 1.76782 0.0352837 -0.00415951 -0.00149168 0.0340513 0.800886 0.00766423 0.00438679 -0.00142972 -0.00691832 0.633466 -0.0868402 -0.00315578 -0.00448009 0.0866949 0.619553
68 0.406626 2.50026 0.0561998 -0.00501384 0.0035041 0.0583308 1.93152 -0.0158942 -0.00573984 -0.00197638 0.0103187 1.42886 -0.188082 0.00205398 0.0154996 0.183966 1.40814 0.0224776 -0.00200533 0.0014015 0.0233299 0.772527 -0.00635703 -0.0022957 -0.000790469 0.00412704 0.571487 -0.075225 0.000821508 0.00619921 0.0735789 0.563196
72 0.417095 2.18625 0.0558378 -0.0014009 -0.00394435 0.0577449 1.608 0.00736294 -0.00324023 0.00274506 -0.00907677 1.06811 -0.211584 -0.00707046 -0.00816865 0.203568 1.06008 0.0255404 -0.000640775 -0.00180416 0.0264127 0.735503 0.00336783 -0.00148209 0.0012556 -0.00415174 0.488557 -0.0967791 -0.00323405 -0.00373637 0.0931127 0.484885
76 0.425533 1.97959 0.0129706 -0.00780526 0.00278235 0.011564 1.3909 -0.00806026 0.000535705 -0.00459823 0.00352466 0.839889 -0.230987 -0.00650661 0.00670336 0.225031 0.849984 0.00655213 -0.00394286 0.00140552 0.00584161 0.702618 -0.00407168 0.000270614 -0.00232282 0.0017805 0.424273 -0.116684 -0.00328684 0.00338623 0.113675 0.429373
80 0.431897 1.82377 0.00573022 -0.00205531 -0.0048773 0.0018877 1.22347 0.0130234 0.00248341 0.00270959 -0.00340227 0.62525 -0.21008 -0.00909785 -0.0130265 0.209051 0.650379 0.00314197 -0.00112696 -0.0026743 0.00103506 0.670845 0.00714096 0.00136169 0.00148571 -0.00186552 0.342835 -0.11519 -0.0049885 -0.00714265 0.114626 0.356613
84 0.436158 1.69868 -0.00920622 -0.00997645 0.0016041 -0.0080239 1.08454 -0.0118867 0.00506925 -0.00834949 0.00663369 0.459326 -0.268521 0.00752524 -0.0024816 0.271205 0.520541 -0.00541964 -0.00587307 0.00094432 -0.00472362 0.638462 -0.00699759 0.00298423 -0.00491529 0.00390521 0.270402 -0.158076 0.00443006 -0.0014609 0.159656 0.306439
88 0.328636 1.60556 -0.0344868 -0.00650537 -0.00457907 -0.0321523 0.986446 -0.00473329 -0.000652792 -0.0017945 0.00350383 0.350391 -0.227626 -0.0021581 -0.0160027 0.231085 0.446989 -0.0214796 -0.00405178 -0.00285201 -0.0200256 0.614394 -0.00294806 -0.000406582 -0.00111768 0.00218231 0.218236 -0.141774 -0.00134414 -0.00996708 0.143928 0.278401
90 0.219313 1.57041 -0.0208542 -0.00745006 -0.000757704 -0.0207166 0.947615 -0.00700409 0.000808701 -0.00581462 0.00451143 0.258255 -0.240429 -0.000887008 -0.00718074 0.242471 0.377611 -0.0132795 -0.00474403 -0.000482489 -0.0131919 0.603419 -0.00446005 0.000514963 -0.00370262 0.00287277 0.164451 -0.1531 -0.000564827 -0.00457253 0.1544 0.240454
92 0.328636 1.5537 -0.0319596 -0.00221504 0.00353764 -0.0316319 0.924982 -0.010713 -0.00484362 -0.0071442 0.00740819 0.195134 -0.279723 0.00122183 -0.00317821 0.280504 0.335992 -0.0205701 -0.00142566 0.00227692 -0.0203591 0.595343 -0.00689519 -0.00311748 -0.0045982 0.00476811 0.125594 -0.180037 0.000786403 -0.00204558 0.18054 0.216253
96 0.436158 1.53605 -0.0573296 -0.0125836 0.0144088 -0.0507172 0.883724 0.000734425 -0.0131866 0.00126974 0.00282722 0.143657 -0.299557 0.00377742 -0.0139852 0.300011 0.323434 -0.0373227 -0.00819219 0.00938039 -0.0330179 0.575321 0.000478125 -0.0085847 0.000826626 0.00184057 0.0935237 -0.195017 0.00245917 -0.00910465 0.195313 0.210562
100 0.431897 1.55068 -0.0643908 -0.00653801 0.00576324 -0.0610457 0.86434 -0.00741897 -0.00825378 0.000800571 0.00826908 0.0610889 -0.32366 0.0108521 -0.0031969 0.327512 0.298577 -0.0415242 -0.00421622 0.00371658 -0.0393671 0.557394 -0.00478433 -0.00532268 0.000516271 0.00533255 0.0393949 -0.208721 0.00699831 -0.00206161 0.211205 0.192545
104 0.425533 1.57446 -0.107186 0.000525389 0.0107669 -0.0989373 0.840238 -0.000678935 -0.0148588 0.0065056 -0.00265348 -0.0180677 -0.346039 0.0121189 -0.010803 0.345799 0.274514 -0.0680776 0.000333695 0.00683847 -0.0628389 0.533667 -0.000431217 -0.00943736 0.00413196 -0.00168533 -0.0114755 -0.219782 0.00769716 -0.00686141 0.21963 0.174354
108 0.417095 1.62087 -0.0976093 0.0106981 0.00462921 -0.0935733 0.843877 0.0111493 -0.0146869 -0.00170178 -0.00724044 -0.0732308 -0.370854 0.0093185 -0.0174157 0.371952 0.284942 -0.0602204 0.00660021 0.00285601 -0.0577304 0.520633 0.00687859 -0.00906112 -0.00104992 -0.00446702 -0.04518 -0.228799 0.00574909 -0.0107447 0.229477 0.175796
112 0.406626 1.71071 -0.111824 0.000728579 0.0013655 -0.110941 0.855783 0.00675243 -0.0159371 -0.00424457 -0.0115255 -0.15227 -0.40921 0.000922385 -0.0206788 0.406672 0.305916 -0.0653674 0.000425894 0.00079821 -0.064851 0.500252 0.00394716 -0.00931613 -0.00248118 -0.00673727 -0.08901 -0.239205 0.000539184 -0.0120879 0.237722 0.178825
116 0.394175 1.79529 -0.138134 -0.00537233 0.00185868 -0.133333 0.86676 0.0229275 -0.0206305 -0.00319442 -0.0284554 -0.21215 -0.433281 -0.000850978 -0.0323057 0.427594 0.333015 -0.0769428 -0.00299246 0.00103531 -0.0742683 0.482797 0.012771 -0.0114915 -0.00177934 -0.01585 -0.118171 -0.241344 -0.000474007 -0.0179947 0.238176 0.185494
120 0.379804 1.89675 -0.141588 -0.00913464 -0.00133515 -0.13669 0.867605 0.0253521 -0.016374 0.00744933 -0.0270464 -0.287081 -0.444952 -0.00613891 -0.0191114 0.439304 0.370575 -0.0746475 -0.00481594 -0.000703913 -0.0720652 0.457416 0.0133661 -0.00863263 0.00392741 -0.0142593 -0.151354 -0.234586 -0.00323653 -0.0100759 0.231609 0.195373
124 0.363583 2.00296 -0.151759 0.00434205 -0.00626536 -0.138843 0.895463 0.0171469 -0.0112625 -0.00498857 -0.022582 -0.378752 -0.464281 3.6909e-05 -0.0107339 0.461466 0.376406 -0.0757671 0.00216781 -0.00312805 -0.0693189 0.44707 0.00856076 -0.00562291 -0.0024906 -0.0112743 -0.189096 -0.231797 1.84272e-05 -0.00535899 0.230392 0.187925
128 0.34559 2.09899 -0.116264 0.00575026 0.00118844 -0.109304 0.880958 0.00135708 0.00572273 -0.0117704 -0.00441812 -0.450499 -0.442975 -0.00319219 0.00559098 0.440175 0.427919 -0.0553903 0.00273953 0.000566195 -0.0520747 0.419705 0.000646538 0.00272642 -0.00560763 -0.00210488 -0.214626 -0.211042 -0.00152082 0.00266364 0.209707 0.203868
132 0.325914 2.2158 -0.0856307 0.0136963 -0.0099689 -0.0866965 0.887553 0.00142594 0.0254047 -0.0115741 -0.00435503 -0.55741 -0.47428 -0.00172214 0.0245383 0.46867 0.436213 -0.0386456 0.0061812 -0.00449901 -0.0391266 0.400557 0.000643535 0.0114653 -0.00522347 -0.00196545 -0.251562 -0.214045 -0.000777209 0.0110743 0.211513 0.196865
136 0.304649 2.30879 -0.13063 0.0359676 -0.00108295 -0.126961 0.915343 -0.0289257 0.0235525 -0.0309449 0.0164491 -0.620447 -0.438287 0.0063856 0.0217824 0.441501 0.446832 -0.0565794 0.0155785 -0.000469057 -0.0549901 0.396459 -0.0125285 0.0102012 -0.0134031 0.00712455 -0.268732 -0.189834 0.00276577 0.00943452 0.191226 0.193535
140 0.281901 2.39449 -0.100611 0.019416 -0.0127489 -0.0923264 0.897508 -0.0528015 0.00812849 -0.0226913 0.0403388 -0.763055 -0.359741 -0.0107486 0.00700307 0.368028 0.421113 -0.0420179 0.00810859 -0.00532426 -0.0385578 0.374822 -0.0220513 0.00339466 -0.00947648 0.0168465 -0.318671 -0.150237 -0.00448887 0.00292466 0.153698 0.175867
144 0.257779 2.53543 -0.121934 0.0121053 0.000780753 -0.116762 0.953848 -0.0457774 0.00207548 -0.0225147 0.0333836 -0.865375 -0.35896 0.00642298 0.00940433 0.351007 0.412262 -0.0480918 0.00477447 0.000307937 -0.0460521 0.376207 -0.018055 0.000818589 -0.00888001 0.0131668 -0.341312 -0.141577 0.00253329 0.00370916 0.138441 0.1626
148 0.232401 2.58417 -0.106003 -0.0123454 -0.00600897 -0.105635 0.954233 -0.0510099 0.0225077 0.0146464 0.0445574 -0.979664 -0.25393 0.00271541 0.0318726 0.245273 0.348833 -0.0410202 -0.00477733 -0.0023253 -0.0408777 0.369261 -0.0197394 0.00870983 0.00566774 0.0172424 -0.379101 -0.0982634 0.00105078 0.0123338 0.0949137 0.134988
152 0.205891 2.73743 -0.0884772 -0.0175561 -0.021375 -0.0854306 1.0897 -0.00762183 0.0349864 0.00915103 -0.0027711 -1.05503 -0.154524 -0.0203444 0.0345398 0.148642 0.302576 -0.0323212 -0.00641334 -0.0078084 -0.0312083 0.398075 -0.0027843 0.0127807 0.00334293 -0.0010123 -0.38541 -0.0564486 -0.00743192 0.0126176 0.0542997 0.110533
156 0.178378 2.80845 -0.0484261 0.0445412 -0.0103567 -0.0456655 1.14879 0.00911256 0.0542158 -0.0533022 -0.0100794 -1.17646 -0.0513021 -0.00444998 0.0560912 0.0591115 0.202306 -0.017243 0.0158597 -0.00368771 -0.0162601 0.409049 0.0032447 0.0193046 -0.0189792 -0.00358894 -0.418902 -0.0182671 -0.0015845 0.0199723 0.0210478 0.072035
160 0.0971232 2.85811 -0.0500524 0.0272581 -0.0179269 -0.0493396 1.16576 0.0263186 0.0275563 -0.0196188 0.0036611 -1.19415 -0.0100917 -0.00449487 0.0344834 -0.000861004 0.232458 -0.0175124 0.0095371 -0.00627228 -0.017263 0.407879 0.00920839 0.00964145 -0.00686425 0.00128095 -0.41781 -0.00353089 -0.00157267 0.0120651 -0.000301249 0.0813327
161 0.0357021 2.88349 -0.0328122 0.00770379 -0.0123557 -0.0354312 1.19248 0.028419 0.0158417 -0.00117771 0.00334499 -1.18117 -0.0247996 -0.00371555 0.0257664 0.0085872 0.24797 -0.0113793 0.00267169 -0.00428496 -0.0122876 0.413555 0.00985577 0.00549391 -0.000408432 0.00116005 -0.409631 -0.00860053 -0.00128856 0.00893582 0.00297805 0.0859963
162 0.0338871 2.91286 -0.0156441 -0.00960976 -0.00541625 -0.0200955 1.23036 0.0273634 0.00687784 0.0143168 0.00242831 -1.17545 -0.0517346 -0.00207098 0.0199026 0.0320974 0.247742 -0.0053707 -0.00329908 -0.00185942 -0.00689887 0.422388 0.00939398 0.00236119 0.00491503 0.000833651 -0.403539 -0.0177607 -0.000710976 0.00683267 0.0110192 0.0850511
163 0.0320617 2.93949 -0.00880668 -0.0223819 -0.000753464 -0.0122471 1.27061 0.0241864 0.00126054 0.025557 0.00118182 -1.18296 -0.0800312 -0.00200732 0.0158772 0.0588926 0.227779 -0.00299599 -0.0076142 -0.000256325 -0.0041664 0.432256 0.00822807 0.00042883 0.00869435 0.000402048 -0.402436 -0.0272262 -0.000682879 0.00540135 0.020035 0.0774891
164 0.0302266 2.95557 -0.0201394 -0.0302295 -0.00148603 -0.019833 1.30038 0.0212345 -0.00170932 0.0324534 -0.000716876 -1.20711 -0.0941346 -0.00599413 0.0114022 0.0734884 0.190258 -0.00681406 -0.010228 -0.000502789 -0.0067104 0.439976 0.00718458 -0.000578337 0.0109804 -0.000242551 -0.408418 -0.0318499 -0.00202808 0.00385788 0.0248644 0.0643726
165 0.0283823 2.95855 -0.0504224 -0.0334624 -0.00872932 -0.0453219 1.31053 0.0207981 -0.00299035 0.0350028 -0.00377387 -1.24773 -0.0834236 -0.0148601 0.00497816 0.0655841 0.143105 -0.0170429 -0.0113104 -0.00295054 -0.015319 0.442963 0.00702982 -0.00101075 0.011831 -0.00127558 -0.421737 -0.0281974 -0.00502277 0.00168263 0.0221676 0.0483701
166 0.0265294 2.95666 -0.0911475 -0.031799 -0.0210915 -0.0826427 1.30453 0.0236416 -0.0029607 0.0325751 -0.00807846 -1.29905 -0.0518344 -0.0269438 -0.00268585 0.0394193 0.0983054 -0.0308279 -0.010755 -0.00713355 -0.0279514 0.441217 0.00799606 -0.00100137 0.0110175 -0.00273229 -0.439366 -0.0175314 -0.00911294 -0.000908406 0.0133324 0.0332488
167 0.0246683 2.96713 -0.126214 -0.0241847 -0.0352922 -0.117518 1.30141 0.028459 -0.00149309 0.0243126 -0.0130412 -1.34791 -0.0195074 -0.038574 -0.00909535 0.0147996 0.0682594 -0.0425374 -0.00815087 -0.0118944 -0.0396067 0.43861 0.00959142 -0.00050321 0.00819398 -0.00439523 -0.45428 -0.00657448 -0.0130004 -0.00306537 0.00498785 0.0230052
168 0.0172754 3.00423 -0.1378 -0.0101024 -0.0474778 -0.132253 1.32771 0.0326416 0.00119681 0.0104958 -0.017709 -1.37482 -0.0118238 -0.0456702 -0.0119522 0.0156897 0.0597909 -0.0458687 -0.00336272 -0.0158036 -0.0440222 0.441946 0.0108652 0.000398375 0.00349366 -0.0058947 -0.457629 -0.00393571 -0.015202 -0.00397846 0.00522255 0.0199022
168.5 0.0109315 3.03212 -0.130801 -0.00111702 -0.0517877 -0.127603 1.35802 0.0336975 0.0026479 0.00225334 -0.0196894 -1.37364 -0.0217421 -0.0466079 -0.0118834 0.0295176 0.0626027 -0.0431387 -0.000368396 -0.0170797 -0.0420836 0.44788 0.0111135 0.000873283 0.000743159 -0.00649362 -0.453031 -0.0071706 -0.0153714 -0.00391918 0.00973498 0.0206465
169 0.0104622 3.06226 -0.114682 0.00846677 -0.054537 -0.113928 1.40023 0.0337886 0.00385417 -0.00612431 -0.0213802 -1.36014 -0.0397602 -0.0456351 -0.0110555 0.0507793 0.067681 -0.0374502 0.00276488 -0.0178094 -0.0372041 0.457254 0.0110339 0.0012586 -0.00199993 -0.00698184 -0.444163 -0.012984 -0.0149024 -0.00361026 0.0165823 0.0221017
169.5 0.00999215 3.08945 -0.0902326 0.0178535 -0.055578 -0.0916812 1.45227 0.0328446 0.00455333 -0.0138986 -0.0227932 -1.33357 -0.062383 -0.0428509 -0.00979985 0.0757074 0.072109 -0.0292067 0.00577888 -0.0179896 -0.0296756 0.470075 0.0106312 0.00147383 -0.00449872 -0.00737775 -0.431653 -0.0201923 -0.0138701 -0.00317204 0.0245052 0.0233404
170 0.0095213 3.10739 -0.0592433 0.0261021 -0.0548641 -0.062349 1.51025 0.0309014 0.00452242 -0.0202764 -0.023969 -1.29453 -0.0841841 -0.0385171 -0.00848703 0.098679 0.0724116 -0.0190653 0.00840002 -0.017656 -0.0200648 0.486018 0.0099445 0.00145538 -0.00652523 -0.00771356 -0.416598 -0.0270916 -0.0123953 -0.00273124 0.0317563 0.0233031
170.5 0.00904972 3.10976 -0.0243529 0.0322335 -0.0524375 -0.0283495 1.56888 0.0280818 0.00362892 -0.024508 -0.0249579 -1.2452 -0.0984672 -0.0330163 -0.00744664 0.112906 0.0650108 -0.00783112 0.0103653 -0.0168622 -0.00911633 0.504503 0.00903023 0.00116695 -0.007881 -0.00802567 -0.400417 -0.031664 -0.010617 -0.00239461 0.0363069 0.0209054
171 0.00857745 3.09159 0.0112347 0.0353661 -0.0484117 0.00722334 1.62235 0.0245664 0.00186891 -0.025993 -0.0257983 -1.1894 -0.0982804 -0.0267946 -0.00689745 0.111462 0.0468007 0.00363397 0.0114394 -0.0156591 0.00233645 0.524762 0.0079462 0.000604513 -0.00840764 -0.00834465 -0.384721 -0.0317896 -0.00866691 -0.00223103 0.0360532 0.0151381
171.5 0.00810453 3.05076 0.0441368 0.0348568 -0.0429531 0.040974 1.66533 0.0205637 -0.000617982 -0.0243794 -0.0264992 -1.13249 -0.0776432 -0.0202958 -0.00690463 0.0885136 0.0157608 0.0144675 0.0114256 -0.0140795 0.0134308 0.545876 0.00674054 -0.000202567 -0.00799127 -0.00868612 -0.371216 -0.0254505 -0.00665272 -0.00226325 0.0290137 0.00516619
172 0.00763099 2.9892 0.0712292 0.0304259 -0.036264 0.0696496 1.69409 0.0162853 -0.00356202 -0.0196371 -0.0270309 -1.08104 -0.0327907 -0.0139008 -0.00737359 0.0405449 -0.0284938 0.0238289 0.0101786 -0.0121317 0.0233004 0.566738 0.00544804 -0.00119163 -0.00656935 -0.00904286 -0.361648 -0.0109697 -0.00465033 -0.00246675 0.0135638 -0.00953225
172.5 0.00715688 2.9138 0.0900714 0.0222407 -0.0285691 0.090588 1.70745 0.0119297 -0.00660422 -0.0120928 -0.0273258 -1.04234 0.0367956 -0.00787737 -0.00808139 -0.0326411 -0.0843355 0.030912 0.0076329 -0.00980475 0.0310893 0.585987 0.0040942 -0.00226653 -0.0041502 -0.00937806 -0.357725 0.012628 -0.00270347 -0.00277349 -0.0112022 -0.0289435
173 0.00668221 2.83645 0.0992481 0.0109393 -0.0201049 0.102096 1.70735 0.00767654 -0.00935712 -0.002417 -0.0272907 -1.02375 0.127788 -0.00235222 -0.00873743 -0.127362 -0.148018 0.0349902 0.00385669 -0.00708805 0.0359943 0.601931 0.00270639 -0.00329888 -0.000852119 -0.00962141 -0.360925 0.0450522 -0.000829283 -0.00308041 -0.0449019 -0.0521841
173.5 0.00620704 2.77329 0.0985674 -0.00241466 -0.0111134 0.103691 1.69897 0.00368748 -0.0114729 0.00843988 -0.0268265 -1.03194 0.233012 0.00269346 -0.0090585 -0.236095 -0.2139 0.0355417 -0.000870686 -0.00400729 0.0373892 0.612619 0.00132964 -0.00413694 0.00304327 -0.00967319 -0.372101 0.0840201 0.000971215 -0.00326634 -0.0851319 -0.0771287
174 0.0057314 2.74298 0.0890771 -0.0164462 -0.00183642 0.0961553 1.69018 0.000110078 -0.0127047 0.0193542 -0.0258518 -1.07219 0.342107 0.00740287 -0.00883954 -0.348182 -0.275017 0.0324746 -0.00599575 -0.000669498 0.0350551 0.616183 4.01309e-05 -0.00463172 0.0070559 -0.00942472 -0.390886 0.124721 0.00269884 -0.00322261 -0.126936 -0.100262
174.5 0.00525531 2.7643 0.0728868 -0.0296387 0.00748838 0.0813946 1.69044 -0.00292041 -0.0129473 0.0291669 -0.0243237 -1.14765 0.442819 0.0120014 -0.00800314 -0.451147 -0.32394 0.0263672 -0.0107219 0.00270896 0.0294449 0.611525 -0.00105647 -0.00468376 0.0105513 -0.00879922 -0.415169 0.160192 0.00434155 -0.00289518 -0.163205 -0.117187
175 0.00477883 2.85325 0.0528218 -0.0405365 0.016633 0.0621121 1.70932 -0.00528512 -0.0122497 0.0368334 -0.022253 -1.25887 0.522751 0.0167404 -0.00661622 -0.532467 -0.353821 0.0185128 -0.0142071 0.0058295 0.0217689 0.599077 -0.00185232 -0.00429324 0.0129093 -0.00779917 -0.441205 0.183212 0.00586714 -0.00231884 -0.186618 -0.124006
175.5 0.00430199 3.02009 0.031964 -0.0479503 0.0253854 0.0413574 1.75473 -0.00689269 -0.0107958 0.0415624 -0.0197086 -1.40345 0.571302 0.0218373 -0.00487051 -0.581519 -0.359476 0.0105838 -0.0158771 0.0084055 0.0136941 0.581019 -0.00228228 -0.00357468 0.013762 -0.00652584 -0.464704 0.189167 0.00723069 -0.0016127 -0.19255 -0.119028
176 0.00382481 3.26692 0.013159 -0.0511327 0.0335561 0.0220269 1.83134 -0.00769557 -0.00886068 0.0429261 -0.0168122 -1.57603 0.581492 0.0274213 -0.00303291 -0.591392 -0.338317 0.00402794 -0.0156517 0.0102715 0.00674242 0.560573 -0.00235561 -0.00271225 0.0131396 -0.00514619 -0.482423 0.177994 0.00839365 -0.000928372 -0.181024 -0.103559
176.5 0.00334735 3.58608 -0.00142437 -0.0498955 0.0409858 0.00640759 1.93935 -0.00770726 -0.00675052 0.0409216 -0.0137236 -1.76853 0.551321 0.0334945 -0.00137892 -0.56023 -0.290981 -0.000397194 -0.0139136 0.0114291 0.00178679 0.540799 -0.00214921 -0.00188242 0.0114112 -0.00382691 -0.493166 0.153739 0.00934012 -0.000384519 -0.156223 -0.0811416
177 0.00286963 3.95996 -0.0106013 -0.0446485 0.0475496 -0.00415398 2.07389 -0.00701473 -0.00474316 0.0359765 -0.0106219 -1.97063 0.484413 0.039915 -0.000126523 -0.491852 -0.221516 -0.00267712 -0.011275 0.0120076 -0.00104899 0.523716 -0.00177141 -0.00119778 0.00908506 -0.00268233 -0.49764 0.122328 0.0100797 -3.19506e-05 -0.124206 -0.055939
177.5 0.00239169 4.36208 -0.0142908 -0.03635 0.0531598 -0.00939546 2.2253 -0.00578052 -0.00304098 0.0288941 -0.00768476 -2.17054 0.389776 0.0464053 0.000612577 -0.39549 -0.137076 -0.00327615 -0.00833318 0.0121868 -0.0021539 0.510146 -0.00132518 -0.000697139 0.00662394 -0.00176172 -0.497594 0.0893555 0.0106383 0.000140432 -0.0906655 -0.0314245
178 0.00191357 4.7597 -0.0134264 -0.0263739 0.0577638 -0.0100717 2.38013 -0.00423126 -0.00174708 0.0207476 -0.00507197 -2.3559 0.280681 0.0525832 0.000852414 -0.284633 -0.0471198 -0.00282086 -0.0055411 0.012136 -0.00211605 0.500058 -0.000888976 -0.000367056 0.00435902 -0.00106561 -0.494969 0.0589703 0.0110476 0.00017909 -0.0598006 -0.00989974
178.5 0.00143531 5.11746 -0.00967801 -0.0163138 0.0613385 -0.0076937 2.52291 -0.00263223 -0.000868388 0.0127352 -0.00291437 -2.51478 0.172792 0.0580126 0.000718603 -0.175147 0.0377698 -0.00189118 -0.00318788 0.0119861 -0.00150342 0.493001 -0.000514362 -0.000169691 0.00248858 -0.000569496 -0.491412 0.0337653 0.0113362 0.000140422 -0.0342253 0.00738058
179 0.000956932 5.40164 -0.00504132 -0.00774975 0.0638814 -0.00412859 2.63832 -0.0012513 -0.000342381 0.00601766 -0.00130944 -2.63664 0.0818475 0.062264 0.000405282 -0.0829359 0.107289 -0.000933294 -0.0014347 0.0118263 -0.00076432 0.488429 -0.000231652 -6.33846e-05 0.00111404 -0.000242416 -0.488119 0.0151523 0.0115269 7.50294e-05 -0.0153538 0.0198622
179.5 0.000478484 5.58442 -0.00137822 -0.00201542 0.0654008 -0.00114543 2.71337 -0.000318545 -7.82721e-05 0.00156008 -0.000322273 -2.71327 0.0212528 0.064976 0.000115283 -0.0215313 0.152826 -0.000246797 -0.0003609 0.0117113 -0.000205111 0.485882 -5.70418e-05 -1.40161e-05 0.000279363 -5.77093e-05 -0.485863 0.00380573 0.0116352 2.06437e-05 -0.0038556 0.0273664
180 5.98114e-05 5.64748 -3.28377e-16 -4.04534e-16 0.065906 -4.2783e-16 2.73941 1.06655e-05 4.3755e-16 2.78714e-16 1.06655e-05 -2.73941 -2.458e-16 0.065908 5.17179e-16 3.67963e-16 0.168671 -5.81458e-17 -7.16309e-17 0.01167 -7.5756e-17 0.485067 1.88854e-06 7.7477e-17 4.93519e-17 1.88854e-06 -0.485067 -4.35237e-17 0.0116703 9.1577e-17 6.51553e-17 0.0298665
