theta 2pi*dcos S11 S12 S13 S14 S21 S22 S23 S24 S31 S32 S33 S34 S41 S42 S43 S44 S12_norm S13_norm S14_norm S21_norm S22_norm S23_norm S24_norm S31_norm S32_norm S33_norm S34_norm S41_norm S42_norm S43_norm S44_norm
0 2.39246e-06 0.128516 3.1687e-19 0 1.0858e-06 1.81805e-19 0.128158 -3.95298e-07 0 0 3.95298e-07 0.128158 0 1.08598e-06 0 0 0.127801 2.4656e-18 0 8.44871e-06 1.41465e-18 0.997214 -3.07586e-06 0 0 3.07586e-06 0.997214 0 8.45016e-06 0 0 0.99443
0.1 1.91397e-05 0.128516 -1.06364e-07 -1.53401e-13 1.08579e-06 -1.06364e-07 0.128158 -3.95298e-07 -6.18198e-13 2.78331e-13 3.95298e-07 0.128158 1.99547e-08 1.08598e-06 -1.11697e-12 -1.99546e-08 0.1278 -8.27636e-07 -1.19364e-12 8.4487e-06 -8.27636e-07 0.997214 -3.07586e-06 -4.81028e-12 2.16573e-12 3.07586e-06 0.997214 1.5527e-07 8.45015e-06 -8.69127e-12 -1.55269e-07 0.99443
0.2 3.82793e-05 0.128515 -4.25454e-07 -6.13577e-13 1.08578e-06 -4.25454e-07 0.128157 -3.95298e-07 -2.47277e-12 1.11332e-12 3.95298e-07 0.128157 7.98181e-08 1.08597e-06 -4.46783e-12 -7.98177e-08 0.127799 -3.31054e-06 -4.77437e-12 8.44866e-06 -3.31054e-06 0.997214 -3.07589e-06 -1.92412e-11 8.663e-12 3.07589e-06 0.997214 6.21081e-07 8.45012e-06 -3.47651e-11 -6.21078e-07 0.99443
0.3 5.74188e-05 0.128513 -9.57257e-07 -1.38051e-12 1.08576e-06 -9.57257e-07 0.128155 -3.95297e-07 -5.56364e-12 2.50493e-12 3.95297e-07 0.128155 1.79588e-07 1.08594e-06 -1.00525e-11 -1.79588e-07 0.127797 -7.44872e-06 -1.07422e-11 8.44861e-06 -7.44872e-06 0.997214 -3.07593e-06 -4.32925e-11 1.94917e-11 3.07593e-06 0.997214 1.39744e-06 8.45007e-06 -7.82216e-11 -1.39743e-06 0.99443
0.4 7.65581e-05 0.12851 -1.70175e-06 -2.45414e-12 1.08572e-06 -1.70175e-06 0.128152 -3.95297e-07 -9.89068e-12 4.4531e-12 3.95297e-07 0.128152 3.19263e-07 1.08591e-06 -1.78708e-11 -3.19261e-07 0.127794 -1.32422e-05 -1.90969e-11 8.44853e-06 -1.32422e-05 0.997214 -3.07599e-06 -7.69642e-11 3.46517e-11 3.07599e-06 0.997214 2.48434e-06 8.45e-06 -1.39061e-10 -2.48432e-06 0.99443
0.5 9.56972e-05 0.128507 -2.65892e-06 -3.83441e-12 1.08568e-06 -2.65892e-06 0.128149 -3.95296e-07 -1.54537e-11 6.95773e-12 3.95296e-07 0.128149 4.98836e-07 1.08587e-06 -2.79224e-11 -4.98834e-07 0.127791 -2.06909e-05 -2.98382e-11 8.44844e-06 -2.06909e-05 0.997214 -3.07607e-06 -1.20256e-10 5.41429e-11 3.07607e-06 0.997214 3.88179e-06 8.44991e-06 -2.17284e-10 -3.88177e-06 0.99443
0.6 0.000114836 0.128502 -3.82872e-06 -5.52121e-12 1.08563e-06 -3.82872e-06 0.128144 -3.95295e-07 -2.22525e-11 1.00187e-11 3.95295e-07 0.128144 7.18303e-07 1.08582e-06 -4.02071e-11 -7.183e-07 0.127787 -2.97949e-05 -4.29658e-11 8.44832e-06 -2.97949e-05 0.997214 -3.07617e-06 -1.73168e-10 7.79652e-11 3.07617e-06 0.997214 5.5898e-06 8.44979e-06 -3.1289e-10 -5.58978e-06 0.99443
0.7 0.000133974 0.128497 -5.21111e-06 -7.51444e-12 1.08557e-06 -5.21111e-06 0.128139 -3.95294e-07 -3.02867e-11 1.36359e-11 3.95294e-07 0.128139 9.77657e-07 1.08576e-06 -5.47244e-11 -9.77652e-07 0.127782 -4.05542e-05 -5.84793e-11 8.44817e-06 -4.05542e-05 0.997214 -3.07628e-06 -2.35699e-10 1.06118e-10 3.07628e-06 0.997214 7.60838e-06 8.44966e-06 -4.2588e-10 -7.60835e-06 0.994429
0.8 0.000153112 0.128491 -6.80604e-06 -9.81395e-12 1.0855e-06 -6.80604e-06 0.128133 -3.95292e-07 -3.95561e-11 1.78092e-11 3.95292e-07 0.128133 1.27689e-06 1.08569e-06 -7.14739e-11 -1.27688e-06 0.127776 -5.29688e-05 -7.63782e-11 8.44801e-06 -5.29688e-05 0.997214 -3.07641e-06 -3.0785e-10 1.38602e-10 3.07641e-06 0.997214 9.93754e-06 8.44951e-06 -5.56254e-10 -9.93749e-06 0.994429
0.9 0.00017225 0.128485 -8.61345e-06 -1.24196e-11 1.08542e-06 -8.61345e-06 0.128127 -3.95291e-07 -5.00603e-11 2.25383e-11 3.95291e-07 0.128127 1.61599e-06 1.08561e-06 -9.0455e-11 -1.61598e-06 0.127769 -6.70386e-05 -9.6662e-11 8.44783e-06 -6.70386e-05 0.997214 -3.07656e-06 -3.8962e-10 1.75416e-10 3.07656e-06 0.997214 1.25773e-05 8.44933e-06 -7.04013e-10 -1.25772e-05 0.994429
1 0.000191387 0.128477 -1.06333e-05 -1.53312e-11 1.08533e-06 -1.06333e-05 0.128119 -3.95289e-07 -6.17987e-11 2.78231e-11 3.95289e-07 0.128119 1.99495e-06 1.08552e-06 -1.11667e-10 -1.99494e-06 0.127762 -8.27638e-05 -1.1933e-10 8.44762e-06 -8.27638e-05 0.997214 -3.07672e-06 -4.81008e-10 2.1656e-10 3.07672e-06 0.997214 1.55276e-05 8.44914e-06 -8.69158e-10 -1.55276e-05 0.994429
1.1 0.000210523 0.128469 -1.28655e-05 -1.85486e-11 1.08523e-06 -1.28655e-05 0.128111 -3.95288e-07 -7.4771e-11 3.36632e-11 3.95288e-07 0.128111 2.41376e-06 1.08543e-06 -1.3511e-10 -2.41375e-06 0.127754 -0.000100144 -1.44382e-10 8.44739e-06 -0.000100144 0.997213 -3.0769e-06 -5.82015e-10 2.62033e-10 3.0769e-06 0.997213 1.87886e-05 8.44892e-06 -1.05169e-09 -1.87885e-05 0.994429
1.2 0.000229659 0.12846 -1.53099e-05 -2.20716e-11 1.08512e-06 -1.53099e-05 0.128102 -3.95286e-07 -8.89766e-11 4.00585e-11 3.95286e-07 0.128102 2.8724e-06 1.08532e-06 -1.60782e-10 -2.87239e-06 0.127745 -0.00011918 -1.71816e-10 8.44714e-06 -0.00011918 0.997213 -3.0771e-06 -6.92639e-10 3.11836e-10 3.0771e-06 0.997213 2.23602e-05 8.44869e-06 -1.25161e-09 -2.23601e-05 0.994428
1.3 0.000248794 0.128451 -1.79665e-05 -2.58998e-11 1.08501e-06 -1.79665e-05 0.128093 -3.95284e-07 -1.04415e-10 4.70087e-11 3.95284e-07 0.128093 3.37086e-06 1.08521e-06 -1.88683e-10 -3.37084e-06 0.127735 -0.000139871 -2.01633e-10 8.44687e-06 -0.000139871 0.997213 -3.07732e-06 -8.1288e-10 3.65967e-10 3.07732e-06 0.997213 2.62425e-05 8.44843e-06 -1.46891e-09 -2.62423e-05 0.994428
1.4 0.000267929 0.12844 -2.08352e-05 -3.00332e-11 1.08488e-06 -2.08352e-05 0.128082 -3.95281e-07 -1.21085e-10 5.45134e-11 3.95281e-07 0.128082 3.90912e-06 1.08508e-06 -2.18812e-10 -3.90911e-06 0.127724 -0.000162217 -2.3383e-10 8.44658e-06 -0.000162217 0.997213 -3.07755e-06 -9.42737e-10 4.24427e-10 3.07755e-06 0.997213 3.04354e-05 8.44815e-06 -1.70361e-09 -3.04352e-05 0.994428
1.5 0.000287062 0.128429 -2.39159e-05 -3.44713e-11 1.08474e-06 -2.39159e-05 0.128071 -3.95279e-07 -1.38987e-10 6.25723e-11 3.95279e-07 0.128071 4.48718e-06 1.08495e-06 -2.51167e-10 -4.48715e-06 0.127713 -0.000186219 -2.68408e-10 8.44626e-06 -0.000186219 0.997213 -3.0778e-06 -1.08221e-09 4.87214e-10 3.0778e-06 0.997213 3.4939e-05 8.44785e-06 -1.95569e-09 -3.49388e-05 0.994427
1.6 0.000306195 0.128417 -2.72085e-05 -3.92139e-11 1.0846e-06 -2.72085e-05 0.128059 -3.95276e-07 -1.58119e-10 7.11851e-11 3.95276e-07 0.128059 5.10499e-06 1.08481e-06 -2.85749e-10 -5.10497e-06 0.127701 -0.000211876 -3.05364e-10 8.44592e-06 -0.000211876 0.997212 -3.07807e-06 -1.2313e-09 5.54328e-10 3.07807e-06 0.997212 3.97533e-05 8.44754e-06 -2.22517e-09 -3.97531e-05 0.994427
1.7 0.000325327 0.128404 -3.07128e-05 -4.42607e-11 1.08444e-06 -3.07128e-05 0.128046 -3.95274e-07 -1.78482e-10 8.03513e-11 3.95274e-07 0.128046 5.76256e-06 1.08465e-06 -3.22555e-10 -5.76253e-06 0.127688 -0.000239189 -3.44699e-10 8.44557e-06 -0.000239189 0.997212 -3.07836e-06 -1.39e-09 6.25769e-10 3.07836e-06 0.997212 4.48784e-05 8.4472e-06 -2.51204e-09 -4.48781e-05 0.994426
1.8 0.000344457 0.12839 -3.44287e-05 -4.96114e-11 1.08428e-06 -3.44287e-05 0.128032 -3.95271e-07 -2.00073e-10 9.00705e-11 3.95271e-07 0.128032 6.45986e-06 1.08449e-06 -3.61585e-10 -6.45983e-06 0.127675 -0.000268156 -3.8641e-10 8.44519e-06 -0.000268156 0.997212 -3.07866e-06 -1.55831e-09 7.01536e-10 3.07866e-06 0.997212 5.03142e-05 8.44684e-06 -2.8163e-09 -5.03139e-05 0.994426
1.9 0.000363587 0.128376 -3.83561e-05 -5.52655e-11 1.08411e-06 -3.83561e-05 0.128018 -3.95267e-07 -2.22892e-10 1.00342e-10 3.95267e-07 0.128018 7.19686e-06 1.08432e-06 -4.02838e-10 -7.19683e-06 0.12766 -0.000298779 -4.30497e-10 8.44478e-06 -0.000298779 0.997212 -3.07898e-06 -1.73624e-09 7.81628e-10 3.07898e-06 0.997212 5.60608e-05 8.44646e-06 -3.13795e-09 -5.60605e-05 0.994425
2 0.000382716 0.128361 -4.24949e-05 -6.12228e-11 1.08393e-06 -4.24949e-05 0.128003 -3.95264e-07 -2.46938e-10 1.11166e-10 3.95264e-07 0.128003 7.97355e-06 1.08414e-06 -4.46311e-10 -7.97351e-06 0.127645 -0.000331058 -4.76958e-10 8.44436e-06 -0.000331058 0.997211 -3.07932e-06 -1.92378e-09 8.66044e-10 3.07932e-06 0.997211 6.21182e-05 8.44606e-06 -3.477e-09 -6.21179e-05 0.994425
2.1 0.000401843 0.128345 -4.68448e-05 -6.74827e-11 1.08373e-06 -4.68449e-05 0.127987 -3.95261e-07 -2.72211e-10 1.22542e-10 3.95261e-07 0.127987 8.78989e-06 1.08395e-06 -4.92004e-10 -8.78985e-06 0.127629 -0.000364992 -5.25792e-10 8.44392e-06 -0.000364992 0.997211 -3.07967e-06 -2.12093e-09 9.54785e-10 3.07967e-06 0.997211 6.84865e-05 8.44564e-06 -3.83345e-09 -6.84861e-05 0.994424
2.2 0.000420969 0.128328 -5.14059e-05 -7.4045e-11 1.08353e-06 -5.14059e-05 0.12797 -3.95257e-07 -2.98708e-10 1.34468e-10 3.95257e-07 0.12797 9.64587e-06 1.08376e-06 -5.39916e-10 -9.64583e-06 0.127613 -0.000400581 -5.76997e-10 8.44345e-06 -0.000400581 0.997211 -3.08005e-06 -2.32769e-09 1.04785e-09 3.08005e-06 0.997211 7.51656e-05 8.44519e-06 -4.2073e-09 -7.51653e-05 0.994424
2.3 0.000440094 0.128311 -5.61777e-05 -8.09091e-11 1.08332e-06 -5.61777e-05 0.127953 -3.95253e-07 -3.2643e-10 1.46946e-10 3.95253e-07 0.127953 1.05415e-05 1.08355e-06 -5.90043e-10 -1.05414e-05 0.127595 -0.000437826 -6.30571e-10 8.44296e-06 -0.000437826 0.997211 -3.08044e-06 -2.54406e-09 1.14523e-09 3.08044e-06 0.99721 8.21557e-05 8.44473e-06 -4.59855e-09 -8.21553e-05 0.994423
2.4 0.000459218 0.128293 -6.11603e-05 -8.80746e-11 1.0831e-06 -6.11603e-05 0.127935 -3.95249e-07 -3.55375e-10 1.59973e-10 3.95249e-07 0.127935 1.14766e-05 1.08333e-06 -6.42386e-10 -1.14766e-05 0.127577 -0.000476726 -6.86514e-10 8.44245e-06 -0.000476726 0.99721 -3.08084e-06 -2.77003e-09 1.24694e-09 3.08084e-06 0.99721 8.94567e-05 8.44425e-06 -5.0072e-09 -8.94562e-05 0.994423
2.5 0.00047834 0.128273 -6.63535e-05 -9.5541e-11 1.08287e-06 -6.63535e-05 0.127916 -3.95245e-07 -3.85541e-10 1.7355e-10 3.95245e-07 0.127916 1.24513e-05 1.08311e-06 -6.96943e-10 -1.24513e-05 0.127558 -0.000517281 -7.44823e-10 8.44192e-06 -0.000517281 0.99721 -3.08127e-06 -3.00561e-09 1.35297e-09 3.08127e-06 0.99721 9.70687e-05 8.44375e-06 -5.43326e-09 -9.70682e-05 0.994422
2.6 0.000497461 0.128254 -7.17569e-05 -1.03308e-10 1.08264e-06 -7.17569e-05 0.127896 -3.95241e-07 -4.16927e-10 1.87675e-10 3.95241e-07 0.127896 1.34656e-05 1.08287e-06 -7.53711e-10 -1.34655e-05 0.127538 -0.000559492 -8.05496e-10 8.44136e-06 -0.000559492 0.997209 -3.08171e-06 -3.2508e-09 1.46331e-09 3.08171e-06 0.997209 0.000104992 8.44322e-06 -5.87672e-09 -0.000104991 0.994421
2.7 0.00051658 0.128233 -7.73705e-05 -1.11375e-10 1.08239e-06 -7.73705e-05 0.127875 -3.95236e-07 -4.49533e-10 2.02349e-10 3.95236e-07 0.127875 1.45193e-05 1.08263e-06 -8.12688e-10 -1.45192e-05 0.127518 -0.000603359 -8.68533e-10 8.44079e-06 -0.000603359 0.997209 -3.08217e-06 -3.50559e-09 1.57798e-09 3.08217e-06 0.997209 0.000113226 8.44268e-06 -6.33759e-09 -0.000113225 0.994421
2.8 0.000535698 0.128212 -8.31941e-05 -1.19741e-10 1.08213e-06 -8.31941e-05 0.127854 -3.95232e-07 -4.83356e-10 2.1757e-10 3.95231e-07 0.127854 1.56125e-05 1.08238e-06 -8.73874e-10 -1.56124e-05 0.127496 -0.00064888 -9.3393e-10 8.44019e-06 -0.00064888 0.997209 -3.08265e-06 -3.76998e-09 1.69696e-09 3.08265e-06 0.997208 0.000121771 8.44212e-06 -6.81586e-09 -0.00012177 0.99442
2.9 0.000554814 0.12819 -8.92274e-05 -1.28406e-10 1.08187e-06 -8.92274e-05 0.127832 -3.95227e-07 -5.18396e-10 2.33338e-10 3.95227e-07 0.127832 1.6745e-05 1.08212e-06 -9.37266e-10 -1.6745e-05 0.127474 -0.000696058 -1.00169e-09 8.43957e-06 -0.000696058 0.997208 -3.08314e-06 -4.04398e-09 1.82025e-09 3.08314e-06 0.997208 0.000130627 8.44153e-06 -7.31155e-09 -0.000130627 0.994419
3 0.000573928 0.128167 -9.54702e-05 -1.37369e-10 1.08159e-06 -9.54702e-05 0.127809 -3.95222e-07 -5.5465e-10 2.49652e-10 3.95222e-07 0.127809 1.7917e-05 1.08185e-06 -1.00286e-09 -1.79169e-05 0.127451 -0.000744891 -1.0718e-09 8.43893e-06 -0.000744891 0.997208 -3.08365e-06 -4.32757e-09 1.94787e-09 3.08365e-06 0.997208 0.000139795 8.44092e-06 -7.82466e-09 -0.000139794 0.994418
3.1 0.00059304 0.128143 -0.000101922 -1.4663e-10 1.08131e-06 -0.000101922 0.127785 -3.95216e-07 -5.92118e-10 2.66511e-10 3.95216e-07 0.127785 1.91283e-05 1.08157e-06 -1.07066e-09 -1.91283e-05 0.127428 -0.000795379 -1.14427e-09 8.43827e-06 -0.000795379 0.997207 -3.08418e-06 -4.62076e-09 2.07979e-09 3.08418e-06 0.997207 0.000149273 8.4403e-06 -8.35518e-09 -0.000149273 0.994417
3.2 0.000612151 0.128119 -0.000108583 -1.56188e-10 1.08101e-06 -0.000108583 0.127761 -3.95211e-07 -6.30798e-10 2.83915e-10 3.95211e-07 0.127761 2.0379e-05 1.08128e-06 -1.14066e-09 -2.03789e-05 0.127403 -0.000847523 -1.21909e-09 8.43758e-06 -0.000847523 0.997207 -3.08473e-06 -4.92355e-09 2.21603e-09 3.08473e-06 0.997207 0.000159063 8.43965e-06 -8.90312e-09 -0.000159063 0.994417
3.3 0.00063126 0.128093 -0.000115453 -1.66042e-10 1.08071e-06 -0.000115453 0.127736 -3.95205e-07 -6.70688e-10 3.01863e-10 3.95205e-07 0.127736 2.16689e-05 1.08098e-06 -1.21285e-09 -2.16688e-05 0.127378 -0.000901322 -1.29625e-09 8.43688e-06 -0.000901322 0.997206 -3.08529e-06 -5.23593e-09 2.35658e-09 3.08529e-06 0.997206 0.000169165 8.43899e-06 -9.46847e-09 -0.000169164 0.994416
3.4 0.000650367 0.128068 -0.000122532 -1.76192e-10 1.0804e-06 -0.000122532 0.12771 -3.952e-07 -7.11787e-10 3.20354e-10 3.952e-07 0.12771 2.2998e-05 1.08067e-06 -1.28724e-09 -2.29979e-05 0.127352 -0.000956777 -1.37577e-09 8.43615e-06 -0.000956777 0.997206 -3.08587e-06 -5.5579e-09 2.50144e-09 3.08587e-06 0.997205 0.000179577 8.4383e-06 -1.00513e-08 -0.000179576 0.994415
3.5 0.000669472 0.128041 -0.000129819 -1.86637e-10 1.08008e-06 -0.000129819 0.127683 -3.95194e-07 -7.54093e-10 3.39387e-10 3.95194e-07 0.127683 2.43663e-05 1.08036e-06 -1.36382e-09 -2.43662e-05 0.127326 -0.00101389 -1.45764e-09 8.4354e-06 -0.00101389 0.997206 -3.08647e-06 -5.88947e-09 2.65061e-09 3.08647e-06 0.997205 0.000190301 8.43759e-06 -1.06515e-08 -0.0001903 0.994414
3.6 0.000688575 0.128013 -0.000137314 -1.97376e-10 1.07974e-06 -0.000137314 0.127655 -3.95188e-07 -7.97603e-10 3.58961e-10 3.95188e-07 0.127655 2.57738e-05 1.08003e-06 -1.44259e-09 -2.57737e-05 0.127298 -0.00107265 -1.54184e-09 8.43463e-06 -0.00107265 0.997205 -3.08708e-06 -6.23063e-09 2.80409e-09 3.08708e-06 0.997204 0.000201337 8.43686e-06 -1.12691e-08 -0.000201336 0.994413
3.7 0.000707676 0.127985 -0.000145017 -2.08409e-10 1.0794e-06 -0.000145017 0.127627 -3.95181e-07 -8.42317e-10 3.79075e-10 3.95181e-07 0.127627 2.72204e-05 1.0797e-06 -1.52355e-09 -2.72202e-05 0.12727 -0.00113308 -1.62839e-09 8.43384e-06 -0.00113308 0.997204 -3.08772e-06 -6.58138e-09 2.96187e-09 3.08772e-06 0.997204 0.000212684 8.43611e-06 -1.19042e-08 -0.000212683 0.994412
3.8 0.000726775 0.127956 -0.000152927 -2.19735e-10 1.07906e-06 -0.000152927 0.127598 -3.95175e-07 -8.88233e-10 3.99729e-10 3.95175e-07 0.127598 2.8706e-05 1.07935e-06 -1.6067e-09 -2.87058e-05 0.127241 -0.00119515 -1.71727e-09 8.43302e-06 -0.00119515 0.997204 -3.08837e-06 -6.94171e-09 3.12396e-09 3.08837e-06 0.997203 0.000224343 8.43534e-06 -1.25567e-08 -0.000224342 0.994411
3.9 0.000745871 0.127926 -0.000161044 -2.31353e-10 1.0787e-06 -0.000161044 0.127568 -3.95168e-07 -9.35348e-10 4.20922e-10 3.95168e-07 0.127568 3.02306e-05 1.079e-06 -1.69203e-09 -3.02304e-05 0.127211 -0.00125889 -1.80849e-09 8.43219e-06 -0.00125889 0.997203 -3.08904e-06 -7.31163e-09 3.29035e-09 3.08903e-06 0.997203 0.000236313 8.43455e-06 -1.32266e-08 -0.000236312 0.99441
4 0.000764965 0.127896 -0.000169369 -2.43262e-10 1.07833e-06 -0.000169369 0.127538 -3.95161e-07 -9.83661e-10 4.42652e-10 3.95161e-07 0.127538 3.17942e-05 1.07864e-06 -1.77954e-09 -3.1794e-05 0.12718 -0.00132427 -1.90204e-09 8.43133e-06 -0.00132428 0.997203 -3.08972e-06 -7.69113e-09 3.46104e-09 3.08972e-06 0.997202 0.000248595 8.43374e-06 -1.3914e-08 -0.000248594 0.994409
4.1 0.000784057 0.127864 -0.0001779 -2.55462e-10 1.07795e-06 -0.0001779 0.127506 -3.95154e-07 -1.03317e-09 4.64918e-10 3.95154e-07 0.127506 3.33967e-05 1.07827e-06 -1.86922e-09 -3.33965e-05 0.127149 -0.00139132 -1.99792e-09 8.43045e-06 -0.00139132 0.997202 -3.09042e-06 -8.08021e-09 3.63603e-09 3.09042e-06 0.997201 0.000261189 8.43291e-06 -1.46188e-08 -0.000261187 0.994408
4.2 0.000803147 0.127832 -0.000186637 -2.67952e-10 1.07757e-06 -0.000186637 0.127474 -3.95147e-07 -1.08387e-09 4.87721e-10 3.95147e-07 0.127474 3.5038e-05 1.07789e-06 -1.96108e-09 -3.50379e-05 0.127117 -0.00146002 -2.09613e-09 8.42955e-06 -0.00146002 0.997202 -3.09114e-06 -8.47887e-09 3.81532e-09 3.09114e-06 0.997201 0.000274094 8.43206e-06 -1.53411e-08 -0.000274093 0.994406
4.3 0.000822234 0.127799 -0.000195581 -2.80731e-10 1.07717e-06 -0.000195581 0.127442 -3.9514e-07 -1.13577e-09 5.11057e-10 3.9514e-07 0.127441 3.67182e-05 1.0775e-06 -2.05511e-09 -3.6718e-05 0.127084 -0.00153038 -2.19666e-09 8.42863e-06 -0.00153038 0.997201 -3.09188e-06 -8.88711e-09 3.99891e-09 3.09188e-06 0.9972 0.000287312 8.43119e-06 -1.60808e-08 -0.00028731 0.994405
4.4 0.000841318 0.127766 -0.00020473 -2.93798e-10 1.07677e-06 -0.00020473 0.127408 -3.95132e-07 -1.18885e-09 5.34927e-10 3.95132e-07 0.127408 3.84371e-05 1.0771e-06 -2.15131e-09 -3.8437e-05 0.127051 -0.00160239 -2.29951e-09 8.42768e-06 -0.00160239 0.9972 -3.09264e-06 -9.30492e-09 4.18679e-09 3.09263e-06 0.997199 0.000300841 8.4303e-06 -1.68379e-08 -0.00030084 0.994404
4.5 0.0008604 0.127731 -0.000214084 -3.07152e-10 1.07635e-06 -0.000214084 0.127373 -3.95125e-07 -1.24312e-09 5.5933e-10 3.95124e-07 0.127373 4.01948e-05 1.0767e-06 -2.24967e-09 -4.01946e-05 0.127016 -0.00167605 -2.40467e-09 8.42672e-06 -0.00167605 0.9972 -3.09341e-06 -9.73231e-09 4.37896e-09 3.0934e-06 0.997198 0.000314683 8.42939e-06 -1.76125e-08 -0.000314681 0.994403
4.6 0.00087948 0.127696 -0.000223644 -3.20792e-10 1.07593e-06 -0.000223644 0.127338 -3.95117e-07 -1.29857e-09 5.84264e-10 3.95116e-07 0.127338 4.1991e-05 1.07628e-06 -2.3502e-09 -4.19908e-05 0.126981 -0.00175138 -2.51215e-09 8.42573e-06 -0.00175138 0.997199 -3.0942e-06 -1.01693e-08 4.57543e-09 3.09419e-06 0.997197 0.000328836 8.42845e-06 -1.84046e-08 -0.000328834 0.994401
4.7 0.000898556 0.12766 -0.000233408 -3.34717e-10 1.0755e-06 -0.000233408 0.127302 -3.95108e-07 -1.35521e-09 6.09728e-10 3.95108e-07 0.127302 4.38259e-05 1.07586e-06 -2.45288e-09 -4.38257e-05 0.126945 -0.00182836 -2.62194e-09 8.42472e-06 -0.00182836 0.997198 -3.095e-06 -1.06158e-08 4.77618e-09 3.095e-06 0.997197 0.000343302 8.4275e-06 -1.92142e-08 -0.0003433 0.9944
4.8 0.00091763 0.127623 -0.000243377 -3.48928e-10 1.07506e-06 -0.000243377 0.127266 -3.951e-07 -1.41303e-09 6.3572e-10 3.951e-07 0.127266 4.56993e-05 1.07542e-06 -2.55772e-09 -4.56991e-05 0.126909 -0.00190699 -2.73404e-09 8.42369e-06 -0.00190699 0.997198 -3.09583e-06 -1.10719e-08 4.98122e-09 3.09583e-06 0.997196 0.00035808 8.42653e-06 -2.00411e-08 -0.000358078 0.994399
4.9 0.000936701 0.127586 -0.000253549 -3.63421e-10 1.07461e-06 -0.000253549 0.127228 -3.95092e-07 -1.47203e-09 6.62241e-10 3.95091e-07 0.127228 4.76112e-05 1.07498e-06 -2.66471e-09 -4.7611e-05 0.126871 -0.00198728 -2.84844e-09 8.42264e-06 -0.00198728 0.997197 -3.09667e-06 -1.15375e-08 5.19055e-09 3.09667e-06 0.997195 0.00037317 8.42553e-06 -2.08856e-08 -0.000373168 0.994397
5 0.00095577 0.127548 -0.000263925 -3.78198e-10 1.07415e-06 -0.000263925 0.12719 -3.95083e-07 -1.5322e-09 6.89288e-10 3.95082e-07 0.12719 4.95615e-05 1.07453e-06 -2.77385e-09 -4.95613e-05 0.126833 -0.00206923 -2.96515e-09 8.42157e-06 -0.00206923 0.997196 -3.09753e-06 -1.20128e-08 5.40416e-09 3.09753e-06 0.997194 0.000388572 8.42452e-06 -2.17476e-08 -0.00038857 0.994396
5.1 0.000974835 0.127509 -0.000274505 -3.93256e-10 1.07368e-06 -0.000274505 0.127151 -3.95074e-07 -1.59355e-09 7.16861e-10 3.95074e-07 0.127151 5.15501e-05 1.07407e-06 -2.88514e-09 -5.15499e-05 0.126794 -0.00215283 -3.08414e-09 8.42047e-06 -0.00215283 0.997196 -3.09841e-06 -1.24975e-08 5.62205e-09 3.0984e-06 0.997193 0.000404287 8.42348e-06 -2.2627e-08 -0.000404285 0.994394
5.2 0.000993897 0.127469 -0.000285287 -4.08594e-10 1.07321e-06 -0.000285287 0.127111 -3.95065e-07 -1.65606e-09 7.44957e-10 3.95064e-07 0.127111 5.35771e-05 1.0736e-06 -2.99856e-09 -5.35768e-05 0.126754 -0.00223809 -3.20544e-09 8.41935e-06 -0.00223809 0.997195 -3.0993e-06 -1.29919e-08 5.84422e-09 3.0993e-06 0.997192 0.000420315 8.42243e-06 -2.35239e-08 -0.000420313 0.994393
5.3 0.00101296 0.127429 -0.000296272 -4.24212e-10 1.07272e-06 -0.000296272 0.127071 -3.95056e-07 -1.71975e-09 7.73577e-10 3.95055e-07 0.127071 5.56423e-05 1.07312e-06 -3.11413e-09 -5.5642e-05 0.126714 -0.002325 -3.32902e-09 8.41821e-06 -0.002325 0.997194 -3.10021e-06 -1.34958e-08 6.07067e-09 3.10021e-06 0.997191 0.000436655 8.42135e-06 -2.44382e-08 -0.000436652 0.994391
5.4 0.00103201 0.127387 -0.000307459 -4.40108e-10 1.07223e-06 -0.000307459 0.12703 -3.95046e-07 -1.78459e-09 8.02717e-10 3.95046e-07 0.127029 5.77456e-05 1.07263e-06 -3.23183e-09 -5.77453e-05 0.126673 -0.00241358 -3.45488e-09 8.41705e-06 -0.00241358 0.997193 -3.10114e-06 -1.40092e-08 6.30139e-09 3.10114e-06 0.99719 0.000453307 8.42025e-06 -2.53701e-08 -0.000453305 0.99439
5.5 0.00105107 0.127345 -0.000318847 -4.56282e-10 1.07172e-06 -0.000318847 0.126988 -3.95037e-07 -1.85061e-09 8.32378e-10 3.95036e-07 0.126987 5.9887e-05 1.07214e-06 -3.35166e-09 -5.98867e-05 0.126631 -0.0025038 -3.58303e-09 8.41587e-06 -0.0025038 0.997193 -3.10209e-06 -1.45322e-08 6.53639e-09 3.10208e-06 0.997189 0.000470273 8.41914e-06 -2.63194e-08 -0.00047027 0.994388
5.6 0.00107012 0.127303 -0.000330437 -4.72733e-10 1.07121e-06 -0.000330437 0.126945 -3.95027e-07 -1.91778e-09 8.62558e-10 3.95026e-07 0.126945 6.20665e-05 1.07163e-06 -3.47361e-09 -6.20662e-05 0.126588 -0.00259568 -3.71346e-09 8.41467e-06 -0.00259568 0.997192 -3.10305e-06 -1.50647e-08 6.77565e-09 3.10305e-06 0.997188 0.000487551 8.418e-06 -2.72863e-08 -0.000487549 0.994387
5.7 0.00108916 0.127259 -0.000342228 -4.89458e-10 1.07069e-06 -0.000342228 0.126902 -3.95017e-07 -1.98611e-09 8.93255e-10 3.95016e-07 0.126901 6.42839e-05 1.07112e-06 -3.59769e-09 -6.42836e-05 0.126544 -0.00268922 -3.84616e-09 8.41344e-06 -0.00268922 0.997191 -3.10404e-06 -1.56068e-08 7.01919e-09 3.10403e-06 0.997187 0.000505142 8.41684e-06 -2.82706e-08 -0.00050514 0.994385
5.8 0.00110821 0.127215 -0.000354219 -5.06458e-10 1.07016e-06 -0.000354219 0.126857 -3.95007e-07 -2.05559e-09 9.24468e-10 3.95006e-07 0.126857 6.65392e-05 1.0706e-06 -3.72389e-09 -6.65389e-05 0.1265 -0.00278442 -3.98113e-09 8.4122e-06 -0.00278442 0.99719 -3.10504e-06 -1.61584e-08 7.26699e-09 3.10503e-06 0.997186 0.000523046 8.41566e-06 -2.92725e-08 -0.000523044 0.994383
5.9 0.00112725 0.12717 -0.00036641 -5.23731e-10 1.06962e-06 -0.00036641 0.126812 -3.94996e-07 -2.12623e-09 9.56196e-10 3.94995e-07 0.126812 6.88324e-05 1.07007e-06 -3.85221e-09 -6.8832e-05 0.126455 -0.00288127 -4.11836e-09 8.41093e-06 -0.00288127 0.997189 -3.10605e-06 -1.67196e-08 7.51905e-09 3.10604e-06 0.997185 0.000541264 8.41446e-06 -3.02918e-08 -0.000541261 0.994381
6 0.00172656 0.127124 -0.000378801 -5.41275e-10 1.06907e-06 -0.000378801 0.126767 -3.94985e-07 -2.19801e-09 9.88437e-10 3.94984e-07 0.126766 7.11633e-05 1.06953e-06 -3.98263e-09 -7.11629e-05 0.12641 -0.00297978 -4.25785e-09 8.40964e-06 -0.00297978 0.997188 -3.10709e-06 -1.72903e-08 7.77538e-09 3.10708e-06 0.997184 0.000559794 8.41325e-06 -3.13287e-08 -0.000559791 0.99438
6.2 0.00236869 0.12703 -0.000404179 -5.77176e-10 1.06794e-06 -0.000404179 0.126673 -3.94964e-07 -2.34502e-09 1.05445e-09 3.94962e-07 0.126672 7.5938e-05 1.06842e-06 -4.24979e-09 -7.59376e-05 0.126316 -0.00318176 -4.54361e-09 8.407e-06 -0.00318176 0.997187 -3.10921e-06 -1.84603e-08 8.3008e-09 3.1092e-06 0.997181 0.000597795 8.41075e-06 -3.3455e-08 -0.000597792 0.994376
6.4 0.00244479 0.126933 -0.000430351 -6.14149e-10 1.06678e-06 -0.000430351 0.126576 -3.94941e-07 -2.49658e-09 1.1225e-09 3.94939e-07 0.126575 8.08629e-05 1.06728e-06 -4.52535e-09 -8.08625e-05 0.126219 -0.00339037 -4.83836e-09 8.40427e-06 -0.00339037 0.997185 -3.1114e-06 -1.96684e-08 8.84323e-09 3.11139e-06 0.997179 0.000637049 8.40817e-06 -3.56513e-08 -0.000637046 0.994372
6.6 0.00252085 0.126834 -0.000457311 -6.52186e-10 1.06559e-06 -0.000457311 0.126476 -3.94917e-07 -2.65268e-09 1.19257e-09 3.94916e-07 0.126476 8.59372e-05 1.0661e-06 -4.80926e-09 -8.59368e-05 0.126119 -0.0036056 -5.14206e-09 8.40145e-06 -0.0036056 0.997183 -3.11366e-06 -2.09146e-08 9.40265e-09 3.11365e-06 0.997176 0.000677558 8.40551e-06 -3.79179e-08 -0.000677555 0.994368
6.8 0.00259689 0.126731 -0.000485057 -6.91276e-10 1.06436e-06 -0.000485057 0.126374 -3.94893e-07 -2.81329e-09 1.26465e-09 3.94891e-07 0.126373 9.11604e-05 1.06489e-06 -5.10149e-09 -9.11599e-05 0.126017 -0.00382746 -5.45467e-09 8.39855e-06 -0.00382746 0.997181 -3.116e-06 -2.21989e-08 9.97904e-09 3.11598e-06 0.997173 0.000719322 8.40276e-06 -4.02545e-08 -0.000719319 0.994363
7 0.00267289 0.126625 -0.000513584 -7.31409e-10 1.06309e-06 -0.000513584 0.126268 -3.94868e-07 -2.97838e-09 1.33873e-09 3.94866e-07 0.126267 9.65318e-05 1.06364e-06 -5.40201e-09 -9.65313e-05 0.125911 -0.00405594 -5.77617e-09 8.39556e-06 -0.00405594 0.997179 -3.1184e-06 -2.35212e-08 1.05724e-08 3.11838e-06 0.99717 0.000762343 8.39994e-06 -4.26614e-08 -0.000762339 0.994359
7.2 0.00274886 0.126517 -0.000542889 -7.72574e-10 1.06179e-06 -0.000542889 0.126159 -3.94842e-07 -3.14793e-09 1.41479e-09 3.94839e-07 0.126158 0.000102051 1.06236e-06 -5.71077e-09 -0.00010205 0.125802 -0.00429105 -6.1065e-09 8.39249e-06 -0.00429105 0.997177 -3.12087e-06 -2.48816e-08 1.11826e-08 3.12085e-06 0.997167 0.00080662 8.39703e-06 -4.51386e-08 -0.000806616 0.994354
7.4 0.0028248 0.126405 -0.000572966 -8.1476e-10 1.06045e-06 -0.000572966 0.126048 -3.94815e-07 -3.32191e-09 1.49281e-09 3.94812e-07 0.126046 0.000107716 1.06105e-06 -6.02774e-09 -0.000107716 0.125691 -0.00453278 -6.44563e-09 8.38933e-06 -0.00453278 0.997175 -3.12342e-06 -2.62799e-08 1.18098e-08 3.12339e-06 0.997164 0.000852154 8.39405e-06 -4.7686e-08 -0.00085215 0.994349
7.6 0.00290071 0.12629 -0.000603812 -8.57956e-10 1.05908e-06 -0.000603812 0.125933 -3.94787e-07 -3.50029e-09 1.57279e-09 3.94784e-07 0.125932 0.000113528 1.0597e-06 -6.35287e-09 -0.000113528 0.125576 -0.00478115 -6.79352e-09 8.38608e-06 -0.00478115 0.997173 -3.12603e-06 -2.77162e-08 1.24538e-08 3.12601e-06 0.997161 0.000898948 8.39098e-06 -5.03037e-08 -0.000898943 0.994344
7.8 0.00297657 0.126173 -0.000635423 -9.0215e-10 1.05767e-06 -0.000635423 0.125816 -3.94759e-07 -3.68304e-09 1.65471e-09 3.94755e-07 0.125814 0.000119486 1.05832e-06 -6.68613e-09 -0.000119485 0.125458 -0.00503613 -7.15011e-09 8.38275e-06 -0.00503613 0.99717 -3.12872e-06 -2.91905e-08 1.31147e-08 3.12869e-06 0.997157 0.000947001 8.38783e-06 -5.29919e-08 -0.000946996 0.994339
8 0.00305241 0.126052 -0.000667794 -9.4733e-10 1.05623e-06 -0.000667794 0.125695 -3.94729e-07 -3.87014e-09 1.73856e-09 3.94726e-07 0.125693 0.000125588 1.0569e-06 -7.02747e-09 -0.000125587 0.125338 -0.00529775 -7.51537e-09 8.37933e-06 -0.00529775 0.997168 -3.13147e-06 -3.07026e-08 1.37923e-08 3.13144e-06 0.997153 0.000996314 8.3846e-06 -5.57504e-08 -0.000996309 0.994333
8.2 0.0031282 0.125929 -0.000700919 -9.93485e-10 1.05476e-06 -0.000700919 0.125572 -3.94699e-07 -4.06155e-09 1.82431e-09 3.94695e-07 0.12557 0.000131833 1.05545e-06 -7.37685e-09 -0.000131833 0.125215 -0.00556599 -7.88925e-09 8.37583e-06 -0.00556599 0.997166 -3.1343e-06 -3.22527e-08 1.44868e-08 3.13427e-06 0.99715 0.00104689 8.38129e-06 -5.85794e-08 -0.00104688 0.994328
8.4 0.00320396 0.125803 -0.000734796 -1.0406e-09 1.05325e-06 -0.000734796 0.125446 -3.94667e-07 -4.25724e-09 1.91195e-09 3.94663e-07 0.125444 0.000138222 1.05396e-06 -7.73422e-09 -0.000138222 0.125088 -0.00584086 -8.27171e-09 8.37224e-06 -0.00584086 0.997163 -3.1372e-06 -3.38406e-08 1.5198e-08 3.13716e-06 0.997146 0.00109872 8.3779e-06 -6.1479e-08 -0.00109872 0.994322
8.6 0.00327968 0.125673 -0.000769418 -1.08867e-09 1.05171e-06 -0.000769418 0.125317 -3.94635e-07 -4.45718e-09 2.00147e-09 3.9463e-07 0.125314 0.000144754 1.05244e-06 -8.09953e-09 -0.000144753 0.124959 -0.00612236 -8.66268e-09 8.36857e-06 -0.00612236 0.997161 -3.14016e-06 -3.54664e-08 1.59259e-08 3.14013e-06 0.997141 0.00115182 8.37443e-06 -6.4449e-08 -0.00115182 0.994316
8.8 0.00335535 0.125541 -0.000804781 -1.13767e-09 1.05013e-06 -0.000804781 0.125185 -3.94602e-07 -4.66135e-09 2.09285e-09 3.94597e-07 0.125182 0.000151426 1.05089e-06 -8.47275e-09 -0.000151426 0.124827 -0.00641048 -9.06213e-09 8.36481e-06 -0.00641048 0.997158 -3.1432e-06 -3.713e-08 1.66706e-08 3.14316e-06 0.997137 0.00120619 8.37087e-06 -6.74897e-08 -0.00120618 0.994309
9 0.00343099 0.125406 -0.000840879 -1.1876e-09 1.04852e-06 -0.000840879 0.12505 -3.94568e-07 -4.86969e-09 2.18607e-09 3.94562e-07 0.125047 0.00015824 1.0493e-06 -8.85383e-09 -0.000158239 0.124692 -0.00670524 -9.47001e-09 8.36097e-06 -0.00670524 0.997156 -3.14631e-06 -3.88313e-08 1.74319e-08 3.14627e-06 0.997132 0.00126182 8.36724e-06 -7.06011e-08 -0.00126181 0.994302
9.2 0.00350659 0.125269 -0.000877709 -1.23844e-09 1.04687e-06 -0.000877709 0.124912 -3.94533e-07 -5.0822e-09 2.28112e-09 3.94526e-07 0.124909 0.000165193 1.04769e-06 -9.24271e-09 -0.000165192 0.124554 -0.00700662 -9.88626e-09 8.35704e-06 -0.00700662 0.997153 -3.1495e-06 -4.05704e-08 1.82098e-08 3.14945e-06 0.997127 0.00131871 8.36352e-06 -7.37831e-08 -0.00131871 0.994296
9.4 0.00358214 0.125128 -0.000915263 -1.29017e-09 1.0452e-06 -0.000915263 0.124771 -3.94497e-07 -5.29882e-09 2.37797e-09 3.9449e-07 0.124768 0.000172285 1.04603e-06 -9.63934e-09 -0.000172284 0.124413 -0.00731463 -1.03108e-08 8.35302e-06 -0.00731463 0.997151 -3.15275e-06 -4.23472e-08 1.90043e-08 3.15269e-06 0.997122 0.00137687 8.35973e-06 -7.70359e-08 -0.00137687 0.994288
9.6 0.00365765 0.124984 -0.000953538 -1.34279e-09 1.04348e-06 -0.000953538 0.124628 -3.9446e-07 -5.51953e-09 2.47661e-09 3.94452e-07 0.124624 0.000179515 1.04435e-06 -1.00437e-08 -0.000179515 0.12427 -0.00762926 -1.07437e-08 8.34892e-06 -0.00762926 0.997148 -3.15607e-06 -4.41618e-08 1.98154e-08 3.15601e-06 0.997117 0.0014363 8.35585e-06 -8.03595e-08 -0.0014363 0.994281
9.8 0.00373311 0.124838 -0.000992528 -1.39627e-09 1.04174e-06 -0.000992528 0.124481 -3.94422e-07 -5.74429e-09 2.57703e-09 3.94414e-07 0.124477 0.000186883 1.04263e-06 -1.04557e-08 -0.000186882 0.124123 -0.00795053 -1.11847e-08 8.34474e-06 -0.00795053 0.997145 -3.15947e-06 -4.6014e-08 2.0643e-08 3.15941e-06 0.997112 0.001497 8.35189e-06 -8.3754e-08 -0.001497 0.994273
10 0.00380853 0.124689 -0.00103223 -1.45061e-09 1.03996e-06 -0.00103223 0.124332 -3.94383e-07 -5.97306e-09 2.67919e-09 3.94374e-07 0.124328 0.000194386 1.04088e-06 -1.08753e-08 -0.000194385 0.123974 -0.00827843 -1.16339e-08 8.34047e-06 -0.00827843 0.997142 -3.16294e-06 -4.79038e-08 2.1487e-08 3.16287e-06 0.997106 0.00155897 8.34786e-06 -8.72194e-08 -0.00155897 0.994265
10.2 0.0038839 0.124537 -0.00107263 -1.50579e-09 1.03815e-06 -0.00107263 0.12418 -3.94343e-07 -6.20582e-09 2.78309e-09 3.94333e-07 0.124176 0.000202025 1.0391e-06 -1.13024e-08 -0.000202024 0.123821 -0.00861295 -1.20912e-08 8.33612e-06 -0.00861295 0.997139 -3.16648e-06 -4.98312e-08 2.23476e-08 3.1664e-06 0.9971 0.00162222 8.34374e-06 -9.07558e-08 -0.00162221 0.994257
10.4 0.00395923 0.124382 -0.00111373 -1.5618e-09 1.03631e-06 -0.00111373 0.124026 -3.94302e-07 -6.44251e-09 2.8887e-09 3.94291e-07 0.12402 0.000209799 1.03729e-06 -1.17371e-08 -0.000209797 0.123666 -0.00895411 -1.25565e-08 8.33168e-06 -0.00895411 0.997136 -3.17009e-06 -5.17963e-08 2.32245e-08 3.17001e-06 0.997094 0.00168673 8.33954e-06 -9.43631e-08 -0.00168672 0.994249
10.6 0.0040345 0.124224 -0.00115552 -1.61861e-09 1.03443e-06 -0.00115552 0.123868 -3.9426e-07 -6.68312e-09 2.99601e-09 3.94248e-07 0.123862 0.000217705 1.03544e-06 -1.21791e-08 -0.000217704 0.123509 -0.00930189 -1.30298e-08 8.32715e-06 -0.0093019 0.997133 -3.17377e-06 -5.37988e-08 2.41177e-08 3.17368e-06 0.997088 0.00175252 8.33527e-06 -9.80416e-08 -0.00175251 0.99424
10.8 0.00410973 0.124064 -0.001198 -1.67623e-09 1.03253e-06 -0.001198 0.123708 -3.94216e-07 -6.92759e-09 3.10499e-09 3.94204e-07 0.123702 0.000225744 1.03356e-06 -1.26286e-08 -0.000225743 0.123348 -0.00965631 -1.3511e-08 8.32255e-06 -0.00965631 0.99713 -3.17753e-06 -5.58389e-08 2.50273e-08 3.17743e-06 0.997081 0.00181958 8.33091e-06 -1.01791e-07 -0.00181957 0.994231
11 0.00418491 0.123901 -0.00124116 -1.73462e-09 1.03059e-06 -0.00124116 0.123545 -3.94172e-07 -7.17589e-09 3.21562e-09 3.94159e-07 0.123538 0.000233914 1.03165e-06 -1.30854e-08 -0.000233913 0.123185 -0.0100174 -1.40001e-08 8.31785e-06 -0.0100174 0.997127 -3.18136e-06 -5.79165e-08 2.59532e-08 3.18125e-06 0.997074 0.00188792 8.32647e-06 -1.05612e-07 -0.00188791 0.994221
11.2 0.00426003 0.123735 -0.00128499 -1.79377e-09 1.02862e-06 -0.00128499 0.123379 -3.94127e-07 -7.42798e-09 3.32788e-09 3.94113e-07 0.123372 0.000242215 1.02971e-06 -1.35494e-08 -0.000242214 0.123018 -0.010385 -1.44969e-08 8.31308e-06 -0.010385 0.997123 -3.18526e-06 -6.00315e-08 2.68953e-08 3.18514e-06 0.997067 0.00195754 8.32195e-06 -1.09504e-07 -0.00195753 0.994212
11.4 0.00433511 0.123566 -0.00132949 -1.85367e-09 1.02661e-06 -0.00132949 0.12321 -3.9408e-07 -7.68383e-09 3.44176e-09 3.94065e-07 0.123203 0.000250645 1.02774e-06 -1.40207e-08 -0.000250644 0.12285 -0.0107593 -1.50015e-08 8.30822e-06 -0.0107593 0.99712 -3.18923e-06 -6.2184e-08 2.78536e-08 3.18911e-06 0.997059 0.00202843 8.31736e-06 -1.13467e-07 -0.00202842 0.994202
11.6 0.00441013 0.123395 -0.00137465 -1.91431e-09 1.02458e-06 -0.00137465 0.123039 -3.94033e-07 -7.94338e-09 3.55722e-09 3.94017e-07 0.123031 0.000259203 1.02574e-06 -1.44991e-08 -0.000259202 0.122678 -0.0111403 -1.55137e-08 8.30327e-06 -0.0111403 0.997117 -3.19327e-06 -6.43738e-08 2.8828e-08 3.19314e-06 0.997051 0.0021006 8.31268e-06 -1.17502e-07 -0.00210059 0.994191
11.8 0.0044851 0.12322 -0.00142047 -1.97566e-09 1.02251e-06 -0.00142047 0.122865 -3.93984e-07 -8.20661e-09 3.67425e-09 3.93967e-07 0.122856 0.000267889 1.02371e-06 -1.49846e-08 -0.000267887 0.122503 -0.0115278 -1.60335e-08 8.29824e-06 -0.0115278 0.997113 -3.19739e-06 -6.66011e-08 2.98185e-08 3.19725e-06 0.997043 0.00217406 8.30792e-06 -1.21608e-07 -0.00217405 0.99418
12 0.0139046 0.123044 -0.00146693 -2.03771e-09 1.02042e-06 -0.00146693 0.122688 -3.93934e-07 -8.47348e-09 3.79282e-09 3.93916e-07 0.122679 0.0002767 1.02164e-06 -1.54772e-08 -0.000276699 0.122326 -0.011922 -1.65609e-08 8.29313e-06 -0.011922 0.99711 -3.20158e-06 -6.88656e-08 3.0825e-08 3.20143e-06 0.997035 0.0022488 8.30309e-06 -1.25786e-07 -0.00224879 0.994169
13 0.0246683 0.122119 -0.00170876 -2.35787e-09 1.00948e-06 -0.00170876 0.121764 -3.93667e-07 -9.86084e-09 4.40807e-09 3.93642e-07 0.121752 0.000322611 1.01087e-06 -1.80431e-08 -0.00032261 0.1214 -0.0139925 -1.93079e-08 8.2663e-06 -0.0139925 0.997091 -3.22362e-06 -8.07475e-08 3.60964e-08 3.22342e-06 0.996988 0.00264177 8.27771e-06 -1.47749e-07 -0.00264176 0.994108
14 0.0265294 0.12113 -0.00196579 -2.69295e-09 9.97793e-07 -0.00196579 0.120775 -3.93369e-07 -1.13327e-08 5.05841e-09 3.93335e-07 0.120758 0.000371504 9.99364e-07 -2.0775e-08 -0.000371502 0.120407 -0.0162288 -2.2232e-08 8.2374e-06 -0.0162288 0.997071 -3.2475e-06 -9.35586e-08 4.17603e-08 3.24722e-06 0.996933 0.00306699 8.25037e-06 -1.7151e-07 -0.00306698 0.994037
15 0.0283823 0.120076 -0.00223712 -3.0407e-09 9.85396e-07 -0.00223712 0.119722 -3.93038e-07 -1.28836e-08 5.7407e-09 3.92993e-07 0.1197 0.000423226 9.87153e-07 -2.36643e-08 -0.000423224 0.11935 -0.0186309 -2.53231e-08 8.20642e-06 -0.0186309 0.99705 -3.27324e-06 -1.07295e-07 4.78088e-08 3.27287e-06 0.996867 0.00352465 8.22106e-06 -1.97077e-07 -0.00352463 0.993954
16 0.0302266 0.118961 -0.00252183 -3.3988e-09 9.72315e-07 -0.00252183 0.118607 -3.92671e-07 -1.45078e-08 6.4516e-09 3.92614e-07 0.118579 0.000477618 9.74267e-07 -2.67019e-08 -0.000477616 0.11823 -0.0211988 -2.85707e-08 8.17339e-06 -0.0211988 0.997026 -3.30084e-06 -1.21954e-07 5.42329e-08 3.30036e-06 0.99679 0.00401491 8.1898e-06 -2.2446e-07 -0.00401489 0.993859
17 0.0320617 0.117786 -0.00281891 -3.76482e-09 9.58583e-07 -0.00281891 0.117433 -3.92267e-07 -1.61995e-08 7.18761e-09 3.92194e-07 0.117397 0.000534511 9.60736e-07 -2.98784e-08 -0.000534508 0.11705 -0.0239324 -3.19632e-08 8.13833e-06 -0.0239325 0.997001 -3.33033e-06 -1.37533e-07 6.10226e-08 3.32971e-06 0.9967 0.00453797 8.15661e-06 -2.53667e-07 -0.00453795 0.993749
18 0.0338871 0.116554 -0.00312736 -4.13631e-09 9.44231e-07 -0.00312736 0.116201 -3.91823e-07 -1.79528e-08 7.94504e-09 3.91732e-07 0.116157 0.000593728 9.46592e-07 -3.31839e-08 -0.000593725 0.115811 -0.0268319 -3.54884e-08 8.10125e-06 -0.0268319 0.996975 -3.36173e-06 -1.5403e-07 6.81663e-08 3.36095e-06 0.996596 0.00509403 8.12151e-06 -2.84709e-07 -0.005094 0.993624
19 0.0357021 0.115266 -0.00344612 -4.51075e-09 9.29295e-07 -0.00344612 0.114914 -3.91337e-07 -1.97615e-08 8.72006e-09 3.91224e-07 0.11486 0.000655088 9.31869e-07 -3.6608e-08 -0.000655084 0.114515 -0.0298971 -3.91334e-08 8.06217e-06 -0.0298971 0.996946 -3.39507e-06 -1.71443e-07 7.56515e-08 3.3941e-06 0.996476 0.00568326 8.0845e-06 -3.17596e-07 -0.00568323 0.993482
20 0.0375062 0.113925 -0.00377411 -4.88559e-09 9.13809e-07 -0.00377411 0.113574 -3.90805e-07 -2.16197e-08 9.50866e-09 3.90668e-07 0.113508 0.0007184 9.16601e-07 -4.01403e-08 -0.000718397 0.113164 -0.0331279 -4.28841e-08 8.02112e-06 -0.0331279 0.996916 -3.43036e-06 -1.89771e-07 8.34639e-08 3.42916e-06 0.996338 0.00630588 8.04562e-06 -3.52338e-07 -0.00630585 0.99332
21 0.0392989 0.112534 -0.00411022 -5.25828e-09 8.9781e-07 -0.00411022 0.112184 -3.90227e-07 -2.35213e-08 1.03067e-08 3.90062e-07 0.112104 0.000783471 9.00822e-07 -4.37698e-08 -0.000783467 0.111762 -0.0365242 -4.67261e-08 7.97811e-06 -0.0365242 0.996884 -3.46763e-06 -2.09015e-07 9.15876e-08 3.46616e-06 0.996181 0.00696207 8.00487e-06 -3.88946e-07 -0.00696204 0.993138
22 0.0410797 0.111095 -0.00445334 -5.62627e-09 8.81333e-07 -0.00445334 0.110745 -3.89599e-07 -2.54603e-08 1.111e-08 3.89402e-07 0.110651 0.0008501 8.84568e-07 -4.74853e-08 -0.000850096 0.11031 -0.040086 -5.06439e-08 7.93317e-06 -0.040086 0.996851 -3.50691e-06 -2.29176e-07 1.00005e-07 3.50513e-06 0.996004 0.00765203 7.96229e-06 -4.27431e-07 -0.00765199 0.992934
23 0.0428479 0.10961 -0.00480234 -5.98701e-09 8.64416e-07 -0.00480234 0.10926 -3.88919e-07 -2.74306e-08 1.19142e-08 3.88685e-07 0.10915 0.000918084 8.67876e-07 -5.12757e-08 -0.00091808 0.10881 -0.0438131 -5.46212e-08 7.88632e-06 -0.0438131 0.996815 -3.54822e-06 -2.50257e-07 1.08697e-07 3.54608e-06 0.995803 0.00837595 7.91789e-06 -4.67803e-07 -0.00837591 0.992705
24 0.0446031 0.108081 -0.00515605 -6.33798e-09 8.47097e-07 -0.00515605 0.107733 -3.88184e-07 -2.94265e-08 1.27149e-08 3.87909e-07 0.107603 0.000987216 8.50783e-07 -5.51294e-08 -0.000987211 0.107265 -0.0477053 -5.86409e-08 7.83759e-06 -0.0477053 0.996777 -3.5916e-06 -2.72263e-07 1.17642e-07 3.58905e-06 0.995577 0.00913401 7.87169e-06 -5.10073e-07 -0.00913396 0.992449
25 0.0463447 0.106513 -0.00551334 -6.67674e-09 8.29414e-07 -0.00551334 0.106165 -3.87392e-07 -3.14423e-08 1.35074e-08 3.87071e-07 0.106014 0.00105728 8.33325e-07 -5.90347e-08 -0.00105728 0.105678 -0.0517624 -6.2685e-08 7.78701e-06 -0.0517624 0.996738 -3.63706e-06 -2.95198e-07 1.26815e-07 3.63404e-06 0.995324 0.00992637 7.82373e-06 -5.54251e-07 -0.00992633 0.992165
26 0.0480722 0.104906 -0.00587305 -7.00085e-09 8.11404e-07 -0.00587305 0.104559 -3.86541e-07 -3.34725e-08 1.42874e-08 3.86169e-07 0.104386 0.00112807 8.15539e-07 -6.29801e-08 -0.00112807 0.104051 -0.0559841 -6.67346e-08 7.7346e-06 -0.0559841 0.996696 -3.68465e-06 -3.19072e-07 1.36192e-07 3.6811e-06 0.995041 0.0107532 7.77402e-06 -6.00349e-07 -0.0107532 0.991849
27 0.049785 0.103264 -0.00623404 -7.30799e-09 7.93107e-07 -0.00623404 0.102918 -3.85627e-07 -3.55118e-08 1.505e-08 3.85199e-07 0.102719 0.00119938 7.97463e-07 -6.69538e-08 -0.00119937 0.102386 -0.0603701 -7.07701e-08 7.6804e-06 -0.0603701 0.996653 -3.73439e-06 -3.43894e-07 1.45743e-07 3.73024e-06 0.994727 0.0116147 7.72259e-06 -6.48376e-07 -0.0116146 0.991501
28 0.0514827 0.101589 -0.00659517 -7.59588e-09 7.74559e-07 -0.00659517 0.101244 -3.84649e-07 -3.7555e-08 1.57908e-08 3.84159e-07 0.101018 0.00127097 7.79135e-07 -7.0944e-08 -0.00127096 0.100687 -0.0649201 -7.47706e-08 7.62443e-06 -0.0649201 0.996607 -3.78632e-06 -3.69675e-07 1.55437e-07 3.7815e-06 0.99438 0.0125109 7.66947e-06 -6.98343e-07 -0.0125108 0.991116
29 0.0531646 0.0998845 -0.00695532 -7.86237e-09 7.558e-07 -0.00695532 0.0995408 -3.83603e-07 -3.95973e-08 1.65049e-08 3.83047e-07 0.0992847 0.00134264 7.60589e-07 -7.49392e-08 -0.00134264 0.0989549 -0.0696336 -7.87146e-08 7.56674e-06 -0.0696336 0.996559 -3.84047e-06 -3.96431e-07 1.6524e-07 3.8349e-06 0.993995 0.013442 7.61469e-06 -7.50259e-07 -0.0134419 0.990693
30 0.0548304 0.0981526 -0.00731338 -8.10538e-09 7.36865e-07 -0.00731338 0.0978099 -3.82489e-07 -4.16342e-08 1.71879e-08 3.8186e-07 0.0975216 0.00141418 7.41865e-07 -7.89277e-08 -0.00141417 0.0971936 -0.0745103 -8.25794e-08 7.50734e-06 -0.0745103 0.996509 -3.89688e-06 -4.24178e-07 1.75114e-07 3.89048e-06 0.993572 0.014408 7.55828e-06 -8.04133e-07 -0.0144079 0.990229
31 0.0564795 0.0963961 -0.00766826 -8.32297e-09 7.17792e-07 -0.00766826 0.0960545 -3.81303e-07 -4.36614e-08 1.78351e-08 3.80597e-07 0.0957316 0.00148536 7.22996e-07 -8.28982e-08 -0.00148536 0.0954053 -0.0795495 -8.63413e-08 7.44628e-06 -0.0795495 0.996456 -3.95558e-06 -4.52937e-07 1.85019e-07 3.94826e-06 0.993106 0.015409 7.50026e-06 -8.59975e-07 -0.0154089 0.989722
32 0.0581114 0.0946176 -0.00801891 -8.51328e-09 6.98618e-07 -0.00801891 0.0942771 -3.80043e-07 -4.56749e-08 1.84419e-08 3.79254e-07 0.0939171 0.00155599 7.04019e-07 -8.68394e-08 -0.00155598 0.0935928 -0.0847507 -8.99756e-08 7.3836e-06 -0.0847507 0.996401 -4.01662e-06 -4.82731e-07 1.9491e-07 4.00828e-06 0.992597 0.016445 7.44068e-06 -9.17793e-07 -0.0164449 0.989168
33 0.0597256 0.0928198 -0.00836429 -8.67462e-09 6.79378e-07 -0.0083643 0.0924805 -3.78708e-07 -4.7671e-08 1.90039e-08 3.7783e-07 0.092081 0.00162583 6.84969e-07 -9.07401e-08 -0.00162583 0.0917585 -0.0901132 -9.34565e-08 7.31932e-06 -0.0901132 0.996344 -4.08003e-06 -5.13587e-07 2.0474e-07 4.07057e-06 0.99204 0.017516 7.37956e-06 -9.77594e-07 -0.0175159 0.988565
34 0.0613216 0.0910053 -0.00870342 -8.80539e-09 6.60107e-07 -0.00870342 0.0906672 -3.77295e-07 -4.96464e-08 1.95166e-08 3.76323e-07 0.0902257 0.0016947 6.65879e-07 -9.45897e-08 -0.0016947 0.0899051 -0.0956363 -9.67569e-08 7.2535e-06 -0.0956364 0.996284 -4.14586e-06 -5.45533e-07 2.14456e-07 4.13517e-06 0.991433 0.018622 7.31692e-06 -1.03939e-06 -0.0186219 0.98791
35 0.0628989 0.0891767 -0.00903532 -8.90417e-09 6.40838e-07 -0.00903532 0.0888398 -3.75803e-07 -5.15981e-08 1.99758e-08 3.74731e-07 0.0883539 0.00176239 6.46783e-07 -9.83776e-08 -0.00176238 0.0880352 -0.101319 -9.98486e-08 7.18616e-06 -0.101319 0.996222 -4.21414e-06 -5.78605e-07 2.24002e-07 4.20212e-06 0.990773 0.0197629 7.25282e-06 -1.10318e-06 -0.0197628 0.987199
36 0.064457 0.0873366 -0.00935907 -8.96964e-09 6.21605e-07 -0.00935907 0.0870009 -3.74229e-07 -5.35233e-08 2.03773e-08 3.73054e-07 0.0864682 0.0018287 6.27712e-07 -1.02094e-07 -0.00182869 0.0861514 -0.107161 -1.02702e-07 7.11736e-06 -0.107161 0.996156 -4.28491e-06 -6.12839e-07 2.33319e-07 4.27145e-06 0.990057 0.0209385 7.18727e-06 -1.16897e-06 -0.0209384 0.98643
37 0.0659956 0.0854873 -0.0096738 -9.00064e-09 6.02439e-07 -0.0096738 0.0851529 -3.72572e-07 -5.54196e-08 2.07171e-08 3.71288e-07 0.084571 0.00189343 6.08697e-07 -1.05728e-07 -0.00189342 0.0842562 -0.113161 -1.05286e-07 7.04712e-06 -0.113161 0.996089 -4.35822e-06 -6.48278e-07 2.42341e-07 4.3432e-06 0.989282 0.0221486 7.12032e-06 -1.23677e-06 -0.0221485 0.985599
38 0.067514 0.0836315 -0.00997866 -8.99616e-09 5.83371e-07 -0.00997867 0.0832984 -3.70831e-07 -5.72849e-08 2.09914e-08 3.69435e-07 0.082665 0.00195639 5.89768e-07 -1.09271e-07 -0.00195639 0.0823522 -0.119317 -1.07569e-07 6.97549e-06 -0.119317 0.996018 -4.43411e-06 -6.84969e-07 2.50999e-07 4.41741e-06 0.988444 0.023393 7.05198e-06 -1.30658e-06 -0.0233929 0.984703
39 0.0690118 0.0817714 -0.0102729 -8.95533e-09 5.64429e-07 -0.0102729 0.0814398 -3.69004e-07 -5.91175e-08 2.11966e-08 3.67492e-07 0.0807525 0.00201741 5.70953e-07 -1.12715e-07 -0.00201741 0.0804418 -0.125629 -1.09517e-07 6.90253e-06 -0.125629 0.995944 -4.51262e-06 -7.2296e-07 2.59217e-07 4.49413e-06 0.98754 0.0246714 6.9823e-06 -1.37841e-06 -0.0246713 0.983739
40 0.10628 0.0799095 -0.0105557 -8.8774e-09 5.45643e-07 -0.0105557 0.0795793 -3.67089e-07 -6.09158e-08 2.13291e-08 3.65458e-07 0.0788361 0.00207631 5.5228e-07 -1.16049e-07 -0.0020763 0.0785274 -0.132096 -1.11093e-07 6.82826e-06 -0.132096 0.995868 -4.59381e-06 -7.6231e-07 2.66916e-07 4.5734e-06 0.986567 0.0259833 6.91131e-06 -1.45226e-06 -0.0259832 0.982703
42 0.146749 0.0761892 -0.0110844 -8.60805e-09 5.08638e-07 -0.0110844 0.075862 -3.62992e-07 -6.44049e-08 2.13641e-08 3.61119e-07 0.0750007 0.00218708 5.15458e-07 -1.2236e-07 -0.00218707 0.0746961 -0.145486 -1.12982e-07 6.67598e-06 -0.145486 0.995705 -4.76435e-06 -8.45329e-07 2.80408e-07 4.73977e-06 0.9844 0.0287059 6.7655e-06 -1.60601e-06 -0.0287057 0.980402
44 0.152348 0.0724881 -0.01156 -8.18504e-09 4.72551e-07 -0.01156 0.072164 -3.58533e-07 -6.77454e-08 2.10739e-08 3.56416e-07 0.0711771 0.00228743 4.79492e-07 -1.28147e-07 -0.00228742 0.0708767 -0.159475 -1.12916e-07 6.51902e-06 -0.159475 0.995529 -4.9461e-06 -9.34573e-07 2.90723e-07 4.9169e-06 0.981915 0.0315559 6.61477e-06 -1.76783e-06 -0.0315558 0.97777
46 0.157761 0.0688223 -0.0119785 -7.6074e-09 4.37551e-07 -0.0119785 0.0685015 -3.53705e-07 -7.09336e-08 2.0441e-08 3.51351e-07 0.0673827 0.00237623 4.44544e-07 -1.33358e-07 -0.00237622 0.0670865 -0.174049 -1.10537e-07 6.3577e-06 -0.174049 0.995339 -5.1394e-06 -1.03068e-06 2.97011e-07 5.10519e-06 0.979083 0.0345271 6.4593e-06 -1.93772e-06 -0.0345269 0.974779
48 0.162982 0.0652069 -0.0123366 -6.87607e-09 4.03783e-07 -0.0123366 0.0648896 -3.48503e-07 -7.39688e-08 1.94527e-08 3.45929e-07 0.0636337 0.00245251 4.10752e-07 -1.37953e-07 -0.0024525 0.0633417 -0.189191 -1.0545e-07 6.19234e-06 -0.189191 0.995134 -5.34458e-06 -1.13437e-06 2.98322e-07 5.30509e-06 0.975875 0.0376112 6.29921e-06 -2.11562e-06 -0.0376111 0.971396
50 0.168004 0.0616556 -0.0126322 -5.99375e-09 3.71365e-07 -0.0126322 0.061342 -3.42925e-07 -7.68521e-08 1.8102e-08 3.40158e-07 0.0599452 0.00251543 3.78229e-07 -1.41901e-07 -0.00251542 0.0596574 -0.204883 -9.72134e-08 6.02321e-06 -0.204883 0.994913 -5.56195e-06 -1.24647e-06 2.93598e-07 5.51706e-06 0.972259 0.0407981 6.13455e-06 -2.30151e-06 -0.0407979 0.967591
52 0.172821 0.0581807 -0.012864 -4.9647e-09 3.40389e-07 -0.012864 0.0578709 -3.3697e-07 -7.95855e-08 1.6388e-08 3.3405e-07 0.0563309 0.00256432 3.47063e-07 -1.45179e-07 -0.00256431 0.0560474 -0.221104 -8.53323e-08 5.85054e-06 -0.221104 0.994675 -5.79179e-06 -1.3679e-06 2.81674e-07 5.74159e-06 0.968205 0.044075 5.96526e-06 -2.4953e-06 -0.0440748 0.963333
54 0.177428 0.0547931 -0.0130314 -3.79451e-09 3.10921e-07 -0.0130314 0.0544873 -3.3064e-07 -8.21715e-08 1.43159e-08 3.2762e-07 0.0528032 0.00259866 3.17316e-07 -1.47773e-07 -0.00259865 0.052524 -0.23783 -6.92515e-08 5.67445e-06 -0.23783 0.994418 -6.03433e-06 -1.49967e-06 2.61271e-07 5.97921e-06 0.963684 0.0474268 5.79117e-06 -2.69694e-06 -0.0474266 0.958588
56 0.181819 0.0515022 -0.0131349 -2.48994e-09 2.83003e-07 -0.0131349 0.0512006 -3.23936e-07 -8.46119e-08 1.18971e-08 3.20884e-07 0.0493733 0.00261812 2.89027e-07 -1.49682e-07 -0.00261811 0.0490984 -0.255036 -4.83463e-08 5.49497e-06 -0.255036 0.994142 -6.28975e-06 -1.64288e-06 2.31002e-07 6.23048e-06 0.958663 0.0508351 5.61192e-06 -2.90632e-06 -0.0508349 0.953324
58 0.185988 0.0483162 -0.0131755 -1.05877e-09 2.56654e-07 -0.0131755 0.0480189 -3.16866e-07 -8.69076e-08 9.14964e-09 3.1386e-07 0.0460508 0.00262253 2.6221e-07 -1.50908e-07 -0.00262252 0.0457801 -0.272693 -2.19134e-08 5.31196e-06 -0.272693 0.993846 -6.55816e-06 -1.79872e-06 1.8937e-07 6.49596e-06 0.953112 0.0542784 5.42695e-06 -3.12334e-06 -0.0542782 0.94751
60 0.286303 0.0452418 -0.0131551 4.90349e-10 2.31868e-07 -0.0131551 0.0449489 -3.09434e-07 -8.90574e-08 6.09754e-09 3.06571e-07 0.0428441 0.00261186 2.3686e-07 -1.51466e-07 -0.00261185 0.0425777 -0.290772 1.08384e-08 5.12508e-06 -0.290772 0.993526 -6.83956e-06 -1.96848e-06 1.34777e-07 6.77627e-06 0.947001 0.0577311 5.23543e-06 -3.34792e-06 -0.0577309 0.941113
64 0.394175 0.039448 -0.0129414 3.90395e-09 1.86862e-07 -0.0129414 0.0391646 -2.93527e-07 -9.29052e-08 -7.94945e-10 2.9128e-07 0.0368042 0.00254608 1.90445e-07 -1.50661e-07 -0.00254607 0.0365464 -0.328062 9.89642e-08 4.73692e-06 -0.328062 0.992814 -7.44086e-06 -2.35513e-06 -2.01517e-08 7.38389e-06 0.93298 0.0645425 4.82775e-06 -3.81923e-06 -0.0645423 0.926443
68 0.406626 0.0341496 -0.0125199 7.66633e-09 1.47557e-07 -0.0125199 0.0338761 -2.76314e-07 -9.6102e-08 -8.47731e-09 2.75193e-07 0.0312935 0.0024238 1.49383e-07 -1.47504e-07 -0.00242379 0.0310442 -0.366619 2.24493e-07 4.32089e-06 -0.366619 0.991993 -8.09127e-06 -2.81415e-06 -2.48241e-07 8.05846e-06 0.916367 0.070976 4.37438e-06 -4.31934e-06 -0.0709758 0.909065
72 0.417095 0.0293575 -0.0119229 1.16803e-08 1.13271e-07 -0.0119229 0.0290946 -2.57926e-07 -9.85573e-08 -1.65786e-08 2.58494e-07 0.0263319 0.00225028 1.13059e-07 -1.42303e-07 -0.00225028 0.0260911 -0.406128 3.97864e-07 3.85833e-06 -0.406128 0.991046 -8.78572e-06 -3.35715e-06 -5.64716e-07 8.80506e-06 0.896942 0.0766512 3.85112e-06 -4.84726e-06 -0.076651 0.888739
76 0.425533 0.0250679 -0.0111867 1.58339e-08 8.31378e-08 -0.0111867 0.0248161 -2.3854e-07 -1.00152e-07 -2.46864e-08 2.41359e-07 0.0219216 0.00203265 8.07089e-08 -1.35413e-07 -0.00203265 0.0216895 -0.446254 6.3164e-07 3.3165e-06 -0.446254 0.989954 -9.51574e-06 -3.99524e-06 -9.84781e-07 9.62819e-06 0.874489 0.0810858 3.21961e-06 -5.40186e-06 -0.0810857 0.865228
80 0.431897 0.0212654 -0.0103488 1.99983e-08 5.61685e-08 -0.0103488 0.0210251 -2.1837e-07 -1.00755e-07 -3.23776e-08 2.23949e-07 0.0180498 0.00177949 5.14791e-08 -1.27202e-07 -0.00177949 0.0178265 -0.486646 9.40414e-07 2.6413e-06 -0.486647 0.988697 -1.02688e-05 -4.73798e-06 -1.52255e-06 1.05311e-05 0.848787 0.0836799 2.42079e-06 -5.98161e-06 -0.0836798 0.838285
84 0.436158 0.0179257 -0.00944589 2.40272e-08 3.13131e-08 -0.00944589 0.0176971 -1.97673e-07 -1.00242e-07 -3.92513e-08 2.06412e-07 0.0146915 0.00150039 2.44783e-08 -1.18022e-07 -0.00150039 0.0144772 -0.526948 1.34038e-06 1.74683e-06 -0.526948 0.987249 -1.10274e-05 -5.59209e-06 -2.18967e-06 1.15149e-05 0.819579 0.0837009 1.36555e-06 -6.58398e-06 -0.0837009 0.807625
88 0.328636 0.0150182 -0.00851218 2.77595e-08 7.51778e-09 -0.00851218 0.0148017 -1.76744e-07 -9.85157e-08 -4.4959e-08 1.88883e-07 0.0118122 0.00120551 -1.17978e-09 -1.08199e-07 -0.00120551 0.0116074 -0.56679 1.84839e-06 5.00578e-07 -0.56679 0.985581 -1.17687e-05 -6.55975e-06 -2.99363e-06 1.25769e-05 0.786528 0.0802697 -7.85569e-08 -7.2045e-06 -0.0802698 0.772887
90 0.219313 0.013716 -0.00804335 2.94618e-08 -4.30002e-09 -0.00804335 0.0135055 -1.66292e-07 -9.71796e-08 -4.72876e-08 1.80162e-07 0.0105397 0.00105535 -1.37729e-08 -1.03134e-07 -0.00105535 0.0103397 -0.586419 2.14798e-06 -3.13503e-07 -0.586419 0.984654 -1.21239e-05 -7.08511e-06 -3.44761e-06 1.31351e-05 0.768418 0.0769424 -1.00414e-06 -7.51925e-06 -0.0769427 0.753838
92 0.328636 0.012509 -0.00757775 3.10266e-08 -1.62242e-08 -0.00757774 0.0123046 -1.55905e-07 -9.55255e-08 -4.92307e-08 1.71489e-07 0.00937113 0.000905054 -2.63443e-08 -9.80096e-08 -0.000905059 0.00917613 -0.605783 2.48034e-06 -1.297e-06 -0.605783 0.983659 -1.24634e-05 -7.63654e-06 -3.93562e-06 1.37093e-05 0.749151 0.0723522 -2.10603e-06 -7.83513e-06 -0.0723526 0.733562
96 0.436158 0.0103623 -0.00666788 3.36632e-08 -4.08294e-08 -0.00666786 0.0101701 -1.35493e-07 -9.12779e-08 -5.18933e-08 1.54356e-07 0.00732328 0.000608918 -5.18026e-08 -8.76864e-08 -0.000608925 0.00713867 -0.643473 3.24861e-06 -3.94018e-06 -0.643471 0.981447 -1.30755e-05 -8.80863e-06 -5.00788e-06 1.48959e-05 0.706721 0.0587626 -4.99912e-06 -8.46203e-06 -0.0587633 0.688906
100 0.431897 0.00854243 -0.00580258 3.55222e-08 -6.70883e-08 -0.00580256 0.00836223 -1.15843e-07 -8.58431e-08 -5.28796e-08 1.37612e-07 0.00562215 0.000326252 -7.82614e-08 -7.74151e-08 -0.000326261 0.00544855 -0.679266 4.15833e-06 -7.85354e-06 -0.679264 0.978905 -1.35609e-05 -1.0049e-05 -6.19023e-06 1.61092e-05 0.658145 0.038192 -9.16149e-06 -9.06242e-06 -0.0381931 0.637822
104 0.425533 0.00701458 -0.00499657 3.64902e-08 -9.56378e-08 -0.00499655 0.00684622 -9.72703e-08 -7.93537e-08 -5.22285e-08 1.21391e-07 0.00422146 6.51537e-05 -1.06332e-07 -6.73446e-08 -6.5165e-05 0.00405953 -0.712312 5.20206e-06 -1.36342e-05 -0.712309 0.975998 -1.38669e-05 -1.13127e-05 -7.44571e-06 1.73055e-05 0.601812 0.00928834 -1.51587e-05 -9.60067e-06 -0.00928995 0.578727
108 0.417095 0.00574591 -0.00425951 3.6502e-08 -1.26943e-07 -0.00425948 0.00558905 -8.00542e-08 -7.19979e-08 -5.00759e-08 1.05834e-07 0.00307672 -0.000167596 -1.36516e-07 -5.75969e-08 0.000167583 0.00292717 -0.741312 6.3527e-06 -2.20927e-05 -0.741307 0.972702 -1.39324e-05 -1.25303e-05 -8.71506e-06 1.84191e-05 0.535463 -0.0291679 -2.37588e-05 -1.0024e-05 0.0291656 0.509436
112 0.406626 0.00470581 -0.00359656 3.55509e-08 -1.61284e-07 -0.00359653 0.00456003 -6.44204e-08 -6.40079e-08 -4.66389e-08 9.10837e-08 0.00214648 -0.000366718 -1.69193e-07 -4.82783e-08 0.000366704 0.00201002 -0.76428 7.55468e-06 -3.42733e-05 -0.764273 0.969021 -1.36895e-05 -1.36019e-05 -9.91092e-06 1.93556e-05 0.456133 -0.0779288 -3.59541e-05 -1.02593e-05 0.0779257 0.427137
116 0.394175 0.00386613 -0.00300905 3.36933e-08 -1.98755e-07 -0.00300902 0.00373089 -5.05315e-08 -5.56458e-08 -4.21942e-08 7.72767e-08 0.00139308 -0.000528554 -2.04606e-07 -3.94882e-08 0.000528538 0.00127041 -0.778311 8.71501e-06 -5.14095e-05 -0.778303 0.965019 -1.30703e-05 -1.43932e-05 -1.09138e-05 1.99882e-05 0.360329 -0.136714 -5.29227e-05 -1.02139e-05 0.13671 0.328601
120 0.379804 0.0032011 -0.00249524 3.10469e-08 -2.3927e-07 -0.00249521 0.00307578 -3.8481e-08 -4.71876e-08 -3.70539e-08 6.45378e-08 0.000783192 -0.000651103 -2.42847e-07 -3.13253e-08 0.000651086 0.000674951 -0.779494 9.69882e-06 -7.47462e-05 -0.779484 0.960852 -1.20212e-05 -1.4741e-05 -1.15754e-05 2.01611e-05 0.244663 -0.2034 -7.58637e-05 -9.78578e-06 0.203395 0.21085
124 0.363583 0.00268726 -0.00205109 2.77806e-08 -2.82565e-07 -0.00205106 0.00257118 -2.82924e-08 -3.8907e-08 -3.1541e-08 5.29692e-08 0.000288058 -0.000734003 -2.83851e-07 -2.38881e-08 0.000733986 0.00019478 -0.763266 1.03379e-05 -0.00010515 -0.763253 0.956803 -1.05283e-05 -1.44783e-05 -1.17372e-05 1.97112e-05 0.107194 -0.273142 -0.000105628 -8.88937e-06 0.273135 0.0724827
128 0.34559 0.00230319 -0.00167102 2.41e-08 -3.28219e-07 -0.00167099 0.0021956 -1.99233e-08 -3.10609e-08 -2.59658e-08 4.26438e-08 -0.000116549 -0.000778443 -3.2738e-07 -1.72719e-08 0.000778425 -0.000194454 -0.725526 1.04637e-05 -0.000142507 -0.725513 0.953289 -8.65034e-06 -1.34861e-05 -1.12739e-05 1.85152e-05 -0.0506035 -0.337985 -0.000142142 -7.49912e-06 0.337978 -0.0844281
132 0.325914 0.00202927 -0.00134855 2.02274e-08 -3.75665e-07 -0.00134852 0.0019294 -1.3274e-08 -2.38741e-08 -2.06059e-08 3.35987e-08 -0.000450482 -0.000787023 -3.73029e-07 -1.15612e-08 0.000787007 -0.000512767 -0.664549 9.96783e-06 -0.000185123 -0.664535 0.950788 -6.54128e-06 -1.17649e-05 -1.01544e-05 1.65571e-05 -0.221993 -0.387836 -0.000183825 -5.69722e-06 0.387828 -0.252686
136 0.304649 0.00184748 -0.00107687 1.63818e-08 -4.24212e-07 -0.00107685 0.00175455 -8.19782e-09 -1.75278e-08 -1.56904e-08 2.58327e-08 -0.000729546 -0.000763578 -4.20222e-07 -6.81975e-09 0.000763562 -0.000776161 -0.582885 8.86711e-06 -0.000229616 -0.582871 0.949695 -4.43728e-06 -9.48738e-06 -8.49283e-06 1.39826e-05 -0.394886 -0.413307 -0.000227456 -3.69137e-06 0.413298 -0.420117
140 0.281901 0.00174122 -0.000849316 1.2759e-08 -4.73064e-07 -0.000849294 0.00165441 -4.5137e-09 -1.21485e-08 -1.13885e-08 1.93068e-08 -0.000965907 -0.000712952 -4.68229e-07 -3.07998e-09 0.000712937 -0.000997021 -0.487771 7.32765e-06 -0.000271686 -0.487759 0.950147 -2.59227e-06 -6.97702e-06 -6.54057e-06 1.10881e-05 -0.554731 -0.409456 -0.000268909 -1.76886e-06 0.409448 -0.5726
144 0.257779 0.0016951 -0.000659663 9.51539e-09 -5.21341e-07 -0.000659645 0.00161365 -2.01855e-09 -7.80158e-09 -7.8047e-09 1.39477e-08 -0.00116856 -0.000640763 -5.16184e-07 -3.33779e-10 0.00064075 -0.00118458 -0.389158 5.61345e-06 -0.000307557 -0.389147 0.951948 -1.19081e-06 -4.60242e-06 -4.60426e-06 8.22823e-06 -0.689374 -0.378008 -0.000304514 -1.96907e-07 0.378 -0.698827
148 0.232401 0.00169497 -0.000502369 6.75715e-09 -5.68107e-07 -0.000502355 0.00161812 -4.99046e-10 -4.48782e-09 -4.97788e-09 9.65381e-09 -0.00134383 -0.000553141 -5.63109e-07 1.47322e-09 0.00055313 -0.00134542 -0.296388 3.9866e-06 -0.000335173 -0.29638 0.954659 -2.94428e-07 -2.64773e-06 -2.93686e-06 5.69557e-06 -0.792833 -0.326343 -0.000332224 8.69175e-07 0.326337 -0.793776
152 0.205891 0.00172779 -0.000372686 4.53586e-09 -6.12392e-07 -0.000372675 0.00165483 2.57888e-10 -2.14542e-09 -2.88684e-09 6.30313e-09 -0.00149584 -0.000456465 -6.07958e-07 2.4427e-09 0.000456456 -0.00148393 -0.2157 2.62523e-06 -0.000354436 -0.215694 0.957773 1.49259e-07 -1.24171e-06 -1.67082e-06 3.64808e-06 -0.865749 -0.264189 -0.000351869 1.41377e-06 0.264184 -0.858859
156 0.178378 0.00178176 -0.000266699 2.85024e-09 -6.53224e-07 -0.000266692 0.00171203 4.56167e-10 -6.57172e-10 -1.45938e-09 3.76218e-09 -0.00162701 -0.000357098 -6.49648e-07 2.71908e-09 0.000357091 -0.00160278 -0.149683 1.59968e-06 -0.000366617 -0.149679 0.960863 2.5602e-07 -3.68833e-07 -8.19066e-07 2.1115e-06 -0.913148 -0.200419 -0.00036461 1.52606e-06 0.200415 -0.89955
160 0.0971232 0.00184631 -0.0001813 1.65406e-09 -6.89663e-07 -0.000181295 0.00177919 2.83411e-10 1.37115e-10 -5.85421e-10 1.89489e-09 -0.00173851 -0.00026114 -6.87111e-07 2.47945e-09 0.000261135 -0.00170338 -0.0981962 8.95877e-07 -0.000373537 -0.0981934 0.963647 1.53502e-07 7.42646e-08 -3.17077e-07 1.02631e-06 -0.941614 -0.141439 -0.000372155 1.34292e-06 0.141436 -0.922586
161 0.0357021 0.00186298 -0.000162874 1.42277e-09 -6.97982e-07 -0.000162869 0.00179643 2.02221e-10 2.48778e-10 -4.38138e-10 1.51783e-09 -0.00176335 -0.000238353 -6.95697e-07 2.36163e-09 0.000238348 -0.00172574 -0.0874264 7.63704e-07 -0.000374658 -0.0874239 0.964275 1.08547e-07 1.33537e-07 -2.35181e-07 8.14731e-07 -0.94652 -0.127942 -0.000373431 1.26766e-06 0.127939 -0.926333
162 0.0338871 0.00187961 -0.000145552 1.21577e-09 -7.05958e-07 -0.000145548 0.00181359 1.10682e-10 3.31719e-10 -3.15002e-10 1.17275e-09 -0.00178699 -0.000216214 -7.0394e-07 2.22688e-09 0.000216209 -0.00174701 -0.0774374 6.46821e-07 -0.000375587 -0.0774353 0.964873 5.88854e-08 1.76483e-07 -1.67589e-07 6.23932e-07 -0.95072 -0.115031 -0.000374513 1.18476e-06 0.115029 -0.929451
163 0.0320617 0.00189607 -0.000129307 1.03157e-09 -7.13579e-07 -0.000129304 0.00183054 1.10378e-11 3.88987e-10 -2.13815e-10 8.57778e-10 -0.0018094 -0.0001948 -7.11826e-07 2.0783e-09 0.000194796 -0.00176716 -0.0681977 5.44058e-07 -0.000376347 -0.0681958 0.965439 5.82142e-09 2.05155e-07 -1.12768e-07 4.52399e-07 -0.954294 -0.102739 -0.000375423 1.09611e-06 0.102737 -0.932017
164 0.0302266 0.00191223 -0.000114113 8.68615e-10 -7.20833e-07 -0.000114109 0.00184716 -9.45734e-11 4.23611e-10 -1.32391e-10 5.71113e-10 -0.0018306 -0.000174188 -7.19342e-07 1.91896e-09 0.000174184 -0.00178621 -0.0596753 4.54243e-07 -0.00037696 -0.0596737 0.965973 -4.94572e-08 2.21528e-07 -6.92341e-08 2.98664e-07 -0.957314 -0.0910916 -0.00037618 1.00352e-06 0.0910898 -0.934102
165 0.0283823 0.00192798 -9.99448e-05 7.25352e-10 -7.27708e-07 -9.99421e-05 0.00186334 -2.04125e-10 4.38587e-10 -6.85696e-11 3.11026e-10 -0.00185057 -0.000154448 -7.26473e-07 1.75187e-09 0.000154445 -0.00180415 -0.0518392 3.76224e-07 -0.000377446 -0.0518377 0.966475 -1.05875e-07 2.27485e-07 -3.55655e-08 1.61322e-07 -0.95985 -0.0801086 -0.000376805 9.08656e-07 0.080107 -0.935772
166 0.0265294 0.00194322 -8.67822e-05 6.00219e-10 -7.34194e-07 -8.67798e-05 0.00187899 -3.15703e-10 4.36846e-10 -2.02308e-11 7.5864e-11 -0.00186931 -0.000135649 -7.33208e-07 1.57998e-09 0.000135646 -0.00182097 -0.0446589 3.08878e-07 -0.000377823 -0.0446577 0.966944 -1.62464e-07 2.24805e-07 -1.04109e-08 3.90403e-08 -0.961962 -0.0698062 -0.000377315 8.13072e-07 0.0698048 -0.937088
167 0.0246683 0.00195785 -7.4605e-05 4.91669e-10 -7.4028e-07 -7.4603e-05 0.00189399 -4.27509e-10 4.21245e-10 1.46875e-11 -1.35942e-10 -0.0018868 -0.000117856 -7.39533e-07 1.40614e-09 0.000117853 -0.00183667 -0.0381055 2.51127e-07 -0.000378108 -0.0381044 0.967379 -2.18356e-07 2.15157e-07 7.50182e-09 -6.94341e-08 -0.963707 -0.0601963 -0.000377726 7.18203e-07 0.0601951 -0.938102
168 0.0172754 0.00197178 -6.33954e-05 3.98186e-10 -7.45956e-07 -6.33937e-05 0.00190826 -5.3786e-10 3.9454e-10 3.81759e-11 -3.25874e-10 -0.00190304 -0.000101129 -7.45438e-07 1.23308e-09 0.000101127 -0.00185124 -0.0321513 2.01942e-07 -0.000378316 -0.0321504 0.967782 -2.72778e-07 2.00093e-07 1.93611e-08 -1.65269e-07 -0.965138 -0.0512879 -0.000378053 6.25366e-07 0.0512869 -0.938865
168.5 0.0109315 0.00197845 -5.81484e-05 3.56632e-10 -7.48638e-07 -5.81468e-05 0.00191509 -5.91996e-10 3.77853e-10 4.6233e-11 -4.13075e-10 -0.00191069 -9.31828e-05 -7.48229e-07 1.14768e-09 9.3181e-05 -0.0018581 -0.0293908 1.80258e-07 -0.000378395 -0.02939 0.967971 -2.99222e-07 1.90984e-07 2.33682e-08 -2.08787e-07 -0.965749 -0.0470988 -0.000378189 5.80089e-07 0.0470979 -0.939167
169 0.0104622 0.00198492 -5.31373e-05 3.18298e-10 -7.51214e-07 -5.31359e-05 0.0019217 -6.45193e-10 3.59368e-10 5.21395e-11 -4.95321e-10 -0.00191802 -8.55248e-05 -7.50912e-07 1.06344e-09 8.55231e-05 -0.00186467 -0.0267705 1.60358e-07 -0.000378461 -0.0267698 0.968151 -3.25047e-07 1.81049e-07 2.62678e-08 -2.49542e-07 -0.966298 -0.0430873 -0.000378308 5.35761e-07 0.0430864 -0.939421
169.5 0.00999215 0.00199117 -4.83605e-05 2.83007e-10 -7.53683e-07 -4.83592e-05 0.00192809 -6.97271e-10 3.39395e-10 5.61181e-11 -5.72772e-10 -0.00192504 -7.81608e-05 -7.53484e-07 9.80678e-10 7.81592e-05 -0.00187097 -0.0242875 1.42131e-07 -0.000378513 -0.0242869 0.968323 -3.50182e-07 1.7045e-07 2.81835e-08 -2.87656e-07 -0.966791 -0.0392538 -0.000378413 4.92515e-07 0.039253 -0.939633
170 0.0095213 0.00199719 -4.38163e-05 2.50591e-10 -7.56044e-07 -4.38151e-05 0.00193425 -7.48064e-10 3.18231e-10 5.83841e-11 -6.45579e-10 -0.00193174 -7.1097e-05 -7.55944e-07 8.99683e-10 7.10956e-05 -0.00187697 -0.021939 1.25472e-07 -0.000378555 -0.0219384 0.968487 -3.74559e-07 1.5934e-07 2.92332e-08 -3.23244e-07 -0.967231 -0.0355986 -0.000378505 4.50475e-07 0.0355979 -0.939807
170.5 0.00904972 0.00200297 -3.95032e-05 2.20885e-10 -7.58296e-07 -3.95021e-05 0.00194016 -7.97409e-10 2.96166e-10 5.91459e-11 -7.13888e-10 -0.00193812 -6.43395e-05 -7.58292e-07 8.2074e-10 6.43382e-05 -0.00188269 -0.0197223 1.10279e-07 -0.000378586 -0.0197218 0.968643 -3.98113e-07 1.47863e-07 2.95291e-08 -3.56415e-07 -0.967623 -0.0321221 -0.000378584 4.09762e-07 0.0321214 -0.939949
171 0.00857745 0.00200851 -3.54196e-05 1.93728e-10 -7.60438e-07 -3.54186e-05 0.00194582 -8.45152e-10 2.73476e-10 5.86038e-11 -7.77839e-10 -0.00194418 -5.78939e-05 -7.60526e-07 7.44124e-10 5.78928e-05 -0.00188812 -0.0176348 9.64539e-08 -0.000378609 -0.0176343 0.968791 -4.20786e-07 1.36159e-07 2.91778e-08 -3.87272e-07 -0.967972 -0.0288244 -0.000378652 3.70486e-07 0.0288238 -0.94006
171.5 0.00810453 0.00201379 -3.15641e-05 1.68968e-10 -7.6247e-07 -3.15633e-05 0.00195123 -8.91147e-10 2.5043e-10 5.695e-11 -8.37566e-10 -0.00194992 -5.17657e-05 -7.62645e-07 6.70096e-10 5.17646e-05 -0.00189326 -0.015674 8.39052e-08 -0.000378624 -0.0156735 0.96893 -4.42522e-07 1.24357e-07 2.828e-08 -4.15914e-07 -0.96828 -0.0257055 -0.000378711 3.32753e-07 0.025705 -0.940146
172 0.00763099 0.00201882 -2.79356e-05 1.46455e-10 -7.6439e-07 -2.79349e-05 0.00195636 -9.35256e-10 2.27281e-10 5.43686e-11 -8.93194e-10 -0.00195533 -4.59598e-05 -7.64649e-07 5.98909e-10 4.59589e-05 -0.00189811 -0.0138376 7.2545e-08 -0.000378632 -0.0138372 0.969061 -4.63269e-07 1.12581e-07 2.69309e-08 -4.42434e-07 -0.968553 -0.0227657 -0.000378761 2.96663e-07 0.0227652 -0.94021
172.5 0.00715688 0.00202358 -2.45328e-05 1.2605e-10 -7.66198e-07 -2.45322e-05 0.00196122 -9.77349e-10 2.04274e-10 5.10346e-11 -9.44843e-10 -0.00196043 -4.04812e-05 -7.66536e-07 5.30799e-10 4.04804e-05 -0.00190268 -0.0121235 6.22905e-08 -0.000378636 -0.0121232 0.969185 -4.82981e-07 1.00947e-07 2.522e-08 -4.66917e-07 -0.968793 -0.0200048 -0.000378803 2.62308e-07 0.0200044 -0.940255
173 0.00668221 0.00202806 -2.13546e-05 1.07616e-10 -7.67892e-07 -2.1354e-05 0.0019658 -1.0173e-09 1.81637e-10 4.71143e-11 -9.92626e-10 -0.0019652 -3.53345e-05 -7.68305e-07 4.65995e-10 3.53338e-05 -0.00190695 -0.0105296 5.30638e-08 -0.000378634 -0.0105293 0.9693 -5.01614e-07 8.9562e-08 2.32312e-08 -4.89446e-07 -0.969003 -0.0174228 -0.000378838 2.29774e-07 0.0174225 -0.940283
173.5 0.00620704 0.00203226 -1.83999e-05 9.10287e-11 -7.69473e-07 -1.83994e-05 0.00197009 -1.055e-09 1.59589e-10 4.27643e-11 -1.03665e-09 -0.00196964 -3.0524e-05 -7.69956e-07 4.04708e-10 3.05234e-05 -0.00191093 -0.00905392 4.47918e-08 -0.000378629 -0.00905367 0.969407 -5.19127e-07 7.8528e-08 2.10427e-08 -5.10096e-07 -0.969187 -0.0150197 -0.000378867 1.99142e-07 0.0150194 -0.940298
174 0.0057314 0.00203617 -1.56678e-05 7.61662e-11 -7.7094e-07 -1.56674e-05 0.00197408 -1.09034e-09 1.38335e-10 3.81318e-11 -1.07701e-09 -0.00197376 -2.60536e-05 -7.71488e-07 3.47139e-10 2.60531e-05 -0.00191462 -0.00769474 3.74065e-08 -0.000378622 -0.00769454 0.969506 -5.35484e-07 6.79386e-08 1.87272e-08 -5.28938e-07 -0.969346 -0.0127954 -0.000378891 1.70486e-07 0.0127951 -0.940302
174.5 0.00525531 0.0020398 -1.31575e-05 6.29171e-11 -7.72291e-07 -1.31571e-05 0.00197778 -1.12322e-09 1.18064e-10 3.33542e-11 -1.1138e-09 -0.00197755 -2.19271e-05 -7.729e-07 2.93476e-10 2.19266e-05 -0.00191802 -0.00645039 3.08448e-08 -0.000378612 -0.00645022 0.969596 -5.50651e-07 5.78804e-08 1.63517e-08 -5.46036e-07 -0.969484 -0.0107496 -0.00037891 1.43875e-07 0.0107494 -0.940298
175 0.00477883 0.00204312 -1.0868e-05 5.1177e-11 -7.73527e-07 -1.08677e-05 0.00198117 -1.15354e-09 9.89541e-11 2.85586e-11 -1.14711e-09 -0.00198101 -1.81478e-05 -7.74191e-07 2.4389e-10 1.81475e-05 -0.00192112 -0.00531933 2.50485e-08 -0.000378601 -0.00531919 0.969679 -5.64598e-07 4.84328e-08 1.39779e-08 -5.6145e-07 -0.969603 -0.00888241 -0.000378926 1.19371e-07 0.00888223 -0.940287
175.5 0.00430199 0.00204614 -8.79879e-06 4.08502e-11 -7.74647e-07 -8.79856e-06 0.00198425 -1.18123e-09 8.11668e-11 2.3862e-11 -1.17701e-09 -0.00198415 -1.4719e-05 -7.75361e-07 1.98541e-10 1.47187e-05 -0.00192393 -0.00430019 1.99645e-08 -0.000378589 -0.00430007 0.969754 -5.77296e-07 3.96682e-08 1.16619e-08 -5.75233e-07 -0.969704 -0.00719355 -0.000378938 9.7032e-08 0.0071934 -0.940271
176 0.00382481 0.00204886 -6.94908e-06 3.1849e-11 -7.7565e-07 -6.9489e-06 0.00198702 -1.20621e-09 6.48501e-11 1.93707e-11 -1.20357e-09 -0.00198696 -1.16435e-05 -7.7641e-07 1.57573e-10 1.16432e-05 -0.00192644 -0.00339169 1.55448e-08 -0.000378577 -0.0033916 0.969821 -5.88722e-07 3.16519e-08 9.45441e-09 -5.87436e-07 -0.96979 -0.00568292 -0.000378948 7.6908e-08 0.0056828 -0.940253
176.5 0.00334735 0.00205126 -5.31834e-06 2.40948e-11 -7.76536e-07 -5.3182e-06 0.00198948 -1.22841e-09 5.01371e-11 1.51805e-11 -1.22686e-09 -0.00198944 -8.92375e-06 -7.77336e-07 1.21117e-10 8.92358e-06 -0.00192866 -0.00259272 1.17463e-08 -0.000378565 -0.00259265 0.96988 -5.98854e-07 2.44421e-08 7.40057e-09 -5.981e-07 -0.969862 -0.00435038 -0.000378955 5.9045e-08 0.00435029 -0.940233
177 0.00286963 0.00205335 -3.90605e-06 1.75175e-11 -7.77305e-07 -3.90594e-06 0.00199161 -1.24776e-09 3.71455e-11 1.13761e-11 -1.24693e-09 -0.00199159 -6.5621e-06 -7.7814e-07 8.92864e-11 6.56197e-06 -0.00193059 -0.00190228 8.53118e-09 -0.000378554 -0.00190223 0.969931 -6.07672e-07 1.80902e-08 5.54025e-09 -6.07266e-07 -0.969922 -0.0031958 -0.000378961 4.34833e-08 0.00319574 -0.940213
177.5 0.00239169 0.00205512 -2.71177e-06 1.20561e-11 -7.77956e-07 -2.71169e-06 0.00199342 -1.26423e-09 2.5978e-11 8.03131e-12 -1.26383e-09 -0.00199341 -4.56047e-06 -7.78821e-07 6.21825e-11 4.56038e-06 -0.00193222 -0.00131951 5.86638e-09 -0.000378544 -0.00131948 0.969975 -6.15162e-07 1.26406e-08 3.90794e-09 -6.14966e-07 -0.96997 -0.00221907 -0.000378965 3.02573e-08 0.00221903 -0.940195
178 0.00191357 0.00205658 -1.73513e-06 7.65888e-12 -7.78489e-07 -1.73508e-06 0.0019949 -1.27777e-09 1.67216e-11 5.20885e-12 -1.2776e-09 -0.0019949 -2.92051e-06 -7.79378e-07 3.98902e-11 2.92045e-06 -0.00193355 -0.000843697 3.72408e-09 -0.000378536 -0.000843675 0.97001 -6.21307e-07 8.13077e-09 2.53277e-09 -6.21227e-07 -0.970008 -0.00142008 -0.000378968 1.93964e-08 0.00142005 -0.940178
178.5 0.00143531 0.00205771 -9.75836e-07 4.28313e-12 -7.78904e-07 -9.7581e-07 0.00199606 -1.28833e-09 9.44778e-12 2.96011e-12 -1.28828e-09 -0.00199606 -1.64358e-06 -7.79812e-07 2.24791e-11 1.64354e-06 -0.00193459 -0.000474233 2.0815e-09 -0.000378529 -0.000474221 0.970038 -6.26099e-07 4.5914e-09 1.43854e-09 -6.26074e-07 -0.970037 -0.00079874 -0.00037897 1.09243e-08 0.000798724 -0.940164
179 0.000956932 0.00205852 -4.33649e-07 1.89567e-12 -7.792e-07 -4.33638e-07 0.00199689 -1.2959e-09 4.21232e-12 1.32518e-12 -1.29589e-09 -0.00199689 -7.3073e-07 -7.80122e-07 1.00037e-11 7.30715e-07 -0.00193533 -0.00021066 9.20888e-10 -0.000378524 -0.000210655 0.970057 -6.29528e-07 2.04628e-09 6.43751e-10 -6.29523e-07 -0.970057 -0.000354978 -0.000378972 4.85965e-09 0.000354971 -0.940154
179.5 0.000478484 0.00205901 -1.08404e-07 4.72725e-13 -7.79378e-07 -1.08401e-07 0.00199738 -1.30044e-09 1.05508e-12 3.3273e-13 -1.30044e-09 -0.00199738 -1.8272e-07 -7.80308e-07 2.50287e-12 1.82716e-07 -0.00193577 -5.26486e-05 2.29588e-10 -0.000378521 -5.26472e-05 0.970069 -6.31587e-07 5.12419e-10 1.61597e-10 -6.31587e-07 -0.970069 -8.87417e-05 -0.000378972 1.21557e-09 8.874e-05 -0.940148
180 5.98114e-05 0.00205917 0 0 -7.79437e-07 0 0.00199755 -1.30196e-09 0 0 -1.30196e-09 -0.00199755 0 -7.8037e-07 0 0 -0.00193592 0 0 -0.00037852 0 0.970073 -6.32274e-07 0 0 -6.32274e-07 -0.970073 0 -0.000378972 0 0 -0.940146
