theta 2pi*dcos S11 S12 S13 S14 S21 S22 S23 S24 S31 S32 S33 S34 S41 S42 S43 S44 S12_norm S13_norm S14_norm S21_norm S22_norm S23_norm S24_norm S31_norm S32_norm S33_norm S34_norm S41_norm S42_norm S43_norm S44_norm
0 2.39246e-06 33.9468 2.19379e-16 1.35608e-18 9.996e-05 2.21543e-16 33.8597 -0.0762082 -2.15602e-17 1.72009e-18 0.0762082 33.8597 1.73861e-17 9.95222e-05 1.89446e-17 -1.91714e-17 33.801 6.46244e-18 3.99471e-20 2.9446e-06 6.52616e-18 0.997433 -0.00224493 -6.35116e-19 5.06702e-20 0.00224493 0.997433 5.12158e-19 2.93171e-06 5.58068e-19 -5.64748e-19 0.995706
0.1 1.91397e-05 33.9448 -7.82997e-05 8.64098e-09 9.95489e-05 -7.81382e-05 33.8577 -0.0762025 -1.85877e-08 -2.12776e-07 0.0762025 33.8577 0.000150791 9.89518e-05 -3.08623e-08 -0.00015095 33.799 -2.30668e-06 2.5456e-10 2.93267e-06 -2.30192e-06 0.997433 -0.0022449 -5.47587e-10 -6.2683e-09 0.0022449 0.997433 4.44224e-06 2.91508e-06 -9.09192e-10 -4.44692e-06 0.995706
0.2 3.82793e-05 33.9387 -0.000313157 3.45377e-08 9.83161e-05 -0.000312512 33.8515 -0.0761855 -7.43e-08 -8.50957e-07 0.0761855 33.8515 0.000603068 9.72409e-05 -1.23371e-07 -0.000603703 33.7929 -9.22716e-06 1.01765e-09 2.89688e-06 -9.20813e-06 0.997433 -0.0022448 -2.18924e-09 -2.50734e-08 0.0022448 0.997433 1.77693e-05 2.8652e-06 -3.63511e-09 -1.77881e-05 0.995706
0.3 5.74188e-05 33.9285 -0.000704449 7.76113e-08 9.6262e-05 -0.000702997 33.8414 -0.0761571 -1.66984e-07 -1.9141e-06 0.0761571 33.8414 0.00135654 9.43908e-05 -2.7729e-07 -0.00135797 33.7828 -2.07628e-05 2.2875e-09 2.8372e-06 -2.072e-05 0.997433 -0.00224464 -4.92166e-09 -5.64158e-08 0.00224464 0.997433 3.99824e-05 2.78205e-06 -8.17279e-09 -4.00246e-05 0.995706
0.4 7.65581e-05 33.9142 -0.00125197 1.37731e-07 9.33879e-05 -0.00124939 33.8271 -0.0761173 -2.96387e-07 -3.40147e-06 0.0761173 33.8271 0.00241074 9.0403e-05 -4.92229e-07 -0.00241328 33.7686 -3.69158e-05 4.06115e-09 2.75365e-06 -3.68397e-05 0.997433 -0.00224441 -8.73932e-09 -1.00296e-07 0.00224441 0.997433 7.10834e-05 2.66564e-06 -1.4514e-08 -7.11583e-05 0.995706
0.5 9.56972e-05 33.8959 -0.00195543 2.14713e-07 8.96953e-05 -0.0019514 33.8088 -0.0760662 -4.62153e-07 -5.31203e-06 0.0760662 33.8088 0.00376498 8.52802e-05 -7.6764e-07 -0.00376895 33.7503 -5.76893e-05 6.33448e-09 2.6462e-06 -5.75704e-05 0.997432 -0.00224411 -1.36345e-08 -1.56716e-07 0.00224411 0.997432 0.000111075 2.51595e-06 -2.2647e-08 -0.000111192 0.995706
0.6 0.000114836 33.8735 -0.00281445 3.08322e-07 8.51862e-05 -0.00280866 33.7865 -0.0760038 -6.63826e-07 -7.64445e-06 0.0760038 33.7865 0.00541841 7.90257e-05 -1.10282e-06 -0.00542412 33.728 -8.30873e-05 9.10216e-09 2.51484e-06 -8.29161e-05 0.997432 -0.00224376 -1.95972e-08 -2.25677e-07 0.00224376 0.997432 0.00015996 2.33297e-06 -3.2557e-08 -0.000160129 0.995705
0.7 0.000133974 33.847 -0.0038286 4.18271e-07 7.98631e-05 -0.00382071 33.7601 -0.0759301 -9.0085e-07 -1.03971e-05 0.0759301 33.7601 0.00736998 7.16433e-05 -1.49691e-06 -0.00737775 33.7016 -0.000113115 1.23577e-08 2.35953e-06 -0.000112882 0.997431 -0.00224333 -2.66154e-08 -3.0718e-07 0.00224333 0.997431 0.000217744 2.11668e-06 -4.42258e-08 -0.000217973 0.995705
0.8 0.000153112 33.8165 -0.00499732 5.44224e-07 7.37288e-05 -0.00498703 33.7296 -0.0758452 -1.17257e-06 -1.35681e-05 0.0758452 33.7296 0.00961845 6.31377e-05 -1.9489e-06 -0.00962858 33.6713 -0.000147777 1.60934e-08 2.18026e-06 -0.000147473 0.99743 -0.00224284 -3.46745e-08 -4.01228e-07 0.00224284 0.99743 0.000284431 1.86707e-06 -5.76318e-08 -0.00028473 0.995705
0.9 0.00017225 33.782 -0.00632001 6.8579e-07 6.67867e-05 -0.006307 33.6951 -0.075749 -1.47823e-06 -1.71553e-05 0.075749 33.6951 0.0121624 5.35142e-05 -2.45764e-06 -0.0121752 33.6369 -0.000187082 2.03005e-08 1.97699e-06 -0.000186697 0.997429 -0.00224229 -4.37581e-08 -5.07823e-07 0.00224229 0.997429 0.000360026 1.58411e-06 -7.275e-08 -0.000360405 0.995705
1 0.000191387 33.7434 -0.00779596 8.42531e-07 5.90405e-05 -0.00777993 33.6567 -0.0756417 -1.81699e-06 -2.1156e-05 0.0756417 33.6567 0.0150002 4.27791e-05 -3.0218e-06 -0.015016 33.5985 -0.000231036 2.49687e-08 1.74969e-06 -0.000230561 0.997429 -0.00224167 -5.38472e-08 -6.26968e-07 0.00224167 0.997428 0.000444536 1.26778e-06 -8.95523e-08 -0.000445004 0.995704
1.1 0.000210523 33.7009 -0.00942441 1.01396e-06 5.04944e-05 -0.00940505 33.6142 -0.0755232 -2.18789e-06 -2.55677e-05 0.0755232 33.6142 0.01813 3.09389e-05 -3.63993e-06 -0.0181491 33.5561 -0.000279649 3.0087e-08 1.49831e-06 -0.000279074 0.997428 -0.00224099 -6.49208e-08 -7.58665e-07 0.00224099 0.997427 0.000537969 9.18045e-07 -1.08007e-07 -0.000538535 0.995704
1.2 0.000229659 33.6543 -0.0112045 1.19954e-06 4.11531e-05 -0.0111815 33.5677 -0.0753936 -2.58989e-06 -3.03871e-05 0.0753937 33.5677 0.0215499 1.80012e-05 -4.31042e-06 -0.0215726 33.5097 -0.000332929 3.56429e-08 1.22282e-06 -0.000332245 0.997426 -0.00224024 -7.69556e-08 -9.02919e-07 0.00224024 0.997426 0.000640332 5.34887e-07 -1.28079e-07 -0.000641006 0.995704
1.3 0.000248794 33.6038 -0.0131353 1.39868e-06 3.10215e-05 -0.0131083 33.5173 -0.075253 -3.02185e-06 -3.5611e-05 0.0752531 33.5172 0.0252577 3.97416e-06 -5.03152e-06 -0.0252843 33.4594 -0.000390887 4.16228e-08 9.23155e-07 -0.000390085 0.997425 -0.00223942 -8.99259e-08 -1.05973e-06 0.00223942 0.997425 0.000751634 1.18265e-07 -1.49731e-07 -0.000752424 0.995703
1.4 0.000267929 33.5493 -0.0152157 1.61076e-06 2.01052e-05 -0.0151846 33.4629 -0.0751014 -3.48255e-06 -4.12357e-05 0.0751015 33.4628 0.0292511 -1.11335e-05 -5.80134e-06 -0.0292818 33.4051 -0.000453534 4.80118e-08 5.99273e-07 -0.000452604 0.997424 -0.00223854 -1.03804e-07 -1.22911e-06 0.00223854 0.997423 0.000871884 -3.31855e-07 -1.7292e-07 -0.0008728 0.995703
1.5 0.000287062 33.4909 -0.0174448 1.83509e-06 8.41002e-06 -0.0174091 33.4045 -0.0749389 -3.97066e-06 -4.72572e-05 0.0749391 33.4045 0.0335274 -2.73123e-05 -6.61784e-06 -0.0335627 33.3469 -0.000520883 5.47939e-08 2.51114e-07 -0.000519816 0.997423 -0.00223759 -1.1856e-07 -1.41105e-06 0.0022376 0.997422 0.00100109 -8.15514e-07 -1.97601e-07 -0.00100214 0.995702
1.6 0.000306195 33.4285 -0.0198213 2.07096e-06 -4.05775e-06 -0.0197807 33.3423 -0.0747656 -4.48478e-06 -5.36715e-05 0.0747658 33.3423 0.0380841 -4.4552e-05 -7.47885e-06 -0.0381241 33.2848 -0.000592946 6.19519e-08 -1.21386e-07 -0.000591733 0.997421 -0.00223658 -1.3416e-07 -1.60556e-06 0.00223659 0.99742 0.00113927 -1.33275e-06 -2.23727e-07 -0.00114047 0.995701
1.7 0.000325327 33.3623 -0.022344 2.31759e-06 -1.72914e-05 -0.0222983 33.2762 -0.0745815 -5.02341e-06 -6.0474e-05 0.0745817 33.2761 0.0429181 -6.28419e-05 -8.38208e-06 -0.0429632 33.2188 -0.000669737 6.94675e-08 -5.18292e-07 -0.000668369 0.997419 -0.0022355 -1.50572e-07 -1.81265e-06 0.00223551 0.997418 0.00128643 -1.88362e-06 -2.51244e-07 -0.00128778 0.995701
1.8 0.000344457 33.2921 -0.0250115 2.57418e-06 -3.12839e-05 -0.0249604 33.2062 -0.0743866 -5.58497e-06 -6.766e-05 0.074387 33.2061 0.0480265 -8.21705e-05 -9.32509e-06 -0.048077 33.149 -0.000751273 7.73209e-08 -9.39677e-07 -0.00074974 0.997418 -0.00223436 -1.67756e-07 -2.03231e-06 0.00223437 0.997416 0.00144258 -2.46817e-06 -2.80099e-07 -0.00144409 0.9957
1.9 0.000363587 33.2182 -0.0278225 2.83987e-06 -4.60276e-05 -0.0277658 33.1323 -0.0741812 -6.16779e-06 -7.52245e-05 0.0741816 33.1323 0.0534061 -0.000102526 -1.03053e-05 -0.0534621 33.0753 -0.000837568 8.54915e-08 -1.38562e-06 -0.00083586 0.997416 -0.00223315 -1.85675e-07 -2.26456e-06 0.00223316 0.997414 0.00160774 -3.08644e-06 -3.10231e-07 -0.00160942 0.995699
2 0.000382716 33.1404 -0.0307755 3.11377e-06 -6.15149e-05 -0.0307128 33.0547 -0.0739652 -6.77013e-06 -8.31622e-05 0.0739657 33.0546 0.0590533 -0.000123895 -1.13201e-05 -0.0591152 32.9978 -0.000928639 9.39571e-08 -1.85619e-06 -0.000926749 0.997414 -0.00223188 -2.04287e-07 -2.50939e-06 0.00223189 0.997412 0.00178191 -3.73849e-06 -3.4158e-07 -0.00178378 0.995698
2.1 0.000401843 33.0588 -0.0338689 3.39495e-06 -7.77373e-05 -0.0338 32.9732 -0.0737388 -7.39017e-06 -9.14676e-05 0.0737394 32.9732 0.0649646 -0.000146265 -1.23666e-05 -0.0650328 32.9165 -0.00102451 1.02694e-07 -2.35149e-06 -0.00102242 0.997412 -0.00223053 -2.23546e-07 -2.76682e-06 0.00223055 0.99741 0.00196512 -4.42439e-06 -3.74078e-07 -0.00196719 0.995697
2.2 0.000420969 32.9734 -0.0371012 3.68244e-06 -9.46862e-05 -0.0370259 32.888 -0.073502 -8.02599e-06 -0.000100135 0.0735027 32.8879 0.0711364 -0.000169622 -1.34419e-05 -0.071211 32.8315 -0.00112518 1.11679e-07 -2.87159e-06 -0.0011229 0.99741 -0.00222913 -2.43408e-07 -3.03683e-06 0.00222915 0.997407 0.00215739 -5.14419e-06 -4.07658e-07 -0.00215965 0.995696
2.3 0.000440094 32.8843 -0.0404706 3.97524e-06 -0.000112353 -0.0403886 32.7991 -0.0732549 -8.67564e-06 -0.000109158 0.0732558 32.799 0.0775646 -0.000193951 -1.45429e-05 -0.0776459 32.7428 -0.0012307 1.20886e-07 -3.4166e-06 -0.0012282 0.997408 -0.00222765 -2.63823e-07 -3.31945e-06 0.00222768 0.997404 0.00235871 -5.89796e-06 -4.42245e-07 -0.00236118 0.995695
2.4 0.000459218 32.7915 -0.0439755 4.2723e-06 -0.000130728 -0.0438865 32.7064 -0.0729977 -9.33706e-06 -0.00011853 0.0729987 32.7063 0.0842453 -0.000219237 -1.56666e-05 -0.0843336 32.6503 -0.00134106 1.30287e-07 -3.98663e-06 -0.00133835 0.997405 -0.00222611 -2.8474e-07 -3.61467e-06 0.00222615 0.997401 0.00256912 -6.68578e-06 -4.77765e-07 -0.00257181 0.995693
2.5 0.00047834 32.6951 -0.0476139 4.57255e-06 -0.000149801 -0.0475177 32.6101 -0.0727304 -1.00081e-05 -0.000128246 0.0727316 32.61 0.0911742 -0.000245465 -1.68097e-05 -0.0912697 32.5542 -0.0014563 1.39854e-07 -4.58176e-06 -0.00145336 0.997403 -0.00222451 -3.06106e-07 -3.92249e-06 0.00222455 0.997398 0.00278862 -7.5077e-06 -5.14137e-07 -0.00279154 0.995692
2.6 0.000497461 32.5949 -0.0513841 4.87488e-06 -0.000169563 -0.0512804 32.5102 -0.0724532 -1.06867e-05 -0.000138297 0.0724546 32.51 0.098347 -0.000272618 -1.79689e-05 -0.0984499 32.4544 -0.00157644 1.49559e-07 -5.20211e-06 -0.00157326 0.9974 -0.00222284 -3.27864e-07 -4.24291e-06 0.00222288 0.997394 0.00301725 -8.36381e-06 -5.51278e-07 -0.0030204 0.99569
2.7 0.00051658 32.4912 -0.055284 5.17815e-06 -0.000190002 -0.0551726 32.4066 -0.0721661 -1.13705e-05 -0.000148678 0.0721678 32.4064 0.105759 -0.00030068 -1.91406e-05 -0.10587 32.3511 -0.00170151 1.59371e-07 -5.84781e-06 -0.00169808 0.997398 -0.0022211 -3.49956e-07 -4.57595e-06 0.00222115 0.997391 0.00325501 -9.25419e-06 -5.89101e-07 -0.00325841 0.995688
2.8 0.000535698 32.3839 -0.0593116 5.48121e-06 -0.00021111 -0.0591924 32.2995 -0.0718694 -1.20572e-05 -0.000159381 0.0718712 32.2993 0.113406 -0.000329633 -2.03214e-05 -0.113524 32.2442 -0.00183152 1.69257e-07 -6.51897e-06 -0.00182783 0.997395 -0.00221929 -3.72322e-07 -4.9216e-06 0.00221935 0.997387 0.00350192 -1.01789e-05 -6.27516e-07 -0.00350558 0.995686
2.9 0.000554814 32.2731 -0.0634649 5.78286e-06 -0.000232873 -0.0633376 32.1889 -0.071563 -1.27446e-05 -0.000170397 0.0715651 32.1886 0.121282 -0.000359461 -2.15077e-05 -0.121409 32.1338 -0.0019665 1.79185e-07 -7.21572e-06 -0.00196255 0.997392 -0.00221742 -3.94897e-07 -5.27986e-06 0.00221749 0.997383 0.003758 -1.11381e-05 -6.66428e-07 -0.00376193 0.995684
3 0.000573928 32.1587 -0.0677418 6.08189e-06 -0.000255282 -0.0676061 32.0748 -0.0712471 -1.343e-05 -0.000181721 0.0712496 32.0744 0.129384 -0.000390143 -2.26957e-05 -0.129519 32.0199 -0.00210648 1.89121e-07 -7.93818e-06 -0.00210226 0.997389 -0.00221548 -4.17617e-07 -5.65074e-06 0.00221556 0.997378 0.00402328 -1.21318e-05 -7.05739e-07 -0.00402748 0.995681
3.1 0.00059304 32.041 -0.0721399 6.37704e-06 -0.000278324 -0.0719957 31.9572 -0.0709219 -1.41112e-05 -0.000193343 0.0709247 31.9568 0.137705 -0.000421663 -2.38817e-05 -0.137849 31.9025 -0.00225149 1.99028e-07 -8.68651e-06 -0.00224699 0.997386 -0.00221348 -4.40412e-07 -6.03424e-06 0.00221356 0.997374 0.00429778 -1.31601e-05 -7.45348e-07 -0.00430226 0.995679
3.2 0.000612151 31.9198 -0.0766571 6.66707e-06 -0.000301988 -0.0765042 31.8362 -0.0705874 -1.47856e-05 -0.000205255 0.0705906 31.8358 0.146241 -0.000454001 -2.50618e-05 -0.146393 31.7817 -0.00240156 2.0887e-07 -9.46084e-06 -0.00239677 0.997382 -0.0022114 -4.63212e-07 -6.43034e-06 0.0022115 0.997369 0.00458151 -1.42232e-05 -7.85149e-07 -0.00458629 0.995676
3.3 0.00063126 31.7952 -0.0812911 6.95069e-06 -0.000326261 -0.0811293 31.7118 -0.0702439 -1.54507e-05 -0.000217449 0.0702475 31.7114 0.154986 -0.000487136 -2.62321e-05 -0.155147 31.6576 -0.00255671 2.18608e-07 -1.02613e-05 -0.00255162 0.997379 -0.00220926 -4.85943e-07 -6.83906e-06 0.00220937 0.997364 0.00487451 -1.53211e-05 -8.25034e-07 -0.00487958 0.995673
3.4 0.000650367 31.6673 -0.0860394 7.2266e-06 -0.00035113 -0.0858686 31.5842 -0.0698914 -1.61038e-05 -0.000229917 0.0698954 31.5836 0.163935 -0.00052105 -2.73887e-05 -0.164105 31.5301 -0.00271698 2.28204e-07 -1.10881e-05 -0.00271159 0.997375 -0.00220705 -5.0853e-07 -7.2604e-06 0.00220718 0.997358 0.00517678 -1.64539e-05 -8.6489e-07 -0.00518217 0.99567
3.5 0.000669472 31.5361 -0.0908998 7.49349e-06 -0.000376584 -0.0907197 31.4532 -0.0695301 -1.67423e-05 -0.000242649 0.0695346 31.4526 0.173081 -0.000555721 -2.85276e-05 -0.173261 31.3994 -0.0028824 2.37617e-07 -1.19414e-05 -0.0028767 0.997372 -0.00220478 -5.30893e-07 -7.69434e-06 0.00220492 0.997352 0.00548836 -1.76218e-05 -9.046e-07 -0.00549407 0.995666
3.6 0.000688575 31.4016 -0.0958696 7.75003e-06 -0.000402609 -0.0956801 31.319 -0.0691601 -1.73636e-05 -0.000255637 0.0691651 31.3183 0.182421 -0.00059113 -2.96445e-05 -0.18261 31.2654 -0.00305301 2.46803e-07 -1.28213e-05 -0.00304698 0.997368 -0.00220244 -5.52952e-07 -8.14089e-06 0.00220259 0.997346 0.00580927 -1.88248e-05 -9.44044e-07 -0.00581531 0.995662
3.7 0.000707676 31.264 -0.100946 7.99488e-06 -0.000429192 -0.100747 31.1816 -0.0687816 -1.7965e-05 -0.000268872 0.0687871 31.1808 0.191946 -0.000627254 -3.07356e-05 -0.192146 31.1283 -0.00322884 2.55722e-07 -1.3728e-05 -0.00322247 0.997364 -0.00220002 -5.74622e-07 -8.60004e-06 0.0022002 0.99734 0.00613953 -2.00631e-05 -9.83098e-07 -0.00614591 0.995658
3.8 0.000726775 31.1232 -0.106127 8.22668e-06 -0.00045632 -0.105919 31.041 -0.0683947 -1.85438e-05 -0.000282343 0.0684009 31.0402 0.201653 -0.000664072 -3.17965e-05 -0.201862 30.988 -0.00340991 2.64326e-07 -1.46617e-05 -0.00340321 0.99736 -0.00219755 -5.95817e-07 -9.07178e-06 0.00219774 0.997333 0.00647918 -2.13369e-05 -1.02163e-06 -0.0064859 0.995654
3.9 0.000745871 30.9793 -0.11141 8.44409e-06 -0.000483979 -0.111192 30.8974 -0.0679996 -1.90972e-05 -0.000296042 0.0680064 30.8965 0.211534 -0.000701562 -3.28231e-05 -0.211753 30.8445 -0.00359628 2.72572e-07 -1.56226e-05 -0.00358923 0.997356 -0.002195 -6.16449e-07 -9.55611e-06 0.00219522 0.997326 0.00682822 -2.26461e-05 -1.05952e-06 -0.0068353 0.995649
4 0.000764965 30.8324 -0.116792 8.64572e-06 -0.000512154 -0.116564 30.7507 -0.0675964 -1.96225e-05 -0.000309958 0.0676039 30.7497 0.221583 -0.000739703 -3.38112e-05 -0.221812 30.6981 -0.00378798 2.8041e-07 -1.66109e-05 -0.00378057 0.997351 -0.00219238 -6.36425e-07 -1.0053e-05 0.00219263 0.997318 0.0071867 -2.39911e-05 -1.09661e-06 -0.00719414 0.995644
4.1 0.000784057 30.6824 -0.122271 8.83023e-06 -0.000540833 -0.122033 30.601 -0.0671853 -2.01169e-05 -0.000324083 0.0671936 30.5999 0.231794 -0.000778471 -3.47566e-05 -0.232034 30.5486 -0.00398505 2.87794e-07 -1.76268e-05 -0.00397728 0.997347 -0.0021897 -6.5565e-07 -1.05625e-05 0.00218997 0.99731 0.00755463 -2.53719e-05 -1.13278e-06 -0.00756245 0.995639
4.2 0.000803147 30.5295 -0.127843 8.99622e-06 -0.00057 -0.127594 30.4484 -0.0667665 -2.05777e-05 -0.000338405 0.0667755 30.4471 0.242162 -0.000817844 -3.56549e-05 -0.242412 30.3962 -0.00418752 2.94673e-07 -1.86705e-05 -0.00417938 0.997342 -0.00218695 -6.74028e-07 -1.10845e-05 0.00218724 0.997302 0.00793205 -2.67886e-05 -1.16788e-06 -0.00794025 0.995633
4.3 0.000822234 30.3737 -0.133506 9.14234e-06 -0.000599642 -0.133247 30.2928 -0.0663401 -2.10022e-05 -0.000352914 0.0663499 30.2915 0.252678 -0.000857799 -3.65021e-05 -0.252939 30.2409 -0.00439545 3.00995e-07 -1.97421e-05 -0.00438693 0.997337 -0.00218413 -6.91458e-07 -1.16191e-05 0.00218445 0.997293 0.00831898 -2.82415e-05 -1.20176e-06 -0.00832757 0.995627
4.4 0.000841318 30.2151 -0.139257 9.26722e-06 -0.000629743 -0.138988 30.1344 -0.0659062 -2.13874e-05 -0.000367601 0.065917 30.133 0.263338 -0.000898312 -3.72937e-05 -0.263609 30.0827 -0.00460887 3.06709e-07 -2.0842e-05 -0.00459996 0.997332 -0.00218124 -7.07838e-07 -1.21662e-05 0.00218159 0.997283 0.00871544 -2.97306e-05 -1.23427e-06 -0.00872444 0.995621
4.5 0.0008604 30.0536 -0.145093 9.36948e-06 -0.00066029 -0.144814 29.9733 -0.0654651 -2.17306e-05 -0.000382455 0.0654768 29.9717 0.274133 -0.000939361 -3.80255e-05 -0.274416 29.9218 -0.00482782 3.11759e-07 -2.19704e-05 -0.00481852 0.997327 -0.00217828 -7.23063e-07 -1.27258e-05 0.00217867 0.997274 0.00912148 -3.12562e-05 -1.26526e-06 -0.00913088 0.995614
4.6 0.00087948 29.8894 -0.151012 9.44777e-06 -0.000691267 -0.150722 29.8093 -0.0650169 -2.20292e-05 -0.000397465 0.0650296 29.8076 0.285058 -0.00098092 -3.86933e-05 -0.285352 29.7581 -0.00505236 3.16091e-07 -2.31275e-05 -0.00504265 0.997322 -0.00217525 -7.37024e-07 -1.32979e-05 0.00217568 0.997263 0.00953711 -3.28184e-05 -1.29455e-06 -0.00954692 0.995607
4.7 0.000898556 29.7225 -0.15701 9.50075e-06 -0.000722659 -0.156709 29.6427 -0.0645618 -2.22803e-05 -0.00041262 0.0645756 29.6408 0.296106 -0.00102297 -3.92929e-05 -0.296411 29.5917 -0.00528252 3.19648e-07 -2.43136e-05 -0.00527241 0.997316 -0.00217215 -7.4961e-07 -1.38824e-05 0.00217262 0.997252 0.00996236 -3.44173e-05 -1.32199e-06 -0.0099726 0.995599
4.8 0.00091763 29.553 -0.163084 9.52706e-06 -0.000754452 -0.162773 29.4735 -0.0640999 -2.24812e-05 -0.000427909 0.0641149 29.4714 0.30727 -0.00106548 -3.982e-05 -0.307586 29.4226 -0.00551836 3.22372e-07 -2.55288e-05 -0.00550784 0.997311 -0.00216898 -7.60708e-07 -1.44794e-05 0.00216949 0.997241 0.0103973 -3.60532e-05 -1.34741e-06 -0.0104079 0.995591
4.9 0.000936701 29.3808 -0.169232 9.52538e-06 -0.00078663 -0.16891 29.3017 -0.0636315 -2.26291e-05 -0.000443322 0.0636477 29.2994 0.318543 -0.00110843 -4.02705e-05 -0.31887 29.251 -0.00575993 3.24204e-07 -2.67736e-05 -0.00574898 0.997305 -0.00216575 -7.702e-07 -1.50888e-05 0.0021663 0.997229 0.0108419 -3.77262e-05 -1.37064e-06 -0.010853 0.995582
5 0.00095577 29.2062 -0.17545 9.4944e-06 -0.000819177 -0.175117 29.1273 -0.0631567 -2.27215e-05 -0.000458847 0.0631741 29.1249 0.329918 -0.00115179 -4.06402e-05 -0.330256 29.0769 -0.00600728 3.25081e-07 -2.8048e-05 -0.0059959 0.997299 -0.00216244 -7.77968e-07 -1.57106e-05 0.00216304 0.997217 0.0112962 -3.94366e-05 -1.39149e-06 -0.0113077 0.995573
5.1 0.000974835 29.0291 -0.181735 9.43281e-06 -0.000852079 -0.181392 28.9505 -0.0626756 -2.27556e-05 -0.000474473 0.0626944 28.9479 0.341388 -0.00119555 -4.0925e-05 -0.341737 28.9003 -0.00626045 3.24943e-07 -2.93526e-05 -0.00624863 0.997293 -0.00215906 -7.83889e-07 -1.63447e-05 0.00215971 0.997203 0.0117602 -4.11844e-05 -1.40979e-06 -0.0117722 0.995563
5.2 0.000993897 28.8496 -0.188085 9.33933e-06 -0.00088532 -0.187731 28.7713 -0.0621886 -2.27288e-05 -0.000490189 0.0622088 28.7685 0.352946 -0.00123967 -4.11208e-05 -0.353307 28.7213 -0.00651951 3.23725e-07 -3.06874e-05 -0.00650724 0.997287 -0.00215561 -7.87839e-07 -1.69912e-05 0.00215631 0.99719 0.012234 -4.29701e-05 -1.42535e-06 -0.0122465 0.995552
5.3 0.00101296 28.6677 -0.194496 9.2127e-06 -0.000918885 -0.194132 28.5898 -0.0616957 -2.26386e-05 -0.000505983 0.0617173 28.5868 0.364585 -0.00128413 -4.12236e-05 -0.364958 28.5399 -0.0067845 3.21361e-07 -3.20529e-05 -0.00677179 0.99728 -0.00215209 -7.89689e-07 -1.76499e-05 0.00215285 0.997175 0.0127176 -4.47936e-05 -1.43798e-06 -0.0127306 0.995541
5.4 0.00103201 28.4836 -0.200965 9.05168e-06 -0.000952758 -0.20059 28.4059 -0.0611971 -2.24823e-05 -0.000521844 0.0612203 28.4027 0.376299 -0.00132891 -4.12295e-05 -0.376682 28.3562 -0.00705548 3.17786e-07 -3.34494e-05 -0.00704231 0.997273 -0.0021485 -7.89309e-07 -1.83209e-05 0.00214932 0.99716 0.0132111 -4.66553e-05 -1.44748e-06 -0.0132245 0.99553
5.5 0.00105107 28.2972 -0.20749 8.85505e-06 -0.000986923 -0.207104 28.2198 -0.060693 -2.22576e-05 -0.00053776 0.0607179 28.2164 0.388078 -0.00137398 -4.11345e-05 -0.388474 28.1703 -0.00733251 3.1293e-07 -3.48771e-05 -0.00731888 0.997266 -0.00214484 -7.86565e-07 -1.9004e-05 0.00214572 0.997144 0.0137144 -4.85554e-05 -1.45366e-06 -0.0137284 0.995517
5.6 0.00107012 28.1086 -0.214066 8.62162e-06 -0.00102137 -0.213669 28.0316 -0.0601837 -2.19618e-05 -0.000553721 0.0602103 28.0279 0.399918 -0.00141932 -4.09348e-05 -0.400325 27.9823 -0.00761566 3.06725e-07 -3.63364e-05 -0.00760156 0.997259 -0.00214111 -7.8132e-07 -1.96993e-05 0.00214206 0.997128 0.0142276 -5.04941e-05 -1.45631e-06 -0.0142421 0.995504
5.7 0.00108916 27.918 -0.220691 8.35022e-06 -0.00105607 -0.220284 27.8412 -0.0596693 -2.15928e-05 -0.000569713 0.0596976 27.8373 0.41181 -0.0014649 -4.06267e-05 -0.412228 27.7921 -0.00790497 2.99098e-07 -3.78276e-05 -0.00789039 0.997252 -0.00213731 -7.73437e-07 -2.04067e-05 0.00213832 0.997111 0.0147507 -5.24716e-05 -1.45522e-06 -0.0147657 0.995491
5.8 0.00110821 27.7252 -0.227361 8.03971e-06 -0.00109102 -0.226944 27.6488 -0.0591499 -2.1148e-05 -0.000585726 0.0591801 27.6446 0.423747 -0.0015107 -4.02065e-05 -0.424177 27.5998 -0.00820051 2.89978e-07 -3.93512e-05 -0.00818546 0.997244 -0.00213343 -7.62772e-07 -2.11261e-05 0.00213452 0.997093 0.0152838 -5.44883e-05 -1.45018e-06 -0.0152993 0.995476
5.9 0.00112725 27.5305 -0.234074 7.68899e-06 -0.0011262 -0.233646 27.4545 -0.0586258 -2.06254e-05 -0.000601747 0.0586579 27.45 0.435722 -0.00155669 -3.96705e-05 -0.436163 27.4056 -0.00850235 2.7929e-07 -4.09073e-05 -0.00848681 0.997237 -0.00212948 -7.49182e-07 -2.18575e-05 0.00213065 0.997074 0.0158269 -5.65443e-05 -1.44096e-06 -0.0158429 0.995461
6 0.00172656 27.3339 -0.240826 7.29698e-06 -0.0011616 -0.240388 27.2581 -0.0580972 -2.00226e-05 -0.000617766 0.0581313 27.2534 0.447727 -0.00160286 -3.90153e-05 -0.448181 27.2094 -0.00881054 2.66957e-07 -4.24966e-05 -0.00879451 0.997229 -0.00212546 -7.32518e-07 -2.26007e-05 0.00212671 0.997054 0.0163799 -5.86399e-05 -1.42736e-06 -0.0163965 0.995445
6.2 0.00236869 26.9351 -0.254436 6.38495e-06 -0.00123297 -0.253977 26.86 -0.0570271 -1.85681e-05 -0.000649746 0.0570655 26.8546 0.471802 -0.00169559 -3.73338e-05 -0.472278 26.8115 -0.00944628 2.3705e-07 -4.57757e-05 -0.00942925 0.997212 -0.00211721 -6.89366e-07 -2.41227e-05 0.00211863 0.997012 0.0175163 -6.2951e-05 -1.38607e-06 -0.0175339 0.995411
6.4 0.00244479 26.5293 -0.268165 5.29572e-06 -0.00130502 -0.267686 26.4548 -0.0559411 -1.67686e-05 -0.000681572 0.0559841 26.4488 0.495912 -0.00178871 -3.51357e-05 -0.496411 26.4065 -0.0101083 1.99618e-07 -4.91917e-05 -0.0100902 0.997195 -0.00210866 -6.32081e-07 -2.56913e-05 0.00211028 0.996966 0.018693 -6.7424e-05 -1.32441e-06 -0.0187118 0.995373
6.6 0.00252085 26.117 -0.281988 4.02195e-06 -0.00137762 -0.281489 26.0433 -0.0548408 -1.46095e-05 -0.000713148 0.0548888 26.0365 0.52 -0.00188202 -3.23968e-05 -0.520522 25.9951 -0.0107971 1.53997e-07 -5.27481e-05 -0.010778 0.997176 -0.00209981 -5.59385e-07 -2.73059e-05 0.00210165 0.996917 0.0199104 -7.20612e-05 -1.24045e-06 -0.0199304 0.995331
6.8 0.00259689 25.6988 -0.295879 2.557e-06 -0.00145066 -0.295362 25.6257 -0.0537277 -1.20774e-05 -0.000744382 0.053781 25.6182 0.544009 -0.00197534 -2.90946e-05 -0.544553 25.5776 -0.0115133 9.94988e-08 -5.64485e-05 -0.0114932 0.997156 -0.00209067 -4.69961e-07 -2.89656e-05 0.00209275 0.996863 0.0211687 -7.68651e-05 -1.13214e-06 -0.0211898 0.995286
7 0.00267289 25.2751 -0.309814 8.94872e-07 -0.00152401 -0.309278 25.2027 -0.0526034 -9.16091e-06 -0.000775178 0.0526624 25.1944 0.567882 -0.00206848 -2.52089e-05 -0.568448 25.1547 -0.0122577 3.54053e-08 -6.02968e-05 -0.0122365 0.997136 -0.00208123 -3.62448e-07 -3.06696e-05 0.00208357 0.996804 0.022468 -8.18385e-05 -9.97381e-07 -0.0224904 0.995236
7.2 0.00274886 24.8465 -0.323767 -9.69691e-07 -0.00159756 -0.323213 24.7748 -0.0514694 -5.85007e-06 -0.000805444 0.0515344 24.7655 0.591562 -0.00216126 -2.07214e-05 -0.592149 24.7268 -0.0130307 -3.90272e-08 -6.42971e-05 -0.0130084 0.997114 -0.00207149 -2.35448e-07 -3.24168e-05 0.00207411 0.996741 0.0238086 -8.69843e-05 -8.33977e-07 -0.0238323 0.995181
7.4 0.0028248 24.4135 -0.337714 -3.0412e-06 -0.00167119 -0.337144 24.3424 -0.0503272 -2.13693e-06 -0.000835087 0.0503986 24.3322 0.614993 -0.00225349 -1.56163e-05 -0.615602 24.2943 -0.0138331 -1.24571e-07 -6.84537e-05 -0.0138097 0.997091 -0.00206145 -8.75307e-08 -3.4206e-05 0.00206438 0.996673 0.0251908 -9.23054e-05 -6.3966e-07 -0.0252157 0.995121
7.6 0.00290071 23.9765 -0.351631 -5.32339e-06 -0.0017448 -0.351044 23.9061 -0.0491783 1.98456e-06 -0.000864016 0.0492564 23.8949 0.638123 -0.00234502 -9.8801e-06 -0.638752 23.8579 -0.0146657 -2.22026e-07 -7.27712e-05 -0.0146412 0.997066 -0.00205111 8.27712e-08 -3.6036e-05 0.00205437 0.996599 0.0266145 -9.78052e-05 -4.12075e-07 -0.0266408 0.995056
7.8 0.00297657 23.5361 -0.365494 -7.81919e-06 -0.00181827 -0.364891 23.4664 -0.0480242 6.51836e-06 -0.000892142 0.0481095 23.4542 0.660896 -0.00243568 -3.5019e-06 -0.661545 23.418 -0.0155291 -3.32221e-07 -7.72546e-05 -0.0155035 0.997041 -0.00204045 2.76952e-07 -3.79053e-05 0.00204408 0.996519 0.0280801 -0.000103487 -1.48788e-07 -0.0281077 0.994985
8 0.00305241 23.0928 -0.379278 -1.05307e-05 -0.0018915 -0.378661 23.0238 -0.0468665 1.14663e-05 -0.000919378 0.0469593 23.0104 0.68326 -0.00252529 3.52663e-06 -0.683929 22.9752 -0.0164241 -4.56018e-07 -8.19089e-05 -0.0163974 0.997014 -0.00202949 4.96532e-07 -3.98124e-05 0.0020335 0.996433 0.0295876 -0.000109354 1.52716e-07 -0.0296166 0.994908
8.2 0.0031282 22.647 -0.392962 -1.34593e-05 -0.0019644 -0.392332 22.5788 -0.0457065 1.68279e-05 -0.000945637 0.0458071 22.5642 0.705165 -0.00261372 1.12111e-05 -0.705853 22.5298 -0.0173516 -5.94305e-07 -8.67397e-05 -0.0173238 0.996985 -0.00201821 7.43051e-07 -4.17554e-05 0.00202265 0.996341 0.0311372 -0.000115411 4.95036e-07 -0.0311675 0.994824
8.4 0.00320396 22.1994 -0.406522 -1.66052e-05 -0.00203685 -0.405879 22.1318 -0.0445457 2.26004e-05 -0.000970835 0.0446546 22.116 0.726561 -0.00270081 1.95544e-05 -0.727266 22.0825 -0.0183123 -7.48004e-07 -9.17526e-05 -0.0182834 0.996955 -0.00200662 1.01806e-06 -4.37325e-05 0.00201152 0.996242 0.0327289 -0.000121661 8.80851e-07 -0.0327606 0.994734
8.6 0.00327968 21.7503 -0.419936 -1.99683e-05 -0.00210878 -0.419283 21.6834 -0.0433856 2.87787e-05 -0.000994892 0.043503 21.6662 0.7474 -0.00278641 2.85565e-05 -0.748122 21.6336 -0.0193071 -9.18068e-07 -9.69539e-05 -0.0192771 0.996923 -0.00199471 1.32314e-06 -4.57415e-05 0.00200011 0.996135 0.0343627 -0.000128109 1.31292e-06 -0.0343959 0.994636
8.8 0.00335535 21.3003 -0.433184 -2.35471e-05 -0.00218008 -0.432521 21.2341 -0.0422275 3.5355e-05 -0.00101773 0.0423538 21.2155 0.767636 -0.00287041 3.82146e-05 -0.768374 21.1838 -0.020337 -1.10548e-06 -0.00010235 -0.0203058 0.99689 -0.00198248 1.65984e-06 -4.778e-05 0.00198841 0.99602 0.0360387 -0.000134759 1.79409e-06 -0.0360734 0.99453
9 0.00343099 20.8498 -0.446244 -2.73397e-05 -0.00225068 -0.445572 20.7842 -0.0410727 4.23192e-05 -0.00103927 0.0412082 20.7643 0.787224 -0.00295267 4.85231e-05 -0.787978 20.7334 -0.0214028 -1.31127e-06 -0.000107947 -0.0213705 0.996855 -0.00196993 2.02972e-06 -4.98456e-05 0.00197643 0.995897 0.0377569 -0.000141616 2.32727e-06 -0.037793 0.994416
9.2 0.00350659 20.3994 -0.459097 -3.13431e-05 -0.00232049 -0.458417 20.3344 -0.0399227 4.96587e-05 -0.00105944 0.0400677 20.313 0.806122 -0.00303307 5.94733e-05 -0.80689 20.2829 -0.0225055 -1.53647e-06 -0.000113753 -0.0224722 0.996817 -0.00195706 2.43433e-06 -5.19352e-05 0.00196416 0.995765 0.0395171 -0.000148685 2.91545e-06 -0.0395547 0.994293
9.4 0.00358214 19.9494 -0.471723 -3.55536e-05 -0.00238944 -0.471037 19.8851 -0.0387786 5.73579e-05 -0.00107818 0.0389334 19.8621 0.82429 -0.00311151 7.10538e-05 -0.825071 19.8329 -0.023646 -1.78219e-06 -0.000119775 -0.0236117 0.996778 -0.00194385 2.87518e-06 -5.40459e-05 0.00195161 0.995624 0.0413191 -0.000155971 3.56171e-06 -0.0413583 0.99416
9.6 0.00365765 19.5003 -0.484104 -3.99667e-05 -0.00245746 -0.483413 19.4366 -0.0376417 6.5399e-05 -0.00109541 0.0378067 19.412 0.841689 -0.00318789 8.32501e-05 -0.842483 19.3836 -0.0248255 -2.04954e-06 -0.000126022 -0.0247901 0.996737 -0.00193031 3.35375e-06 -5.61743e-05 0.00193878 0.995474 0.0431629 -0.000163479 4.26918e-06 -0.0432036 0.994018
9.8 0.00373311 19.0526 -0.496222 -4.45771e-05 -0.00252447 -0.495528 18.9896 -0.0365132 7.37613e-05 -0.00111108 0.0366886 18.9633 0.858282 -0.0032621 9.60451e-05 -0.859088 18.9357 -0.0260449 -2.33969e-06 -0.000132501 -0.0260084 0.996693 -0.00191644 3.87146e-06 -5.83167e-05 0.00192565 0.995312 0.0450481 -0.000171216 5.04106e-06 -0.0450904 0.993865
10 0.00380853 18.6066 -0.508061 -4.93788e-05 -0.00259043 -0.507363 18.5443 -0.0353943 8.24215e-05 -0.00112513 0.0355803 18.5162 0.874037 -0.00333407 0.000109418 -0.874853 18.4894 -0.0273053 -2.65382e-06 -0.000139221 -0.0272679 0.996647 -0.00190224 4.42968e-06 -6.04691e-05 0.00191224 0.995141 0.0469745 -0.000179187 5.88061e-06 -0.0470183 0.993701
10.2 0.0038839 18.163 -0.519603 -5.4365e-05 -0.00265526 -0.518905 18.1012 -0.034286 9.13538e-05 -0.0011375 0.034483 18.0714 0.888922 -0.00340371 0.000123348 -0.889747 18.0454 -0.0286079 -2.99318e-06 -0.000146191 -0.0285694 0.996599 -0.00188769 5.02968e-06 -6.26273e-05 0.00189854 0.994957 0.0489415 -0.000187399 6.79116e-06 -0.0489869 0.993525
10.4 0.00395923 17.7219 -0.530835 -5.95285e-05 -0.00271893 -0.530137 17.6607 -0.0331896 0.00010053 -0.00114814 0.0333977 17.6291 0.902907 -0.00347097 0.000137807 -0.90374 17.6038 -0.0299536 -3.35904e-06 -0.000153422 -0.0299142 0.996548 -0.0018728 5.67262e-06 -6.47863e-05 0.00188455 0.994761 0.0509487 -0.000195858 7.77607e-06 -0.0509957 0.993337
10.6 0.0040345 17.2839 -0.541741 -6.48611e-05 -0.00278137 -0.541045 17.2233 -0.0321059 0.000109918 -0.001157 0.0323254 17.1897 0.915967 -0.00353578 0.000152767 -0.916806 17.1652 -0.0313438 -3.7527e-06 -0.000160923 -0.0313035 0.996495 -0.00185756 6.35956e-06 -6.69413e-05 0.00187026 0.994553 0.0529955 -0.000204571 8.83874e-06 -0.0530441 0.993136
10.8 0.00410973 16.8492 -0.552309 -7.03542e-05 -0.00284255 -0.551616 16.7892 -0.0310359 0.000119485 -0.00116406 0.0312669 16.7537 0.928076 -0.00359809 0.000168199 -0.928922 16.7299 -0.0327795 -4.17551e-06 -0.000168705 -0.0327383 0.996438 -0.00184198 7.0914e-06 -6.90867e-05 0.00185569 0.994331 0.0550812 -0.000213546 9.98261e-06 -0.0551314 0.992921
11 0.00418491 16.4184 -0.562525 -7.59987e-05 -0.00290243 -0.561837 16.3589 -0.0299807 0.000129194 -0.00116926 0.0302233 16.3214 0.939215 -0.00365786 0.000184069 -0.940064 16.2984 -0.0342619 -4.62888e-06 -0.000176779 -0.03422 0.996379 -0.00182604 7.86886e-06 -7.12164e-05 0.00184082 0.994096 0.057205 -0.00022279 1.12111e-05 -0.0572568 0.992691
11.2 0.00426003 15.9917 -0.572379 -8.17849e-05 -0.00296098 -0.571696 15.9328 -0.028941 0.000139007 -0.00117258 0.0291954 15.8933 0.949362 -0.00371505 0.00020034 -0.950216 15.8709 -0.0357923 -5.11422e-06 -0.000185157 -0.0357496 0.996316 -0.00180975 8.69248e-06 -7.33243e-05 0.00182566 0.993845 0.059366 -0.000232311 1.25278e-05 -0.0594194 0.992446
11.4 0.00433511 15.5695 -0.58186 -8.77028e-05 -0.00301816 -0.581184 15.5111 -0.0279176 0.000148884 -0.00117399 0.028184 15.4695 0.958504 -0.00376964 0.000216976 -0.959359 15.4478 -0.0373719 -5.633e-06 -0.000193851 -0.0373285 0.99625 -0.0017931 9.56256e-06 -7.54032e-05 0.00181021 0.993579 0.0615631 -0.000242117 1.3936e-05 -0.061618 0.992185
11.6 0.00441013 15.1521 -0.590958 -9.37418e-05 -0.00307396 -0.590291 15.0942 -0.0269114 0.00015878 -0.00117346 0.0271897 15.0505 0.966625 -0.00382161 0.000233936 -0.967482 15.0294 -0.0390018 -6.18674e-06 -0.000202874 -0.0389578 0.99618 -0.00177609 1.04791e-05 -7.74458e-05 0.00179446 0.993297 0.063795 -0.000252217 1.54392e-05 -0.0638515 0.991906
11.8 0.0044851 14.7398 -0.599664 -9.98913e-05 -0.00312835 -0.599007 14.6824 -0.0259229 0.000168651 -0.00117099 0.0262133 14.6365 0.973716 -0.00387095 0.000251178 -0.974572 14.6161 -0.0406834 -6.77699e-06 -0.000212239 -0.0406388 0.996107 -0.00175871 1.14419e-05 -7.94442e-05 0.00177841 0.992998 0.0660605 -0.000262619 1.70409e-05 -0.0661186 0.99161
12 0.0139046 14.3329 -0.60797 -0.00010614 -0.00318131 -0.607325 14.276 -0.024953 0.00017845 -0.00116655 0.0252555 14.228 0.979768 -0.00391765 0.000268659 -0.980622 14.2081 -0.0424178 -7.40534e-06 -0.000221959 -0.0423728 0.996029 -0.00174096 1.24504e-05 -8.13899e-05 0.00176206 0.992681 0.068358 -0.000273333 1.87442e-05 -0.0684176 0.991296
13 0.0246683 12.3892 -0.643301 -0.000138475 -0.00342442 -0.642729 12.3344 -0.0203996 0.00022457 -0.00111483 0.0207618 12.2752 0.994338 -0.00411201 0.000357997 -0.995168 12.258 -0.0519245 -1.11771e-05 -0.000276405 -0.0518784 0.995578 -0.00164657 1.81264e-05 -8.99844e-05 0.0016758 0.9908 0.0802587 -0.000331904 2.8896e-05 -0.0803257 0.98941
14 0.0265294 10.6163 -0.667986 -0.000171588 -0.00363139 -0.667515 10.5632 -0.0163747 0.000260867 -0.00101499 0.0167931 10.4926 0.983205 -0.00424373 0.000445958 -0.983983 10.4774 -0.0629205 -1.61626e-05 -0.000342057 -0.0628762 0.994995 -0.00154241 2.45722e-05 -9.56067e-05 0.00158182 0.988349 0.0926125 -0.000399736 4.20067e-05 -0.0926857 0.986915
15 0.0283823 9.03339 -0.682009 -0.000204164 -0.00380336 -0.681658 8.98142 -0.0128995 0.000280109 -0.000870911 0.0133671 8.89989 0.948185 -0.0043187 0.000526021 -0.948886 8.88604 -0.0754987 -2.26011e-05 -0.000421034 -0.0754599 0.994247 -0.00142798 3.10082e-05 -9.64103e-05 0.00147974 0.985222 0.104964 -0.000478082 5.82308e-05 -0.105042 0.983688
16 0.0302266 7.64931 -0.685786 -0.00023518 -0.00394216 -0.685566 7.59804 -0.00996477 0.000275194 -0.000689105 0.0104718 7.50652 0.892409 -0.00434449 0.000591845 -0.893016 7.49341 -0.0896533 -3.07453e-05 -0.000515361 -0.0896246 0.993298 -0.0013027 3.59763e-05 -9.00872e-05 0.00136899 0.981334 0.116665 -0.000567959 7.73723e-05 -0.116745 0.979619
17 0.0320617 6.4639 -0.680062 -0.000264051 -0.00404939 -0.679974 6.4129 -0.00753625 0.000239891 -0.000478201 0.00807089 6.31292 0.82004 -0.004329 0.000637808 -0.820537 6.29998 -0.105209 -4.08501e-05 -0.000626462 -0.105196 0.992111 -0.0011659 3.71125e-05 -7.39803e-05 0.00124861 0.976642 0.126865 -0.00066972 9.86724e-05 -0.126942 0.974641
18 0.0338871 5.46898 -0.665797 -0.00029074 -0.00412571 -0.665835 5.41787 -0.00556062 0.000169606 -0.000248239 0.00610993 5.31143 0.735907 -0.00427911 0.000659476 -0.736288 5.2982 -0.121741 -5.31615e-05 -0.000754384 -0.121747 0.990653 -0.00101676 3.10123e-05 -4.53903e-05 0.0011172 0.971191 0.13456 -0.000782432 0.000120585 -0.13463 0.968772
19 0.0357021 4.64991 -0.644058 -0.000315806 -0.00417025 -0.644204 4.59834 -0.0039725 6.20746e-05 -9.87184e-06 0.00452364 4.48784 0.64513 -0.00419966 0.00065393 -0.645394 4.47394 -0.13851 -6.79167e-05 -0.000896845 -0.138541 0.988909 -0.000854318 1.33496e-05 -2.12302e-06 0.000972844 0.965145 0.13874 -0.00090317 0.000140633 -0.138797 0.962156
20 0.0375062 3.9873 -0.615916 -0.000340403 -0.00418035 -0.61615 3.93501 -0.00270158 -8.20761e-05 0.000226445 0.00324281 3.82306 0.552737 -0.00409289 0.000619953 -0.552889 3.80823 -0.15447 -8.53719e-05 -0.00104842 -0.154528 0.986885 -0.000677547 -2.05844e-05 5.67917e-05 0.000813286 0.95881 0.138624 -0.00102648 0.000155482 -0.138662 0.955091
21 0.0392989 3.45882 -0.582379 -0.000366209 -0.00415166 -0.582672 3.4056 -0.00167922 -0.00025899 0.000451221 0.00220084 3.2949 0.463315 -0.00395828 0.000558056 -0.463364 3.279 -0.168375 -0.000105877 -0.00120031 -0.16846 0.984615 -0.00048549 -7.4878e-05 0.000130455 0.000636297 0.952608 0.133952 -0.0011444 0.000161343 -0.133966 0.948011
22 0.0410797 3.04094 -0.54434 -0.000395315 -0.00407857 -0.544664 2.98666 -0.000844123 -0.000461507 0.000656559 0.00133906 2.87978 0.38072 -0.00379291 0.000470357 -0.380679 2.86278 -0.179004 -0.000129998 -0.00134122 -0.17911 0.982152 -0.000277586 -0.000151765 0.000215907 0.000440346 0.947004 0.125198 -0.00124728 0.000154675 -0.125185 0.941414
23 0.0428479 2.71049 -0.502558 -0.000430082 -0.00395501 -0.502885 2.65507 -0.000146631 -0.000679403 0.000836613 0.000610755 2.55433 0.307857 -0.00359233 0.000360352 -0.307743 2.53631 -0.185412 -0.000158673 -0.00145915 -0.185533 0.979554 -5.40976e-05 -0.000250657 0.000308658 0.00022533 0.942386 0.11358 -0.00132535 0.000132947 -0.113538 0.935738
24 0.0446031 2.44599 -0.457677 -0.000472952 -0.00377539 -0.457981 2.3894 0.000448642 -0.000899927 0.000987817 -1.66608e-05 2.2967 0.246554 -0.00335169 0.000232596 -0.246386 2.27782 -0.187113 -0.000193358 -0.0015435 -0.187237 0.976862 0.000183419 -0.000367919 0.000403851 -6.81148e-06 0.938965 0.100799 -0.00137028 9.50928e-05 -0.100731 0.931248
25 0.0463447 2.22867 -0.41025 -0.000526259 -0.00353578 -0.410511 2.17091 0.000961922 -0.00110863 0.00110888 -0.000561043 2.08765 0.197533 -0.00306712 9.23579e-05 -0.197327 2.06815 -0.184078 -0.000236131 -0.00158649 -0.184195 0.974082 0.000431612 -0.000497439 0.000497553 -0.000251739 0.936721 0.0886323 -0.00137621 4.14408e-05 -0.0885403 0.927972
26 0.0480722 2.04314 -0.360796 -0.000592019 -0.00323502 -0.361001 1.98424 0.00139908 -0.00129041 0.0012006 -0.00102664 1.9112 0.160455 -0.00273712 -5.47255e-05 -0.160231 1.89136 -0.176589 -0.00028976 -0.00158336 -0.176689 0.971175 0.000684768 -0.000631584 0.000587624 -0.000502481 0.935422 0.0785336 -0.00133966 -2.6785e-05 -0.0784239 0.925711
27 0.049785 1.87769 -0.309855 -0.000671723 -0.00287572 -0.309997 1.81772 0.0017539 -0.00143073 0.00126541 -0.00140656 1.75506 0.134068 -0.00236377 -0.000202959 -0.133841 1.73517 -0.165019 -0.000357739 -0.00153152 -0.165094 0.968063 0.000934074 -0.000761962 0.000673916 -0.000749087 0.934689 0.0714003 -0.00125887 -0.000108089 -0.0712794 0.9241
28 0.0514827 1.72436 -0.258038 -0.00076614 -0.00246492 -0.258119 1.66339 0.0020116 -0.0015168 0.00130691 -0.00168627 1.61066 0.116399 -0.00195365 -0.000346839 -0.116182 1.59103 -0.149643 -0.000444305 -0.00142947 -0.14969 0.964641 0.00116658 -0.000879631 0.000757913 -0.000977912 0.934063 0.0675027 -0.00113297 -0.000201141 -0.0673772 0.922679
29 0.0531646 1.5786 -0.206076 -0.000875129 -0.00201443 -0.206105 1.51669 0.00215294 -0.00153875 0.00132929 -0.00184774 1.47292 0.105002 -0.00151819 -0.000481243 -0.104807 1.45382 -0.130544 -0.000554372 -0.00127609 -0.130562 0.960788 0.00136383 -0.000974759 0.000842074 -0.00117049 0.933056 0.0665159 -0.000961736 -0.000304855 -0.0663925 0.920956
30 0.0548304 1.43881 -0.15484 -0.000997484 -0.00154066 -0.15483 1.37606 0.00215874 -0.00149059 0.00133674 -0.00187364 1.3398 0.0972202 -0.00107359 -0.00060155 -0.0970545 1.32146 -0.107616 -0.000693268 -0.00107079 -0.10761 0.956386 0.00150036 -0.00103599 0.000929056 -0.00130222 0.931184 0.0675697 -0.000746166 -0.000418087 -0.0674545 0.918435
31 0.0564795 1.30572 -0.10534 -0.00113082 -0.00106393 -0.105311 1.2422 0.00201413 -0.00137086 0.00133295 -0.00175136 1.21169 0.0904503 -0.000640032 -0.000703716 -0.0903183 1.19429 -0.0806757 -0.000866046 -0.000814821 -0.0806533 0.951347 0.00154254 -0.00104988 0.00102085 -0.00134129 0.927986 0.0692721 -0.000490173 -0.000538947 -0.069171 0.914656
32 0.0581114 1.18162 -0.0587019 -0.0012715 -0.000607368 -0.0586737 1.11739 0.00171218 -0.00118292 0.00132081 -0.00147619 1.09071 0.0823781 -0.000240399 -0.000784315 -0.082281 1.07436 -0.0496791 -0.00107607 -0.000514012 -0.0496553 0.945642 0.00144901 -0.0010011 0.00111779 -0.00124929 0.923065 0.0697162 -0.000203448 -0.000663762 -0.069634 0.909228
33 0.0597256 1.06964 -0.0161142 -0.00141469 -0.000195363 -0.0161073 1.00478 0.00125656 -0.000934839 0.0013021 -0.00105363 0.979968 0.0711746 0.000101437 -0.000840568 -0.071111 0.964726 -0.015065 -0.00132258 -0.000182643 -0.0150586 0.93936 0.00117475 -0.000873972 0.00121732 -0.00098503 0.916163 0.0665404 9.48322e-05 -0.000785838 -0.066481 0.901913
34 0.0613216 0.973097 0.0212411 -0.0015544 0.00014823 0.0212086 0.907668 0.0006629 -0.000638912 0.00127753 -0.000500448 0.882876 0.0556346 0.000362649 -0.000870374 -0.0556008 0.868733 0.0218283 -0.00159737 0.000152328 0.021795 0.932762 0.000681227 -0.000656576 0.00131285 -0.000514284 0.907285 0.0571728 0.000372675 -0.000894438 -0.057138 0.892751
35 0.0628989 0.894865 0.0522742 -0.00168372 0.000402013 0.0521884 0.828939 -4.11005e-05 -0.000310731 0.00124682 0.000155554 0.802561 0.0352509 0.000523571 -0.000872361 -0.0352412 0.789454 0.0584157 -0.00188154 0.000449244 0.0583199 0.926329 -4.59293e-05 -0.000347238 0.0013933 0.00017383 0.896851 0.0393924 0.000585084 -0.000974852 -0.0393816 0.882205
36 0.064457 0.83697 0.0760773 -0.00179516 0.000548913 0.0759298 0.770616 -0.000816971 3.19649e-05 0.00120889 0.000876932 0.741383 0.0102208 0.000569692 -0.000845937 -0.0102284 0.729206 0.090896 -0.00214484 0.000655833 0.0907198 0.920721 -0.000976105 3.81912e-05 0.00144437 0.00104775 0.885794 0.0122117 0.00068066 -0.00101071 -0.0122207 0.871245
37 0.0659956 0.800278 0.0920108 -0.00188099 0.000577808 0.0917995 0.733564 -0.00161794 0.000370667 0.00116225 0.00161907 0.700611 -0.0186101 0.000493331 -0.000791361 0.0185928 0.689225 0.114974 -0.00235042 0.000722009 0.114709 0.916637 -0.00202172 0.000463172 0.00145231 0.00202314 0.875459 -0.0232545 0.00061645 -0.000988858 0.0232329 0.861232
38 0.067514 0.784364 0.0997763 -0.00193375 0.00048476 0.0995054 0.717362 -0.00239232 0.00068752 0.00110531 0.00233346 0.680252 -0.04986 0.000294803 -0.000709796 0.0498407 0.669503 0.127207 -0.00246537 0.000618029 0.126861 0.914577 -0.00305001 0.000876531 0.00140918 0.00297497 0.867266 -0.0635674 0.00037585 -0.000904932 0.0635428 0.853561
39 0.0690118 0.787535 0.099467 -0.0019468 0.000273722 0.099147 0.720314 -0.00308756 0.000966692 0.00103672 0.00297138 0.679036 -0.0817652 -1.70521e-05 -0.000603338 0.081751 0.668763 0.126302 -0.00247201 0.000347568 0.125895 0.914644 -0.00392054 0.00122749 0.00131641 0.00377301 0.86223 -0.103824 -2.16525e-05 -0.000766109 0.103806 0.849186
40 0.10628 0.80697 0.0915918 -0.00191485 -4.33718e-05 0.0912381 0.7396 -0.00365441 0.00119555 0.000955714 0.00348777 0.694522 -0.112361 -0.00042506 -0.000474997 0.112358 0.684577 0.113501 -0.0023729 -5.37465e-05 0.113063 0.916515 -0.00452856 0.00148152 0.00118432 0.00432206 0.860654 -0.139238 -0.000526736 -0.000588618 0.139234 0.848331
42 0.146749 0.879278 0.0571731 -0.00170468 -0.000911967 0.056811 0.811791 -0.00424634 0.00147267 0.000757427 0.00401503 0.761377 -0.161891 -0.00142528 -0.000168779 0.161925 0.751737 0.0650228 -0.00193873 -0.00103718 0.064611 0.923248 -0.00482934 0.00167486 0.000861419 0.00456628 0.865912 -0.184118 -0.00162097 -0.000191951 0.184157 0.854949
44 0.152348 0.96696 0.00779222 -0.00130532 -0.00190127 0.00750348 0.899527 -0.00397792 0.00150585 0.000521552 0.00374838 0.847766 -0.185649 -0.00245179 0.000170945 0.185728 0.838189 0.00805847 -0.00134992 -0.00196623 0.00775987 0.930263 -0.00411385 0.0015573 0.000539373 0.00387645 0.876733 -0.191992 -0.00253557 0.000176786 0.192075 0.866829
46 0.157761 1.03724 -0.0422275 -0.000761285 -0.00275325 -0.0423804 0.969901 -0.00288917 0.00134978 0.000272518 0.00273154 0.920548 -0.177834 -0.00323106 0.000502689 0.177955 0.911093 -0.0407112 -0.000733949 -0.00265439 -0.0408586 0.935075 -0.00278542 0.00130131 0.000262733 0.00263346 0.887493 -0.171449 -0.00311504 0.000484638 0.171565 0.878378
48 0.162982 1.06745 -0.0791371 -0.000154393 -0.00324323 -0.0791274 1.00007 -0.00124072 0.0011025 4.29444e-05 0.00120624 0.955364 -0.141438 -0.00354875 0.00079008 0.141585 0.946348 -0.0741365 -0.000144637 -0.00303829 -0.0741274 0.936875 -0.00116232 0.00103283 4.02308e-05 0.00113001 0.894995 -0.132501 -0.0033245 0.000740155 0.132638 0.886548
50 0.168004 1.04927 -0.0933125 0.000412872 -0.00324226 -0.0931503 0.981555 0.000563772 0.00086913 -0.000133596 -0.000459691 0.941627 -0.0870714 -0.00331096 0.00100887 0.0872233 0.933512 -0.0889311 0.000393486 -0.00309003 -0.0887765 0.935468 0.000537301 0.000828321 -0.000127323 -0.000438106 0.897414 -0.0829831 -0.0031555 0.000961501 0.0831278 0.88968
52 0.172821 0.988202 -0.0816192 0.000841164 -0.0027509 -0.0813379 0.919752 0.00209635 0.000727074 -0.000229481 -0.00187839 0.882794 -0.0294771 -0.00256829 0.00114959 0.0296081 0.87607 -0.0825937 0.000851207 -0.00278374 -0.082309 0.930733 0.00212138 0.000735755 -0.000232221 -0.00190082 0.893334 -0.029829 -0.00259895 0.00116331 0.0299616 0.886529
54 0.177428 0.89931 -0.0478833 0.00105809 -0.00189428 -0.0475189 0.829671 0.00302524 0.000704353 -0.000228207 -0.00274878 0.792739 0.016959 -0.00149633 0.00121525 -0.016875 0.787806 -0.0532446 0.00117656 -0.00210637 -0.0528393 0.922564 0.00336396 0.000783215 -0.000253758 -0.00305655 0.881497 0.0188578 -0.00166386 0.00135131 -0.0187644 0.876012
56 0.181819 0.801159 -0.00138765 0.00103486 -0.000881507 -0.00096044 0.729928 0.00320005 0.000776943 -0.000127388 -0.0029322 0.690002 0.0422062 -0.000340839 0.0012161 -0.0421929 0.687104 -0.00173206 0.0012917 -0.00110029 -0.00119881 0.91109 0.00399427 0.000969773 -0.000159005 -0.00365994 0.861255 0.0526815 -0.000425432 0.00151792 -0.0526648 0.857637
58 0.185988 0.710185 0.0460595 0.000791036 5.71557e-05 0.046551 0.637091 0.0026783 0.000884006 6.03939e-05 -0.00247712 0.592027 0.0429196 0.000653415 0.00116462 -0.0429941 0.59122 0.0648557 0.00111385 8.048e-05 0.0655478 0.897077 0.00377127 0.00124475 8.50397e-05 -0.003488 0.833624 0.0604344 0.000920063 0.00163988 -0.0605393 0.832487
60 0.286303 0.636963 0.0835238 0.000387083 0.000735351 0.0840951 0.561934 0.00169003 0.000954043 0.000308899 -0.00158961 0.510995 0.0225742 0.0013076 0.00107363 -0.0227435 0.512153 0.131128 0.0006077 0.00115446 0.132025 0.882208 0.00265327 0.0014978 0.000484955 -0.0024956 0.802236 0.0354404 0.00205287 0.00168554 -0.0357061 0.804055
64 0.394175 0.552 0.104787 -0.00055753 0.00104414 0.105523 0.473789 -0.000410046 0.000800359 0.000838066 0.000316802 0.41403 -0.0455514 0.0014188 0.000837664 0.0452306 0.418188 0.189832 -0.00101002 0.00189156 0.191165 0.858314 -0.000742837 0.00144993 0.00151824 0.000573918 0.750055 -0.0825207 0.0025703 0.00151751 0.0819395 0.757588
68 0.406626 0.518278 0.0646691 -0.00116873 0.000501125 0.0653529 0.438934 -0.00111881 0.000338962 0.00115513 0.000944849 0.377046 -0.0892782 0.000600391 0.000695456 0.0889513 0.382593 0.124777 -0.00225502 0.000966903 0.126096 0.846909 -0.00215871 0.000654016 0.00222879 0.00182305 0.727498 -0.172259 0.00115843 0.00134186 0.171629 0.7382
72 0.417095 0.490858 0.0156088 -0.00117298 0.000316838 0.0158531 0.412382 -0.000439075 6.68377e-05 0.00108611 0.000290433 0.350632 -0.0812305 9.09761e-05 0.000858669 0.0810746 0.356694 0.0317989 -0.00238965 0.000645477 0.0322966 0.840125 -0.000894505 0.000136165 0.00221268 0.000591684 0.714324 -0.165487 0.000185341 0.00174932 0.165169 0.726674
76 0.425533 0.453566 -0.00202849 -0.000747169 0.00099 -0.00236495 0.375901 4.87754e-05 0.000371916 0.000702426 -0.000113922 0.311166 -0.0482553 0.000429109 0.00131857 0.0483426 0.319135 -0.00447232 -0.00164732 0.00218271 -0.00521414 0.82877 0.000107538 0.000819983 0.00154867 -0.000251169 0.686045 -0.106391 0.000946079 0.00290711 0.106583 0.703613
80 0.431897 0.41216 0.00902819 -0.000336076 0.00177196 0.00843563 0.332464 -0.000905636 0.00105571 0.000277342 0.000942377 0.261783 -0.02582 0.00106205 0.00172829 0.0260704 0.27555 0.0219046 -0.000815403 0.0042992 0.0204669 0.806638 -0.00219729 0.00256141 0.0006729 0.00228644 0.63515 -0.0626457 0.0025768 0.00419324 0.0632531 0.668551
84 0.436158 0.372515 0.0240581 -0.00031975 0.00158571 0.0236797 0.287296 -0.00295248 0.00150052 9.70463e-05 0.00302884 0.21079 -0.0229292 0.00108884 0.00169686 0.023207 0.234125 0.0645829 -0.000858356 0.00425678 0.0635671 0.771234 -0.00792582 0.00402808 0.000260517 0.0081308 0.565857 -0.0615524 0.00292296 0.00455515 0.0622982 0.628498
88 0.328636 0.336258 0.0297847 -0.000657259 0.000301781 0.0297727 0.245245 -0.0046432 0.00131811 0.000188136 0.00463322 0.163315 -0.0287687 0.0002609 0.00120376 0.0290021 0.195787 0.0885768 -0.00195463 0.000897467 0.0885411 0.729334 -0.0138084 0.00391994 0.000559498 0.0137787 0.485684 -0.0855553 0.000775892 0.00357986 0.0862494 0.582253
90 0.219313 0.320261 0.0302096 -0.000800613 -0.000458584 0.0303168 0.227754 -0.00498707 0.00104506 0.000229989 0.0049107 0.142558 -0.0320191 -0.000288783 0.000889983 0.0322256 0.177715 0.0943281 -0.00249988 -0.00143191 0.0946629 0.711153 -0.0155719 0.00326317 0.000718131 0.0153335 0.445132 -0.0999784 -0.000901713 0.00277894 0.100623 0.554908
92 0.328636 0.30635 0.0303273 -0.000810548 -0.00108166 0.0304878 0.213725 -0.00497072 0.000739031 0.000178863 0.00484708 0.124708 -0.035213 -0.000765334 0.000597968 0.0353886 0.160844 0.0989957 -0.00264582 -0.0035308 0.0995195 0.697648 -0.0162256 0.00241237 0.000583851 0.015822 0.407076 -0.114944 -0.00249823 0.00195191 0.115517 0.525032
96 0.436158 0.285338 0.0305639 -0.000211065 -0.00150979 0.0307032 0.195159 -0.00430877 0.000244696 -0.000388003 0.00423382 0.098091 -0.0419874 -0.00112763 0.000150076 0.0420528 0.132788 0.107115 -0.000739701 -0.00529124 0.107603 0.683958 -0.0151006 0.000857565 -0.0013598 0.0148379 0.343771 -0.14715 -0.00395191 0.000525958 0.147379 0.465373
100 0.431897 0.270681 0.0272828 0.0010407 -0.000957266 0.0273894 0.180004 -0.00382952 -0.000122695 -0.00140703 0.0039477 0.0776576 -0.0474523 -0.000675292 -0.000304274 0.0473057 0.113645 0.100793 0.00384475 -0.00353651 0.101187 0.665003 -0.0141477 -0.000453283 -0.0051981 0.0145843 0.286897 -0.175307 -0.00249479 -0.00112411 0.174765 0.41985
104 0.425533 0.259523 0.0185114 0.00203814 -0.000409643 0.0186009 0.15799 -0.00406857 -0.000856468 -0.00201702 0.00424178 0.0531672 -0.0476724 -0.000192037 -0.00119683 0.0473031 0.101271 0.0713287 0.00785343 -0.00157845 0.0716734 0.608773 -0.0156771 -0.00330017 -0.00777203 0.0163446 0.204865 -0.183693 -0.000739961 -0.00461166 0.18227 0.390219
108 0.417095 0.256227 0.0119321 0.00184694 -0.000864375 0.0119252 0.135846 -0.00423668 -0.00230874 -0.00140578 0.00416973 0.0241887 -0.0455996 -0.000670925 -0.0026961 0.0451847 0.0929818 0.0465684 0.0072082 -0.00337347 0.0465416 0.530178 -0.0165349 -0.0090105 -0.00548646 0.0162736 0.0944033 -0.177965 -0.00261848 -0.0105223 0.176346 0.362888
112 0.406626 0.266276 0.0164055 0.000498878 -0.00230306 0.0162625 0.13179 -0.0031172 -0.0041159 0.000140426 0.0027738 0.00257191 -0.0504789 -0.00221352 -0.00437855 0.0502407 0.0876318 0.0616109 0.00187354 -0.00864916 0.0610741 0.49494 -0.0117067 -0.0154573 0.000527371 0.010417 0.00965881 -0.189574 -0.0083129 -0.0164437 0.188679 0.329102
116 0.394175 0.282444 0.0283479 -0.000893399 -0.00348359 0.0281838 0.147109 -0.000608162 -0.00549718 0.00130944 0.000310107 -0.00518038 -0.0628728 -0.00356014 -0.00551758 0.06284 0.0830037 0.100366 -0.0031631 -0.0123337 0.0997851 0.520843 -0.00215321 -0.0194629 0.0046361 0.00109794 -0.0183412 -0.222602 -0.0126047 -0.0195351 0.222486 0.293876
120 0.379804 0.289081 0.0345816 -0.00114732 -0.00286603 0.0345329 0.155008 0.00186097 -0.00605251 0.00107751 -0.00183185 -0.0120667 -0.0690641 -0.00299072 -0.00579171 0.0690707 0.0771151 0.119626 -0.00396886 -0.00991429 0.119457 0.536209 0.00643755 -0.0209371 0.00372738 -0.00633682 -0.0417415 -0.238909 -0.0103456 -0.0200349 0.238932 0.266759
124 0.363583 0.286906 0.0299245 -0.000178143 -0.00014295 0.0300029 0.131665 0.0026127 -0.00607907 -0.000210826 -0.00233815 -0.036602 -0.0598574 -0.000130297 -0.00564068 0.0597966 0.0756407 0.104301 -0.00062091 -0.000498247 0.104574 0.458914 0.00910646 -0.0211884 -0.000734827 -0.00814953 -0.127575 -0.208631 -0.000454144 -0.0196604 0.208419 0.263643
128 0.34559 0.301391 0.0249537 0.000889074 0.00306955 0.025128 0.0932065 0.00135813 -0.00609373 -0.0012135 -0.00110059 -0.0754444 -0.0487774 0.00318731 -0.00573292 0.048745 0.0906689 0.0827949 0.0029499 0.0101846 0.0833734 0.309254 0.00450621 -0.0202187 -0.00402633 -0.00365169 -0.25032 -0.161841 0.0105753 -0.0190215 0.161733 0.300834
132 0.325914 0.350338 0.031524 0.000811106 0.00449327 0.0318118 0.0823224 -0.000566618 -0.00619802 -0.000888138 0.000698378 -0.102943 -0.0566823 0.004425 -0.0060885 0.0568053 0.122716 0.0899818 0.00231521 0.0128255 0.0908031 0.23498 -0.00161735 -0.0176915 -0.00253509 0.00199344 -0.29384 -0.161793 0.0126307 -0.0173789 0.162144 0.350279
136 0.304649 0.409432 0.0451127 -0.000613366 0.00342997 0.045428 0.112334 -0.00154462 -0.00601953 0.000704184 0.00159018 -0.105278 -0.0779911 0.00297659 -0.006024 0.0782147 0.148732 0.110184 -0.00149809 0.00837739 0.110954 0.274365 -0.0037726 -0.0147021 0.00171991 0.00388388 -0.257133 -0.190486 0.00727005 -0.0147131 0.191032 0.363265
140 0.281901 0.434539 0.0488892 -0.00251031 0.00147956 0.0489303 0.143435 -0.00108879 -0.0052796 0.0026841 0.0010378 -0.104646 -0.0805102 0.000855608 -0.00513779 0.0806813 0.143676 0.112508 -0.00577695 0.00340489 0.112603 0.330086 -0.00250561 -0.0121499 0.00617688 0.00238827 -0.24082 -0.185277 0.001969 -0.0118235 0.185671 0.330641
144 0.257779 0.424084 0.0349642 -0.00393023 0.000745554 0.0345098 0.131925 8.98786e-05 -0.00434035 0.0041686 -0.000286951 -0.134487 -0.049375 0.000391165 -0.00407484 0.0495116 0.117056 0.0824464 -0.00926757 0.00175804 0.0813751 0.311083 0.000211936 -0.0102347 0.00982968 -0.000676637 -0.317125 -0.116428 0.000922378 -0.00960859 0.11675 0.276021
148 0.232401 0.430579 0.014418 -0.00466299 0.00160621 0.0137149 0.0916688 0.00112475 -0.00399593 0.0048363 -0.00139954 -0.192483 -0.0147558 0.00167492 -0.00391007 0.0150966 0.108722 0.0334852 -0.0108296 0.00373035 0.0318523 0.212896 0.00261218 -0.00928035 0.0112321 -0.00325037 -0.447032 -0.0342697 0.00388992 -0.00908096 0.0350611 0.252502
152 0.205891 0.48589 0.00295132 -0.00503954 0.00267734 0.0025535 0.0815253 0.00176922 -0.00452149 0.00492583 -0.00195187 -0.235242 -0.0139826 0.0028874 -0.00476415 0.0146742 0.132405 0.00607406 -0.0103718 0.00551019 0.00525531 0.167786 0.00364121 -0.00930559 0.0101378 -0.00401711 -0.484146 -0.0287773 0.0059425 -0.009805 0.0302007 0.272501
156 0.178378 0.539342 0.00191469 -0.00521342 0.00273632 0.0020756 0.131419 0.00216458 -0.00503671 0.00481148 -0.00214676 -0.22867 -0.0334473 0.00280772 -0.00540291 0.0342032 0.139803 0.00355005 -0.00966626 0.00507344 0.0038484 0.243665 0.00401338 -0.00933863 0.00892102 -0.00398033 -0.42398 -0.062015 0.00520583 -0.0100176 0.0634166 0.25921
160 0.0971232 0.520253 -0.00034235 -0.00492949 0.00194554 7.19214e-05 0.208036 0.00226931 -0.0042352 0.00457708 -0.0020574 -0.193366 -0.018513 0.00200764 -0.004485 0.0187058 0.0746896 -0.000658046 -0.00947519 0.0037396 0.000138243 0.399875 0.00436194 -0.00814064 0.00879779 -0.00395461 -0.371676 -0.0355846 0.00385897 -0.00862081 0.0359552 0.143564
161 0.0357021 0.505214 -0.00219824 -0.00475221 0.00170683 -0.00179932 0.225236 0.00222298 -0.00376837 0.0044755 -0.00197067 -0.186887 -0.0054505 0.00182289 -0.00398285 0.00541664 0.0480327 -0.00435112 -0.00940634 0.00337842 -0.00356149 0.445823 0.00440008 -0.00745897 0.00885863 -0.00390066 -0.369916 -0.0107885 0.00360815 -0.00788349 0.0107215 0.0950739
162 0.0338871 0.489469 -0.00456514 -0.00453031 0.00146721 -0.00420871 0.240698 0.00214258 -0.00321534 0.00434751 -0.0018539 -0.18328 0.0108181 0.00165842 -0.00340122 -0.0110959 0.0198486 -0.00932673 -0.00925557 0.00299755 -0.00859852 0.491753 0.00437737 -0.00656905 0.00888209 -0.00378758 -0.374446 0.0221016 0.00338821 -0.0069488 -0.0226692 0.0405514
163 0.0320617 0.475639 -0.00731761 -0.00426653 0.0012264 -0.00702494 0.254397 0.00202855 -0.00259917 0.00418939 -0.00170798 -0.183283 0.0294022 0.00150892 -0.00276592 -0.029929 -0.00785634 -0.0153848 -0.0089701 0.00257843 -0.0147695 0.534852 0.0042649 -0.00546459 0.00880791 -0.00359091 -0.38534 0.0618163 0.00317241 -0.00581517 -0.0629239 -0.0165174
164 0.0302266 0.466603 -0.0102752 -0.00396572 0.000979336 -0.0100605 0.266569 0.00188349 -0.00194826 0.00399869 -0.00153614 -0.187416 0.0491329 0.00136231 -0.00210647 -0.0499004 -0.0328758 -0.0220212 -0.00849914 0.00209886 -0.0215611 0.571298 0.0040366 -0.00417541 0.0085698 -0.00329218 -0.401659 0.105299 0.00291964 -0.00451448 -0.106944 -0.0704577
165 0.0283823 0.465258 -0.0132206 -0.00363456 0.000717019 -0.0130906 0.277672 0.00171214 -0.00129423 0.00377457 -0.00134396 -0.19595 0.0686602 0.00120136 -0.00145394 -0.0696464 -0.0529751 -0.0284157 -0.00781192 0.00154112 -0.0281361 0.596814 0.00367999 -0.00278174 0.00811286 -0.00288863 -0.421165 0.147575 0.00258214 -0.00312501 -0.149694 -0.113862
166 0.0265294 0.474257 -0.0159222 -0.00328108 0.000427988 -0.0158761 0.288314 0.00152107 -0.000669444 0.00351796 -0.00113897 -0.208899 0.0865728 0.00100591 -0.000838678 -0.0877433 -0.0660792 -0.0335731 -0.00691837 0.000902441 -0.0334758 0.607929 0.00320727 -0.00141157 0.00741784 -0.00240159 -0.440478 0.182544 0.00212102 -0.00176841 -0.185012 -0.139332
167 0.0246683 0.495748 -0.018157 -0.00291419 0.000100178 -0.0181876 0.29917 0.00131814 -0.000104457 0.00323164 -0.000930077 -0.226021 0.101528 0.000755611 -0.000288087 -0.102837 -0.0704585 -0.0366255 -0.00587838 0.000202076 -0.0366873 0.603472 0.0026589 -0.000210706 0.00651871 -0.00187611 -0.455919 0.204797 0.00152419 -0.000581115 -0.207438 -0.142126
168 0.0172754 0.531139 -0.0197336 -0.00254311 -0.000277035 -0.0198286 0.310887 0.00111189 0.000374521 0.00292018 -0.000726698 -0.246842 0.112378 0.000432801 0.0001754 -0.113773 -0.0648981 -0.0371533 -0.00478804 -0.000521588 -0.0373323 0.585322 0.00209341 0.000705129 0.00549797 -0.00136819 -0.464742 0.211579 0.000814855 0.000330234 -0.214205 -0.122187
168.5 0.0109315 0.554236 -0.0202288 -0.00235883 -0.000486599 -0.0203503 0.317241 0.00101018 0.000575292 0.0027569 -0.000629939 -0.258438 0.115987 0.000240081 0.000369232 -0.117403 -0.0581859 -0.0364986 -0.00425601 -0.000877964 -0.0367177 0.572393 0.00182266 0.00103799 0.00497423 -0.00113659 -0.466297 0.209274 0.000433175 0.0006662 -0.211829 -0.104984
169 0.0104622 0.580906 -0.0205119 -0.00217684 -0.000710842 -0.0206555 0.323994 0.000910757 0.000747771 0.00258974 -0.000537863 -0.270696 0.118285 2.51659e-05 0.000535921 -0.119707 -0.0488332 -0.0353102 -0.00374731 -0.00122368 -0.0355574 0.557739 0.00156782 0.00128725 0.00445811 -0.000925903 -0.46599 0.203622 4.33218e-05 0.000922561 -0.20607 -0.0840639
169.5 0.00999215 0.611044 -0.0205758 -0.00199814 -0.000949847 -0.0207371 0.331182 0.000814541 0.000890779 0.00241968 -0.00045139 -0.28351 0.11923 -0.000212282 0.000674691 -0.120644 -0.0368856 -0.0336732 -0.00327004 -0.00155447 -0.0339371 0.541994 0.00133303 0.0014578 0.00395992 -0.00073872 -0.463977 0.195125 -0.000347408 0.00110416 -0.197439 -0.0603648
170 0.0095213 0.644474 -0.0204183 -0.00182368 -0.00120329 -0.0205927 0.338822 0.000722364 0.00100371 0.00224775 -0.000371309 -0.296766 0.118807 -0.000472024 0.000785279 -0.120198 -0.0224369 -0.0316821 -0.00282972 -0.0018671 -0.0319527 0.525735 0.00112086 0.0015574 0.00348773 -0.000576143 -0.460479 0.184347 -0.000732418 0.00121848 -0.186506 -0.0348143
170.5 0.00904972 0.680953 -0.0200418 -0.00165435 -0.00147044 -0.0202249 0.346917 0.000634951 0.00108653 0.00207501 -0.000298259 -0.310349 0.117032 -0.000753227 0.000867935 -0.118387 -0.0056294 -0.0294319 -0.00242946 -0.00215939 -0.0297009 0.509457 0.000932444 0.0015956 0.00304721 -0.000438002 -0.455756 0.171865 -0.00110614 0.00127459 -0.173855 -0.00826693
171 0.00857745 0.720173 -0.0194537 -0.00149093 -0.00175012 -0.0196413 0.355448 0.000552905 0.00113981 0.00190256 -0.000232715 -0.324136 0.11395 -0.00105444 0.000923413 -0.115254 0.0133483 -0.0270125 -0.00207024 -0.00243013 -0.027273 0.493559 0.000767739 0.00158269 0.0026418 -0.000323138 -0.450081 0.158225 -0.00146415 0.00128221 -0.160037 0.0185348
171.5 0.00810453 0.761761 -0.0186662 -0.00133413 -0.0020407 -0.0188541 0.364381 0.000476703 0.00116468 0.00173152 -0.000174979 -0.338007 0.109631 -0.00137363 0.000952943 -0.110875 0.0342632 -0.024504 -0.00175137 -0.00267892 -0.0247507 0.478341 0.00062579 0.00152893 0.00227305 -0.000229703 -0.443718 0.143919 -0.00180323 0.00125097 -0.14555 0.0449789
172 0.00763099 0.805289 -0.0176957 -0.00118457 -0.00234017 -0.0178802 0.373664 0.000406685 0.0011628 0.00156302 -0.000125173 -0.35184 0.104178 -0.00170816 0.00095821 -0.105348 0.0568417 -0.0219744 -0.00147098 -0.002906 -0.0222035 0.464012 0.000505017 0.00144395 0.00194095 -0.000155438 -0.436912 0.129367 -0.00212117 0.0011899 -0.13082 0.0705855
172.5 0.00715688 0.850276 -0.0165631 -0.00104278 -0.00264608 -0.0167408 0.383225 0.000343058 0.00113633 0.00139819 -8.3241e-05 -0.365515 0.0977122 -0.00205485 0.000941304 -0.0988012 0.0807736 -0.0194797 -0.0012264 -0.00311203 -0.0196887 0.450707 0.000403467 0.00133643 0.0016444 -9.78988e-05 -0.429878 0.114918 -0.00241669 0.00110706 -0.116199 0.094997
173 0.00668221 0.896199 -0.0152926 -0.000909212 -0.00295567 -0.0154606 0.392981 0.000285897 0.00108791 0.00123813 -4.89562e-05 -0.378914 0.0903827 -0.00241006 0.000904678 -0.0913824 0.105718 -0.0170638 -0.00101452 -0.003298 -0.0172513 0.438497 0.00031901 0.00121391 0.00138154 -5.46264e-05 -0.422801 0.100851 -0.0026892 0.00100946 -0.101967 0.117962
173.5 0.00620704 0.9425 -0.0139117 -0.00078423 -0.00326581 -0.0140675 0.402831 0.000235149 0.00102053 0.00108391 -2.19302e-05 -0.391922 0.0823552 -0.00276969 0.000851086 -0.0832599 0.131307 -0.0147605 -0.000832074 -0.00346505 -0.0149258 0.427407 0.000249495 0.00108279 0.00115004 -2.32682e-05 -0.415833 0.0873795 -0.00293866 0.000903009 -0.0883394 0.139318
174 0.0057314 0.988593 -0.0124506 -0.000668119 -0.00357317 -0.0125923 0.412664 0.000190648 0.000937506 0.000936583 -1.63037e-06 -0.404432 0.0738118 -0.00312932 0.000783526 -0.0746176 0.157155 -0.0125943 -0.000675828 -0.0036144 -0.0127376 0.417425 0.000192848 0.000948323 0.000947389 -1.64919e-06 -0.409098 0.0746635 -0.00316543 0.000792567 -0.0754786 0.158968
174.5 0.00525531 1.03388 -0.0109413 -0.000561098 -0.00387419 -0.0110674 0.42236 0.000152125 0.000842407 0.000797128 1.26006e-05 -0.416338 0.0649462 -0.00348428 0.000705171 -0.0656513 0.182864 -0.0105827 -0.000542711 -0.00374723 -0.0107048 0.408519 0.00014714 0.000814802 0.000771007 1.21877e-05 -0.402695 0.062818 -0.0033701 0.000682063 -0.0634999 0.176872
175 0.00477883 1.07775 -0.00941676 -0.00046332 -0.0041652 -0.00952654 0.431792 0.000119224 0.000738945 0.000666487 2.15201e-05 -0.427546 0.0559596 -0.00382971 0.000619296 -0.056564 0.208032 -0.0087374 -0.000429894 -0.00386471 -0.00883925 0.400641 0.000110623 0.000685634 0.000618403 1.99676e-05 -0.396701 0.0519224 -0.00355341 0.000574617 -0.0524832 0.193024
175.5 0.00430199 1.11962 -0.00791066 -0.000374884 -0.00444251 -0.0080037 0.440831 9.15255e-05 0.000630901 0.000545533 2.59591e-05 -0.437964 0.0470558 -0.00416072 0.000529207 -0.0475618 0.232258 -0.00706551 -0.000334833 -0.00396789 -0.00714861 0.393734 8.17472e-05 0.000563498 0.00048725 2.31857e-05 -0.391173 0.0420285 -0.0037162 0.000472668 -0.0424804 0.207444
176 0.00382481 1.15888 -0.00645619 -0.000295844 -0.00470245 -0.00653269 0.449347 6.85596e-05 0.000522038 0.000435074 2.67924e-05 -0.44751 0.0384371 -0.00447247 0.000438168 -0.0388487 0.255151 -0.00557104 -0.000255283 -0.00405774 -0.00563705 0.387741 5.916e-05 0.000450466 0.000375425 2.31191e-05 -0.386156 0.0331673 -0.00385929 0.000378095 -0.0335225 0.22017
176.5 0.00334735 1.195 -0.00508553 -0.000226216 -0.00494146 -0.00514615 0.457212 4.98321e-05 0.000416007 0.000335841 2.49094e-05 -0.45611 0.0302993 -0.00476028 0.000349331 -0.0306227 0.27634 -0.00425567 -0.000189302 -0.00413511 -0.00430639 0.382603 4.17004e-05 0.000348122 0.000281038 2.08446e-05 -0.381682 0.025355 -0.00398349 0.000292327 -0.0256256 0.231247
177 0.00286963 1.22745 -0.00382903 -0.000165989 -0.0051562 -0.00387489 0.464305 3.48444e-05 0.000316265 0.00024849 2.11827e-05 -0.463699 0.0228275 -0.00501972 0.000265661 -0.0230704 0.295477 -0.00311949 -0.00013523 -0.00420073 -0.00315685 0.378267 2.83876e-05 0.00025766 0.000202444 1.72575e-05 -0.377773 0.0185975 -0.00408955 0.000216433 -0.0187954 0.240724
177.5 0.00239169 1.25576 -0.00271454 -0.000115133 -0.00534358 -0.00274717 0.470514 2.31143e-05 0.000225993 0.000173594 1.64394e-05 -0.470217 0.0161918 -0.00524674 0.000189876 -0.0163637 0.312245 -0.00216167 -9.16833e-05 -0.00425524 -0.00218765 0.374684 1.84065e-05 0.000179965 0.000138238 1.30911e-05 -0.374447 0.012894 -0.00417812 0.000151203 -0.0130308 0.24865
178 0.00191357 1.27952 -0.00176681 -7.3607e-05 -0.00550086 -0.00178812 0.475741 1.41957e-05 0.000148022 0.000111641 1.14323e-05 -0.475618 0.0105432 -0.00543771 0.000124384 -0.0106549 0.326366 -0.00138084 -5.75269e-05 -0.00429915 -0.00139749 0.371811 1.10945e-05 0.000115685 8.72522e-05 8.93485e-06 -0.371715 0.00823997 -0.00424979 9.72114e-05 -0.00832725 0.255068
178.5 0.00143531 1.29838 -0.0010069 -4.13677e-05 -0.00562572 -0.00101907 0.479899 7.69701e-06 8.47627e-05 6.30354e-05 6.81538e-06 -0.479859 0.00601052 -0.00558957 7.12339e-05 -0.00607408 0.337602 -0.000775506 -3.18611e-05 -0.00433288 -0.000784876 0.369614 5.92817e-06 6.52835e-05 4.85493e-05 5.24915e-06 -0.369583 0.00462925 -0.00430504 5.48637e-05 -0.00467821 0.260018
179 0.000956932 1.31205 -0.000451698 -1.83737e-05 -0.00571628 -0.000457164 0.482919 3.29634e-06 3.81531e-05 2.80911e-05 3.12115e-06 -0.482912 0.00269696 -0.00569985 3.20655e-05 -0.00272545 0.345766 -0.000344268 -1.40038e-05 -0.00435675 -0.000348434 0.368064 2.51235e-06 2.9079e-05 2.14101e-05 2.37883e-06 -0.368058 0.00205553 -0.00434423 2.44392e-05 -0.00207724 0.263531
179.5 0.000478484 1.32034 -0.000113556 -4.59157e-06 -0.00577118 -0.000114932 0.484752 7.54352e-07 9.61086e-06 7.03411e-06 7.43365e-07 -0.484752 0.000678106 -0.00576676 8.07764e-06 -0.000685265 0.35072 -8.60054e-05 -3.47757e-06 -0.00437098 -8.7047e-05 0.367142 5.71333e-07 7.27909e-06 5.3275e-06 5.63011e-07 -0.367142 0.000513585 -0.00436764 6.11786e-06 -0.000519007 0.265629
180 5.98114e-05 1.32311 -2.10633e-17 -1.35604e-17 -0.00578957 -4.98165e-18 0.485367 -7.63783e-08 -2.83061e-17 9.1056e-18 -7.63783e-08 -0.485367 -2.29602e-17 -0.00578918 -2.83562e-17 -9.0282e-19 0.352381 -1.59195e-17 -1.02488e-17 -0.00437571 -3.7651e-18 0.366837 -5.77261e-08 -2.13935e-17 6.88195e-18 -5.77261e-08 -0.366837 -1.73532e-17 -0.00437542 -2.14314e-17 -6.82345e-19 0.266327
