theta 2pi*dcos S11 S12 S13 S14 S21 S22 S23 S24 S31 S32 S33 S34 S41 S42 S43 S44 S12_norm S13_norm S14_norm S21_norm S22_norm S23_norm S24_norm S31_norm S32_norm S33_norm S34_norm S41_norm S42_norm S43_norm S44_norm
0 2.39246e-06 0.00951149 0 0 2.63223e-08 0 0.00947547 3.76104e-09 0 0 -3.76104e-09 0.00947547 0 2.64347e-08 0 0 0.00943945 0 0 2.76743e-06 0 0.996213 3.9542e-07 0 0 -3.9542e-07 0.996213 0 2.77924e-06 0 0 0.992427
0.1 1.91397e-05 0.00951147 -1.24256e-08 -3.09984e-15 2.63223e-08 -1.24256e-08 0.00947545 3.76104e-09 -1.4343e-14 4.35967e-15 -3.76104e-09 0.00947545 -2.80756e-10 2.64346e-08 -3.31337e-14 2.80756e-10 0.00943943 -1.30638e-06 -3.25906e-13 2.76743e-06 -1.30638e-06 0.996213 3.95421e-07 -1.50797e-12 4.58359e-13 -3.95421e-07 0.996213 -2.95177e-08 2.77924e-06 -3.48356e-12 2.95176e-08 0.992427
0.2 3.82793e-05 0.00951141 -4.97022e-08 -1.23973e-14 2.63221e-08 -4.97021e-08 0.00947539 3.76104e-09 -5.73664e-14 1.74423e-14 -3.76104e-09 0.00947539 -1.12302e-09 2.64345e-08 -1.32536e-13 1.12302e-09 0.00943937 -5.22553e-06 -1.30342e-12 2.76742e-06 -5.22553e-06 0.996213 3.95424e-07 -6.03133e-12 1.83384e-12 -3.95424e-07 0.996213 -1.18071e-07 2.77924e-06 -1.39344e-11 1.18071e-07 0.992426
0.3 5.74188e-05 0.0095113 -1.11829e-07 -2.78944e-14 2.63218e-08 -1.11829e-07 0.00947528 3.76105e-09 -1.29074e-13 3.92438e-14 -3.76105e-09 0.00947528 -2.52679e-09 2.64342e-08 -2.98201e-13 2.52678e-09 0.00943927 -1.17575e-05 -2.93276e-12 2.76742e-06 -1.17575e-05 0.996213 3.95429e-07 -1.35705e-11 4.12601e-12 -3.95429e-07 0.996213 -2.65661e-07 2.77924e-06 -3.13522e-11 2.65661e-07 0.992426
0.4 7.65581e-05 0.00951116 -1.98805e-07 -4.95918e-14 2.63214e-08 -1.98804e-07 0.00947514 3.76105e-09 -2.29459e-13 6.97656e-14 -3.76105e-09 0.00947514 -4.49203e-09 2.64338e-08 -5.30128e-13 4.49202e-09 0.00943912 -2.09022e-05 -5.21407e-12 2.76742e-06 -2.09022e-05 0.996213 3.95436e-07 -2.41252e-11 7.33514e-12 -3.95436e-07 0.996213 -4.72291e-07 2.77924e-06 -5.57375e-11 4.7229e-07 0.992426
0.5 9.56972e-05 0.00951097 -3.10627e-07 -7.74883e-14 2.63208e-08 -3.10627e-07 0.00947495 3.76106e-09 -3.58521e-13 1.09009e-13 -3.76106e-09 0.00947495 -7.01873e-09 2.64332e-08 -8.28311e-13 7.01872e-09 0.00943894 -3.26599e-05 -8.14726e-12 2.76742e-06 -3.26599e-05 0.996213 3.95445e-07 -3.76955e-11 1.14614e-11 -3.95445e-07 0.996213 -7.37961e-07 2.77924e-06 -8.709e-11 7.3796e-07 0.992426
0.6 0.000114836 0.00951074 -4.47295e-07 -1.11587e-13 2.63202e-08 -4.47294e-07 0.00947472 3.76107e-09 -5.16254e-13 1.5697e-13 -3.76107e-09 0.00947472 -1.01068e-08 2.64326e-08 -1.19274e-12 1.01068e-08 0.00943871 -4.70305e-05 -1.17328e-11 2.76742e-06 -4.70305e-05 0.996213 3.95455e-07 -5.42812e-11 1.65045e-11 -3.95455e-07 0.996213 -1.06268e-06 2.77924e-06 -1.2541e-10 1.06268e-06 0.992426
0.7 0.000133974 0.00951047 -6.08804e-07 -1.51886e-13 2.63194e-08 -6.08804e-07 0.00947445 3.76109e-09 -7.02653e-13 2.13649e-13 -3.76109e-09 0.00947445 -1.37563e-08 2.64319e-08 -1.62341e-12 1.37563e-08 0.00943844 -6.40141e-05 -1.59704e-11 2.76741e-06 -6.40141e-05 0.996213 3.95468e-07 -7.38821e-11 2.24646e-11 -3.95468e-07 0.996213 -1.44644e-06 2.77924e-06 -1.70697e-10 1.44644e-06 0.992426
0.8 0.000153112 0.00951016 -7.95153e-07 -1.9839e-13 2.63185e-08 -7.95152e-07 0.00947414 3.7611e-09 -9.17713e-13 2.79044e-13 -3.7611e-09 0.00947414 -1.79672e-08 2.6431e-08 -2.12031e-12 1.79672e-08 0.00943813 -8.36109e-05 -2.08609e-11 2.76741e-06 -8.36108e-05 0.996213 3.95483e-07 -9.64981e-11 2.93416e-11 -3.95483e-07 0.996213 -1.88926e-06 2.77924e-06 -2.22952e-10 1.88926e-06 0.992426
0.9 0.00017225 0.00950981 -1.00634e-06 -2.51098e-13 2.63175e-08 -1.00634e-06 0.00947379 3.76112e-09 -1.16143e-12 3.53156e-13 -3.76112e-09 0.00947379 -2.27393e-08 2.643e-08 -2.68343e-12 2.27393e-08 0.00943778 -0.000105821 -2.64041e-11 2.7674e-06 -0.000105821 0.996213 3.95499e-07 -1.22129e-10 3.7136e-11 -3.95499e-07 0.996213 -2.39114e-06 2.77924e-06 -2.82175e-10 2.39114e-06 0.992426
1 0.000191387 0.00950941 -1.24235e-06 -3.10012e-13 2.63163e-08 -1.24235e-06 0.00947339 3.76114e-09 -1.43378e-12 4.35982e-13 -3.76114e-09 0.00947339 -2.80726e-08 2.64289e-08 -3.31275e-12 2.80726e-08 0.00943738 -0.000130644 -3.26006e-11 2.7674e-06 -0.000130644 0.996212 3.95518e-07 -1.50775e-10 4.58474e-11 -3.95518e-07 0.996212 -2.95209e-06 2.77924e-06 -3.48366e-10 2.95208e-06 0.992426
1.1 0.000210523 0.00950897 -1.50319e-06 -3.75133e-13 2.63151e-08 -1.50319e-06 0.00947296 3.76116e-09 -1.73477e-12 5.27521e-13 -3.76116e-09 0.00947296 -3.39671e-08 2.64277e-08 -4.00826e-12 3.3967e-08 0.00943695 -0.000158081 -3.94504e-11 2.76739e-06 -0.000158081 0.996212 3.95538e-07 -1.82435e-10 5.54762e-11 -3.95538e-07 0.996212 -3.57211e-06 2.77924e-06 -4.21524e-10 3.5721e-06 0.992425
1.2 0.000229659 0.0095085 -1.78885e-06 -4.46464e-13 2.63137e-08 -1.78885e-06 0.00947248 3.76119e-09 -2.06439e-12 6.27773e-13 -3.76119e-09 0.00947248 -4.04226e-08 2.64264e-08 -4.76995e-12 4.04226e-08 0.00943647 -0.000188132 -4.69543e-11 2.76739e-06 -0.000188131 0.996212 3.95561e-07 -2.1711e-10 6.60224e-11 -3.95561e-07 0.996212 -4.25121e-06 2.77924e-06 -5.01651e-10 4.2512e-06 0.992425
1.3 0.000248794 0.00950798 -2.09932e-06 -5.24007e-13 2.63122e-08 -2.09932e-06 0.00947196 3.76121e-09 -2.42262e-12 7.36732e-13 -3.76121e-09 0.00947196 -4.74391e-08 2.6425e-08 -5.59779e-12 4.74391e-08 0.00943595 -0.000220796 -5.51123e-11 2.76738e-06 -0.000220796 0.996212 3.95585e-07 -2.54799e-10 7.74857e-11 -3.95585e-07 0.996212 -4.9894e-06 2.77924e-06 -5.88746e-10 4.9894e-06 0.992425
1.4 0.000267929 0.00950742 -2.43461e-06 -6.07763e-13 2.63106e-08 -2.4346e-06 0.0094714 3.76124e-09 -2.80945e-12 8.54401e-13 -3.76124e-09 0.0094714 -5.50165e-08 2.64234e-08 -6.49176e-12 5.50165e-08 0.00943539 -0.000256074 -6.39252e-11 2.76737e-06 -0.000256074 0.996212 3.95611e-07 -2.95501e-10 8.98668e-11 -3.95611e-07 0.996212 -5.7867e-06 2.77924e-06 -6.8281e-10 5.78669e-06 0.992425
1.5 0.000287062 0.00950681 -2.79469e-06 -6.97736e-13 2.63088e-08 -2.79469e-06 0.0094708 3.76127e-09 -3.22487e-12 9.80774e-13 -3.76127e-09 0.0094708 -6.31547e-08 2.64217e-08 -7.45185e-12 6.31547e-08 0.00943479 -0.000293967 -7.33933e-11 2.76736e-06 -0.000293967 0.996212 3.95639e-07 -3.39217e-10 1.03165e-10 -3.95639e-07 0.996212 -6.6431e-06 2.77924e-06 -7.83843e-10 6.64309e-06 0.992424
1.6 0.000306195 0.00950617 -3.17957e-06 -7.9393e-13 2.6307e-08 -3.17956e-06 0.00947016 3.7613e-09 -3.66887e-12 1.11585e-12 -3.7613e-09 0.00947015 -7.18536e-08 2.642e-08 -8.47803e-12 7.18535e-08 0.00943415 -0.000334474 -8.35174e-11 2.76736e-06 -0.000334474 0.996211 3.9567e-07 -3.85946e-10 1.17381e-10 -3.9567e-07 0.996211 -7.55863e-06 2.77924e-06 -8.91845e-10 7.55862e-06 0.992424
1.7 0.000325327 0.00950548 -3.58923e-06 -8.96345e-13 2.6305e-08 -3.58923e-06 0.00946947 3.76134e-09 -4.14142e-12 1.25963e-12 -3.76134e-09 0.00946947 -8.11131e-08 2.64181e-08 -9.57028e-12 8.1113e-08 0.00943347 -0.000377596 -9.42977e-11 2.76735e-06 -0.000377595 0.996211 3.95702e-07 -4.35688e-10 1.32516e-10 -3.95702e-07 0.996211 -8.53329e-06 2.77925e-06 -1.00682e-09 8.53328e-06 0.992424
1.8 0.000344457 0.00950476 -4.02367e-06 -1.00498e-12 2.63029e-08 -4.02367e-06 0.00946874 3.76137e-09 -4.64252e-12 1.4121e-12 -3.76137e-09 0.00946874 -9.0933e-08 2.64161e-08 -1.07286e-11 9.09329e-08 0.00943274 -0.000423332 -1.05735e-10 2.76734e-06 -0.000423332 0.996211 3.95736e-07 -4.88442e-10 1.48568e-10 -3.95736e-07 0.996211 -9.5671e-06 2.77925e-06 -1.12876e-09 9.56709e-06 0.992423
1.9 0.000363587 0.00950399 -4.48288e-06 -1.11985e-12 2.63007e-08 -4.48287e-06 0.00946798 3.76141e-09 -5.17215e-12 1.57327e-12 -3.76141e-09 0.00946798 -1.01313e-07 2.64139e-08 -1.19529e-11 1.01313e-07 0.00943198 -0.000471684 -1.1783e-10 2.76733e-06 -0.000471683 0.996211 3.95772e-07 -5.44208e-10 1.65538e-10 -3.95772e-07 0.996211 -1.06601e-05 2.77925e-06 -1.25767e-09 1.06601e-05 0.992423
2 0.000382716 0.00950318 -4.96685e-06 -1.24095e-12 2.62983e-08 -4.96684e-06 0.00946717 3.76145e-09 -5.73029e-12 1.74313e-12 -3.76145e-09 0.00946717 -1.12254e-07 2.64117e-08 -1.32432e-11 1.12254e-07 0.00943117 -0.000522651 -1.30583e-10 2.76732e-06 -0.000522651 0.996211 3.9581e-07 -6.02986e-10 1.83426e-10 -3.9581e-07 0.99621 -1.18122e-05 2.77925e-06 -1.39355e-09 1.18122e-05 0.992423
2.1 0.000401843 0.00950233 -5.47556e-06 -1.36828e-12 2.62959e-08 -5.47556e-06 0.00946632 3.76149e-09 -6.31691e-12 1.92168e-12 -3.76149e-09 0.00946632 -1.23754e-07 2.64093e-08 -1.45994e-11 1.23754e-07 0.00943032 -0.000576234 -1.43994e-10 2.76731e-06 -0.000576233 0.99621 3.9585e-07 -6.64775e-10 2.02233e-10 -3.9585e-07 0.99621 -1.30236e-05 2.77925e-06 -1.5364e-09 1.30235e-05 0.992422
2.2 0.000420969 0.00950144 -6.00902e-06 -1.50186e-12 2.62933e-08 -6.00902e-06 0.00946543 3.76154e-09 -6.93201e-12 2.10892e-12 -3.76154e-09 0.00946542 -1.35814e-07 2.64069e-08 -1.60216e-11 1.35814e-07 0.00942943 -0.000632433 -1.58066e-10 2.76729e-06 -0.000632432 0.99621 3.95892e-07 -7.29575e-10 2.21958e-10 -3.95892e-07 0.99621 -1.42941e-05 2.77925e-06 -1.68622e-09 1.42941e-05 0.992422
2.3 0.000440094 0.0095005 -6.5672e-06 -1.64167e-12 2.62906e-08 -6.5672e-06 0.00946449 3.76158e-09 -7.57555e-12 2.30483e-12 -3.76158e-09 0.00946449 -1.48435e-07 2.64043e-08 -1.75096e-11 1.48434e-07 0.0094285 -0.000691248 -1.72798e-10 2.76728e-06 -0.000691248 0.99621 3.95935e-07 -7.97384e-10 2.42601e-10 -3.95935e-07 0.99621 -1.56239e-05 2.77925e-06 -1.84302e-09 1.56238e-05 0.992421
2.4 0.000459218 0.00949953 -7.1501e-06 -1.78773e-12 2.62878e-08 -7.1501e-06 0.00946352 3.76163e-09 -8.24752e-12 2.50943e-12 -3.76163e-09 0.00946352 -1.61614e-07 2.64016e-08 -1.90635e-11 1.61614e-07 0.00942753 -0.00075268 -1.88191e-10 2.76727e-06 -0.00075268 0.99621 3.95981e-07 -8.68204e-10 2.64164e-10 -3.95981e-07 0.996209 -1.70129e-05 2.77925e-06 -2.00678e-09 1.70128e-05 0.992421
2.5 0.00047834 0.00949851 -7.75771e-06 -1.94004e-12 2.62848e-08 -7.7577e-06 0.0094625 3.76168e-09 -8.9479e-12 2.7227e-12 -3.76168e-09 0.0094625 -1.75353e-07 2.63988e-08 -2.06832e-11 1.75353e-07 0.00942651 -0.000816729 -2.04247e-10 2.76726e-06 -0.000816728 0.996209 3.96029e-07 -9.42032e-10 2.86645e-10 -3.96029e-07 0.996209 -1.84611e-05 2.77925e-06 -2.17752e-09 1.84611e-05 0.99242
2.6 0.000497461 0.00949745 -8.39001e-06 -2.09861e-12 2.62818e-08 -8.39e-06 0.00946145 3.76174e-09 -9.67666e-12 2.94464e-12 -3.76174e-09 0.00946144 -1.89651e-07 2.63958e-08 -2.23687e-11 1.89651e-07 0.00942546 -0.000883396 -2.20965e-10 2.76724e-06 -0.000883395 0.996209 3.96078e-07 -1.01887e-09 3.10046e-10 -3.96078e-07 0.996209 -1.99687e-05 2.77926e-06 -2.35523e-09 1.99686e-05 0.99242
2.7 0.00051658 0.00949635 -9.04698e-06 -2.26343e-12 2.62786e-08 -9.04697e-06 0.00946035 3.76179e-09 -1.04338e-11 3.17525e-12 -3.76179e-09 0.00946034 -2.04509e-07 2.63928e-08 -2.41199e-11 2.04509e-07 0.00942436 -0.00095268 -2.38348e-10 2.76723e-06 -0.000952679 0.996209 3.9613e-07 -1.09871e-09 3.34365e-10 -3.9613e-07 0.996208 -2.15355e-05 2.77926e-06 -2.53992e-09 2.15355e-05 0.992419
2.8 0.000535698 0.00949521 -9.72862e-06 -2.43452e-12 2.62753e-08 -9.72861e-06 0.00945921 3.76185e-09 -1.12192e-11 3.41452e-12 -3.76185e-09 0.0094592 -2.19925e-07 2.63896e-08 -2.59369e-11 2.19925e-07 0.00942323 -0.00102458 -2.56395e-10 2.76721e-06 -0.00102458 0.996208 3.96184e-07 -1.18157e-09 3.59605e-10 -3.96184e-07 0.996208 -2.31617e-05 2.77926e-06 -2.73157e-09 2.31616e-05 0.992419
2.9 0.000554814 0.00949403 -1.04349e-05 -2.61188e-12 2.62719e-08 -1.04349e-05 0.00945803 3.7619e-09 -1.2033e-11 3.66245e-12 -3.7619e-09 0.00945802 -2.359e-07 2.63864e-08 -2.78195e-11 2.35899e-07 0.00942205 -0.0010991 -2.75108e-10 2.7672e-06 -0.0010991 0.996208 3.96239e-07 -1.26743e-09 3.85764e-10 -3.96239e-07 0.996207 -2.48472e-05 2.77926e-06 -2.93021e-09 2.48471e-05 0.992418
3 0.000573928 0.0094928 -1.11658e-05 -2.79552e-12 2.62683e-08 -1.11658e-05 0.0094568 3.76196e-09 -1.2875e-11 3.91904e-12 -3.76196e-09 0.0094568 -2.52433e-07 2.6383e-08 -2.97676e-11 2.52433e-07 0.00942083 -0.00117624 -2.94488e-10 2.76718e-06 -0.00117624 0.996208 3.96296e-07 -1.35629e-09 4.12843e-10 -3.96296e-07 0.996207 -2.6592e-05 2.77926e-06 -3.13581e-09 2.6592e-05 0.992418
3.1 0.00059304 0.00949154 -1.19214e-05 -2.98543e-12 2.62647e-08 -1.19214e-05 0.00945554 3.76203e-09 -1.37453e-11 4.18427e-12 -3.76203e-09 0.00945553 -2.69524e-07 2.63795e-08 -3.17814e-11 2.69524e-07 0.00941957 -0.001256 -3.14536e-10 2.76717e-06 -0.001256 0.996207 3.96356e-07 -1.44816e-09 4.40842e-10 -3.96356e-07 0.996206 -2.83963e-05 2.77926e-06 -3.34839e-09 2.83962e-05 0.992417
3.2 0.000612151 0.00949023 -1.27016e-05 -3.18163e-12 2.62609e-08 -1.27015e-05 0.00945424 3.76209e-09 -1.46438e-11 4.45815e-12 -3.76209e-09 0.00945423 -2.87174e-07 2.63759e-08 -3.38607e-11 2.87173e-07 0.00941826 -0.00133838 -3.35253e-10 2.76715e-06 -0.00133838 0.996207 3.96417e-07 -1.54304e-09 4.69762e-10 -3.96417e-07 0.996206 -3.02599e-05 2.77927e-06 -3.56795e-09 3.02599e-05 0.992416
3.3 0.00063126 0.00948889 -1.35063e-05 -3.38412e-12 2.6257e-08 -1.35063e-05 0.00945289 3.76216e-09 -1.55705e-11 4.74066e-12 -3.76216e-09 0.00945288 -3.05381e-07 2.63722e-08 -3.60054e-11 3.0538e-07 0.00941692 -0.00142338 -3.5664e-10 2.76713e-06 -0.00142338 0.996206 3.9648e-07 -1.64092e-09 4.99601e-10 -3.9648e-07 0.996205 -3.2183e-05 2.77927e-06 -3.79448e-09 3.21829e-05 0.992416
3.4 0.000650367 0.0094875 -1.43356e-05 -3.5929e-12 2.6253e-08 -1.43356e-05 0.0094515 3.76222e-09 -1.65253e-11 5.03181e-12 -3.76222e-09 0.00945149 -3.24145e-07 2.63683e-08 -3.82155e-11 3.24145e-07 0.00941553 -0.001511 -3.78699e-10 2.76711e-06 -0.001511 0.996206 3.96545e-07 -1.7418e-09 5.30362e-10 -3.96545e-07 0.996205 -3.41655e-05 2.77927e-06 -4.02799e-09 3.41655e-05 0.992415
3.5 0.000669472 0.00948607 -1.51895e-05 -3.80799e-12 2.62488e-08 -1.51895e-05 0.00945008 3.76229e-09 -1.75083e-11 5.33159e-12 -3.76229e-09 0.00945006 -3.43467e-07 2.63644e-08 -4.0491e-11 3.43467e-07 0.00941411 -0.00160124 -4.0143e-10 2.76709e-06 -0.00160124 0.996206 3.96612e-07 -1.84569e-09 5.62044e-10 -3.96612e-07 0.996204 -3.62075e-05 2.77927e-06 -4.26847e-09 3.62075e-05 0.992414
3.6 0.000688575 0.0094846 -1.60679e-05 -4.02939e-12 2.62446e-08 -1.60679e-05 0.00944861 3.76236e-09 -1.85194e-11 5.63999e-12 -3.76236e-09 0.00944859 -3.63346e-07 2.63603e-08 -4.28318e-11 3.63346e-07 0.00941264 -0.00169411 -4.24835e-10 2.76708e-06 -0.00169411 0.996205 3.96681e-07 -1.95257e-09 5.94647e-10 -3.96682e-07 0.996204 -3.83091e-05 2.77927e-06 -4.51594e-09 3.8309e-05 0.992413
3.7 0.000707676 0.00948309 -1.69709e-05 -4.2571e-12 2.62402e-08 -1.69708e-05 0.0094471 3.76244e-09 -1.95585e-11 5.95701e-12 -3.76244e-09 0.00944708 -3.83782e-07 2.63561e-08 -4.52379e-11 3.83781e-07 0.00941113 -0.00178959 -4.48915e-10 2.76706e-06 -0.00178959 0.996205 3.96752e-07 -2.06246e-09 6.28172e-10 -3.96753e-07 0.996203 -4.04701e-05 2.77927e-06 -4.77038e-09 4.04701e-05 0.992412
3.8 0.000726775 0.00948153 -1.78983e-05 -4.49114e-12 2.62357e-08 -1.78983e-05 0.00944554 3.76251e-09 -2.06257e-11 6.28264e-12 -3.76251e-09 0.00944553 -4.04774e-07 2.63518e-08 -4.77092e-11 4.04773e-07 0.00940958 -0.0018877 -4.73672e-10 2.76704e-06 -0.0018877 0.996204 3.96825e-07 -2.17535e-09 6.62618e-10 -3.96825e-07 0.996203 -4.26908e-05 2.77928e-06 -5.0318e-09 4.26907e-05 0.992412
3.9 0.000745871 0.00947994 -1.88502e-05 -4.7315e-12 2.62311e-08 -1.88502e-05 0.00944395 3.76259e-09 -2.17208e-11 6.61687e-12 -3.76259e-09 0.00944393 -4.26322e-07 2.63474e-08 -5.02456e-11 4.26322e-07 0.00940799 -0.00198843 -4.99106e-10 2.76701e-06 -0.00198843 0.996204 3.969e-07 -2.29124e-09 6.97987e-10 -3.969e-07 0.996202 -4.4971e-05 2.77928e-06 -5.3002e-09 4.49709e-05 0.992411
4 0.000764965 0.0094783 -1.98266e-05 -4.97819e-12 2.62264e-08 -1.98266e-05 0.00944232 3.76267e-09 -2.28439e-11 6.95971e-12 -3.76267e-09 0.0094423 -4.48427e-07 2.63429e-08 -5.2847e-11 4.48426e-07 0.00940636 -0.00209179 -5.2522e-10 2.76699e-06 -0.00209179 0.996203 3.96977e-07 -2.41013e-09 7.34278e-10 -3.96977e-07 0.996201 -4.73109e-05 2.77928e-06 -5.57558e-09 4.73108e-05 0.99241
4.1 0.000784057 0.00947663 -2.08274e-05 -5.23123e-12 2.62216e-08 -2.08274e-05 0.00944064 3.76275e-09 -2.39949e-11 7.31113e-12 -3.76275e-09 0.00944062 -4.71087e-07 2.63382e-08 -5.55135e-11 4.71086e-07 0.00940469 -0.00219777 -5.52014e-10 2.76697e-06 -0.00219777 0.996203 3.97056e-07 -2.53201e-09 7.71491e-10 -3.97056e-07 0.996201 -4.97104e-05 2.77928e-06 -5.85794e-09 4.97103e-05 0.992409
4.2 0.000803147 0.00947491 -2.18527e-05 -5.49062e-12 2.62166e-08 -2.18527e-05 0.00943893 3.76283e-09 -2.51738e-11 7.67115e-12 -3.76283e-09 0.0094389 -4.94302e-07 2.63335e-08 -5.82449e-11 4.94301e-07 0.00940297 -0.00230638 -5.79491e-10 2.76695e-06 -0.00230637 0.996202 3.97136e-07 -2.65689e-09 8.09628e-10 -3.97136e-07 0.9962 -5.21696e-05 2.77929e-06 -6.14728e-09 5.21695e-05 0.992408
4.3 0.000822234 0.00947315 -2.29024e-05 -5.75636e-12 2.62115e-08 -2.29023e-05 0.00943717 3.76291e-09 -2.63805e-11 8.03974e-12 -3.76292e-09 0.00943714 -5.18072e-07 2.63286e-08 -6.10413e-11 5.18071e-07 0.00940122 -0.00241761 -6.0765e-10 2.76693e-06 -0.00241761 0.996202 3.97219e-07 -2.78477e-09 8.48687e-10 -3.97219e-07 0.996199 -5.46885e-05 2.77929e-06 -6.44361e-09 5.46884e-05 0.992407
4.4 0.000841318 0.00947135 -2.39764e-05 -6.02847e-12 2.62063e-08 -2.39764e-05 0.00943537 3.763e-09 -2.7615e-11 8.41691e-12 -3.763e-09 0.00943534 -5.42397e-07 2.63236e-08 -6.39024e-11 5.42396e-07 0.00939942 -0.00253147 -6.36495e-10 2.7669e-06 -0.00253146 0.996201 3.97303e-07 -2.91564e-09 8.8867e-10 -3.97304e-07 0.996198 -5.72671e-05 2.77929e-06 -6.74691e-09 5.72671e-05 0.992406
4.5 0.0008604 0.00946951 -2.50748e-05 -6.30695e-12 2.6201e-08 -2.50748e-05 0.00943353 3.76309e-09 -2.88773e-11 8.80264e-12 -3.76309e-09 0.0094335 -5.67277e-07 2.63185e-08 -6.68283e-11 5.67276e-07 0.00939758 -0.00264795 -6.66027e-10 2.76688e-06 -0.00264795 0.996201 3.9739e-07 -3.0495e-09 9.29577e-10 -3.9739e-07 0.996197 -5.99056e-05 2.77929e-06 -7.05721e-09 5.99055e-05 0.992405
4.6 0.00087948 0.00946763 -2.61975e-05 -6.59181e-12 2.61955e-08 -2.61975e-05 0.00943166 3.76318e-09 -3.01673e-11 9.19694e-12 -3.76318e-09 0.00943162 -5.9271e-07 2.63133e-08 -6.98188e-11 5.92709e-07 0.00939571 -0.00276707 -6.96247e-10 2.76685e-06 -0.00276706 0.9962 3.97478e-07 -3.18636e-09 9.71409e-10 -3.97478e-07 0.996196 -6.26039e-05 2.7793e-06 -7.37448e-09 6.26038e-05 0.992403
4.7 0.000898556 0.00946571 -2.73446e-05 -6.88306e-12 2.619e-08 -2.73446e-05 0.00942973 3.76327e-09 -3.14849e-11 9.59978e-12 -3.76327e-09 0.0094297 -6.18697e-07 2.6308e-08 -7.2874e-11 6.18697e-07 0.00939379 -0.00288881 -7.27157e-10 2.76683e-06 -0.0028888 0.9962 3.97569e-07 -3.32621e-09 1.01416e-09 -3.97569e-07 0.996196 -6.5362e-05 2.7793e-06 -7.69874e-09 6.53619e-05 0.992402
4.8 0.00091763 0.00946374 -2.85159e-05 -7.1807e-12 2.61843e-08 -2.85159e-05 0.00942777 3.76336e-09 -3.28302e-11 1.00112e-11 -3.76336e-09 0.00942773 -6.45238e-07 2.63026e-08 -7.59937e-11 6.45237e-07 0.00939183 -0.00301318 -7.58759e-10 2.7668e-06 -0.00301317 0.996199 3.97661e-07 -3.46905e-09 1.05784e-09 -3.97661e-07 0.996195 -6.818e-05 2.7793e-06 -8.02999e-09 6.81799e-05 0.992401
4.9 0.000936701 0.00946174 -2.97115e-05 -7.48474e-12 2.61785e-08 -2.97115e-05 0.00942577 3.76345e-09 -3.4203e-11 1.04311e-11 -3.76346e-09 0.00942573 -6.72332e-07 2.6297e-08 -7.91779e-11 6.72331e-07 0.00938983 -0.00314018 -7.91054e-10 2.76678e-06 -0.00314018 0.996199 3.97755e-07 -3.61488e-09 1.10245e-09 -3.97755e-07 0.996194 -7.10579e-05 2.7793e-06 -8.36822e-09 7.10579e-05 0.9924
5 0.00095577 0.00945969 -3.09314e-05 -7.7952e-12 2.61726e-08 -3.09314e-05 0.00942373 3.76355e-09 -3.56034e-11 1.08595e-11 -3.76355e-09 0.00942368 -6.99978e-07 2.62914e-08 -8.24265e-11 6.99977e-07 0.00938779 -0.00326981 -8.24044e-10 2.76675e-06 -0.00326981 0.996198 3.97851e-07 -3.76369e-09 1.14798e-09 -3.97851e-07 0.996193 -7.39959e-05 2.77931e-06 -8.71344e-09 7.39958e-05 0.992398
5.1 0.000974835 0.00945761 -3.21755e-05 -8.11208e-12 2.61666e-08 -3.21754e-05 0.00942165 3.76365e-09 -3.70313e-11 1.12965e-11 -3.76365e-09 0.00942159 -7.28177e-07 2.62856e-08 -8.57394e-11 7.28176e-07 0.0093857 -0.00340207 -8.5773e-10 2.76672e-06 -0.00340207 0.996197 3.97949e-07 -3.9155e-09 1.19444e-09 -3.9795e-07 0.996192 -7.69938e-05 2.77931e-06 -9.06565e-09 7.69937e-05 0.992397
5.2 0.000993897 0.00945548 -3.34437e-05 -8.43539e-12 2.61604e-08 -3.34437e-05 0.00941952 3.76375e-09 -3.84866e-11 1.1742e-11 -3.76375e-09 0.00941946 -7.56928e-07 2.62797e-08 -8.91165e-11 7.56927e-07 0.00938358 -0.00353697 -8.92116e-10 2.7667e-06 -0.00353696 0.996197 3.98049e-07 -4.07029e-09 1.24182e-09 -3.9805e-07 0.996191 -8.00517e-05 2.77931e-06 -9.42485e-09 8.00516e-05 0.992396
5.3 0.00101296 0.00945332 -3.47361e-05 -8.76514e-12 2.61542e-08 -3.47361e-05 0.00941736 3.76385e-09 -3.99692e-11 1.2196e-11 -3.76385e-09 0.00941729 -7.8623e-07 2.62737e-08 -9.25578e-11 7.86229e-07 0.00938142 -0.00367449 -9.27202e-10 2.76667e-06 -0.00367449 0.996196 3.98151e-07 -4.22807e-09 1.29013e-09 -3.98151e-07 0.996189 -8.31698e-05 2.77931e-06 -9.79104e-09 8.31697e-05 0.992394
5.4 0.00103201 0.00945111 -3.60527e-05 -9.10133e-12 2.61478e-08 -3.60527e-05 0.00941515 3.76395e-09 -4.14793e-11 1.26585e-11 -3.76395e-09 0.00941508 -8.16084e-07 2.62676e-08 -9.60631e-11 8.16083e-07 0.00937921 -0.00381465 -9.62991e-10 2.76664e-06 -0.00381465 0.996196 3.98255e-07 -4.38883e-09 1.33937e-09 -3.98255e-07 0.996188 -8.63479e-05 2.77932e-06 -1.01642e-08 8.63478e-05 0.992393
5.5 0.00105107 0.00944886 -3.73934e-05 -9.44398e-12 2.61413e-08 -3.73933e-05 0.00941291 3.76405e-09 -4.30166e-11 1.31295e-11 -3.76406e-09 0.00941283 -8.46488e-07 2.62614e-08 -9.96324e-11 8.46487e-07 0.00937696 -0.00395745 -9.99484e-10 2.76661e-06 -0.00395744 0.996195 3.98361e-07 -4.55257e-09 1.38953e-09 -3.98361e-07 0.996187 -8.95863e-05 2.77932e-06 -1.05444e-08 8.95862e-05 0.992391
5.6 0.00107012 0.00944657 -3.87581e-05 -9.7931e-12 2.61347e-08 -3.87581e-05 0.00941062 3.76416e-09 -4.45812e-11 1.36089e-11 -3.76416e-09 0.00941054 -8.77443e-07 2.62551e-08 -1.03266e-10 8.77442e-07 0.00937468 -0.00410288 -1.03668e-09 2.76658e-06 -0.00410287 0.996194 3.98468e-07 -4.71929e-09 1.44062e-09 -3.98469e-07 0.996186 -9.28848e-05 2.77932e-06 -1.09315e-08 9.28847e-05 0.992389
5.7 0.00108916 0.00944424 -4.01469e-05 -1.01487e-11 2.6128e-08 -4.01469e-05 0.00940829 3.76426e-09 -4.61729e-11 1.40969e-11 -3.76427e-09 0.00940821 -9.08948e-07 2.62486e-08 -1.06963e-10 9.08947e-07 0.00937235 -0.00425094 -1.07459e-09 2.76655e-06 -0.00425094 0.996194 3.98578e-07 -4.889e-09 1.49264e-09 -3.98578e-07 0.996184 -9.62436e-05 2.77932e-06 -1.13257e-08 9.62435e-05 0.992388
5.8 0.00110821 0.00944187 -4.15598e-05 -1.05108e-11 2.61211e-08 -4.15597e-05 0.00940593 3.76437e-09 -4.77918e-11 1.45933e-11 -3.76438e-09 0.00940583 -9.41002e-07 2.62421e-08 -1.10723e-10 9.41001e-07 0.00936998 -0.00440165 -1.11321e-09 2.76652e-06 -0.00440164 0.996193 3.98689e-07 -5.06168e-09 1.54559e-09 -3.9869e-07 0.996183 -9.96627e-05 2.77933e-06 -1.17269e-08 9.96626e-05 0.992386
5.9 0.00112725 0.00943946 -4.29966e-05 -1.08794e-11 2.61141e-08 -4.29966e-05 0.00940352 3.76448e-09 -4.94377e-11 1.50981e-11 -3.76449e-09 0.00940342 -9.73606e-07 2.62354e-08 -1.14548e-10 9.73605e-07 0.00936757 -0.00455499 -1.15254e-09 2.76649e-06 -0.00455498 0.996192 3.98803e-07 -5.23735e-09 1.59947e-09 -3.98803e-07 0.996182 -0.000103142 2.77933e-06 -1.2135e-08 0.000103142 0.992384
6 0.00172656 0.00943701 -4.44574e-05 -1.12544e-11 2.6107e-08 -4.44574e-05 0.00940107 3.76459e-09 -5.11107e-11 1.56114e-11 -3.7646e-09 0.00940096 -1.00676e-06 2.62286e-08 -1.18436e-10 1.00676e-06 0.00936512 -0.00471096 -1.19259e-09 2.76645e-06 -0.00471096 0.996191 3.98918e-07 -5.41598e-09 1.65427e-09 -3.98919e-07 0.99618 -0.000106682 2.77933e-06 -1.25501e-08 0.000106682 0.992382
6.2 0.00236869 0.00943199 -4.74508e-05 -1.20242e-11 2.60925e-08 -4.74508e-05 0.00939605 3.76482e-09 -5.45375e-11 1.66633e-11 -3.76483e-09 0.00939593 -1.07471e-06 2.62147e-08 -1.26402e-10 1.07471e-06 0.0093601 -0.00503084 -1.27483e-09 2.76639e-06 -0.00503084 0.99619 3.99155e-07 -5.78218e-09 1.76668e-09 -3.99155e-07 0.996177 -0.000113943 2.77934e-06 -1.34014e-08 0.000113943 0.992379
6.4 0.00244479 0.0094268 -5.05397e-05 -1.282e-11 2.60775e-08 -5.05397e-05 0.00939087 3.76505e-09 -5.80717e-11 1.77488e-11 -3.76506e-09 0.00939074 -1.14485e-06 2.62004e-08 -1.34621e-10 1.14485e-06 0.00935492 -0.00536128 -1.35996e-09 2.76632e-06 -0.00536128 0.996188 3.99399e-07 -6.16027e-09 1.8828e-09 -3.994e-07 0.996174 -0.000121446 2.77935e-06 -1.42807e-08 0.000121446 0.992375
6.6 0.00252085 0.00942146 -5.37239e-05 -1.36422e-11 2.60621e-08 -5.37239e-05 0.00938553 3.76529e-09 -6.17128e-11 1.88679e-11 -3.7653e-09 0.00938538 -1.21717e-06 2.61856e-08 -1.43093e-10 1.21717e-06 0.00934957 -0.00570229 -1.44799e-09 2.76625e-06 -0.00570229 0.996187 3.99651e-07 -6.55024e-09 2.00265e-09 -3.99652e-07 0.996171 -0.000129191 2.77935e-06 -1.5188e-08 0.000129191 0.99237
6.8 0.00259689 0.00941595 -5.70031e-05 -1.44906e-11 2.60462e-08 -5.7003e-05 0.00938003 3.76553e-09 -6.54604e-11 2.00205e-11 -3.76554e-09 0.00937986 -1.29168e-06 2.61703e-08 -1.51816e-10 1.29168e-06 0.00934407 -0.00605389 -1.53894e-09 2.76618e-06 -0.00605388 0.996185 3.9991e-07 -6.95208e-09 2.12623e-09 -3.99911e-07 0.996167 -0.00013718 2.77936e-06 -1.61232e-08 0.00013718 0.992366
7 0.00267289 0.00941028 -6.0377e-05 -1.53654e-11 2.60298e-08 -6.03769e-05 0.00937437 3.76578e-09 -6.93139e-11 2.12065e-11 -3.76579e-09 0.00937418 -1.36837e-06 2.61546e-08 -1.60789e-10 1.36836e-06 0.0093384 -0.00641607 -1.63284e-09 2.7661e-06 -0.00641606 0.996184 4.00177e-07 -7.36576e-09 2.25355e-09 -4.00179e-07 0.996163 -0.000145412 2.77937e-06 -1.70866e-08 0.000145412 0.992361
7.2 0.00274886 0.00940446 -6.38454e-05 -1.62668e-11 2.6013e-08 -6.38453e-05 0.00936855 3.76603e-09 -7.32729e-11 2.24258e-11 -3.76605e-09 0.00936833 -1.44723e-06 2.61385e-08 -1.70013e-10 1.44722e-06 0.00933257 -0.00678884 -1.72969e-09 2.76603e-06 -0.00678884 0.996182 4.00452e-07 -7.7913e-09 2.3846e-09 -4.00453e-07 0.996159 -0.000153887 2.77937e-06 -1.80779e-08 0.000153887 0.992356
7.4 0.0028248 0.00939847 -6.74079e-05 -1.71948e-11 2.59957e-08 -6.74078e-05 0.00936257 3.76629e-09 -7.73368e-11 2.36784e-11 -3.76631e-09 0.00936233 -1.52826e-06 2.61219e-08 -1.79485e-10 1.52825e-06 0.00932658 -0.00717222 -1.82953e-09 2.76595e-06 -0.00717221 0.99618 4.00734e-07 -8.22866e-09 2.51939e-09 -4.00736e-07 0.996154 -0.000162607 2.77938e-06 -1.90973e-08 0.000162607 0.992351
7.6 0.00290071 0.00939232 -7.10643e-05 -1.81494e-11 2.59779e-08 -7.10642e-05 0.00935643 3.76655e-09 -8.1505e-11 2.49641e-11 -3.76657e-09 0.00935616 -1.61145e-06 2.61049e-08 -1.89205e-10 1.61145e-06 0.00932043 -0.00756621 -1.93237e-09 2.76587e-06 -0.0075662 0.996178 4.01024e-07 -8.67784e-09 2.65793e-09 -4.01026e-07 0.99615 -0.000171571 2.77939e-06 -2.01447e-08 0.000171571 0.992345
7.8 0.00297657 0.00938602 -7.48143e-05 -1.91309e-11 2.59597e-08 -7.48142e-05 0.00935013 3.76682e-09 -8.57771e-11 2.62829e-11 -3.76684e-09 0.00934983 -1.69681e-06 2.60875e-08 -1.99173e-10 1.69681e-06 0.00931411 -0.00797082 -2.03823e-09 2.76578e-06 -0.00797082 0.996176 4.01322e-07 -9.13882e-09 2.80022e-09 -4.01324e-07 0.996145 -0.000180781 2.7794e-06 -2.12201e-08 0.00018078 0.992339
8 0.00305241 0.00937955 -7.86576e-05 -2.01393e-11 2.5941e-08 -7.86575e-05 0.00934367 3.76709e-09 -9.01524e-11 2.76346e-11 -3.76711e-09 0.00934334 -1.78433e-06 2.60696e-08 -2.09386e-10 1.78432e-06 0.00930764 -0.00838607 -2.14715e-09 2.7657e-06 -0.00838606 0.996175 4.01627e-07 -9.61159e-09 2.94626e-09 -4.0163e-07 0.996139 -0.000190236 2.7794e-06 -2.23237e-08 0.000190235 0.992333
8.2 0.0031282 0.00937293 -8.25938e-05 -2.11747e-11 2.59219e-08 -8.25937e-05 0.00933706 3.76736e-09 -9.46304e-11 2.90192e-11 -3.76738e-09 0.00933669 -1.87399e-06 2.60512e-08 -2.19845e-10 1.87399e-06 0.00930101 -0.00881195 -2.25913e-09 2.76561e-06 -0.00881194 0.996173 4.0194e-07 -1.00961e-08 3.09606e-09 -4.01943e-07 0.996134 -0.000199937 2.77941e-06 -2.34553e-08 0.000199936 0.992326
8.4 0.00320396 0.00936615 -8.66227e-05 -2.22372e-11 2.59023e-08 -8.66226e-05 0.00933029 3.76763e-09 -9.92105e-11 3.04365e-11 -3.76766e-09 0.00932988 -1.96581e-06 2.60325e-08 -2.30548e-10 1.96581e-06 0.00929421 -0.00924848 -2.3742e-09 2.76552e-06 -0.00924847 0.996171 4.02261e-07 -1.05924e-08 3.24962e-09 -4.02263e-07 0.996128 -0.000209884 2.77942e-06 -2.4615e-08 0.000209884 0.992319
8.6 0.00327968 0.00935922 -9.07439e-05 -2.33269e-11 2.58823e-08 -9.07438e-05 0.00932336 3.76791e-09 -1.03892e-10 3.18864e-11 -3.76794e-09 0.00932291 -2.05977e-06 2.60133e-08 -2.41494e-10 2.05977e-06 0.00928726 -0.00969567 -2.4924e-09 2.76543e-06 -0.00969566 0.996169 4.02589e-07 -1.11005e-08 3.40695e-09 -4.02592e-07 0.996121 -0.000220079 2.77943e-06 -2.58028e-08 0.000220079 0.992312
8.8 0.00335535 0.00935212 -9.4957e-05 -2.44439e-11 2.58618e-08 -9.49569e-05 0.00931627 3.7682e-09 -1.08674e-10 3.33689e-11 -3.76823e-09 0.00931579 -2.15586e-06 2.59936e-08 -2.52682e-10 2.15586e-06 0.00928015 -0.0101535 -2.61373e-09 2.76534e-06 -0.0101535 0.996166 4.02924e-07 -1.16203e-08 3.56806e-09 -4.02928e-07 0.996115 -0.000230521 2.77944e-06 -2.70186e-08 0.000230521 0.992304
9 0.00343099 0.00934487 -9.92618e-05 -2.55884e-11 2.58408e-08 -9.92617e-05 0.00930903 3.76848e-09 -1.13557e-10 3.48838e-11 -3.76852e-09 0.0093085 -2.25409e-06 2.59736e-08 -2.64111e-10 2.25409e-06 0.00927288 -0.0106221 -2.73823e-09 2.76524e-06 -0.0106221 0.996164 4.03267e-07 -1.21518e-08 3.73294e-09 -4.03271e-07 0.996108 -0.000241212 2.77945e-06 -2.82626e-08 0.000241212 0.992296
9.2 0.00350659 0.00933746 -0.000103658 -2.67605e-11 2.58194e-08 -0.000103658 0.00930163 3.76877e-09 -1.18539e-10 3.64311e-11 -3.76881e-09 0.00930105 -2.35445e-06 2.59531e-08 -2.7578e-10 2.35445e-06 0.00926545 -0.0111013 -2.86593e-09 2.76514e-06 -0.0111013 0.996162 4.03618e-07 -1.2695e-08 3.9016e-09 -4.03622e-07 0.9961 -0.000252151 2.77945e-06 -2.95347e-08 0.000252151 0.992287
9.4 0.00358214 0.0093299 -0.000108145 -2.79603e-11 2.57976e-08 -0.000108145 0.00929407 3.76906e-09 -1.2362e-10 3.80105e-11 -3.7691e-09 0.00929344 -2.45693e-06 2.59321e-08 -2.87687e-10 2.45693e-06 0.00925786 -0.0115912 -2.99684e-09 2.76504e-06 -0.0115912 0.99616 4.03976e-07 -1.32499e-08 4.07405e-09 -4.03981e-07 0.996092 -0.00026334 2.77946e-06 -3.0835e-08 0.000263339 0.992278
9.6 0.00365765 0.00932218 -0.000112722 -2.91878e-11 2.57753e-08 -0.000112722 0.00928636 3.76935e-09 -1.288e-10 3.9622e-11 -3.76939e-09 0.00928568 -2.56153e-06 2.59107e-08 -2.99833e-10 2.56153e-06 0.00925011 -0.0120918 -3.131e-09 2.76494e-06 -0.0120918 0.996157 4.04342e-07 -1.38165e-08 4.25029e-09 -4.04347e-07 0.996084 -0.000274778 2.77947e-06 -3.21634e-08 0.000274778 0.992269
9.8 0.00373311 0.00931431 -0.00011739 -3.04433e-11 2.57526e-08 -0.00011739 0.0092785 3.76965e-09 -1.34077e-10 4.12655e-11 -3.76969e-09 0.00927776 -2.66824e-06 2.58889e-08 -3.12215e-10 2.66824e-06 0.00924221 -0.0126032 -3.26844e-09 2.76484e-06 -0.0126032 0.996155 4.04715e-07 -1.43947e-08 4.43034e-09 -4.0472e-07 0.996075 -0.000286467 2.77948e-06 -3.35199e-08 0.000286467 0.992259
10 0.00380853 0.00930629 -0.000122148 -3.17268e-11 2.57294e-08 -0.000122148 0.00927048 3.76994e-09 -1.39451e-10 4.29409e-11 -3.76999e-09 0.00926968 -2.77706e-06 2.58667e-08 -3.24832e-10 2.77706e-06 0.00923415 -0.0131253 -3.40918e-09 2.76473e-06 -0.0131253 0.996153 4.05096e-07 -1.49846e-08 4.61418e-09 -4.05102e-07 0.996066 -0.000298407 2.77949e-06 -3.49046e-08 0.000298406 0.992248
10.2 0.0038839 0.0092981 -0.000126995 -3.30384e-11 2.57058e-08 -0.000126995 0.00926231 3.77024e-09 -1.44921e-10 4.46479e-11 -3.77029e-09 0.00926144 -2.88798e-06 2.58441e-08 -3.37683e-10 2.88797e-06 0.00922593 -0.0136581 -3.55324e-09 2.76462e-06 -0.0136581 0.99615 4.05484e-07 -1.5586e-08 4.80183e-09 -4.0549e-07 0.996057 -0.000310598 2.7795e-06 -3.63174e-08 0.000310598 0.992238
10.4 0.00395923 0.00928977 -0.000131931 -3.43784e-11 2.56817e-08 -0.000131931 0.00925398 3.77053e-09 -1.50486e-10 4.63866e-11 -3.77059e-09 0.00925304 -3.00099e-06 2.5821e-08 -3.50768e-10 3.00098e-06 0.00921755 -0.0142017 -3.70067e-09 2.76451e-06 -0.0142017 0.996148 4.0588e-07 -1.61991e-08 4.9933e-09 -4.05886e-07 0.996047 -0.000323042 2.77951e-06 -3.77585e-08 0.000323042 0.992226
10.6 0.0040345 0.00928128 -0.000136955 -3.57468e-11 2.56572e-08 -0.000136955 0.00924551 3.77083e-09 -1.56146e-10 4.81567e-11 -3.77089e-09 0.00924449 -3.11609e-06 2.57975e-08 -3.64084e-10 3.11609e-06 0.00920902 -0.0147561 -3.85149e-09 2.7644e-06 -0.0147561 0.996145 4.06283e-07 -1.68238e-08 5.18859e-09 -4.0629e-07 0.996036 -0.000335739 2.77952e-06 -3.92277e-08 0.000335739 0.992214
10.8 0.00410973 0.00927265 -0.000142068 -3.71437e-11 2.56322e-08 -0.000142068 0.00923688 3.77113e-09 -1.619e-10 4.99582e-11 -3.7712e-09 0.00923578 -3.23327e-06 2.57736e-08 -3.7763e-10 3.23327e-06 0.00920034 -0.0153212 -4.00573e-09 2.76428e-06 -0.0153212 0.996143 4.06694e-07 -1.746e-08 5.3877e-09 -4.06701e-07 0.996025 -0.000348689 2.77953e-06 -4.07251e-08 0.000348689 0.992202
11 0.00418491 0.00926385 -0.000147269 -3.85693e-11 2.56068e-08 -0.000147269 0.0092281 3.77143e-09 -1.67748e-10 5.17909e-11 -3.7715e-09 0.00922692 -3.35253e-06 2.57492e-08 -3.91405e-10 3.35253e-06 0.00919149 -0.0158971 -4.16342e-09 2.76417e-06 -0.0158971 0.99614 4.07112e-07 -1.81078e-08 5.59064e-09 -4.0712e-07 0.996013 -0.000361894 2.77953e-06 -4.22508e-08 0.000361894 0.992189
11.2 0.00426003 0.00925491 -0.000152557 -4.00237e-11 2.5581e-08 -0.000152557 0.00921916 3.77173e-09 -1.73688e-10 5.36547e-11 -3.7718e-09 0.0092179 -3.47386e-06 2.57244e-08 -4.05408e-10 3.47386e-06 0.0091825 -0.0164839 -4.32459e-09 2.76405e-06 -0.0164838 0.996137 4.07538e-07 -1.87671e-08 5.79742e-09 -4.07546e-07 0.996001 -0.000375354 2.77954e-06 -4.38046e-08 0.000375353 0.992175
11.4 0.00433511 0.00924582 -0.000157932 -4.15071e-11 2.55548e-08 -0.000157932 0.00921008 3.77202e-09 -1.79719e-10 5.55493e-11 -3.7721e-09 0.00920873 -3.59726e-06 2.56993e-08 -4.19638e-10 3.59726e-06 0.00917334 -0.0170814 -4.48928e-09 2.76393e-06 -0.0170814 0.996135 4.07971e-07 -1.94379e-08 6.00805e-09 -4.07979e-07 0.995988 -0.000389069 2.77955e-06 -4.53867e-08 0.000389068 0.992161
11.6 0.00441013 0.00923658 -0.000163393 -4.30196e-11 2.55281e-08 -0.000163393 0.00920085 3.77232e-09 -1.85842e-10 5.74748e-11 -3.7724e-09 0.0091994 -3.72271e-06 2.56736e-08 -4.34092e-10 3.72271e-06 0.00916403 -0.0176898 -4.65752e-09 2.7638e-06 -0.0176898 0.996132 4.08411e-07 -2.01202e-08 6.22252e-09 -4.0842e-07 0.995975 -0.00040304 2.77956e-06 -4.69971e-08 0.00040304 0.992146
11.8 0.0044851 0.00922719 -0.000168941 -4.45612e-11 2.5501e-08 -0.000168941 0.00919147 3.77261e-09 -1.92055e-10 5.9431e-11 -3.7727e-09 0.00918991 -3.85022e-06 2.56476e-08 -4.4877e-10 3.85021e-06 0.00915457 -0.018309 -4.82934e-09 2.76368e-06 -0.018309 0.996129 4.08859e-07 -2.0814e-08 6.44086e-09 -4.08868e-07 0.995961 -0.000417269 2.77957e-06 -4.86357e-08 0.000417268 0.992131
12 0.0139046 0.00921764 -0.000174574 -4.61322e-11 2.54734e-08 -0.000174574 0.00918194 3.77291e-09 -1.98357e-10 6.14176e-11 -3.773e-09 0.00918027 -3.97977e-06 2.56212e-08 -4.63671e-10 3.97976e-06 0.00914496 -0.0189391 -5.00477e-09 2.76355e-06 -0.0189391 0.996126 4.09314e-07 -2.15192e-08 6.66305e-09 -4.09324e-07 0.995946 -0.000431755 2.77958e-06 -5.03025e-08 0.000431755 0.992114
13 0.0246683 0.00916772 -0.000204008 -5.44326e-11 2.53293e-08 -0.000204008 0.00913207 3.77434e-09 -2.31178e-10 7.18033e-11 -3.77447e-09 0.00912979 -4.65794e-06 2.54829e-08 -5.41455e-10 4.65793e-06 0.00909459 -0.0222528 -5.93741e-09 2.76288e-06 -0.0222528 0.996111 4.11699e-07 -2.52165e-08 7.83218e-09 -4.11713e-07 0.995862 -0.00050808 2.77963e-06 -5.9061e-08 0.000508079 0.992023
14 0.0265294 0.00911417 -0.000235511 -6.34882e-11 2.51747e-08 -0.000235511 0.00907857 3.77569e-09 -2.66105e-10 8.29288e-11 -3.77585e-09 0.00907551 -5.38616e-06 2.53344e-08 -6.24572e-10 5.38615e-06 0.00904045 -0.0258401 -6.96588e-09 2.76215e-06 -0.0258401 0.996094 4.14266e-07 -2.91969e-08 9.09889e-09 -4.14284e-07 0.995759 -0.000590966 2.77967e-06 -6.85276e-08 0.000590965 0.991911
15 0.0283823 0.00905705 -0.00026902 -7.33175e-11 2.50099e-08 -0.00026902 0.00902152 3.77691e-09 -3.03028e-10 9.47737e-11 -3.77711e-09 0.0090175 -6.16349e-06 2.5176e-08 -7.12821e-10 6.16348e-06 0.00898258 -0.0297028 -8.09507e-09 2.76138e-06 -0.0297028 0.996076 4.17013e-07 -3.34577e-08 1.04641e-08 -4.17035e-07 0.995633 -0.000680518 2.77972e-06 -7.87034e-08 0.000680517 0.991777
16 0.0302266 0.00899647 -0.000304467 -8.39394e-11 2.48351e-08 -0.000304467 0.008961 3.77796e-09 -3.41829e-10 1.07316e-10 -3.77819e-09 0.00895582 -6.9889e-06 2.5008e-08 -8.05988e-10 6.98889e-06 0.00892104 -0.033843 -9.33026e-09 2.76054e-06 -0.033843 0.996057 4.19938e-07 -3.79959e-08 1.19287e-08 -4.19964e-07 0.995482 -0.000776849 2.77976e-06 -8.95894e-08 0.000776848 0.991616
17 0.0320617 0.0089325 -0.000341783 -9.53731e-11 2.46506e-08 -0.000341782 0.0088971 3.77878e-09 -3.82387e-10 1.20533e-10 -3.77906e-09 0.00889053 -7.86132e-06 2.48305e-08 -9.03849e-10 7.86131e-06 0.00885591 -0.0382628 -1.06771e-08 2.75965e-06 -0.0382628 0.996037 4.23037e-07 -4.28085e-08 1.34938e-08 -4.23068e-07 0.995301 -0.000880081 2.77979e-06 -1.01187e-07 0.00088008 0.991425
18 0.0338871 0.00886525 -0.000380891 -1.07638e-10 2.44566e-08 -0.00038089 0.00882992 3.77933e-09 -4.24575e-10 1.344e-10 -3.77965e-09 0.00882169 -8.77962e-06 2.46437e-08 -1.00617e-09 8.77961e-06 0.00878724 -0.0429645 -1.21415e-08 2.7587e-06 -0.0429644 0.996015 4.26309e-07 -4.78921e-08 1.51603e-08 -4.26345e-07 0.995087 -0.000990341 2.77981e-06 -1.13496e-07 0.00099034 0.991201
19 0.0357021 0.0087948 -0.000421714 -1.20752e-10 2.42534e-08 -0.000421714 0.00875955 3.77957e-09 -4.68265e-10 1.48892e-10 -3.77993e-09 0.00874939 -9.74259e-06 2.4448e-08 -1.11269e-09 9.74258e-06 0.00871511 -0.0479504 -1.373e-08 2.7577e-06 -0.0479503 0.995992 4.29751e-07 -5.32434e-08 1.69295e-08 -4.29791e-07 0.994836 -0.00110777 2.77982e-06 -1.26517e-07 0.00110777 0.990939
20 0.0375062 0.00872127 -0.000464172 -1.34736e-10 2.40413e-08 -0.000464172 0.0086861 3.77944e-09 -5.13323e-10 1.63981e-10 -3.77982e-09 0.00867368 -1.0749e-05 2.42436e-08 -1.22316e-09 1.0749e-05 0.00863959 -0.053223 -1.54491e-08 2.75663e-06 -0.0532229 0.995967 4.33359e-07 -5.88587e-08 1.88025e-08 -4.33403e-07 0.994543 -0.0012325 2.77982e-06 -1.4025e-07 0.0012325 0.990634
21 0.0392989 0.00864476 -0.000508181 -1.49606e-10 2.38207e-08 -0.00050818 0.00860967 3.77888e-09 -5.59613e-10 1.79641e-10 -3.77929e-09 0.00859465 -1.17975e-05 2.40307e-08 -1.33731e-09 1.17975e-05 0.00856075 -0.0587848 -1.7306e-08 2.75551e-06 -0.0587848 0.995941 4.3713e-07 -6.47344e-08 2.07804e-08 -4.37177e-07 0.994204 -0.0013647 2.7798e-06 -1.54696e-07 0.0013647 0.990283
22 0.0410797 0.00856537 -0.000553654 -1.65381e-10 2.35917e-08 -0.000553653 0.00853037 3.77786e-09 -6.06999e-10 1.95842e-10 -3.77827e-09 0.00851238 -1.28868e-05 2.38097e-08 -1.45485e-09 1.28867e-05 0.00847868 -0.0646386 -1.93081e-08 2.75431e-06 -0.0646385 0.995914 4.41062e-07 -7.08666e-08 2.28644e-08 -4.41109e-07 0.993813 -0.00150452 2.77976e-06 -1.69853e-07 0.00150452 0.989879
23 0.0428479 0.00848323 -0.000600502 -1.82077e-10 2.33548e-08 -0.000600501 0.00844832 3.77631e-09 -6.55342e-10 2.12555e-10 -3.7767e-09 0.00842694 -1.40153e-05 2.35808e-08 -1.57551e-09 1.40153e-05 0.00839346 -0.0707869 -2.14631e-08 2.75305e-06 -0.0707869 0.995885 4.45149e-07 -7.72514e-08 2.50559e-08 -4.45196e-07 0.993365 -0.00165212 2.7797e-06 -1.8572e-07 0.00165212 0.989418
24 0.0446031 0.00839845 -0.000648635 -1.99708e-10 2.31102e-08 -0.000648634 0.00836363 3.77418e-09 -7.04501e-10 2.2975e-10 -3.77452e-09 0.00833843 -1.51818e-05 2.33443e-08 -1.69897e-09 1.51818e-05 0.00830517 -0.0772327 -2.37792e-08 2.75172e-06 -0.0772326 0.995855 4.4939e-07 -8.38846e-08 2.73562e-08 -4.49431e-07 0.992854 -0.00180769 2.7796e-06 -2.02296e-07 0.00180769 0.988893
25 0.0463447 0.00831114 -0.000697959 -2.1829e-10 2.28583e-08 -0.000697958 0.00827643 3.77143e-09 -7.54336e-10 2.47393e-10 -3.77168e-09 0.00824693 -1.63846e-05 2.31006e-08 -1.82494e-09 1.63846e-05 0.00821389 -0.0839787 -2.62648e-08 2.75031e-06 -0.0839786 0.995823 4.53779e-07 -9.0762e-08 2.97665e-08 -4.5381e-07 0.992274 -0.00197141 2.77947e-06 -2.19578e-07 0.0019714 0.988299
26 0.0480722 0.00822144 -0.000748379 -2.37835e-10 2.25993e-08 -0.000748378 0.00818682 3.76799e-09 -8.04707e-10 2.65455e-10 -3.76812e-09 0.00815253 -1.76222e-05 2.28498e-08 -1.9531e-09 1.76222e-05 0.00811973 -0.0910278 -2.89286e-08 2.74883e-06 -0.0910277 0.99579 4.58313e-07 -9.78791e-08 3.22881e-08 -4.58329e-07 0.991618 -0.00214345 2.7793e-06 -2.37562e-07 0.00214345 0.987629
27 0.049785 0.00812945 -0.000799799 -2.58352e-10 2.23337e-08 -0.000799798 0.00809494 3.76383e-09 -8.55474e-10 2.83901e-10 -3.76377e-09 0.00805532 -1.88931e-05 2.25924e-08 -2.08313e-09 1.8893e-05 0.00802276 -0.0983829 -3.17798e-08 2.74725e-06 -0.0983828 0.995755 4.62987e-07 -1.05231e-07 3.49225e-08 -4.6298e-07 0.99088 -0.00232403 2.77908e-06 -2.56245e-07 0.00232402 0.986876
28 0.0514827 0.00803532 -0.000852121 -2.79851e-10 2.20617e-08 -0.00085212 0.00800092 3.7589e-09 -9.06498e-10 3.02697e-10 -3.75858e-09 0.00795539 -2.01954e-05 2.23286e-08 -2.21472e-09 2.01954e-05 0.00792309 -0.106047 -3.48276e-08 2.74559e-06 -0.106047 0.995719 4.67797e-07 -1.12814e-07 3.76709e-08 -4.67758e-07 0.990053 -0.00251333 2.7788e-06 -2.75623e-07 0.00251333 0.986033
29 0.0531646 0.00793916 -0.000905246 -3.02338e-10 2.17837e-08 -0.000905245 0.00790487 3.75314e-09 -9.57641e-10 3.21811e-10 -3.75249e-09 0.00785284 -2.15277e-05 2.20587e-08 -2.34752e-09 2.15276e-05 0.00782081 -0.114023 -3.80818e-08 2.74383e-06 -0.114023 0.995681 4.72737e-07 -1.20622e-07 4.05347e-08 -4.72656e-07 0.989127 -0.00271158 2.77846e-06 -2.95688e-07 0.00271157 0.985092
30 0.0548304 0.00784112 -0.000959075 -3.25817e-10 2.15e-08 -0.000959074 0.00780694 3.74651e-09 -1.00877e-09 3.41208e-10 -3.74543e-09 0.00774777 -2.2888e-05 2.1783e-08 -2.4812e-09 2.2888e-05 0.00771601 -0.122314 -4.15524e-08 2.74196e-06 -0.122313 0.995641 4.77804e-07 -1.28651e-07 4.35152e-08 -4.77666e-07 0.988096 -0.00291898 2.77805e-06 -3.16435e-07 0.00291897 0.984045
31 0.0564795 0.00774131 -0.00101351 -3.50289e-10 2.1211e-08 -0.00101351 0.00770724 3.73898e-09 -1.05974e-09 3.60852e-10 -3.73736e-09 0.00764028 -2.42748e-05 2.15019e-08 -2.61544e-09 2.42748e-05 0.00760879 -0.130922 -4.52494e-08 2.73998e-06 -0.130922 0.9956 4.8299e-07 -1.36895e-07 4.66138e-08 -4.82781e-07 0.98695 -0.00313575 2.77756e-06 -3.37855e-07 0.00313575 0.982883
32 0.0581114 0.00763986 -0.00106844 -3.75753e-10 2.0917e-08 -0.00106844 0.00760592 3.73048e-09 -1.11044e-09 3.80708e-10 -3.7282e-09 0.00753046 -2.56862e-05 2.12157e-08 -2.74988e-09 2.56861e-05 0.00749926 -0.139851 -4.91832e-08 2.73788e-06 -0.139851 0.995557 4.88292e-07 -1.45348e-07 4.98318e-08 -4.87994e-07 0.985681 -0.00336212 2.77697e-06 -3.59938e-07 0.00336212 0.981597
33 0.0597256 0.00753692 -0.00112378 -4.02205e-10 2.06183e-08 -0.00112378 0.0075031 3.721e-09 -1.16072e-09 4.00742e-10 -3.71792e-09 0.00741843 -2.71203e-05 2.09246e-08 -2.88419e-09 2.71203e-05 0.00738752 -0.149103 -5.33647e-08 2.73564e-06 -0.149103 0.995513 4.93703e-07 -1.54005e-07 5.31705e-08 -4.93293e-07 0.984278 -0.00359833 2.77628e-06 -3.82675e-07 0.00359832 0.980177
34 0.0613216 0.00743262 -0.00117941 -4.29638e-10 2.03152e-08 -0.00117941 0.00739892 3.71049e-09 -1.21047e-09 4.20917e-10 -3.70644e-09 0.00730427 -2.85754e-05 2.06289e-08 -3.01802e-09 2.85754e-05 0.00727366 -0.158681 -5.78044e-08 2.73325e-06 -0.15868 0.995467 4.99218e-07 -1.62859e-07 5.66311e-08 -4.98672e-07 0.982732 -0.0038446 2.77546e-06 -4.06051e-07 0.00384459 0.978614
35 0.0628989 0.00732708 -0.00123525 -4.58041e-10 2.00081e-08 -0.00123525 0.00729351 3.69893e-09 -1.25956e-09 4.41199e-10 -3.69372e-09 0.00718809 -3.00496e-05 2.03291e-08 -3.15104e-09 3.00496e-05 0.0071578 -0.168587 -6.25135e-08 2.73071e-06 -0.168587 0.995419 5.04829e-07 -1.71905e-07 6.02148e-08 -5.04119e-07 0.981031 -0.00410117 2.77451e-06 -4.30055e-07 0.00410117 0.976896
36 0.064457 0.00722044 -0.00129118 -4.87401e-10 1.96974e-08 -0.00129118 0.00718701 3.68627e-09 -1.30787e-09 4.6155e-10 -3.67971e-09 0.00707001 -3.1541e-05 2.00253e-08 -3.28291e-09 3.1541e-05 0.00704003 -0.178823 -6.7503e-08 2.728e-06 -0.178823 0.995369 5.10532e-07 -1.81135e-07 6.39227e-08 -5.09624e-07 0.979165 -0.00436829 2.77342e-06 -4.54669e-07 0.00436829 0.975013
37 0.0659956 0.00711284 -0.00134712 -5.17701e-10 1.93832e-08 -0.00134712 0.00707953 3.6725e-09 -1.35529e-09 4.81937e-10 -3.66435e-09 0.00695011 -3.30476e-05 1.97179e-08 -3.41328e-09 3.30476e-05 0.00692046 -0.189393 -7.2784e-08 2.7251e-06 -0.189393 0.995318 5.16319e-07 -1.90541e-07 6.7756e-08 -5.15175e-07 0.977122 -0.0046462 2.77215e-06 -4.79876e-07 0.00464619 0.972953
38 0.067514 0.0070044 -0.00140296 -5.4892e-10 1.9066e-08 -0.00140296 0.00697123 3.65758e-09 -1.40169e-09 5.02325e-10 -3.64761e-09 0.00682852 -3.45676e-05 1.94071e-08 -3.54182e-09 3.45676e-05 0.00679919 -0.200297 -7.83679e-08 2.722e-06 -0.200297 0.995264 5.22184e-07 -2.00116e-07 7.17156e-08 -5.2076e-07 0.97489 -0.00493513 2.7707e-06 -5.05656e-07 0.00493513 0.970703
39 0.0690118 0.00689526 -0.0014586 -5.81034e-10 1.8746e-08 -0.0014586 0.00686222 3.64151e-09 -1.44698e-09 5.22677e-10 -3.62944e-09 0.00670533 -3.6099e-05 1.90932e-08 -3.6682e-09 3.6099e-05 0.00667634 -0.211537 -8.42657e-08 2.71868e-06 -0.211537 0.995209 5.28119e-07 -2.09852e-07 7.58024e-08 -5.26367e-07 0.972455 -0.00523534 2.76904e-06 -5.31989e-07 0.00523534 0.968251
40 0.10628 0.00678554 -0.00151396 -6.14015e-10 1.84235e-08 -0.00151395 0.00675264 3.62427e-09 -1.49105e-09 5.42961e-10 -3.60979e-09 0.00658064 -3.76399e-05 1.87766e-08 -3.79209e-09 3.76398e-05 0.006552 -0.223115 -9.04888e-08 2.71511e-06 -0.223115 0.995152 5.34117e-07 -2.1974e-07 8.00174e-08 -5.31982e-07 0.969804 -0.00554707 2.76715e-06 -5.58849e-07 0.00554707 0.965583
42 0.146749 0.00656489 -0.00162341 -6.82453e-10 1.77725e-08 -0.00162341 0.00653228 3.58622e-09 -1.57512e-09 5.83186e-10 -3.56591e-09 0.00632722 -4.07421e-05 1.8136e-08 -4.03114e-09 4.0742e-05 0.00629929 -0.247287 -1.03955e-07 2.7072e-06 -0.247287 0.995032 5.46272e-07 -2.3993e-07 8.8834e-08 -5.43179e-07 0.963797 -0.00620605 2.76258e-06 -6.14044e-07 0.00620604 0.959541
44 0.152348 0.00634348 -0.0017306 -7.53937e-10 1.71151e-08 -0.00173059 0.00631116 3.54338e-09 -1.65311e-09 6.22736e-10 -3.51571e-09 0.0060691 -4.38584e-05 1.74875e-08 -4.25647e-09 4.38584e-05 0.0060419 -0.272815 -1.18852e-07 2.69806e-06 -0.272815 0.994904 5.58587e-07 -2.606e-07 9.81694e-08 -5.54225e-07 0.956747 -0.00691394 2.75677e-06 -6.71e-07 0.00691393 0.952459
46 0.157761 0.00612227 -0.00183481 -8.28119e-10 1.64536e-08 -0.0018348 0.00609024 3.49578e-09 -1.72432e-09 6.61359e-10 -3.45898e-09 0.00580712 -4.69732e-05 1.6833e-08 -4.46575e-09 4.69731e-05 0.00578068 -0.299694 -1.35263e-07 2.68749e-06 -0.299693 0.994768 5.70994e-07 -2.81647e-07 1.08025e-07 -5.64983e-07 0.948523 -0.0076725 2.74947e-06 -7.29428e-07 0.00767249 0.944204
48 0.162982 0.00590222 -0.00193538 -9.04588e-10 1.579e-08 -0.00193538 0.00587049 3.44349e-09 -1.78808e-09 6.98817e-10 -3.39555e-09 0.00554209 -5.00705e-05 1.61743e-08 -4.65679e-09 5.00705e-05 0.00551643 -0.327907 -1.53262e-07 2.67527e-06 -0.327907 0.994624 5.83423e-07 -3.02951e-07 1.18399e-07 -5.75301e-07 0.938984 -0.00848334 2.74037e-06 -7.88991e-07 0.00848333 0.934637
50 0.168004 0.00568421 -0.0020317 -9.82886e-10 1.51264e-08 -0.0020317 0.00565278 3.38666e-09 -1.84377e-09 7.3489e-10 -3.32534e-09 0.00527482 -5.3135e-05 1.55131e-08 -4.8276e-09 5.31349e-05 0.00524997 -0.357428 -1.72915e-07 2.66113e-06 -0.357428 0.994471 5.95801e-07 -3.24366e-07 1.29286e-07 -5.85013e-07 0.927977 -0.00934782 2.72915e-06 -8.49299e-07 0.00934781 0.923605
52 0.172821 0.0054691 -0.00212319 -1.0625e-09 1.44645e-08 -0.00212318 0.00543799 3.32549e-09 -1.89081e-09 7.69373e-10 -3.2483e-09 0.0050061 -5.61511e-05 1.48509e-08 -4.97637e-09 5.6151e-05 0.00498207 -0.388215 -1.94273e-07 2.64477e-06 -0.388214 0.99431 6.0805e-07 -3.45726e-07 1.40676e-07 -5.93937e-07 0.915341 -0.010267 2.71541e-06 -9.09907e-07 0.0102669 0.910949
54 0.177428 0.0052577 -0.00220932 -1.14288e-09 1.38061e-08 -0.00220932 0.00522689 3.26025e-09 -1.92868e-09 8.02084e-10 -3.16449e-09 0.00473669 -5.91037e-05 1.41891e-08 -5.10158e-09 5.91037e-05 0.00471351 -0.420207 -2.17373e-07 2.62589e-06 -0.420207 0.994141 6.20092e-07 -3.6683e-07 1.52554e-07 -6.01878e-07 0.900905 -0.0112414 2.69873e-06 -9.70307e-07 0.0112414 0.896497
56 0.181819 0.00505073 -0.00228963 -1.22344e-09 1.31527e-08 -0.00228963 0.00502024 3.19126e-09 -1.95689e-09 8.32861e-10 -3.07402e-09 0.00446733 -6.19783e-05 1.3529e-08 -5.20191e-09 6.19783e-05 0.00444502 -0.453327 -2.4223e-07 2.60411e-06 -0.453326 0.993962 6.31841e-07 -3.87447e-07 1.64899e-07 -6.08629e-07 0.884491 -0.0122712 2.67862e-06 -1.02993e-06 0.0122711 0.880074
58 0.185988 0.00484889 -0.0023637 -1.30355e-09 1.25056e-08 -0.0023637 0.00481871 3.11888e-09 -1.97499e-09 8.61565e-10 -2.97706e-09 0.00419872 -6.47606e-05 1.28716e-08 -5.27635e-09 6.47605e-05 0.00417729 -0.487472 -2.68835e-07 2.57907e-06 -0.487472 0.993776 6.43215e-07 -4.07306e-07 1.77683e-07 -6.13967e-07 0.865913 -0.0133557 2.65454e-06 -1.08816e-06 0.0133557 0.861494
60 0.286303 0.00465281 -0.00243117 -1.38258e-09 1.18663e-08 -0.00243116 0.00462294 3.04351e-09 -1.98255e-09 8.88078e-10 -2.87387e-09 0.00393154 -6.74367e-05 1.22178e-08 -5.32414e-09 6.74366e-05 0.00391102 -0.522516 -2.9715e-07 2.55035e-06 -0.522516 0.993581 6.54124e-07 -4.26099e-07 1.90869e-07 -6.17665e-07 0.844983 -0.0144938 2.6259e-06 -1.14429e-06 0.0144938 0.840571
64 0.394175 0.00428006 -0.00254513 -1.53478e-09 1.0615e-08 -0.00254512 0.00425082 2.88558e-09 -1.96467e-09 9.34183e-10 -2.65014e-09 0.003404 -7.24189e-05 1.09242e-08 -5.33825e-09 7.24188e-05 0.00338532 -0.594648 -3.58589e-07 2.48011e-06 -0.594647 0.993168 6.74191e-07 -4.59029e-07 2.18264e-07 -6.19183e-07 0.795316 -0.0169201 2.55234e-06 -1.24724e-06 0.01692 0.790951
68 0.406626 0.0039362 -0.00262975 -1.67486e-09 9.40617e-09 -0.00262975 0.00390758 2.72117e-09 -1.90083e-09 9.70696e-10 -2.40613e-09 0.00288937 -7.68278e-05 9.65269e-09 -5.2441e-09 7.68277e-05 0.00287258 -0.668093 -4.25503e-07 2.38966e-06 -0.668093 0.992728 6.91318e-07 -4.82909e-07 2.46607e-07 -6.11282e-07 0.73405 -0.0195183 2.45229e-06 -1.33227e-06 0.0195182 0.729785
72 0.417095 0.00362393 -0.00268416 -1.79794e-09 8.24452e-09 -0.00268416 0.00359591 2.55409e-09 -1.78955e-09 9.97474e-10 -2.14607e-09 0.0023917 -8.05789e-05 8.40605e-09 -5.04619e-09 8.05788e-05 0.00237685 -0.740678 -4.96129e-07 2.27502e-06 -0.740677 0.992269 7.04783e-07 -4.93816e-07 2.75247e-07 -5.92194e-07 0.659974 -0.0222352 2.3196e-06 -1.39246e-06 0.0222352 0.655876
76 0.425533 0.00334496 -0.00270834 -1.89969e-09 7.13229e-09 -0.00270833 0.00331753 2.38796e-09 -1.63061e-09 1.01467e-09 -1.87492e-09 0.00191439 -8.3601e-05 7.18539e-09 -4.75334e-09 8.36009e-05 0.0019015 -0.809677 -5.67927e-07 2.13225e-06 -0.809675 0.991799 7.13898e-07 -4.87483e-07 3.03342e-07 -5.6052e-07 0.57232 -0.0249931 2.14812e-06 -1.42105e-06 0.0249931 0.568468
80 0.431897 0.00310008 -0.00270299 -1.97667e-09 6.06904e-09 -0.00270298 0.00307321 2.22597e-09 -1.42534e-09 1.02266e-09 -1.59814e-09 0.00146018 -8.58384e-05 5.99055e-09 -4.37813e-09 8.58383e-05 0.00144928 -0.87191 -6.3762e-07 1.95771e-06 -0.871909 0.991333 7.18039e-07 -4.59776e-07 3.29881e-07 -5.15516e-07 0.471014 -0.0276891 1.93239e-06 -1.41226e-06 0.0276891 0.467499
84 0.436158 0.00288924 -0.00266952 -2.02647e-09 5.05167e-09 -0.00266952 0.00286291 2.07071e-09 -1.17701e-09 1.02198e-09 -1.32144e-09 0.00103118 -8.72509e-05 4.82048e-09 -3.93617e-09 8.72508e-05 0.00102229 -0.923954 -7.01385e-07 1.74844e-06 -0.923953 0.990887 7.16697e-07 -4.07378e-07 3.53721e-07 -4.57368e-07 0.356905 -0.0301986 1.66843e-06 -1.36235e-06 0.0301986 0.353828
88 0.328636 0.00271166 -0.0026099 -2.04783e-09 4.07447e-09 -0.0026099 0.00268584 1.92399e-09 -8.91056e-10 1.01328e-09 -1.05053e-09 0.000628902 -8.78152e-05 3.6735e-09 -3.44521e-09 8.7815e-05 0.000622015 -0.962474 -7.55194e-07 1.50257e-06 -0.962472 0.990478 7.09523e-07 -3.28602e-07 3.73676e-07 -3.87413e-07 0.231925 -0.0323843 1.35471e-06 -1.27052e-06 0.0323842 0.229385
90 0.219313 0.00263493 -0.00257103 -2.04779e-09 3.59851e-09 -0.00257102 0.00260935 1.85419e-09 -7.36286e-10 1.00613e-09 -9.18955e-10 0.00043809 -8.77764e-05 3.10805e-09 -3.18725e-09 8.77763e-05 0.000432204 -0.975747 -7.77171e-07 1.36569e-06 -0.975746 0.990293 7.03696e-07 -2.79433e-07 3.81843e-07 -3.48759e-07 0.166263 -0.0333126 1.17956e-06 -1.20962e-06 0.0333126 0.164028
92 0.328636 0.00256595 -0.00252654 -2.04071e-09 3.12942e-09 -0.00252654 0.0025406 1.78686e-09 -5.75168e-10 9.97218e-10 -7.90819e-10 0.000254265 -8.75243e-05 2.5476e-09 -2.92417e-09 8.75242e-05 0.000249376 -0.984645 -7.95306e-07 1.2196e-06 -0.984643 0.990123 6.96374e-07 -2.24154e-07 3.88636e-07 -3.08198e-07 0.0990921 -0.0341099 9.9285e-07 -1.13961e-06 0.0341099 0.0971867
96 0.436158 0.00245019 -0.00242221 -2.00619e-09 2.20659e-09 -0.0024222 0.00242529 1.65963e-09 -2.39193e-10 9.74423e-10 -5.47203e-10 -9.23114e-05 -8.63882e-05 1.44067e-09 -2.39213e-09 8.6388e-05 -9.52176e-05 -0.98858 -8.1879e-07 9.00579e-07 -0.988578 0.989837 6.77346e-07 -9.76222e-08 3.97693e-07 -2.23331e-07 -0.0376753 -0.0352578 5.87983e-07 -9.76304e-07 0.0352577 -0.0388614
100 0.431897 0.00236209 -0.00229988 -1.94633e-09 1.29479e-09 -0.00229988 0.0023376 1.54194e-09 1.05217e-10 9.45477e-10 -3.23852e-10 -0.00041087 -8.44329e-05 3.50735e-10 -1.86737e-09 8.44328e-05 -0.000411817 -0.973661 -8.23987e-07 5.48153e-07 -0.973659 0.98963 6.52787e-07 4.4544e-08 4.0027e-07 -1.37104e-07 -0.173943 -0.0357449 1.48485e-07 -7.90555e-07 0.0357449 -0.174344
104 0.425533 0.0022991 -0.00216268 -1.86401e-09 3.8235e-10 -0.00216268 0.00227498 1.43299e-09 4.45158e-10 9.10881e-10 -1.24055e-10 -0.000701849 -8.17002e-05 -7.23865e-10 -1.36656e-09 8.17e-05 -0.00070087 -0.940666 -8.10759e-07 1.66304e-07 -0.940664 0.989508 6.23282e-07 1.93623e-07 3.96191e-07 -5.39583e-08 -0.305271 -0.0355357 -3.14847e-07 -5.9439e-07 0.0355357 -0.304846
108 0.417095 0.00225846 -0.00201378 -1.76266e-09 -5.42e-10 -0.00201377 0.00223467 1.33161e-09 7.67211e-10 8.71066e-10 4.98787e-11 -0.000966023 -7.8246e-05 -1.78429e-09 -9.04071e-10 7.82459e-05 -0.000963159 -0.89166 -7.8047e-07 -2.39987e-07 -0.891658 0.989467 5.89613e-07 3.39706e-07 3.85691e-07 2.20853e-08 -0.427736 -0.0346458 -7.90048e-07 -4.00305e-07 0.0346457 -0.426468
112 0.406626 0.00223734 -0.00185628 -1.64601e-09 -1.48817e-09 -0.00185627 0.00221385 1.23658e-09 1.0583e-09 8.26407e-10 1.96662e-10 -0.00120443 -7.41398e-05 -2.83102e-09 -4.91428e-10 7.41397e-05 -0.00119974 -0.82968 -7.357e-07 -6.6515e-07 -0.829678 0.989502 5.52699e-07 4.73016e-07 3.6937e-07 8.79001e-08 -0.538333 -0.0331375 -1.26535e-06 -2.19648e-07 0.0331374 -0.536233
116 0.394175 0.00223292 -0.0016932 -1.51791e-09 -2.46379e-09 -0.0016932 0.0022097 1.14667e-09 1.30656e-09 7.77261e-10 3.16009e-10 -0.00141834 -6.94627e-05 -3.86373e-09 -1.3703e-10 6.94626e-05 -0.00141186 -0.758291 -6.79788e-07 -1.1034e-06 -0.758289 0.9896 5.13529e-07 5.85133e-07 3.48092e-07 1.41523e-07 -0.635195 -0.0311084 -1.73035e-06 -6.13679e-08 0.0311084 -0.632293
120 0.379804 0.00224243 -0.00152742 -1.38209e-09 -3.47348e-09 -0.00152741 0.00221944 1.06089e-09 1.50216e-09 7.24002e-10 4.08567e-10 -0.00160914 -6.4306e-05 -4.88111e-09 1.53982e-10 6.43059e-05 -0.00160095 -0.681144 -6.16338e-07 -1.54898e-06 -0.681142 0.989747 4.73097e-07 6.69882e-07 3.22865e-07 1.82198e-07 -0.717591 -0.028677 -2.17671e-06 6.86674e-08 0.0286769 -0.713937
124 0.363583 0.0022632 -0.00136158 -1.24203e-09 -4.51815e-09 -0.00136158 0.00224041 9.785e-10 1.63802e-09 6.67066e-10 4.75804e-10 -0.00177836 -5.87694e-05 -5.88075e-09 3.79653e-10 5.87693e-05 -0.00176852 -0.601617 -5.48792e-07 -1.99636e-06 -0.601615 0.989929 4.32353e-07 7.23765e-07 2.94744e-07 2.10235e-07 -0.785772 -0.0259674 -2.59842e-06 1.67751e-07 0.0259673 -0.781427
128 0.34559 0.00229273 -0.00119814 -1.10084e-09 -5.59474e-09 -0.00119814 0.00227011 8.99118e-10 1.71026e-09 6.06987e-10 5.19873e-10 -0.00192755 -5.29587e-05 -6.8591e-09 5.41e-10 5.29586e-05 -0.00191615 -0.522583 -4.80143e-07 -2.44021e-06 -0.522581 0.990133 3.9216e-07 7.4595e-07 2.64744e-07 2.26748e-07 -0.840722 -0.0230985 -2.99167e-06 2.35963e-07 0.0230985 -0.83575
132 0.325914 0.0023287 -0.00103932 -9.61263e-10 -6.69604e-09 -0.00103931 0.00230622 8.22675e-10 1.71847e-09 5.44432e-10 5.43449e-10 -0.00205829 -4.69844e-05 -7.81142e-09 6.41661e-10 4.69843e-05 -0.00204542 -0.446309 -4.1279e-07 -2.87544e-06 -0.446307 0.990347 3.53277e-07 7.37955e-07 2.33793e-07 2.3337e-07 -0.883881 -0.0201763 -3.35441e-06 2.75545e-07 0.0201762 -0.878352
136 0.304649 0.00236897 -0.000887079 -8.25632e-10 -7.81091e-09 -0.000887077 0.00234661 7.49399e-10 1.66572e-09 4.80219e-10 5.4957e-10 -0.00217214 -4.09592e-05 -8.73181e-09 6.8746e-10 4.09591e-05 -0.00215788 -0.374458 -3.4852e-07 -3.29718e-06 -0.374457 0.990561 3.1634e-07 7.03142e-07 2.02712e-07 2.31987e-07 -0.916916 -0.0172899 -3.68592e-06 2.90194e-07 0.0172899 -0.910896
140 0.281901 0.00241162 -0.000743164 -6.95919e-10 -8.92469e-09 -0.000743162 0.00238935 6.79749e-10 1.5583e-09 4.15318e-10 5.41478e-10 -0.00227061 -3.4996e-05 -9.61334e-09 6.8592e-10 3.49959e-05 -0.00225506 -0.30816 -2.8857e-07 -3.70071e-06 -0.308159 0.990768 2.81865e-07 6.46165e-07 1.72216e-07 2.24529e-07 -0.941529 -0.0145114 -3.98627e-06 2.84424e-07 0.0145114 -0.935082
144 0.257779 0.00245493 -0.00060908 -5.73789e-10 -1.00198e-08 -0.000609078 0.00243275 6.14332e-10 1.40532e-09 3.50851e-10 5.22475e-10 -0.00235511 -2.92059e-05 -1.04482e-08 6.45752e-10 2.92058e-05 -0.00233838 -0.248105 -2.33729e-07 -4.08151e-06 -0.248104 0.990963 2.50244e-07 5.72448e-07 1.42917e-07 2.12827e-07 -0.959338 -0.0118968 -4.25599e-06 2.63043e-07 0.0118968 -0.952523
148 0.232401 0.00249741 -0.000486121 -4.60662e-10 -1.10767e-08 -0.000486119 0.00247528 5.53826e-10 1.21808e-09 2.88062e-10 4.95799e-10 -0.00242698 -2.36964e-05 -1.12278e-08 5.76356e-10 2.36964e-05 -0.00240917 -0.19465 -1.84456e-07 -4.43528e-06 -0.194649 0.99114 2.2176e-07 4.87736e-07 1.15344e-07 1.98525e-07 -0.971799 -0.00948841 -4.49577e-06 2.30782e-07 0.00948838 -0.96467
152 0.205891 0.00253774 -0.000375379 -3.57764e-10 -1.20744e-08 -0.000375378 0.00251566 4.9891e-10 1.00938e-09 2.28282e-10 4.64518e-10 -0.00248744 -1.85693e-05 -1.19433e-08 4.87354e-10 1.85692e-05 -0.00246867 -0.147918 -1.40977e-07 -4.75795e-06 -0.147918 0.991299 1.96596e-07 3.97746e-07 8.99548e-08 1.83044e-07 -0.980178 -0.00731726 -4.70629e-06 1.92042e-07 0.00731724 -0.972784
156 0.178378 0.00257481 -0.000277765 -2.66177e-10 -1.29919e-08 -0.000277764 0.00255276 4.50204e-10 7.92764e-10 1.72883e-10 4.31452e-10 -0.00253757 -1.39188e-05 -1.25859e-08 3.88161e-10 1.39188e-05 -0.00251797 -0.107878 -1.03377e-07 -5.04578e-06 -0.107877 0.991438 1.7485e-07 3.07892e-07 6.71439e-08 1.67567e-07 -0.985539 -0.00540577 -4.88809e-06 1.50753e-07 0.00540576 -0.977925
160 0.0971232 0.00260768 -0.000194024 -1.86865e-10 -1.38087e-08 -0.000194023 0.00258566 4.08238e-10 5.81776e-10 1.2322e-10 3.99114e-10 -0.00257835 -9.8303e-06 -1.31468e-08 2.87621e-10 9.83027e-06 -0.00255803 -0.074405 -7.16597e-08 -5.29539e-06 -0.0744047 0.991556 1.56552e-07 2.23101e-07 4.72528e-08 1.53053e-07 -0.988754 -0.00376975 -5.04158e-06 1.10298e-07 0.00376974 -0.980961
161 0.0357021 0.00261514 -0.00017533 -1.69058e-10 -1.39949e-08 -0.000175329 0.00259313 3.98851e-10 5.31434e-10 1.11853e-10 3.91404e-10 -0.00258718 -8.90499e-06 -1.32733e-08 2.63232e-10 8.90496e-06 -0.0025667 -0.0670441 -6.46458e-08 -5.35147e-06 -0.0670438 0.991582 1.52516e-07 2.03214e-07 4.27714e-08 1.49668e-07 -0.989308 -0.00340516 -5.07556e-06 1.00657e-07 0.00340515 -0.981475
162 0.0338871 0.00262229 -0.000157549 -1.52084e-10 -1.41733e-08 -0.000157548 0.00260028 3.89918e-10 4.82439e-10 1.00945e-10 3.83907e-10 -0.00259549 -8.02058e-06 -1.33941e-08 2.39376e-10 8.02056e-06 -0.00257486 -0.0600806 -5.79967e-08 -5.40492e-06 -0.0600804 0.991606 1.48694e-07 1.83976e-07 3.84949e-08 1.46402e-07 -0.989781 -0.00305862 -5.10779e-06 9.1285e-08 0.00305861 -0.981912
163 0.0320617 0.0026291 -0.000140688 -1.35956e-10 -1.43437e-08 -0.000140688 0.0026071 3.81443e-10 4.34974e-10 9.05126e-11 3.76652e-10 -0.00260329 -7.17809e-06 -1.35091e-08 2.16162e-10 7.17807e-06 -0.00258251 -0.0535119 -5.17119e-08 -5.45572e-06 -0.0535117 0.99163 1.45085e-07 1.65446e-07 3.44272e-08 1.43263e-07 -0.990182 -0.00273024 -5.13828e-06 8.22191e-08 0.00273024 -0.982278
164 0.0302266 0.00263557 -0.000124755 -1.20684e-10 -1.45057e-08 -0.000124755 0.00261357 3.73431e-10 3.89215e-10 8.05747e-11 3.69665e-10 -0.00261059 -6.37848e-06 -1.3618e-08 1.93696e-10 6.37847e-06 -0.00258967 -0.0473351 -4.57904e-08 -5.50383e-06 -0.047335 0.991652 1.41689e-07 1.47677e-07 3.0572e-08 1.4026e-07 -0.990519 -0.00242015 -5.16701e-06 7.3493e-08 0.00242014 -0.982583
165 0.0283823 0.0026417 -0.000109757 -1.0628e-10 -1.46593e-08 -0.000109756 0.0026197 3.65886e-10 3.45331e-10 7.1148e-11 3.62972e-10 -0.00261739 -5.62267e-06 -1.3721e-08 1.72077e-10 5.62265e-06 -0.00259635 -0.0415478 -4.02317e-08 -5.5492e-06 -0.0415476 0.991672 1.38504e-07 1.30723e-07 2.69327e-08 1.37401e-07 -0.9908 -0.00212843 -5.19401e-06 6.51389e-08 0.00212843 -0.982834
166 0.0265294 0.00264746 -9.56981e-05 -9.27539e-11 -1.48041e-08 -9.56977e-05 0.00262547 3.58813e-10 3.03483e-10 6.22489e-11 3.56598e-10 -0.00262372 -4.91151e-06 -1.38178e-08 1.51399e-10 4.9115e-06 -0.00260255 -0.0361471 -3.5035e-08 -5.59181e-06 -0.036147 0.991692 1.35531e-07 1.14632e-07 2.35127e-08 1.34694e-07 -0.991031 -0.00185518 -5.21926e-06 5.71866e-08 0.00185517 -0.983038
167 0.0246683 0.00265286 -8.25855e-05 -8.01157e-11 -1.49399e-08 -8.25852e-05 0.00263087 3.52214e-10 2.63824e-10 5.38927e-11 3.50565e-10 -0.00262957 -4.24581e-06 -1.39083e-08 1.31751e-10 4.2458e-06 -0.00260829 -0.0311307 -3.01997e-08 -5.63162e-06 -0.0311306 0.99171 1.32768e-07 9.9449e-08 2.03149e-08 1.32146e-07 -0.99122 -0.00160047 -5.24277e-06 4.96639e-08 0.00160046 -0.9832
168 0.0172754 0.00265789 -7.04239e-05 -6.83746e-11 -1.50665e-08 -7.04237e-05 0.0026359 3.46093e-10 2.265e-10 4.60941e-11 3.44894e-10 -0.00263495 -3.62634e-06 -1.39925e-08 1.13217e-10 3.62633e-06 -0.00261358 -0.0264962 -2.57252e-08 -5.6686e-06 -0.0264961 0.991726 1.30214e-07 8.5218e-08 1.73424e-08 1.29763e-07 -0.991371 -0.00136437 -5.26453e-06 4.25967e-08 0.00136437 -0.983328
168.5 0.0109315 0.00266026 -6.47013e-05 -6.28433e-11 -1.51263e-08 -6.47011e-05 0.00263827 3.43213e-10 2.08756e-10 4.24082e-11 3.42201e-10 -0.00263747 -3.33416e-06 -1.40322e-08 1.04392e-10 3.33416e-06 -0.00261605 -0.0243214 -2.3623e-08 -5.68602e-06 -0.0243214 0.991734 1.29015e-07 7.84719e-08 1.59414e-08 1.28634e-07 -0.991435 -0.00125332 -5.27476e-06 3.92414e-08 0.00125332 -0.983381
169 0.0104622 0.00266254 -5.92182e-05 -5.75395e-11 -1.51837e-08 -5.9218e-05 0.00264055 3.40453e-10 1.91645e-10 3.88668e-11 3.39605e-10 -0.00263988 -3.0538e-06 -1.40703e-08 9.58745e-11 3.05379e-06 -0.00261841 -0.0222413 -2.16108e-08 -5.70273e-06 -0.0222412 0.991742 1.27868e-07 7.19785e-08 1.45977e-08 1.2755e-07 -0.991492 -0.00114695 -5.28456e-06 3.60087e-08 0.00114695 -0.983427
169.5 0.00999215 0.00266472 -5.39752e-05 -5.24642e-11 -1.52387e-08 -5.3975e-05 0.00264273 3.37814e-10 1.75184e-10 3.54714e-11 3.37109e-10 -0.00264218 -2.78534e-06 -1.41068e-08 8.76726e-11 2.78533e-06 -0.00262066 -0.0202555 -1.96885e-08 -5.71871e-06 -0.0202554 0.991749 1.26773e-07 6.5742e-08 1.33115e-08 1.26509e-07 -0.991541 -0.00104527 -5.29392e-06 3.29013e-08 0.00104526 -0.983466
170 0.0095213 0.0026668 -4.89727e-05 -4.76183e-11 -1.52914e-08 -4.89725e-05 0.00264481 3.35295e-10 1.59386e-10 3.22236e-11 3.34716e-10 -0.00264436 -2.52884e-06 -1.41416e-08 7.97951e-11 2.52883e-06 -0.0026228 -0.0183638 -1.7856e-08 -5.73398e-06 -0.0183638 0.991756 1.2573e-07 5.97669e-08 1.20833e-08 1.25512e-07 -0.991585 -0.000948268 -5.30284e-06 2.99217e-08 0.000948266 -0.9835
170.5 0.00904972 0.00266878 -4.42112e-05 -4.30029e-11 -1.53415e-08 -4.42111e-05 0.0026468 3.32898e-10 1.44267e-10 2.91248e-11 3.32426e-10 -0.00264643 -2.28439e-06 -1.41748e-08 7.22501e-11 2.28439e-06 -0.00262483 -0.0165661 -1.61133e-08 -5.74851e-06 -0.016566 0.991762 1.24738e-07 5.40573e-08 1.09131e-08 1.24561e-07 -0.991623 -0.000855967 -5.31133e-06 2.70723e-08 0.000855965 -0.983529
171 0.00857745 0.00267067 -3.96913e-05 -3.86187e-11 -1.53893e-08 -3.96911e-05 0.00264869 3.30623e-10 1.2984e-10 2.61764e-11 3.30242e-10 -0.00264839 -2.05206e-06 -1.42063e-08 6.50452e-11 2.05205e-06 -0.00262675 -0.0148619 -1.44603e-08 -5.76232e-06 -0.0148619 0.991768 1.23798e-07 4.8617e-08 9.80144e-09 1.23655e-07 -0.991657 -0.000768368 -5.31939e-06 2.43554e-08 0.000768366 -0.983554
171.5 0.00810453 0.00267246 -3.54132e-05 -3.44667e-11 -1.54345e-08 -3.54131e-05 0.00265048 3.28469e-10 1.16118e-10 2.33798e-11 3.28166e-10 -0.00265024 -1.83191e-06 -1.42362e-08 5.81879e-11 1.8319e-06 -0.00262856 -0.0132512 -1.2897e-08 -5.77539e-06 -0.0132511 0.991774 1.22909e-07 4.34497e-08 8.7484e-09 1.22796e-07 -0.991685 -0.000685475 -5.327e-06 2.17731e-08 0.000685473 -0.983574
172 0.00763099 0.00267415 -3.13775e-05 -3.05476e-11 -1.54773e-08 -3.13774e-05 0.00265217 3.26438e-10 1.03112e-10 2.07361e-11 3.262e-10 -0.00265198 -1.624e-06 -1.42644e-08 5.1685e-11 1.62399e-06 -0.00263027 -0.0117336 -1.14233e-08 -5.78774e-06 -0.0117336 0.991779 1.22072e-07 3.85589e-08 7.75426e-09 1.21983e-07 -0.99171 -0.000607294 -5.33419e-06 1.93276e-08 0.000607293 -0.983591
172.5 0.00715688 0.00267574 -2.75845e-05 -2.68621e-11 -1.55175e-08 -2.75844e-05 0.00265376 3.24528e-10 9.08361e-11 1.82465e-11 3.24345e-10 -0.00265361 -1.42839e-06 -1.4291e-08 4.5543e-11 1.42839e-06 -0.00263187 -0.0103091 -1.00391e-08 -5.79934e-06 -0.0103091 0.991785 1.21285e-07 3.3948e-08 6.81925e-09 1.21217e-07 -0.991731 -0.00053383 -5.34094e-06 1.70207e-08 0.000533828 -0.983605
173 0.00668221 0.00267723 -2.40345e-05 -2.3411e-11 -1.55553e-08 -2.40344e-05 0.00265525 3.22741e-10 7.92997e-11 1.59123e-11 3.22602e-10 -0.00265514 -1.24514e-06 -1.43158e-08 3.97683e-11 1.24514e-06 -0.00263337 -0.00897738 -8.7445e-09 -5.81021e-06 -0.00897735 0.991789 1.20551e-07 2.962e-08 5.94356e-09 1.20498e-07 -0.991749 -0.000465086 -5.34725e-06 1.48543e-08 0.000465085 -0.983616
173.5 0.00620704 0.00267862 -2.07279e-05 -2.0195e-11 -1.55905e-08 -2.07279e-05 0.00265664 3.21077e-10 6.85134e-11 1.37344e-11 3.20973e-10 -0.00265656 -1.0743e-06 -1.4339e-08 3.43665e-11 1.0743e-06 -0.00263475 -0.00773829 -7.53934e-09 -5.82033e-06 -0.00773827 0.991794 1.19867e-07 2.55779e-08 5.12741e-09 1.19828e-07 -0.991764 -0.000401067 -5.35313e-06 1.283e-08 0.000401066 -0.983625
174 0.0057314 0.00267991 -1.76651e-05 -1.72147e-11 -1.56231e-08 -1.7665e-05 0.00265793 3.19535e-10 5.84871e-11 1.17138e-11 3.1946e-10 -0.00265787 -9.15926e-07 -1.43605e-08 2.93431e-11 9.15924e-07 -0.00263604 -0.00659167 -6.42361e-09 -5.82972e-06 -0.00659165 0.991798 1.19234e-07 2.18243e-08 4.37097e-09 1.19206e-07 -0.991776 -0.000341776 -5.35857e-06 1.09493e-08 0.000341775 -0.983631
174.5 0.00525531 0.00268109 -1.48462e-05 -1.44706e-11 -1.56532e-08 -1.48461e-05 0.00265911 3.18116e-10 4.92296e-11 9.85146e-12 3.18063e-10 -0.00265907 -7.70052e-07 -1.43802e-08 2.47031e-11 7.7005e-07 -0.00263722 -0.00553736 -5.39728e-09 -5.83836e-06 -0.00553734 0.991802 1.18652e-07 1.83618e-08 3.67442e-09 1.18632e-07 -0.991786 -0.000287216 -5.36358e-06 9.21383e-09 0.000287215 -0.983636
175 0.00477883 0.00268218 -1.22715e-05 -1.19633e-11 -1.56807e-08 -1.22715e-05 0.0026602 3.1682e-10 4.07492e-11 8.14821e-12 3.16784e-10 -0.00266017 -6.36723e-07 -1.43983e-08 2.04511e-11 6.36721e-07 -0.00263829 -0.00457522 -4.4603e-09 -5.84625e-06 -0.0045752 0.991805 1.18121e-07 1.51926e-08 3.03791e-09 1.18107e-07 -0.991795 -0.000237391 -5.36815e-06 7.62481e-09 0.00023739 -0.98364
175.5 0.00430199 0.00268316 -9.9414e-06 -9.69332e-12 -1.57056e-08 -9.94137e-06 0.00266118 3.15647e-10 3.30535e-11 6.60483e-12 3.15623e-10 -0.00266116 -5.15978e-07 -1.44147e-08 1.65912e-11 5.15977e-07 -0.00263927 -0.00370511 -3.61266e-09 -5.8534e-06 -0.0037051 0.991808 1.1764e-07 1.23189e-08 2.46159e-09 1.17631e-07 -0.991801 -0.000192303 -5.37229e-06 6.18348e-09 0.000192302 -0.983642
176 0.00382481 0.00268404 -7.85595e-06 -7.66107e-12 -1.57279e-08 -7.85593e-06 0.00266206 3.14597e-10 2.61494e-11 5.22201e-12 3.14583e-10 -0.00266205 -4.07851e-07 -1.44293e-08 1.31274e-11 4.07849e-07 -0.00264014 -0.00292692 -2.85431e-09 -5.8598e-06 -0.00292691 0.991811 1.17211e-07 9.74255e-09 1.94558e-09 1.17205e-07 -0.991807 -0.000151954 -5.37599e-06 4.89093e-09 0.000151954 -0.983644
176.5 0.00334735 0.00268481 -6.01541e-06 -5.86697e-12 -1.57476e-08 -6.01539e-06 0.00266284 3.13671e-10 2.00429e-11 4.00039e-12 3.13662e-10 -0.00266283 -3.12372e-07 -1.44423e-08 1.0063e-11 3.12371e-07 -0.0026409 -0.00224053 -2.18524e-09 -5.86544e-06 -0.00224052 0.991814 1.16832e-07 7.46529e-09 1.49001e-09 1.16828e-07 -0.991811 -0.000116348 -5.37925e-06 3.74814e-09 0.000116347 -0.983644
177 0.00286963 0.00268549 -4.41992e-06 -4.31135e-12 -1.57647e-08 -4.41991e-06 0.00266351 3.12868e-10 1.47396e-11 2.94052e-12 3.12863e-10 -0.00266351 -2.29568e-07 -1.44535e-08 7.40113e-12 2.29567e-07 -0.00264156 -0.00164585 -1.60543e-09 -5.87034e-06 -0.00164585 0.991816 1.16503e-07 5.48862e-09 1.09497e-09 1.16501e-07 -0.991814 -8.54847e-05 -5.38208e-06 2.75597e-09 8.54845e-05 -0.983645
177.5 0.00239169 0.00268606 -3.06965e-06 -2.99454e-12 -1.57792e-08 -3.06964e-06 0.00266408 3.12188e-10 1.02442e-11 2.04288e-12 3.12186e-10 -0.00266408 -1.59464e-07 -1.4463e-08 5.1443e-12 1.59463e-07 -0.00264213 -0.00114281 -1.11485e-09 -5.87449e-06 -0.0011428 0.991818 1.16226e-07 3.81385e-09 7.6055e-10 1.16225e-07 -0.991817 -5.93672e-05 -5.38448e-06 1.91519e-09 5.93671e-05 -0.983645
178 0.00191357 0.00268652 -1.96471e-06 -1.91679e-12 -1.57911e-08 -1.9647e-06 0.00266455 3.11632e-10 6.56067e-12 1.30789e-12 3.11631e-10 -0.00266455 -1.02079e-07 -1.44708e-08 3.29478e-12 1.02078e-07 -0.00264258 -0.00073132 -7.13483e-10 -5.87788e-06 -0.000731318 0.991819 1.15998e-07 2.44207e-09 4.86835e-10 1.15998e-07 -0.991819 -3.79965e-05 -5.38644e-06 1.22641e-09 3.79964e-05 -0.983644
178.5 0.00143531 0.00268689 -1.10521e-06 -1.07832e-12 -1.58003e-08 -1.1052e-06 0.00266491 3.112e-10 3.69229e-12 7.35887e-13 3.11199e-10 -0.00266491 -5.74287e-08 -1.44768e-08 1.85437e-12 5.74286e-08 -0.00264294 -0.000411334 -4.01327e-10 -5.88052e-06 -0.000411333 0.99182 1.15822e-07 1.37419e-09 2.73881e-10 1.15822e-07 -0.99182 -2.13737e-05 -5.38796e-06 6.90157e-10 2.13736e-05 -0.983644
179 0.000956932 0.00268715 -4.91222e-07 -4.79292e-13 -1.58069e-08 -4.91221e-07 0.00266517 3.10891e-10 1.64163e-12 3.27123e-13 3.10891e-10 -0.00266517 -2.55269e-08 -1.44812e-08 8.24504e-13 2.55268e-08 -0.0026432 -0.000182804 -1.78365e-10 -5.8824e-06 -0.000182804 0.991821 1.15695e-07 6.10919e-10 1.21736e-10 1.15695e-07 -0.991821 -9.49963e-06 -5.38905e-06 3.06832e-10 9.4996e-06 -0.983644
179.5 0.000478484 0.0026873 -1.22808e-07 -1.1983e-13 -1.58108e-08 -1.22808e-07 0.00266532 3.10705e-10 4.10498e-13 8.17901e-14 3.10705e-10 -0.00266532 -6.38218e-09 -1.44838e-08 2.06176e-13 6.38216e-09 -0.00264335 -4.56995e-05 -4.4591e-11 -5.88354e-06 -4.56994e-05 0.991822 1.1562e-07 1.52755e-10 3.04358e-11 1.1562e-07 -0.991822 -2.37494e-06 -5.3897e-06 7.67225e-11 2.37493e-06 -0.983644
180 5.98114e-05 0.00268735 0 0 -1.58122e-08 0 0.00266538 3.10643e-10 0 0 3.10643e-10 -0.00266538 0 -1.44846e-08 0 0 -0.0026434 0 0 -5.88391e-06 0 0.991822 1.15594e-07 0 0 1.15594e-07 -0.991822 0 -5.38992e-06 0 0 -0.983644
