theta 2pi*dcos S11 S12 S13 S14 S21 S22 S23 S24 S31 S32 S33 S34 S41 S42 S43 S44 S12_norm S13_norm S14_norm S21_norm S22_norm S23_norm S24_norm S31_norm S32_norm S33_norm S34_norm S41_norm S42_norm S43_norm S44_norm
0 2.39246e-06 2.63374e-08 0 0 8.39956e-15 0 2.62763e-08 6.70817e-17 0 0 -6.70817e-17 2.62763e-08 0 8.40019e-15 0 0 2.62151e-08 0 0 3.18921e-07 0 0.997678 2.54701e-09 0 0 -2.54701e-09 0.997678 0 3.18945e-07 0 0 0.995356
0.1 1.91397e-05 2.63374e-08 -3.99468e-14 0 8.39963e-15 -3.99457e-14 2.62762e-08 6.69466e-17 8.41547e-19 0 -6.69466e-17 2.62762e-08 1.50645e-19 8.39982e-15 -2.70129e-19 -3.38904e-19 2.62151e-08 -1.51673e-06 0 3.18924e-07 -1.51669e-06 0.997678 2.54189e-09 3.19526e-11 0 -2.54189e-09 0.997678 5.71981e-12 3.18932e-07 -1.02565e-11 -1.28678e-11 0.995356
0.2 3.82793e-05 2.63373e-08 -1.59784e-13 0 8.39963e-15 -1.59784e-13 2.62761e-08 6.7356e-17 -1.06495e-18 0 -6.7356e-17 2.62761e-08 9.6883e-19 8.40053e-15 4.04456e-19 -1.21161e-18 2.6215e-08 -6.06684e-06 0 3.18926e-07 -6.06686e-06 0.997678 2.55744e-09 -4.04353e-11 0 -2.55744e-09 0.997678 3.67856e-11 3.1896e-07 1.53568e-11 -4.60037e-11 0.995356
0.3 5.74188e-05 2.63371e-08 -3.59513e-13 0 8.39984e-15 -3.59514e-13 2.62759e-08 6.75066e-17 4.35254e-19 0 -6.75066e-17 2.62759e-08 2.39679e-18 8.39943e-15 1.82798e-19 -2.56026e-18 2.62147e-08 -1.36505e-05 0 3.18936e-07 -1.36505e-05 0.997678 2.56318e-09 1.65263e-11 0 -2.56318e-09 0.997678 9.10043e-11 3.18921e-07 6.9407e-12 -9.72113e-11 0.995356
0.4 7.65581e-05 2.63368e-08 -6.39131e-13 0 8.39938e-15 -6.39132e-13 2.62756e-08 6.7391e-17 -4.49422e-20 3.01289e-19 -6.7391e-17 2.62756e-08 4.32065e-18 8.40048e-15 1.8175e-19 -3.41331e-18 2.62145e-08 -2.42676e-05 0 3.18922e-07 -2.42677e-05 0.997678 2.55882e-09 -1.70644e-12 1.14399e-11 -2.55882e-09 0.997678 1.64054e-10 3.18964e-07 6.90098e-12 -1.29602e-10 0.995356
0.5 9.56972e-05 2.63364e-08 -9.98631e-13 -1.44445e-34 8.39956e-15 -9.98631e-13 2.62753e-08 6.67831e-17 3.85398e-19 1.35064e-19 -6.67831e-17 2.62753e-08 5.19157e-18 8.40002e-15 5.20693e-19 -5.07062e-18 2.62141e-08 -3.79183e-05 -5.4846e-27 3.18933e-07 -3.79183e-05 0.997678 2.53577e-09 1.46336e-11 5.12843e-12 -2.53577e-09 0.997678 1.97125e-10 3.18951e-07 1.97709e-11 -1.92533e-10 0.995356
0.6 0.000114836 2.6336e-08 -1.43801e-12 -4.81482e-35 8.39951e-15 -1.43801e-12 2.62748e-08 6.68671e-17 -5.61303e-19 -6.12596e-20 -6.68671e-17 2.62748e-08 9.46417e-18 8.39944e-15 8.26735e-19 -8.74607e-18 2.62137e-08 -5.46027e-05 -1.82823e-27 3.18937e-07 -5.46026e-05 0.997678 2.539e-09 -2.13132e-11 -2.32608e-12 -2.539e-09 0.997678 3.59363e-10 3.18934e-07 3.13918e-11 -3.32096e-10 0.995356
0.7 0.000133974 2.63354e-08 -1.95727e-12 -1.50645e-19 8.39888e-15 -1.95727e-12 2.62743e-08 6.6793e-17 -6.51787e-19 -2.45344e-19 -6.6793e-17 2.62743e-08 1.21329e-17 8.39944e-15 -8.57708e-19 -1.15342e-17 2.62131e-08 -7.43208e-05 -5.72023e-12 3.18919e-07 -7.43208e-05 0.997678 2.53624e-09 -2.47494e-11 -9.31611e-12 -2.53624e-09 0.997678 4.60708e-10 3.18941e-07 -3.25686e-11 -4.37971e-10 0.995356
0.8 0.000153112 2.63348e-08 -2.55639e-12 -5.70849e-20 8.39898e-15 -2.55639e-12 2.62737e-08 6.69231e-17 -1.8114e-18 -1.26999e-19 -6.69231e-17 2.62737e-08 1.51463e-17 8.39916e-15 -4.90102e-19 -1.54119e-17 2.62125e-08 -9.70727e-05 -2.16766e-12 3.1893e-07 -9.70727e-05 0.997678 2.54124e-09 -6.87835e-11 -4.82248e-12 -2.54124e-09 0.997678 5.75142e-10 3.18937e-07 -1.86104e-11 -5.85229e-10 0.995356
0.9 0.00017225 2.63341e-08 -3.23538e-12 3.71204e-19 8.39806e-15 -3.23538e-12 2.6273e-08 6.71114e-17 5.33199e-19 1.5816e-19 -6.69451e-17 2.6273e-08 1.84323e-17 8.39866e-15 6.69645e-19 -1.99005e-17 2.62119e-08 -0.000122859 1.40959e-11 3.18904e-07 -0.000122859 0.997678 2.54845e-09 2.02474e-11 6.00589e-12 -2.54214e-09 0.997678 6.9994e-10 3.18927e-07 2.54288e-11 -7.55692e-10 0.995356
1 0.000191387 2.63334e-08 -3.99422e-12 -1.1028e-19 8.39882e-15 -3.99422e-12 2.62722e-08 6.77462e-17 -1.53704e-20 5.44432e-19 -6.77462e-17 2.62722e-08 2.34309e-17 8.3994e-15 1.69738e-19 -2.40642e-17 2.62111e-08 -0.000151679 -4.18782e-12 3.18942e-07 -0.000151679 0.997678 2.57264e-09 -5.83687e-13 2.06746e-11 -2.57264e-09 0.997678 8.89778e-10 3.18964e-07 6.44573e-12 -9.1383e-10 0.995356
1.1 0.000210523 2.63325e-08 -4.8329e-12 1.23659e-19 8.39877e-15 -4.8329e-12 2.62714e-08 6.72099e-17 -6.31299e-19 -8.01806e-20 -6.72099e-17 2.62714e-08 2.89545e-17 8.3995e-15 -9.89193e-19 -2.8747e-17 2.62102e-08 -0.000183533 4.69604e-12 3.1895e-07 -0.000183533 0.997678 2.55235e-09 -2.39741e-11 -3.04493e-12 -2.55235e-09 0.997678 1.09957e-09 3.18978e-07 -3.75654e-11 -1.09169e-09 0.995356
1.2 0.000229659 2.63316e-08 -5.75142e-12 2.64815e-34 8.39783e-15 -5.75141e-12 2.62705e-08 6.75293e-17 -1.08655e-18 -2.53409e-19 -6.75293e-17 2.62705e-08 3.38389e-17 8.39901e-15 -2.13059e-18 -3.49029e-17 2.62093e-08 -0.000218422 1.00569e-26 3.18926e-07 -0.000218422 0.997678 2.56457e-09 -4.1264e-11 -9.62375e-12 -2.56457e-09 0.997678 1.28511e-09 3.18971e-07 -8.0914e-11 -1.32551e-09 0.995356
1.3 0.000248794 2.63306e-08 -6.74975e-12 -6.23991e-20 8.39753e-15 -6.74975e-12 2.62694e-08 6.8212e-17 -1.27718e-18 3.34729e-19 -6.8212e-17 2.62694e-08 4.0732e-17 8.39804e-15 -1.35943e-18 -4.04043e-17 2.62083e-08 -0.000256346 -2.36983e-12 3.18927e-07 -0.000256346 0.997678 2.5906e-09 -4.85056e-11 1.27125e-11 -2.5906e-09 0.997677 1.54694e-09 3.18946e-07 -5.16293e-11 -1.5345e-09 0.995356
1.4 0.000267929 2.63295e-08 -7.8279e-12 -3.88473e-19 8.39773e-15 -7.82789e-12 2.62684e-08 6.88449e-17 -2.67548e-19 -2.75443e-19 -6.88449e-17 2.62684e-08 4.75799e-17 8.39759e-15 -1.12575e-18 -4.71532e-17 2.62072e-08 -0.000297305 -1.47543e-11 3.18947e-07 -0.000297305 0.997677 2.61474e-09 -1.01615e-11 -1.04614e-11 -2.61474e-09 0.997677 1.80709e-09 3.18942e-07 -4.27563e-11 -1.79089e-09 0.995356
1.5 0.000287062 2.63283e-08 -8.98584e-12 -3.38904e-19 8.39597e-15 -8.98583e-12 2.62672e-08 6.86032e-17 -1.52846e-18 -1.35508e-19 -6.87538e-17 2.62672e-08 5.36255e-17 8.39805e-15 -1.38802e-18 -5.32178e-17 2.62061e-08 -0.000341299 -1.28722e-11 3.18895e-07 -0.000341299 0.997677 2.60568e-09 -5.80539e-11 -5.14686e-12 -2.6114e-09 0.997677 2.0368e-09 3.18974e-07 -5.27196e-11 -2.02131e-09 0.995355
1.6 0.000306195 2.63271e-08 -1.02236e-11 3.42794e-19 8.39644e-15 -1.02236e-11 2.62659e-08 6.81615e-17 -1.38524e-18 -2.44204e-19 -6.81367e-17 2.62659e-08 6.08835e-17 8.39826e-15 -1.32581e-18 -6.08362e-17 2.62048e-08 -0.000388329 1.30206e-11 3.18928e-07 -0.000388328 0.997677 2.58903e-09 -5.26164e-11 -9.27579e-12 -2.58809e-09 0.997677 2.31258e-09 3.18997e-07 -5.03591e-11 -2.31078e-09 0.995355
1.7 0.000325327 2.63258e-08 -1.15411e-11 5.76732e-19 8.39628e-15 -1.1541e-11 2.62646e-08 6.77437e-17 -5.90647e-19 5.96203e-19 -6.76334e-17 2.62646e-08 6.86438e-17 8.39752e-15 -2.8128e-18 -6.83579e-17 2.62035e-08 -0.000438394 2.19075e-11 3.18938e-07 -0.000438394 0.997677 2.57328e-09 -2.24361e-11 2.26471e-11 -2.5691e-09 0.997677 2.60748e-09 3.18985e-07 -1.06846e-10 -2.59662e-09 0.995355
1.8 0.000344457 2.63243e-08 -1.29383e-11 1.35064e-19 8.39616e-15 -1.29383e-11 2.62632e-08 6.76721e-17 -2.1869e-18 4.52484e-19 -6.75215e-17 2.62632e-08 7.83243e-17 8.39625e-15 -3.76374e-18 -7.68497e-17 2.62021e-08 -0.000491495 5.13077e-12 3.1895e-07 -0.000491495 0.997677 2.57071e-09 -8.3075e-11 1.71888e-11 -2.56498e-09 0.997677 2.97536e-09 3.18954e-07 -1.42976e-10 -2.91934e-09 0.995355
1.9 0.000363587 2.63229e-08 -1.44153e-11 -7.80287e-19 8.39645e-15 -1.44153e-11 2.62617e-08 6.66317e-17 -2.24087e-18 2.3889e-19 -6.66317e-17 2.62617e-08 8.64336e-17 8.39713e-15 -3.69382e-18 -8.64281e-17 2.62006e-08 -0.000547633 -2.96429e-11 3.18979e-07 -0.000547633 0.997677 2.53133e-09 -8.51301e-11 9.07539e-12 -2.53133e-09 0.997677 3.2836e-09 3.19005e-07 -1.40327e-10 -3.28339e-09 0.995355
2 0.000382716 2.63213e-08 -1.5972e-11 3.50509e-20 8.39466e-15 -1.59719e-11 2.62601e-08 6.67506e-17 -1.68706e-18 6.22411e-19 -6.67506e-17 2.62601e-08 9.48906e-17 8.39515e-15 -3.86427e-18 -9.62977e-17 2.6199e-08 -0.000606808 1.33166e-12 3.1893e-07 -0.000606807 0.997677 2.53599e-09 -6.40948e-11 2.36467e-11 -2.53599e-09 0.997677 3.60509e-09 3.18949e-07 -1.46812e-10 -3.65855e-09 0.995355
2.1 0.000401843 2.63196e-08 -1.76083e-11 -3.80408e-19 8.39589e-15 -1.76083e-11 2.62585e-08 6.76151e-17 -2.57336e-18 -2.29214e-19 -6.74591e-17 2.62585e-08 1.05255e-16 8.39624e-15 -4.52519e-18 -1.04869e-16 2.61974e-08 -0.000669019 -1.44534e-11 3.18997e-07 -0.000669019 0.997677 2.569e-09 -9.77734e-11 -8.70886e-12 -2.56307e-09 0.997676 3.99912e-09 3.1901e-07 -1.71932e-10 -3.98444e-09 0.995354
2.2 0.000420969 2.63179e-08 -1.93244e-11 -4.32826e-19 8.39372e-15 -1.93244e-11 2.62567e-08 6.76572e-17 -1.95696e-18 2.63962e-20 -6.76625e-17 2.62567e-08 1.15813e-16 8.39533e-15 -4.00975e-18 -1.16014e-16 2.61956e-08 -0.000734268 -1.64461e-11 3.18936e-07 -0.000734268 0.997676 2.57077e-09 -7.43586e-11 1.00297e-12 -2.57097e-09 0.997676 4.40052e-09 3.18997e-07 -1.52358e-10 -4.40817e-09 0.995354
2.3 0.000440094 2.63161e-08 -2.11201e-11 1.77993e-19 8.39409e-15 -2.11201e-11 2.62549e-08 6.72401e-17 -3.61161e-18 -1.59584e-19 -6.72401e-17 2.62549e-08 1.26436e-16 8.39425e-15 -5.55506e-18 -1.26632e-16 2.61938e-08 -0.000802555 6.76365e-12 3.18972e-07 -0.000802554 0.997676 2.5551e-09 -1.3724e-10 -6.06412e-12 -2.5551e-09 0.997676 4.80453e-09 3.18978e-07 -2.1109e-10 -4.81196e-09 0.995354
2.4 0.000459218 2.63142e-08 -2.29955e-11 -3.27213e-19 8.3937e-15 -2.29954e-11 2.6253e-08 6.75599e-17 -3.86128e-18 6.13207e-19 -6.77106e-17 2.6253e-08 1.38331e-16 8.39423e-15 -5.17185e-18 -1.37855e-16 2.61919e-08 -0.00087388 -1.24349e-11 3.1898e-07 -0.00087388 0.997676 2.56743e-09 -1.46738e-10 2.33033e-11 -2.57316e-09 0.997676 5.2569e-09 3.19e-07 -1.96542e-10 -5.2388e-09 0.995354
2.5 0.00047834 2.63122e-08 -2.49504e-11 -2.24811e-19 8.39211e-15 -2.49504e-11 2.62511e-08 6.70377e-17 -4.01765e-18 -3.06887e-20 -6.70586e-17 2.62511e-08 1.48646e-16 8.39423e-15 -5.60934e-18 -1.49365e-16 2.619e-08 -0.000948244 -8.544e-12 3.18943e-07 -0.000948243 0.997676 2.54778e-09 -1.52692e-10 -1.16633e-12 -2.54857e-09 0.997675 5.64931e-09 3.19024e-07 -2.13184e-10 -5.67665e-09 0.995354
2.6 0.000497461 2.63102e-08 -2.69849e-11 3.63688e-19 8.39256e-15 -2.69849e-11 2.6249e-08 6.73229e-17 -3.15599e-18 4.39535e-19 -6.74203e-17 2.6249e-08 1.61216e-16 8.39281e-15 -7.30489e-18 -1.62139e-16 2.61879e-08 -0.00102565 1.38231e-11 3.18985e-07 -0.00102565 0.997676 2.55882e-09 -1.19953e-10 1.67059e-11 -2.56252e-09 0.997675 6.12753e-09 3.18995e-07 -2.77645e-10 -6.1626e-09 0.995353
2.7 0.00051658 2.6308e-08 -2.9099e-11 5.20424e-19 8.39239e-15 -2.9099e-11 2.62469e-08 6.76236e-17 -3.88077e-18 6.32088e-19 -6.76236e-17 2.62469e-08 1.75295e-16 8.39313e-15 -7.88683e-18 -1.74255e-16 2.61858e-08 -0.00110609 1.9782e-11 3.19005e-07 -0.00110609 0.997676 2.57045e-09 -1.47513e-10 2.40264e-11 -2.57045e-09 0.997675 6.66316e-09 3.19033e-07 -2.99788e-10 -6.62366e-09 0.995353
2.8 0.000535698 2.63058e-08 -3.12927e-11 -4.3814e-19 8.38992e-15 -3.12927e-11 2.62447e-08 6.68874e-17 -3.51892e-18 -7.23087e-21 -6.68573e-17 2.62446e-08 1.87445e-16 8.3914e-15 -8.59151e-18 -1.87464e-16 2.61836e-08 -0.00118957 -1.66556e-11 3.18938e-07 -0.00118957 0.997675 2.54269e-09 -1.3377e-10 -2.74877e-13 -2.54154e-09 0.997675 7.12559e-09 3.18994e-07 -3.26601e-10 -7.12634e-09 0.995353
2.9 0.000554814 2.63035e-08 -3.35658e-11 5.73619e-19 8.38985e-15 -3.35658e-11 2.62424e-08 6.69174e-17 -3.87972e-18 -3.38069e-19 -6.71628e-17 2.62423e-08 2.02243e-16 8.39302e-15 -7.60859e-18 -2.01454e-16 2.61813e-08 -0.0012761 2.18077e-11 3.18963e-07 -0.0012761 0.997675 2.54405e-09 -1.47498e-10 -1.28526e-11 -2.55338e-09 0.997674 7.68882e-09 3.19083e-07 -2.89261e-10 -7.65881e-09 0.995352
3 0.000573928 2.63011e-08 -3.59184e-11 3.18009e-19 8.39075e-15 -3.59184e-11 2.624e-08 6.76515e-17 -5.19186e-18 -2.08014e-19 -6.83439e-17 2.624e-08 2.14633e-16 8.39105e-15 -8.23752e-18 -2.15453e-16 2.61789e-08 -0.00136566 1.20911e-11 3.19026e-07 -0.00136566 0.997675 2.57219e-09 -1.97401e-10 -7.90894e-12 -2.59851e-09 0.997674 8.16058e-09 3.19038e-07 -3.132e-10 -8.19178e-09 0.995352
3.1 0.00059304 2.62987e-08 -3.83505e-11 1.29747e-18 8.38853e-15 -3.83505e-11 2.62375e-08 6.73029e-17 -5.19627e-18 2.46955e-19 -6.73029e-17 2.62375e-08 2.29152e-16 8.39072e-15 -9.97617e-18 -2.28774e-16 2.61764e-08 -0.00145827 4.93358e-11 3.18972e-07 -0.00145827 0.997675 2.55917e-09 -1.97587e-10 9.3904e-12 -2.55917e-09 0.997674 8.71345e-09 3.19055e-07 -3.79341e-10 -8.69906e-09 0.995352
3.2 0.000612151 2.62961e-08 -4.0862e-11 4.82426e-20 8.38969e-15 -4.0862e-11 2.6235e-08 6.74498e-17 -6.14893e-18 -5.43882e-19 -6.75601e-17 2.6235e-08 2.44524e-16 8.38967e-15 -1.10026e-17 -2.44462e-16 2.61739e-08 -0.00155392 1.83459e-12 3.19046e-07 -0.00155391 0.997675 2.56501e-09 -2.33834e-10 -2.0683e-11 -2.5692e-09 0.997673 9.29884e-09 3.19046e-07 -4.18412e-10 -9.29651e-09 0.995351
3.3 0.00063126 2.62935e-08 -4.34529e-11 -6.45223e-19 8.38814e-15 -4.34528e-11 2.62324e-08 6.80319e-17 -5.08925e-18 2.34126e-19 -6.79528e-17 2.62323e-08 2.60869e-16 8.38967e-15 -1.0755e-17 -2.60857e-16 2.61713e-08 -0.00165261 -2.45392e-11 3.19019e-07 -0.00165261 0.997674 2.5874e-09 -1.93555e-10 8.90431e-12 -2.58439e-09 0.997673 9.92142e-09 3.19078e-07 -4.09035e-10 -9.92095e-09 0.995351
3.4 0.000650367 2.62908e-08 -4.61231e-11 3.87924e-19 8.38671e-15 -4.61231e-11 2.62297e-08 6.73858e-17 -5.49167e-18 -7.55662e-19 -6.65919e-17 2.62296e-08 2.7664e-16 8.38865e-15 -1.16898e-17 -2.75959e-16 2.61686e-08 -0.00175434 1.47551e-11 3.18998e-07 -0.00175434 0.997674 2.56309e-09 -2.08882e-10 -2.87424e-11 -2.53289e-09 0.997673 1.05223e-08 3.19071e-07 -4.44633e-10 -1.04964e-08 0.995351
3.5 0.000669472 2.62881e-08 -4.88726e-11 -3.24747e-19 8.38626e-15 -4.88726e-11 2.62269e-08 6.7673e-17 -7.0635e-18 4.93723e-19 -6.72561e-17 2.62269e-08 2.92861e-16 8.38759e-15 -1.23852e-17 -2.92042e-16 2.61658e-08 -0.00185912 -1.23534e-11 3.19014e-07 -0.00185912 0.997674 2.57429e-09 -2.68696e-10 1.87813e-11 -2.55843e-09 0.997672 1.11405e-08 3.19065e-07 -4.71136e-10 -1.11093e-08 0.99535
3.6 0.000688575 2.62852e-08 -5.17015e-11 -7.77821e-19 8.38566e-15 -5.17015e-11 2.6224e-08 6.70312e-17 -7.12264e-18 1.11891e-19 -6.72443e-17 2.6224e-08 3.09442e-16 8.38758e-15 -1.29671e-17 -3.0923e-16 2.6163e-08 -0.00196694 -2.95916e-11 3.19026e-07 -0.00196694 0.997674 2.55015e-09 -2.70975e-10 4.2568e-12 -2.55826e-09 0.997672 1.17725e-08 3.19099e-07 -4.93324e-10 -1.17644e-08 0.99535
3.7 0.000707676 2.62823e-08 -5.46096e-11 -5.00954e-19 8.38514e-15 -5.46096e-11 2.62211e-08 6.83427e-17 -6.85638e-18 6.42166e-19 -6.83675e-17 2.62211e-08 3.27619e-16 8.3868e-15 -1.45307e-17 -3.27714e-16 2.616e-08 -0.00207781 -1.90605e-11 3.19042e-07 -0.00207781 0.997673 2.60034e-09 -2.60875e-10 2.44335e-11 -2.60128e-09 0.997671 1.24654e-08 3.19105e-07 -5.52873e-10 -1.2469e-08 0.995349
3.8 0.000726775 2.62792e-08 -5.75969e-11 -1.86933e-20 8.38449e-15 -5.75969e-11 2.62181e-08 6.6955e-17 -8.35516e-18 3.53894e-19 -6.74914e-17 2.6218e-08 3.45554e-16 8.38564e-15 -1.43028e-17 -3.44157e-16 2.6157e-08 -0.00219173 -7.11334e-13 3.19054e-07 -0.00219172 0.997673 2.54783e-09 -3.17938e-10 1.34667e-11 -2.56824e-09 0.997671 1.31493e-08 3.19098e-07 -5.44263e-10 -1.30962e-08 0.995349
3.9 0.000745871 2.62762e-08 -6.06634e-11 -4.31039e-19 8.38298e-15 -6.06634e-11 2.6215e-08 6.71259e-17 -9.2149e-18 7.46388e-20 -6.74938e-17 2.62149e-08 3.63064e-16 8.38417e-15 -1.47021e-17 -3.64142e-16 2.61539e-08 -0.00230869 -1.64042e-11 3.19034e-07 -0.00230869 0.997673 2.55463e-09 -3.50694e-10 2.84055e-12 -2.56863e-09 0.99767 1.38172e-08 3.19079e-07 -5.59524e-10 -1.38583e-08 0.995348
4 0.000764965 2.6273e-08 -6.38091e-11 7.26652e-20 8.38354e-15 -6.3809e-11 2.62118e-08 6.69255e-17 -8.73922e-18 -2.63683e-20 -6.79815e-17 2.62117e-08 3.82015e-16 8.38409e-15 -1.45882e-17 -3.81835e-16 2.61507e-08 -0.0024287 2.76578e-12 3.19094e-07 -0.00242869 0.997672 2.54731e-09 -3.32631e-10 -1.00363e-12 -2.58751e-09 0.99767 1.45402e-08 3.19115e-07 -5.55253e-10 -1.45334e-08 0.995348
4.1 0.000784057 2.62697e-08 -6.70338e-11 -5.15757e-19 8.38161e-15 -6.70338e-11 2.62086e-08 6.68256e-17 -9.71825e-18 5.15944e-19 -6.70958e-17 2.62085e-08 4.01236e-16 8.38329e-15 -1.78347e-17 -4.00969e-16 2.61475e-08 -0.00255175 -1.96331e-11 3.1906e-07 -0.00255175 0.997672 2.54383e-09 -3.69941e-10 1.96403e-11 -2.55411e-09 0.997669 1.52737e-08 3.19124e-07 -6.78906e-10 -1.52635e-08 0.995347
4.2 0.000803147 2.62664e-08 -7.03376e-11 -2.29174e-19 8.38098e-15 -7.03376e-11 2.62052e-08 6.70019e-17 -8.40958e-18 -6.00967e-19 -6.72472e-17 2.62051e-08 4.21319e-16 8.38339e-15 -1.75703e-17 -4.21211e-16 2.61441e-08 -0.00267786 -8.72498e-12 3.19076e-07 -0.00267786 0.997672 2.55086e-09 -3.20165e-10 -2.28797e-11 -2.5602e-09 0.997668 1.60402e-08 3.19168e-07 -6.68928e-10 -1.60361e-08 0.995346
4.3 0.000822234 2.6263e-08 -7.37205e-11 -9.15086e-19 8.38037e-15 -7.37204e-11 2.62018e-08 6.73029e-17 -1.03809e-17 2.027e-19 -6.69431e-17 2.62017e-08 4.41363e-16 8.38151e-15 -1.8757e-17 -4.41623e-16 2.61407e-08 -0.00280701 -3.48432e-11 3.19095e-07 -0.00280701 0.997672 2.56265e-09 -3.95269e-10 7.71809e-12 -2.54895e-09 0.997668 1.68055e-08 3.19138e-07 -7.142e-10 -1.68154e-08 0.995346
4.4 0.000841318 2.62595e-08 -7.71823e-11 -1.08663e-18 8.37915e-15 -7.71823e-11 2.61983e-08 6.69371e-17 -1.03177e-17 1.21283e-19 -6.6991e-17 2.61982e-08 4.62284e-16 8.38087e-15 -2.00745e-17 -4.62362e-16 2.61372e-08 -0.00293922 -4.13803e-11 3.19091e-07 -0.00293922 0.997671 2.54906e-09 -3.92915e-10 4.61863e-12 -2.55112e-09 0.997667 1.76045e-08 3.19156e-07 -7.64468e-10 -1.76074e-08 0.995345
4.5 0.0008604 2.62559e-08 -8.07231e-11 -7.43507e-19 8.37829e-15 -8.0723e-11 2.61947e-08 6.66768e-17 -1.05941e-17 4.21391e-19 -6.78813e-17 2.61946e-08 4.83846e-16 8.38021e-15 -2.01241e-17 -4.83709e-16 2.61337e-08 -0.00307447 -2.83177e-11 3.19101e-07 -0.00307447 0.997671 2.5395e-09 -4.03495e-10 1.60494e-11 -2.58537e-09 0.997666 1.84281e-08 3.19174e-07 -7.66459e-10 -1.84229e-08 0.995344
4.6 0.00087948 2.62522e-08 -8.43427e-11 -3.48635e-20 8.37789e-15 -8.43427e-11 2.61911e-08 6.74942e-17 -1.17207e-17 9.41372e-20 -6.82739e-17 2.61909e-08 5.05742e-16 8.37916e-15 -2.14204e-17 -5.05843e-16 2.613e-08 -0.00321278 -1.32802e-12 3.19131e-07 -0.00321278 0.997671 2.57099e-09 -4.46464e-10 3.58588e-12 -2.60069e-09 0.997665 1.92647e-08 3.19179e-07 -8.15947e-10 -1.92686e-08 0.995344
4.7 0.000898556 2.62485e-08 -8.80413e-11 4.79282e-19 8.3766e-15 -8.80412e-11 2.61874e-08 6.68253e-17 -1.2429e-17 2.45491e-19 -6.75176e-17 2.61872e-08 5.27219e-16 8.37803e-15 -2.18468e-17 -5.27953e-16 2.61263e-08 -0.00335414 1.82594e-11 3.19127e-07 -0.00335414 0.99767 2.54587e-09 -4.73513e-10 9.35258e-12 -2.57225e-09 0.997665 2.00857e-08 3.19181e-07 -8.32307e-10 -2.01137e-08 0.995343
4.8 0.00091763 2.62447e-08 -9.18186e-11 3.58736e-19 8.37539e-15 -9.18185e-11 2.61835e-08 6.73983e-17 -1.23922e-17 -4.83497e-19 -6.7132e-17 2.61834e-08 5.50248e-16 8.37707e-15 -2.21175e-17 -5.5071e-16 2.61224e-08 -0.00349856 1.36689e-11 3.19127e-07 -0.00349856 0.99767 2.56807e-09 -4.72179e-10 -1.84227e-11 -2.55793e-09 0.997664 2.09661e-08 3.19191e-07 -8.42741e-10 -2.09837e-08 0.995342
4.9 0.000936701 2.62408e-08 -9.56747e-11 6.39131e-19 8.37425e-15 -9.56746e-11 2.61796e-08 6.74591e-17 -1.35877e-17 -9.96768e-19 -6.64757e-17 2.61795e-08 5.72996e-16 8.3768e-15 -2.37105e-17 -5.73246e-16 2.61185e-08 -0.00364603 2.43564e-11 3.19131e-07 -0.00364603 0.99767 2.57077e-09 -5.17807e-10 -3.79855e-11 -2.5333e-09 0.997663 2.18361e-08 3.19228e-07 -9.03573e-10 -2.18456e-08 0.995341
5 0.00095577 2.62368e-08 -9.96095e-11 1.31724e-19 8.37262e-15 -9.96094e-11 2.61757e-08 6.76131e-17 -1.32733e-17 3.6569e-19 -6.68637e-17 2.61755e-08 5.96226e-16 8.37525e-15 -2.49825e-17 -5.96048e-16 2.61146e-08 -0.00379655 5.02057e-12 3.19117e-07 -0.00379655 0.997669 2.57703e-09 -5.05905e-10 1.3938e-11 -2.54847e-09 0.997662 2.27248e-08 3.19218e-07 -9.52192e-10 -2.2718e-08 0.99534
5.1 0.000974835 2.62328e-08 -1.03623e-10 5.44716e-19 8.37264e-15 -1.03623e-10 2.61716e-08 6.69505e-17 -1.48965e-17 3.5345e-19 -6.72298e-17 2.61714e-08 6.2121e-16 8.37353e-15 -2.5015e-17 -6.2113e-16 2.61105e-08 -0.00395013 2.07647e-11 3.19167e-07 -0.00395013 0.997669 2.55217e-09 -5.67858e-10 1.34736e-11 -2.56282e-09 0.997661 2.36807e-08 3.19201e-07 -9.53578e-10 -2.36777e-08 0.995339
5.2 0.000993897 2.62286e-08 -1.07715e-10 1.50645e-19 8.37116e-15 -1.07715e-10 2.61675e-08 6.68642e-17 -1.42402e-17 -4.05233e-19 -6.73792e-17 2.61673e-08 6.45546e-16 8.37321e-15 -2.65768e-17 -6.45873e-16 2.61064e-08 -0.00410677 5.74352e-12 3.19161e-07 -0.00410677 0.997669 2.54928e-09 -5.42925e-10 -1.545e-11 -2.56892e-09 0.99766 2.46123e-08 3.19239e-07 -1.01328e-09 -2.46247e-08 0.995338
5.3 0.00101296 2.62244e-08 -1.11886e-10 -2.77644e-19 8.37004e-15 -1.11886e-10 2.61633e-08 6.78086e-17 -1.53929e-17 -1.61313e-19 -6.67699e-17 2.6163e-08 6.69748e-16 8.37205e-15 -2.92922e-17 -6.69553e-16 2.61021e-08 -0.00426647 -1.05872e-11 3.1917e-07 -0.00426646 0.997668 2.5857e-09 -5.86967e-10 -6.15126e-12 -2.5461e-09 0.997659 2.55391e-08 3.19246e-07 -1.11698e-09 -2.55316e-08 0.995337
5.4 0.00103201 2.62201e-08 -1.16135e-10 -1.35121e-18 8.36859e-15 -1.16135e-10 2.6159e-08 6.75982e-17 -1.61438e-17 4.90488e-19 -6.80239e-17 2.61587e-08 6.95885e-16 8.37222e-15 -3.01352e-17 -6.96613e-16 2.60978e-08 -0.00442922 -5.15334e-11 3.19167e-07 -0.00442922 0.997668 2.5781e-09 -6.15703e-10 1.87065e-11 -2.59434e-09 0.997658 2.65401e-08 3.19305e-07 -1.14932e-09 -2.65679e-08 0.995336
5.5 0.00105107 2.62158e-08 -1.20462e-10 5.54698e-19 8.3688e-15 -1.20462e-10 2.61546e-08 6.72429e-17 -1.6145e-17 -2.99838e-19 -6.63932e-17 2.61543e-08 7.21681e-16 8.37005e-15 -3.08161e-17 -7.22802e-16 2.60935e-08 -0.00459504 2.1159e-11 3.19228e-07 -0.00459503 0.997667 2.56498e-09 -6.15852e-10 -1.14373e-11 -2.53257e-09 0.997657 2.75285e-08 3.19276e-07 -1.17548e-09 -2.75713e-08 0.995335
5.6 0.00107012 2.62113e-08 -1.24868e-10 3.80596e-19 8.36643e-15 -1.24868e-10 2.61502e-08 6.74321e-17 -1.69491e-17 6.35428e-19 -6.76468e-17 2.61499e-08 7.48575e-16 8.36866e-15 -3.22838e-17 -7.48315e-16 2.6089e-08 -0.00476392 1.45203e-11 3.19192e-07 -0.00476391 0.997667 2.57263e-09 -6.46635e-10 2.42425e-11 -2.58082e-09 0.997656 2.85593e-08 3.19277e-07 -1.23167e-09 -2.85493e-08 0.995334
5.7 0.00108916 2.62068e-08 -1.29353e-10 -2.45156e-19 8.36551e-15 -1.29353e-10 2.61456e-08 6.69838e-17 -1.79626e-17 2.77888e-19 -6.7509e-17 2.61453e-08 7.75468e-16 8.36812e-15 -3.17416e-17 -7.75499e-16 2.60845e-08 -0.00493585 -9.35469e-12 3.19212e-07 -0.00493585 0.997667 2.55597e-09 -6.8542e-10 1.06037e-11 -2.57601e-09 0.997654 2.95904e-08 3.19311e-07 -1.2112e-09 -2.95915e-08 0.995333
5.8 0.00110821 2.62022e-08 -1.33915e-10 4.1789e-20 8.36506e-15 -1.33915e-10 2.6141e-08 6.67528e-17 -1.77066e-17 -3.11328e-20 -6.79113e-17 2.61407e-08 8.0237e-16 8.36753e-15 -3.3408e-17 -8.01664e-16 2.60798e-08 -0.00511085 1.59487e-12 3.19251e-07 -0.00511085 0.997666 2.5476e-09 -6.7577e-10 -1.18818e-12 -2.59182e-09 0.997653 3.06223e-08 3.19345e-07 -1.27501e-09 -3.05953e-08 0.995331
5.9 0.00112725 2.61975e-08 -1.38556e-10 2.29763e-19 8.36344e-15 -1.38556e-10 2.61363e-08 6.75806e-17 -1.88885e-17 -1.65176e-19 -6.73725e-17 2.6136e-08 8.29547e-16 8.36582e-15 -3.53535e-17 -8.31003e-16 2.60751e-08 -0.00528892 8.77044e-12 3.19246e-07 -0.00528892 0.997666 2.57966e-09 -7.21006e-10 -6.30502e-12 -2.57172e-09 0.997652 3.16651e-08 3.19337e-07 -1.3495e-09 -3.17207e-08 0.99533
6 0.00172656 2.61927e-08 -1.43276e-10 1.71539e-19 8.36235e-15 -1.43275e-10 2.61316e-08 6.68487e-17 -1.94204e-17 8.02633e-19 -6.69349e-17 2.61312e-08 8.57892e-16 8.36391e-15 -3.54545e-17 -8.59335e-16 2.60704e-08 -0.00547005 6.54912e-12 3.19262e-07 -0.00547005 0.997665 2.55219e-09 -7.41442e-10 3.06434e-11 -2.55548e-09 0.99765 3.27531e-08 3.19322e-07 -1.3536e-09 -3.28082e-08 0.995329
6.2 0.00236869 2.61829e-08 -1.52948e-10 5.68667e-19 8.35985e-15 -1.52948e-10 2.61218e-08 6.71063e-17 -2.03807e-17 3.58687e-19 -6.69018e-17 2.61214e-08 9.16685e-16 8.36273e-15 -3.80733e-17 -9.15811e-16 2.60606e-08 -0.00584151 2.1719e-11 3.19286e-07 -0.00584151 0.997665 2.56298e-09 -7.78394e-10 1.36992e-11 -2.55517e-09 0.997647 3.50108e-08 3.19396e-07 -1.45413e-09 -3.49774e-08 0.995326
6.4 0.00244479 2.61729e-08 -1.62933e-10 -1.09725e-18 8.35672e-15 -1.62932e-10 2.61117e-08 6.63942e-17 -2.27385e-17 1.82008e-18 -6.71294e-17 2.61112e-08 9.75766e-16 8.35983e-15 -4.03184e-17 -9.75507e-16 2.60504e-08 -0.00622525 -4.19233e-11 3.19289e-07 -0.00622524 0.997664 2.53676e-09 -8.68783e-10 6.95408e-11 -2.56485e-09 0.997644 3.72816e-08 3.19408e-07 -1.54047e-09 -3.72717e-08 0.995322
6.6 0.00252085 2.61625e-08 -1.73229e-10 -2.98026e-19 8.35395e-15 -1.73228e-10 2.61013e-08 6.72291e-17 -2.32857e-17 7.8834e-19 -6.67952e-17 2.61007e-08 1.03759e-15 8.35691e-15 -4.32933e-17 -1.03783e-15 2.604e-08 -0.00662127 -1.13914e-11 3.1931e-07 -0.00662126 0.997663 2.56968e-09 -8.90041e-10 3.01325e-11 -2.55309e-09 0.997641 3.96597e-08 3.19424e-07 -1.65479e-09 -3.96685e-08 0.995319
6.8 0.00259689 2.61518e-08 -1.83836e-10 -3.55034e-19 8.35201e-15 -1.83836e-10 2.60906e-08 6.6845e-17 -2.54864e-17 -2.54483e-19 -6.69849e-17 2.609e-08 1.10099e-15 8.35442e-15 -4.60485e-17 -1.10145e-15 2.60292e-08 -0.00702958 -1.35759e-11 3.19367e-07 -0.00702957 0.997662 2.55604e-09 -9.74558e-10 -9.73101e-12 -2.56139e-09 0.997637 4.21e-08 3.19459e-07 -1.76082e-09 -4.21175e-08 0.995315
7 0.00267289 2.61407e-08 -1.94753e-10 -1.18345e-19 8.34864e-15 -1.94753e-10 2.60796e-08 6.67987e-17 -2.65374e-17 1.51403e-18 -6.70409e-17 2.60789e-08 1.16714e-15 8.35204e-15 -4.91131e-17 -1.16702e-15 2.60182e-08 -0.00745019 -4.52721e-12 3.19373e-07 -0.00745018 0.997661 2.55535e-09 -1.01517e-09 5.79183e-11 -2.56461e-09 0.997633 4.46482e-08 3.19503e-07 -1.8788e-09 -4.46437e-08 0.995311
7.2 0.00274886 2.61294e-08 -2.05981e-10 -2.13821e-19 8.34534e-15 -2.05981e-10 2.60682e-08 6.67191e-17 -2.84178e-17 -4.52496e-19 -6.65538e-17 2.60674e-08 1.23419e-15 8.34978e-15 -5.28805e-17 -1.23421e-15 2.60068e-08 -0.00788311 -8.18316e-12 3.19385e-07 -0.00788311 0.99766 2.55341e-09 -1.08758e-09 -1.73175e-11 -2.54709e-09 0.997629 4.72338e-08 3.19555e-07 -2.0238e-09 -4.72345e-08 0.995307
7.4 0.0028248 2.61177e-08 -2.17518e-10 -6.95077e-19 8.34173e-15 -2.17518e-10 2.60566e-08 6.65781e-17 -2.96397e-17 3.37202e-19 -6.72105e-17 2.60557e-08 1.30253e-15 8.34652e-15 -5.48183e-17 -1.30313e-15 2.5995e-08 -0.00832836 -2.66132e-11 3.19389e-07 -0.00832835 0.997659 2.54915e-09 -1.13485e-09 1.29109e-11 -2.57336e-09 0.997624 4.98713e-08 3.19573e-07 -2.09889e-09 -4.98946e-08 0.995302
7.6 0.00290071 2.61058e-08 -2.29364e-10 3.01102e-19 8.33856e-15 -2.29364e-10 2.60446e-08 6.78992e-17 -3.22262e-17 1.1856e-19 -6.72756e-17 2.60436e-08 1.37328e-15 8.34314e-15 -5.80347e-17 -1.37303e-15 2.5983e-08 -0.00878594 1.15339e-11 3.19414e-07 -0.00878593 0.997658 2.60093e-09 -1.23445e-09 4.54152e-12 -2.57704e-09 0.997619 5.26043e-08 3.1959e-07 -2.22306e-09 -5.25949e-08 0.995297
7.8 0.00297657 2.60935e-08 -2.41518e-10 -3.09354e-19 8.335e-15 -2.41518e-10 2.60323e-08 6.60593e-17 -3.28666e-17 2.89871e-19 -6.72733e-17 2.60312e-08 1.44688e-15 8.33957e-15 -6.03071e-17 -1.44675e-15 2.59706e-08 -0.00925586 -1.18556e-11 3.19428e-07 -0.00925585 0.997657 2.53164e-09 -1.25957e-09 1.1109e-11 -2.57816e-09 0.997614 5.54498e-08 3.19603e-07 -2.31119e-09 -5.54449e-08 0.995292
8 0.00305241 2.60809e-08 -2.53979e-10 -3.57597e-19 8.3325e-15 -2.53979e-10 2.60198e-08 6.72077e-17 -3.44347e-17 1.92137e-19 -6.68961e-17 2.60185e-08 1.52147e-15 8.33768e-15 -6.2901e-17 -1.52175e-15 2.5958e-08 -0.00973814 -1.37111e-11 3.19487e-07 -0.00973813 0.997655 2.57689e-09 -1.3203e-09 7.36695e-12 -2.56495e-09 0.997608 5.83366e-08 3.19685e-07 -2.41176e-09 -5.83475e-08 0.995286
8.2 0.0031282 2.6068e-08 -2.66748e-10 4.68182e-19 8.32946e-15 -2.66748e-10 2.60069e-08 6.64994e-17 -3.76122e-17 9.92651e-19 -6.6538e-17 2.60055e-08 1.59725e-15 8.33429e-15 -6.70349e-17 -1.59736e-15 2.5945e-08 -0.0102328 1.796e-11 3.19528e-07 -0.0102328 0.997654 2.55099e-09 -1.44285e-09 3.80793e-11 -2.55248e-09 0.997602 6.12726e-08 3.19713e-07 -2.57154e-09 -6.12767e-08 0.99528
8.4 0.00320396 2.60548e-08 -2.79823e-10 5.69392e-20 8.32636e-15 -2.79823e-10 2.59937e-08 6.68354e-17 -3.81945e-17 1.28294e-18 -6.70517e-17 2.59922e-08 1.67685e-15 8.33162e-15 -7.0292e-17 -1.67549e-15 2.59317e-08 -0.0107398 2.18536e-12 3.19571e-07 -0.0107398 0.997653 2.56519e-09 -1.46593e-09 4.92399e-11 -2.57349e-09 0.997595 6.43586e-08 3.19773e-07 -2.69785e-09 -6.43063e-08 0.995274
8.6 0.00327968 2.60413e-08 -2.93204e-10 2.78518e-19 8.32256e-15 -2.93204e-10 2.59801e-08 6.61228e-17 -3.98093e-17 1.30094e-18 -6.60125e-17 2.59785e-08 1.75703e-15 8.32701e-15 -7.34949e-17 -1.75639e-15 2.5918e-08 -0.0112592 1.06953e-11 3.19591e-07 -0.0112592 0.997652 2.53915e-09 -1.5287e-09 4.99569e-11 -2.53491e-09 0.997588 6.7471e-08 3.19762e-07 -2.82224e-09 -6.74464e-08 0.995267
8.8 0.00335535 2.60275e-08 -3.0689e-10 -3.03303e-19 8.31913e-15 -3.0689e-10 2.59663e-08 6.63419e-17 -4.23176e-17 1.32011e-18 -6.71049e-17 2.59645e-08 1.83919e-15 8.32387e-15 -7.72856e-17 -1.83853e-15 2.59041e-08 -0.011791 -1.16532e-11 3.19629e-07 -0.011791 0.997651 2.54892e-09 -1.62588e-09 5.07198e-11 -2.57824e-09 0.997581 7.06636e-08 3.19811e-07 -2.96939e-09 -7.06383e-08 0.995259
9 0.00343099 2.60133e-08 -3.20881e-10 -1.68986e-18 8.31487e-15 -3.20881e-10 2.59522e-08 6.7543e-17 -4.27317e-17 -2.34984e-19 -6.61522e-17 2.59502e-08 1.92211e-15 8.32072e-15 -8.04237e-17 -1.92269e-15 2.58898e-08 -0.0123352 -6.49613e-11 3.19639e-07 -0.0123352 0.997649 2.59648e-09 -1.64268e-09 -9.03323e-12 -2.54301e-09 0.997573 7.38894e-08 3.19864e-07 -3.09163e-09 -7.39117e-08 0.995251
9.2 0.00350659 2.59989e-08 -3.35175e-10 -4.23337e-19 8.31164e-15 -3.35175e-10 2.59378e-08 6.77505e-17 -4.56179e-17 4.78867e-19 -6.69087e-17 2.59356e-08 2.00684e-15 8.31859e-15 -8.30932e-17 -2.00758e-15 2.58752e-08 -0.0128919 -1.62829e-11 3.19692e-07 -0.0128919 0.997648 2.6059e-09 -1.75461e-09 1.84188e-11 -2.57352e-09 0.997565 7.71894e-08 3.19959e-07 -3.19603e-09 -7.72181e-08 0.995243
9.4 0.00358214 2.59842e-08 -3.49772e-10 -3.35868e-20 8.30809e-15 -3.49772e-10 2.5923e-08 6.56724e-17 -4.70191e-17 1.51397e-19 -6.56245e-17 2.59207e-08 2.09483e-15 8.31284e-15 -8.76423e-17 -2.09524e-15 2.58603e-08 -0.013461 -1.29259e-12 3.19737e-07 -0.013461 0.997647 2.5274e-09 -1.80953e-09 5.82652e-12 -2.52556e-09 0.997556 8.06193e-08 3.19919e-07 -3.37291e-09 -8.06354e-08 0.995234
9.6 0.00365765 2.59691e-08 -3.64672e-10 7.93401e-19 8.30301e-15 -3.64672e-10 2.5908e-08 6.68706e-17 -4.94284e-17 4.78895e-19 -6.66956e-17 2.59054e-08 2.18435e-15 8.31002e-15 -9.06762e-17 -2.18445e-15 2.58451e-08 -0.0140425 3.05517e-11 3.19726e-07 -0.0140425 0.997645 2.57501e-09 -1.90335e-09 1.8441e-11 -2.56827e-09 0.997547 8.41133e-08 3.19996e-07 -3.4917e-09 -8.41172e-08 0.995225
9.8 0.00373311 2.59538e-08 -3.79873e-10 -1.19896e-18 8.3001e-15 -3.79873e-10 2.58926e-08 6.66242e-17 -5.14006e-17 1.09526e-18 -6.55001e-17 2.58898e-08 2.27484e-15 8.30522e-15 -9.45243e-17 -2.2758e-15 2.58296e-08 -0.0146365 -4.61959e-11 3.19803e-07 -0.0146365 0.997644 2.56704e-09 -1.98047e-09 4.22003e-11 -2.52372e-09 0.997537 8.76499e-08 3.20001e-07 -3.64203e-09 -8.76869e-08 0.995215
10 0.00380853 2.59381e-08 -3.95375e-10 -8.41831e-19 8.29548e-15 -3.95375e-10 2.5877e-08 6.58401e-17 -5.3697e-17 -4.62143e-19 -6.63932e-17 2.58739e-08 2.36819e-15 8.30126e-15 -9.92439e-17 -2.36806e-15 2.58137e-08 -0.015243 -3.24554e-11 3.19818e-07 -0.015243 0.997643 2.53836e-09 -2.0702e-09 -1.78171e-11 -2.55968e-09 0.997526 9.13017e-08 3.20041e-07 -3.82618e-09 -9.12967e-08 0.995204
10.2 0.0038839 2.59221e-08 -4.11177e-10 -3.1632e-19 8.29154e-15 -4.11177e-10 2.5861e-08 6.68407e-17 -5.6205e-17 -2.16104e-19 -6.56304e-17 2.58577e-08 2.46239e-15 8.29938e-15 -1.02929e-16 -2.46324e-15 2.57975e-08 -0.015862 -1.22027e-11 3.19863e-07 -0.015862 0.997641 2.57852e-09 -2.16822e-09 -8.33665e-12 -2.53183e-09 0.997515 9.49917e-08 3.20166e-07 -3.9707e-09 -9.50246e-08 0.995193
10.4 0.00395923 2.59059e-08 -4.27279e-10 -9.97505e-19 8.28691e-15 -4.27278e-10 2.58447e-08 6.72871e-17 -5.79082e-17 1.1868e-18 -6.78374e-17 2.58412e-08 2.55952e-15 8.29576e-15 -1.07593e-16 -2.55954e-15 2.5781e-08 -0.0164935 -3.8505e-11 3.19885e-07 -0.0164935 0.99764 2.59737e-09 -2.23533e-09 4.58121e-11 -2.61861e-09 0.997503 9.88009e-08 3.20227e-07 -4.15323e-09 -9.88014e-08 0.995182
10.6 0.0040345 2.58893e-08 -4.43679e-10 -7.47278e-19 8.28216e-15 -4.43678e-10 2.58282e-08 6.55068e-17 -6.02139e-17 5.7997e-19 -6.56209e-17 2.58244e-08 2.65785e-15 8.29098e-15 -1.11059e-16 -2.65755e-15 2.57642e-08 -0.0171375 -2.88643e-11 3.19907e-07 -0.0171375 0.997638 2.53026e-09 -2.32582e-09 2.24019e-11 -2.53467e-09 0.997491 1.02662e-07 3.20247e-07 -4.28977e-09 -1.02651e-07 0.995169
10.8 0.00410973 2.58724e-08 -4.60376e-10 -3.10494e-19 8.27806e-15 -4.60376e-10 2.58113e-08 6.70576e-17 -6.2021e-17 1.4849e-18 -6.58565e-17 2.58072e-08 2.75747e-15 8.28494e-15 -1.15517e-16 -2.75822e-15 2.57471e-08 -0.0177941 -1.20009e-11 3.19957e-07 -0.0177941 0.997637 2.59186e-09 -2.39718e-09 5.7393e-11 -2.54543e-09 0.997478 1.06579e-07 3.20223e-07 -4.46486e-09 -1.06609e-07 0.995156
11 0.00418491 2.58553e-08 -4.77371e-10 -8.68217e-20 8.27383e-15 -4.7737e-10 2.57941e-08 6.6888e-17 -6.51175e-17 6.44343e-19 -6.57353e-17 2.57897e-08 2.85954e-15 8.28308e-15 -1.19172e-16 -2.86038e-15 2.57297e-08 -0.0184632 -3.35799e-12 3.20005e-07 -0.0184632 0.997635 2.58701e-09 -2.51854e-09 2.49211e-11 -2.54243e-09 0.997464 1.10598e-07 3.20363e-07 -4.60921e-09 -1.1063e-07 0.995143
11.2 0.00426003 2.58378e-08 -4.94661e-10 1.30112e-19 8.26846e-15 -4.94661e-10 2.57767e-08 6.62826e-17 -6.73028e-17 5.9724e-19 -6.59478e-17 2.57719e-08 2.96371e-15 8.27792e-15 -1.23635e-16 -2.96321e-15 2.57119e-08 -0.0191449 5.03573e-12 3.20014e-07 -0.0191448 0.997634 2.56533e-09 -2.60482e-09 2.3115e-11 -2.55238e-09 0.99745 1.14704e-07 3.2038e-07 -4.78504e-09 -1.14685e-07 0.995128
11.4 0.00433511 2.582e-08 -5.12247e-10 -1.02587e-18 8.26407e-15 -5.12246e-10 2.57589e-08 6.61814e-17 -7.02609e-17 3.03141e-19 -6.62328e-17 2.57538e-08 3.06848e-15 8.27367e-15 -1.28281e-16 -3.06874e-15 2.56939e-08 -0.0198391 -3.97317e-11 3.20064e-07 -0.0198391 0.997632 2.56318e-09 -2.72118e-09 1.17405e-11 -2.56517e-09 0.997435 1.18841e-07 3.20436e-07 -4.96829e-09 -1.18851e-07 0.995113
11.6 0.00441013 2.5802e-08 -5.30127e-10 -6.8995e-19 8.2598e-15 -5.30126e-10 2.57408e-08 6.66631e-17 -7.20906e-17 6.60966e-19 -6.63814e-17 2.57354e-08 3.1759e-15 8.26841e-15 -1.32966e-16 -3.176e-15 2.56755e-08 -0.020546 -2.67402e-11 3.20123e-07 -0.0205459 0.99763 2.58364e-09 -2.794e-09 2.56169e-11 -2.57273e-09 0.997419 1.23087e-07 3.20456e-07 -5.15331e-09 -1.23091e-07 0.995097
11.8 0.0044851 2.57836e-08 -5.483e-10 -2.5659e-19 8.25453e-15 -5.483e-10 2.57225e-08 6.64484e-17 -7.4479e-17 9.25905e-19 -6.60115e-17 2.57166e-08 3.28385e-15 8.26442e-15 -1.37993e-16 -3.2844e-15 2.56568e-08 -0.0212654 -9.95166e-12 3.20146e-07 -0.0212654 0.997629 2.57715e-09 -2.88862e-09 3.59106e-11 -2.56021e-09 0.997402 1.27362e-07 3.2053e-07 -5.35197e-09 -1.27383e-07 0.99508
12 0.0139046 2.5765e-08 -5.66766e-10 -8.83563e-19 8.24965e-15 -5.66766e-10 2.57038e-08 6.55756e-17 -7.68136e-17 1.16726e-18 -6.62737e-17 2.56976e-08 3.39517e-15 8.25936e-15 -1.42176e-16 -3.39438e-15 2.56378e-08 -0.0219975 -3.42932e-11 3.20188e-07 -0.0219975 0.997627 2.54514e-09 -2.98132e-09 4.53042e-11 -2.57224e-09 0.997384 1.31774e-07 3.20565e-07 -5.51821e-09 -1.31744e-07 0.995063
13 0.0246683 2.56673e-08 -6.63451e-10 1.35064e-19 8.22493e-15 -6.63451e-10 2.56062e-08 6.6369e-17 -9.05058e-17 1.33487e-18 -6.6031e-17 2.55976e-08 3.97437e-15 8.23541e-15 -1.66233e-16 -3.97432e-15 2.5538e-08 -0.0258481 5.26211e-12 3.20444e-07 -0.0258481 0.997618 2.58574e-09 -3.52611e-09 5.20066e-11 -2.57257e-09 0.997283 1.54842e-07 3.20852e-07 -6.47644e-09 -1.5484e-07 0.994962
14 0.0265294 2.55624e-08 -7.67307e-10 -1.07559e-18 8.19671e-15 -7.67306e-10 2.55013e-08 6.52241e-17 -1.05507e-16 3.18e-19 -6.56067e-17 2.54897e-08 4.59661e-15 8.20971e-15 -1.91568e-16 -4.59703e-15 2.54304e-08 -0.030017 -4.20771e-11 3.20655e-07 -0.030017 0.997608 2.55157e-09 -4.12741e-09 1.24401e-11 -2.56653e-09 0.997157 1.79819e-07 3.21163e-07 -7.49414e-09 -1.79835e-07 0.994835
15 0.0283823 2.54504e-08 -8.78205e-10 -1.83791e-18 8.16659e-15 -8.78204e-10 2.53892e-08 6.58482e-17 -1.20589e-16 1.61305e-18 -6.48687e-17 2.5374e-08 5.26188e-15 8.18238e-15 -2.19394e-16 -5.26116e-15 2.5315e-08 -0.0345066 -7.22156e-11 3.20883e-07 -0.0345066 0.997598 2.58732e-09 -4.7382e-09 6.33803e-11 -2.54883e-09 0.997001 2.06751e-07 3.21503e-07 -8.62047e-09 -2.06722e-07 0.99468
16 0.0302266 2.53314e-08 -9.96009e-10 -1.92282e-18 8.13504e-15 -9.96009e-10 2.52702e-08 6.53931e-17 -1.35942e-16 1.66155e-18 -6.4139e-17 2.52506e-08 5.96707e-15 8.15217e-15 -2.50677e-16 -5.96668e-15 2.51918e-08 -0.0393192 -7.59066e-11 3.21145e-07 -0.0393192 0.997587 2.58151e-09 -5.36656e-09 6.55926e-11 -2.532e-09 0.996811 2.35561e-07 3.21821e-07 -9.89594e-09 -2.35545e-07 0.994491
17 0.0320617 2.52055e-08 -1.12057e-09 -1.339e-18 8.10234e-15 -1.12057e-09 2.51444e-08 6.4422e-17 -1.53538e-16 1.51203e-18 -6.42316e-17 2.51194e-08 6.71203e-15 8.12012e-15 -2.80666e-16 -6.71237e-15 2.50609e-08 -0.0444575 -5.31233e-11 3.21451e-07 -0.0444575 0.997575 2.55587e-09 -6.09146e-09 5.99882e-11 -2.54832e-09 0.996584 2.66292e-07 3.22157e-07 -1.11351e-08 -2.66306e-07 0.994263
18 0.0338871 2.5073e-08 -1.25175e-09 -1.75977e-18 8.06616e-15 -1.25175e-09 2.50118e-08 6.5205e-17 -1.70214e-16 1.92965e-18 -6.39927e-17 2.49805e-08 7.49847e-15 8.088e-15 -3.13315e-16 -7.49896e-15 2.49223e-08 -0.0499242 -7.01861e-11 3.21707e-07 -0.0499241 0.997562 2.60061e-09 -6.78873e-09 7.69615e-11 -2.55226e-09 0.996312 2.99066e-07 3.22579e-07 -1.24961e-08 -2.99086e-07 0.993992
19 0.0357021 2.49339e-08 -1.38937e-09 -1.99966e-18 8.0283e-15 -1.38936e-09 2.48728e-08 6.42485e-17 -1.8958e-16 2.9374e-18 -6.43505e-17 2.48339e-08 8.32392e-15 8.05256e-15 -3.47926e-16 -8.32321e-15 2.47761e-08 -0.0557219 -8.01983e-11 3.21983e-07 -0.0557219 0.997548 2.57675e-09 -7.6033e-09 1.17808e-10 -2.58084e-09 0.995991 3.33839e-07 3.22956e-07 -1.39539e-08 -3.33811e-07 0.993672
20 0.0375062 2.47885e-08 -1.53326e-09 -1.45834e-18 7.99024e-15 -1.53326e-09 2.47274e-08 6.35504e-17 -2.07586e-16 1.54003e-18 -6.39957e-17 2.46798e-08 9.18622e-15 8.016e-15 -3.84127e-16 -9.18542e-15 2.46223e-08 -0.0618537 -5.88312e-11 3.22337e-07 -0.0618536 0.997534 2.5637e-09 -8.37427e-09 6.21267e-11 -2.58167e-09 0.995615 3.70584e-07 3.23376e-07 -1.54962e-08 -3.70552e-07 0.993296
21 0.0392989 2.46369e-08 -1.68325e-09 -2.47937e-18 7.94845e-15 -1.68325e-09 2.45758e-08 6.3149e-17 -2.3053e-16 2.56062e-18 -6.38386e-17 2.45181e-08 1.00846e-14 7.9778e-15 -4.21447e-16 -1.00841e-14 2.4461e-08 -0.0683224 -1.00636e-10 3.22623e-07 -0.0683223 0.997519 2.56318e-09 -9.35711e-09 1.03934e-10 -2.59117e-09 0.995177 4.09328e-07 3.23815e-07 -1.71063e-08 -4.09307e-07 0.992859
22 0.0410797 2.44794e-08 -1.83916e-09 -2.73745e-18 7.90621e-15 -1.83916e-09 2.44182e-08 6.30645e-17 -2.51758e-16 1.82488e-18 -6.31474e-17 2.43489e-08 1.10178e-14 7.93755e-15 -4.61765e-16 -1.10173e-14 2.42922e-08 -0.0751311 -1.11827e-10 3.22975e-07 -0.075131 0.997503 2.57623e-09 -1.02845e-08 7.45476e-11 -2.57962e-09 0.99467 4.50083e-07 3.24255e-07 -1.88635e-08 -4.50065e-07 0.992354
23 0.0428479 2.4316e-08 -2.00079e-09 -3.01981e-18 7.86307e-15 -2.00079e-09 2.42549e-08 6.2493e-17 -2.72518e-16 2.48797e-18 -6.27589e-17 2.41722e-08 1.19868e-14 7.89765e-15 -5.02343e-16 -1.1987e-14 2.41159e-08 -0.0822829 -1.2419e-10 3.2337e-07 -0.0822829 0.997487 2.57004e-09 -1.12074e-08 1.02318e-10 -2.58097e-09 0.994087 4.92959e-07 3.24793e-07 -2.0659e-08 -4.92969e-07 0.991772
24 0.0446031 2.4147e-08 -2.16794e-09 -2.82821e-18 7.81666e-15 -2.16794e-09 2.40859e-08 6.11607e-17 -2.95049e-16 2.42076e-18 -6.19638e-17 2.39882e-08 1.29885e-14 7.85443e-15 -5.44166e-16 -1.29873e-14 2.39323e-08 -0.089781 -1.17125e-10 3.23711e-07 -0.0897809 0.997469 2.53284e-09 -1.22189e-08 1.00251e-10 -2.5661e-09 0.99342 5.3789e-07 3.25275e-07 -2.25355e-08 -5.37842e-07 0.991107
25 0.0463447 2.39727e-08 -2.34042e-09 -2.8552e-18 7.76909e-15 -2.34041e-09 2.39116e-08 6.22837e-17 -3.18053e-16 3.11169e-18 -6.14225e-17 2.37968e-08 1.40208e-14 7.80995e-15 -5.86411e-16 -1.40217e-14 2.37413e-08 -0.0976284 -1.19102e-10 3.24081e-07 -0.0976283 0.997451 2.59811e-09 -1.32673e-08 1.29802e-10 -2.56219e-09 0.992661 5.84867e-07 3.25785e-07 -2.44616e-08 -5.84904e-07 0.99035
26 0.0480722 2.37932e-08 -2.51799e-09 -2.31077e-18 7.71983e-15 -2.51799e-09 2.37321e-08 6.15044e-17 -3.43603e-16 3.41785e-18 -6.09835e-17 2.35981e-08 1.5085e-14 7.76357e-15 -6.31233e-16 -1.50858e-14 2.35431e-08 -0.105828 -9.7119e-11 3.24456e-07 -0.105828 0.997432 2.58496e-09 -1.44413e-08 1.43649e-10 -2.56307e-09 0.991802 6.34004e-07 3.26294e-07 -2.653e-08 -6.34037e-07 0.989492
27 0.049785 2.36087e-08 -2.70045e-09 -2.88974e-18 7.66893e-15 -2.70045e-09 2.35476e-08 6.01429e-17 -3.67295e-16 3.50794e-18 -6.15403e-17 2.33922e-08 1.61784e-14 7.71581e-15 -6.77276e-16 -1.61785e-14 2.33377e-08 -0.114384 -1.22402e-10 3.24835e-07 -0.114384 0.997412 2.54749e-09 -1.55576e-08 1.48587e-10 -2.60668e-09 0.990831 6.85275e-07 3.26821e-07 -2.86876e-08 -6.85277e-07 0.988523
28 0.0514827 2.34195e-08 -2.88758e-09 -4.72684e-18 7.61649e-15 -2.88758e-09 2.33584e-08 6.00644e-17 -3.9345e-16 3.83423e-18 -5.96142e-17 2.31792e-08 1.72986e-14 7.66724e-15 -7.23571e-16 -1.72994e-14 2.31252e-08 -0.123298 -2.01834e-10 3.2522e-07 -0.123298 0.997391 2.56472e-09 -1.68001e-08 1.6372e-10 -2.5455e-09 0.989741 7.38642e-07 3.27388e-07 -3.08961e-08 -7.38677e-07 0.987435
29 0.0531646 2.32257e-08 -3.07913e-09 -2.3435e-18 7.56219e-15 -3.07913e-09 2.31647e-08 5.96362e-17 -4.20263e-16 4.7264e-18 -6.00876e-17 2.29591e-08 1.84471e-14 7.61732e-15 -7.71584e-16 -1.84471e-14 2.29056e-08 -0.132574 -1.00901e-10 3.25595e-07 -0.132574 0.997369 2.56768e-09 -1.80947e-08 2.03498e-10 -2.58711e-09 0.988519 7.94253e-07 3.27969e-07 -3.3221e-08 -7.94251e-07 0.986216
30 0.0548304 2.30278e-08 -3.27489e-09 -3.8531e-18 7.5071e-15 -3.27489e-09 2.29667e-08 5.84176e-17 -4.47116e-16 4.89214e-18 -5.94856e-17 2.2732e-08 1.96201e-14 7.56486e-15 -8.20554e-16 -1.96202e-14 2.2679e-08 -0.142215 -1.67324e-10 3.26002e-07 -0.142215 0.997347 2.53683e-09 -1.94164e-08 2.12445e-10 -2.58321e-09 0.987156 8.5202e-07 3.2851e-07 -3.56332e-08 -8.52026e-07 0.984856
31 0.0564795 2.28258e-08 -3.4746e-09 -4.28263e-18 7.45094e-15 -3.47459e-09 2.27647e-08 5.78916e-17 -4.74288e-16 4.49559e-18 -5.86242e-17 2.24979e-08 2.08172e-14 7.51192e-15 -8.70848e-16 -2.08178e-14 2.24455e-08 -0.152223 -1.87623e-10 3.26427e-07 -0.152222 0.997324 2.53624e-09 -2.07786e-08 1.96952e-10 -2.56833e-09 0.985638 9.12004e-07 3.29098e-07 -3.8152e-08 -9.12032e-07 0.983342
32 0.0581114 2.262e-08 -3.67801e-09 -4.99109e-18 7.39163e-15 -3.67801e-09 2.25589e-08 5.74909e-17 -5.01306e-16 4.50749e-18 -5.87055e-17 2.2257e-08 2.20359e-14 7.45743e-15 -9.21277e-16 -2.20359e-14 2.22052e-08 -0.1626 -2.2065e-10 3.26774e-07 -0.1626 0.997299 2.5416e-09 -2.21621e-08 1.9927e-10 -2.59529e-09 0.983955 9.7418e-07 3.29683e-07 -4.07285e-08 -9.7418e-07 0.981662
33 0.0597256 2.24107e-08 -3.88489e-09 -4.66805e-18 7.33285e-15 -3.88489e-09 2.23496e-08 5.74444e-17 -5.29925e-16 6.16953e-18 -5.70222e-17 2.20094e-08 2.3275e-14 7.40223e-15 -9.71849e-16 -2.32755e-14 2.19581e-08 -0.17335 -2.08296e-10 3.27203e-07 -0.17335 0.997274 2.56326e-09 -2.36461e-08 2.75294e-10 -2.54442e-09 0.982093 1.03857e-06 3.30299e-07 -4.33655e-08 -1.03859e-06 0.979804
34 0.0613216 2.21981e-08 -4.09497e-09 -3.99878e-18 7.27322e-15 -4.09497e-09 2.2137e-08 5.56e-17 -5.58854e-16 5.76689e-18 -5.6952e-17 2.1755e-08 2.45343e-14 7.34496e-15 -1.02555e-15 -2.4534e-14 2.17043e-08 -0.184474 -1.80141e-10 3.27651e-07 -0.184474 0.997248 2.50472e-09 -2.51758e-08 2.59792e-10 -2.56563e-09 0.980038 1.10524e-06 3.30883e-07 -4.61999e-08 -1.10523e-06 0.977754
35 0.0628989 2.19825e-08 -4.308e-09 -5.32306e-18 7.2104e-15 -4.308e-09 2.19214e-08 5.56334e-17 -5.87715e-16 4.56553e-18 -5.63343e-17 2.1494e-08 2.58109e-14 7.28677e-15 -1.07824e-15 -2.58119e-14 2.14439e-08 -0.195974 -2.4215e-10 3.28006e-07 -0.195974 0.997222 2.53081e-09 -2.67356e-08 2.07689e-10 -2.56269e-09 0.977776 1.17416e-06 3.31481e-07 -4.90497e-08 -1.1742e-06 0.975497
36 0.064457 2.17642e-08 -4.52372e-09 -4.8129e-18 7.14773e-15 -4.52372e-09 2.17031e-08 5.55894e-17 -6.17386e-16 6.21738e-18 -5.48777e-17 2.12264e-08 2.71034e-14 7.22746e-15 -1.13223e-15 -2.71032e-14 2.11769e-08 -0.207852 -2.21139e-10 3.28418e-07 -0.207852 0.997194 2.55417e-09 -2.83671e-08 2.8567e-10 -2.52147e-09 0.975292 1.24532e-06 3.32081e-07 -5.20226e-08 -1.24531e-06 0.973018
37 0.0659956 2.15433e-08 -4.74186e-09 -5.16119e-18 7.082e-15 -4.74185e-09 2.14823e-08 5.44402e-17 -6.48075e-16 6.74196e-18 -5.42707e-17 2.09524e-08 2.8411e-14 7.16634e-15 -1.18714e-15 -2.84108e-14 2.09035e-08 -0.220108 -2.39573e-10 3.28733e-07 -0.220108 0.997165 2.52701e-09 -3.00824e-08 3.12949e-10 -2.51914e-09 0.97257 1.31879e-06 3.32648e-07 -5.51047e-08 -1.31878e-06 0.970302
38 0.067514 2.13203e-08 -4.96214e-09 -5.63182e-18 7.01772e-15 -4.96214e-09 2.12592e-08 5.40415e-17 -6.78483e-16 6.17108e-18 -5.3497e-17 2.0672e-08 2.97314e-14 7.10544e-15 -1.24142e-15 -2.97307e-14 2.06238e-08 -0.232743 -2.64153e-10 3.29157e-07 -0.232743 0.997136 2.53474e-09 -3.18234e-08 2.89446e-10 -2.50921e-09 0.969593 1.39451e-06 3.33271e-07 -5.82271e-08 -1.39448e-06 0.967333
39 0.0690118 2.10953e-08 -5.18431e-09 -5.98271e-18 6.95226e-15 -5.18431e-09 2.10342e-08 5.39586e-17 -7.07844e-16 7.02938e-18 -5.35396e-17 2.03854e-08 3.10625e-14 7.04343e-15 -1.2981e-15 -3.10627e-14 2.03378e-08 -0.245757 -2.83604e-10 3.29565e-07 -0.245757 0.997106 2.55785e-09 -3.35546e-08 3.3322e-10 -2.53799e-09 0.966345 1.47248e-06 3.33886e-07 -6.15348e-08 -1.47249e-06 0.964092
40 0.10628 2.08686e-08 -5.40809e-09 -5.95678e-18 6.884e-15 -5.40809e-09 2.08076e-08 5.3625e-17 -7.39345e-16 6.80565e-18 -5.29514e-17 2.00925e-08 3.24036e-14 6.98079e-15 -1.35355e-15 -3.24037e-14 2.00457e-08 -0.259149 -2.85442e-10 3.29873e-07 -0.259149 0.997074 2.56964e-09 -3.54285e-08 3.26118e-10 -2.53736e-09 0.962808 1.55274e-06 3.34511e-07 -6.48604e-08 -1.55274e-06 0.960563
42 0.146749 2.04114e-08 -5.85937e-09 -6.74182e-18 6.74713e-15 -5.85937e-09 2.03504e-08 5.22366e-17 -8.01447e-16 7.95621e-18 -5.19072e-17 1.94886e-08 3.51091e-14 6.85045e-15 -1.4665e-15 -3.51085e-14 1.94432e-08 -0.287063 -3.30296e-10 3.30556e-07 -0.287063 0.997009 2.55919e-09 -3.92646e-08 3.89792e-10 -2.54305e-09 0.954789 1.72007e-06 3.35618e-07 -7.18468e-08 -1.72004e-06 0.952563
44 0.152348 1.99509e-08 -6.31378e-09 -8.10766e-18 6.60535e-15 -6.31377e-09 1.98898e-08 4.97799e-17 -8.62875e-16 8.10235e-18 -4.93976e-17 1.88611e-08 3.78311e-14 6.71791e-15 -1.58019e-15 -3.78329e-14 1.88171e-08 -0.316466 -4.06382e-10 3.31081e-07 -0.316466 0.996941 2.49513e-09 -4.325e-08 4.06115e-10 -2.47597e-09 0.945379 1.89621e-06 3.36723e-07 -7.92042e-08 -1.8963e-06 0.943173
46 0.157761 1.94892e-08 -6.76907e-09 -8.46221e-18 6.46174e-15 -6.76907e-09 1.94282e-08 4.93582e-17 -9.25352e-16 1.06702e-17 -4.81363e-17 1.82108e-08 4.05593e-14 6.58136e-15 -1.69298e-15 -4.05608e-14 1.81683e-08 -0.347325 -4.34201e-10 3.31555e-07 -0.347324 0.996869 2.5326e-09 -4.74803e-08 5.47496e-10 -2.4699e-09 0.934406 2.08112e-06 3.37693e-07 -8.68678e-08 -2.08119e-06 0.932225
48 0.162982 1.90286e-08 -7.22302e-09 -9.2107e-18 6.31467e-15 -7.22302e-09 1.89676e-08 4.73033e-17 -9.87685e-16 1.04066e-17 -4.76376e-17 1.75385e-08 4.32818e-14 6.44289e-15 -1.8076e-15 -4.32821e-14 1.74975e-08 -0.379588 -4.84045e-10 3.31851e-07 -0.379587 0.996794 2.4859e-09 -5.19053e-08 5.46893e-10 -2.50347e-09 0.92169 2.27456e-06 3.3859e-07 -9.4994e-08 -2.27458e-06 0.919538
50 0.168004 1.85714e-08 -7.67341e-09 -8.87966e-18 6.16549e-15 -7.67341e-09 1.85104e-08 4.55304e-17 -1.04986e-15 1.03262e-17 -4.58793e-17 1.6845e-08 4.59823e-14 6.30359e-15 -1.91923e-15 -4.59817e-14 1.68057e-08 -0.413184 -4.78136e-10 3.31988e-07 -0.413184 0.996715 2.45164e-09 -5.6531e-08 5.56029e-10 -2.47043e-09 0.90704 2.47597e-06 3.39424e-07 -1.03343e-07 -2.47594e-06 0.904922
52 0.172821 1.81198e-08 -8.11803e-09 -1.01602e-17 6.01577e-15 -8.11802e-09 1.80588e-08 4.39944e-17 -1.11115e-15 1.06655e-17 -4.52869e-17 1.61312e-08 4.86476e-14 6.16106e-15 -2.02953e-15 -4.8647e-14 1.60936e-08 -0.448021 -5.60724e-10 3.32001e-07 -0.44802 0.996634 2.42798e-09 -6.13227e-08 5.88611e-10 -2.49931e-09 0.890257 2.68478e-06 3.40019e-07 -1.12006e-07 -2.68475e-06 0.888178
54 0.177428 1.76759e-08 -8.5547e-09 -1.01879e-17 5.86358e-15 -8.55469e-09 1.76149e-08 4.27105e-17 -1.17073e-15 1.20657e-17 -4.30096e-17 1.53981e-08 5.12652e-14 6.01707e-15 -2.13805e-15 -5.12664e-14 1.53622e-08 -0.483976 -5.76375e-10 3.31728e-07 -0.483975 0.99655 2.41632e-09 -6.62333e-08 6.82606e-10 -2.43324e-09 0.871138 2.90029e-06 3.40411e-07 -1.20959e-07 -2.90036e-06 0.869103
56 0.181819 1.72419e-08 -8.98128e-09 -1.10196e-17 5.71094e-15 -8.98128e-09 1.71809e-08 4.08878e-17 -1.23075e-15 1.16403e-17 -4.18683e-17 1.46465e-08 5.38228e-14 5.87226e-15 -2.24511e-15 -5.38231e-14 1.46123e-08 -0.520899 -6.3912e-10 3.31225e-07 -0.520898 0.996464 2.37142e-09 -7.13812e-08 6.75119e-10 -2.42829e-09 0.849474 3.12163e-06 3.40581e-07 -1.30213e-07 -3.12165e-06 0.847489
58 0.185988 1.68199e-08 -9.3957e-09 -1.10519e-17 5.5564e-15 -9.39569e-09 1.67589e-08 3.93309e-17 -1.28746e-15 1.38964e-17 -3.99714e-17 1.38774e-08 5.63085e-14 5.72637e-15 -2.34646e-15 -5.63104e-14 1.3845e-08 -0.558606 -6.57074e-10 3.30347e-07 -0.558606 0.996376 2.33835e-09 -7.65439e-08 8.26189e-10 -2.37644e-09 0.825061 3.34773e-06 3.40452e-07 -1.39505e-07 -3.34784e-06 0.823133
60 0.286303 1.64119e-08 -9.79592e-09 -1.15328e-17 5.40334e-15 -9.79591e-09 1.6351e-08 3.75875e-17 -1.34248e-15 1.35594e-17 -3.90291e-17 1.30918e-08 5.87079e-14 5.5816e-15 -2.44736e-15 -5.87084e-14 1.30612e-08 -0.596878 -7.02708e-10 3.29232e-07 -0.596877 0.996286 2.29025e-09 -8.1799e-08 8.26194e-10 -2.37809e-09 0.7977 3.57715e-06 3.40094e-07 -1.49121e-07 -3.57718e-06 0.795835
64 0.394175 1.56459e-08 -1.05461e-08 -1.34032e-17 5.09546e-15 -1.0546e-08 1.55849e-08 3.52746e-17 -1.44686e-15 1.44229e-17 -3.59271e-17 1.14748e-08 6.32072e-14 5.29021e-15 -2.63175e-15 -6.32078e-14 1.1448e-08 -0.674047 -8.5666e-10 3.25674e-07 -0.674047 0.996106 2.25456e-09 -9.24757e-08 9.21837e-10 -2.29627e-09 0.73341 4.03986e-06 3.38122e-07 -1.68207e-07 -4.03991e-06 0.731693
68 0.406626 1.49584e-08 -1.12171e-08 -1.37216e-17 4.79398e-15 -1.12171e-08 1.48975e-08 3.24984e-17 -1.5388e-15 1.56696e-17 -3.3453e-17 9.8037e-09 6.72324e-14 5.00045e-15 -2.79767e-15 -6.7233e-14 9.78073e-09 -0.749886 -9.17322e-10 3.20488e-07 -0.749886 0.995929 2.17259e-09 -1.02872e-07 1.04754e-09 -2.23641e-09 0.655399 4.49463e-06 3.34291e-07 -1.8703e-07 -4.49467e-06 0.653863
72 0.417095 1.43626e-08 -1.17959e-08 -1.46188e-17 4.49874e-15 -1.17959e-08 1.43017e-08 2.8644e-17 -1.61948e-15 1.65648e-17 -2.97554e-17 8.08671e-09 7.07067e-14 4.71905e-15 -2.93936e-15 -7.07061e-14 8.06774e-09 -0.821297 -1.01784e-09 3.13227e-07 -0.821297 0.995761 1.99435e-09 -1.12757e-07 1.15333e-09 -2.07173e-09 0.563041 4.92298e-06 3.28566e-07 -2.04655e-07 -4.92294e-06 0.56172
76 0.425533 1.38698e-08 -1.22714e-08 -1.57375e-17 4.21351e-15 -1.22714e-08 1.38089e-08 2.59542e-17 -1.68605e-15 1.8076e-17 -2.68136e-17 6.3324e-09 7.35618e-14 4.44185e-15 -3.05671e-15 -7.35615e-14 6.31752e-09 -0.88476 -1.13466e-09 3.03791e-07 -0.884759 0.995613 1.87128e-09 -1.21563e-07 1.30327e-09 -1.93324e-09 0.456562 5.30375e-06 3.20254e-07 -2.20387e-07 -5.30373e-06 0.455489
80 0.431897 1.34892e-08 -1.26343e-08 -1.67632e-17 3.93943e-15 -1.26343e-08 1.34284e-08 2.23215e-17 -1.73609e-15 1.85683e-17 -2.31051e-17 4.54943e-09 7.57408e-14 4.17749e-15 -3.14505e-15 -7.57413e-14 4.5387e-09 -0.936621 -1.24271e-09 2.92042e-07 -0.93662 0.99549 1.65476e-09 -1.28702e-07 1.37653e-09 -1.71285e-09 0.337263 5.61491e-06 3.09691e-07 -2.33152e-07 -5.61494e-06 0.336468
84 0.436158 1.32281e-08 -1.28777e-08 -1.59302e-17 3.67984e-15 -1.28776e-08 1.31673e-08 2.07782e-17 -1.77064e-15 1.76675e-17 -2.09427e-17 2.74658e-09 7.72046e-14 3.92353e-15 -3.20115e-15 -7.72063e-14 2.74006e-09 -0.97351 -1.20428e-09 2.78185e-07 -0.973509 0.995403 1.57076e-09 -1.33855e-07 1.33561e-09 -1.5832e-09 0.207633 5.83643e-06 2.96607e-07 -2.41997e-07 -5.83655e-06 0.20714
88 0.328636 1.3091e-08 -1.29968e-08 -1.61763e-17 3.43524e-15 -1.29968e-08 1.30302e-08 1.7673e-17 -1.78792e-15 1.79434e-17 -1.78901e-17 9.327e-10 7.79255e-14 3.68128e-15 -3.22799e-15 -7.79231e-14 9.30421e-10 -0.992806 -1.23569e-09 2.62413e-07 -0.992805 0.995357 1.35001e-09 -1.36577e-07 1.37067e-09 -1.3666e-09 0.0712476 5.95262e-06 2.81208e-07 -2.46581e-07 -5.95243e-06 0.0710735
90 0.219313 1.30698e-08 -1.3009e-08 -1.66241e-17 3.32003e-15 -1.3009e-08 1.3009e-08 1.74476e-17 -1.79059e-15 1.69016e-17 -1.71176e-17 2.43964e-11 7.79996e-14 3.56679e-15 -3.22915e-15 -7.80006e-14 2.42405e-11 -0.995351 -1.27195e-09 2.54024e-07 -0.99535 0.99535 1.33496e-09 -1.37003e-07 1.29318e-09 -1.30971e-09 0.00186663 5.96794e-06 2.72904e-07 -2.4707e-07 -5.96802e-06 0.0018547
92 0.328636 1.30803e-08 -1.29895e-08 -1.69128e-17 3.20997e-15 -1.29895e-08 1.30195e-08 1.42655e-17 -1.78729e-15 1.7355e-17 -1.66384e-17 -8.8334e-10 7.78851e-14 3.45575e-15 -3.223e-15 -7.78865e-14 -8.81373e-10 -0.993064 -1.293e-09 2.45406e-07 -0.993063 0.995355 1.09061e-09 -1.36641e-07 1.32681e-09 -1.27203e-09 -0.0675323 5.9544e-06 2.64196e-07 -2.46402e-07 -5.95451e-06 -0.0673819
96 0.436158 1.31958e-08 -1.28561e-08 -1.69308e-17 3.00269e-15 -1.28561e-08 1.3135e-08 1.24795e-17 -1.76891e-15 1.82795e-17 -1.46974e-17 -2.69269e-09 7.70896e-14 3.24621e-15 -3.18662e-15 -7.70912e-14 -2.68649e-09 -0.974259 -1.28305e-09 2.2755e-07 -0.974258 0.995397 9.45722e-10 -1.34051e-07 1.38526e-09 -1.1138e-09 -0.204058 5.842e-06 2.46004e-07 -2.41488e-07 -5.84212e-06 -0.203588
100 0.431897 1.34349e-08 -1.25992e-08 -1.65559e-17 2.81424e-15 -1.25992e-08 1.33741e-08 1.10096e-17 -1.73242e-15 1.74493e-17 -1.21551e-17 -4.48658e-09 7.55547e-14 3.0535e-15 -3.11945e-15 -7.55547e-14 -4.47618e-09 -0.937797 -1.23231e-09 2.09473e-07 -0.937796 0.99548 8.1948e-10 -1.28949e-07 1.29881e-09 -9.04742e-10 -0.333951 5.62377e-06 2.27282e-07 -2.3219e-07 -5.62377e-06 -0.333176
104 0.425533 1.37926e-08 -1.22239e-08 -1.51996e-17 2.64506e-15 -1.22239e-08 1.37319e-08 1.02089e-17 -1.67973e-15 1.67609e-17 -9.97558e-18 -6.25633e-09 7.33091e-14 2.87686e-15 -3.02203e-15 -7.33079e-14 -6.24178e-09 -0.886266 -1.10201e-09 1.91774e-07 -0.886265 0.995599 7.40172e-10 -1.21785e-07 1.21521e-09 -7.23257e-10 -0.453601 5.31511e-06 2.0858e-07 -2.19106e-07 -5.31503e-06 -0.452546
108 0.417095 1.42616e-08 -1.17376e-08 -1.58453e-17 2.49672e-15 -1.17376e-08 1.42009e-08 7.82582e-18 -1.61217e-15 1.62665e-17 -8.72625e-18 -7.99342e-09 7.03972e-14 2.71866e-15 -2.89851e-15 -7.03965e-14 -7.97479e-09 -0.823023 -1.11105e-09 1.75066e-07 -0.823023 0.995745 5.48734e-10 -1.13043e-07 1.14058e-09 -6.11871e-10 -0.560486 4.93614e-06 1.90628e-07 -2.03239e-07 -4.93609e-06 -0.55918
112 0.406626 1.48325e-08 -1.11499e-08 -1.44551e-17 2.3683e-15 -1.11499e-08 1.47718e-08 5.7208e-18 -1.53076e-15 1.58611e-17 -7.78786e-18 -9.68951e-09 6.68766e-14 2.57694e-15 -2.7507e-15 -6.68759e-14 -9.6669e-09 -0.751722 -9.74557e-10 1.5967e-07 -0.751722 0.99591 3.85695e-10 -1.03203e-07 1.06935e-09 -5.25055e-10 -0.653264 4.5088e-06 1.73737e-07 -1.85451e-07 -4.50876e-06 -0.651739
116 0.394175 1.54938e-08 -1.04722e-08 -1.34485e-17 2.25531e-15 -1.04722e-08 1.54331e-08 4.69699e-18 -1.43631e-15 1.50616e-17 -6.58735e-18 -1.13365e-08 6.28148e-14 2.45189e-15 -2.58072e-15 -6.28153e-14 -1.131e-08 -0.675895 -8.67995e-10 1.45562e-07 -0.675895 0.996086 3.03153e-10 -9.27025e-08 9.72108e-10 -4.25161e-10 -0.731679 4.05419e-06 1.5825e-07 -1.66565e-07 -4.05423e-06 -0.72997
120 0.379804 1.62324e-08 -9.71769e-09 -1.24989e-17 2.1616e-15 -9.71768e-09 1.61718e-08 3.80295e-18 -1.33134e-15 1.34335e-17 -5.18273e-18 -1.29265e-08 5.82916e-14 2.34273e-15 -2.39188e-15 -5.82921e-14 -1.28963e-08 -0.598658 -7.69996e-10 1.33165e-07 -0.598658 0.996265 2.34281e-10 -8.20173e-08 8.27571e-10 -3.19282e-10 -0.796338 3.59106e-06 1.44324e-07 -1.47352e-07 -3.59109e-06 -0.794476
124 0.363583 1.70338e-08 -8.9011e-09 -1.16311e-17 2.08562e-15 -8.9011e-09 1.69732e-08 3.10282e-18 -1.21648e-15 1.10794e-17 -4.05966e-18 -1.4452e-08 5.33965e-14 2.25117e-15 -2.18804e-15 -5.33982e-14 -1.44182e-08 -0.522554 -6.82824e-10 1.2244e-07 -0.522554 0.996442 1.82157e-10 -7.14157e-08 6.50435e-10 -2.38329e-10 -0.84843 3.13473e-06 1.32159e-07 -1.28453e-07 -3.13483e-06 -0.846446
128 0.34559 1.78822e-08 -8.03827e-09 -1.17343e-17 2.02471e-15 -8.03827e-09 1.78216e-08 1.7948e-18 -1.09655e-15 1.07375e-17 -4.32267e-18 -1.59058e-08 4.82234e-14 2.17237e-15 -1.97306e-15 -4.82222e-14 -1.58686e-08 -0.449513 -6.56203e-10 1.13225e-07 -0.449513 0.996611 1.00368e-10 -6.1321e-08 6.00458e-10 -2.41731e-10 -0.889479 2.69673e-06 1.21482e-07 -1.10337e-07 -2.69666e-06 -0.887397
132 0.325914 1.87608e-08 -7.14593e-09 -9.73235e-18 1.97743e-15 -7.14593e-09 1.87002e-08 1.08918e-18 -9.73959e-16 1.03823e-17 -2.83231e-18 -1.7281e-08 4.28719e-14 2.10838e-15 -1.75335e-15 -4.28723e-14 -1.72405e-08 -0.380897 -5.1876e-10 1.05402e-07 -0.380897 0.996771 5.80563e-11 -5.19146e-08 5.53403e-10 -1.5097e-10 -0.921124 2.28518e-06 1.12382e-07 -9.34583e-08 -2.28521e-06 -0.918967
136 0.304649 1.96525e-08 -6.24136e-09 -7.76741e-18 1.94218e-15 -6.24136e-09 1.95919e-08 1.90891e-18 -8.50017e-16 8.36829e-18 -4.71365e-19 -1.85712e-08 3.7446e-14 2.05394e-15 -1.52871e-15 -3.74471e-14 -1.85277e-08 -0.317586 -3.95238e-10 9.8826e-08 -0.317586 0.996918 9.71332e-11 -4.32524e-08 4.25814e-10 -2.3985e-11 -0.944978 1.90541e-06 1.04513e-07 -7.77869e-08 -1.90546e-06 -0.942764
140 0.281901 2.05398e-08 -5.34206e-09 -6.70013e-18 1.91623e-15 -5.34206e-09 2.04792e-08 2.67871e-19 -7.25423e-16 7.29424e-18 -5.29281e-19 -1.97702e-08 3.20523e-14 2.01248e-15 -1.30813e-15 -3.20523e-14 -1.97239e-08 -0.260083 -3.26202e-10 9.32933e-08 -0.260083 0.997051 1.30415e-11 -3.53179e-08 3.55127e-10 -2.57685e-11 -0.962532 1.5605e-06 9.79796e-08 -6.36875e-08 -1.5605e-06 -0.960276
144 0.257779 2.14055e-08 -4.46541e-09 -6.98554e-18 1.89885e-15 -4.46541e-09 2.13449e-08 4.0386e-19 -6.04923e-16 6.5419e-18 -2.18401e-18 -2.08726e-08 2.67927e-14 1.98128e-15 -1.09079e-15 -2.67946e-14 -2.08236e-08 -0.208611 -3.26344e-10 8.87086e-08 -0.208611 0.997171 1.88671e-11 -2.82602e-08 3.05619e-10 -1.0203e-10 -0.975106 1.25168e-06 9.25596e-08 -5.09587e-08 -1.25176e-06 -0.972819
148 0.232401 2.22325e-08 -3.62833e-09 -4.83174e-18 1.8884e-15 -3.62833e-09 2.2172e-08 2.15629e-19 -4.9115e-16 5.54043e-18 -8.68861e-19 -2.18731e-08 2.17717e-14 1.95509e-15 -8.86681e-16 -2.17712e-14 -2.18218e-08 -0.163199 -2.17327e-10 8.49387e-08 -0.163199 0.997277 9.69879e-12 -2.20915e-08 2.49204e-10 -3.90806e-11 -0.983833 9.79271e-07 8.79383e-08 -3.98822e-08 -9.79249e-07 -0.981525
152 0.205891 2.30049e-08 -2.84698e-09 -3.04559e-18 1.88366e-15 -2.84698e-09 2.29444e-08 -5.05251e-20 -3.85804e-16 3.70928e-18 -8.3785e-19 -2.27671e-08 1.70837e-14 1.93882e-15 -6.94626e-16 -1.70845e-14 -2.27137e-08 -0.123755 -1.32389e-10 8.18808e-08 -0.123755 0.997368 -2.19627e-12 -1.67705e-08 1.61238e-10 -3.64204e-11 -0.989661 7.4261e-07 8.42782e-08 -3.01947e-08 -7.42647e-07 -0.987338
156 0.178378 2.37077e-08 -2.13642e-09 -3.26321e-18 1.88337e-15 -2.13641e-09 2.36471e-08 1.37783e-20 -2.88038e-16 2.82542e-18 1.17027e-19 -2.35504e-08 1.28208e-14 1.92489e-15 -5.20051e-16 -1.28214e-14 -2.34952e-08 -0.0901149 -1.37644e-10 7.94414e-08 -0.0901149 0.997447 5.81175e-13 -1.21496e-08 1.19177e-10 4.93624e-12 -0.993368 5.40788e-07 8.11928e-08 -2.1936e-08 -5.40812e-07 -0.991036
160 0.0971232 2.43271e-08 -1.51033e-09 -1.46576e-18 1.88449e-15 -1.51033e-09 2.42665e-08 7.60938e-19 -2.03641e-16 2.35507e-18 -3.43429e-19 -2.42195e-08 9.06299e-15 1.9174e-15 -3.67642e-16 -9.06312e-15 -2.41626e-08 -0.0620843 -6.02524e-11 7.74647e-08 -0.0620842 0.997512 3.12795e-11 -8.37096e-09 9.68087e-11 -1.41171e-11 -0.995578 3.72548e-07 7.88174e-08 -1.51125e-08 -3.72553e-07 -0.993241
161 0.0357021 2.44674e-08 -1.36846e-09 -2.50998e-18 1.88632e-15 -1.36846e-09 2.44069e-08 -3.92261e-19 -1.84087e-16 1.78866e-18 -8.03935e-19 -2.43685e-08 8.2122e-15 1.91658e-15 -3.33955e-16 -8.21212e-15 -2.43113e-08 -0.0559297 -1.02585e-10 7.70951e-08 -0.0559297 0.997526 -1.6032e-11 -7.52377e-09 7.31035e-11 -3.28574e-11 -0.995957 3.35638e-07 7.83318e-08 -1.36489e-08 -3.35635e-07 -0.993619
162 0.0338871 2.46017e-08 -1.2328e-09 -2.4856e-18 1.88568e-15 -1.2328e-09 2.45412e-08 9.3725e-19 -1.66604e-16 2.44545e-18 -4.51909e-19 -2.45102e-08 7.39828e-15 1.91445e-15 -3.01417e-16 -7.39774e-15 -2.44526e-08 -0.0501104 -1.01034e-10 7.66486e-08 -0.0501104 0.99754 3.8097e-11 -6.77207e-09 9.94017e-11 -1.8369e-11 -0.99628 3.00723e-07 7.78178e-08 -1.22519e-08 -3.00701e-07 -0.993941
163 0.0320617 2.47296e-08 -1.10352e-09 -1.58196e-18 1.88605e-15 -1.10352e-09 2.46691e-08 2.80704e-19 -1.48366e-16 1.68806e-18 -1.50298e-19 -2.46444e-08 6.62249e-15 1.91301e-15 -2.68929e-16 -6.62251e-15 -2.45865e-08 -0.0446234 -6.39702e-11 7.62668e-08 -0.0446234 0.997553 1.13509e-11 -5.99952e-09 6.82608e-11 -6.07765e-12 -0.996554 2.67796e-07 7.73572e-08 -1.08748e-08 -2.67797e-07 -0.994214
164 0.0302266 2.48511e-08 -9.80773e-10 -1.6847e-18 1.88855e-15 -9.80773e-10 2.47906e-08 3.5942e-19 -1.31285e-16 1.51257e-18 -2.3926e-20 -2.47712e-08 5.88595e-15 1.91183e-15 -2.37816e-16 -5.88591e-15 -2.4713e-08 -0.039466 -6.77916e-11 7.59945e-08 -0.039466 0.997565 1.4463e-11 -5.28286e-09 6.08652e-11 -9.62774e-13 -0.996784 2.36849e-07 7.69316e-08 -9.56963e-09 -2.36847e-07 -0.994443
165 0.0283823 2.4966e-08 -8.64706e-10 -6.92988e-19 1.88832e-15 -8.64706e-10 2.49054e-08 -5.22573e-19 -1.16234e-16 4.4775e-19 -6.17113e-19 -2.48904e-08 5.18996e-15 1.91033e-15 -2.11528e-16 -5.18892e-15 -2.4832e-08 -0.0346354 -2.77573e-11 7.56359e-08 -0.0346354 0.997576 -2.09314e-11 -4.65571e-09 1.79344e-11 -2.47182e-11 -0.996974 2.07881e-07 7.65175e-08 -8.47265e-09 -2.0784e-07 -0.994633
166 0.0265294 2.50741e-08 -7.5546e-10 -1.7944e-18 1.8884e-15 -7.55459e-10 2.50136e-08 2.958e-19 -1.0159e-16 2.0399e-19 -4.06792e-19 -2.50022e-08 4.53373e-15 1.91039e-15 -1.82928e-16 -4.5342e-15 -2.49434e-08 -0.0301291 -7.15638e-11 7.53129e-08 -0.0301291 0.997586 1.1797e-11 -4.0516e-09 8.13548e-12 -1.62236e-11 -0.997131 1.80813e-07 7.61899e-08 -7.29549e-09 -1.80832e-07 -0.99479
167 0.0246683 2.51753e-08 -6.53165e-10 1.80581e-19 1.88933e-15 -6.53164e-10 2.51148e-08 3.43356e-19 -8.76104e-17 1.75939e-18 -4.21233e-19 -2.51063e-08 3.91968e-15 1.90881e-15 -1.57962e-16 -3.92064e-15 -2.50474e-08 -0.0259446 7.17292e-12 7.50467e-08 -0.0259446 0.997596 1.36386e-11 -3.48001e-09 6.98853e-11 -1.6732e-11 -0.997259 1.55695e-07 7.58206e-08 -6.27447e-09 -1.55733e-07 -0.994917
168 0.0172754 2.52696e-08 -5.57945e-10 -8.46946e-19 1.8906e-15 -5.57945e-10 2.52091e-08 -1.13058e-19 -7.44949e-17 1.34046e-19 8.11744e-19 -2.52029e-08 3.34782e-15 1.90893e-15 -1.35462e-16 -3.34869e-15 -2.51437e-08 -0.0220797 -3.35164e-11 7.48172e-08 -0.0220797 0.997605 -4.47408e-12 -2.948e-09 5.30463e-12 3.21234e-11 -0.997361 1.32484e-07 7.55427e-08 -5.36069e-09 -1.32518e-07 -0.995018
168.5 0.0109315 2.53141e-08 -5.13024e-10 -6.38744e-19 1.89122e-15 -5.13024e-10 2.52535e-08 4.7339e-19 -6.90052e-17 7.84075e-19 -4.50538e-19 -2.52483e-08 3.07923e-15 1.9079e-15 -1.24392e-16 -3.07899e-15 -2.5189e-08 -0.0202664 -2.52328e-11 7.47101e-08 -0.0202664 0.997609 1.87007e-11 -2.72596e-09 3.09739e-11 -1.77979e-11 -0.997403 1.21641e-07 7.53693e-08 -4.91395e-09 -1.21631e-07 -0.995061
169 0.0104622 2.53567e-08 -4.69915e-10 -1.89012e-19 1.89253e-15 -4.69914e-10 2.52962e-08 5.86783e-19 -6.32389e-17 4.47469e-19 -4.64202e-19 -2.52919e-08 2.81928e-15 1.9092e-15 -1.14394e-16 -2.82e-15 -2.52325e-08 -0.0185321 -7.4541e-12 7.46361e-08 -0.0185321 0.997613 2.31411e-11 -2.49397e-09 1.7647e-11 -1.83068e-11 -0.997441 1.11185e-07 7.52935e-08 -4.51138e-09 -1.11213e-07 -0.995099
169.5 0.00999215 2.53976e-08 -4.28629e-10 -3.58655e-19 1.89283e-15 -4.28629e-10 2.53371e-08 7.91771e-21 -5.82076e-17 6.42814e-19 -5.29873e-19 -2.53335e-08 2.5723e-15 1.90855e-15 -1.04134e-16 -2.57207e-15 -2.5274e-08 -0.0168768 -1.41216e-11 7.45277e-08 -0.0168767 0.997617 3.1175e-13 -2.29186e-09 2.531e-11 -2.08631e-11 -0.997474 1.01281e-07 7.5147e-08 -4.10014e-09 -1.01272e-07 -0.995132
170 0.0095213 2.54367e-08 -3.8918e-10 4.61407e-19 1.89272e-15 -3.8918e-10 2.53761e-08 -3.31132e-19 -5.19624e-17 9.69555e-19 2.02672e-19 -2.53732e-08 2.33544e-15 1.90751e-15 -9.51736e-17 -2.33637e-15 -2.53136e-08 -0.0153 1.81395e-11 7.44093e-08 -0.0153 0.997621 -1.30179e-11 -2.04282e-09 3.81164e-11 7.96771e-12 -0.997503 9.18141e-08 7.49907e-08 -3.74159e-09 -9.18506e-08 -0.995161
170.5 0.00904972 2.54739e-08 -3.5158e-10 3.28365e-19 1.8925e-15 -3.51579e-10 2.54134e-08 2.6778e-19 -4.8306e-17 1.03601e-18 5.08547e-19 -2.54109e-08 2.10989e-15 1.907e-15 -8.57958e-17 -2.11062e-15 -2.53513e-08 -0.0138016 1.28903e-11 7.42916e-08 -0.0138016 0.997624 1.05119e-11 -1.89629e-09 4.06695e-11 1.99635e-11 -0.997529 8.28258e-08 7.48609e-08 -3.36799e-09 -8.28543e-08 -0.995186
171 0.00857745 2.55093e-08 -3.15839e-10 -3.48713e-19 1.89291e-15 -3.15838e-10 2.54487e-08 3.36312e-19 -4.13394e-17 5.71593e-19 -4.36381e-19 -2.54468e-08 1.89617e-15 1.90829e-15 -7.70273e-17 -1.8954e-15 -2.5387e-08 -0.0123813 -1.36701e-11 7.42047e-08 -0.0123813 0.997628 1.31839e-11 -1.62057e-09 2.24073e-11 -1.71068e-11 -0.997551 7.43325e-08 7.48075e-08 -3.01958e-09 -7.43022e-08 -0.995208
171.5 0.00810453 2.55428e-08 -2.81968e-10 -2.5996e-19 1.89283e-15 -2.81968e-10 2.54823e-08 4.37306e-19 -3.80423e-17 -4.58212e-19 -2.65836e-19 -2.54807e-08 1.69234e-15 1.90765e-15 -6.96582e-17 -1.69208e-15 -2.54209e-08 -0.011039 -1.01774e-11 7.41044e-08 -0.011039 0.997631 1.71205e-11 -1.48936e-09 -1.7939e-11 -1.04075e-11 -0.99757 6.6255e-08 7.46843e-08 -2.72712e-09 -6.6245e-08 -0.995227
172 0.00763099 2.55745e-08 -2.49978e-10 -7.64145e-19 1.89446e-15 -2.49978e-10 2.55139e-08 4.30881e-20 -3.39125e-17 6.4073e-19 6.4434e-19 -2.55127e-08 1.50005e-15 1.90791e-15 -6.11579e-17 -1.50037e-15 -2.54528e-08 -0.00977452 -2.98792e-11 7.40762e-08 -0.00977451 0.997634 1.68481e-12 -1.32603e-09 2.50535e-11 2.51947e-11 -0.997586 5.8654e-08 7.46021e-08 -2.39136e-09 -5.86667e-08 -0.995243
172.5 0.00715688 2.56043e-08 -2.19878e-10 -3.29137e-19 1.8941e-15 -2.19878e-10 2.55437e-08 1.97642e-19 -2.92982e-17 6.8645e-19 -9.091e-19 -2.55428e-08 1.31896e-15 1.90735e-15 -5.33137e-17 -1.31929e-15 -2.54828e-08 -0.00858757 -1.28548e-11 7.3976e-08 -0.00858756 0.997636 7.71912e-12 -1.14427e-09 2.681e-11 -3.55058e-11 -0.9976 5.15134e-08 7.44935e-08 -2.08222e-09 -5.1526e-08 -0.995256
173 0.00668221 2.56322e-08 -1.91678e-10 3.13097e-19 1.89428e-15 -1.91678e-10 2.55717e-08 9.64851e-21 -2.588e-17 1.08294e-19 2.31375e-19 -2.55709e-08 1.15051e-15 1.90716e-15 -4.74173e-17 -1.15156e-15 -2.55109e-08 -0.00747802 1.2215e-11 7.39025e-08 -0.00747801 0.997639 3.76422e-13 -1.00967e-09 4.22491e-12 9.02673e-12 -0.997611 4.48854e-08 7.44048e-08 -1.84991e-09 -4.49263e-08 -0.995268
173.5 0.00620704 2.56582e-08 -1.65385e-10 -3.03291e-19 1.89501e-15 -1.65385e-10 2.55977e-08 -3.19579e-19 -2.22527e-17 4.21351e-19 -1.31917e-20 -2.55972e-08 9.91385e-16 1.90663e-15 -3.93222e-17 -9.93153e-16 -2.5537e-08 -0.00644571 -1.18204e-11 7.38558e-08 -0.00644571 0.997641 -1.24552e-11 -8.67274e-10 1.64217e-11 -5.14131e-13 -0.997621 3.86381e-08 7.43087e-08 -1.53254e-09 -3.8707e-08 -0.995277
174 0.0057314 2.56823e-08 -1.41009e-10 1.56918e-18 1.89409e-15 -1.41008e-10 2.56218e-08 3.6102e-19 -2.02376e-17 -8.35495e-19 2.47907e-19 -2.56214e-08 8.4553e-16 1.90652e-15 -3.40784e-17 -8.46655e-16 -2.55613e-08 -0.00549049 6.10996e-11 7.37509e-08 -0.00549048 0.997644 1.40571e-11 -7.87998e-10 -3.25319e-11 9.65282e-12 -0.997629 3.29226e-08 7.42347e-08 -1.32692e-09 -3.29664e-08 -0.995285
174.5 0.00525531 2.57046e-08 -1.18555e-10 8.49173e-20 1.89587e-15 -1.18555e-10 2.56441e-08 2.8791e-19 -1.62484e-17 5.81065e-20 -3.66252e-19 -2.56438e-08 7.11628e-16 1.90668e-15 -2.97746e-17 -7.11504e-16 -2.55836e-08 -0.00461221 3.30359e-12 7.3756e-08 -0.0046122 0.997646 1.12007e-11 -6.32123e-10 2.26055e-12 -1.42485e-11 -0.997635 2.76849e-08 7.41765e-08 -1.15834e-09 -2.768e-08 -0.995292
175 0.00477883 2.57249e-08 -9.80308e-11 5.6636e-19 1.89588e-15 -9.80307e-11 2.56644e-08 -1.02662e-20 -1.30245e-17 -1.64064e-19 1.50645e-19 -2.56642e-08 5.88697e-16 1.90707e-15 -2.45715e-17 -5.88457e-16 -2.56039e-08 -0.00381074 2.2016e-11 7.36982e-08 -0.00381073 0.997648 -3.99076e-13 -5.06299e-10 -6.37763e-12 5.85599e-12 -0.99764 2.28843e-08 7.41331e-08 -9.55166e-10 -2.2875e-08 -0.995297
175.5 0.00430199 2.57433e-08 -7.94428e-11 4.58547e-19 1.89628e-15 -7.94428e-11 2.56828e-08 4.42258e-19 -1.20479e-17 6.62116e-20 2.77094e-19 -2.56827e-08 4.7765e-16 1.90663e-15 -1.92121e-17 -4.7622e-16 -2.56223e-08 -0.00308596 1.78123e-11 7.36612e-08 -0.00308596 0.997649 1.71795e-11 -4.67999e-10 2.572e-12 1.07637e-11 -0.997645 1.85543e-08 7.4063e-08 -7.46293e-10 -1.84988e-08 -0.995301
176 0.00382481 2.57598e-08 -6.27964e-11 -7.06515e-20 1.89644e-15 -6.27964e-11 2.56993e-08 -3.67863e-19 -8.20875e-18 7.89963e-19 2.15245e-19 -2.56992e-08 3.76475e-16 1.90492e-15 -1.45502e-17 -3.77047e-16 -2.56388e-08 -0.00243777 -2.74271e-12 7.36202e-08 -0.00243777 0.997651 -1.42805e-11 -3.18665e-10 3.06665e-11 8.35585e-12 -0.997648 1.46148e-08 7.39493e-08 -5.64844e-10 -1.4637e-08 -0.995304
176.5 0.00334735 2.57743e-08 -4.80966e-11 2.99532e-19 1.89672e-15 -4.80966e-11 2.57138e-08 -7.26652e-20 -7.37115e-18 -1.26242e-18 2.96337e-19 -2.57138e-08 2.8848e-16 1.90567e-15 -1.16149e-17 -2.88109e-16 -2.56534e-08 -0.00186607 1.16213e-11 7.35895e-08 -0.00186606 0.997652 -2.81929e-12 -2.85988e-10 -4.89796e-11 1.14974e-11 -0.99765 1.11925e-08 7.39366e-08 -4.50639e-10 -1.11781e-08 -0.995307
177 0.00286963 2.5787e-08 -3.53478e-11 2.272e-19 1.8966e-15 -3.53478e-11 2.57264e-08 -5.04294e-19 -4.67405e-18 4.43279e-19 -2.64265e-19 -2.57264e-08 2.12574e-16 1.90648e-15 -9.76349e-18 -2.11884e-16 -2.5666e-08 -0.00137076 8.81066e-12 7.35489e-08 -0.00137076 0.997653 -1.95562e-11 -1.81256e-10 1.71901e-11 -1.0248e-11 -0.997652 8.24346e-09 7.39319e-08 -3.78621e-10 -8.21671e-09 -0.995309
177.5 0.00239169 2.57976e-08 -2.45539e-11 2.00539e-19 1.89585e-15 -2.45538e-11 2.57371e-08 -2.75082e-21 -3.97274e-18 4.41668e-19 3.76143e-20 -2.57371e-08 1.4719e-16 1.90544e-15 -6.41773e-18 -1.47044e-16 -2.56767e-08 -0.000951787 7.77353e-12 7.34892e-08 -0.000951786 0.997654 -1.06631e-13 -1.53996e-10 1.71205e-11 1.45805e-12 -0.997654 5.70556e-09 7.38611e-08 -2.48772e-10 -5.69989e-09 -0.99531
178 0.00191357 2.58064e-08 -1.5718e-11 -5.17958e-19 1.89621e-15 -1.5718e-11 2.57459e-08 1.20623e-19 -3.42798e-18 -8.58551e-19 2.71268e-19 -2.57459e-08 9.4185e-17 1.90648e-15 -4.00806e-18 -9.33918e-17 -2.56854e-08 -0.000609075 -2.00709e-11 7.34782e-08 -0.000609074 0.997655 4.67417e-12 -1.32835e-10 -3.32689e-11 1.05117e-11 -0.997655 3.64968e-09 7.38764e-08 -1.55313e-10 -3.61894e-09 -0.995311
178.5 0.00143531 2.58132e-08 -8.84294e-12 -2.92635e-19 1.89726e-15 -8.84293e-12 2.57527e-08 1.05098e-18 -8.70753e-19 -4.15744e-19 1.05098e-18 -2.57527e-08 5.28153e-17 1.90661e-15 -1.76331e-18 -5.1749e-17 -2.56922e-08 -0.000342574 -1.13366e-11 7.34994e-08 -0.000342574 0.997656 4.0715e-11 -3.37329e-11 -1.61059e-11 4.0715e-11 -0.997656 2.04606e-09 7.38617e-08 -6.83104e-11 -2.00475e-09 -0.995312
179 0.000956932 2.58181e-08 -3.93069e-12 2.34716e-19 1.89658e-15 -3.93068e-12 2.57575e-08 -5.94876e-19 3.28947e-19 -1.75429e-19 -5.94876e-19 -2.57575e-08 2.29533e-17 1.90612e-15 -9.69949e-19 -2.36989e-17 -2.5697e-08 -0.000152246 9.09114e-12 7.34594e-08 -0.000152245 0.997656 -2.30411e-11 1.27409e-11 -6.79483e-12 -2.30411e-11 -0.997656 8.8904e-10 7.38289e-08 -3.75686e-11 -9.17918e-10 -0.995313
179.5 0.000478484 2.5821e-08 -9.82745e-13 -1.35064e-19 1.89587e-15 -9.82745e-13 2.57605e-08 -5.45612e-19 3.36027e-19 2.47848e-20 -5.45612e-19 -2.57605e-08 5.52457e-18 1.90667e-15 1.91899e-20 -6.90332e-18 -2.57e-08 -3.806e-05 -5.2308e-12 7.34235e-08 -3.80599e-05 0.997656 -2.11306e-11 1.30137e-11 9.59869e-13 -2.11306e-11 -0.997656 2.13957e-10 7.38418e-08 7.43192e-13 -2.67353e-10 -0.995313
180 5.98114e-05 2.5822e-08 0 0 1.89625e-15 0 2.57614e-08 -1.03952e-18 0 0 -1.03952e-18 -2.57614e-08 0 1.90563e-15 0 0 -2.57009e-08 0 0 7.34357e-08 0 0.997656 -4.02573e-11 0 0 -4.02573e-11 -0.997656 0 7.37988e-08 0 0 -0.995313
