theta 2pi*dcos S11 S12 S13 S14 S21 S22 S23 S24 S31 S32 S33 S34 S41 S42 S43 S44 S12_norm S13_norm S14_norm S21_norm S22_norm S23_norm S24_norm S31_norm S32_norm S33_norm S34_norm S41_norm S42_norm S43_norm S44_norm
0 2.39246e-06 12.7319 1.01685e-16 5.01646e-18 -0.00471169 1.00235e-16 12.7075 0.0256939 -1.54144e-17 4.7138e-18 -0.0256939 12.7075 5.31399e-18 -0.00471171 1.42108e-17 -7.06816e-18 12.6905 7.98663e-18 3.94008e-19 -0.000370071 7.87276e-18 0.998086 0.00201808 -1.2107e-18 3.70237e-19 -0.00201808 0.998086 4.17377e-19 -0.000370072 1.11616e-18 -5.55155e-19 0.996755
0.1 1.91397e-05 12.7313 4.57237e-06 1.71918e-09 -0.00471122 4.58204e-06 12.7069 0.0256927 6.46644e-08 -1.14319e-08 -0.0256927 12.7069 4.08172e-05 -0.00471122 4.52007e-08 -4.08067e-05 12.69 3.59144e-07 1.35036e-10 -0.00037005 3.59904e-07 0.998086 0.00201807 5.07917e-09 -8.97933e-10 -0.00201807 0.998086 3.20605e-06 -0.00037005 3.55036e-09 -3.20523e-06 0.996755
0.2 3.82793e-05 12.7296 1.82899e-05 6.86942e-09 -0.00470978 1.83286e-05 12.7053 0.025689 2.58624e-07 -4.57173e-08 -0.025689 12.7053 0.000163252 -0.00470975 1.80783e-07 -0.00016321 12.6883 1.4368e-06 5.3964e-10 -0.000369986 1.43984e-06 0.998085 0.00201805 2.03167e-08 -3.59141e-09 -0.00201805 0.998085 1.28246e-05 -0.000369983 1.42017e-08 -1.28213e-05 0.996755
0.3 5.74188e-05 12.7269 4.1154e-05 1.54288e-08 -0.0047074 4.1241e-05 12.7025 0.0256829 5.81776e-07 -1.02826e-07 -0.0256829 12.7025 0.000367256 -0.00470731 4.06687e-07 -0.000367161 12.6856 3.23363e-06 1.2123e-09 -0.000369879 3.24047e-06 0.998085 0.00201801 4.57124e-08 -8.07945e-09 -0.00201801 0.998085 2.88567e-05 -0.000369872 3.1955e-08 -2.88493e-05 0.996755
0.4 7.65581e-05 12.723 7.31668e-05 2.73609e-08 -0.00470406 7.33214e-05 12.6986 0.0256744 1.03395e-06 -1.82707e-07 -0.0256744 12.6986 0.000652745 -0.00470388 7.22815e-07 -0.000652577 12.6817 5.75076e-06 2.15051e-09 -0.000369729 5.76291e-06 0.998085 0.00201796 8.12665e-08 -1.43604e-08 -0.00201796 0.998085 5.13044e-05 -0.000369716 5.68118e-08 -5.12912e-05 0.996754
0.5 9.56972e-05 12.718 0.000114331 4.26146e-08 -0.00469977 0.000114573 12.6936 0.0256635 1.61491e-06 -2.85291e-07 -0.0256635 12.6936 0.0010196 -0.00469949 1.12903e-06 -0.00101934 12.6767 8.98974e-06 3.35074e-09 -0.000369537 9.00873e-06 0.998084 0.00201789 1.26979e-07 -2.24321e-08 -0.00201789 0.998084 8.01703e-05 -0.000369515 8.87741e-08 -8.01497e-05 0.996754
0.6 0.000114836 12.7119 0.000164652 6.11244e-08 -0.00469452 0.000164999 12.6875 0.0256501 2.32436e-06 -4.10485e-07 -0.0256501 12.6875 0.00146769 -0.00469411 1.62515e-06 -0.00146731 12.6706 1.29526e-05 4.80845e-09 -0.000369302 1.29799e-05 0.998083 0.00201781 1.82849e-07 -3.22914e-08 -0.00201781 0.998083 0.000115458 -0.00036927 1.27845e-07 -0.000115428 0.996754
0.7 0.000133974 12.7047 0.000224132 8.28103e-08 -0.00468833 0.000224605 12.6803 0.0256343 3.16191e-06 -5.58179e-07 -0.0256343 12.6803 0.00199681 -0.00468777 2.21096e-06 -0.00199629 12.6634 1.76417e-05 6.5181e-09 -0.000369024 1.7679e-05 0.998083 0.00201771 2.48878e-07 -4.3935e-08 -0.00201771 0.998083 0.000157171 -0.00036898 1.74027e-07 -0.000157131 0.996753
0.8 0.000153112 12.6964 0.000292779 1.07578e-07 -0.00468119 0.000293397 12.672 0.0256161 4.12713e-06 -7.28242e-07 -0.0256161 12.672 0.00260675 -0.00468045 2.8862e-06 -0.00260608 12.6551 2.30601e-05 8.47312e-09 -0.000368704 2.31087e-05 0.998082 0.00201759 3.25064e-07 -5.73584e-08 -0.00201759 0.998082 0.000205315 -0.000368645 2.27325e-07 -0.000205262 0.996753
0.9 0.00017225 12.6869 0.000370599 1.35318e-07 -0.00467311 0.00037138 12.6626 0.0255955 5.21951e-06 -9.20523e-07 -0.0255955 12.6626 0.00329728 -0.00467217 3.65058e-06 -0.00329643 12.6457 2.9211e-05 1.06659e-08 -0.00036834 2.92726e-05 0.998081 0.00201747 4.11408e-07 -7.25568e-08 -0.00201747 0.998081 0.000259896 -0.000368266 2.87743e-07 -0.000259829 0.996752
1 0.000191387 12.6764 0.000457598 1.65908e-07 -0.00466408 0.000458562 12.6521 0.0255724 6.43849e-06 -1.13485e-06 -0.0255724 12.6521 0.00406811 -0.00466292 4.50376e-06 -0.00406706 12.6352 3.60984e-05 1.30879e-08 -0.000367934 3.61744e-05 0.99808 0.00201732 5.0791e-07 -8.95245e-08 -0.00201732 0.99808 0.000320919 -0.000367842 3.55286e-07 -0.000320836 0.996751
1.1 0.000210523 12.6648 0.000553786 1.9921e-07 -0.00465412 0.00055495 12.6405 0.025547 7.78341e-06 -1.37104e-06 -0.025547 12.6405 0.00491892 -0.00465271 5.44537e-06 -0.00491766 12.6237 4.37263e-05 1.57294e-08 -0.000367484 4.38183e-05 0.998079 0.00201716 6.1457e-07 -1.08255e-07 -0.00201716 0.998079 0.000388393 -0.000367373 4.2996e-07 -0.000388293 0.99675
1.2 0.000229659 12.6521 0.00065917 2.35073e-07 -0.00464322 0.000660555 12.6278 0.0255191 9.25358e-06 -1.62887e-06 -0.0255191 12.6278 0.00584938 -0.00464154 6.47499e-06 -0.00584787 12.611 5.20996e-05 1.85798e-08 -0.000366992 5.22091e-05 0.998077 0.00201699 7.31386e-07 -1.28743e-07 -0.00201699 0.998077 0.000462325 -0.00036686 5.11772e-07 -0.000462206 0.996749
1.3 0.000248794 12.6383 0.000773761 2.73332e-07 -0.00463139 0.000775385 12.614 0.0254889 1.08482e-05 -1.90811e-06 -0.0254889 12.614 0.0068591 -0.00462942 7.59218e-06 -0.00685734 12.5972 6.12235e-05 2.16273e-08 -0.000366457 6.1352e-05 0.998076 0.0020168 8.5836e-07 -1.50978e-07 -0.0020168 0.998076 0.000542724 -0.000366301 6.00728e-07 -0.000542584 0.996748
1.4 0.000267929 12.6234 0.000897568 3.13807e-07 -0.00461863 0.00089945 12.5991 0.0254563 1.25665e-05 -2.20852e-06 -0.0254563 12.5991 0.00794768 -0.00461635 8.79645e-06 -0.00794564 12.5823 7.11035e-05 2.48591e-08 -0.000365878 7.12525e-05 0.998074 0.00201659 9.95491e-07 -1.74955e-07 -0.00201659 0.998074 0.000629599 -0.000365698 6.96836e-07 -0.000629437 0.996747
1.5 0.000287062 12.6074 0.0010306 3.56304e-07 -0.00460495 0.00103276 12.5831 0.0254213 1.44075e-05 -2.52983e-06 -0.0254213 12.5831 0.00911468 -0.00460233 1.00873e-05 -0.00911234 12.5664 8.17458e-05 2.82615e-08 -0.000365257 8.19169e-05 0.998073 0.00201637 1.14278e-06 -2.00662e-07 -0.00201637 0.998072 0.000722962 -0.000365049 8.00105e-07 -0.000722776 0.996746
1.6 0.000306195 12.5904 0.00117288 4.00619e-07 -0.00459034 0.00117533 12.5661 0.0253839 1.63703e-05 -2.87175e-06 -0.0253839 12.5661 0.0103596 -0.00458737 1.14641e-05 -0.010357 12.5494 9.31569e-05 3.18195e-08 -0.000364592 9.33516e-05 0.998071 0.00201614 1.30022e-06 -2.28091e-07 -0.00201614 0.998071 0.000822822 -0.000364356 9.10542e-07 -0.00082261 0.996744
1.7 0.000325327 12.5722 0.00132441 4.46529e-07 -0.00457483 0.00132717 12.5479 0.0253441 1.84538e-05 -3.23397e-06 -0.0253441 12.5479 0.011682 -0.00457147 1.29262e-05 -0.011679 12.5313 0.000105344 3.55171e-08 -0.000363884 0.000105564 0.998069 0.00201588 1.46782e-06 -2.57232e-07 -0.00201588 0.998069 0.000929193 -0.000363617 1.02816e-06 -0.000928954 0.996743
1.8 0.000344457 12.553 0.0014852 4.93802e-07 -0.0045584 0.00148829 12.5287 0.025302 2.06569e-05 -3.61617e-06 -0.025302 12.5287 0.0130813 -0.00455465 1.44731e-05 -0.0130779 12.5121 0.000118314 3.93373e-08 -0.000363133 0.000118561 0.998067 0.00201562 1.64558e-06 -2.88072e-07 -0.00201562 0.998066 0.00104209 -0.000362833 1.15296e-06 -0.00104182 0.996741
1.9 0.000363587 12.5327 0.00165527 5.4219e-07 -0.00454107 0.00165871 12.5085 0.0252576 2.29785e-05 -4.018e-06 -0.0252576 12.5084 0.0145569 -0.0045369 1.61041e-05 -0.0145532 12.4919 0.000132076 4.3262e-08 -0.000362338 0.000132351 0.998065 0.00201533 1.83349e-06 -3.20601e-07 -0.00201533 0.998064 0.00116151 -0.000362004 1.28497e-06 -0.00116122 0.99674
2 0.000382716 12.5114 0.00183463 5.91434e-07 -0.00452285 0.00183844 12.4871 0.0252108 2.54174e-05 -4.4391e-06 -0.0252108 12.4871 0.0161083 -0.00451823 1.78184e-05 -0.0161042 12.4705 0.000146637 4.72718e-08 -0.000361499 0.000146942 0.998063 0.00201503 2.03155e-06 -3.54806e-07 -0.00201503 0.998062 0.00128749 -0.00036113 1.42418e-06 -0.00128716 0.996738
2.1 0.000401843 12.4889 0.0020233 6.41262e-07 -0.00450373 0.0020275 12.4647 0.0251617 2.79723e-05 -4.87909e-06 -0.0251617 12.4647 0.0177348 -0.00449865 1.96153e-05 -0.0177302 12.4482 0.000162008 5.13464e-08 -0.000360618 0.000162343 0.99806 0.00201472 2.23977e-06 -3.90673e-07 -0.00201472 0.998059 0.00142004 -0.00036021 1.57062e-06 -0.00141967 0.996736
2.2 0.000420969 12.4655 0.0022213 6.91387e-07 -0.00448373 0.00222589 12.4413 0.0251103 3.06418e-05 -5.33756e-06 -0.0251103 12.4412 0.0194357 -0.00447816 2.1494e-05 -0.0194307 12.4248 0.000178196 5.54642e-08 -0.000359692 0.000178565 0.998058 0.00201439 2.45814e-06 -4.28188e-07 -0.00201439 0.998056 0.00155917 -0.000359245 1.72429e-06 -0.00155877 0.996734
2.3 0.000440094 12.4409 0.00242863 7.41513e-07 -0.00446284 0.00243364 12.4167 0.0250565 3.34246e-05 -5.81411e-06 -0.0250566 12.4167 0.0212104 -0.00445677 2.34537e-05 -0.021205 12.4003 0.000195213 5.96027e-08 -0.000358723 0.000195616 0.998055 0.00201404 2.68666e-06 -4.67337e-07 -0.00201404 0.998054 0.00170489 -0.000358235 1.8852e-06 -0.00170445 0.996732
2.4 0.000459218 12.4154 0.00264532 7.91328e-07 -0.00444109 0.00265077 12.3912 0.0250005 3.63191e-05 -6.30829e-06 -0.0250005 12.3912 0.0230582 -0.0044345 2.54935e-05 -0.0230523 12.3748 0.000213068 6.37379e-08 -0.000357709 0.000213507 0.998052 0.00201367 2.92534e-06 -5.08104e-07 -0.00201368 0.99805 0.00185723 -0.000357178 2.05338e-06 -0.00185675 0.99673
2.5 0.00047834 12.3887 0.00287137 8.40512e-07 -0.00441847 0.00287728 12.3646 0.0249422 3.93239e-05 -6.81966e-06 -0.0249422 12.3646 0.0249782 -0.00441133 2.76125e-05 -0.0249718 12.3482 0.000231773 6.78448e-08 -0.000356652 0.000232249 0.99805 0.00201329 3.17416e-06 -5.50472e-07 -0.0020133 0.998047 0.0020162 -0.000356076 2.22884e-06 -0.00201569 0.996728
2.6 0.000497461 12.3611 0.00310682 8.88729e-07 -0.004395 0.00311319 12.337 0.0248816 4.24374e-05 -7.34775e-06 -0.0248817 12.3369 0.0269698 -0.0043873 2.98099e-05 -0.0269629 12.3206 0.000251338 7.18973e-08 -0.000355551 0.000251854 0.998046 0.0020129 3.43314e-06 -5.94425e-07 -0.0020129 0.998044 0.00218183 -0.000354928 2.41159e-06 -0.00218127 0.996725
2.7 0.00051658 12.3324 0.00335167 9.35635e-07 -0.00437067 0.00335852 12.3083 0.0248188 4.56579e-05 -7.89206e-06 -0.0248188 12.3083 0.0290321 -0.00436239 3.20845e-05 -0.0290247 12.292 0.000271777 7.58679e-08 -0.000354405 0.000272333 0.998043 0.00201248 3.70227e-06 -6.39944e-07 -0.00201249 0.99804 0.00235413 -0.000353734 2.60164e-06 -0.00235353 0.996722
2.8 0.000535698 12.3027 0.00360594 9.80872e-07 -0.00434551 0.0036133 12.2786 0.0247537 4.89838e-05 -8.45209e-06 -0.0247538 12.2786 0.0311643 -0.00433663 3.44355e-05 -0.0311563 12.2624 0.000293101 7.9728e-08 -0.000353215 0.000293699 0.99804 0.00201205 3.98154e-06 -6.8701e-07 -0.00201206 0.998037 0.00253312 -0.000352494 2.79901e-06 -0.00253247 0.99672
2.9 0.000554814 12.272 0.00386965 1.02407e-06 -0.00431951 0.00387752 12.2479 0.0246865 5.24133e-05 -9.02733e-06 -0.0246865 12.2479 0.0333655 -0.00431002 3.68618e-05 -0.033357 12.2317 0.000315323 8.34478e-08 -0.000351981 0.000315965 0.998037 0.00201161 4.27096e-06 -7.35604e-07 -0.00201161 0.998033 0.00271883 -0.000351207 3.00373e-06 -0.00271813 0.996717
3 0.000573928 12.2403 0.00414281 1.06486e-06 -0.00429269 0.00415122 12.2162 0.024617 5.59445e-05 -9.61725e-06 -0.024617 12.2162 0.0356348 -0.00428256 3.93623e-05 -0.0356257 12.2001 0.000338457 8.69961e-08 -0.000350702 0.000339144 0.998033 0.00201114 4.57053e-06 -7.85705e-07 -0.00201115 0.998028 0.00291127 -0.000349875 3.2158e-06 -0.00291053 0.996714
3.1 0.00059304 12.2076 0.00442545 1.10284e-06 -0.00426505 0.00443441 12.1835 0.0245453 5.95757e-05 -1.02213e-05 -0.0245453 12.1834 0.0379714 -0.00425428 4.19359e-05 -0.0379616 12.1674 0.000362517 9.03405e-08 -0.000349378 0.000363251 0.998029 0.00201066 4.88023e-06 -8.37291e-07 -0.00201067 0.998024 0.00311048 -0.000348496 3.43524e-06 -0.00310968 0.99671
3.2 0.000612151 12.1738 0.00471758 1.13761e-06 -0.00423661 0.00472711 12.1498 0.0244714 6.3305e-05 -1.08389e-05 -0.0244715 12.1497 0.0403742 -0.00422517 4.45816e-05 -0.0403638 12.1337 0.000387518 9.34473e-08 -0.00034801 0.000388301 0.998026 0.00201016 5.20009e-06 -8.90341e-07 -0.00201017 0.99802 0.00331647 -0.00034707 3.66208e-06 -0.00331562 0.996707
3.3 0.00063126 12.1391 0.00501922 1.16877e-06 -0.00420737 0.00502933 12.1151 0.0243953 6.71303e-05 -1.14694e-05 -0.0243954 12.115 0.0428423 -0.00419525 4.72981e-05 -0.0428313 12.0991 0.000413475 9.62813e-08 -0.000346596 0.000414307 0.998022 0.00200965 5.53008e-06 -9.44831e-07 -0.00200965 0.998015 0.00352927 -0.000345597 3.89633e-06 -0.00352837 0.996703
3.4 0.000650367 12.1034 0.00533039 1.19589e-06 -0.00417735 0.00534109 12.0794 0.0243172 7.10497e-05 -1.21123e-05 -0.0243173 12.0793 0.0453746 -0.00416453 5.00842e-05 -0.0453631 12.0635 0.000440403 9.88062e-08 -0.000345137 0.000441287 0.998018 0.00200911 5.87021e-06 -1.00074e-06 -0.00200912 0.99801 0.00374891 -0.000344078 4.13802e-06 -0.00374795 0.996699
3.5 0.000669472 12.0668 0.0056511 1.21855e-06 -0.00414655 0.00566241 12.0428 0.0242368 7.5061e-05 -1.2767e-05 -0.024237 12.0427 0.0479703 -0.00413301 5.29388e-05 -0.047958 12.0269 0.000468319 1.00984e-07 -0.000343633 0.000469256 0.998014 0.00200856 6.22047e-06 -1.05803e-06 -0.00200857 0.998005 0.00397541 -0.000342512 4.38715e-06 -0.00397439 0.996695
3.6 0.000688575 12.0291 0.00598137 1.23631e-06 -0.00411498 0.0059933 12.0052 0.0241544 7.91623e-05 -1.34329e-05 -0.0241546 12.0051 0.0506282 -0.00410072 5.58605e-05 -0.0506152 11.9893 0.00049724 1.02776e-07 -0.000342084 0.000498232 0.998009 0.00200799 6.58088e-06 -1.11669e-06 -0.002008 0.997999 0.00420879 -0.000340899 4.64376e-06 -0.00420772 0.996691
3.7 0.000707676 11.9906 0.00632121 1.24872e-06 -0.00408265 0.00633378 11.9666 0.0240699 8.33513e-05 -1.41092e-05 -0.0240701 11.9665 0.0533472 -0.00406765 5.88481e-05 -0.0533336 11.9508 0.000527182 1.04142e-07 -0.000340489 0.000528231 0.998005 0.0020074 6.95141e-06 -1.17669e-06 -0.00200742 0.997994 0.0044491 -0.000339238 4.90787e-06 -0.00444796 0.996687
3.8 0.000726775 11.951 0.00667065 1.25532e-06 -0.00404958 0.00668387 11.9271 0.0239833 8.76258e-05 -1.47954e-05 -0.0239835 11.927 0.0561262 -0.00403383 6.19003e-05 -0.0561119 11.9114 0.000558166 1.05039e-07 -0.000338848 0.000559272 0.998 0.0020068 7.33207e-06 -1.238e-06 -0.00200681 0.997988 0.00469635 -0.00033753 5.17949e-06 -0.00469515 0.996682
3.9 0.000745871 11.9106 0.0070297 1.25565e-06 -0.00401578 0.00704359 11.8867 0.0238947 9.19836e-05 -1.54907e-05 -0.0238948 11.8865 0.0589642 -0.00399926 6.50156e-05 -0.0589492 11.871 0.000590208 1.05423e-07 -0.000337161 0.000591374 0.997995 0.00200617 7.72286e-06 -1.30059e-06 -0.00200619 0.997982 0.00495058 -0.000335774 5.45866e-06 -0.00494932 0.996677
4 0.000764965 11.8692 0.00739838 1.24924e-06 -0.00398125 0.00741294 11.8453 0.023804 9.64224e-05 -1.61946e-05 -0.0238042 11.8451 0.0618599 -0.00396395 6.81929e-05 -0.0618442 11.8297 0.000623328 1.05251e-07 -0.000335428 0.000624555 0.99799 0.00200553 8.12377e-06 -1.36442e-06 -0.00200555 0.997975 0.00521182 -0.00033397 5.74538e-06 -0.00521049 0.996672
4.1 0.000784057 11.8268 0.00777669 1.2356e-06 -0.00394601 0.00779195 11.803 0.0237113 0.00010094 -1.69062e-05 -0.0237115 11.8028 0.0648123 -0.00392792 7.14306e-05 -0.0647958 11.7874 0.000657546 1.04474e-07 -0.000333649 0.000658836 0.997985 0.00200487 8.53481e-06 -1.42948e-06 -0.00200489 0.997969 0.0054801 -0.000332119 6.0397e-06 -0.00547871 0.996667
4.2 0.000803147 11.7836 0.00816466 1.21426e-06 -0.00391007 0.00818062 11.7598 0.0236166 0.000105533 -1.7625e-05 -0.0236168 11.7596 0.06782 -0.00389117 7.47273e-05 -0.0678028 11.7443 0.000692884 1.03046e-07 -0.000331823 0.000694238 0.99798 0.00200419 8.95596e-06 -1.49572e-06 -0.00200421 0.997962 0.00575546 -0.000330219 6.34163e-06 -0.00575399 0.996661
4.3 0.000822234 11.7395 0.0085623 1.18471e-06 -0.00387345 0.00857897 11.7157 0.0235199 0.000110201 -1.83501e-05 -0.0235201 11.7155 0.0708819 -0.00385373 7.80815e-05 -0.0708639 11.7002 0.00072936 1.00917e-07 -0.000329951 0.000730781 0.997975 0.00200349 9.38722e-06 -1.56311e-06 -0.00200351 0.997954 0.00603792 -0.000328271 6.6512e-06 -0.00603638 0.996656
4.4 0.000841318 11.6944 0.00896962 1.14645e-06 -0.00383614 0.00898702 11.6707 0.0234212 0.00011494 -1.90809e-05 -0.0234215 11.6704 0.0739968 -0.0038156 8.14919e-05 -0.073978 11.6553 0.000766999 9.80339e-08 -0.000328031 0.000768487 0.997969 0.00200277 9.8286e-06 -1.63163e-06 -0.00200279 0.997947 0.00632752 -0.000326275 6.96843e-06 -0.00632591 0.99665
4.5 0.0008604 11.6485 0.00938664 1.09898e-06 -0.00379817 0.00940477 11.6248 0.0233207 0.000119748 -1.98167e-05 -0.023321 11.6245 0.0771633 -0.0037768 8.49568e-05 -0.0771437 11.6094 0.000805822 9.43453e-08 -0.000326065 0.000807379 0.997963 0.00200203 1.02801e-05 -1.70122e-06 -0.00200206 0.997939 0.0066243 -0.00032423 7.29336e-06 -0.00662262 0.996643
4.6 0.00087948 11.6017 0.00981335 1.04179e-06 -0.00375955 0.00983224 11.578 0.0232182 0.000124622 -2.05566e-05 -0.0232185 11.5777 0.0803803 -0.00373734 8.84748e-05 -0.0803599 11.5627 0.000845852 8.97961e-08 -0.000324051 0.00084748 0.997958 0.00200127 1.07417e-05 -1.77186e-06 -0.0020013 0.997931 0.0069283 -0.000322136 7.626e-06 -0.00692654 0.996637
4.7 0.000898556 11.5541 0.0102498 9.74354e-07 -0.00372029 0.0102694 11.5304 0.0231138 0.00012956 -2.12999e-05 -0.0231142 11.5301 0.0836463 -0.00369723 9.20444e-05 -0.0836251 11.5151 0.000887114 8.43298e-08 -0.00032199 0.000888814 0.997952 0.00200049 1.12133e-05 -1.8435e-06 -0.00200052 0.997922 0.00723954 -0.000319993 7.96639e-06 -0.00723771 0.99663
4.8 0.00091763 11.5056 0.0106959 8.96149e-07 -0.00368041 0.0107164 11.4819 0.0230076 0.000134559 -2.20459e-05 -0.023008 11.4816 0.0869601 -0.00365648 9.56638e-05 -0.0869381 11.4667 0.000929631 7.78882e-08 -0.00031988 0.000931406 0.997945 0.00199969 1.16951e-05 -1.91611e-06 -0.00199973 0.997914 0.00755808 -0.000317801 8.31456e-06 -0.00755617 0.996622
4.9 0.000936701 11.4562 0.0111518 8.06647e-07 -0.00363991 0.011173 11.4326 0.0228995 0.000139617 -2.27938e-05 -0.0229 11.4322 0.0903204 -0.00361512 9.93316e-05 -0.0902975 11.4175 0.00097343 7.04112e-08 -0.000317723 0.00097528 0.997939 0.00199887 1.2187e-05 -1.98964e-06 -0.00199891 0.997904 0.00788395 -0.000315559 8.67052e-06 -0.00788195 0.996615
5 0.00095577 11.4061 0.0116175 7.05316e-07 -0.00359881 0.0116395 11.3825 0.0227896 0.00014473 -2.35428e-05 -0.0227901 11.382 0.0937257 -0.00357314 0.000103046 -0.093702 11.3674 0.00101854 6.1837e-08 -0.000315518 0.00102046 0.997932 0.00199803 1.26889e-05 -2.06406e-06 -0.00199807 0.997895 0.00821719 -0.000313267 9.03433e-06 -0.00821511 0.996607
5.1 0.000974835 11.3551 0.0120928 5.91617e-07 -0.00355713 0.0121156 11.3315 0.0226779 0.000149897 -2.4292e-05 -0.0226784 11.331 0.0971747 -0.00353058 0.000106806 -0.0971501 11.3164 0.00106497 5.21017e-08 -0.000313264 0.00106698 0.997926 0.00199717 1.32009e-05 -2.13932e-06 -0.00199721 0.997885 0.00855784 -0.000310926 9.40599e-06 -0.00855568 0.996599
5.2 0.000993897 11.3032 0.012578 4.65011e-07 -0.00351487 0.0126016 11.2797 0.0225644 0.000155114 -2.50408e-05 -0.022565 11.2792 0.100666 -0.00348744 0.000110608 -0.100641 11.2647 0.00111278 4.11396e-08 -0.000310962 0.00111486 0.997919 0.00199628 1.3723e-05 -2.21537e-06 -0.00199633 0.997875 0.00890594 -0.000308534 9.78556e-06 -0.00890369 0.99659
5.3 0.00101296 11.2506 0.0130729 3.24952e-07 -0.00347206 0.0130973 11.2271 0.0224492 0.000160379 -2.57883e-05 -0.0224498 11.2266 0.104198 -0.00344373 0.000114453 -0.104172 11.2122 0.00116197 2.8883e-08 -0.00030861 0.00116414 0.997912 0.00199538 1.42551e-05 -2.29216e-06 -0.00199543 0.997864 0.00926155 -0.000306092 1.0173e-05 -0.00925921 0.996581
5.4 0.00103201 11.1972 0.0135775 1.70893e-07 -0.0034287 0.0136027 11.1738 0.0223323 0.000165689 -2.65336e-05 -0.0223329 11.1732 0.10777 -0.00339948 0.000118338 -0.107743 11.1588 0.00121258 1.52621e-08 -0.00030621 0.00121483 0.997905 0.00199445 1.47973e-05 -2.36966e-06 -0.0019945 0.997853 0.00962469 -0.0003036 1.05685e-05 -0.00962227 0.996572
5.5 0.00105107 11.1431 0.0140919 2.28433e-09 -0.00338481 0.014118 11.1196 0.0222136 0.00017104 -2.72759e-05 -0.0222143 11.119 0.11138 -0.00335469 0.000122261 -0.111352 11.1047 0.00126463 2.05e-10 -0.00030376 0.00126698 0.997897 0.0019935 1.53495e-05 -2.4478e-06 -0.00199356 0.997841 0.00999543 -0.000301057 1.09719e-05 -0.00999291 0.996562
5.6 0.00107012 11.0881 0.014616 -1.81426e-07 -0.0033404 0.014643 11.0647 0.0220933 0.000176432 -2.80145e-05 -0.0220941 11.064 0.115026 -0.00330938 0.00012622 -0.114997 11.0499 0.00131817 -1.63622e-08 -0.00030126 0.0013206 0.997889 0.00199252 1.59118e-05 -2.52654e-06 -0.00199259 0.997829 0.0103738 -0.000298462 1.13834e-05 -0.0103712 0.996552
5.7 0.00108916 11.0324 0.0151499 -3.80792e-07 -0.00329549 0.0151777 11.009 0.0219714 0.000181859 -2.87485e-05 -0.0219722 11.0083 0.118707 -0.00326357 0.000130215 -0.118677 10.9943 0.00137322 -3.45157e-08 -0.00029871 0.00137574 0.997882 0.00199153 1.64841e-05 -2.60582e-06 -0.0019916 0.997817 0.0107598 -0.000295816 1.18029e-05 -0.0107571 0.996541
5.8 0.00110821 10.976 0.0156936 -5.96368e-07 -0.00325009 0.0157222 10.9526 0.0218478 0.00018732 -2.9477e-05 -0.0218486 10.9519 0.122422 -0.00321726 0.000134242 -0.122391 10.9379 0.00142981 -5.4334e-08 -0.00029611 0.00143242 0.997874 0.00199051 1.70664e-05 -2.68559e-06 -0.00199059 0.997804 0.0111536 -0.000293119 1.22305e-05 -0.0111508 0.996531
5.9 0.00112725 10.9188 0.016247 -8.28712e-07 -0.00320422 0.0162765 10.8955 0.0217226 0.000192812 -3.01992e-05 -0.0217235 10.8947 0.126169 -0.00317049 0.0001383 -0.126137 10.8808 0.00148798 -7.58977e-08 -0.000293459 0.00149068 0.997866 0.00198947 1.76587e-05 -2.7658e-06 -0.00198955 0.997791 0.0115552 -0.000290369 1.26663e-05 -0.0115523 0.996519
6 0.00172656 10.8609 0.0168101 -1.07838e-06 -0.0031579 0.0168405 10.8376 0.0215959 0.000198332 -3.09143e-05 -0.0215968 10.8368 0.129946 -0.00312325 0.000142389 -0.129914 10.823 0.00154776 -9.92899e-08 -0.000290758 0.00155056 0.997857 0.0019884 1.8261e-05 -2.84638e-06 -0.00198849 0.997777 0.0119646 -0.000287568 1.31102e-05 -0.0119616 0.996507
6.2 0.00236869 10.743 0.0179655 -1.63192e-06 -0.00306393 0.0179977 10.7198 0.0213378 0.000209442 -3.23196e-05 -0.0213389 10.7188 0.137587 -0.00302747 0.000150646 -0.137553 10.7052 0.0016723 -1.51904e-07 -0.000285201 0.00167529 0.99784 0.0019862 1.94956e-05 -3.00842e-06 -0.0019863 0.997748 0.0128071 -0.000281808 1.40226e-05 -0.0128039 0.996482
6.4 0.00244479 10.6224 0.0191597 -2.26143e-06 -0.00296831 0.0191936 10.5993 0.0210738 0.000220629 -3.3686e-05 -0.021075 10.5982 0.145331 -0.00293004 0.000158998 -0.145295 10.5848 0.0018037 -2.12892e-07 -0.000279438 0.0018069 0.997821 0.00198389 2.07701e-05 -3.17121e-06 -0.00198401 0.997716 0.0136815 -0.000275835 1.49682e-05 -0.0136781 0.996455
6.6 0.00252085 10.4992 0.0203926 -2.97135e-06 -0.00287116 0.0204283 10.4761 0.020804 0.000231867 -3.50067e-05 -0.0208054 10.4749 0.153167 -0.0028311 0.000167432 -0.153129 10.4617 0.0019423 -2.83007e-07 -0.000273465 0.0019457 0.997802 0.00198149 2.20842e-05 -3.33422e-06 -0.00198162 0.997683 0.0145884 -0.000269649 1.59471e-05 -0.0145848 0.996425
6.8 0.00259689 10.3735 0.0216639 -3.76609e-06 -0.00277261 0.0217014 10.3504 0.0205288 0.000243133 -3.62746e-05 -0.0205303 10.349 0.161081 -0.00273077 0.000175932 -0.161041 10.336 0.0020884 -3.63051e-07 -0.000267279 0.00209201 0.997782 0.00197898 2.3438e-05 -3.49687e-06 -0.00197912 0.997647 0.0155282 -0.000263246 1.69598e-05 -0.0155243 0.996393
7 0.00267289 10.2453 0.0229735 -4.65002e-06 -0.00267278 0.0230128 10.2223 0.0202483 0.000254404 -3.7483e-05 -0.02025 10.2208 0.16906 -0.00262918 0.000184482 -0.169018 10.208 0.00224234 -4.53869e-07 -0.000260879 0.00224618 0.997761 0.00197636 2.48313e-05 -3.65856e-06 -0.00197652 0.997608 0.0165013 -0.000256624 1.80065e-05 -0.0164972 0.996359
7.2 0.00274886 10.1148 0.024321 -5.62744e-06 -0.0025718 0.0243622 10.0919 0.0199628 0.000265655 -3.86249e-05 -0.0199647 10.0902 0.177093 -0.00252647 0.000193067 -0.177049 10.0776 0.0024045 -5.56356e-07 -0.000254261 0.00240857 0.997739 0.00197363 2.6264e-05 -3.81865e-06 -0.00197381 0.997567 0.0175083 -0.00024978 1.90876e-05 -0.0175039 0.996322
7.4 0.0028248 9.98213 0.0257063 -6.70259e-06 -0.0024698 0.0257493 9.95932 0.0196726 0.000276862 -3.96933e-05 -0.0196746 9.95739 0.185165 -0.00242278 0.000201672 -0.185119 9.94501 0.00257523 -6.7146e-07 -0.000247423 0.00257954 0.997716 0.00197078 2.77358e-05 -3.97644e-06 -0.00197099 0.997522 0.0185496 -0.000242711 2.02034e-05 -0.018545 0.996282
7.6 0.00290071 9.84735 0.0271289 -7.87965e-06 -0.00236691 0.0271737 9.82462 0.0193777 0.000288001 -4.06815e-05 -0.01938 9.82248 0.193263 -0.00231822 0.000210282 -0.193216 9.81031 0.00275494 -8.0018e-07 -0.00024036 0.0027595 0.997692 0.00196781 2.92466e-05 -4.13121e-06 -0.00196805 0.997475 0.0196259 -0.000235416 2.13542e-05 -0.0196211 0.996239
7.8 0.00297657 9.71058 0.0285884 -9.16268e-06 -0.00226325 0.0286351 9.68792 0.0190786 0.000299049 -4.15825e-05 -0.0190811 9.68557 0.201375 -0.00221294 0.000218881 -0.201326 9.67362 0.00294405 -9.43577e-07 -0.000233071 0.00294886 0.997666 0.00196473 3.07962e-05 -4.28219e-06 -0.00196498 0.997424 0.0207377 -0.00022789 2.25405e-05 -0.0207326 0.996193
8 0.00305241 9.57194 0.0300845 -1.05557e-05 -0.00215896 0.0301331 9.54935 0.0187755 0.000309981 -4.23898e-05 -0.0187782 9.54676 0.209487 -0.00210708 0.000227453 -0.209436 9.53503 0.00314299 -1.10277e-06 -0.000225551 0.00314806 0.99764 0.00196151 3.23844e-05 -4.42855e-06 -0.0019618 0.99737 0.0218856 -0.000220131 2.37625e-05 -0.0218802 0.996144
8.2 0.0031282 9.43154 0.0316166 -1.20624e-05 -0.00205417 0.031667 9.40901 0.0184685 0.000320775 -4.30967e-05 -0.0184715 9.40618 0.217587 -0.00200077 0.000235984 -0.217534 9.39466 0.00335222 -1.27894e-06 -0.000217798 0.00335756 0.997612 0.00195817 3.40109e-05 -4.56942e-06 -0.00195849 0.997312 0.0230701 -0.000212136 2.50207e-05 -0.0230645 0.99609
8.4 0.00320396 9.28948 0.0331842 -1.36867e-05 -0.00194901 0.0332364 9.26703 0.018158 0.000331407 -4.36965e-05 -0.0181613 9.26393 0.22566 -0.00189414 0.000244456 -0.225605 9.25263 0.00357223 -1.47335e-06 -0.000209808 0.00357785 0.997583 0.00195469 3.56755e-05 -4.70387e-06 -0.00195504 0.99725 0.024292 -0.000203901 2.63154e-05 -0.0242861 0.996033
8.6 0.00327968 9.14588 0.0347866 -1.5432e-05 -0.0018436 0.0348406 9.1235 0.0178443 0.000341854 -4.41829e-05 -0.0178478 9.12012 0.233694 -0.00178732 0.000252856 -0.233637 9.10904 0.00380353 -1.68732e-06 -0.000201577 0.00380943 0.997553 0.00195107 3.73779e-05 -4.83091e-06 -0.00195146 0.997183 0.0255518 -0.000195424 2.7647e-05 -0.0255456 0.995972
8.8 0.00335535 9.00086 0.0364233 -1.73019e-05 -0.00173808 0.0364791 8.97855 0.0175275 0.000352093 -4.45497e-05 -0.0175313 8.97487 0.241676 -0.00168047 0.000261168 -0.241617 8.96401 0.00404665 -1.92224e-06 -0.000193101 0.00405285 0.997521 0.00194731 3.91177e-05 -4.94949e-06 -0.00194774 0.997113 0.0268503 -0.000186701 2.90158e-05 -0.0268438 0.995906
9 0.00343099 8.85453 0.0380935 -1.92995e-05 -0.00163257 0.038151 8.83229 0.0172079 0.000362103 -4.47905e-05 -0.017212 8.8283 0.249593 -0.00157369 0.000269376 -0.249532 8.81766 0.00430215 -2.17962e-06 -0.000184377 0.00430865 0.997488 0.0019434 4.08946e-05 -5.05849e-06 -0.00194387 0.997037 0.0281881 -0.000177728 3.04224e-05 -0.0281813 0.995836
9.2 0.00350659 8.707 0.0397964 -2.14279e-05 -0.00152721 0.0398557 8.68483 0.0168858 0.000371861 -4.48996e-05 -0.0168902 8.6805 0.257431 -0.00146714 0.000277465 -0.257369 8.67008 0.00457062 -2.461e-06 -0.0001754 0.00457743 0.997454 0.00193933 4.27083e-05 -5.15672e-06 -0.00193985 0.996957 0.029566 -0.000168501 3.18669e-05 -0.0295589 0.99576
9.4 0.00358214 8.55839 0.0415312 -2.36902e-05 -0.00142212 0.0415922 8.53628 0.0165614 0.000381347 -4.48709e-05 -0.0165662 8.53161 0.265178 -0.00136094 0.000285422 -0.265115 8.52141 0.00485269 -2.76807e-06 -0.000166167 0.00485982 0.997417 0.00193511 4.45583e-05 -5.24292e-06 -0.00193567 0.996871 0.0309846 -0.000159018 3.33499e-05 -0.0309772 0.99568
9.6 0.00365765 8.4088 0.0432969 -2.60889e-05 -0.00131744 0.0433597 8.38677 0.016235 0.000390539 -4.4699e-05 -0.0162402 8.38173 0.272822 -0.00125522 0.00029323 -0.272757 8.37175 0.005149 -3.10257e-06 -0.000156674 0.00515647 0.997379 0.00193072 4.6444e-05 -5.31573e-06 -0.00193134 0.99678 0.0324448 -0.000149274 3.48718e-05 -0.0324371 0.995593
9.8 0.00373311 8.25837 0.0450928 -2.86265e-05 -0.00121327 0.0451572 8.2364 0.0159069 0.000399417 -4.43783e-05 -0.0159125 8.23097 0.28035 -0.00115011 0.000300876 -0.280283 8.22121 0.00546025 -3.46637e-06 -0.000146914 0.00546806 0.99734 0.00192616 4.83651e-05 -5.37374e-06 -0.00192683 0.996682 0.0339473 -0.000139266 3.64328e-05 -0.0339393 0.995501
10 0.00380853 8.10719 0.0469176 -3.13054e-05 -0.00110976 0.0469837 8.08529 0.0155774 0.000407962 -4.39037e-05 -0.0155833 8.07945 0.287749 -0.00104574 0.000308344 -0.287681 8.06991 0.00578716 -3.86144e-06 -0.000136886 0.00579531 0.997298 0.00192143 5.0321e-05 -5.4154e-06 -0.00192216 0.996579 0.035493 -0.000128989 3.80335e-05 -0.0354846 0.995402
10.2 0.0038839 7.95538 0.0487704 -3.41276e-05 -0.00100701 0.0488381 7.93355 0.0152466 0.000416155 -4.32702e-05 -0.0152529 7.92729 0.295007 -0.000942229 0.000315623 -0.294938 7.91797 0.00613049 -4.28988e-06 -0.000126583 0.006139 0.997255 0.00191651 5.23111e-05 -5.4391e-06 -0.00191731 0.996468 0.0370827 -0.000118439 3.96741e-05 -0.037074 0.995297
10.4 0.00395923 7.80307 0.0506499 -3.7095e-05 -0.000905159 0.0507192 7.78129 0.0149148 0.000423977 -4.2473e-05 -0.0149215 7.77459 0.302113 -0.000839708 0.000322696 -0.302042 7.76549 0.00649103 -4.7539e-06 -0.000116 0.00649991 0.99721 0.0019114 5.43346e-05 -5.44312e-06 -0.00191227 0.996351 0.0387173 -0.000107613 4.1355e-05 -0.0387082 0.995184
10.6 0.0040345 7.65035 0.0525551 -4.02091e-05 -0.000804314 0.0526259 7.62864 0.0145823 0.00043141 -4.15076e-05 -0.0145895 7.62147 0.309055 -0.000738295 0.000329552 -0.308983 7.61258 0.00686963 -5.25585e-06 -0.000105134 0.00687889 0.997162 0.0019061 5.6391e-05 -5.42559e-06 -0.00190704 0.996225 0.0403976 -9.65048e-05 4.30767e-05 -0.0403881 0.995063
10.8 0.00410973 7.49734 0.0544845 -4.34712e-05 -0.000704594 0.0545568 7.47569 0.0142494 0.000438439 -4.03699e-05 -0.014257 7.46804 0.315821 -0.000638109 0.000336177 -0.315748 7.45936 0.00726718 -5.79822e-06 -9.39792e-05 0.00727683 0.997113 0.00190059 5.84793e-05 -5.38457e-06 -0.00190161 0.996092 0.0421245 -8.51114e-05 4.48395e-05 -0.0421147 0.994935
11 0.00418491 7.34415 0.0564368 -4.68826e-05 -0.000606113 0.0565107 7.32256 0.0139162 0.000445046 -3.90559e-05 -0.0139243 7.31441 0.322401 -0.000539267 0.000342558 -0.322326 7.30594 0.0076846 -6.38366e-06 -8.25301e-05 0.00769465 0.997061 0.00189487 6.05987e-05 -5.31795e-06 -0.00189598 0.99595 0.043899 -7.34281e-05 4.66436e-05 -0.0438888 0.994798
11.2 0.00426003 7.19089 0.0584108 -5.04439e-05 -0.000508983 0.058486 7.16937 0.0135831 0.000451217 -3.75618e-05 -0.0135917 7.16069 0.328783 -0.000441882 0.000348683 -0.328707 7.15243 0.00812288 -7.01497e-06 -7.07816e-05 0.00813334 0.997006 0.00188894 6.27484e-05 -5.22352e-06 -0.00189013 0.995799 0.0457221 -6.14502e-05 4.84895e-05 -0.0457115 0.994651
11.4 0.00433511 7.03768 0.0604047 -5.41557e-05 -0.000413312 0.0604813 7.01621 0.0132504 0.000456937 -3.58843e-05 -0.0132594 7.00699 0.334956 -0.000346065 0.00035454 -0.334879 6.99894 0.00858305 -7.69511e-06 -5.87285e-05 0.00859393 0.99695 0.00188278 6.49272e-05 -5.09888e-06 -0.00188406 0.995639 0.0475947 -4.91732e-05 5.03774e-05 -0.0475837 0.994495
11.6 0.00441013 6.88461 0.0624172 -5.80185e-05 -0.000319207 0.0624951 6.8632 0.0129181 0.000462192 -3.40203e-05 -0.0129277 6.85341 0.340911 -0.000251924 0.000360117 -0.340833 6.84557 0.00906619 -8.42727e-06 -4.63652e-05 0.00907751 0.99689 0.00187638 6.7134e-05 -4.9415e-06 -0.00187777 0.995468 0.0495178 -3.65923e-05 5.23076e-05 -0.0495065 0.994329
11.8 0.0044851 6.7318 0.0644466 -6.2032e-05 -0.000226769 0.0645258 6.71044 0.0125867 0.000466969 -3.19671e-05 -0.0125968 6.70007 0.346637 -0.000159563 0.000365404 -0.346558 6.69243 0.00957346 -9.21477e-06 -3.36863e-05 0.00958522 0.996828 0.00186974 6.93677e-05 -4.74868e-06 -0.00187124 0.995287 0.0514925 -2.37029e-05 5.42803e-05 -0.0514808 0.994152
12 0.0139046 6.57935 0.0664913 -6.61962e-05 -0.0001361 0.0665717 6.55805 0.0122563 0.000471258 -2.97223e-05 -0.0122669 6.54707 0.352125 -6.90845e-05 0.00037039 -0.352045 6.53963 0.0101061 -1.00612e-05 -2.0686e-05 0.0101183 0.996762 0.00186285 7.16269e-05 -4.51751e-06 -0.00186446 0.995094 0.0535197 -1.05002e-05 5.62958e-05 -0.0535076 0.993962
13 0.0246683 5.82608 0.0768808 -8.92464e-05 0.000287452 0.0769666 5.80501 0.0106282 0.00048502 -1.55606e-05 -0.0106416 5.79071 0.375681 0.000351789 0.000390458 -0.375599 5.78421 0.013196 -1.53184e-05 4.93388e-05 0.0132107 0.996385 0.00182425 8.32498e-05 -2.67086e-06 -0.00182655 0.99393 0.0644827 6.03818e-05 6.70191e-05 -0.0644686 0.992814
14 0.0265294 5.09664 0.0873675 -0.000115855 0.000653777 0.0874571 5.07577 0.00906051 0.000485345 3.56363e-06 -0.00907682 5.05765 0.39206 0.000712559 0.00040168 -0.391978 5.05199 0.0171422 -2.27317e-05 0.000128276 0.0171598 0.995905 0.00177774 9.52285e-05 6.99213e-07 -0.00178094 0.992352 0.0769253 0.00013981 7.88129e-05 -0.0769092 0.991241
15 0.0283823 4.40207 0.0976805 -0.000145665 0.000954515 0.0977724 4.38134 0.00757899 0.000471882 2.75618e-05 -0.00759831 4.35898 0.400518 0.001005 0.000403318 -0.400438 4.35404 0.0221897 -3.30901e-05 0.000216833 0.0222105 0.99529 0.00172169 0.000107196 6.2611e-06 -0.00172608 0.990211 0.0909839 0.000228303 9.16201e-05 -0.0909657 0.989089
16 0.0302266 3.75193 0.107523 -0.000178142 0.00118395 0.107616 3.73128 0.00620621 0.00044493 5.61171e-05 -0.00622843 3.7043 0.4006 0.00122371 0.000395008 -0.400524 3.69995 0.0286581 -4.748e-05 0.000315558 0.0286828 0.994496 0.00165414 0.000118587 1.49569e-05 -0.00166006 0.987304 0.106772 0.000326154 0.000105281 -0.106751 0.986146
17 0.0320617 3.15408 0.116583 -0.000212595 0.00133914 0.116675 3.13346 0.00496087 0.000405414 8.86904e-05 -0.00498573 3.10156 0.392154 0.00136617 0.000376774 -0.392085 3.09767 0.0369626 -6.74032e-05 0.000424573 0.0369917 0.993461 0.00157284 0.000128536 2.81192e-05 -0.00158072 0.983348 0.124332 0.000433144 0.000119456 -0.12431 0.982113
18 0.0338871 2.61461 0.124544 -0.000248202 0.00141992 0.124633 2.59396 0.00385752 0.000354833 0.000124537 -0.0038846 2.55696 0.375334 0.00143282 0.000349034 -0.375274 2.55338 0.0476337 -9.49287e-05 0.000543072 0.047668 0.992099 0.00147537 0.000135712 4.76311e-05 -0.00148573 0.97795 0.143552 0.000548003 0.000133494 -0.143529 0.976581
19 0.0357021 2.13776 0.131096 -0.000284036 0.00142884 0.131183 2.11702 0.00290633 0.000295189 0.000162733 -0.00293501 2.07486 0.350583 0.00142684 0.000312575 -0.350533 2.07146 0.0613242 -0.000132866 0.00066838 0.0613646 0.990298 0.00135952 0.000138084 7.61233e-05 -0.00137294 0.970578 0.163995 0.000667445 0.000146216 -0.163972 0.968986
20 0.0375062 1.72591 0.135955 -0.000319108 0.0013709 0.136037 1.70504 0.00211297 0.000228878 0.000202211 -0.00214247 1.65779 0.318615 0.00135399 0.000268528 -0.318578 1.65443 0.0787729 -0.000184892 0.000794307 0.0788201 0.987908 0.00122427 0.000132612 0.000117162 -0.00124135 0.960529 0.184607 0.000784505 0.000155586 -0.184585 0.958585
21 0.0392989 1.37969 0.138869 -0.000352407 0.00125336 0.138945 1.35865 0.0014787 0.000158574 0.000241802 -0.00150808 1.30651 0.280386 0.00122225 0.000218321 -0.280361 1.30308 0.100652 -0.000255424 0.000908432 0.100707 0.98475 0.00107176 0.000114934 0.000175258 -0.00109305 0.946955 0.203223 0.000885883 0.000158239 -0.203205 0.944474
22 0.0410797 1.09805 0.139636 -0.00038294 0.00108526 0.139705 1.07681 0.0010005 8.71018e-05 0.00028028 -0.00102873 1.02011 0.237045 0.0010414 0.000163624 -0.237033 1.01652 0.127167 -0.000348745 0.000988352 0.12723 0.980651 0.000911161 7.9324e-05 0.000255252 -0.000936866 0.929018 0.215878 0.000948408 0.000149013 -0.215867 0.925749
23 0.0428479 0.878427 0.138113 -0.000409778 0.000877087 0.138175 0.856947 0.000671444 1.73035e-05 0.000316419 -0.000697379 0.796177 0.189897 0.000822585 0.000106285 -0.189897 0.79234 0.157228 -0.000466491 0.000998475 0.157299 0.975548 0.000764372 1.96983e-05 0.000360211 -0.000793895 0.906366 0.216179 0.00093643 0.000120994 -0.216179 0.901999
24 0.0446031 0.716941 0.134229 -0.00043209 0.000640249 0.134283 0.695207 0.000481048 -4.80952e-05 0.000349036 -0.000503519 0.630959 0.140347 0.000577778 4.82526e-05 -0.140359 0.62682 0.187224 -0.000602686 0.000893029 0.187299 0.969686 0.000670973 -6.70839e-05 0.000486841 -0.000702316 0.880071 0.195758 0.000805893 6.73034e-05 -0.195775 0.874298
25 0.0463447 0.60862 0.127985 -0.000449182 0.000386617 0.128031 0.586617 0.000415809 -0.000106604 0.000377045 -0.000433657 0.519596 0.089848 0.000319284 -8.49295e-06 -0.0898698 0.515122 0.210288 -0.000738034 0.000635235 0.210362 0.963848 0.0006832 -0.000175157 0.000619508 -0.000712526 0.853729 0.147626 0.000524603 -1.39544e-05 -0.147662 0.846377
26 0.0480722 0.547628 0.119466 -0.000460522 0.000128036 0.119503 0.525347 0.000459775 -0.000156077 0.0003995 -0.000471904 0.456348 0.0398479 5.92277e-05 -6.20218e-05 -0.0398777 0.451529 0.218152 -0.000840939 0.000233801 0.218219 0.959312 0.000839575 -0.000285005 0.00072951 -0.000861723 0.833316 0.0727644 0.000108153 -0.000113255 -0.072819 0.824517
27 0.049785 0.527519 0.108836 -0.000465763 -0.000124135 0.108864 0.504952 0.000595174 -0.000194799 0.000415636 -0.000600606 0.434833 -0.00826137 -0.000190922 -0.000110527 0.00822574 0.429685 0.206317 -0.000882931 -0.000235319 0.20637 0.957221 0.00112825 -0.000369274 0.000787908 -0.00113855 0.824299 -0.0156608 -0.000361925 -0.000209522 0.0155933 0.81454
28 0.0514827 0.541475 0.0963372 -0.000464751 -0.000359443 0.0963559 0.518619 0.000803068 -0.000221552 0.0004249 -0.000800999 0.448278 -0.0531909 -0.00042078 -0.000152395 0.0531521 0.442839 0.177916 -0.000858305 -0.000663821 0.177951 0.957789 0.00148311 -0.000409164 0.000784707 -0.00147929 0.827883 -0.0982333 -0.000777099 -0.000281443 0.0981616 0.817837
29 0.0531646 0.582551 0.0822829 -0.000457537 -0.000568702 0.0822924 0.559401 0.00106402 -0.000235655 0.000426971 -0.00105387 0.489747 -0.0937969 -0.0006214 -0.000186265 0.0937574 0.484075 0.141246 -0.000785402 -0.000976226 0.141262 0.960262 0.00182648 -0.000404522 0.000732933 -0.00180905 0.840695 -0.161011 -0.00106669 -0.00031974 0.160943 0.830957
30 0.0548304 0.643888 0.0670496 -0.000444363 -0.000744287 0.06705 0.62044 0.00135874 -0.000236975 0.000421779 -0.00134018 0.552364 -0.129115 -0.000785561 -0.000211085 0.129077 0.546535 0.104132 -0.000690125 -0.00115593 0.104133 0.963584 0.00211021 -0.000368038 0.00065505 -0.00208138 0.857858 -0.200524 -0.00122003 -0.000327829 0.200466 0.848805
31 0.0564795 0.718915 0.0510638 -0.00042566 -0.000880351 0.0510553 0.695162 0.00166867 -0.000225922 0.000409502 -0.00164168 0.629509 -0.158387 -0.000907954 -0.000226146 0.158354 0.623615 0.071029 -0.000592086 -0.00122455 0.0710171 0.966959 0.0023211 -0.000314253 0.000569611 -0.00228355 0.875637 -0.220314 -0.00126295 -0.000314566 0.220268 0.867438
32 0.0581114 0.801518 0.0347879 -0.000402019 -0.00097295 0.0347707 0.777447 0.00197659 -0.000203403 0.000390564 -0.00194144 0.71499 -0.181079 -0.000985291 -0.000231111 0.181053 0.709133 0.0434025 -0.000501572 -0.00121388 0.043381 0.969968 0.00246605 -0.000253772 0.00048728 -0.0024222 0.892045 -0.22592 -0.00122928 -0.000288341 0.225887 0.884737
33 0.0597256 0.886179 0.018704 -0.000374174 -0.0010201 0.0186785 0.861773 0.00226699 -0.000170775 0.000365614 -0.00222431 0.803189 -0.196892 -0.00101631 -0.000226022 0.196874 0.797476 0.0211063 -0.000422233 -0.00115112 0.0210775 0.972459 0.00255817 -0.000192709 0.000412573 -0.00251 0.90635 -0.222181 -0.00114685 -0.000255053 0.222161 0.899904
34 0.0613216 0.968081 0.00329671 -0.000342968 -0.00102172 0.00326362 0.943317 0.00252658 -0.000129762 0.000335501 -0.00247728 0.889164 -0.20576 -0.00100171 -0.000211301 0.205752 0.883709 0.00340541 -0.000354276 -0.00105541 0.00337123 0.974419 0.00260988 -0.000134041 0.000346563 -0.00255896 0.918481 -0.212544 -0.00103473 -0.000218268 0.212536 0.912846
35 0.0628989 1.04318 -0.0109639 -0.000309324 -0.00097955 -0.0110038 1.01803 0.00274446 -8.23743e-05 0.000301243 -0.00268978 0.968734 -0.207843 -0.000943975 -0.000187723 0.207845 0.963646 -0.0105101 -0.00029652 -0.000939001 -0.0105483 0.97589 0.00263086 -7.89644e-05 0.000288773 -0.00257843 0.928634 -0.199239 -0.000904899 -0.000179953 0.199242 0.923756
36 0.064457 1.10826 -0.0236399 -0.000274209 -0.00089694 -0.0236856 1.08268 0.00291241 -3.08041e-05 0.000263987 -0.00285382 1.03852 -0.203513 -0.00084719 -0.000156391 0.203526 1.0339 -0.0213307 -0.000247424 -0.000809325 -0.021372 0.976925 0.00262792 -2.77951e-05 0.0002382 -0.00257505 0.937076 -0.183633 -0.000764435 -0.000141114 0.183645 0.932909
37 0.0659956 1.1609 -0.0343411 -0.000238601 -0.000778631 -0.0343914 1.13486 0.00302489 2.26698e-05 0.000224965 -0.00296408 1.09596 -0.19333 -0.000716737 -0.000118681 0.193354 1.09191 -0.0295814 -0.000205531 -0.000670714 -0.0296248 0.977574 0.00260564 1.95278e-05 0.000193785 -0.00255327 0.944062 -0.166535 -0.000617398 -0.000102232 0.166555 0.940571
38 0.067514 1.19951 -0.042739 -0.000203457 -0.000630474 -0.0427927 1.17297 0.00307906 7.57843e-05 0.00018545 -0.00301789 1.13929 -0.178014 -0.000558997 -7.61892e-05 0.178047 1.13589 -0.0356305 -0.000169617 -0.000525611 -0.0356752 0.977874 0.00256694 6.31795e-05 0.000154605 -0.00251594 0.9498 -0.148406 -0.000466023 -6.3517e-05 0.148433 0.946962
39 0.0690118 1.22324 -0.0485794 -0.000169683 -0.000459118 -0.0486348 1.19615 0.00307468 0.000126386 0.000146707 -0.00301507 1.16752 -0.158414 -0.000381021 -3.06656e-05 0.158454 1.16483 -0.0397138 -0.000138716 -0.00037533 -0.039759 0.977852 0.00251355 0.00010332 0.000119934 -0.00246483 0.95445 -0.129504 -0.000311485 -2.50692e-05 0.129537 0.952249
40 0.10628 1.23194 -0.0516906 -0.000138109 -0.000271697 -0.051746 1.20425 0.00301385 0.000172515 0.000109953 -0.00295774 1.18035 -0.135471 -0.000190185 1.60595e-05 0.135518 1.17842 -0.0419586 -0.000112107 -0.000220544 -0.0420036 0.977523 0.00244642 0.000140035 8.9252e-05 -0.00240088 0.958121 -0.109965 -0.000154378 1.30359e-05 0.110003 0.956553
42 0.146749 1.20662 -0.049486 -8.43605e-05 0.000122284 -0.0495365 1.17761 0.00274155 0.000244923 4.67738e-05 -0.00269787 1.16168 -0.0835726 0.000200832 0.000105839 0.0836246 1.16133 -0.041012 -6.99145e-05 0.000101344 -0.0410539 0.975953 0.00227209 0.000202982 3.87642e-05 -0.00223589 0.962752 -0.0692616 0.000166441 8.77151e-05 0.0693046 0.962463
44 0.152348 1.13284 -0.036555 -4.65695e-05 0.000496347 -0.0365942 1.10237 0.00231489 0.00028363 3.15376e-06 -0.00228949 1.09181 -0.0303409 0.00056013 0.000179712 0.0303893 1.09299 -0.0322684 -4.11085e-05 0.000438142 -0.0323029 0.973102 0.00204344 0.00025037 2.78393e-06 -0.00202101 0.963776 -0.0267829 0.000494446 0.000158638 0.0268257 0.964815
46 0.157761 1.02494 -0.0146937 -2.69172e-05 0.00080541 -0.0147164 0.992967 0.00180233 0.000285396 -1.66015e-05 -0.00179844 0.98471 0.0169459 0.000845958 0.000227455 -0.0169084 0.987194 -0.0143362 -2.62622e-05 0.000785811 -0.0143583 0.968804 0.00175848 0.000278451 -1.61975e-05 -0.00175467 0.960748 0.0165336 0.000825373 0.00022192 -0.016497 0.963172
48 0.162982 0.899154 0.0131994 -2.53573e-05 0.00101974 0.0131959 0.865741 0.00127519 0.000253085 -1.15852e-05 -0.00129276 0.856696 0.0526209 0.00103324 0.000243632 -0.0525987 0.860136 0.0146798 -2.82013e-05 0.00113411 0.0146759 0.962839 0.00141821 0.00028147 -1.28846e-05 -0.00143775 0.95278 0.0585227 0.00114913 0.000270956 -0.058498 0.956606
50 0.168004 0.770951 0.0435335 -3.98064e-05 0.00112704 0.0435486 0.736283 0.000796121 0.000194672 1.57184e-05 -0.000831674 0.723706 0.0731948 0.00111467 0.000228318 -0.0731884 0.727665 0.0564673 -5.16328e-05 0.00146188 0.0564869 0.955032 0.00103265 0.000252509 2.03883e-05 -0.00107876 0.938718 0.0949409 0.00144583 0.000296151 -0.0949326 0.943854
52 0.172821 0.653048 0.0725184 -6.65177e-05 0.00113144 0.0725485 0.617423 0.000410475 0.000121549 5.98801e-05 -0.000457546 0.599247 0.0775791 0.00109867 0.000186868 -0.0775854 0.603259 0.111046 -0.000101857 0.00173255 0.111092 0.945448 0.000628553 0.000186125 9.16932e-05 -0.000700631 0.917615 0.118795 0.00168237 0.000286148 -0.118805 0.923759
54 0.177428 0.55425 0.0966667 -0.000100577 0.00105006 0.0967057 0.518047 0.000141484 4.64318e-05 0.000113331 -0.000191599 0.493101 0.0669741 0.00100526 0.000128755 -0.066987 0.496737 0.17441 -0.000181465 0.00189457 0.17448 0.934681 0.00025527 8.37741e-05 0.000204476 -0.000345691 0.889674 0.120837 0.00181373 0.000232305 -0.120861 0.896234
56 0.181819 0.479077 0.113236 -0.000136468 0.000908143 0.113277 0.442705 -1.04762e-05 -1.87542e-05 0.000167421 -3.35797e-05 0.410808 0.0444707 0.000860688 6.57003e-05 -0.0444831 0.413738 0.236364 -0.000284856 0.00189561 0.236448 0.924079 -2.18674e-05 -3.91465e-05 0.000349465 -7.00925e-05 0.857498 0.0928258 0.00179656 0.000137139 -0.0928518 0.863615
58 0.185988 0.428051 0.120554 -0.000168671 0.000733678 0.120589 0.391884 -6.49029e-05 -6.47309e-05 0.00021361 3.51245e-05 0.353796 0.0144484 0.000692139 9.43023e-06 -0.014454 0.355844 0.281635 -0.000394044 0.001714 0.281717 0.91551 -0.000151624 -0.000151222 0.000499029 8.20569e-05 0.826529 0.033754 0.00161696 2.20306e-05 -0.033767 0.831314
60 0.286303 0.398466 0.118184 -0.000192261 0.000552636 0.118208 0.362783 -5.53739e-05 -8.61993e-05 0.000244654 4.58008e-05 0.320037 -0.0181355 0.000523265 -3.05293e-05 0.0181412 0.321218 0.296598 -0.000482502 0.00138691 0.296658 0.910449 -0.000138968 -0.000216328 0.000613991 0.000114943 0.803174 -0.0455133 0.0013132 -7.66172e-05 0.0455276 0.806137
64 0.394175 0.383021 0.0886393 -0.000200185 0.000244351 0.0886372 0.348488 -4.27576e-06 -5.75469e-05 0.00024482 3.91139e-05 0.302745 -0.0724919 0.000245043 -4.42623e-05 0.0725211 0.303049 0.231421 -0.000522647 0.000637956 0.231416 0.909841 -1.11632e-05 -0.000150245 0.000639182 0.000102119 0.790414 -0.189263 0.000639763 -0.000115561 0.18934 0.791206
68 0.406626 0.387118 0.041927 -0.000151912 5.14047e-05 0.0419133 0.352748 -0.000126441 2.2718e-05 0.000167808 0.000187074 0.312041 -0.0919773 6.99556e-05 9.7187e-06 0.0920145 0.313688 0.108306 -0.000392418 0.000132788 0.10827 0.911216 -0.000326622 5.8685e-05 0.00043348 0.000483249 0.806062 -0.237595 0.000180709 2.51053e-05 0.237691 0.810318
72 0.417095 0.376419 0.00129639 -7.206e-05 -6.82488e-05 0.00129435 0.340254 -0.000502138 7.28217e-05 6.31634e-05 0.000552951 0.308295 -0.0724581 -5.44276e-05 5.56096e-05 0.0724832 0.313871 0.00344399 -0.000191436 -0.000181311 0.0034386 0.903924 -0.00133399 0.000193459 0.000167801 0.00146898 0.81902 -0.192493 -0.000144593 0.000147733 0.19256 0.833835
76 0.425533 0.341079 -0.0161059 -9.85068e-06 -0.000205541 -0.0160856 0.301504 -0.000983083 2.46369e-05 2.61662e-06 0.000994421 0.275766 -0.0306193 -0.000210612 1.12155e-05 0.0306256 0.286812 -0.0472206 -2.88809e-05 -0.000602618 -0.0471609 0.883972 -0.00288227 7.22322e-05 7.6716e-06 0.00291551 0.80851 -0.089772 -0.000617487 3.28823e-05 0.0897904 0.840895
80 0.431897 0.29207 -0.00689025 -1.17638e-05 -0.000426633 -0.00685862 0.249206 -0.00129812 -0.000133813 3.25868e-05 0.00126588 0.222465 0.00804385 -0.00044569 -0.000151441 -0.00804594 0.238386 -0.0235911 -4.02774e-05 -0.00146073 -0.0234828 0.853242 -0.00444457 -0.000458156 0.000111572 0.00433418 0.761684 0.0275409 -0.00152597 -0.000518509 -0.027548 0.816197
84 0.436158 0.247458 0.0187933 -8.44038e-05 -0.000724365 0.0188132 0.203587 -0.00123305 -0.000347732 0.000134291 0.00118168 0.16796 0.024078 -0.000737671 -0.00037968 -0.0240732 0.186049 0.0759457 -0.000341084 -0.00292723 0.0760258 0.822715 -0.00498289 -0.00140522 0.000542683 0.00477527 0.67874 0.0973015 -0.002981 -0.00153432 -0.0972822 0.751841
88 0.328636 0.218669 0.0444223 -0.000171506 -0.00101415 0.0444141 0.177065 -0.000776672 -0.000522828 0.000221835 0.000742682 0.128261 0.0135497 -0.00100333 -0.000565822 -0.0135323 0.145175 0.203149 -0.00078432 -0.00463785 0.203111 0.809743 -0.00355182 -0.00239096 0.00101448 0.00339638 0.586555 0.0619645 -0.00458835 -0.00258757 -0.0618849 0.663903
90 0.219313 0.210318 0.0527043 -0.000189056 -0.00111815 0.0526815 0.170738 -0.000462523 -0.000568066 0.000225826 0.000447671 0.115529 0.00142009 -0.00109363 -0.000609912 -0.00139832 0.131061 0.250593 -0.000898904 -0.00531646 0.250485 0.81181 -0.00219916 -0.00270099 0.00107374 0.00212855 0.549304 0.0067521 -0.00519989 -0.00289995 -0.00664862 0.623155
92 0.328636 0.204682 0.0566504 -0.000171752 -0.00117627 0.0566161 0.167215 -0.000143735 -0.000576423 0.000188698 0.000150574 0.106655 -0.0124357 -0.00114097 -0.000610983 0.0124594 0.120822 0.276772 -0.000839116 -0.0057468 0.276605 0.816949 -0.000702235 -0.00281618 0.000921904 0.000735645 0.521077 -0.060756 -0.00557434 -0.00298503 0.0608718 0.590292
96 0.436158 0.196136 0.0517858 -2.47256e-06 -0.00112606 0.0517432 0.161048 0.000345187 -0.000485258 -2.0144e-05 -0.000302649 0.0947325 -0.0367705 -0.00108787 -0.000489258 0.0367926 0.108327 0.264031 -1.26064e-05 -0.00574122 0.263814 0.821107 0.00175994 -0.00247409 -0.000102705 -0.00154306 0.482995 -0.187475 -0.00554653 -0.00249449 0.187588 0.552308
100 0.431897 0.184788 0.0360337 0.000324563 -0.000873279 0.0360041 0.146386 0.000458032 -0.000302838 -0.00035609 -0.000407408 0.0812938 -0.0476072 -0.00086166 -0.000271123 0.047629 0.100222 0.195 0.00175641 -0.00472584 0.19484 0.792185 0.00247869 -0.00163884 -0.00192702 -0.00220473 0.43993 -0.257632 -0.00466297 -0.00146721 0.257749 0.542363
104 0.425533 0.170627 0.0202729 0.000674317 -0.000527954 0.02027 0.121715 0.000195783 -0.000132964 -0.000673663 -0.000165305 0.0619653 -0.04462 -0.000557327 -8.5841e-05 0.0446491 0.0932263 0.118814 0.00395199 -0.0030942 0.118797 0.713336 0.00114743 -0.000779266 -0.00394816 -0.000968806 0.363162 -0.261506 -0.00326634 -0.00050309 0.261676 0.546374
108 0.417095 0.161199 0.0132238 0.000845564 -0.000237493 0.0132488 0.0972683 -0.000212509 -6.94897e-05 -0.000800053 0.000212082 0.0423319 -0.0367508 -0.000293919 -4.02288e-05 0.0367889 0.0898578 0.0820339 0.00524545 -0.00147329 0.0821886 0.603404 -0.0013183 -0.000431079 -0.00496312 0.00131565 0.262606 -0.227984 -0.00182333 -0.000249559 0.22822 0.557432
112 0.406626 0.164047 0.017241 0.00069061 -8.90484e-05 0.017283 0.0865253 -0.000465722 -0.000135009 -0.000630125 0.000440764 0.03233 -0.0338617 -0.00013916 -0.000144169 0.0338959 0.0939809 0.105098 0.00420983 -0.000542823 0.105354 0.527442 -0.00283896 -0.000822992 -0.00384113 0.00268682 0.197078 -0.206415 -0.000848295 -0.000878826 0.206623 0.57289
116 0.394175 0.178868 0.0286507 0.000216939 -4.67165e-05 0.0286907 0.094518 -0.000392423 -0.00025856 -0.000189056 0.000352941 0.036287 -0.0388612 -6.30906e-05 -0.000296544 0.0388721 0.104765 0.160178 0.00121284 -0.000261179 0.160401 0.528423 -0.00219392 -0.00144553 -0.00105696 0.00197319 0.20287 -0.217262 -0.000352721 -0.00165789 0.217323 0.585709
120 0.379804 0.19658 0.0413707 -0.000408564 1.98118e-05 0.041388 0.112163 -5.86349e-05 -0.000314534 0.000379624 1.0257e-05 0.0466141 -0.0462866 3.82323e-05 -0.000349122 0.0462687 0.115015 0.210452 -0.00207835 0.000100782 0.21054 0.570571 -0.000298274 -0.00160003 0.00193114 5.21771e-05 0.237125 -0.235459 0.000194487 -0.00177597 0.235368 0.585079
124 0.363583 0.206926 0.0507462 -0.00096358 0.0002221 0.0507289 0.1217 0.000291137 -0.000206838 0.000897138 -0.000340239 0.0468458 -0.0482672 0.000252518 -0.0002107 0.0482401 0.116172 0.245239 -0.00465665 0.00107333 0.245155 0.588133 0.00140696 -0.000999575 0.00433556 -0.00164426 0.22639 -0.233259 0.00122033 -0.00101824 0.233128 0.561418
128 0.34559 0.208598 0.0551612 -0.00130904 0.000534368 0.0551155 0.109921 0.000413133 5.35036e-05 0.00125123 -0.000442586 0.0227939 -0.0428671 0.000552385 7.97977e-05 0.0428649 0.106135 0.264438 -0.00627539 0.00256171 0.264218 0.526952 0.00198052 0.000256491 0.00599827 -0.00212171 0.109272 -0.205501 0.00264808 0.000382543 0.20549 0.508803
132 0.325914 0.212509 0.0552031 -0.00145931 0.000769521 0.0551539 0.0793779 0.000234384 0.000334939 0.0014466 -0.000218521 -0.0259848 -0.0375453 0.000769259 0.000365976 0.0375899 0.0926649 0.259768 -0.00686702 0.00362112 0.259536 0.373527 0.00110293 0.00157612 0.00680724 -0.00102829 -0.122276 -0.176676 0.00361988 0.00172217 0.176886 0.436051
136 0.304649 0.233422 0.0520284 -0.00153314 0.000690575 0.0520059 0.0484542 -0.000104085 0.000457873 0.00156712 0.000172074 -0.0832767 -0.0439774 0.000684099 0.000469263 0.0440583 0.0878808 0.222894 -0.00656809 0.00295848 0.222798 0.207582 -0.000445908 0.00196157 0.00671366 0.000737178 -0.356764 -0.188403 0.00293074 0.00201036 0.188749 0.376489
140 0.281901 0.275144 0.0466605 -0.00162827 0.000192742 0.0466798 0.039257 -0.000354592 0.000314966 0.00167886 0.000444947 -0.125005 -0.0674829 0.000192268 0.000306351 0.0675622 0.0969832 0.169586 -0.00591789 0.000700513 0.169656 0.142678 -0.00128875 0.00114473 0.00610175 0.00161714 -0.454326 -0.245264 0.000698793 0.00111342 0.245552 0.352482
144 0.257779 0.321792 0.0404637 -0.00172273 -0.000579105 0.0405133 0.0617996 -0.000338044 -4.13937e-05 0.00175296 0.000397038 -0.134297 -0.0994535 -0.000575553 -4.85931e-05 0.0994931 0.110581 0.125745 -0.00535355 -0.00179963 0.125899 0.192049 -0.00105051 -0.000128635 0.0054475 0.00123384 -0.417341 -0.309062 -0.00178859 -0.000151008 0.309185 0.343643
148 0.232401 0.34522 0.0355635 -0.00168406 -0.00128279 0.0356121 0.106437 -6.08766e-05 -0.000413851 0.00167613 4.95297e-05 -0.11245 -0.119966 -0.00128724 -0.000400513 0.119955 0.10901 0.103017 -0.00487822 -0.00371588 0.103158 0.308316 -0.000176342 -0.0011988 0.00485526 0.000143473 -0.325734 -0.347506 -0.00372877 -0.00116017 0.347474 0.315768
152 0.205891 0.326566 0.0340028 -0.0013818 -0.00158573 0.0340203 0.15064 0.000304265 -0.000579727 0.00134766 -0.0003778 -0.0781083 -0.110383 -0.00160383 -0.000550103 0.110344 0.0780329 0.104122 -0.00423129 -0.00485577 0.104176 0.461285 0.000931712 -0.00177522 0.00412677 -0.00115689 -0.239181 -0.338012 -0.0049112 -0.00168451 0.337892 0.23895
156 0.178378 0.27676 0.0359271 -0.000815671 -0.00138817 0.0359031 0.17515 0.000549525 -0.000439285 0.000787246 -0.000634177 -0.0554228 -0.0674952 -0.00140973 -0.000418607 0.0674651 0.0248616 0.129813 -0.00294721 -0.00501578 0.129727 0.632858 0.00198557 -0.00158724 0.00284451 -0.00229143 -0.200256 -0.243876 -0.0050937 -0.00151252 0.243767 0.0898309
160 0.0971232 0.238002 0.0385488 -0.000155894 -0.000898723 0.0384958 0.17706 0.000570767 -8.62608e-05 0.000161949 -0.000611531 -0.0597354 -0.00829361 -0.000905989 -9.81625e-05 0.00829768 -0.0196002 0.161968 -0.000655012 -0.00377612 0.161746 0.743943 0.00239816 -0.000362438 0.000680453 -0.00256944 -0.250987 -0.0348468 -0.00380665 -0.000412445 0.0348639 -0.0823532
161 0.0357021 0.23623 0.0387871 -6.36819e-06 -0.000775131 0.0387305 0.175367 0.000543787 9.78523e-06 2.29532e-05 -0.000568777 -0.0652977 0.00578888 -0.000776864 -1.1508e-05 -0.00577543 -0.0247065 0.164193 -2.69576e-05 -0.00328126 0.163953 0.742358 0.00230194 4.14226e-05 9.71649e-05 -0.00240773 -0.276416 0.0245053 -0.0032886 -4.87153e-05 -0.0244484 -0.104587
162 0.0338871 0.239037 0.0387171 0.000129039 -0.000663535 0.0386583 0.173386 0.000507233 0.000101168 -0.000102124 -0.000516081 -0.0724088 0.0186871 -0.000659478 7.08744e-05 -0.0186648 -0.0263264 0.161971 0.00053983 -0.00277587 0.161725 0.725351 0.00212198 0.000423231 -0.000427232 -0.002159 -0.302919 0.0781764 -0.00275889 0.0002965 -0.0780834 -0.110135
163 0.0320617 0.246901 0.0382818 0.000247053 -0.0005693 0.0382224 0.17142 0.000463316 0.000184338 -0.000210501 -0.000456465 -0.0808614 0.0300198 -0.000559509 0.000145868 -0.0299897 -0.0240848 0.155049 0.00100062 -0.00230578 0.154809 0.694288 0.00187653 0.000746608 -0.000852572 -0.00184878 -0.327505 0.121586 -0.00226613 0.000590796 -0.121464 -0.0975484
164 0.0302266 0.260117 0.0374384 0.000345051 -0.000496875 0.0373798 0.169755 0.00041436 0.000256218 -0.000300011 -0.000393004 -0.0904158 0.0394733 -0.000481716 0.00021078 -0.0394367 -0.0177408 0.143929 0.00132652 -0.0019102 0.143704 0.652611 0.00159298 0.000985014 -0.00115337 -0.00151088 -0.347597 0.151752 -0.00185192 0.000810329 -0.151611 -0.0682034
165 0.0283823 0.278774 0.0361607 0.000421181 -0.000449583 0.0361041 0.168638 0.000362673 0.000314343 -0.000369201 -0.000328663 -0.100812 0.0468156 -0.000429709 0.000263461 -0.0467739 -0.00720561 0.129714 0.00151084 -0.00161272 0.129511 0.604927 0.00130096 0.00112759 -0.00132438 -0.00117896 -0.361625 0.167934 -0.00154143 0.000945073 -0.167785 -0.0258475
166 0.0265294 0.302744 0.0344417 0.000474452 -0.000429476 0.0343882 0.168266 0.00031043 0.000356973 -0.000417392 -0.000266145 -0.111779 0.0519066 -0.000405782 0.000302403 -0.0518615 0.00744606 0.113765 0.00156718 -0.00141861 0.113589 0.555804 0.00102539 0.00117913 -0.0013787 -0.000879109 -0.369219 0.171454 -0.00134035 0.000998874 -0.171305 0.0245953
167 0.0246683 0.331675 0.0322948 0.000504779 -0.000437242 0.0322454 0.168779 0.000259575 0.000383167 -0.000444711 -0.000207763 -0.123048 0.0547045 -0.000410807 0.000326797 -0.0546577 0.0259714 0.097369 0.00152191 -0.00131829 0.0972199 0.508869 0.000782618 0.00115525 -0.00134081 -0.000626406 -0.370991 0.164934 -0.00123858 0.000985295 -0.164793 0.0783038
168 0.0172754 0.364996 0.0297546 0.000512987 -0.00047218 0.0297099 0.170245 0.000211739 0.000392822 -0.000452082 -0.000155347 -0.134362 0.055267 -0.000444198 0.000336568 -0.0552203 0.0479625 0.0815205 0.00140546 -0.00129366 0.0813979 0.466432 0.000580113 0.00107624 -0.0012386 -0.000425613 -0.368119 0.151418 -0.001217 0.000922116 -0.15129 0.131406
168.5 0.0109315 0.383068 0.0283534 0.000509296 -0.000499251 0.0283112 0.171339 0.000189364 0.000391642 -0.000448784 -0.000131799 -0.139959 0.0547547 -0.000470957 0.000336144 -0.0547086 0.0600875 0.0740168 0.00132952 -0.0013033 0.0739066 0.447282 0.000494335 0.00102238 -0.00117155 -0.000344063 -0.365364 0.142937 -0.00122943 0.000877506 -0.142817 0.156859
169 0.0104622 0.401932 0.026876 0.000500778 -0.000532247 0.0268364 0.172667 0.000168188 0.000386659 -0.000441182 -0.00011018 -0.145479 0.0537485 -0.000503947 0.000332361 -0.0537034 0.0728567 0.066867 0.00124593 -0.00132422 0.0667685 0.429591 0.000418449 0.000962002 -0.00109765 -0.000274126 -0.36195 0.133725 -0.00125381 0.000826909 -0.133613 0.181266
169.5 0.00999215 0.421464 0.0253321 0.00048777 -0.000570722 0.0252951 0.174216 0.000148307 0.000378086 -0.000429592 -9.05602e-05 -0.150896 0.0522816 -0.000542713 0.000325405 -0.0522379 0.0861787 0.060105 0.00115732 -0.00135414 0.0600174 0.413359 0.000351886 0.000897079 -0.00101929 -0.000214871 -0.358027 0.124048 -0.00128769 0.000772082 -0.123944 0.204475
170 0.0095213 0.441529 0.0237325 0.000470651 -0.000614159 0.0236983 0.175973 0.000129793 0.000366177 -0.000414364 -7.29763e-05 -0.156184 0.0503918 -0.000586728 0.000315499 -0.0503498 0.0999547 0.0537506 0.00106596 -0.00139098 0.0536731 0.398553 0.000293963 0.000829338 -0.000938473 -0.000165281 -0.353734 0.11413 -0.00132885 0.00071456 -0.114035 0.226383
170.5 0.00904972 0.461987 0.0220889 0.00044984 -0.000661984 0.0220574 0.177919 0.000112693 0.000351225 -0.000395879 -5.74306e-05 -0.161322 0.0481213 -0.000635397 0.000302903 -0.0480814 0.11408 0.0478128 0.000973708 -0.00143291 0.0477446 0.385118 0.000243931 0.00076025 -0.000856905 -0.000124312 -0.349191 0.104162 -0.00137536 0.000655653 -0.104075 0.246933
171 0.00857745 0.482687 0.0204137 0.000425788 -0.000713565 0.0203849 0.180033 9.70299e-05 0.000333561 -0.000374546 -4.38937e-05 -0.166288 0.0455162 -0.000688069 0.000287905 -0.0454785 0.128444 0.0422919 0.00088212 -0.00147832 0.0422322 0.37298 0.00020102 0.000691051 -0.000775961 -9.09362e-05 -0.344505 0.0942975 -0.0014255 0.000596464 -0.0942195 0.266103
171.5 0.00810453 0.503476 0.0187202 0.000398974 -0.000768229 0.0186941 0.182288 8.28056e-05 0.000313544 -0.000350798 -3.23063e-05 -0.171064 0.0426257 -0.000744046 0.000270822 -0.0425905 0.142934 0.0371819 0.000792438 -0.00152585 0.03713 0.362059 0.000164468 0.000622758 -0.000696753 -6.41666e-05 -0.339766 0.0846628 -0.00147782 0.000537904 -0.0845928 0.283893
172 0.00763099 0.524197 0.017022 0.0003699 -0.000825262 0.0169985 0.184658 7.00013e-05 0.00029156 -0.000325084 -2.25821e-05 -0.175633 0.0395017 -0.000802585 0.000251991 -0.0394691 0.157431 0.0324725 0.000705652 -0.00157434 0.0324276 0.352269 0.00013354 0.000556203 -0.000620156 -4.30795e-05 -0.335052 0.0753567 -0.00153108 0.000480718 -0.0752945 0.300327
172.5 0.00715688 0.544688 0.015333 0.000339086 -0.000883925 0.0153121 0.187113 5.85796e-05 0.000268015 -0.000297864 -1.46108e-05 -0.17998 0.0361981 -0.000862914 0.000231769 -0.0361683 0.171816 0.0281501 0.000622533 -0.00162281 0.0281116 0.343523 0.000107547 0.000492052 -0.000546853 -2.68242e-05 -0.330428 0.0664566 -0.00158424 0.000425507 -0.0664019 0.31544
173 0.00668221 0.564789 0.0136676 0.00030706 -0.000943459 0.0136491 0.189621 4.84867e-05 0.00024333 -0.000269607 -8.26144e-06 -0.184091 0.03277 -0.000924242 0.000210524 -0.0327431 0.18597 0.0241995 0.000543673 -0.00167046 0.0241668 0.335737 8.58493e-05 0.000430834 -0.000477359 -1.46275e-05 -0.325947 0.0580217 -0.00163644 0.000372748 -0.057974 0.329274
173.5 0.00620704 0.584341 0.0120401 0.000274356 -0.00100309 0.012024 0.192148 3.96553e-05 0.000217936 -0.000240785 -3.38619e-06 -0.187955 0.0292733 -0.000985765 0.000188633 -0.0292493 0.199774 0.0206046 0.000469515 -0.00171663 0.020577 0.328829 6.78633e-05 0.00037296 -0.000412062 -5.79489e-06 -0.321653 0.0500963 -0.00168697 0.000322813 -0.0500552 0.34188
174 0.0057314 0.603184 0.0104647 0.000241505 -0.00106206 0.0104508 0.194662 3.20064e-05 0.000192265 -0.000211862 1.75885e-07 -0.191562 0.0257637 -0.00104668 0.000166476 -0.0257426 0.21311 0.017349 0.000400384 -0.00176076 0.017326 0.322724 5.30623e-05 0.00031875 -0.000351239 2.91594e-07 -0.317584 0.0427129 -0.00173525 0.000275995 -0.0426779 0.353308
174.5 0.00525531 0.621167 0.00895531 0.000209029 -0.00111961 0.00894354 0.197129 2.54525e-05 0.000166748 -0.000183297 2.59488e-06 -0.194903 0.0222963 -0.00110618 0.000144428 -0.022278 0.225862 0.0144169 0.00033651 -0.00180243 0.014398 0.317353 4.09752e-05 0.000268443 -0.000295086 4.17742e-06 -0.313769 0.0358942 -0.00178081 0.000232511 -0.0358648 0.36361
175 0.00477883 0.638141 0.00752557 0.000177436 -0.00117499 0.00751576 0.199515 1.99002e-05 0.000141806 -0.000155534 4.04597e-06 -0.197971 0.0189245 -0.0011635 0.00012286 -0.018909 0.237922 0.011793 0.000278052 -0.00184128 0.0117776 0.31265 3.11846e-05 0.000222218 -0.00024373 6.34025e-06 -0.310231 0.0296557 -0.00182327 0.000192528 -0.0296315 0.372836
175.5 0.00430199 0.653965 0.00618842 0.000147213 -0.00122751 0.00618042 0.201787 1.52528e-05 0.000117848 -0.000128996 4.70541e-06 -0.20076 0.0156999 -0.0012179 0.000102128 -0.0156871 0.249182 0.00946293 0.000225108 -0.00187702 0.00945069 0.30856 2.33236e-05 0.000180205 -0.000197252 7.1952e-06 -0.30699 0.0240073 -0.00186233 0.000156167 -0.0239877 0.381033
176 0.00382481 0.668506 0.00495611 0.00011882 -0.00127647 0.00494974 0.203915 1.14134e-05 9.52591e-05 -0.000104083 4.74657e-06 -0.203266 0.0126712 -0.00126866 8.257e-05 -0.0126608 0.259545 0.0074137 0.000177739 -0.00190944 0.00740418 0.305031 1.7073e-05 0.000142495 -0.000155694 7.10026e-06 -0.30406 0.0189545 -0.00189775 0.000123514 -0.018939 0.388246
176.5 0.00334735 0.681643 0.00384002 9.26847e-05 -0.00132127 0.00383512 0.205868 8.28705e-06 7.44031e-05 -8.11654e-05 4.33616e-06 -0.205484 0.00988372 -0.00131512 6.4504e-05 -0.00987566 0.268918 0.00563347 0.000135972 -0.00193835 0.00562628 0.302018 1.21575e-05 0.000109153 -0.000119073 6.36134e-06 -0.301454 0.0144998 -0.00192934 9.46301e-05 -0.014488 0.394514
177 0.00286963 0.693265 0.00285053 6.91982e-05 -0.00136132 0.00284691 0.207621 5.78346e-06 5.56118e-05 -6.05824e-05 3.63063e-06 -0.207411 0.00737898 -0.00135669 4.82202e-05 -0.00737296 0.277218 0.00411175 9.9815e-05 -0.00196363 0.00410653 0.299482 8.34235e-06 8.02172e-05 -8.73871e-05 5.237e-06 -0.29918 0.0106438 -0.00195695 6.95552e-05 -0.0106351 0.399873
177.5 0.00239169 0.703272 0.00199692 4.8709e-05 -0.00139611 0.00199439 0.209147 3.81935e-06 3.91826e-05 -4.2635e-05 2.77282e-06 -0.209045 0.00519401 -0.00139281 3.3979e-05 -0.00518978 0.284372 0.00283946 6.92605e-05 -0.00198516 0.00283588 0.297391 5.43082e-06 5.57147e-05 -6.06237e-05 3.94273e-06 -0.297246 0.00738549 -0.00198047 4.83156e-05 -0.00737947 0.404355
178 0.00191357 0.71158 0.0012872 3.15193e-05 -0.00142521 0.00128558 0.210426 2.32046e-06 2.53745e-05 -2.75839e-05 1.88899e-06 -0.210384 0.00336098 -0.00142303 2.2007e-05 -0.00335824 0.290314 0.00180893 4.42948e-05 -0.00200288 0.00180666 0.295716 3.26099e-06 3.56594e-05 -3.87643e-05 2.65465e-06 -0.295657 0.00472327 -0.00199982 3.09269e-05 -0.00471942 0.407986
178.5 0.00143531 0.718117 0.000728089 1.78818e-05 -0.00144823 0.000727176 0.21144 1.22342e-06 1.44043e-05 -1.56469e-05 1.08621e-06 -0.211426 0.00190677 -0.00144695 1.24937e-05 -0.00190521 0.294993 0.00101389 2.49009e-05 -0.0020167 0.00101262 0.294437 1.70366e-06 2.00585e-05 -2.17888e-05 1.51259e-06 -0.294418 0.00265523 -0.00201492 1.73978e-05 -0.00265307 0.410787
179 0.000956932 0.722826 0.000324883 7.996e-06 -0.00146489 0.000324477 0.212174 4.773e-07 6.44379e-06 -6.99593e-06 4.50098e-07 -0.212172 0.000852625 -0.00146426 5.58936e-06 -0.00085193 0.298365 0.000449463 1.10621e-05 -0.00202661 0.0004489 0.293535 6.60324e-07 8.91472e-06 -9.67858e-06 6.22692e-07 -0.293531 0.00117957 -0.00202574 7.73265e-06 -0.00117861 0.412776
179.5 0.000478484 0.725668 8.14147e-05 2.0063e-06 -0.00147497 8.1313e-05 0.212619 4.4794e-08 1.61725e-06 -1.75527e-06 4.30902e-08 -0.212619 0.000213935 -0.00147474 1.40285e-06 -0.000213761 0.300401 0.000112193 2.76477e-06 -0.00203257 0.000112053 0.292998 6.17279e-08 2.22864e-06 -2.41883e-06 5.938e-08 -0.292998 0.000294811 -0.00203225 1.93319e-06 -0.000294571 0.413964
180 5.98114e-05 0.726618 -7.00145e-18 -1.4343e-17 -0.00147834 5.37955e-18 0.212768 -9.68281e-08 1.65717e-17 1.36052e-17 -9.68281e-08 -0.212768 5.66064e-18 -0.00147824 6.60549e-18 4.12273e-19 0.301081 -9.63566e-18 -1.97394e-17 -0.00203455 7.40354e-18 0.29282 -1.33259e-07 2.28066e-17 1.8724e-17 -1.33259e-07 -0.29282 7.79039e-18 -0.00203442 9.09073e-18 5.67386e-19 0.41436
