theta 2pi*dcos S11 S12 S13 S14 S21 S22 S23 S24 S31 S32 S33 S34 S41 S42 S43 S44 S12_norm S13_norm S14_norm S21_norm S22_norm S23_norm S24_norm S31_norm S32_norm S33_norm S34_norm S41_norm S42_norm S43_norm S44_norm
0 2.39246e-06 181.195 1.19028e-15 1.92144e-16 -0.316917 1.19559e-15 180.911 -0.105509 -1.5172e-16 1.61342e-16 0.105509 180.911 8.3076e-17 -0.316921 1.29393e-16 -7.12327e-17 180.689 6.56909e-18 1.06043e-18 -0.00174904 6.59836e-18 0.998435 -0.000582296 -8.37332e-19 8.90434e-19 0.000582296 0.998435 4.5849e-19 -0.00174906 7.1411e-19 -3.93128e-19 0.997211
0.1 1.91397e-05 181.172 -0.000151703 -1.263e-07 -0.316878 -0.000150267 180.889 -0.105474 -6.02768e-06 -4.23822e-06 0.105474 180.889 0.000935329 -0.316884 7.64729e-06 -0.000935599 180.667 -8.37343e-07 -6.97124e-10 -0.00174904 -8.29416e-07 0.998435 -0.000582177 -3.32704e-08 -2.33933e-08 0.000582177 0.998435 5.16265e-06 -0.00174908 4.221e-08 -5.16414e-06 0.997211
0.2 3.82793e-05 181.106 -0.000606499 -5.07563e-07 -0.316759 -0.000600757 180.823 -0.105372 -2.41033e-05 -1.69497e-05 0.105372 180.823 0.00374024 -0.316774 3.05795e-05 -0.00374132 180.601 -3.34886e-06 -2.80258e-09 -0.00174903 -3.31716e-06 0.998435 -0.000581823 -1.3309e-07 -9.35901e-08 0.000581823 0.998435 2.06522e-05 -0.00174911 1.68849e-07 -2.06582e-05 0.997211
0.3 5.74188e-05 180.995 -0.00136344 -1.15088e-06 -0.316561 -0.00135054 180.712 -0.1052 -5.42049e-05 -3.81249e-05 0.1052 180.712 0.0084115 -0.316591 6.87679e-05 -0.00841393 180.49 -7.53304e-06 -6.3586e-09 -0.00174901 -7.46173e-06 0.998435 -0.000581231 -2.99483e-07 -2.10641e-07 0.000581231 0.998435 4.64737e-05 -0.00174917 3.79943e-07 -4.64871e-05 0.997211
0.4 7.65581e-05 180.84 -0.00242097 -2.06802e-06 -0.316285 -0.00239805 180.557 -0.10496 -9.62955e-05 -6.77479e-05 0.10496 180.557 0.0149437 -0.316335 0.000122164 -0.014948 180.336 -1.33873e-05 -1.14356e-08 -0.00174897 -1.32606e-05 0.998435 -0.000580404 -5.3249e-07 -3.74629e-07 0.000580404 0.998435 8.26351e-05 -0.00174926 6.75538e-07 -8.2659e-05 0.99721
0.5 9.56972e-05 180.641 -0.00377688 -3.27543e-06 -0.315929 -0.00374111 180.358 -0.104652 -0.000150324 -0.000105797 0.104652 180.358 0.0233294 -0.316006 0.000190702 -0.0233362 180.137 -2.09082e-05 -1.81323e-08 -0.00174893 -2.07102e-05 0.998434 -0.000579339 -8.32169e-07 -5.85673e-07 0.00057934 0.998434 0.000129148 -0.00174936 1.0557e-06 -0.000129185 0.99721
0.6 0.000114836 180.398 -0.00542835 -4.79417e-06 -0.315495 -0.00537695 180.115 -0.104277 -0.000216223 -0.000152242 0.104277 180.115 0.0335589 -0.315605 0.000274294 -0.0335686 179.894 -3.00911e-05 -2.65756e-08 -0.00174888 -2.98061e-05 0.998434 -0.000578039 -1.19859e-06 -8.43925e-07 0.000578039 0.998434 0.000186027 -0.00174949 1.52049e-06 -0.000186081 0.99721
0.7 0.000133974 180.111 -0.00737198 -6.64982e-06 -0.314982 -0.00730215 179.828 -0.103834 -0.000293914 -0.000207049 0.103834 179.828 0.0456204 -0.31513 0.000372835 -0.0456336 179.608 -4.09303e-05 -3.69208e-08 -0.00174883 -4.05426e-05 0.998433 -0.000576503 -1.63185e-06 -1.14957e-06 0.000576503 0.998433 0.000253291 -0.00174965 2.07004e-06 -0.000253364 0.99721
0.8 0.000153112 179.78 -0.0096037 -8.87241e-06 -0.314391 -0.00951272 179.498 -0.103325 -0.0003833 -0.000270178 0.103325 179.498 0.0595 -0.314583 0.000486203 -0.0595172 179.278 -5.34192e-05 -4.93515e-08 -0.00174876 -5.29132e-05 0.998433 -0.00057473 -2.13205e-06 -1.50283e-06 0.000574731 0.998433 0.000330961 -0.00174982 2.70443e-06 -0.000331056 0.997209
0.9 0.00017225 179.406 -0.0121189 -1.14963e-05 -0.313723 -0.0120041 179.124 -0.10275 -0.000484274 -0.000341579 0.10275 179.124 0.0751818 -0.313964 0.000614253 -0.0752036 178.905 -6.75502e-05 -6.40801e-08 -0.00174868 -6.69102e-05 0.998432 -0.000572722 -2.69932e-06 -1.90395e-06 0.000572724 0.998432 0.00041906 -0.00175002 3.42382e-06 -0.000419182 0.997209
1 0.000191387 178.988 -0.0149123 -1.45603e-05 -0.312977 -0.014771 178.707 -0.102109 -0.00059671 -0.000421199 0.102109 178.707 0.0926477 -0.313273 0.000756826 -0.0926746 178.488 -8.33144e-05 -8.13475e-08 -0.00174859 -8.25249e-05 0.998431 -0.000570478 -3.3338e-06 -2.35322e-06 0.000570481 0.998431 0.000517619 -0.00175024 4.22836e-06 -0.000517769 0.997208
1.1 0.000210523 178.528 -0.0179781 -1.81069e-05 -0.312154 -0.0178077 178.248 -0.101404 -0.000720473 -0.000508979 0.101404 178.248 0.111878 -0.312511 0.000913742 -0.11191 178.029 -0.000100702 -1.01423e-07 -0.00174849 -9.97476e-05 0.998431 -0.000567999 -4.03563e-06 -2.85098e-06 0.000568003 0.99843 0.000626668 -0.00175049 5.11821e-06 -0.00062685 0.997207
1.2 0.000229659 178.025 -0.02131 -2.2183e-05 -0.311254 -0.0211079 177.745 -0.100635 -0.000855411 -0.00060485 0.100636 177.745 0.132849 -0.311677 0.0010848 -0.132888 177.528 -0.000119702 -1.24606e-07 -0.00174838 -0.000118567 0.99843 -0.000565285 -4.80501e-06 -3.39756e-06 0.000565291 0.998429 0.000746241 -0.00175075 6.09356e-06 -0.000746459 0.997207
1.3 0.000248794 177.479 -0.0249009 -2.68392e-05 -0.310279 -0.0246647 177.201 -0.0998032 -0.00100136 -0.000708742 0.0998045 177.2 0.155539 -0.310773 0.0012698 -0.155584 176.984 -0.000140303 -1.51224e-07 -0.00174825 -0.000138972 0.998429 -0.000562336 -5.64212e-06 -3.99338e-06 0.000562344 0.998428 0.000876378 -0.00175103 7.15462e-06 -0.000876634 0.997206
1.4 0.000267929 176.892 -0.0287434 -3.21295e-05 -0.309228 -0.0284707 176.614 -0.0989098 -0.00115814 -0.000820575 0.0989116 176.614 0.17992 -0.309798 0.00146849 -0.179973 176.398 -0.000162491 -1.81633e-07 -0.00174812 -0.00016095 0.998427 -0.000559153 -6.54716e-06 -4.63884e-06 0.000559163 0.998427 0.00101712 -0.00175134 8.30163e-06 -0.00101742 0.997205
1.5 0.000287062 176.263 -0.0328294 -3.81118e-05 -0.308102 -0.0325178 175.986 -0.0979558 -0.00132556 -0.000940263 0.0979581 175.986 0.205965 -0.308753 0.00168064 -0.206026 175.77 -0.000186252 -2.16221e-07 -0.00174797 -0.000184485 0.998426 -0.000555736 -7.52037e-06 -5.33443e-06 0.000555749 0.998425 0.00116851 -0.00175166 9.53481e-06 -0.00116885 0.997204
1.6 0.000306195 175.593 -0.0371504 -4.4847e-05 -0.306902 -0.0367977 175.316 -0.0969423 -0.00150343 -0.00106772 0.0969452 175.316 0.233644 -0.307639 0.00190596 -0.233713 175.102 -0.000211571 -2.55403e-07 -0.0017478 -0.000209563 0.998425 -0.000552085 -8.562e-06 -6.08063e-06 0.000552102 0.998424 0.0013306 -0.001752 1.08544e-05 -0.00133099 0.997203
1.7 0.000325327 174.882 -0.0416973 -5.23991e-05 -0.305628 -0.0413013 174.606 -0.0958705 -0.00169151 -0.00120284 0.0958742 174.606 0.262925 -0.306456 0.00214419 -0.263003 174.393 -0.000238431 -2.99626e-07 -0.00174763 -0.000236167 0.998423 -0.000548201 -9.67229e-06 -6.87798e-06 0.000548223 0.998422 0.00150344 -0.00175236 1.22608e-05 -0.00150389 0.997201
1.8 0.000344457 174.131 -0.0464605 -6.08351e-05 -0.304281 -0.0460191 173.856 -0.0947417 -0.00188959 -0.00134552 0.0947464 173.856 0.293774 -0.305204 0.00239503 -0.293861 173.643 -0.000266814 -3.49365e-07 -0.00174743 -0.000264279 0.998422 -0.000544084 -1.08515e-05 -7.72706e-06 0.000544111 0.99842 0.00168709 -0.00175273 1.37542e-05 -0.00168759 0.9972
1.9 0.000363587 173.339 -0.05143 -7.02245e-05 -0.302863 -0.0509412 173.066 -0.0935573 -0.00209741 -0.00149565 0.0935631 173.065 0.326157 -0.303885 0.00265815 -0.326253 172.854 -0.000296701 -4.05127e-07 -0.00174722 -0.000293881 0.99842 -0.000539735 -1.21e-05 -8.62848e-06 0.000539769 0.998418 0.00188161 -0.00175312 1.5335e-05 -0.00188216 0.997199
2 0.000382716 172.509 -0.0565954 -8.06393e-05 -0.301372 -0.0560572 172.236 -0.0923187 -0.00231475 -0.00165313 0.0923259 172.236 0.360035 -0.302498 0.00293324 -0.360142 172.025 -0.000328073 -4.6745e-07 -0.001747 -0.000324953 0.998419 -0.000535154 -1.34181e-05 -9.58288e-06 0.000535195 0.998416 0.00208705 -0.00175352 1.70034e-05 -0.00208767 0.997197
2.1 0.000401843 171.639 -0.0619457 -9.21536e-05 -0.299812 -0.0613564 171.368 -0.0910274 -0.00254131 -0.00181782 0.0910361 171.367 0.39537 -0.301045 0.00321994 -0.395488 171.158 -0.000360906 -5.36902e-07 -0.00174675 -0.000357473 0.998417 -0.000530341 -1.48061e-05 -1.05909e-05 0.000530392 0.998414 0.00230349 -0.00175394 1.87599e-05 -0.00230418 0.997195
2.2 0.000420969 170.732 -0.0674696 -0.000104843 -0.298181 -0.0668274 170.461 -0.089685 -0.00277684 -0.0019896 0.0896954 170.46 0.432122 -0.299526 0.0035179 -0.432251 170.252 -0.000395179 -6.14083e-07 -0.00174649 -0.000391418 0.998415 -0.000525298 -1.62644e-05 -1.16534e-05 0.000525359 0.998411 0.002531 -0.00175437 2.06049e-05 -0.00253176 0.997193
2.3 0.000440094 169.786 -0.0731553 -0.000118786 -0.296482 -0.0724586 169.517 -0.088293 -0.00302105 -0.00216834 0.0883054 169.516 0.470248 -0.297942 0.00382675 -0.470389 169.309 -0.000430867 -6.99624e-07 -0.00174621 -0.000426764 0.998413 -0.000520025 -1.77933e-05 -1.2771e-05 0.000520098 0.998408 0.00276965 -0.00175481 2.25387e-05 -0.00277048 0.99719
2.4 0.000459218 168.803 -0.0789907 -0.000134062 -0.294715 -0.078238 168.535 -0.0868531 -0.00327365 -0.00235389 0.0868677 168.534 0.509705 -0.296293 0.0041461 -0.509859 168.329 -0.000467945 -7.94189e-07 -0.00174591 -0.000463486 0.998411 -0.000514522 -1.93933e-05 -1.39446e-05 0.000514609 0.998405 0.00301952 -0.00175526 2.45617e-05 -0.00302043 0.997188
2.5 0.00047834 167.784 -0.0849634 -0.000150749 -0.292881 -0.0841533 167.517 -0.0853671 -0.00353432 -0.00254611 0.0853842 167.516 0.550448 -0.294581 0.00447556 -0.550614 167.312 -0.000506385 -8.98472e-07 -0.00174558 -0.000501557 0.998408 -0.000508791 -2.10647e-05 -1.51749e-05 0.000508893 0.998402 0.00328069 -0.00175571 2.66745e-05 -0.00328168 0.997185
2.6 0.000497461 166.729 -0.0910606 -0.000168931 -0.290982 -0.0901918 166.463 -0.0838367 -0.00380276 -0.00274486 0.0838566 166.462 0.59243 -0.292806 0.00481471 -0.59261 166.259 -0.000546159 -1.0132e-06 -0.00174524 -0.000540949 0.998406 -0.000502832 -2.2808e-05 -1.6463e-05 0.000502951 0.998398 0.00355325 -0.00175618 2.88774e-05 -0.00355433 0.997182
2.7 0.00051658 165.639 -0.0972692 -0.000188686 -0.289017 -0.0963406 165.374 -0.0822637 -0.00407864 -0.00294997 0.0822867 165.373 0.635604 -0.290969 0.00516313 -0.635797 165.171 -0.000587237 -1.13915e-06 -0.00174487 -0.000581631 0.998403 -0.000496645 -2.46237e-05 -1.78097e-05 0.000496785 0.998394 0.00383729 -0.00175665 3.11711e-05 -0.00383846 0.997179
2.8 0.000535698 164.514 -0.103576 -0.000210099 -0.286989 -0.102586 164.251 -0.08065 -0.00436163 -0.00316128 0.0806765 164.249 0.679919 -0.28907 0.0055204 -0.680127 164.049 -0.000629588 -1.27709e-06 -0.00174447 -0.000623573 0.9984 -0.000490233 -2.65123e-05 -1.92159e-05 0.000490394 0.99839 0.0041329 -0.00175712 3.35559e-05 -0.00413417 0.997175
2.9 0.000554814 163.355 -0.109967 -0.00023325 -0.284898 -0.108915 163.093 -0.0789975 -0.0046514 -0.00337862 0.0790278 163.091 0.725326 -0.287112 0.00588606 -0.725549 162.893 -0.000673177 -1.42787e-06 -0.00174405 -0.000666741 0.998398 -0.000483594 -2.84742e-05 -2.06827e-05 0.00048378 0.998386 0.00444019 -0.0017576 3.60324e-05 -0.00444155 0.997171
3 0.000573928 162.163 -0.116428 -0.00025822 -0.282746 -0.115314 161.903 -0.0773081 -0.00494759 -0.00360183 0.0773426 161.9 0.771773 -0.285094 0.00625967 -0.772011 161.703 -0.00071797 -1.59235e-06 -0.00174359 -0.000711101 0.998395 -0.000476731 -3.051e-05 -2.22112e-05 0.000476944 0.998381 0.00475925 -0.00175807 3.86011e-05 -0.00476071 0.997167
3.1 0.00059304 160.938 -0.122946 -0.000285091 -0.280534 -0.121769 160.679 -0.0755839 -0.00524985 -0.00383072 0.075623 160.677 0.819207 -0.283018 0.00664076 -0.81946 160.482 -0.000763932 -1.77143e-06 -0.00174311 -0.000756616 0.998391 -0.000469645 -3.26203e-05 -2.38024e-05 0.000469888 0.998376 0.00509019 -0.00175855 4.12627e-05 -0.00509176 0.997162
3.2 0.000612151 159.682 -0.129506 -0.000313942 -0.278262 -0.128265 159.425 -0.0738268 -0.00555782 -0.00406511 0.0738709 159.422 0.867573 -0.280884 0.00702885 -0.867843 159.228 -0.000811022 -1.96604e-06 -0.0017426 -0.00080325 0.998388 -0.000462336 -3.48055e-05 -2.54575e-05 0.000462612 0.99837 0.00543312 -0.00175902 4.40178e-05 -0.00543481 0.997157
3.3 0.00063126 158.395 -0.136093 -0.000344851 -0.275933 -0.134788 158.139 -0.0720389 -0.00587114 -0.00430481 0.0720885 158.136 0.916818 -0.278694 0.00742349 -0.917105 157.944 -0.000859202 -2.17715e-06 -0.00174205 -0.00085096 0.998384 -0.000454805 -3.70664e-05 -2.71776e-05 0.000455118 0.998364 0.00578817 -0.00175948 4.68669e-05 -0.00578998 0.997152
3.4 0.000650367 157.078 -0.142694 -0.000377895 -0.273547 -0.141324 156.824 -0.0702223 -0.00618943 -0.00454962 0.0702778 156.82 0.966884 -0.276448 0.00782416 -0.967188 156.63 -0.000908429 -2.40578e-06 -0.00174147 -0.000899707 0.998381 -0.000447054 -3.94036e-05 -2.89641e-05 0.000447407 0.998358 0.00615544 -0.00175994 4.98107e-05 -0.00615738 0.997146
3.5 0.000669472 155.731 -0.149293 -0.000413149 -0.271106 -0.147858 155.479 -0.0683791 -0.00651232 -0.00479936 0.068441 155.475 1.01772 -0.274148 0.00823039 -1.01804 155.286 -0.000958659 -2.65296e-06 -0.00174086 -0.000949446 0.998377 -0.000439084 -4.18176e-05 -3.08182e-05 0.000439481 0.998351 0.00653508 -0.00176039 5.28499e-05 -0.00653714 0.99714
3.6 0.000688575 154.356 -0.155876 -0.000450686 -0.268611 -0.154376 154.105 -0.0665114 -0.00683941 -0.00505381 0.0665802 154.101 1.06926 -0.271795 0.00864167 -1.0696 153.914 -0.00100985 -2.91978e-06 -0.0017402 -0.00100013 0.998373 -0.000430895 -4.43093e-05 -3.27412e-05 0.000431341 0.998344 0.0069272 -0.00176083 5.59853e-05 -0.00692939 0.997133
3.7 0.000707676 152.953 -0.162428 -0.000490577 -0.266064 -0.160863 152.704 -0.0646214 -0.00717034 -0.00531276 0.0646976 152.699 1.12144 -0.26939 0.0090575 -1.1218 152.514 -0.00106194 -3.20736e-06 -0.00173951 -0.00105172 0.998369 -0.000422491 -4.68792e-05 -3.47345e-05 0.000422989 0.998336 0.00733194 -0.00176126 5.92174e-05 -0.00733428 0.997126
3.8 0.000726775 151.524 -0.168933 -0.000532888 -0.263466 -0.167305 151.276 -0.0627112 -0.0075047 -0.00557601 0.0627953 151.27 1.17422 -0.266934 0.00947737 -1.1746 151.087 -0.0011149 -3.51686e-06 -0.00173878 -0.00110415 0.998364 -0.000413871 -4.95282e-05 -3.67996e-05 0.000414426 0.998328 0.00774944 -0.00176166 6.25471e-05 -0.00775193 0.997118
3.9 0.000745871 150.068 -0.175378 -0.000577684 -0.260818 -0.173685 149.822 -0.060783 -0.00784211 -0.00584333 0.0608757 149.816 1.22753 -0.264428 0.00990077 -1.22793 149.634 -0.00116866 -3.84949e-06 -0.001738 -0.00115738 0.998359 -0.000405037 -5.2257e-05 -3.89379e-05 0.000405654 0.998319 0.00817985 -0.00176205 6.59752e-05 -0.00818249 0.99711
4 0.000764965 148.587 -0.181747 -0.000625027 -0.258121 -0.179991 148.343 -0.0588391 -0.00818216 -0.00611451 0.0589408 148.336 1.28131 -0.261873 0.0103272 -1.28173 148.156 -0.00122317 -4.20647e-06 -0.00173717 -0.00121135 0.998355 -0.000395991 -5.50664e-05 -4.1151e-05 0.000396675 0.99831 0.00862332 -0.00176242 6.95025e-05 -0.00862612 0.9971
4.1 0.000784057 147.082 -0.188026 -0.000674974 -0.255378 -0.186207 146.839 -0.0568816 -0.00852446 -0.00638931 0.0569929 146.832 1.3355 -0.259271 0.0107561 -1.33594 146.654 -0.00127838 -4.5891e-06 -0.0017363 -0.00126601 0.998349 -0.000386734 -5.79573e-05 -4.34405e-05 0.000387491 0.9983 0.00908 -0.00176277 7.31297e-05 -0.00908297 0.997091
4.2 0.000803147 145.553 -0.194199 -0.000727577 -0.25259 -0.192318 145.312 -0.0549127 -0.00886862 -0.00666751 0.0550342 145.304 1.39004 -0.256623 0.0111869 -1.3905 145.128 -0.00133422 -4.9987e-06 -0.00173538 -0.00132129 0.998344 -0.000377269 -6.09304e-05 -4.5808e-05 0.000378104 0.998289 0.00955006 -0.00176308 7.68579e-05 -0.00955319 0.99708
4.3 0.000822234 144.002 -0.200253 -0.000782888 -0.249758 -0.198311 143.763 -0.0529346 -0.00921423 -0.00694887 0.053067 143.754 1.44487 -0.25393 0.0116192 -1.44535 143.58 -0.00139063 -5.43664e-06 -0.0017344 -0.00137714 0.998338 -0.000367596 -6.39867e-05 -4.82553e-05 0.000368515 0.998278 0.0100337 -0.00176337 8.06877e-05 -0.010037 0.997069
4.4 0.000841318 142.43 -0.206173 -0.00084095 -0.246883 -0.20417 142.192 -0.0509496 -0.00956089 -0.00723315 0.0510934 142.183 1.49992 -0.251193 0.0120524 -1.50042 142.01 -0.00144755 -5.90432e-06 -0.00173337 -0.00143348 0.998332 -0.000357718 -6.71272e-05 -5.07841e-05 0.000358728 0.998266 0.010531 -0.00176363 8.46203e-05 -0.0105345 0.997057
4.5 0.0008604 140.836 -0.211944 -0.000901803 -0.243968 -0.209882 140.6 -0.0489598 -0.0099082 -0.00752011 0.0491158 140.59 1.55514 -0.248414 0.0124861 -1.55566 140.42 -0.0015049 -6.40321e-06 -0.00173228 -0.00149026 0.998326 -0.000347637 -7.03527e-05 -5.33962e-05 0.000348744 0.998254 0.0110422 -0.00176385 8.86566e-05 -0.0110459 0.997045
4.6 0.00087948 139.223 -0.217553 -0.000965484 -0.241014 -0.215433 138.989 -0.0469675 -0.0102558 -0.00780951 0.0471362 138.978 1.61046 -0.245594 0.0129195 -1.611 138.81 -0.00156262 -6.9348e-06 -0.00173114 -0.0015474 0.99832 -0.000337354 -7.36643e-05 -5.60935e-05 0.000338566 0.99824 0.0115675 -0.00176403 9.27975e-05 -0.0115714 0.997031
4.7 0.000898556 137.591 -0.222985 -0.00103202 -0.238023 -0.220809 137.359 -0.0449748 -0.0106032 -0.0081011 0.0451569 137.347 1.66582 -0.242734 0.0133524 -1.66638 137.181 -0.00162064 -7.50065e-06 -0.00172993 -0.00160482 0.998313 -0.000326873 -7.70631e-05 -5.88781e-05 0.000328196 0.998226 0.012107 -0.00176417 9.7044e-05 -0.0121111 0.997017
4.8 0.00091763 135.941 -0.228228 -0.00110144 -0.234995 -0.225996 135.711 -0.0429839 -0.0109501 -0.00839461 0.04318 135.698 1.72115 -0.239836 0.0137841 -1.72174 135.533 -0.00167887 -8.10234e-06 -0.00172865 -0.00166245 0.998306 -0.000316195 -8.055e-05 -6.17519e-05 0.000317638 0.998211 0.012661 -0.00176426 0.000101397 -0.0126653 0.997002
4.9 0.000936701 134.274 -0.233266 -0.00117376 -0.231933 -0.230981 134.046 -0.0409969 -0.011296 -0.00868981 0.0412078 134.032 1.77641 -0.236901 0.0142141 -1.77702 133.869 -0.00173724 -8.74152e-06 -0.00172731 -0.00172022 0.998299 -0.000305322 -8.41262e-05 -6.47169e-05 0.000306893 0.998195 0.0132297 -0.00176431 0.000105858 -0.0132343 0.996985
5 0.00095577 132.591 -0.238088 -0.001249 -0.228839 -0.235751 132.365 -0.039016 -0.0116406 -0.00898643 0.0392424 132.35 1.83152 -0.23393 0.0146419 -1.83215 132.189 -0.00179565 -9.41989e-06 -0.0017259 -0.00177803 0.998291 -0.000294258 -8.77929e-05 -6.77754e-05 0.000295965 0.998178 0.0138133 -0.0017643 0.000110428 -0.013818 0.996968
5.1 0.000974835 130.893 -0.242681 -0.00132715 -0.225713 -0.240294 130.669 -0.0370434 -0.0119835 -0.00928421 0.0372858 130.652 1.88642 -0.230926 0.0150669 -1.88708 130.494 -0.00185403 -1.01392e-05 -0.00172441 -0.0018358 0.998283 -0.000283004 -9.15513e-05 -7.09296e-05 0.000284857 0.998159 0.0144119 -0.00176423 0.000115109 -0.0144169 0.996949
5.2 0.000993897 129.181 -0.247031 -0.00140823 -0.222559 -0.244597 128.958 -0.035081 -0.0123242 -0.00958288 0.0353403 128.941 1.94106 -0.227889 0.0154888 -1.94174 128.785 -0.00191228 -1.09012e-05 -0.00172284 -0.00189344 0.998274 -0.000271564 -9.54026e-05 -7.41817e-05 0.000273572 0.99814 0.0150259 -0.0017641 0.0001199 -0.0150311 0.99693
5.3 0.00101296 127.456 -0.251127 -0.00149222 -0.219376 -0.248647 127.235 -0.033131 -0.0126625 -0.00988218 0.0334078 127.216 1.99537 -0.22482 0.015907 -1.99607 127.062 -0.00197031 -1.17078e-05 -0.0017212 -0.00195085 0.998266 -0.000259941 -9.93482e-05 -7.75342e-05 0.000262113 0.99812 0.0156554 -0.00176391 0.000124804 -0.0156609 0.996909
5.4 0.00103201 125.718 -0.254958 -0.00157912 -0.216168 -0.252434 125.499 -0.0311954 -0.0129979 -0.0101818 0.0314904 125.479 2.04929 -0.221722 0.016321 -2.05002 125.327 -0.00202801 -1.25608e-05 -0.00171946 -0.00200794 0.998256 -0.000248137 -0.000103389 -8.09895e-05 0.000250484 0.998099 0.0163007 -0.00176365 0.000129822 -0.0163065 0.996887
5.5 0.00105107 123.969 -0.258511 -0.00166891 -0.212935 -0.255946 123.752 -0.0292762 -0.0133301 -0.0104816 0.0295901 123.731 2.10277 -0.218596 0.0167303 -2.10352 123.58 -0.00208528 -1.34622e-05 -0.00171765 -0.00206459 0.998247 -0.000236157 -0.000107527 -8.45501e-05 0.000238689 0.998076 0.016962 -0.00176331 0.000134955 -0.0169681 0.996863
5.6 0.00107012 122.21 -0.261776 -0.00176155 -0.20968 -0.259172 121.995 -0.0273753 -0.0136586 -0.0107812 0.0277089 121.972 2.15574 -0.215443 0.0171344 -2.15652 121.824 -0.00214201 -1.44141e-05 -0.00171574 -0.00212071 0.998237 -0.000224002 -0.000111764 -8.82185e-05 0.000226732 0.998052 0.0176396 -0.00176289 0.000140204 -0.017646 0.996838
5.7 0.00108916 120.441 -0.264742 -0.00185703 -0.206405 -0.262102 120.228 -0.0254948 -0.0139832 -0.0110803 0.0258487 120.204 2.20815 -0.212265 0.0175329 -2.20895 120.057 -0.0021981 -1.54185e-05 -0.00171373 -0.00217618 0.998226 -0.000211678 -0.0001161 -9.19976e-05 0.000214616 0.998027 0.0183338 -0.00176239 0.000145572 -0.0183404 0.996812
5.8 0.00110821 118.664 -0.267399 -0.00195529 -0.20311 -0.264725 118.453 -0.0236364 -0.0143035 -0.0113787 0.0240113 118.427 2.25993 -0.209063 0.0179253 -2.26075 118.283 -0.00225341 -1.64775e-05 -0.00171163 -0.00223088 0.998215 -0.000199187 -0.000120538 -9.58901e-05 0.000202346 0.998001 0.0190447 -0.00176181 0.000151059 -0.0190517 0.996784
5.9 0.00112725 116.88 -0.269738 -0.0020563 -0.199797 -0.267033 116.67 -0.021802 -0.0146191 -0.0116761 0.0221986 116.643 2.31103 -0.20584 0.0183111 -2.31188 116.5 -0.00230783 -1.75933e-05 -0.00170943 -0.00228468 0.998204 -0.000186534 -0.000125078 -9.98988e-05 0.000189927 0.997973 0.0197728 -0.00176112 0.000156666 -0.01978 0.996754
6 0.00172656 115.089 -0.271749 -0.00216 -0.196469 -0.269016 114.88 -0.0199935 -0.0149297 -0.0119723 0.0204125 114.852 2.36141 -0.202595 0.01869 -2.36228 114.711 -0.00236122 -1.87682e-05 -0.00170711 -0.00233747 0.998191 -0.000173723 -0.000129724 -0.000104027 0.000177363 0.997943 0.0205182 -0.00176034 0.000162396 -0.0205258 0.996723
6.2 0.00236869 111.49 -0.274756 -0.00237522 -0.189773 -0.271974 111.286 -0.0164608 -0.0155345 -0.0125596 0.0169266 111.254 2.45973 -0.196051 0.0194249 -2.46065 111.117 -0.00246439 -2.13043e-05 -0.00170215 -0.00243945 0.998166 -0.000147644 -0.000139335 -0.000112652 0.000151822 0.997879 0.0220622 -0.00175846 0.00017423 -0.0220705 0.996654
6.4 0.00244479 107.877 -0.276356 -0.00260039 -0.183035 -0.273538 107.676 -0.0130518 -0.0161154 -0.0131385 0.0135671 107.64 2.55446 -0.189443 0.0201269 -2.55544 107.508 -0.00256177 -2.41051e-05 -0.0016967 -0.00253565 0.998138 -0.000120988 -0.000149387 -0.000121792 0.000125764 0.997808 0.0236794 -0.0017561 0.000186573 -0.0236885 0.996578
6.6 0.00252085 104.256 -0.276497 -0.00283481 -0.176269 -0.273655 104.058 -0.00977908 -0.01667 -0.0137068 0.0103462 104.019 2.6452 -0.182785 0.0207927 -2.64623 103.89 -0.0026521 -2.71909e-05 -0.00169074 -0.00262484 0.998107 -9.3799e-05 -0.000159895 -0.000131473 9.9239e-05 0.997728 0.0253723 -0.00175323 0.00019944 -0.0253821 0.996493
6.8 0.00259689 100.634 -0.275133 -0.0030777 -0.169489 -0.27228 100.44 -0.00665419 -0.0171959 -0.0142623 0.00727567 100.397 2.73156 -0.176088 0.0214194 -2.73264 100.271 -0.002734 -3.05831e-05 -0.00168421 -0.00270564 0.998073 -6.61227e-05 -0.000170876 -0.000141724 7.22983e-05 0.997641 0.0271436 -0.00174979 0.000212845 -0.0271543 0.996398
7 0.00267289 97.0187 -0.272231 -0.00332814 -0.162708 -0.269379 96.8282 -0.00368787 -0.0176911 -0.0148028 0.00436592 96.7804 2.81317 -0.169366 0.0220043 -2.8143 96.659 -0.00280597 -3.43041e-05 -0.00167708 -0.00277657 0.998036 -3.80119e-05 -0.000182347 -0.000152576 4.50008e-05 0.997544 0.0289961 -0.00174571 0.000226804 -0.0290078 0.996292
7.2 0.00274886 93.4169 -0.267766 -0.00358511 -0.15594 -0.264929 93.2297 -0.00088978 -0.0181536 -0.0153261 0.00162649 93.1774 2.88968 -0.162632 0.0225448 -2.89085 93.0595 -0.00286636 -3.83776e-05 -0.00166929 -0.00283599 0.997996 -9.52483e-06 -0.000194329 -0.000164061 1.7411e-05 0.997436 0.0309331 -0.00174093 0.000241336 -0.0309457 0.996174
7.4 0.0028248 89.8352 -0.261723 -0.0038475 -0.149198 -0.258914 89.6512 0.00173144 -0.0185817 -0.0158301 -0.000934196 89.5942 2.96076 -0.155899 0.0230388 -2.96199 89.4798 -0.00291337 -4.28285e-05 -0.0016608 -0.0028821 0.997952 1.92735e-05 -0.000206842 -0.000176213 -1.0399e-05 0.997317 0.0329577 -0.00173539 0.000256457 -0.0329713 0.996044
7.6 0.00290071 86.2801 -0.254098 -0.00411408 -0.142496 -0.25133 86.0992 0.00416825 -0.0189738 -0.0163129 -0.00330879 86.0373 3.02612 -0.149179 0.0234843 -3.0274 85.9262 -0.00294503 -4.76829e-05 -0.00165155 -0.00291296 0.997904 4.83107e-05 -0.000219909 -0.000189069 -3.83494e-05 0.997186 0.0350732 -0.001729 0.000272187 -0.035088 0.995899
7.8 0.00297657 82.7579 -0.244896 -0.00438354 -0.135845 -0.242183 82.58 0.00641421 -0.0193285 -0.0167723 -0.00549109 82.513 3.08549 -0.142484 0.0238794 -3.08682 82.4052 -0.00295918 -5.29683e-05 -0.00164148 -0.00292641 0.997851 7.75057e-05 -0.000233554 -0.000202667 -6.63513e-05 0.997041 0.0372834 -0.0017217 0.000288546 -0.0372994 0.995738
8 0.00305241 79.2746 -0.234133 -0.00465448 -0.12926 -0.231489 79.0997 0.00846401 -0.0196446 -0.0172064 -0.00747604 79.0274 3.13863 -0.135828 0.0242228 -3.14 78.9227 -0.00295344 -5.87134e-05 -0.00163053 -0.00292009 0.997793 0.000106768 -0.000247804 -0.000217048 -9.43055e-05 0.996881 0.0395919 -0.00171339 0.000305556 -0.0396091 0.99556
8.2 0.0031282 75.8362 -0.221837 -0.00492543 -0.122752 -0.219273 75.6641 0.0103135 -0.0199211 -0.0176133 -0.00925971 75.5863 3.18532 -0.129223 0.0245133 -3.18673 75.4846 -0.00292521 -6.49482e-05 -0.00161864 -0.00289141 0.99773 0.000135997 -0.000262686 -0.000232255 -0.000122101 0.996704 0.0420026 -0.00170397 0.00032324 -0.0420212 0.995363
8.4 0.00320396 72.4481 -0.208042 -0.00519482 -0.116332 -0.205573 72.2786 0.0119596 -0.0201573 -0.0179913 -0.0108394 72.1953 3.22537 -0.12268 0.0247499 -3.22683 72.0964 -0.0028716 -7.1704e-05 -0.00160573 -0.00283752 0.99766 0.000165078 -0.00027823 -0.000248333 -0.000149616 0.996509 0.0445197 -0.00169336 0.000341622 -0.0445398 0.995145
8.6 0.00327968 69.1157 -0.192797 -0.00546108 -0.110013 -0.190434 68.9487 0.0134005 -0.0203525 -0.0183386 -0.0122134 68.8596 3.25863 -0.116213 0.024932 -3.26013 68.7634 -0.00278948 -7.90136e-05 -0.00159173 -0.0027553 0.997584 0.000193885 -0.00029447 -0.000265332 -0.00017671 0.996295 0.0471475 -0.00168143 0.000360728 -0.0471691 0.994904
8.8 0.00335535 65.8438 -0.176156 -0.00572252 -0.103806 -0.173912 65.6792 0.0146354 -0.0205064 -0.0186536 -0.0133813 65.5842 3.28497 -0.109832 0.0250592 -3.2865 65.4907 -0.00267536 -8.69106e-05 -0.00157655 -0.00264128 0.9975 0.000222274 -0.000311441 -0.000283301 -0.000203229 0.996058 0.0498903 -0.00166807 0.000380586 -0.0499136 0.994637
9 0.00343099 62.6372 -0.158185 -0.00597748 -0.097721 -0.15607 62.4749 0.0156646 -0.0206189 -0.0189348 -0.0143439 62.3739 3.30429 -0.103549 0.0251315 -3.30586 62.2828 -0.00252542 -9.54302e-05 -0.00156011 -0.00249166 0.997408 0.000250084 -0.000329179 -0.000302293 -0.000228999 0.995796 0.0527528 -0.00165316 0.000401223 -0.0527779 0.994341
9.2 0.00350659 59.5003 -0.138959 -0.00622423 -0.0917683 -0.136984 59.3401 0.0164896 -0.0206899 -0.0191808 -0.0151027 59.2331 3.31653 -0.0973755 0.0251491 -3.31814 59.1442 -0.00233542 -0.000104608 -0.00154232 -0.00230224 0.997307 0.000277135 -0.000347727 -0.000322365 -0.000253826 0.995509 0.0557398 -0.00163655 0.000422671 -0.0557668 0.994015
9.4 0.00358214 56.4372 -0.118558 -0.00646104 -0.0859577 -0.116734 56.2789 0.017113 -0.0207196 -0.0193904 -0.0156608 56.1658 3.32166 -0.0913214 0.0251124 -3.3233 56.079 -0.00210071 -0.000114482 -0.00152307 -0.00206839 0.997195 0.000303222 -0.000367127 -0.000343575 -0.00027749 0.995191 0.0588559 -0.00161811 0.000444962 -0.0588849 0.993654
9.6 0.00365765 53.4516 -0.0970752 -0.00668617 -0.0802983 -0.0954102 53.2951 0.0175382 -0.0207086 -0.0195623 -0.0160218 53.1758 3.31967 -0.0853971 0.0250222 -3.32133 53.091 -0.00181613 -0.000125088 -0.00150226 -0.00178498 0.997072 0.000328114 -0.000387427 -0.000365982 -0.000299745 0.994841 0.0621061 -0.00159765 0.000468128 -0.0621373 0.993254
9.8 0.00373311 50.5469 -0.074607 -0.00689791 -0.0747985 -0.0731099 50.3921 0.0177698 -0.0206573 -0.0196956 -0.0161908 50.2666 3.31058 -0.0796127 0.0248794 -3.31227 50.1836 -0.001476 -0.000136466 -0.00147978 -0.00144638 0.996937 0.000351552 -0.000408676 -0.00038965 -0.000320312 0.994456 0.0654952 -0.00157503 0.000492205 -0.0655286 0.992813
10 0.00380853 47.7263 -0.0512583 -0.00709455 -0.0694663 -0.0499366 47.573 0.0178134 -0.0205666 -0.0197894 -0.0161734 47.4414 3.29444 -0.0739774 0.0246854 -3.29616 47.36 -0.00107401 -0.000148651 -0.00145552 -0.00104631 0.996788 0.00037324 -0.000430928 -0.000414644 -0.000338878 0.99403 0.0690279 -0.00155004 0.000517229 -0.0690638 0.992325
10.2 0.0038839 44.9925 -0.02714 -0.00727444 -0.0643091 -0.0260002 44.8406 0.0176751 -0.0204374 -0.0198429 -0.0159763 44.7028 3.27135 -0.0685002 0.0244416 -3.27309 44.6229 -0.000603212 -0.000161681 -0.00142933 -0.000577879 0.996623 0.000392846 -0.00045424 -0.000441027 -0.000355089 0.993561 0.0727089 -0.00152248 0.000543238 -0.0727474 0.991785
10.4 0.00395923 42.348 -0.00236812 -0.00743595 -0.0593337 -0.00141585 42.1973 0.0173624 -0.0202708 -0.0198556 -0.0156071 42.0534 3.24142 -0.0631893 0.0241497 -3.24316 41.9748 -5.59205e-05 -0.000175592 -0.0014011 -3.34336e-05 0.996442 0.000409993 -0.000478673 -0.000468867 -0.000368545 0.993044 0.0765424 -0.00149214 0.000570269 -0.0765837 0.991188
10.6 0.0040345 39.7949 0.0229364 -0.00757753 -0.0545461 0.0236966 39.6453 0.0168831 -0.0200682 -0.019827 -0.015074 39.4954 3.20477 -0.0580525 0.0238117 -3.20653 39.4179 0.000576366 -0.000190415 -0.00137068 0.000595468 0.996241 0.000424252 -0.000504291 -0.000498229 -0.000378793 0.992473 0.0805323 -0.00145879 0.000598361 -0.0805764 0.990528
10.8 0.00410973 37.335 0.0486488 -0.0076977 -0.0499517 0.0492133 37.1864 0.0162459 -0.0198309 -0.0197568 -0.014386 37.0305 3.16159 -0.0530971 0.0234297 -3.16335 36.9541 0.00130303 -0.000206179 -0.00133793 0.00131815 0.996018 0.000435138 -0.000531161 -0.000529177 -0.000385321 0.991843 0.0846815 -0.00142218 0.000627554 -0.0847287 0.989797
11 0.00418491 34.9699 0.074641 -0.00779506 -0.0455553 0.0750074 34.822 0.0154603 -0.0195606 -0.019645 -0.0135527 34.6603 3.11205 -0.0483297 0.0230061 -3.11382 34.5848 0.00213443 -0.000222908 -0.0013027 0.00214491 0.995772 0.000442102 -0.000559354 -0.000561769 -0.000387552 0.991147 0.0889922 -0.00138204 0.000657883 -0.0890428 0.988987
11.2 0.00426003 32.7006 0.100783 -0.00786831 -0.041361 0.10095 32.5534 0.0145361 -0.0192588 -0.0194915 -0.0125842 32.386 3.05638 -0.0437563 0.0225434 -3.05814 32.3112 0.00308198 -0.000240616 -0.00126484 0.00308708 0.995498 0.00044452 -0.000588943 -0.00059606 -0.00038483 0.990379 0.0934654 -0.00133809 0.000689386 -0.0935194 0.988092
11.4 0.00433511 30.5281 0.126941 -0.00791625 -0.0373722 0.126909 30.3814 0.0134837 -0.0189274 -0.0192966 -0.0114912 30.2085 2.9948 -0.0393822 0.0220441 -2.99657 30.1342 0.00415819 -0.000259311 -0.00122419 0.00415712 0.995195 0.000441684 -0.000620002 -0.000632095 -0.000376415 0.989531 0.0981001 -0.00129003 0.000722094 -0.0981577 0.987099
11.6 0.00441013 28.4528 0.152985 -0.00793781 -0.0335916 0.152753 28.3065 0.0123142 -0.0185684 -0.0190607 -0.0102848 28.1282 2.92759 -0.0352122 0.0215112 -2.92934 28.0544 0.0053768 -0.000278982 -0.00118061 0.00536866 0.994859 0.000432794 -0.000652604 -0.000669906 -0.000361471 0.988593 0.102893 -0.00123757 0.000756033 -0.102955 0.986
11.8 0.0044851 26.475 0.17878 -0.00793203 -0.0300213 0.178351 26.329 0.0110386 -0.0181836 -0.0187841 -0.00897648 26.1456 2.85502 -0.0312502 0.0209476 -2.85676 26.0721 0.00675279 -0.000299605 -0.00113395 0.0067366 0.994485 0.000416945 -0.000686823 -0.000709506 -0.000339055 0.987557 0.107839 -0.00118037 0.000791224 -0.107904 0.984783
12 0.0139046 24.5946 0.204195 -0.00789808 -0.0266626 0.203572 24.4488 0.00966857 -0.0177752 -0.0184677 -0.0075778 24.2605 2.77739 -0.0274997 0.0203564 -2.77911 24.1872 0.0083024 -0.00032113 -0.00108408 0.0082771 0.99407 0.000393117 -0.000722727 -0.000750885 -0.000308108 0.986413 0.112927 -0.00111812 0.000827675 -0.112996 0.983434
13 0.0246683 16.6344 0.321102 -0.00728726 -0.0130424 0.319591 16.4877 0.00181495 -0.0154546 -0.0163226 0.000352807 16.279 2.32481 -0.0119864 0.0170965 -2.32636 16.2051 0.0193034 -0.000438083 -0.000784061 0.0192126 0.99118 0.000109108 -0.000929074 -0.000981251 2.12094e-05 0.978635 0.139759 -0.000720577 0.00102778 -0.139852 0.974188
14 0.0265294 10.9559 0.410515 -0.00593563 -0.0045308 0.408335 10.8062 -0.00663721 -0.0128741 -0.0133692 0.00876929 10.5856 1.79807 -0.00185916 0.0136298 -1.79933 10.5088 0.0374697 -0.000541775 -0.000413549 0.0372708 0.986335 -0.000605811 -0.00117509 -0.00122028 0.000800417 0.966201 0.164119 -0.000169695 0.00124406 -0.164234 0.959194
15 0.0283823 7.29538 0.461191 -0.00391507 -0.000586566 0.458647 7.14138 -0.0143542 -0.0103012 -0.0098462 0.0163475 6.91873 1.24495 0.00323677 0.0103445 -1.24582 6.83802 0.0632168 -0.00053665 -8.04025e-05 0.0628681 0.97889 -0.00196757 -0.00141201 -0.00134965 0.0022408 0.948371 0.170648 0.000443674 0.00141795 -0.170769 0.937308
16 0.0302266 5.30209 0.46703 -0.00138875 -0.000366705 0.464462 5.14333 -0.0203054 -0.00796092 -0.00604418 0.0220803 4.92877 0.711894 0.00403135 0.00756284 -0.712313 4.84392 0.0880842 -0.000261925 -6.91624e-05 0.0875999 0.970059 -0.0038297 -0.00150147 -0.00113996 0.00416446 0.92959 0.134267 0.000760332 0.00142639 -0.134346 0.913588
17 0.0320617 4.58246 0.427784 0.00141211 -0.00282855 0.425522 4.41921 -0.023871 -0.00601181 -0.00227294 0.0253811 4.2221 0.239267 0.00154174 0.00550195 -0.239197 4.13374 0.0933525 0.000308156 -0.000617256 0.0928589 0.964376 -0.00520923 -0.00131192 -0.000496009 0.00553876 0.921362 0.0522137 0.000336445 0.00120066 -0.0521984 0.902079
18 0.0338871 4.74091 0.348877 0.00422243 -0.00684716 0.347193 4.57398 -0.024875 -0.00453356 0.00117362 0.0261104 4.40193 -0.142287 -0.00304507 0.0042541 0.142832 4.31126 0.0735888 0.000890637 -0.00144427 0.0732334 0.96479 -0.00524688 -0.000956265 0.000247551 0.00550748 0.9285 -0.0300127 -0.000642297 0.000897318 0.0301275 0.909374
19 0.0357021 5.41344 0.240422 0.00678173 -0.0113345 0.239495 5.24398 -0.0235454 -0.00352832 0.00404911 0.024531 5.10208 -0.41399 -0.00850542 0.00378662 0.414944 5.01067 0.0444121 0.00125276 -0.00209378 0.0442408 0.968696 -0.00434943 -0.00065177 0.000747974 0.00453149 0.942483 -0.0764745 -0.00157117 0.000699485 0.0766506 0.925598
20 0.0375062 6.29195 0.115623 0.00886982 -0.0153471 0.115523 6.12124 -0.0204192 -0.00293355 0.00617873 0.021207 6.01163 -0.569555 -0.0137113 0.00396101 0.570807 5.92116 0.0183763 0.00140971 -0.00243917 0.0183604 0.972868 -0.00324528 -0.000466239 0.000982004 0.0033705 0.955448 -0.0905212 -0.00217917 0.000629536 0.0907202 0.941069
21 0.0392989 7.13843 -0.011134 0.0103335 -0.0181695 -0.0104445 6.9677 -0.016212 -0.00264345 0.0074724 0.0168716 6.88953 -0.614373 -0.0177454 0.00456671 0.615778 6.80156 -0.00155973 0.00144759 -0.00254531 -0.00146313 0.976083 -0.00227109 -0.000370313 0.00104678 0.00236349 0.965132 -0.0860655 -0.00248589 0.000639736 0.0862623 0.952808
22 0.0410797 7.78961 -0.126203 0.0111004 -0.0193658 -0.124855 7.6199 -0.0116802 -0.00253457 0.00792638 0.0122872 7.56961 -0.563539 -0.0199853 0.00536325 0.564931 7.4854 -0.0162015 0.00142503 -0.00248611 -0.0160284 0.978213 -0.00149946 -0.000325378 0.00101756 0.00157738 0.971757 -0.0723449 -0.00256563 0.000688513 0.0725237 0.960947
23 0.0428479 8.15344 -0.21834 0.0111789 -0.0187942 -0.216527 7.98552 -0.00749684 -0.00249102 0.00761398 0.00812325 7.9574 -0.439091 -0.0201465 0.00612319 0.440304 7.87785 -0.0267788 0.00137107 -0.00230506 -0.0265565 0.979404 -0.00091947 -0.000305517 0.000933836 0.000996296 0.975956 -0.0538534 -0.00247092 0.000750994 0.0540022 0.966199
24 0.0446031 8.19958 -0.279878 0.0106462 -0.0165855 -0.277823 8.03389 -0.00416165 -0.00242507 0.00666815 0.00486822 8.02089 -0.266884 -0.0182805 0.00666889 0.267772 7.94646 -0.0341332 0.00129838 -0.00202272 -0.0338826 0.979793 -0.000507545 -0.000295756 0.00081323 0.000593716 0.978208 -0.0325485 -0.00222945 0.00081332 0.0326569 0.96913
25 0.0463447 7.94608 -0.307322 0.00962738 -0.0130907 -0.305245 7.78278 -0.00195258 -0.00228996 0.00525966 0.00278458 7.77732 -0.073504 -0.0147313 0.00689711 0.0739585 7.70809 -0.0386758 0.00121159 -0.00164744 -0.0384145 0.979449 -0.000245729 -0.000288187 0.000661918 0.000350434 0.978762 -0.00925034 -0.00185391 0.000867988 0.00930754 0.970049
26 0.0480722 7.44465 -0.301331 0.00827263 -0.0088073 -0.299419 7.28366 -0.000921405 -0.00208332 0.00357449 0.0019074 7.27844 0.116455 -0.0100571 0.00678828 -0.11649 7.21416 -0.0404762 0.00111122 -0.00118304 -0.0402193 0.978375 -0.000123767 -0.000279842 0.000480143 0.000256211 0.977674 0.0156428 -0.00135091 0.000911834 -0.0156475 0.969039
27 0.049785 6.76617 -0.266189 0.00673471 -0.00429432 -0.264579 6.60724 -0.000926115 -0.00184152 0.00179375 0.00207937 6.59593 0.282502 -0.00493063 0.00639977 -0.283022 6.53613 -0.0393411 0.000995351 -0.000634675 -0.0391032 0.976511 -0.000136874 -0.000272165 0.000265106 0.000307319 0.974839 0.0417521 -0.000728718 0.000945849 -0.041829 0.966001
28 0.0514827 5.98805 -0.208885 0.00515248 -8.94313e-05 -0.207662 5.83085 -0.00168843 -0.00162635 7.81245e-05 0.0030098 5.80858 0.40963 -3.35886e-05 0.00584554 -0.410572 5.75267 -0.0348837 0.00086046 -1.4935e-05 -0.0346794 0.973747 -0.000281966 -0.000271599 1.30467e-05 0.000502635 0.970029 0.0684079 -5.60926e-06 0.0009762 -0.0685651 0.960691
29 0.0531646 5.18411 -0.138005 0.00364104 0.00336233 -0.137201 5.02827 -0.0028623 -0.00150743 -0.00144226 0.00434375 4.99194 0.488955 0.0040417 0.00526682 -0.4902 4.93929 -0.0266208 0.000702347 0.000648584 -0.0264656 0.969939 -0.00055213 -0.000290779 -0.000278207 0.000837898 0.962931 0.0943181 0.000779633 0.00101596 -0.0945583 0.952775
30 0.0548304 4.41739 -0.0625809 0.00228868 0.0057595 -0.0621866 4.26259 -0.00409999 -0.00154367 -0.00267302 0.00572781 4.21091 0.517659 0.00686858 0.00479985 -0.519052 4.16091 -0.014167 0.000518107 0.00130383 -0.0140777 0.964957 -0.000928148 -0.000349454 -0.000605113 0.00129665 0.953258 0.117187 0.0015549 0.00108658 -0.117502 0.94194
31 0.0564795 3.7359 0.008933 0.00115872 0.00697019 0.00895085 3.58188 -0.00510526 -0.00176769 -0.00355685 0.00686246 3.51525 0.498377 0.0082324 0.00454689 -0.499743 3.4674 0.00239112 0.000310158 0.00186573 0.0023959 0.958773 -0.00136654 -0.000473163 -0.000952073 0.0018369 0.94094 0.133402 0.00220359 0.00121708 -0.133768 0.928131
32 0.0581114 3.17086 0.0694656 0.000293577 0.0070323 0.0691529 3.01743 -0.00566773 -0.00217598 -0.00407228 0.00753533 2.93771 0.438177 0.00814249 0.00455599 -0.439345 2.89158 0.0219075 9.25861e-05 0.00221779 0.0218089 0.951613 -0.00178744 -0.000686243 -0.00128428 0.00237643 0.926472 0.138189 0.00256791 0.00143683 -0.138557 0.911925
33 0.0597256 2.73701 0.113866 -0.000281401 0.00613041 0.11327 2.58405 -0.00567689 -0.00272688 -0.00423096 0.00763418 2.49416 0.347295 0.00681079 0.00481274 -0.348118 2.44945 0.0416022 -0.000102813 0.00223982 0.0413846 0.944114 -0.00207412 -0.000996298 -0.00154583 0.00278924 0.911272 0.126889 0.0024884 0.00175839 -0.127189 0.894935
34 0.0613216 2.43443 0.139163 -0.000556188 0.00455503 0.138328 2.28186 -0.00511822 -0.00334639 -0.00407402 0.00714222 2.1854 0.237768 0.00460298 0.00524534 -0.23814 2.14187 0.0571643 -0.000228467 0.00187109 0.0568215 0.937328 -0.00210243 -0.00137461 -0.0016735 0.00293383 0.897703 0.0976687 0.00189078 0.00215464 -0.0978216 0.879824
35 0.0628989 2.25134 0.14458 -0.00053679 0.00265129 0.143546 2.0991 -0.00405648 -0.00394072 -0.00366738 0.00612102 1.99992 0.122095 0.00197125 0.00574092 -0.121966 1.95744 0.0642195 -0.000238431 0.00117765 0.0637601 0.932377 -0.00180181 -0.00175039 -0.00162898 0.00271883 0.888324 0.0542321 0.000875591 0.00255 -0.0541748 0.869455
36 0.064457 2.16739 0.131352 -0.000247647 0.000765216 0.130156 2.01542 -0.00261197 -0.00441298 -0.00309578 0.00468684 1.91725 0.0120284 -0.000620057 0.00616984 -0.0114054 1.87573 0.060604 -0.000114261 0.000353059 0.0600521 0.929882 -0.00120512 -0.00203608 -0.00142834 0.00216244 0.884588 0.00554971 -0.000286085 0.00284667 -0.00526228 0.865434
37 0.0659956 2.15714 0.102402 0.000266028 -0.000804947 0.101083 2.00535 -0.000935288 -0.00468068 -0.00245487 0.00298587 1.91145 -0.0824418 -0.00276454 0.0064125 0.0834959 1.87088 0.0474712 0.000123324 -0.000373155 0.0468596 0.929635 -0.000433578 -0.00216985 -0.00113802 0.00138418 0.886105 -0.0382181 -0.00128158 0.00297268 0.0387067 0.867298
38 0.067514 2.19333 0.0619182 0.000937982 -0.00184613 0.0605197 2.04163 0.000815541 -0.00469051 -0.00184169 0.00117222 1.95452 -0.153851 -0.00416954 0.0063833 0.155227 1.91492 0.0282302 0.000427651 -0.0008417 0.0275925 0.930834 0.000371827 -0.00213853 -0.000839675 0.000534445 0.891116 -0.0701447 -0.00190101 0.00291032 0.0707723 0.873062
39 0.0690118 2.2498 0.0148903 0.00168431 -0.00225245 0.0134605 2.09805 0.00249335 -0.00442779 -0.00134382 -0.000609227 2.0193 -0.197738 -0.00469053 0.00604731 0.199297 1.98075 0.00661849 0.000748649 -0.00100118 0.00598298 0.932548 0.00110825 -0.00196808 -0.000597305 -0.000270792 0.897548 -0.0878915 -0.00208487 0.00268793 0.0885844 0.880411
40 0.10628 2.30379 -0.0333827 0.00241109 -0.00203001 -0.034794 2.15184 0.00397496 -0.00391852 -0.00102871 -0.00223479 2.08202 -0.212827 -0.00434034 0.00542647 0.214416 2.04462 -0.0144904 0.00104658 -0.000881163 -0.015103 0.934046 0.0017254 -0.0017009 -0.00044653 -0.000970052 0.903737 -0.0923813 -0.001884 0.00235545 0.093071 0.887503
42 0.146749 2.33977 -0.113787 0.00344928 -0.000199163 -0.115034 2.18706 0.0060243 -0.00242993 -0.0010665 -0.00467151 2.13256 -0.166419 -0.00175009 0.00366272 0.167645 2.09793 -0.0486317 0.00147419 -8.51208e-05 -0.0491645 0.93473 0.00257474 -0.00103853 -0.000455811 -0.00199657 0.911438 -0.0711262 -0.000747974 0.00156542 0.07165 0.896639
44 0.152348 2.23325 -0.148087 0.00354981 0.0021095 -0.149089 2.07947 0.00669342 -0.000910741 -0.00185595 -0.00578307 2.03139 -0.056885 0.00140947 0.00200152 0.0573739 2.00019 -0.06631 0.00158953 0.000944589 -0.0667587 0.931141 0.00299716 -0.00040781 -0.000831056 -0.00258953 0.909612 -0.0254719 0.000631131 0.000896238 0.0256908 0.895643
46 0.157761 2.00472 -0.125376 0.00272567 0.00331446 -0.126184 1.85001 0.00629278 4.98572e-05 -0.00286614 -0.00574966 1.79632 0.0548225 0.00293739 0.0012627 -0.0551412 1.76898 -0.0625407 0.00135963 0.00165333 -0.0629437 0.922826 0.00313899 2.48699e-05 -0.0014297 -0.00286806 0.896047 0.0273467 0.00146524 0.000629864 -0.0275057 0.882409
48 0.162982 1.72755 -0.0583975 0.0014974 0.0027591 -0.0591168 1.57242 0.00551787 0.000283809 -0.00347529 -0.00515473 1.50309 0.116382 0.00200043 0.00166518 -0.117334 1.47955 -0.0338037 0.000866777 0.00159712 -0.0342201 0.910205 0.00319405 0.000164284 -0.00201169 -0.00298384 0.87007 0.0673685 0.00115796 0.000963897 -0.0679195 0.856447
50 0.168004 1.48008 0.0226206 0.000554737 0.00103594 0.0219543 1.32519 0.0050594 3.9571e-05 -0.00335728 -0.00467313 1.23641 0.105274 -0.000480204 0.00277387 -0.106585 1.21612 0.0152834 0.000374803 0.000699922 0.0148332 0.895355 0.00341834 2.67358e-05 -0.00226832 -0.00315736 0.835372 0.0711272 -0.000324445 0.00187414 -0.072013 0.821661
52 0.172821 1.30849 0.0838092 0.000319818 -0.000471442 0.0832923 1.15429 0.00516703 -0.000282936 -0.00265023 -0.00466995 1.04991 0.0347698 -0.00257734 0.00386736 -0.0362041 1.03202 0.0640503 0.000244417 -0.000360295 0.0636552 0.882157 0.00394884 -0.000216231 -0.00202541 -0.00356896 0.802384 0.0265724 -0.0019697 0.00295559 -0.0276686 0.788708
54 0.177428 1.21471 0.103043 0.000713016 -0.00050639 0.102834 1.06114 0.00544511 -0.000412359 -0.00180838 -0.00494901 0.950408 -0.0570219 -0.00268312 0.00440569 0.0556047 0.934129 0.0848289 0.000586983 -0.000416881 0.0846569 0.873575 0.00448263 -0.00033947 -0.00148873 -0.00407423 0.782414 -0.0469427 -0.00220885 0.00362694 0.045776 0.769012
56 0.181819 1.1689 0.0791955 0.00125778 0.00126058 0.0793637 1.01529 0.00508397 -0.000302761 -0.00127219 -0.00487036 0.908118 -0.128385 -0.000535669 0.00427552 0.127058 0.893004 0.0677522 0.00107604 0.00107843 0.0678961 0.868583 0.00434937 -0.000259014 -0.00108837 -0.00416662 0.7769 -0.109834 -0.000458268 0.00365773 0.108698 0.76397
58 0.185988 1.13395 0.0306269 0.00141592 0.00402671 0.0310425 0.979164 0.00343704 -4.26929e-05 -0.00120055 -0.00381639 0.88135 -0.15403 0.00267466 0.00371562 0.152864 0.867384 0.027009 0.00124867 0.00355105 0.0273755 0.863498 0.00303103 -3.76498e-05 -0.00105873 -0.00336557 0.777239 -0.135835 0.00235871 0.00327671 0.134806 0.764923
60 0.286303 1.08616 -0.0158029 0.000912814 0.00634028 -0.0154327 0.928977 0.000565682 0.000280335 -0.00142609 -0.00170394 0.839766 -0.134162 0.00511059 0.00306465 0.133276 0.827291 -0.0145493 0.000840402 0.00583732 -0.0142084 0.855283 0.000520807 0.000258097 -0.00131296 -0.00156877 0.773149 -0.123519 0.00470518 0.00282154 0.122704 0.761664
64 0.394175 0.952847 -0.0317705 -0.0013311 0.0055 -0.032148 0.789109 -0.00498026 0.000991363 -0.00150373 0.00279159 0.696142 -0.0481218 0.00350599 0.00222981 0.0481947 0.688336 -0.0333427 -0.00139697 0.00577218 -0.0337389 0.828159 -0.00522672 0.00104042 -0.00157814 0.00292974 0.730591 -0.0505031 0.00367949 0.00234016 0.0505796 0.722399
68 0.406626 0.840705 0.0272216 -0.00251479 -7.50083e-05 0.0267817 0.673526 -0.00442814 0.00152832 -0.000384439 0.00261703 0.554198 -0.0368866 -0.00222163 0.00206412 0.037699 0.553007 0.0323795 -0.00299129 -8.92207e-05 0.0318563 0.801145 -0.00526717 0.00181791 -0.000457282 0.00311291 0.659207 -0.0438758 -0.00264258 0.00245523 0.0448421 0.657789
72 0.417095 0.760114 0.0478721 -0.0015894 -0.001375 0.0486063 0.594995 -0.00147095 0.00146757 0.000353843 0.000764159 0.459068 -0.0857801 -0.0025893 0.0023835 0.0860381 0.465601 0.0629802 -0.00209101 -0.00180894 0.0639461 0.78277 -0.00193517 0.00193073 0.000465513 0.00100532 0.603946 -0.112852 -0.00340647 0.00313571 0.113191 0.61254
76 0.425533 0.669582 0.0202021 -0.000939305 0.00147528 0.0215138 0.506148 -0.00414516 0.000593004 -3.71294e-05 0.004355 0.37184 -0.0947006 0.000461389 0.00259073 0.0939583 0.387226 0.0301713 -0.00140282 0.00220329 0.0321302 0.755917 -0.00619068 0.000885634 -5.54516e-05 0.00650406 0.555332 -0.141432 0.000689071 0.00386917 0.140324 0.57831
80 0.431897 0.591147 0.0132607 -0.00254505 0.000129411 0.0139045 0.424477 -0.00922101 -0.000880932 0.00042649 0.00988283 0.287087 -0.0687929 -0.00138938 0.00178814 0.0683494 0.311454 0.0224322 -0.00430527 0.000218916 0.0235212 0.718057 -0.0155985 -0.00149021 0.000721462 0.0167181 0.485644 -0.116372 -0.00235031 0.00302486 0.115622 0.526865
84 0.436158 0.561538 0.0305783 -0.00424315 -0.00496891 0.0310041 0.390553 -0.00846415 -0.00135929 0.0016862 0.00888142 0.233133 -0.0737329 -0.00664272 0.00061665 0.0742863 0.264072 0.0544546 -0.00755631 -0.00884875 0.0552129 0.695507 -0.0150732 -0.00242066 0.00300283 0.0158163 0.415169 -0.131305 -0.0118295 0.00109814 0.132291 0.470265
88 0.328636 0.549754 0.0243597 -0.00217396 -0.00465081 0.0251776 0.375275 -0.00438979 -0.000445099 0.000512463 0.0042164 0.199615 -0.098878 -0.00600595 -0.000326892 0.0994809 0.236925 0.0443101 -0.00395442 -0.00845979 0.045798 0.682623 -0.00798501 -0.000809633 0.000932167 0.00766962 0.363098 -0.179859 -0.0109248 -0.000594614 0.180955 0.430965
90 0.219313 0.534195 0.0120943 -4.86187e-05 -0.00215102 0.0127255 0.356663 -0.00385231 -0.00035568 -0.000780413 0.00358889 0.178501 -0.0995246 -0.00318649 -0.00120345 0.0998323 0.22096 0.0226403 -9.1013e-05 -0.00402665 0.0238218 0.667665 -0.00721144 -0.000665825 -0.00146091 0.00671831 0.33415 -0.186308 -0.00596503 -0.00225283 0.186884 0.413632
92 0.328636 0.511427 0.0022206 0.00163054 0.00014268 0.00229177 0.329462 -0.00477897 -0.000908051 -0.00154006 0.0046667 0.151826 -0.0889769 -0.000512262 -0.0025121 0.0889688 0.201063 0.00434198 0.00318822 0.000278985 0.00448112 0.644201 -0.00934439 -0.00177553 -0.00301129 0.00912488 0.296868 -0.173978 -0.00100163 -0.00491195 0.173962 0.393142
96 0.436158 0.467864 0.00694888 0.000730217 -0.000303586 0.00586657 0.276203 -0.00789498 -0.00270881 0.000414013 0.0084532 0.0947421 -0.0610159 -0.000478759 -0.00467868 0.0605835 0.158628 0.0148524 0.00156075 -0.000648876 0.0125391 0.590349 -0.0168745 -0.00578973 0.0008849 0.0180677 0.202499 -0.130414 -0.00102329 -0.0100001 0.12949 0.339048
100 0.431897 0.45593 0.0243584 -0.00322236 -0.00405929 0.0236716 0.259505 -0.00796271 -0.00185932 0.00363583 0.00865404 0.058215 -0.0672168 -0.00449805 -0.0024577 0.0668748 0.132139 0.0534258 -0.00706767 -0.00890332 0.0519194 0.569178 -0.0174648 -0.00407808 0.00797454 0.0189811 0.127684 -0.147428 -0.00986566 -0.00539053 0.146678 0.289823
104 0.425533 0.458211 0.0144026 -0.00237263 -0.00224501 0.0145837 0.256566 -0.00751494 0.00113153 0.00256093 0.00730521 0.037678 -0.0900601 -0.00291141 0.0020629 0.0907537 0.121727 0.0314322 -0.00517802 -0.0048995 0.0318275 0.559929 -0.0164006 0.00246946 0.00558897 0.0159429 0.0822283 -0.196547 -0.00635386 0.00450207 0.198061 0.265657
108 0.417095 0.449862 -0.00596037 0.00153098 0.00173654 -0.00598555 0.23362 -0.0105371 0.00170257 -0.000220087 0.00901939 0.010819 -0.0873129 0.00110761 0.00233616 0.0888405 0.112759 -0.0132493 0.00340322 0.00386015 -0.0133053 0.519316 -0.023423 0.00378466 -0.000489233 0.0200493 0.0240496 -0.194088 0.00246211 0.00519306 0.197484 0.250654
112 0.406626 0.442421 -0.00318999 0.00177505 0.0012803 -0.00377205 0.210256 -0.0129659 0.000196223 -0.00104741 0.0111224 -0.0171557 -0.073215 0.000406093 -0.000416262 0.0735413 0.103362 -0.0072103 0.00401212 0.00289384 -0.00852593 0.475238 -0.0293066 0.000443521 -0.00236745 0.0251399 -0.0387769 -0.165487 0.000917888 -0.000940872 0.166224 0.233629
116 0.394175 0.445202 0.00602941 0.00122491 0.000168031 0.00533099 0.202114 -0.0111507 -0.000202501 -0.00196678 0.0106636 -0.0379028 -0.0737085 -0.000386119 -0.00181119 0.072339 0.0973278 0.0135431 0.00275135 0.000377426 0.0119743 0.453983 -0.0250464 -0.00045485 -0.00441772 0.0239522 -0.0851361 -0.165562 -0.000867288 -0.00406825 0.162486 0.218615
120 0.379804 0.458565 -0.000611567 0.00258905 -0.000811743 -0.00084199 0.19678 -0.00830238 -0.00205715 -0.00222583 0.0088087 -0.0643909 -0.0832176 -3.70132e-05 -0.00443811 0.0824161 0.0937018 -0.00133365 0.00564598 -0.00177018 -0.00183614 0.429122 -0.0181051 -0.00448606 -0.0048539 0.0192093 -0.140418 -0.181474 -8.07154e-05 -0.00967826 0.179726 0.204337
124 0.363583 0.490275 -0.00879731 0.000470981 -0.00684239 -0.00843022 0.200328 -0.0059175 -0.00853822 0.00124957 0.00543151 -0.0978266 -0.0946339 -0.00538185 -0.00980967 0.0953756 0.0911577 -0.0179436 0.000960646 -0.0139562 -0.0171949 0.408603 -0.0120697 -0.0174152 0.0025487 0.0110785 -0.199534 -0.193022 -0.0109772 -0.0200085 0.194535 0.185932
128 0.34559 0.528623 -0.00960663 -0.00211605 -0.0112214 -0.00999828 0.216327 -0.00189033 -0.013799 0.00266045 0.00122972 -0.12106 -0.100795 -0.0102331 -0.0124448 0.101695 0.0919778 -0.0181729 -0.00400295 -0.0212276 -0.0189138 0.409228 -0.00357596 -0.0261037 0.0050328 0.00232628 -0.229011 -0.190674 -0.0193581 -0.0235418 0.192377 0.173995
132 0.325914 0.559247 -0.0149364 0.00423851 -0.00520316 -0.0170155 0.222281 0.00144286 -0.0123108 -0.00460259 0.000130704 -0.132954 -0.0912392 -0.00455746 -0.0105964 0.0924268 0.107669 -0.026708 0.00757896 -0.00930386 -0.0304257 0.397465 0.00258 -0.0220132 -0.00822997 0.000233714 -0.237737 -0.163146 -0.00814928 -0.0189476 0.16527 0.192525
136 0.304649 0.600484 -0.0240546 0.0112715 0.000348293 -0.0256315 0.218201 8.21263e-05 -0.00978757 -0.0115456 0.00250267 -0.153293 -0.0796072 0.000576249 -0.00948669 0.081538 0.137191 -0.0400587 0.0187707 0.00058002 -0.0426847 0.363374 0.000136767 -0.0162995 -0.0192272 0.00416775 -0.255282 -0.132572 0.00095964 -0.0157984 0.135787 0.228468
140 0.281901 0.659415 -0.0258453 0.00469447 -0.0034456 -0.02451 0.224839 -0.00390093 -0.0109828 -0.00650766 0.00506114 -0.199635 -0.0809574 -0.00403815 -0.0111095 0.0803574 0.146444 -0.0391942 0.00711915 -0.00522524 -0.0371693 0.340967 -0.00591574 -0.0166554 -0.00986884 0.0076752 -0.302746 -0.122772 -0.00612384 -0.0168476 0.121862 0.222081
144 0.257779 0.7226 -0.0211833 -0.00528475 -0.00086111 -0.018632 0.246103 -0.00690702 -0.0105254 0.00258297 0.00709079 -0.256745 -0.0823668 -0.00087553 -0.0114628 0.078377 0.131466 -0.0293153 -0.00731352 -0.00119168 -0.0257846 0.34058 -0.00955856 -0.014566 0.00357454 0.00981289 -0.355307 -0.113987 -0.00121164 -0.0158633 0.108465 0.181935
148 0.232401 0.780852 -0.0239661 -0.00136104 0.0159522 -0.0234995 0.273327 -0.00893801 -0.00561384 0.00162799 0.00903842 -0.282423 -0.0641855 0.0174322 -0.00794808 0.0638927 0.136372 -0.0306922 -0.00174302 0.0204292 -0.0300947 0.350037 -0.0114465 -0.00718938 0.00208489 0.0115751 -0.361685 -0.0821992 0.0223246 -0.0101787 0.0818243 0.174645
152 0.205891 0.794486 -0.044621 0.00689438 0.0249008 -0.0459573 0.275302 -0.00893835 -0.00106327 -0.00382145 0.00977917 -0.284785 -0.00959403 0.0255759 -0.0031953 0.0164305 0.147939 -0.0561634 0.00867779 0.031342 -0.0578453 0.346516 -0.0112505 -0.00133831 -0.00480996 0.0123088 -0.358452 -0.0120758 0.0321918 -0.00402184 0.0206807 0.186207
156 0.178378 0.775961 -0.0545238 3.29572e-05 0.0146698 -0.0546833 0.253655 -0.00525532 0.00129928 0.00148694 0.00759803 -0.312438 0.0475503 0.0131504 0.000504201 -0.041168 0.128608 -0.0702661 4.24727e-05 0.0189053 -0.0704718 0.326891 -0.00677266 0.00167442 0.00191625 0.00979177 -0.402647 0.0612792 0.0169473 0.000649777 -0.0530542 0.16574
160 0.0971232 0.832872 0.000455319 -0.0151625 0.00602178 0.00231546 0.307325 -0.00120065 0.00428934 0.0140859 0.00131851 -0.330149 0.0189137 0.00444103 0.00556401 -0.0180235 0.117292 0.000546686 -0.0182051 0.00723014 0.00278009 0.368995 -0.00144158 0.00515006 0.0169125 0.00158309 -0.396398 0.022709 0.00533218 0.00668051 -0.0216402 0.140828
161 0.0357021 0.857712 0.0249448 -0.0171562 0.0061576 0.0269971 0.339243 -0.00064764 0.00528896 0.0158841 -0.000631878 -0.323933 -0.000245011 0.00490829 0.00715767 0.00023904 0.116005 0.029083 -0.0200023 0.0071791 0.0314757 0.395521 -0.000755078 0.00616636 0.0185191 -0.000736702 -0.37767 -0.000285656 0.00572253 0.00834507 0.000278695 0.135249
162 0.0338871 0.880536 0.0515257 -0.0176825 0.00702129 0.0535728 0.375705 -0.000300902 0.00633999 0.0164557 -0.00252047 -0.313497 -0.018727 0.00614774 0.00872456 0.0181855 0.111777 0.0585163 -0.0200815 0.00797388 0.0608411 0.426678 -0.000341726 0.00720015 0.0186882 -0.00286243 -0.35603 -0.0212678 0.00698181 0.00990824 0.0206528 0.126942
163 0.0320617 0.897471 0.0784118 -0.0165815 0.00826577 0.0802534 0.413796 -0.000118779 0.00739438 0.0156167 -0.00420673 -0.300517 -0.0327157 0.00775906 0.0101241 0.0319634 0.102052 0.0873697 -0.0184758 0.00921006 0.0894217 0.461069 -0.000132349 0.00823913 0.0174008 -0.00468732 -0.334849 -0.0364532 0.00864548 0.0112807 0.035615 0.113711
164 0.0302266 0.905594 0.103682 -0.0138649 0.00947773 0.105136 0.450439 -4.18404e-05 0.00839733 0.0133305 -0.00555569 -0.28755 -0.0386959 0.00928613 0.0112084 0.0379669 0.0846069 0.114491 -0.0153103 0.0104658 0.116096 0.497397 -4.62022e-05 0.00927274 0.0147202 -0.00613486 -0.317527 -0.0427299 0.0102542 0.0123769 0.0419249 0.093427
165 0.0283823 0.903827 0.125491 -0.00972227 0.0102429 0.12641 0.483001 -5.91909e-06 0.00929109 0.00972264 -0.00645785 -0.277751 -0.0341398 0.0102873 0.011847 0.0335474 0.0581302 0.138844 -0.0107568 0.0113328 0.139861 0.534396 -6.54892e-06 0.0102797 0.0107572 -0.007145 -0.307306 -0.0377725 0.0113819 0.0131076 0.037117 0.0643156
166 0.0265294 0.893601 0.142269 -0.00450774 0.0102076 0.142558 0.509849 4.4828e-05 0.0100183 0.00507691 -0.00684736 -0.274485 -0.0180848 0.0103987 0.0119508 0.0176212 0.0227011 0.159209 -0.00504447 0.0114229 0.159532 0.570556 5.01656e-05 0.0112111 0.00568141 -0.00766266 -0.307168 -0.0202381 0.0116369 0.0133738 0.0197194 0.0254041
167 0.0246683 0.879072 0.152891 0.00129417 0.00912739 0.152516 0.530739 0.000147466 0.0105251 -0.000189201 -0.00671461 -0.280876 0.00852373 0.00938132 0.0114903 -0.00896078 -0.0199584 0.173924 0.0014722 0.010383 0.173496 0.603749 0.000167752 0.011973 -0.000215228 -0.00763829 -0.319515 0.00969628 0.0106719 0.0130709 -0.0101935 -0.0227039
168 0.0172754 0.86681 0.156786 0.00712007 0.00689615 0.155774 0.546937 0.000314418 0.0107651 -0.00556842 -0.00611049 -0.299369 0.0428196 0.00714546 0.0105038 -0.0433821 -0.0665324 0.180878 0.00821411 0.00795579 0.17971 0.630977 0.00036273 0.0124192 -0.00642403 -0.0070494 -0.345369 0.0493991 0.00824341 0.0121178 -0.050048 -0.0767555
168.5 0.0109315 0.864037 0.156195 0.00986011 0.00535547 0.154894 0.554044 0.000418968 0.0107735 -0.00813168 -0.00566289 -0.313643 0.0615091 0.00558421 0.00984338 -0.0621921 -0.0899017 0.180773 0.0114117 0.00619819 0.179268 0.641227 0.000484896 0.0124688 -0.00941126 -0.00655399 -0.362997 0.0711881 0.00646292 0.0113923 -0.0719785 -0.104048
169 0.0104622 0.864926 0.153973 0.0123922 0.00355205 0.152413 0.561025 0.000533168 0.0107032 -0.0105227 -0.00514062 -0.331375 0.0803684 0.00375206 0.00909453 -0.0812045 -0.112487 0.178019 0.0143275 0.00410677 0.176215 0.64864 0.000616431 0.0123747 -0.012166 -0.00594342 -0.383125 0.0929195 0.00433801 0.0105148 -0.0938861 -0.130054
169.5 0.00999215 0.870514 0.150212 0.0146533 0.00151072 0.148426 0.568327 0.000652391 0.0105523 -0.0126805 -0.00456292 -0.352543 0.09871 0.00167674 0.0082778 -0.099724 -0.133641 0.172556 0.016833 0.00173544 0.170504 0.652864 0.000749432 0.012122 -0.0145667 -0.00524165 -0.404982 0.113393 0.00192615 0.0095091 -0.114558 -0.15352
170 0.0095213 0.881754 0.145029 0.0165883 -0.000737579 0.143058 0.576404 0.000771323 0.0103203 -0.0145506 -0.00395016 -0.377039 0.115846 -0.000608109 0.00741542 -0.117053 -0.152733 0.164478 0.0188128 -0.000836491 0.162242 0.653702 0.00087476 0.0117043 -0.0165019 -0.00447989 -0.427601 0.131382 -0.000689659 0.00840985 -0.13275 -0.173215
170.5 0.00904972 0.899466 0.138568 0.0181514 -0.00315708 0.136454 0.585691 0.000884315 0.0100081 -0.016087 -0.00332295 -0.404673 0.131121 -0.00306436 0.00653035 -0.132523 -0.169176 0.154056 0.0201802 -0.00350995 0.151705 0.651155 0.000983156 0.0111267 -0.017885 -0.00369436 -0.449904 0.145776 -0.00340687 0.00726025 -0.147336 -0.188086
171 0.00857745 0.924285 0.130992 0.0193082 -0.00570857 0.128781 0.596581 0.000985736 0.00961798 -0.0172538 -0.00270141 -0.435175 0.143938 -0.00565084 0.00564537 -0.145529 -0.182461 0.141723 0.0208899 -0.0061762 0.139331 0.645451 0.00106648 0.0104059 -0.0186672 -0.0029227 -0.470823 0.155729 -0.00611374 0.00610783 -0.15745 -0.197407
171.5 0.00810453 0.956625 0.122482 0.0200367 -0.00835084 0.12022 0.609398 0.00107034 0.00915404 -0.0180266 -0.00210428 -0.468203 0.153793 -0.00832479 0.00478221 -0.155552 -0.192171 0.128036 0.0209452 -0.00872948 0.125671 0.637029 0.00111887 0.0095691 -0.018844 -0.00219969 -0.489432 0.160766 -0.00870225 0.00499905 -0.162604 -0.200885
172 0.00763099 0.996639 0.113227 0.0203281 -0.0110421 0.110961 0.624377 0.00113357 0.00862195 -0.0183936 -0.00154827 -0.50335 0.160296 -0.0110433 0.00396063 -0.162191 -0.198015 0.113609 0.0203967 -0.0110793 0.111335 0.626483 0.0011374 0.00865103 -0.0184556 -0.00155349 -0.505047 0.160836 -0.0110805 0.00397399 -0.162738 -0.198683
172.5 0.00715688 1.0442 0.103422 0.0201874 -0.0137411 0.101196 0.641647 0.00117189 0.00802905 -0.0183559 -0.00104734 -0.540155 0.16319 -0.0137645 0.00319769 -0.165182 -0.199834 0.0990449 0.0193329 -0.0131595 0.0969131 0.614489 0.00112229 0.00768922 -0.0175789 -0.00100301 -0.517292 0.156283 -0.0131819 0.00306235 -0.158191 -0.191376
173 0.00668221 1.09887 0.0932636 0.0196331 -0.0164086 0.0911197 0.661213 0.00118295 0.00738429 -0.0179278 -0.000612272 -0.578111 0.162372 -0.0164489 0.00250717 -0.164413 -0.19762 0.0848725 0.0178667 -0.0149323 0.0829215 0.601723 0.00107652 0.00671991 -0.0163148 -0.000557185 -0.526097 0.147763 -0.0149689 0.0022816 -0.149621 -0.17984
173.5 0.00620704 1.15992 0.0829436 0.0186972 -0.0190081 0.0809197 0.682957 0.00116577 0.00669812 -0.0171364 -0.000250279 -0.616681 0.157891 -0.0190598 0.00189908 -0.159932 -0.191516 0.0715079 0.0161194 -0.0163874 0.0697631 0.588795 0.00100504 0.00577463 -0.0147738 -0.000215772 -0.531657 0.136122 -0.016432 0.00163725 -0.137881 -0.165111
174 0.0057314 1.22634 0.0726476 0.0174236 -0.0215066 0.0707762 0.706627 0.00112082 0.00598238 -0.0160211 3.51487e-05 -0.655306 0.149959 -0.0215648 0.00137944 -0.151946 -0.181819 0.0592392 0.0142078 -0.0175372 0.0577132 0.576207 0.000913957 0.00487823 -0.0130642 2.86614e-05 -0.534357 0.122281 -0.0175846 0.00112484 -0.123901 -0.148261
174.5 0.00525531 1.29685 0.0625505 0.0158673 -0.0238752 0.0608581 0.731851 0.00105002 0.00525002 -0.0146318 0.000244232 -0.693417 0.138936 -0.0239354 0.000950242 -0.140818 -0.168965 0.0482328 0.0122353 -0.0184102 0.0469277 0.564331 0.000809672 0.0040483 -0.0112826 0.000188328 -0.534695 0.107133 -0.0184566 0.000732732 -0.108585 -0.130289
175 0.00477883 1.36992 0.0528144 0.0140921 -0.0260893 0.0513206 0.758141 0.000956625 0.00451488 -0.0130274 0.000380707 -0.730451 0.125319 -0.0261478 0.000609594 -0.127051 -0.153521 0.0385529 0.0102868 -0.0190444 0.0374625 0.55342 0.000698307 0.00329572 -0.00950961 0.000277904 -0.533207 0.0914792 -0.0190871 0.000444985 -0.0927437 -0.112066
175.5 0.00430199 1.44387 0.0435868 0.0121687 -0.0281288 0.042304 0.784917 0.000845096 0.00379137 -0.0112741 0.000451455 -0.765856 0.109724 -0.0281826 0.000352085 -0.111268 -0.136157 0.0301875 0.00842785 -0.0194815 0.0292991 0.543621 0.0005853 0.00262584 -0.00780824 0.000312671 -0.53042 0.0759929 -0.0195188 0.000243849 -0.0770622 -0.0943004
176 0.00382481 1.51687 0.0349997 0.0101724 -0.0299777 0.0339325 0.811524 0.000720867 0.00309414 -0.00944254 0.000465985 -0.799105 0.0928536 -0.0300247 0.000169315 -0.0941806 -0.117624 0.0230737 0.00670618 -0.0197629 0.0223701 0.535 0.000475234 0.00203982 -0.00622502 0.000307202 -0.526812 0.061214 -0.0197939 0.000111622 -0.0620889 -0.0775443
176.5 0.00334735 1.58704 0.0271687 0.00818016 -0.0316243 0.0263141 0.83726 0.000590064 0.00243768 -0.00760576 0.000435781 -0.829702 0.0754717 -0.0316631 5.05682e-05 -0.076565 -0.0987219 0.0171192 0.00515437 -0.0199266 0.0165807 0.527563 0.000371803 0.001536 -0.00479244 0.000274588 -0.5228 0.0475552 -0.0199511 3.18633e-05 -0.048244 -0.0622053
177 0.00286963 1.65249 0.0201935 0.00626823 -0.0330599 0.0195409 0.861409 0.000459193 0.00183598 -0.00583625 0.000373569 -0.857194 0.0583659 -0.03309 -1.64064e-05 -0.0592211 -0.0802647 0.01222 0.0037932 -0.0200061 0.0118251 0.521279 0.000277879 0.00111104 -0.00353179 0.000226065 -0.518729 0.0353199 -0.0200243 -9.9283e-06 -0.0358375 -0.048572
177.5 0.00239169 1.71143 0.0141578 0.00450927 -0.0342789 0.0136898 0.883264 0.0003348 0.00130211 -0.00420339 0.000292528 -0.881175 0.0423128 -0.0343004 -4.45498e-05 -0.0429387 -0.0630487 0.00827249 0.0026348 -0.0200294 0.00799904 0.516098 0.000195626 0.000760832 -0.00245608 0.000170927 -0.514878 0.0247237 -0.020042 -2.60308e-05 -0.0250895 -0.0368399
178 0.00191357 1.76218 0.00913035 0.00296981 -0.035278 0.00882289 0.902167 0.000223135 0.000847843 -0.00277097 0.000205486 -0.901293 0.0280427 -0.0352917 -4.66339e-05 -0.0284608 -0.0478169 0.00518129 0.00168531 -0.0200196 0.00500681 0.511962 0.000126625 0.000481134 -0.00157247 0.000116609 -0.511466 0.0159137 -0.0200273 -2.64638e-05 -0.0161509 -0.0271352
178.5 0.00143531 1.80328 0.00516579 0.00170794 -0.0360556 0.0049893 0.917533 0.000129827 0.000483358 -0.00159474 0.000124158 -0.917252 0.0162059 -0.0360626 -3.44333e-05 -0.0164489 -0.0352274 0.00286466 0.00094713 -0.0199944 0.00276679 0.508813 7.19946e-05 0.000268043 -0.000884355 6.88514e-05 -0.508657 0.00898689 -0.0199983 -1.90948e-05 -0.00912167 -0.0195352
179 0.000956932 1.83354 0.00230533 0.000771139 -0.036611 0.00222575 0.928876 5.95859e-05 0.000216897 -0.000720398 5.84543e-05 -0.928819 0.00734232 -0.036613 -1.79739e-05 -0.00745291 -0.0258244 0.00125731 0.000420574 -0.0199674 0.00121391 0.506602 3.24977e-05 0.000118294 -0.0003929 3.18806e-05 -0.506571 0.00400445 -0.0199685 -9.80283e-06 -0.00406476 -0.0140845
179.5 0.000478484 1.85206 0.000577734 0.000194611 -0.0369441 0.000557667 0.935831 1.59665e-05 5.45377e-05 -0.000181861 1.58954e-05 -0.935828 0.0018568 -0.036943 -4.90075e-06 -0.00188484 -0.0200148 0.000311941 0.000105078 -0.0199475 0.000301106 0.505291 8.62095e-06 2.9447e-05 -9.81937e-05 8.58252e-06 -0.505289 0.00100256 -0.019947 -2.6461e-06 -0.0010177 -0.0108067
180 5.98114e-05 1.8583 4.88658e-17 -1.46092e-18 -0.0370551 -2.81991e-17 0.938175 1.17705e-06 -5.39786e-17 2.0138e-17 1.17705e-06 -0.938175 -2.47431e-17 -0.037053 -3.44372e-17 -2.62217e-17 -0.0180498 2.62959e-17 -7.8616e-19 -0.0199403 -1.51747e-17 0.504857 6.33399e-07 -2.90473e-17 1.08368e-17 6.33399e-07 -0.504857 -1.33149e-17 -0.0199392 -1.85316e-17 -1.41106e-17 -0.00971309
