theta 2pi*dcos S11 S12 S13 S14 S21 S22 S23 S24 S31 S32 S33 S34 S41 S42 S43 S44 S12_norm S13_norm S14_norm S21_norm S22_norm S23_norm S24_norm S31_norm S32_norm S33_norm S34_norm S41_norm S42_norm S43_norm S44_norm
0 2.39246e-06 17227.5 1.45067e-13 2.53575e-15 9.46125 1.45272e-13 17226.2 1.76039 -1.84209e-15 2.16028e-15 -1.76039 17226.2 9.3128e-16 9.46127 1.68155e-15 -9.13274e-16 17225.4 8.42063e-18 1.47192e-19 0.000549193 8.43255e-18 0.999925 0.000102185 -1.06927e-19 1.25397e-19 -0.000102185 0.999925 5.40576e-20 0.000549194 9.7608e-20 -5.30124e-20 0.999878
0.1 1.91397e-05 17205.8 0.00452104 -0.0011014 9.44462 0.00455565 17204.5 1.75648 0.00350031 -0.000820902 -1.75648 17204.5 0.433525 9.44466 -0.00351508 -0.433544 17203.7 2.62763e-07 -6.40133e-08 0.000548922 2.64775e-07 0.999925 0.000102087 2.03438e-07 -4.77109e-08 -0.000102087 0.999925 2.51965e-05 0.000548924 -2.04297e-07 -2.51976e-05 0.999878
0.2 3.82793e-05 17140.6 0.01791 -0.00439512 9.39486 0.018048 17139.3 1.74481 0.0139536 -0.00327796 -1.74481 17139.3 1.72858 9.39499 -0.0140126 -1.72866 17138.5 1.04489e-06 -2.56416e-07 0.000548106 1.05294e-06 0.999925 0.000101794 8.14066e-07 -1.9124e-07 -0.000101794 0.999925 0.000100847 0.000548114 -8.17508e-07 -0.000100852 0.999877
0.3 5.74188e-05 17032.4 0.0396474 -0.00984987 9.31238 0.0399564 17031.1 1.72548 0.0312174 -0.00735429 -1.72548 17031.1 3.86868 9.31265 -0.0313498 -3.86886 17030.3 2.32776e-06 -5.78301e-07 0.000546745 2.34591e-06 0.999924 0.000101305 1.83282e-06 -4.31782e-07 -0.000101306 0.999924 0.000227137 0.000546761 -1.8406e-06 -0.000227147 0.999877
0.4 7.65581e-05 16882 0.0688786 -0.0174139 9.19786 0.069424 16880.7 1.69867 0.0550567 -0.0130219 -1.69869 16880.7 6.82663 9.19832 -0.0552914 -6.82693 16879.9 4.08e-06 -1.03151e-06 0.000544833 4.11231e-06 0.999924 0.00010062 3.26127e-06 -7.71347e-07 -0.000100622 0.999924 0.000404373 0.00054486 -3.27517e-06 -0.000404391 0.999876
0.5 9.56972e-05 16690.3 0.104429 -0.0270156 9.05223 0.105274 16689 1.66465 0.085147 -0.0202417 -1.66471 16689 10.5649 9.05292 -0.0855121 -10.5653 16688.2 6.25686e-06 -1.61864e-06 0.000542365 6.30747e-06 0.999923 9.97378e-05 5.10159e-06 -1.21278e-06 -9.9741e-05 0.999923 0.000632993 0.000542406 -5.12346e-06 -0.000633021 0.999875
0.6 0.000114836 16458.6 0.144826 -0.0385642 8.87666 0.146029 16457.3 1.62375 0.121079 -0.0289642 -1.62386 16457.3 15.036 8.87764 -0.121602 -15.0366 16456.5 8.79944e-06 -2.34311e-06 0.000539333 8.87252e-06 0.999922 9.86566e-05 7.35656e-06 -1.75982e-06 -9.86633e-05 0.999922 0.000913563 0.000539392 -7.38833e-06 -0.000913603 0.999873
0.7 0.000133974 16188.4 0.188329 -0.0519513 8.67258 0.189945 16187.1 1.57635 0.162363 -0.0391295 -1.57655 16187.1 20.1834 8.67386 -0.16307 -20.1843 16186.3 1.16336e-05 -3.20916e-06 0.000535728 1.17334e-05 0.999921 9.7375e-05 1.00296e-05 -2.41713e-06 -9.73874e-05 0.99992 0.00124678 0.000535807 -1.00732e-05 -0.00124684 0.999871
0.8 0.000153112 15881.5 0.232956 -0.0670512 8.44163 0.235035 15880.2 1.52289 0.208438 -0.0506675 -1.52323 15880.2 25.9423 8.44324 -0.209354 -25.9434 15879.4 1.46684e-05 -4.22198e-06 0.000531539 1.47993e-05 0.99992 9.58912e-05 1.31246e-05 -3.19035e-06 -9.59125e-05 0.999918 0.0016335 0.000531641 -1.31823e-05 -0.00163357 0.999868
0.9 0.00017225 15539.8 0.276527 -0.0837233 8.18563 0.279114 15538.5 1.46389 0.258677 -0.0634989 -1.46442 15538.5 32.2403 8.18759 -0.259826 -32.2416 15537.7 1.77948e-05 -5.38768e-06 0.000526754 1.79613e-05 0.999918 9.4203e-05 1.66461e-05 -4.08622e-06 -9.42372e-05 0.999916 0.00207469 0.00052688 -1.67201e-05 -0.00207478 0.999866
1 0.000191387 15165.5 0.316701 -0.101813 7.90661 0.319835 15164.2 1.39989 0.312398 -0.0775355 -1.40069 15164.2 38.9983 7.90893 -0.313801 -39 15163.4 2.0883e-05 -6.71346e-06 0.000521355 2.10897e-05 0.999917 9.23077e-05 2.05993e-05 -5.11263e-06 -9.23602e-05 0.999913 0.00257152 0.000521509 -2.06918e-05 -0.00257163 0.999862
1.1 0.000210523 14761 0.351023 -0.121153 7.60674 0.354737 14759.7 1.33148 0.36887 -0.0926804 -1.33262 14759.7 46.1323 7.60943 -0.370547 -46.1342 14758.9 2.37805e-05 -8.20767e-06 0.000515328 2.4032e-05 0.999915 9.02023e-05 2.49895e-05 -6.27874e-06 -9.02799e-05 0.99991 0.00312529 0.00051551 -2.51032e-05 -0.00312541 0.999857
1.2 0.000229659 14328.8 0.376968 -0.141567 7.28836 0.381287 14327.6 1.25927 0.427327 -0.108829 -1.26085 14327.4 53.5537 7.2914 -0.429295 -53.5558 14326.7 2.63084e-05 -9.8799e-06 0.000508651 2.66098e-05 0.999912 8.78837e-05 2.9823e-05 -7.59513e-06 -8.79943e-05 0.999905 0.00373748 0.000508863 -2.99603e-05 -0.00373763 0.999852
1.3 0.000248794 13871.6 0.391989 -0.162869 6.95387 0.396932 13870.4 1.18391 0.486975 -0.12587 -1.18605 13870.2 61.1708 6.95726 -0.489248 -61.1732 13869.5 2.82583e-05 -1.17412e-05 0.000501302 2.86147e-05 0.99991 8.53478e-05 3.51059e-05 -9.07393e-06 -8.55017e-05 0.9999 0.00440979 0.000501547 -3.52697e-05 -0.00440996 0.999846
1.4 0.000267929 13392.2 0.393565 -0.184866 6.6058 0.399147 13390.9 1.10607 0.547003 -0.143684 -1.10887 13390.7 68.8905 6.60951 -0.549593 -68.8931 13390 2.93877e-05 -1.38041e-05 0.000493258 2.98045e-05 0.999907 8.25907e-05 4.0845e-05 -1.0729e-05 -8.27996e-05 0.999894 0.00514409 0.000493536 -4.10384e-05 -0.00514428 0.999838
1.5 0.000287062 12893.4 0.379255 -0.207362 6.24671 0.385481 12892.1 1.02641 0.606597 -0.162148 -1.03 12891.9 76.6186 6.25072 -0.609512 -76.6215 12891.2 2.94148e-05 -1.60828e-05 0.00048449 2.98976e-05 0.999904 7.96076e-05 4.70473e-05 -1.25761e-05 -7.98858e-05 0.999886 0.00594248 0.000484802 -4.72733e-05 -0.00594271 0.999829
1.6 0.000306195 12378.1 0.346738 -0.230155 5.87921 0.353606 12376.9 0.945605 0.664948 -0.181133 -0.950113 12376.6 84.262 5.8835 -0.668191 -84.2651 12375.9 2.80121e-05 -1.85937e-05 0.000474968 2.8567e-05 0.999901 7.63932e-05 5.37196e-05 -1.46333e-05 -7.67574e-05 0.999877 0.00680733 0.000475314 -5.39816e-05 -0.00680758 0.999818
1.7 0.000325327 11849.4 0.293861 -0.253045 5.50592 0.301366 11848.2 0.864321 0.721263 -0.200503 -0.869887 11847.9 91.7293 5.51046 -0.724834 -91.7326 11847.1 2.47995e-05 -2.1355e-05 0.000464657 2.54329e-05 0.999897 7.29419e-05 6.0869e-05 -1.69209e-05 -7.34117e-05 0.999867 0.00774124 0.00046504 -6.11704e-05 -0.00774152 0.999806
1.8 0.000344457 11310.3 0.218685 -0.275831 5.12943 0.226812 11309.1 0.783206 0.774776 -0.220122 -0.78997 11308.6 98.9322 5.13418 -0.778672 -98.9356 11307.9 1.9335e-05 -2.43877e-05 0.00045352 2.00537e-05 0.999893 6.92473e-05 6.8502e-05 -1.94621e-05 -6.98454e-05 0.999854 0.00874711 0.000453939 -6.88464e-05 -0.00874742 0.999791
1.9 0.000363587 10763.6 0.119521 -0.298316 4.75228 0.128252 10762.4 0.702889 0.824759 -0.239848 -0.71099 10761.9 105.786 4.75722 -0.82897 -105.79 10761.2 1.11041e-05 -2.77152e-05 0.000441514 1.19153e-05 0.999888 6.53025e-05 7.66248e-05 -2.22832e-05 -6.6055e-05 0.999839 0.00982817 0.000441973 -7.70161e-05 -0.0098285 0.999774
2 0.000382716 10212.4 -0.00503349 -0.320303 4.37696 0.00427658 10211.2 0.623971 0.870528 -0.259538 -0.633544 10210.5 112.213 4.38206 -0.875041 -112.217 10209.8 -4.92883e-07 -3.13643e-05 0.000428595 4.18765e-07 0.999883 6.10996e-05 8.52426e-05 -2.54142e-05 -6.2037e-05 0.999821 0.010988 0.000429093 -8.56846e-05 -0.0109884 0.999754
2.1 0.000401843 9659.42 -0.156062 -0.341606 4.00585 -0.146203 9658.24 0.547015 0.911456 -0.279048 -0.558192 9657.5 118.14 4.01109 -0.916254 -118.144 9656.81 -1.61565e-05 -3.53651e-05 0.00041471 -1.51358e-05 0.999878 5.66302e-05 9.43593e-05 -2.88887e-05 -5.77873e-05 0.999801 0.0122305 0.000415251 -9.4856e-05 -0.0122309 0.99973
2.2 0.000420969 9107.57 -0.334307 -0.362041 3.64123 -0.323934 9106.4 0.472548 0.946978 -0.298232 -0.485448 9105.54 123.5 3.64659 -0.952038 -123.504 9104.87 -3.67065e-05 -3.97517e-05 0.000399803 -3.55675e-05 0.999871 5.18851e-05 0.000103977 -3.27454e-05 -5.33016e-05 0.999777 0.0135602 0.000400391 -0.000104533 -0.0135606 0.999703
2.3 0.000440094 8559.5 -0.540146 -0.381435 3.28524 -0.529297 8558.34 0.401048 0.976601 -0.316942 -0.415781 8557.35 128.237 3.29072 -0.981895 -128.241 8556.69 -6.31048e-05 -4.45628e-05 0.000383812 -6.18374e-05 0.999864 4.68541e-05 0.000114096 -3.70281e-05 -4.85753e-05 0.999749 0.0149818 0.000384452 -0.000114714 -0.0149822 0.999671
2.4 0.000459218 8017.77 -0.773581 -0.399623 2.93987 -0.762299 8016.61 0.332945 0.999905 -0.335034 -0.349604 8015.49 132.299 2.94547 -1.0054 -132.303 8014.84 -9.64833e-05 -4.98422e-05 0.000366669 -9.50763e-05 0.999856 4.15259e-05 0.000124711 -4.17864e-05 -4.36037e-05 0.999716 0.0165008 0.000367367 -0.000125397 -0.0165013 0.999635
2.5 0.00047834 7484.79 -1.03423 -0.416449 2.60694 -1.02256 7483.64 0.268617 1.01655 -0.352363 -0.287277 7482.38 135.648 2.61267 -1.02221 -135.652 7481.73 -0.000138177 -5.56395e-05 0.000348298 -0.000136618 0.999847 3.58884e-05 0.000135816 -4.70773e-05 -3.83814e-05 0.999678 0.0181231 0.000349064 -0.000136572 -0.0181237 0.999592
2.6 0.000497461 6962.82 -1.32132 -0.431771 2.2881 -1.30931 6961.68 0.208385 1.02629 -0.368788 -0.229099 6960.27 138.25 2.29399 -1.03208 -138.254 6959.64 -0.000189767 -6.2011e-05 0.000328617 -0.000188043 0.999837 2.99283e-05 0.000147395 -5.29653e-05 -3.29033e-05 0.999634 0.0198555 0.000329463 -0.000148227 -0.019856 0.999543
2.7 0.00051658 6453.96 -1.6337 -0.445456 1.98481 -1.6214 6452.83 0.152514 1.02894 -0.384168 -0.175313 6451.26 140.084 1.9909 -1.03482 -140.088 6450.64 -0.000253131 -6.90206e-05 0.000307534 -0.000251226 0.999825 2.36311e-05 0.000159428 -5.95243e-05 -2.71636e-05 0.999582 0.0217052 0.000308477 -0.000160338 -0.0217058 0.999486
2.8 0.000535698 5960.11 -1.96984 -0.457384 1.69832 -1.95731 5958.99 0.10121 1.02445 -0.398368 -0.126097 5957.26 141.138 1.70466 -1.03035 -141.142 5956.65 -0.000330504 -7.67409e-05 0.000284948 -0.000328402 0.999812 1.69812e-05 0.000171884 -6.6839e-05 -2.11568e-05 0.999522 0.0236804 0.000286011 -0.000172875 -0.0236811 0.99942
2.9 0.000554814 5482.99 -2.32788 -0.467449 1.42969 -2.31517 5481.88 0.0546201 1.0128 -0.411258 -0.081572 5479.99 141.407 1.43633 -1.0187 -141.411 5479.39 -0.000424564 -8.52544e-05 0.000260751 -0.000422245 0.999797 9.96173e-06 0.000184717 -7.50061e-05 -1.48773e-05 0.999453 0.0257902 0.000261962 -0.000185792 -0.0257909 0.999343
3 0.000573928 5024.11 -2.7056 -0.475556 1.17977 -2.69276 5023.01 0.0128348 0.99411 -0.422711 -0.0417983 5020.96 140.899 1.18679 -0.99994 -140.903 5020.37 -0.000538523 -9.46548e-05 0.000234822 -0.000535967 0.99978 2.55465e-06 0.000197868 -8.41366e-05 -8.31954e-06 0.999372 0.0280446 0.000236219 -0.000199028 -0.0280454 0.999254
3.1 0.00059304 4584.79 -3.1005 -0.481626 0.949196 -3.08758 4583.7 -0.0241119 0.96855 -0.432611 -0.00677917 4581.48 139.629 0.956677 -0.974264 -139.633 4580.9 -0.000676257 -0.000105049 0.000207032 -0.00067344 0.999761 -5.25911e-06 0.000211253 -9.43578e-05 -1.47862e-06 0.999279 0.0304547 0.000208663 -0.000212499 -0.0304556 0.999151
3.2 0.000612151 4166.13 -3.50978 -0.485592 0.738404 -3.49685 4165.05 -0.0562403 0.936389 -0.440845 0.0235366 4162.68 137.619 0.746438 -0.941933 -137.623 4162.1 -0.000842456 -0.000116557 0.00017724 -0.000839351 0.999739 -1.34994e-05 0.000224762 -0.000105816 5.64951e-06 0.99917 0.0330328 0.000179168 -0.000226093 -0.0330337 0.999032
3.3 0.00063126 3769.04 -3.93045 -0.487403 0.547628 -3.91755 3767.96 -0.0836217 0.897967 -0.447311 0.0492518 3765.43 134.902 0.556314 -0.90329 -134.906 3764.87 -0.00104282 -0.000129318 0.000145296 -0.0010394 0.999714 -2.21865e-05 0.000238248 -0.00011868 1.30675e-05 0.999043 0.0357921 0.000147601 -0.000239661 -0.0357932 0.998893
3.4 0.000650367 3394.2 -4.35928 -0.48702 0.376906 -4.34647 3393.13 -0.106375 0.853698 -0.451916 0.0705165 3390.45 131.517 0.38635 -0.858748 -131.521 3389.89 -0.00128433 -0.000143486 0.000111044 -0.00128056 0.999684 -3.13403e-05 0.000251517 -0.000133144 2.07756e-05 0.998895 0.0387474 0.000113826 -0.000253005 -0.0387486 0.998731
3.5 0.000669472 3042.11 -4.79292 -0.48442 0.226093 -4.78026 3041.05 -0.124664 0.804061 -0.454578 0.0875237 3038.23 127.509 0.2364 -0.80879 -127.513 3037.68 -0.00157552 -0.000159238 7.43209e-05 -0.00157136 0.99965 -4.09794e-05 0.00026431 -0.000149428 2.87707e-05 0.998723 0.0419146 7.77092e-05 -0.000265865 -0.0419159 0.998542
3.6 0.000688575 2713.07 -5.22791 -0.479594 0.0948621 -5.21545 2712.01 -0.13869 0.749595 -0.455227 0.100505 2709.06 122.93 0.106141 -0.753957 -122.934 2708.52 -0.00192693 -0.000176771 3.49648e-05 -0.00192234 0.99961 -5.11193e-05 0.00027629 -0.00016779 3.70446e-05 0.99852 0.0453103 3.91221e-05 -0.000277898 -0.0453119 0.99832
3.7 0.000707676 2407.19 -5.66073 -0.472547 -0.0172731 -5.64853 2406.14 -0.148691 0.690888 -0.453807 0.109723 2403.06 117.837 -0.00491797 -0.694841 -117.842 2402.52 -0.00235159 -0.000196306 -7.17564e-06 -0.00234652 0.999563 -6.17696e-05 0.00028701 -0.000188521 4.55814e-05 0.998283 0.0489522 -2.04303e-06 -0.000288652 -0.0489541 0.99806
3.8 0.000726775 2124.4 -6.08785 -0.4633 -0.110953 -6.07595 2123.35 -0.154934 0.628573 -0.450272 0.11547 2120.16 112.291 -0.0974226 -0.632078 -112.296 2119.63 -0.00286568 -0.000218085 -5.22278e-05 -0.00286008 0.999507 -7.29307e-05 0.000295883 -0.000211953 5.43544e-05 0.998004 0.0528578 -4.58589e-05 -0.000297533 -0.0528601 0.997755
3.9 0.000745871 1864.45 -6.50577 -0.451888 -0.186952 -6.49422 1863.41 -0.157709 0.563315 -0.444596 0.118059 1860.12 106.356 -0.172158 -0.566341 -106.361 1859.59 -0.00348937 -0.00024237 -0.000100272 -0.00348318 0.999441 -8.45873e-05 0.000302134 -0.000238459 6.33209e-05 0.997674 0.0570438 -9.23368e-05 -0.000303757 -0.0570466 0.997393
4 0.000764965 1626.96 -6.91108 -0.438359 -0.246168 -6.89994 1625.93 -0.157328 0.495807 -0.436766 0.117818 1622.54 100.097 -0.230032 -0.498325 -100.102 1622.03 -0.00424784 -0.000269434 -0.000151305 -0.004241 0.999363 -9.67002e-05 0.000304744 -0.000268455 7.24156e-05 0.997285 0.0615239 -0.000141388 -0.000306291 -0.0615272 0.996966
4.1 0.000784057 1411.38 -7.30051 -0.422779 -0.289601 -7.28982 1410.35 -0.154114 0.426755 -0.426785 0.115085 1406.9 93.5832 -0.272063 -0.428744 -93.5891 1406.39 -0.00517259 -0.000299549 -0.000205189 -0.00516501 0.999268 -0.000109193 0.000302366 -0.000302388 8.15405e-05 0.996822 0.066306 -0.000192763 -0.000303775 -0.0663101 0.996458
4.2 0.000803147 1217.05 -7.67094 -0.405226 -0.31834 -7.66074 1216.02 -0.1484 0.356873 -0.414677 0.110205 1212.51 86.8823 -0.299357 -0.358318 -86.8887 1212 -0.0063029 -0.000332958 -0.000261567 -0.00629453 0.999155 -0.000121935 0.000293228 -0.000340723 9.05507e-05 0.996271 0.0713877 -0.00024597 -0.000294416 -0.0713929 0.995853
4.3 0.000822234 1043.17 -8.01946 -0.385792 -0.333544 -8.00982 1042.14 -0.140524 0.286872 -0.400481 0.103519 1038.59 80.062 -0.313097 -0.287766 -80.0689 1038.09 -0.00768762 -0.000369828 -0.000319742 -0.00767837 0.999017 -0.000134709 0.000275001 -0.000383909 9.92354e-05 0.995614 0.076749 -0.000300141 -0.000275858 -0.0767556 0.99513
4.4 0.000841318 888.847 -8.34343 -0.364586 -0.336427 -8.33437 887.825 -0.13082 0.217454 -0.384256 0.0953653 884.252 73.1886 -0.314519 -0.217795 -73.1961 883.75 -0.0093868 -0.000410179 -0.000378498 -0.00937661 0.998849 -0.00014718 0.000244647 -0.000432308 0.000107291 0.99483 0.082341 -0.00035385 -0.00024503 -0.0823494 0.994265
4.5 0.0008604 753.116 -8.64046 -0.341729 -0.328238 -8.63203 752.095 -0.119618 0.149299 -0.36608 0.0860699 748.516 66.3265 -0.3049 -0.149092 -66.3346 748.017 -0.0114729 -0.000453754 -0.00043584 -0.0114618 0.998645 -0.000158831 0.000198241 -0.000486087 0.000114285 0.993892 0.0880694 -0.000404852 -0.000197966 -0.0880802 0.993229
4.6 0.00087948 634.922 -8.90848 -0.317356 -0.310247 -8.90072 633.904 -0.107238 0.0830592 -0.34605 0.0759445 630.334 59.537 -0.28554 -0.0823162 -59.5458 629.838 -0.0140308 -0.000499835 -0.000488638 -0.0140186 0.998396 -0.000168899 0.000130818 -0.000545027 0.000119612 0.992774 0.0937706 -0.000449724 -0.000129648 -0.0937845 0.991992
4.7 0.000898556 533.16 -9.14573 -0.291616 -0.283728 -9.13869 532.143 -0.093985 0.0193526 -0.324283 0.0652826 528.601 52.8782 -0.257743 -0.0180918 -52.8877 528.106 -0.0171538 -0.000546957 -0.000532163 -0.0171406 0.998092 -0.000176279 3.62979e-05 -0.000608227 0.000122445 0.991448 0.0991788 -0.000483425 -3.39332e-05 -0.0991966 0.99052
4.8 0.00091763 446.682 -9.35082 -0.264669 -0.249946 -9.34453 445.666 -0.0801482 -0.0412462 -0.300913 0.0543558 442.166 46.4037 -0.222805 0.043001 -46.414 441.673 -0.0209339 -0.000592522 -0.000559561 -0.0209199 0.997725 -0.00017943 -9.2339e-05 -0.000673662 0.000121688 0.98989 0.103885 -0.0004988 9.62676e-05 -0.103908 0.988786
4.9 0.000936701 374.31 -9.52268 -0.236689 -0.21014 -9.51718 373.294 -0.0659965 -0.0982111 -0.276093 0.0434112 369.853 40.1628 -0.181998 0.100431 -40.1739 369.361 -0.0254406 -0.000632333 -0.000561405 -0.0254259 0.997287 -0.000176315 -0.000262379 -0.000737607 0.000115977 0.988094 0.107298 -0.000486222 0.00026831 -0.107328 0.986779
5 0.00095577 314.852 -9.66064 -0.20786 -0.165511 -9.65596 313.837 -0.0517766 -0.15107 -0.249995 0.0326698 310.469 34.1995 -0.136555 0.153722 -34.2114 309.978 -0.0306831 -0.000660181 -0.000525678 -0.0306682 0.996776 -0.000164447 -0.000479812 -0.000794008 0.000103762 0.986079 0.108621 -0.000433712 0.000488234 -0.108658 0.984519
5.1 0.000974835 267.117 -9.76436 -0.178376 -0.117214 -9.76053 266.102 -0.0377113 -0.19941 -0.222805 0.0223241 262.821 28.5526 -0.0876624 0.202456 -28.5652 262.33 -0.0365547 -0.000667784 -0.000438812 -0.0365403 0.9962 -0.000141179 -0.000746526 -0.000834111 8.35744e-05 0.983918 0.106892 -0.00032818 0.000757931 -0.106939 0.98208
5.2 0.000993897 229.92 -9.83388 -0.148442 -0.0663423 -9.83093 228.904 -0.0239978 -0.242879 -0.194725 0.012538 225.724 23.255 -0.0364428 0.246281 -23.2685 225.233 -0.0427709 -0.000645626 -0.000288545 -0.042758 0.995583 -0.000104375 -0.00105637 -0.000846925 5.45319e-05 0.98175 0.101144 -0.000158502 0.00107116 -0.101203 0.979615
5.3 0.00101296 202.1 -9.86958 -0.118269 -0.0139215 -9.86753 201.084 -0.0108074 -0.281194 -0.16597 0.00344566 198.015 18.3342 0.0160499 0.284909 -18.3485 197.524 -0.0488351 -0.000585198 -6.88844e-05 -0.048825 0.994972 -5.34754e-05 -0.00139136 -0.000821227 1.70493e-05 0.979787 0.0907185 7.94156e-05 0.00140974 -0.0907894 0.977357
5.4 0.00103201 182.527 -9.87218 -0.0880729 0.0390981 -9.87104 181.51 0.00171514 -0.314134 -0.136767 -0.00484761 178.563 13.8116 0.0688401 0.318121 -13.8267 178.072 -0.0540861 -0.000482519 0.000214204 -0.0540798 0.994428 9.39665e-06 -0.00172102 -0.000749295 -2.65583e-05 0.978282 0.0756687 0.00037715 0.00174287 -0.0757515 0.975589
5.5 0.00105107 170.112 -9.8427 -0.0580771 0.0918482 -9.8425 169.094 0.0134512 -0.34155 -0.107351 -0.0122652 166.277 9.7028 0.121037 0.345768 -9.71868 165.785 -0.0578602 -0.000341405 0.000539929 -0.057859 0.994015 7.90729e-05 -0.0020078 -0.000631064 -7.2101e-05 0.977459 0.0570378 0.000711516 0.00203259 -0.0571311 0.974565
5.6 0.00107012 163.813 -9.78247 -0.0285058 0.143546 -9.78322 162.793 0.024308 -0.36336 -0.0779671 -0.0187579 160.115 6.01773 0.171841 0.367768 -6.03435 159.622 -0.0597174 -0.000174015 0.000876283 -0.059722 0.993777 0.000148389 -0.00221814 -0.000475953 -0.000114508 0.977426 0.0367354 0.00104901 0.00224505 -0.0368369 0.974415
5.7 0.00108916 162.644 -9.69311 0.000415497 0.193499 -9.69481 161.623 0.034217 -0.379549 -0.0488612 -0.0243021 159.088 2.7608 0.220543 0.384109 -2.77812 158.594 -0.059597 2.55464e-06 0.00118971 -0.0596075 0.993724 0.00021038 -0.00233361 -0.000300418 -0.000149419 0.978139 0.0169745 0.00135599 0.00236165 -0.017081 0.975099
5.8 0.00110821 165.681 -9.57643 0.028463 0.241105 -9.57908 164.659 0.0431334 -0.390167 -0.0202833 -0.0288982 162.271 -0.0688825 0.266533 0.394846 0.0509201 161.776 -0.0578004 0.000171794 0.00145524 -0.0578165 0.99383 0.00026034 -0.00235493 -0.000122424 -0.000174421 0.979422 -0.000415754 0.00160871 0.00238317 0.000307339 0.976431
5.9 0.00112725 172.063 -9.43448 0.0554162 0.285852 -9.43809 171.04 0.0510335 -0.395329 0.00751854 -0.032568 168.802 -2.47717 0.309294 0.400096 2.45862 168.306 -0.0548314 0.000322069 0.00166132 -0.0548524 0.99405 0.000296598 -0.00229758 4.36964e-05 -0.000189279 0.981049 -0.0143969 0.00179756 0.00232528 0.0142891 0.978162
6 0.00172656 181 -9.26948 0.0810611 0.327319 -9.27403 179.975 0.0579138 -0.395208 0.0342999 -0.0353524 177.889 -4.47451 0.348407 0.400039 4.45545 177.391 -0.0512126 0.000447851 0.00180839 -0.0512377 0.994336 0.000319965 -0.00218347 0.000189502 -0.000195317 0.982811 -0.0247211 0.0019249 0.00221016 0.0246157 0.980059
6.2 0.00236869 203.728 -8.8799 0.127612 0.399167 -8.88626 202.7 0.0686845 -0.380086 0.0838625 -0.0385064 200.913 -7.29864 0.414471 0.384993 7.27876 200.412 -0.0435869 0.000626384 0.00195931 -0.0436182 0.994953 0.000337137 -0.00186565 0.000411639 -0.000189009 0.98618 -0.0358253 0.00203443 0.00188973 0.0357278 0.983723
6.4 0.00244479 228.969 -8.42759 0.166612 0.454974 -8.43565 227.939 0.075724 -0.347216 0.126645 -0.0389604 226.436 -8.70026 0.463173 0.352178 8.67992 225.933 -0.0368067 0.00072766 0.00198705 -0.0368419 0.995498 0.000330717 -0.00151643 0.000553109 -0.000170155 0.988935 -0.0379975 0.00202286 0.0015381 0.0379086 0.986739
6.6 0.00252085 252.966 -7.93307 0.196803 0.494271 -7.94265 251.934 0.0794788 -0.299661 0.161142 -0.0374354 250.691 -8.88248 0.49425 0.304711 8.86203 250.187 -0.0313602 0.000777982 0.0019539 -0.031398 0.995918 0.000314187 -0.00118459 0.000637008 -0.000147986 0.991007 -0.0351133 0.00195381 0.00120455 0.0350324 0.989011
6.8 0.00259689 273.045 -7.41635 0.217246 0.517601 -7.42719 272.011 0.0804882 -0.24093 0.186185 -0.0346846 270.997 -8.07639 0.508533 0.246159 8.05621 270.491 -0.0271617 0.000795643 0.00189566 -0.0272014 0.996214 0.00029478 -0.000882382 0.000681885 -0.000127029 0.992499 -0.029579 0.00186245 0.000901535 0.0295051 0.990646
7 0.00267289 287.51 -6.89603 0.227376 0.526306 -6.90785 286.477 0.0793168 -0.174782 0.201018 -0.0314139 285.652 -6.52541 0.507718 0.18033 6.50588 285.145 -0.0239853 0.000790844 0.00183056 -0.0240265 0.996404 0.000275875 -0.000607916 0.000699167 -0.000109262 0.993535 -0.0226963 0.00176591 0.000627212 0.0226283 0.991774
7.2 0.00274886 295.519 -6.38854 0.227045 0.522296 -6.40101 294.486 0.0764972 -0.105018 0.20534 -0.0282181 293.809 -4.47087 0.494114 0.11106 4.45236 293.303 -0.021618 0.000768292 0.00176739 -0.0216602 0.996505 0.000258857 -0.000355367 0.000694844 -9.54866e-05 0.994213 -0.0151289 0.00167202 0.000375814 0.0150662 0.992501
7.4 0.0028248 296.929 -5.9076 0.216548 0.507828 -5.92036 295.898 0.0724881 -0.0352884 0.199336 -0.0255372 295.325 -2.13966 0.470397 0.0420223 2.1225 294.821 -0.0198957 0.000729292 0.00171027 -0.0199386 0.996528 0.000244126 -0.000118844 0.000671326 -8.60045e-05 0.994599 -0.00720598 0.00158421 0.000141523 0.00714816 0.9929
7.6 0.00290071 292.143 -5.46389 0.196618 0.485298 -5.47654 291.116 0.0676489 0.0310765 0.183675 -0.0236322 290.605 0.265618 0.439382 -0.0234503 -0.281147 290.103 -0.0187028 0.000673017 0.00166116 -0.0187461 0.996481 0.00023156 0.000106374 0.000628714 -8.08926e-05 0.994733 0.000909203 0.00150399 -8.02699e-05 -0.000962361 0.993015
7.8 0.00297657 281.957 -5.0649 0.168402 0.457062 -5.07704 280.933 0.0622293 0.0912101 0.159475 -0.0225824 280.444 2.57378 0.40381 -0.0825075 -2.58743 279.946 -0.0179634 0.000597261 0.00162103 -0.0180065 0.996368 0.000220705 0.00032349 0.000565602 -8.00919e-05 0.994637 0.00912829 0.00143217 -0.000292625 -0.0091767 0.992868
8 0.00305241 267.412 -4.71505 0.133412 0.425294 -4.7263 266.392 0.0563759 0.142817 0.128253 -0.0223016 265.892 4.64927 0.366185 -0.132888 -4.66085 265.397 -0.0176322 0.000498901 0.00159041 -0.0176743 0.996188 0.00021082 0.000534072 0.00047961 -8.33981e-05 0.994316 0.0173862 0.00136937 -0.000496943 -0.0174295 0.992467
8.2 0.0031282 249.673 -4.41595 0.0934519 0.39188 -4.42596 248.659 0.050149 0.184243 0.091837 -0.0225697 248.117 6.39371 0.328646 -0.172988 -6.40309 247.627 -0.0176869 0.000374297 0.00156957 -0.017727 0.995938 0.000200859 0.000737936 0.000367829 -9.03969e-05 0.993767 0.0256084 0.00131631 -0.00069286 -0.0256459 0.991805
8.4 0.00320396 229.92 -4.16679 0.050525 0.358352 -4.17525 228.912 0.0435503 0.214503 0.0522661 -0.0230754 228.305 7.74515 0.292882 -0.201886 -7.75225 227.82 -0.0181228 0.00021975 0.0015586 -0.0181596 0.995613 0.000189415 0.000932948 0.000227323 -0.000100362 0.992976 0.0336863 0.00127384 -0.000878072 -0.0337172 0.990867
8.6 0.00327968 209.265 -3.96482 0.00673 0.325863 -3.97148 208.262 0.0365542 0.233279 0.0116776 -0.0234656 207.575 8.67521 0.260095 -0.21933 -8.68001 207.096 -0.0189465 3.21602e-05 0.00155718 -0.0189782 0.995208 0.000174679 0.00111475 5.58031e-05 -0.000112134 0.991926 0.0414557 0.0012429 -0.0010481 -0.0414786 0.989635
8.8 0.00335535 188.69 -3.8059 -0.0358504 0.295184 -3.81057 187.693 0.0291404 0.240868 -0.0278148 -0.0233956 186.916 9.18487 0.231001 -0.225687 -9.1874 186.442 -0.0201701 -0.000189996 0.00156439 -0.0201949 0.994715 0.000154435 0.00127653 -0.00014741 -0.00012399 0.990601 0.0486771 0.00122424 -0.00119607 -0.0486905 0.988089
9 0.00343099 169.012 -3.685 -0.0752613 0.266748 -3.68758 168.02 0.0213234 0.238118 -0.0642388 -0.022575 167.152 9.29925 0.205866 -0.221869 -9.29958 166.683 -0.0218031 -0.000445301 0.00157827 -0.0218184 0.99413 0.000126165 0.00140888 -0.000380083 -0.00013357 0.988992 0.0550212 0.00121805 -0.00131274 -0.0550231 0.98622
9.2 0.00350659 150.863 -3.59672 -0.109779 0.240692 -3.59719 149.875 0.0131759 0.226327 -0.0958718 -0.0208065 148.918 9.06194 0.18457 -0.209225 -9.06018 148.455 -0.023841 -0.000727675 0.00159544 -0.0238441 0.993454 8.73369e-05 0.00150022 -0.00063549 -0.000137916 0.987108 0.0600674 0.00122343 -0.00138685 -0.0600557 0.984036
9.4 0.00358214 134.685 -3.5357 -0.138 0.216931 -3.53414 133.701 0.00484339 0.20713 -0.121332 -0.0180124 132.663 8.52928 0.166688 -0.189426 -8.52558 132.204 -0.0262517 -0.00102462 0.00161066 -0.02624 0.992697 3.59609e-05 0.00153789 -0.000900856 -0.000133737 0.984986 0.0633277 0.00123762 -0.00140644 -0.0633001 0.981581
9.6 0.00365765 120.744 -3.49697 -0.15891 0.195224 -3.49351 119.763 -0.00345148 0.18238 -0.139644 -0.0142487 118.655 7.765 0.151587 -0.164342 -7.75952 118.201 -0.0289619 -0.00131609 0.00161685 -0.0289332 0.991878 -2.85852e-05 0.00151047 -0.00115653 -0.000118008 0.982705 0.0643097 0.00125544 -0.00136108 -0.0642643 0.978942
9.8 0.00373311 109.147 -3.47613 -0.171925 0.175246 -3.47099 108.168 -0.0114146 0.15402 -0.150284 -0.00970477 107.007 6.83547 0.138518 -0.135914 -6.8284 106.556 -0.0318481 -0.00157517 0.0016056 -0.031801 0.991032 -0.000104579 0.00141113 -0.00137689 -8.89145e-05 0.98039 0.0626262 0.0012691 -0.00124524 -0.0625614 0.97626
10 0.00380853 99.8705 -3.46954 -0.17691 0.156653 -3.46298 98.8925 -0.0186956 0.123974 -0.153184 -0.00468932 97.6938 5.80574 0.12671 -0.106039 -5.79728 97.2458 -0.0347404 -0.0017714 0.00156856 -0.0346747 0.990208 -0.000187198 0.00124135 -0.00153383 -4.6954e-05 0.978205 0.0581327 0.00126875 -0.00106177 -0.058048 0.97372
10.2 0.0038839 92.784 -3.47428 -0.174164 0.139132 -3.46662 91.8059 -0.0249115 0.094035 -0.14872 0.000394627 90.5877 4.73643 0.11545 -0.0764693 -4.7268 90.1419 -0.0374448 -0.00187709 0.00149953 -0.0373623 0.989458 -0.000268489 0.00101348 -0.00160286 4.25318e-06 0.976329 0.0510479 0.00124429 -0.000824164 -0.0509442 0.971524
10.4 0.00395923 87.6815 -3.48814 -0.164383 0.122445 -3.47971 86.7022 -0.0296752 0.0657829 -0.13766 0.00508418 85.4823 3.68151 0.104145 -0.0487281 -3.67092 85.0379 -0.039782 -0.00187477 0.00139647 -0.0396858 0.988831 -0.000338443 0.000750248 -0.00157 5.79847e-05 0.974918 0.0419873 0.00118777 -0.00055574 -0.0418666 0.969851
10.6 0.0040345 84.3057 -3.50949 -0.148593 0.106448 -3.50062 83.3242 -0.0326273 0.0405174 -0.121097 0.00889646 82.1194 2.68683 0.0923713 -0.02405 -2.67551 81.6759 -0.0416282 -0.00176255 0.00126264 -0.041523 0.988358 -0.000387012 0.000480602 -0.0014364 0.000105526 0.974068 0.0318701 0.00109567 -0.000285271 -0.0317358 0.968807
10.8 0.00410973 82.3714 -3.53709 -0.128074 0.0911071 -3.52812 81.3869 -0.0334666 0.0192161 -0.100362 0.0113702 80.2125 1.78944 0.0798974 -0.00334409 -1.77758 79.7693 -0.0429408 -0.00155483 0.00110605 -0.0428318 0.988049 -0.00040629 0.000233286 -0.00121841 0.000138036 0.973792 0.0217241 0.000969966 -4.05977e-05 -0.0215801 0.968411
11 0.00418491 81.5842 -3.56998 -0.104265 0.0764899 -3.56119 80.5962 -0.0319786 0.00251506 -0.076926 0.0121056 79.4652 1.01734 0.0666917 0.012818 -1.00515 79.0218 -0.0437582 -0.001278 0.000937558 -0.0436505 0.98789 -0.00039197 3.08278e-05 -0.000942903 0.000148382 0.974027 0.0124699 0.000817459 0.000157114 -0.0123203 0.968593
11.2 0.00426003 81.6556 -3.60724 -0.0786636 0.0627534 -3.59889 80.6635 -0.0280565 -0.00928598 -0.0522964 0.0107986 79.5865 0.389763 0.05291 0.0241922 -0.377407 79.1427 -0.0441763 -0.000963359 0.000768514 -0.0440741 0.987851 -0.000343596 -0.000113721 -0.000640451 0.000132246 0.974662 0.00477326 0.000647966 0.000296271 -0.00462194 0.969226
11.4 0.00433511 82.3137 -3.64792 -0.0527339 0.0501197 -3.64022 81.3173 -0.0217159 -0.0161998 -0.02792 0.00726726 80.302 -0.0823507 0.0388678 0.0308321 0.0947023 79.8575 -0.0443173 -0.000640646 0.000608886 -0.0442237 0.987895 -0.000263819 -0.000196806 -0.00033919 8.82873e-05 0.97556 -0.00100045 0.000472191 0.000374568 0.0011505 0.970161
11.6 0.00441013 83.3113 -3.69089 -0.0278151 0.038847 -3.68398 82.3104 -0.0130991 -0.0185103 -0.00509536 0.00146754 81.3613 -0.395618 0.025002 0.0330444 0.407827 80.9163 -0.0443024 -0.00033387 0.000466287 -0.0442194 0.987987 -0.000157231 -0.000222182 -6.11605e-05 1.76151e-05 0.976594 -0.00474867 0.000300104 0.000396638 0.00489522 0.971253
11.8 0.0044851 84.4301 -3.7348 -0.0050502 0.0291989 -3.72877 83.425 -0.00247082 -0.0167183 0.0150992 -0.00650165 82.5435 -0.553442 0.011824 0.0313331 0.565398 82.0982 -0.0442353 -5.98152e-05 0.000345835 -0.044164 0.988095 -2.92647e-05 -0.000198014 0.000178836 -7.70063e-05 0.977655 -0.00655503 0.000140045 0.000371113 0.00669664 0.972381
12 0.0139046 85.4842 -3.77806 0.0146693 0.0214138 -3.77295 84.475 0.00979588 -0.0114811 0.0318568 -0.0164051 83.6597 -0.565172 -0.000129837 0.0263382 0.576792 83.2143 -0.0441961 0.000171603 0.000250501 -0.0441363 0.988195 0.000114593 -0.000134307 0.000372664 -0.000191908 0.978657 -0.00661143 -1.51884e-06 0.000308106 0.00674736 0.973447
13 0.0246683 85.5844 -3.92083 0.0563652 0.014109 -3.91927 84.5646 0.0781915 0.0401931 0.0566269 -0.0799312 83.9691 0.933638 -0.0267032 -0.0233322 -0.923897 83.5316 -0.0458125 0.000658592 0.000164854 -0.0457943 0.988084 0.000913619 0.000469631 0.00066165 -0.000933946 0.981127 0.010909 -0.00031201 -0.000272623 -0.0107952 0.976014
14 0.0265294 74.4973 -3.8082 0.0348901 0.0454422 -3.80761 73.4861 0.116093 0.0841424 0.0237244 -0.123476 72.8283 2.83247 0.00694972 -0.0686399 -2.8232 72.4118 -0.0511186 0.00046834 0.000609984 -0.0511107 0.986426 0.00155835 0.00112947 0.000318459 -0.00165746 0.977596 0.0380211 9.32881e-05 -0.000921374 -0.0378966 0.972005
15 0.0283823 59.7595 -3.43357 0.0207013 0.0709959 -3.43394 58.7662 0.105164 0.102284 0.00809535 -0.1215 57.8993 2.82616 0.0520503 -0.092002 -2.81652 57.505 -0.0574565 0.000346411 0.00118803 -0.0574628 0.98338 0.00175979 0.00171159 0.000135466 -0.00203315 0.968872 0.0472923 0.000870998 -0.00153954 -0.047131 0.962275
16 0.0302266 51.6322 -2.96556 0.0273743 0.063297 -2.96883 50.6496 0.0721235 0.0989393 0.0173064 -0.0940975 49.7107 1.16604 0.0567667 -0.0929296 -1.15754 49.3283 -0.0574362 0.000530179 0.00122592 -0.0574995 0.980969 0.00139687 0.00191623 0.000335187 -0.00182246 0.962785 0.0225835 0.00109944 -0.00179984 -0.0224189 0.955379
17 0.0320617 51.2398 -2.55418 0.0229519 0.0392589 -2.56021 50.2527 0.044624 0.0692011 0.0116912 -0.0620572 49.4604 -0.0799522 0.0289641 -0.0673874 0.0864257 49.0803 -0.0498475 0.000447931 0.000766179 -0.0499653 0.980736 0.000870886 0.00135053 0.000228166 -0.00121111 0.965274 -0.00156035 0.000565266 -0.00131514 0.00168669 0.957855
18 0.0338871 51.6396 -2.23562 -0.0049442 0.0286163 -2.24061 50.6406 0.0284468 0.0300116 -0.0209705 -0.0278762 50.0142 0.166026 0.0130845 -0.0366234 -0.159079 49.6348 -0.0432927 -9.57442e-05 0.000554153 -0.0433893 0.980654 0.000550872 0.000581174 -0.000406094 -0.000539823 0.968525 0.00321509 0.000253381 -0.000709211 -0.00308056 0.961177
19 0.0357021 48.2831 -1.96485 -0.0346171 0.0287896 -1.96381 47.2777 0.0138929 0.0226109 -0.0519434 0.00593822 46.6464 0.937804 0.0226443 -0.0362739 -0.927434 46.2711 -0.0406944 -0.000716962 0.000596267 -0.0406728 0.979178 0.000287737 0.000468298 -0.00107581 0.000122987 0.966102 0.019423 0.000468991 -0.000751275 -0.0192083 0.958329
20 0.0375062 43.3992 -1.70057 -0.0379314 0.00868783 -1.69183 42.3976 -0.0139012 0.0497095 -0.0504846 0.0326375 41.6389 0.937138 0.0220911 -0.0580203 -0.924559 41.2722 -0.0391844 -0.000874012 0.000200184 -0.038983 0.976922 -0.000320309 0.0011454 -0.00116326 0.000752029 0.959439 0.0215935 0.000509021 -0.0013369 -0.0213036 0.950989
21 0.0392989 40.8353 -1.49284 -0.00766559 -0.0410935 -1.48082 39.8424 -0.0545074 0.0571366 -0.0163481 0.0489505 39.0104 0.163717 -0.0182052 -0.051695 -0.152985 38.6581 -0.0365577 -0.00018772 -0.00100632 -0.0362632 0.975685 -0.00133481 0.0013992 -0.000400343 0.00119873 0.955311 0.00400919 -0.00044582 -0.00126594 -0.00374639 0.946683
22 0.0410797 40.9587 -1.42994 0.0332492 -0.0834481 -1.42234 39.9735 -0.075178 0.0118775 0.0224147 0.0471592 39.1962 -0.435621 -0.0710381 -0.00202001 0.443012 38.864 -0.0349118 0.000811775 -0.00203737 -0.0347263 0.975946 -0.00183546 0.000289987 0.000547251 0.00115138 0.956968 -0.0106356 -0.00173438 -4.93182e-05 0.0108161 0.948858
23 0.0428479 41.2378 -1.44132 0.0527795 -0.0778323 -1.44183 40.2578 -0.0450597 -0.0430305 0.0403874 0.0184777 39.5784 -0.236233 -0.0820451 0.044545 0.242367 39.2668 -0.0349514 0.00127988 -0.0018874 -0.0349639 0.976237 -0.00109268 -0.00104347 0.000979379 0.000448078 0.959761 -0.00572856 -0.00198956 0.0010802 0.00587732 0.952204
24 0.0446031 39.514 -1.28993 0.0440401 -0.0340918 -1.29416 38.5366 0.00592608 -0.048348 0.0374889 -0.016024 37.8794 0.459431 -0.0427756 0.0484522 -0.453223 37.581 -0.0326449 0.00111454 -0.000862777 -0.0327521 0.975265 0.000149974 -0.00122357 0.00094875 -0.000405527 0.958633 0.011627 -0.00108254 0.0012262 -0.0114699 0.951081
25 0.0463447 35.9824 -0.889144 0.0249635 0.000647431 -0.890055 35.004 0.00586176 -0.0105218 0.0238912 -0.00825622 34.274 0.85035 -0.00173205 0.0287103 -0.845461 33.9798 -0.0247105 0.000693768 1.7993e-05 -0.0247358 0.972809 0.000162906 -0.000292415 0.000663967 -0.000229451 0.95252 0.0236324 -4.81359e-05 0.000797897 -0.0234965 0.944343
26 0.0480722 32.6479 -0.489626 0.00562218 0.0016631 -0.486468 31.6667 -0.0623999 0.0139948 -0.0015149 0.0533674 30.8593 0.535859 0.00247247 0.0244827 -0.533087 30.5656 -0.0149972 0.000172207 5.09405e-05 -0.0149005 0.969946 -0.0019113 0.000428659 -4.64011e-05 0.00163464 0.945215 0.0164133 7.57315e-05 0.0007499 -0.0163284 0.93622
27 0.049785 31.0693 -0.382829 -0.0175276 -0.0124391 -0.38166 30.088 -0.127107 -0.00498009 -0.0359944 0.112131 29.2838 -0.0696916 -0.0139748 0.0416581 0.0723144 28.9937 -0.0123218 -0.000564146 -0.000400365 -0.0122842 0.968417 -0.00409108 -0.00016029 -0.00115852 0.00360905 0.942532 -0.0022431 -0.000449796 0.00134081 0.00232752 0.933195
28 0.0514827 30.8062 -0.528844 -0.0338215 -0.0160952 -0.533792 29.8292 -0.118649 -0.0438764 -0.0525916 0.109453 29.0857 -0.304596 -0.0161011 0.0592622 0.308696 28.8046 -0.0171668 -0.00109788 -0.000522467 -0.0173274 0.968286 -0.00385146 -0.00142427 -0.00170717 0.00355295 0.944149 -0.00988747 -0.000522659 0.00192371 0.0100206 0.935025
29 0.0531646 30.3517 -0.646015 -0.0202419 -0.00672302 -0.653541 29.3786 -0.0574647 -0.0628671 -0.0277285 0.0597833 28.6653 -0.0632298 -0.000390844 0.0617041 0.066978 28.3968 -0.0212843 -0.000666911 -0.000221504 -0.0215323 0.96794 -0.00189329 -0.00207129 -0.000913572 0.00196968 0.944438 -0.00208324 -1.28772e-05 0.00203297 0.00220673 0.935592
30 0.0548304 29.0535 -0.571188 0.0168518 0.00681377 -0.574857 28.0783 -0.0185318 -0.0460817 0.0169666 0.025454 27.3333 0.230171 0.0133255 0.0468318 -0.229744 27.0771 -0.0196598 0.000580027 0.000234525 -0.0197861 0.966434 -0.000637852 -0.0015861 0.000583979 0.000876107 0.94079 0.00792229 0.000458652 0.00161191 -0.00790762 0.931974
31 0.0564795 27.3907 -0.36332 0.0337968 0.0211722 -0.361493 26.4081 -0.0367267 -0.00953272 0.0319234 0.0364189 25.618 0.272749 0.0168065 0.021551 -0.275479 25.3712 -0.0132643 0.00123388 0.000772969 -0.0131977 0.964125 -0.00134084 -0.000348027 0.00116548 0.00132961 0.93528 0.0099577 0.000613582 0.0007868 -0.0100574 0.92627
32 0.0581114 25.8405 -0.135672 0.00344852 0.0321636 -0.131737 24.8518 -0.0803283 0.0151383 0.00031593 0.0669948 24.0483 0.140145 0.0143916 0.00183072 -0.142759 23.808 -0.00525037 0.000133454 0.0012447 -0.00509809 0.96174 -0.00310862 0.000585835 1.22262e-05 0.00259263 0.930643 0.00542347 0.000556938 7.0847e-05 -0.00552464 0.921344
33 0.0597256 24.4291 0.0393759 -0.0448314 0.0289387 0.042662 23.4411 -0.0994428 0.00743743 -0.0425732 0.0772397 22.6482 -0.0115028 0.0042039 0.0028331 0.0117848 22.4146 0.00161184 -0.00183517 0.0011846 0.00174636 0.959556 -0.00407068 0.00030445 -0.00174273 0.0031618 0.9271 -0.000470867 0.000172086 0.000115972 0.00048241 0.917538
34 0.0613216 23.2102 0.107167 -0.0599762 0.00927192 0.110087 22.2277 -0.0717019 -0.0223795 -0.0545041 0.0492172 21.4445 -0.131945 -0.0158194 0.0213026 0.135316 21.2202 0.00461725 -0.00258405 0.000399476 0.00474306 0.957668 -0.00308924 -0.000964211 -0.00234828 0.0021205 0.923925 -0.0056848 -0.000681573 0.00091781 0.00583001 0.914263
35 0.0628989 22.3289 0.0682651 -0.0311621 -0.00916783 0.071065 21.3504 -0.0119894 -0.0427402 -0.0322956 -0.00616282 20.5646 -0.176837 -0.0305778 0.0376919 0.181424 20.3509 0.00305725 -0.00139559 -0.000410581 0.00318265 0.956177 -0.000536946 -0.00191412 -0.00144636 -0.000276002 0.920986 -0.00791965 -0.00136942 0.00168803 0.00812508 0.911412
36 0.064457 21.5918 0.0224686 0.00512285 -0.00717024 0.0233348 20.6118 0.0395215 -0.0345383 -0.00576435 -0.0549 19.8072 -0.111717 -0.0204831 0.0393327 0.1145 19.6009 0.00104061 0.000237258 -0.000332081 0.00108072 0.954609 0.00183039 -0.0015996 -0.000266969 -0.00254263 0.917347 -0.00517403 -0.00094865 0.00182165 0.00530295 0.907794
37 0.0659956 20.5865 0.0637623 0.0154229 0.0104082 0.0617295 19.6005 0.0465227 -0.011516 0.00224964 -0.061911 18.7659 -0.0293869 0.00855016 0.0331149 0.0275717 18.5617 0.00309728 0.000749173 0.000505582 0.00299854 0.952104 0.00225986 -0.000559396 0.000109277 -0.00300736 0.911563 -0.00142748 0.000415328 0.00160857 0.00133931 0.901643
38 0.067514 19.2773 0.15298 0.00714034 0.0204168 0.150736 18.2852 0.0115905 -0.00123366 -0.00187319 -0.0258167 17.431 -0.0554375 0.0273955 0.0317613 0.0490704 17.2258 0.00793572 0.000370401 0.00105911 0.00781934 0.948532 0.000601249 -6.39954e-05 -9.71705e-05 -0.00133923 0.904224 -0.00287578 0.00142113 0.0016476 0.0025455 0.893576
39 0.0690118 18.0486 0.187408 0.00846589 0.0125652 0.188203 17.053 -0.0235079 -0.00963023 -0.000168913 0.0160523 16.2041 -0.147329 0.0206252 0.0338667 0.140168 16.0002 0.0103835 0.00046906 0.000696186 0.0104276 0.944836 -0.00130247 -0.000533571 -9.35874e-06 0.000889392 0.897803 -0.00816289 0.00114276 0.00187641 0.00776613 0.886506
40 0.10628 17.1411 0.164342 0.0240022 0.00169691 0.166433 16.1442 -0.0240048 -0.0156488 0.00770686 0.0291842 15.3046 -0.162105 0.00540434 0.0251688 0.158031 15.1079 0.00958764 0.00140028 9.89969e-05 0.00970963 0.941844 -0.00140043 -0.000912942 0.000449614 0.00170259 0.89286 -0.00945711 0.000315286 0.00146833 0.00921944 0.881388
42 0.146749 15.6404 0.231716 0.0109527 0.0165266 0.222278 14.6418 0.0183321 0.0141386 -0.0109598 0.00431261 13.7487 -0.0863586 0.0185364 -0.0212214 0.0858639 13.5716 0.0148152 0.000700282 0.00105666 0.0142118 0.936149 0.00117209 0.000903979 -0.000700731 0.000275735 0.87905 -0.00552149 0.00118516 -0.00135683 0.00548986 0.867725
44 0.152348 14.1438 0.228874 -0.0223388 0.0211871 0.227279 13.146 0.0137168 0.0103036 -0.0244853 0.00337647 12.2306 -0.215349 0.0182957 -0.00733725 0.215846 12.0635 0.016182 -0.00157941 0.00149798 0.0160692 0.929458 0.000969809 0.000728488 -0.00173118 0.000238725 0.864732 -0.0152257 0.00129355 -0.000518762 0.0152608 0.852919
46 0.157761 12.7461 0.253761 -0.0267189 0.0226132 0.267918 11.7431 0.0162616 0.0255754 -0.0283471 0.0132222 10.8017 -0.103233 0.0177029 -0.00443425 0.106783 10.649 0.019909 -0.00209625 0.00177414 0.0210197 0.921314 0.00127581 0.00200653 -0.00222399 0.00103735 0.847457 -0.00809923 0.0013889 -0.000347892 0.0083777 0.835478
48 0.162982 11.5128 0.31571 -0.0236888 -0.00912967 0.325375 10.5053 -0.00344399 0.0271914 -0.0233157 0.0176999 9.52839 -0.324541 0.0105948 -0.0110233 0.330507 9.37945 0.0274226 -0.00205761 -0.000793004 0.0282621 0.912495 -0.000299145 0.00236185 -0.0020252 0.00153742 0.827637 -0.0281897 0.000920267 -0.000957485 0.0287079 0.8147
50 0.168004 10.5985 0.106816 -0.00862756 -0.0150517 0.110264 9.59731 0.0113718 0.0321328 -0.0101988 -0.0166336 8.62917 -0.313323 -0.005489 -0.0152568 0.317834 8.49047 0.0100784 -0.000814033 -0.00142016 0.0104037 0.90553 0.00107296 0.00303181 -0.000962281 -0.00156942 0.814184 -0.0295628 -0.000517901 -0.00143952 0.0299884 0.801097
52 0.172821 9.47034 0.185411 -0.0277418 0.00927592 0.179903 8.47205 0.00127861 0.0112717 -0.020726 0.00412349 7.46136 -0.185748 0.0151895 0.0197504 0.187599 7.33025 0.0195781 -0.00292934 0.00097947 0.0189965 0.894588 0.000135012 0.00119021 -0.00218852 0.000435411 0.787866 -0.0196137 0.0016039 0.0020855 0.0198092 0.774021
54 0.177428 8.52489 0.183317 0.0264412 -0.0159163 0.18725 7.51893 0.00193789 -0.0102644 0.0274004 0.0108239 6.49949 -0.31472 -0.0169497 0.0319089 0.312118 6.37013 0.0215037 0.00310165 -0.00186703 0.0219651 0.881997 0.000227321 -0.00120405 0.00321417 0.00126968 0.762413 -0.0369178 -0.00198827 0.00374303 0.0366126 0.747239
56 0.181819 7.86484 0.102083 0.0138299 0.00847935 0.107908 6.86514 0.015593 0.0131719 0.00373803 -0.010313 5.80454 -0.318487 -0.0132375 0.0107045 0.311321 5.69014 0.0129797 0.00175845 0.00107813 0.0137203 0.87289 0.00198262 0.00167478 0.000475283 -0.00131128 0.738037 -0.0404951 -0.00168313 0.00136106 0.0395838 0.723491
58 0.185988 7.13597 0.0871008 -0.0131282 -0.000443686 0.0830464 6.15489 -0.00934132 0.00665762 -0.0100577 0.00682194 5.04102 -0.28754 -0.00461174 0.00975128 0.283787 4.94566 0.0122059 -0.00183972 -6.2176e-05 0.0116377 0.862516 -0.00130905 0.000932967 -0.00140944 0.000955993 0.706424 -0.0402944 -0.000646267 0.0013665 0.0397686 0.693061
60 0.286303 6.45248 0.074525 -0.0106347 -0.0178444 0.073194 5.47192 -0.00170487 -0.00533192 -0.00273039 -0.000746499 4.33679 -0.329329 -0.0262729 0.00815024 0.326523 4.25008 0.0115498 -0.00164816 -0.00276551 0.0113436 0.848034 -0.000264219 -0.000826336 -0.000423154 -0.000115692 0.672113 -0.0510391 -0.00407176 0.00126312 0.0506043 0.658674
64 0.394175 5.54916 -0.00993182 -0.023951 -0.0157808 -0.0105675 4.55318 -0.000329544 -0.0063906 -0.023795 -0.00336456 3.38519 -0.295536 -0.000181758 0.0285858 0.295229 3.31057 -0.00178979 -0.00431614 -0.00284382 -0.00190435 0.820516 -5.93863e-05 -0.00115163 -0.00428804 -0.000606318 0.610036 -0.0532579 -3.27541e-05 0.00515137 0.0532024 0.59659
68 0.406626 4.76884 -0.0544357 0.000185747 -0.000821956 -0.0581836 3.77135 -0.00694895 0.00199787 0.0141933 -0.00113853 2.54644 -0.350346 0.00483956 0.0166895 0.348873 2.50342 -0.0114149 3.89502e-05 -0.00017236 -0.0122008 0.790832 -0.00145716 0.000418944 0.00297625 -0.000238743 0.533976 -0.0734656 0.00101483 0.0034997 0.0731568 0.524955
72 0.417095 4.09665 -0.122604 -0.00776618 -0.00316043 -0.122605 3.09646 -0.00130543 0.00795991 0.0107557 0.0117656 1.79791 -0.387531 -0.0106768 0.0135401 0.396428 1.77738 -0.0299278 -0.00189574 -0.000771468 -0.029928 0.755851 -0.000318659 0.00194303 0.0026255 0.002872 0.438874 -0.0945971 -0.00260624 0.00330517 0.0967689 0.433862
76 0.425533 3.64479 -0.19648 0.0034223 -0.00253731 -0.197765 2.62831 -0.0257304 -0.0165175 0.00553903 0.0161851 1.29422 -0.360078 -0.00626876 0.0238426 0.363542 1.29032 -0.0539071 0.000938957 -0.000696147 -0.0542595 0.721112 -0.00705949 -0.00453182 0.00151971 0.0044406 0.355086 -0.0987925 -0.00171992 0.00654154 0.0997427 0.354017
80 0.431897 3.30654 -0.250394 -0.00918505 -0.00743608 -0.250253 2.26993 0.00309089 0.00314843 -0.0062391 -0.00413251 0.876005 -0.395391 0.00359595 0.01247 0.397603 0.923592 -0.0757269 -0.00277784 -0.0022489 -0.0756841 0.686498 0.000934782 0.000952183 -0.0018869 -0.0012498 0.264931 -0.119578 0.00108753 0.00377131 0.120247 0.279323
84 0.436158 3.14712 -0.306605 -0.010754 -0.0013857 -0.309531 2.05927 -0.00224845 -0.00439314 0.0094715 -0.00537083 0.59842 -0.436205 0.00244595 -0.00881867 0.433572 0.703128 -0.0974237 -0.00341709 -0.000440308 -0.0983535 0.654335 -0.000714444 -0.00139592 0.00300957 -0.00170658 0.190148 -0.138604 0.000777201 -0.00280213 0.137768 0.223419
88 0.328636 3.04631 -0.284818 0.0140034 -0.000143491 -0.284438 1.93841 -0.00727351 -0.0276893 -0.0107562 -0.0120863 0.359641 -0.52612 0.00707002 -0.0197875 0.527468 0.53005 -0.0934963 0.00459685 -4.71033e-05 -0.0933714 0.636315 -0.00238765 -0.00908947 -0.00353091 -0.00396754 0.118058 -0.172708 0.00232085 -0.00649558 0.17315 0.173998
90 0.219313 3.0239 -0.327508 0.0106073 0.0184465 -0.318589 1.89115 0.0210963 -0.0377801 -0.00348279 -0.0208707 0.280613 -0.552929 0.0203777 -0.0304825 0.549889 0.495412 -0.108306 0.00350783 0.00610023 -0.105357 0.625402 0.00697654 -0.0124938 -0.00115176 -0.00690192 0.0927983 -0.182853 0.00673889 -0.0100805 0.181848 0.163832
92 0.328636 2.99686 -0.290487 -0.00271443 0.0145958 -0.278848 1.83639 0.0140893 -0.0232334 0.00491855 -0.00791751 0.2204 -0.555636 0.0152841 -0.0238693 0.547956 0.469236 -0.0969305 -0.000905757 0.00487035 -0.0930467 0.612771 0.00470134 -0.00775258 0.00164123 -0.00264193 0.0735436 -0.185406 0.00510004 -0.00796476 0.182843 0.156576
96 0.436158 3.02073 -0.323327 0.00822715 0.00723078 -0.310118 1.7935 0.00617666 -0.0160239 -0.01285 0.000101167 0.0763802 -0.63951 -0.00989524 -0.0343475 0.628766 0.428157 -0.107036 0.00272357 0.00239372 -0.102663 0.593731 0.00204476 -0.00530465 -0.00425395 3.34908e-05 0.0252854 -0.211707 -0.00327578 -0.0113706 0.208151 0.14174
100 0.431897 3.10256 -0.314059 0.00663029 -0.00386808 -0.314905 1.80459 0.00957581 -0.0181334 -0.00627619 -0.00882811 -0.0469701 -0.704085 0.00257828 -0.0166275 0.702155 0.403759 -0.101225 0.00213704 -0.00124674 -0.101498 0.581644 0.00308642 -0.00584464 -0.0020229 -0.00284542 -0.0151391 -0.226937 0.000831015 -0.00535929 0.226314 0.130137
104 0.425533 3.26709 -0.338272 -0.0010221 0.0019268 -0.342631 1.86621 0.0245933 -0.0282209 -0.00499499 -0.0361216 -0.127632 -0.77568 -0.012259 -0.0208748 0.776484 0.468034 -0.103539 -0.000312846 0.000589758 -0.104873 0.571213 0.00752759 -0.00863791 -0.00152888 -0.0110562 -0.039066 -0.237422 -0.00375228 -0.0063894 0.237668 0.143257
108 0.417095 3.45455 -0.345708 0.021075 0.0147766 -0.341545 1.89456 0.0441581 -0.019944 -0.0273699 -0.0466092 -0.230263 -0.873406 0.00506091 -0.0367513 0.862618 0.559562 -0.100073 0.00610065 0.00427742 -0.0988681 0.548423 0.0127826 -0.00577326 -0.00792286 -0.0134921 -0.0666551 -0.252828 0.001465 -0.0106385 0.249705 0.161978
112 0.406626 3.64604 -0.348223 0.00885979 0.0253108 -0.354281 1.93534 0.0305702 -0.0450412 0.0044727 -0.0356593 -0.342056 -0.949002 -0.00307958 -0.0598428 0.933929 0.622939 -0.0955072 0.00242998 0.00694199 -0.0971689 0.530807 0.0083845 -0.0123535 0.00122673 -0.00978028 -0.0938158 -0.260283 -0.000844637 -0.0164131 0.256149 0.170854
116 0.394175 3.87691 -0.360381 -0.00689346 0.0127616 -0.366404 1.98005 0.0467444 -0.0396213 -0.00290931 -0.0477926 -0.444029 -0.983251 -0.0232375 -0.0482464 0.979048 0.737825 -0.0929558 -0.00177808 0.00329168 -0.0945094 0.510729 0.0120571 -0.0102198 -0.000750421 -0.0123275 -0.114532 -0.253617 -0.00599382 -0.0124446 0.252533 0.190313
120 0.379804 4.07835 -0.291588 0.0246295 -0.00390034 -0.290458 1.97916 0.0121442 -0.0369357 -0.0215916 -0.0262147 -0.636107 -0.993098 -0.00255093 -0.0600822 0.982834 0.780935 -0.0714965 0.00603909 -0.000956353 -0.0712194 0.485284 0.00297773 -0.00905654 -0.0052942 -0.00642778 -0.155972 -0.243505 -0.000625481 -0.014732 0.240988 0.191483
124 0.363583 4.26314 -0.30372 0.00281114 -0.010344 -0.301302 1.99937 -0.0215314 -0.0581413 -0.00869789 0.0237287 -0.816725 -0.958516 -0.00691409 -0.0635132 0.95375 0.782797 -0.0712432 0.000659406 -0.00242637 -0.0706759 0.468989 -0.00505059 -0.0136381 -0.00204025 0.005566 -0.191578 -0.224838 -0.00162183 -0.0148982 0.22372 0.18362
128 0.34559 4.40764 -0.266303 -0.00536156 0.00288766 -0.261811 2.03158 -0.00385728 -0.0851816 -0.0102372 0.00323452 -0.999781 -0.902082 0.00375543 -0.0959622 0.908485 0.745972 -0.0604184 -0.00121642 0.000655148 -0.0593993 0.460922 -0.000875135 -0.0193259 -0.00232261 0.000733843 -0.226829 -0.204663 0.000852027 -0.0217718 0.206116 0.169245
132 0.325914 4.5108 -0.2635 0.0279357 0.00133236 -0.263898 1.98885 -0.000979427 -0.0618019 -0.0118409 0.0190973 -1.18955 -0.813446 0.015051 -0.0691132 0.825977 0.72574 -0.0584153 0.00619308 0.00029537 -0.0585036 0.440909 -0.000217129 -0.0137009 -0.00262501 0.00423369 -0.263713 -0.180333 0.00333665 -0.0153217 0.183111 0.16089
136 0.304649 4.73302 -0.221754 0.0474439 -0.0106789 -0.227564 2.07841 -0.0129336 -0.0199393 -0.0538433 0.0274664 -1.44486 -0.749357 -0.00492654 -0.0386845 0.731641 0.617167 -0.0468525 0.010024 -0.00225625 -0.0480801 0.43913 -0.00273262 -0.00421281 -0.0113761 0.00580314 -0.305272 -0.158325 -0.00104089 -0.00817332 0.154582 0.130396
140 0.281901 4.96425 -0.216306 0.0191763 -0.0320579 -0.255151 2.12543 -0.0228314 0.00812663 -0.0275464 0.0226852 -1.70302 -0.682347 -0.0366986 0.00563579 0.681338 0.568241 -0.0435728 0.00386287 -0.00645775 -0.0513976 0.428146 -0.00459916 0.00163703 -0.00554896 0.00456971 -0.343056 -0.137452 -0.00739257 0.00113527 0.137249 0.114467
144 0.257779 5.12993 -0.214552 0.0105071 -0.0152687 -0.239423 2.15145 -0.0299265 0.000379517 -0.0173884 0.0233641 -1.93983 -0.621774 -0.0428096 -0.0107735 0.60247 0.494384 -0.0418235 0.00204819 -0.0029764 -0.0466718 0.419391 -0.00583371 7.39808e-05 -0.0033896 0.00455447 -0.37814 -0.121205 -0.00834507 -0.00210013 0.117442 0.0963725
148 0.232401 5.34382 -0.216842 -0.000829298 -0.0118872 -0.214929 2.18742 -0.0212099 0.0113473 -0.00973996 0.0225369 -2.15806 -0.544873 -0.0273662 0.0110745 0.546504 0.480979 -0.0405782 -0.000155188 -0.00222448 -0.0402202 0.409336 -0.00396906 0.00212345 -0.00182266 0.00421738 -0.403843 -0.101963 -0.0051211 0.00207239 0.102268 0.0900067
152 0.205891 5.60316 -0.178138 -0.0203596 -0.00793941 -0.192201 2.48682 -0.0326727 0.00777377 0.0280794 0.0226688 -2.33949 -0.378698 -0.0191194 0.0147014 0.372503 0.275933 -0.0317925 -0.00363359 -0.00141695 -0.0343023 0.443825 -0.00583112 0.00138739 0.00501136 0.00404571 -0.417531 -0.0675866 -0.00341226 0.00262377 0.0664809 0.049246
156 0.178378 5.72388 -0.114829 -0.0126802 -0.0243434 -0.126491 2.64786 -0.0212586 0.103152 0.00238 0.0241672 -2.50545 -0.311702 -0.0206142 0.108394 0.302718 0.0843692 -0.0200614 -0.00221532 -0.00425295 -0.0220988 0.462599 -0.00371401 0.0180213 0.000415802 0.00422218 -0.437718 -0.0544564 -0.00360144 0.0189371 0.0528868 0.0147399
160 0.0971232 5.87353 -0.265332 -0.0386782 -0.00802573 -0.249169 2.73349 -0.00503254 0.0595912 0.0262818 -0.00444327 -2.79661 -0.158381 -0.00920687 0.0520254 0.149313 -0.115822 -0.0451741 -0.00658518 -0.00136642 -0.0424224 0.46539 -0.000856817 0.0101457 0.00447462 -0.000756491 -0.476137 -0.0269652 -0.00156752 0.00885761 0.0254213 -0.0197193
161 0.0357021 5.95437 -0.268018 -0.0525677 0.0329221 -0.250445 2.77135 -0.0246408 0.030477 0.0281086 0.0124332 -2.88459 -0.121075 0.0192118 0.0222364 0.105038 -0.159256 -0.045012 -0.00882843 0.00552907 -0.0420606 0.465431 -0.00413828 0.00511842 0.00472067 0.00208809 -0.48445 -0.0203338 0.0032265 0.00373447 0.0176405 -0.0267462
162 0.0338871 6.05439 -0.240284 -0.0287179 0.0661249 -0.227576 2.84892 -0.0295714 0.0130212 0.00327159 0.0138588 -2.93736 -0.110329 0.0502109 0.0112558 0.0834886 -0.184994 -0.0396876 -0.00474331 0.0109218 -0.0375885 0.470554 -0.0048843 0.0021507 0.000540367 0.00228905 -0.485163 -0.018223 0.0082933 0.00185911 0.0137898 -0.0305554
163 0.0320617 6.12209 -0.190469 0.0118668 0.0801961 -0.185935 2.92608 -0.0126493 0.0205164 -0.0273901 -0.000552798 -2.94458 -0.112496 0.0695386 0.0210023 0.076566 -0.197944 -0.0311118 0.00193836 0.0130995 -0.0303712 0.477955 -0.00206617 0.00335122 -0.00447399 -9.02957e-05 -0.480976 -0.0183754 0.0113586 0.00343059 0.0125065 -0.0323327
164 0.0302266 6.10706 -0.138173 0.0430737 0.0790437 -0.140983 2.94626 0.0128501 0.0491698 -0.045679 -0.0126534 -2.91887 -0.105268 0.0785314 0.0423188 0.0649036 -0.205937 -0.0226251 0.00705309 0.012943 -0.0230853 0.482434 0.00210414 0.00805129 -0.00747969 -0.00207192 -0.47795 -0.0172371 0.0128591 0.00692949 0.0106276 -0.0337211
165 0.0283823 6.0307 -0.0999444 0.0532835 0.0716465 -0.105902 2.90438 0.024351 0.0729495 -0.0473408 -0.0105654 -2.88775 -0.086872 0.084968 0.0619916 0.0463457 -0.205873 -0.0165726 0.00883538 0.0118803 -0.0175606 0.481599 0.00403783 0.0120964 -0.00784996 -0.00175194 -0.478842 -0.014405 0.0140892 0.0102793 0.00768496 -0.0341375
166 0.0265294 5.98053 -0.0766539 0.0445393 0.0597453 -0.0793906 2.86252 0.0104843 0.0671651 -0.0353737 -0.00294295 -2.87378 -0.0805013 0.0865993 0.070541 0.0444812 -0.192267 -0.0128172 0.00744738 0.00998996 -0.0132748 0.47864 0.00175308 0.0112306 -0.00591481 -0.000492089 -0.480523 -0.0134606 0.0144802 0.0117951 0.00743767 -0.0321488
167 0.0246683 6.01806 -0.0600259 0.0196397 0.039736 -0.0533082 2.88229 -0.0190816 0.0369016 -0.00883723 -0.0035046 -2.88338 -0.107715 0.0726176 0.0647356 0.0814034 -0.176289 -0.00997429 0.00326345 0.00660279 -0.00885803 0.478939 -0.00317072 0.0061318 -0.00146845 -0.000582347 -0.479122 -0.0178987 0.0120666 0.0107569 0.0135265 -0.0292933
168 0.0172754 6.11633 -0.0484396 -0.0218037 0.0155895 -0.0299454 2.96128 -0.0422816 0.0144292 0.0338233 -0.0100754 -2.90847 -0.165148 0.0406452 0.049648 0.14953 -0.18072 -0.0079197 -0.00356484 0.00254883 -0.00489597 0.48416 -0.0069129 0.00235912 0.00553 -0.00164729 -0.475525 -0.0270011 0.00664535 0.00811727 0.0244476 -0.029547
168.5 0.0109315 6.16242 -0.0474966 -0.0470226 0.00639165 -0.0242186 3.00578 -0.0457108 0.0151596 0.0582412 -0.0113168 -2.92283 -0.194696 0.0216046 0.0428914 0.182646 -0.195372 -0.00770745 -0.00763054 0.0010372 -0.00393004 0.487759 -0.00741767 0.00246001 0.00945102 -0.00183642 -0.474298 -0.031594 0.00350586 0.00696015 0.0296387 -0.0317037
169 0.0104622 6.19247 -0.0522059 -0.072229 0.00161105 -0.0258346 3.04187 -0.0426335 0.0245009 0.0808774 -0.00968322 -2.9374 -0.214422 0.00356177 0.0394721 0.204383 -0.2187 -0.00843055 -0.011664 0.000260163 -0.00417195 0.491221 -0.00688473 0.00395657 0.0130606 -0.00156371 -0.47435 -0.0346263 0.000575178 0.00637422 0.0330051 -0.0353171
169.5 0.00999215 6.20026 -0.0638084 -0.0939135 0.00208674 -0.0363941 3.06252 -0.0337389 0.039729 0.0981364 -0.00567189 -2.9531 -0.214857 -0.0114784 0.0408856 0.206041 -0.249905 -0.0102912 -0.0151467 0.000336557 -0.00586977 0.493934 -0.00544154 0.00640764 0.0158278 -0.000914783 -0.476286 -0.0346529 -0.00185127 0.00659418 0.033231 -0.0403056
170 0.0095213 6.18579 -0.0819679 -0.108263 0.00741003 -0.0555026 3.06478 -0.0206108 0.0564766 0.106856 -0.00104018 -2.9721 -0.188235 -0.0221351 0.0474748 0.18134 -0.287468 -0.013251 -0.0175018 0.00119791 -0.00897261 0.495455 -0.00333197 0.00913006 0.0172745 -0.000168156 -0.480473 -0.0304302 -0.00357838 0.00767482 0.0293157 -0.0464724
170.5 0.00904972 6.15687 -0.103838 -0.112058 0.0160899 -0.0798294 3.05212 -0.00526542 0.0701983 0.105155 0.00190158 -2.99685 -0.132341 -0.0277059 0.0582486 0.129692 -0.329048 -0.0168654 -0.0182006 0.00261332 -0.0129659 0.495726 -0.000855211 0.0114016 0.0170793 0.000308855 -0.48675 -0.0214949 -0.00449999 0.00946075 0.0210646 -0.0534441
171 0.00857745 6.12891 -0.123628 -0.103594 0.0260753 -0.102766 3.03599 0.0103373 0.077703 0.0929723 0.00125827 -3.02827 -0.0537235 -0.0281053 0.0711826 0.0586121 -0.371505 -0.0201712 -0.0169025 0.00425447 -0.0167674 0.495355 0.00168664 0.0126781 0.0151695 0.0002053 -0.494096 -0.00876558 -0.00458569 0.0116142 0.00956322 -0.0606152
171.5 0.00810453 6.12146 -0.133218 -0.0833594 0.0353676 -0.115228 3.03493 0.0246644 0.078205 0.0721823 -0.0036372 -3.06382 0.0320327 -0.0238599 0.0839101 -0.0166421 -0.411582 -0.0217624 -0.0136176 0.00577763 -0.0188237 0.495786 0.00402917 0.0127755 0.0117917 -0.000594172 -0.500505 0.00523286 -0.00389774 0.0137075 -0.00271865 -0.0672358
172 0.00763099 6.15113 -0.124141 -0.0543199 0.042439 -0.10789 3.07027 0.0367706 0.0734991 0.0463015 -0.0119088 -3.09636 0.104587 -0.0162167 0.0945154 -0.0775229 -0.447487 -0.0201818 -0.00883089 0.00689938 -0.0175399 0.499139 0.00597786 0.0119489 0.00752731 -0.00193604 -0.503381 0.0170029 -0.00263638 0.0153655 -0.012603 -0.0727488
172.5 0.00715688 6.22249 -0.0906664 -0.0216648 0.0463313 -0.0745295 3.15832 0.046238 0.0671797 0.0199199 -0.0214389 -3.11477 0.1473 -0.00723496 0.102077 -0.110171 -0.480973 -0.0145708 -0.00348169 0.00744578 -0.0119774 0.507565 0.00743079 0.0107963 0.00320127 -0.00344539 -0.500566 0.0236722 -0.00116271 0.0164044 -0.0177053 -0.0772959
173 0.00668221 6.32099 -0.0330166 0.00798893 0.0465488 -0.0154462 3.30186 0.0529738 0.0631924 -0.00200812 -0.029639 -3.10685 0.156867 0.000415479 0.106723 -0.114064 -0.518733 -0.00522333 0.00126387 0.00736417 -0.00244364 0.522364 0.00838062 0.00999723 -0.000317691 -0.00468898 -0.491514 0.0248168 6.573e-05 0.0168839 -0.0180452 -0.0820651
173.5 0.00620704 6.41277 0.0407287 0.0278707 0.0430426 0.0605757 3.48467 0.0569865 0.0642737 -0.0149407 -0.034355 -3.06421 0.149346 0.00418933 0.109206 -0.106939 -0.571693 0.00635119 0.00434613 0.00671202 0.00944611 0.543396 0.00888641 0.0100228 -0.00232984 -0.00535728 -0.47783 0.0232888 0.000653279 0.0170295 -0.016676 -0.0891491
174 0.0057314 6.45491 0.115341 0.0326145 0.0365681 0.137122 3.67325 0.0582544 0.0708847 -0.0155701 -0.0345452 -2.98775 0.15817 0.00293604 0.110233 -0.122069 -0.651344 0.0178688 0.00505266 0.00566516 0.0212431 0.569063 0.00902483 0.0109815 -0.00241214 -0.00535178 -0.462864 0.0245039 0.000454854 0.0170774 -0.0189111 -0.100907
174.5 0.00525531 6.41518 0.172209 0.0197714 0.0294541 0.194261 3.82715 0.0567383 0.0810473 -0.00263936 -0.0304954 -2.89195 0.222665 -0.00165328 0.10991 -0.196749 -0.763598 0.026844 0.00308197 0.00459131 0.0302814 0.596577 0.00884438 0.0126337 -0.000411424 -0.00475363 -0.450798 0.0347092 -0.000257713 0.0171328 -0.0306693 -0.11903
175 0.00477883 6.29509 0.195275 -0.00914731 0.0264534 0.214942 3.91546 0.0525094 0.0911192 0.0223998 -0.0235526 -2.80586 0.37013 -0.00407072 0.107602 -0.355122 -0.902285 0.0310202 -0.00145309 0.00420223 0.0341443 0.621987 0.00834132 0.0144746 0.0035583 -0.00374143 -0.445723 0.0587966 -0.000646651 0.017093 -0.0564125 -0.143331
175.5 0.00430199 6.14588 0.177066 -0.0485174 0.0350556 0.191453 3.93305 0.0459049 0.0971721 0.0551623 -0.01555 -2.7695 0.598634 0.00482592 0.102264 -0.592181 -1.04538 0.0288105 -0.00789429 0.00570392 0.0311515 0.639949 0.00746922 0.0158109 0.00897548 -0.00253014 -0.450627 0.097404 0.000785227 0.0166394 -0.0963541 -0.170095
176 0.00382481 6.06724 0.12228 -0.0895865 0.0646404 0.12922 3.90866 0.0376086 0.0964033 0.0888317 -0.00818509 -2.82556 0.869016 0.0360889 0.093067 -0.86692 -1.15682 0.0201541 -0.0147656 0.010654 0.0212979 0.644223 0.00619863 0.0158892 0.0146412 -0.00134906 -0.465707 0.143231 0.00594816 0.0153393 -0.142885 -0.190667
176.5 0.00334735 6.18375 0.0470766 -0.122523 0.124219 0.0459559 3.89924 0.0285931 0.0880366 0.115526 -0.00258228 -3.00804 1.11191 0.0995943 0.0799799 -1.10996 -1.19487 0.00761295 -0.0198137 0.020088 0.00743171 0.630563 0.0046239 0.0142368 0.0186821 -0.000417592 -0.486443 0.179812 0.0161058 0.0129339 -0.179496 -0.193227
177 0.00286963 6.60319 -0.0261344 -0.139067 0.219152 -0.0340156 3.97043 0.0199301 0.0734146 0.128336 0.000856203 -3.33077 1.24965 0.200385 0.0640047 -1.24523 -1.12542 -0.00395785 -0.0210605 0.0331889 -0.00515139 0.60129 0.00301825 0.0111181 0.0194354 0.000129665 -0.504418 0.189249 0.0303467 0.00969301 -0.188581 -0.170436
177.5 0.00239169 7.3697 -0.0766638 -0.135022 0.347862 -0.0884067 4.1693 0.0125373 0.0553431 0.123498 0.00233777 -3.77899 1.22589 0.335628 0.0469499 -1.21875 -0.936033 -0.0104026 -0.0183213 0.0472017 -0.011996 0.565736 0.0017012 0.00750955 0.0167576 0.000317214 -0.512775 0.166342 0.0455417 0.00637067 -0.165373 -0.127011
178 0.00191357 8.43016 -0.0931545 -0.11176 0.499885 -0.105185 4.50047 0.0069636 0.0370445 0.101925 0.00242435 -4.30737 1.03129 0.493362 0.0308691 -1.0231 -0.645208 -0.0110501 -0.0132571 0.0592971 -0.0124772 0.533853 0.000826034 0.00439428 0.0120905 0.00028758 -0.510948 0.122334 0.0585234 0.00366174 -0.121362 -0.0765357
178.5 0.00143531 9.62963 -0.0776407 -0.0761228 0.656361 -0.0869237 4.91628 0.00329843 0.0211967 0.0694149 0.00176758 -4.84567 0.713704 0.65373 0.0174589 -0.706819 -0.302699 -0.00806268 -0.00790506 0.0681606 -0.00902669 0.510537 0.000342529 0.00220119 0.00720846 0.000183556 -0.503204 0.0741154 0.0678873 0.00181304 -0.0734004 -0.0314341
179 0.000956932 10.7423 -0.0442112 -0.0386309 0.793339 -0.0492883 5.32706 0.00124103 0.0094234 0.0352572 0.000924641 -5.31161 0.366803 0.792665 0.00770489 -0.362815 0.020781 -0.00411562 -0.00359616 0.073852 -0.00458825 0.495896 0.000115527 0.000877225 0.0032821 8.60749e-05 -0.494458 0.0341457 0.0737893 0.000717249 -0.0337745 0.00193451
179.5 0.000478484 11.5309 -0.0126998 -0.0104423 0.887185 -0.014129 5.62905 0.000299875 0.00234282 0.00953856 0.000279559 -5.62802 0.0999467 0.887152 0.00190769 -0.0987869 0.251949 -0.00110137 -0.000905592 0.0769399 -0.00122532 0.488171 2.60063e-05 0.000203178 0.000827219 2.42444e-05 -0.488082 0.00866774 0.076937 0.000165442 -0.00856715 0.0218499
180 5.98114e-05 11.816 -4.20451e-16 -1.73195e-16 0.920586 1.50203e-16 5.7401 4.27938e-05 -1.31189e-15 1.62371e-16 4.27938e-05 -5.7401 -9.36522e-16 0.920651 -9.90823e-16 1.77536e-16 0.335801 -3.55832e-17 -1.46577e-17 0.0779101 1.27118e-17 0.48579 3.62168e-06 -1.11027e-16 1.37416e-17 3.62168e-06 -0.48579 -7.92587e-17 0.0779156 -8.38543e-17 1.5025e-17 0.0284192
