theta 2pi*dcos S11 S12 S13 S14 S21 S22 S23 S24 S31 S32 S33 S34 S41 S42 S43 S44 S12_norm S13_norm S14_norm S21_norm S22_norm S23_norm S24_norm S31_norm S32_norm S33_norm S34_norm S41_norm S42_norm S43_norm S44_norm
0 2.39246e-06 0.0399563 0 0 1.51991e-07 0 0.039822 1.80703e-08 0 0 -1.80703e-08 0.039822 0 1.51598e-07 0 0 0.0396878 0 0 3.80393e-06 0 0.996639 4.52253e-07 0 0 -4.52253e-07 0.996639 0 3.7941e-06 0 0 0.993278
0.1 1.91397e-05 0.0399562 -4.37534e-08 -2.32384e-14 1.51991e-07 -4.37534e-08 0.0398219 1.80704e-08 -1.03504e-13 5.0995e-14 -1.80704e-08 0.0398219 -9.11646e-10 1.51598e-07 -2.11e-13 9.11649e-10 0.0396877 -1.09503e-06 -5.81597e-13 3.80393e-06 -1.09503e-06 0.996639 4.52254e-07 -2.59043e-12 1.27627e-12 -4.52254e-07 0.996639 -2.28161e-08 3.79409e-06 -5.28077e-12 2.28162e-08 0.993278
0.2 3.82793e-05 0.0399559 -1.75012e-07 -9.29595e-14 1.51989e-07 -1.75012e-07 0.0398216 1.80704e-08 -4.14012e-13 2.03974e-13 -1.80704e-08 0.0398216 -3.64659e-09 1.51596e-07 -8.4399e-13 3.6466e-09 0.0396873 -4.38014e-06 -2.32655e-12 3.80392e-06 -4.38013e-06 0.996639 4.52259e-07 -1.03617e-11 5.10498e-12 -4.52259e-07 0.996639 -9.12653e-08 3.79409e-06 -2.1123e-11 9.12656e-08 0.993278
0.3 5.74188e-05 0.0399554 -3.93773e-07 -2.09156e-13 1.51987e-07 -3.93773e-07 0.0398211 1.80705e-08 -9.31514e-13 4.58941e-13 -1.80705e-08 0.0398211 -8.20483e-09 1.51594e-07 -1.89896e-12 8.20485e-09 0.0396868 -9.85532e-06 -5.23473e-12 3.80391e-06 -9.85532e-06 0.996639 4.52267e-07 -2.33138e-11 1.14863e-11 -4.52267e-07 0.996639 -2.0535e-07 3.79408e-06 -4.75269e-11 2.0535e-07 0.993278
0.4 7.65581e-05 0.0399547 -7.00031e-07 -3.71837e-13 1.51983e-07 -7.00031e-07 0.0398204 1.80706e-08 -1.65599e-12 8.15887e-13 -1.80706e-08 0.0398204 -1.45864e-08 1.51591e-07 -3.37587e-12 1.45864e-08 0.0396861 -1.75206e-05 -9.30647e-12 3.8039e-06 -1.75206e-05 0.996639 4.52278e-07 -4.14466e-11 2.04203e-11 -4.52278e-07 0.996639 -3.65073e-07 3.79407e-06 -8.44925e-11 3.65074e-07 0.993278
0.5 9.56972e-05 0.0399537 -1.09378e-06 -5.81005e-13 1.51979e-07 -1.09378e-06 0.0398194 1.80708e-08 -2.5874e-12 1.2748e-12 -1.80708e-08 0.0398194 -2.27913e-08 1.51587e-07 -5.27468e-12 2.27913e-08 0.0396852 -2.73761e-05 -1.45419e-11 3.80388e-06 -2.73761e-05 0.996639 4.52293e-07 -6.476e-11 3.19069e-11 -4.52293e-07 0.996639 -5.70441e-07 3.79405e-06 -1.3202e-10 5.70443e-07 0.993278
0.6 0.000114836 0.0399526 -1.575e-06 -8.36667e-13 1.51974e-07 -1.575e-06 0.0398183 1.8071e-08 -3.72573e-12 1.83567e-12 -1.8071e-08 0.0398183 -3.28195e-08 1.51582e-07 -7.59536e-12 3.28196e-08 0.0396841 -3.94217e-05 -2.09415e-11 3.80385e-06 -3.94217e-05 0.996639 4.5231e-07 -9.32536e-11 4.59462e-11 -4.5231e-07 0.996639 -8.2146e-07 3.79404e-06 -1.90109e-10 8.21463e-07 0.993278
0.7 0.000133974 0.0399513 -2.14369e-06 -1.13882e-12 1.51968e-07 -2.14369e-06 0.039817 1.80712e-08 -5.07092e-12 2.49849e-12 -1.80712e-08 0.039817 -4.46711e-08 1.51576e-07 -1.03378e-11 4.46712e-08 0.0396827 -5.36576e-05 -2.85053e-11 3.80383e-06 -5.36576e-05 0.996638 4.52331e-07 -1.26928e-10 6.25384e-11 -4.52331e-07 0.996638 -1.11814e-06 3.79401e-06 -2.58761e-10 1.11814e-06 0.993278
0.8 0.000153112 0.0399497 -2.79983e-06 -1.48748e-12 1.51961e-07 -2.79983e-06 0.0398154 1.80715e-08 -6.62291e-12 3.26324e-12 -1.80715e-08 0.0398154 -5.83461e-08 1.51569e-07 -1.3502e-11 5.83463e-08 0.0396812 -7.00837e-05 -3.72337e-11 3.8038e-06 -7.00837e-05 0.996638 4.52355e-07 -1.65781e-10 8.16836e-11 -4.52355e-07 0.996638 -1.46049e-06 3.79399e-06 -3.37975e-10 1.46049e-06 0.993278
0.9 0.00017225 0.039948 -3.5434e-06 -1.88264e-12 1.51953e-07 -3.5434e-06 0.0398137 1.80718e-08 -8.38165e-12 4.1299e-12 -1.80718e-08 0.0398137 -7.38445e-08 1.51561e-07 -1.70878e-11 7.38448e-08 0.0396794 -8.87003e-05 -4.71273e-11 3.80376e-06 -8.87003e-05 0.996638 4.52382e-07 -2.09814e-10 1.03382e-10 -4.52382e-07 0.996638 -1.84852e-06 3.79396e-06 -4.27752e-10 1.84852e-06 0.993278
1 0.000191387 0.039946 -4.37438e-06 -2.32433e-12 1.51944e-07 -4.37438e-06 0.0398117 1.80721e-08 -1.03471e-11 5.09846e-12 -1.80721e-08 0.0398117 -9.11664e-08 1.51552e-07 -2.10952e-11 9.11667e-08 0.0396775 -0.000109507 -5.81868e-11 3.80372e-06 -0.000109507 0.996638 4.52413e-07 -2.59027e-10 1.27634e-10 -4.52413e-07 0.996638 -2.28224e-06 3.79393e-06 -5.28092e-10 2.28225e-06 0.993277
1.1 0.000210523 0.0399439 -5.29276e-06 -2.81254e-12 1.51934e-07 -5.29276e-06 0.0398096 1.80724e-08 -1.25191e-11 6.16888e-12 -1.80724e-08 0.0398096 -1.10312e-07 1.51543e-07 -2.55239e-11 1.10312e-07 0.0396753 -0.000132505 -7.04124e-11 3.80368e-06 -0.000132505 0.996638 4.52446e-07 -3.13417e-10 1.54439e-10 -4.52446e-07 0.996638 -2.76167e-06 3.79389e-06 -6.38995e-10 2.76168e-06 0.993277
1.2 0.000229659 0.0399415 -6.2985e-06 -3.34729e-12 1.51923e-07 -6.2985e-06 0.0398072 1.80728e-08 -1.48976e-11 7.34115e-12 -1.80728e-08 0.0398072 -1.31281e-07 1.51532e-07 -3.0374e-11 1.31281e-07 0.039673 -0.000157693 -8.38049e-11 3.80363e-06 -0.000157693 0.996638 4.52483e-07 -3.72987e-10 1.83798e-10 -4.52483e-07 0.996638 -3.28683e-06 3.79386e-06 -7.60463e-10 3.28684e-06 0.993277
1.3 0.000248794 0.0399389 -7.39158e-06 -3.92859e-12 1.51911e-07 -7.39158e-06 0.0398046 1.80733e-08 -1.74826e-11 8.61524e-12 -1.80733e-08 0.0398046 -1.54073e-07 1.51521e-07 -3.56453e-11 1.54074e-07 0.0396704 -0.000185072 -9.8365e-11 3.80358e-06 -0.000185072 0.996638 4.52523e-07 -4.37734e-10 2.1571e-10 -4.52523e-07 0.996638 -3.85773e-06 3.79382e-06 -8.92494e-10 3.85774e-06 0.993277
1.4 0.000267929 0.0399361 -8.57198e-06 -4.55645e-12 1.51898e-07 -8.57197e-06 0.0398019 1.80737e-08 -2.02739e-11 9.99111e-12 -1.80737e-08 0.0398019 -1.7869e-07 1.51509e-07 -4.13375e-11 1.7869e-07 0.0396676 -0.000214642 -1.14093e-10 3.80352e-06 -0.000214642 0.996638 4.52566e-07 -5.07658e-10 2.50177e-10 -4.52566e-07 0.996638 -4.47439e-06 3.79377e-06 -1.03509e-09 4.4744e-06 0.993276
1.5 0.000287062 0.0399331 -9.83965e-06 -5.23089e-12 1.51884e-07 -9.83965e-06 0.0397989 1.80742e-08 -2.32714e-11 1.14687e-11 -1.80743e-08 0.0397989 -2.0513e-07 1.51495e-07 -4.74507e-11 2.0513e-07 0.0396646 -0.000246403 -1.30991e-10 3.80346e-06 -0.000246403 0.996637 4.52613e-07 -5.82759e-10 2.87199e-10 -4.52613e-07 0.996637 -5.13683e-06 3.79372e-06 -1.18825e-09 5.13684e-06 0.993276
1.6 0.000306195 0.03993 -1.11946e-05 -5.95191e-12 1.51869e-07 -1.11946e-05 0.0397957 1.80748e-08 -2.6475e-11 1.30481e-11 -1.80748e-08 0.0397957 -2.33393e-07 1.51481e-07 -5.39845e-11 2.33394e-07 0.0396615 -0.000280355 -1.49059e-10 3.80339e-06 -0.000280355 0.996637 4.52662e-07 -6.63036e-10 3.26775e-10 -4.52662e-07 0.996637 -5.84507e-06 3.79367e-06 -1.35198e-09 5.84509e-06 0.993276
1.7 0.000325327 0.0399266 -1.26367e-05 -6.71954e-12 1.51854e-07 -1.26367e-05 0.0397923 1.80754e-08 -2.98846e-11 1.47291e-11 -1.80754e-08 0.0397923 -2.63481e-07 1.51466e-07 -6.09389e-11 2.63482e-07 0.0396581 -0.000316499 -1.68297e-10 3.80333e-06 -0.000316498 0.996637 4.52715e-07 -7.48488e-10 3.68906e-10 -4.52715e-07 0.996637 -6.59914e-06 3.79362e-06 -1.52628e-09 6.59916e-06 0.993275
1.8 0.000344457 0.039923 -1.4166e-05 -7.53379e-12 1.51837e-07 -1.4166e-05 0.0397887 1.8076e-08 -3.35e-11 1.65118e-11 -1.8076e-08 0.0397887 -2.95393e-07 1.5145e-07 -6.83137e-11 2.95394e-07 0.0396545 -0.000354834 -1.88708e-10 3.80325e-06 -0.000354833 0.996637 4.52771e-07 -8.39115e-10 4.13592e-10 -4.52771e-07 0.996637 -7.39906e-06 3.79356e-06 -1.71114e-09 7.39909e-06 0.993275
1.9 0.000363587 0.0399191 -1.57824e-05 -8.39467e-12 1.5182e-07 -1.57824e-05 0.0397849 1.80766e-08 -3.73211e-11 1.83961e-11 -1.80766e-08 0.0397849 -3.29128e-07 1.51433e-07 -7.61085e-11 3.29129e-07 0.0396507 -0.00039536 -2.10292e-10 3.80318e-06 -0.00039536 0.996637 4.5283e-07 -9.34916e-10 4.60834e-10 -4.5283e-07 0.996637 -8.24487e-06 3.7935e-06 -1.90657e-09 8.24489e-06 0.993274
2 0.000382716 0.0399151 -1.7486e-05 -9.30221e-12 1.51801e-07 -1.7486e-05 0.0397809 1.80773e-08 -4.13477e-11 2.0382e-11 -1.80773e-08 0.0397809 -3.64688e-07 1.51415e-07 -8.43233e-11 3.64689e-07 0.0396467 -0.000438079 -2.3305e-10 3.80309e-06 -0.000438078 0.996636 4.52893e-07 -1.03589e-09 5.10633e-10 -4.52893e-07 0.996636 -9.13658e-06 3.79343e-06 -2.11257e-09 9.13661e-06 0.993274
2.1 0.000401843 0.0399109 -1.92765e-05 -1.02564e-11 1.51782e-07 -1.92765e-05 0.0397767 1.8078e-08 -4.55797e-11 2.24693e-11 -1.8078e-08 0.0397767 -4.02072e-07 1.51397e-07 -9.29579e-11 4.02073e-07 0.0396425 -0.000482989 -2.56983e-10 3.80301e-06 -0.000482989 0.996636 4.52958e-07 -1.14204e-09 5.62987e-10 -4.52958e-07 0.996636 -1.00742e-05 3.79336e-06 -2.32913e-09 1.00743e-05 0.993273
2.2 0.000420969 0.0399065 -2.11541e-05 -1.12573e-11 1.51761e-07 -2.11541e-05 0.0397722 1.80787e-08 -5.0017e-11 2.46582e-11 -1.80787e-08 0.0397722 -4.4128e-07 1.51377e-07 -1.02012e-10 4.41281e-07 0.039638 -0.000530092 -2.82093e-10 3.80292e-06 -0.000530092 0.996636 4.53027e-07 -1.25335e-09 6.17898e-10 -4.53027e-07 0.996636 -1.10578e-05 3.79329e-06 -2.55627e-09 1.10579e-05 0.993273
2.3 0.000440094 0.0399019 -2.31186e-05 -1.23049e-11 1.5174e-07 -2.31186e-05 0.0397676 1.80795e-08 -5.46592e-11 2.69484e-11 -1.80795e-08 0.0397676 -4.82312e-07 1.51357e-07 -1.11485e-10 4.82314e-07 0.0396334 -0.000579387 -3.0838e-10 3.80282e-06 -0.000579387 0.996636 4.53099e-07 -1.36984e-09 6.75367e-10 -4.53099e-07 0.996635 -1.20875e-05 3.79322e-06 -2.79398e-09 1.20875e-05 0.993272
2.4 0.000459218 0.039897 -2.517e-05 -1.33993e-11 1.51717e-07 -2.517e-05 0.0397628 1.80803e-08 -5.95064e-11 2.934e-11 -1.80803e-08 0.0397628 -5.25169e-07 1.51335e-07 -1.21377e-10 5.25171e-07 0.0396286 -0.000630875 -3.35847e-10 3.80273e-06 -0.000630874 0.996635 4.53174e-07 -1.4915e-09 7.35393e-10 -4.53174e-07 0.996635 -1.31631e-05 3.79314e-06 -3.04226e-09 1.31632e-05 0.993272
2.5 0.00047834 0.039892 -2.73083e-05 -1.45404e-11 1.51694e-07 -2.73083e-05 0.0397578 1.80811e-08 -6.45582e-11 3.18329e-11 -1.80812e-08 0.0397577 -5.6985e-07 1.51313e-07 -1.31688e-10 5.69852e-07 0.0396236 -0.000684555 -3.64495e-10 3.80262e-06 -0.000684555 0.996635 4.53253e-07 -1.61833e-09 7.97978e-10 -4.53253e-07 0.996635 -1.42848e-05 3.79306e-06 -3.30112e-09 1.42849e-05 0.993271
2.6 0.000497461 0.0398867 -2.95333e-05 -1.57283e-11 1.5167e-07 -2.95333e-05 0.0397525 1.8082e-08 -6.98145e-11 3.44271e-11 -1.8082e-08 0.0397525 -6.16356e-07 1.51289e-07 -1.42417e-10 6.16358e-07 0.0396183 -0.000740429 -3.94325e-10 3.80252e-06 -0.000740429 0.996635 4.53334e-07 -1.75032e-09 8.63121e-10 -4.53334e-07 0.996635 -1.54527e-05 3.79298e-06 -3.57054e-09 1.54527e-05 0.993271
2.7 0.00051658 0.0398813 -3.18451e-05 -1.6963e-11 1.51645e-07 -3.18451e-05 0.0397471 1.80829e-08 -7.52751e-11 3.71224e-11 -1.80829e-08 0.0397471 -6.64687e-07 1.51265e-07 -1.53565e-10 6.64689e-07 0.0396129 -0.000798496 -4.25338e-10 3.80241e-06 -0.000798496 0.996634 4.53419e-07 -1.88748e-09 9.30823e-10 -4.53419e-07 0.996634 -1.66666e-05 3.79289e-06 -3.85055e-09 1.66667e-05 0.99327
2.8 0.000535698 0.0398756 -3.42435e-05 -1.82446e-11 1.51619e-07 -3.42435e-05 0.0397414 1.80839e-08 -8.09397e-11 3.99189e-11 -1.80839e-08 0.0397414 -7.14843e-07 1.5124e-07 -1.6513e-10 7.14845e-07 0.0396073 -0.000858757 -4.57537e-10 3.80229e-06 -0.000858757 0.996634 4.53507e-07 -2.0298e-09 1.00109e-09 -4.53507e-07 0.996634 -1.79268e-05 3.7928e-06 -4.14113e-09 1.79269e-05 0.993269
2.9 0.000554814 0.0398698 -3.67285e-05 -1.9573e-11 1.51592e-07 -3.67285e-05 0.0397356 1.80849e-08 -8.68082e-11 4.28164e-11 -1.80849e-08 0.0397356 -7.66824e-07 1.51214e-07 -1.77113e-10 7.66826e-07 0.0396014 -0.000921212 -4.90923e-10 3.80217e-06 -0.000921212 0.996634 4.53598e-07 -2.17729e-09 1.07391e-09 -4.53598e-07 0.996633 -1.92332e-05 3.7927e-06 -4.44228e-09 1.92333e-05 0.993269
3 0.000573928 0.0398637 -3.93001e-05 -2.09483e-11 1.51564e-07 -3.93001e-05 0.0397295 1.80859e-08 -9.28802e-11 4.5815e-11 -1.80859e-08 0.0397295 -8.20629e-07 1.51187e-07 -1.89513e-10 8.20632e-07 0.0395954 -0.000985861 -5.25497e-10 3.80205e-06 -0.000985861 0.996634 4.53692e-07 -2.32994e-09 1.14929e-09 -4.53693e-07 0.996633 -2.05859e-05 3.79261e-06 -4.75402e-09 2.05859e-05 0.993268
3.1 0.00059304 0.0398574 -4.19581e-05 -2.23705e-11 1.51535e-07 -4.19581e-05 0.0397233 1.80869e-08 -9.91557e-11 4.89144e-11 -1.80869e-08 0.0397232 -8.76261e-07 1.5116e-07 -2.0233e-10 8.76264e-07 0.0395891 -0.0010527 -5.61263e-10 3.80192e-06 -0.0010527 0.996633 4.5379e-07 -2.48776e-09 1.22723e-09 -4.5379e-07 0.996633 -2.19849e-05 3.79251e-06 -5.07633e-09 2.19849e-05 0.993267
3.2 0.000612151 0.039851 -4.47026e-05 -2.38396e-11 1.51505e-07 -4.47025e-05 0.0397168 1.8088e-08 -1.05634e-10 5.21147e-11 -1.8088e-08 0.0397168 -9.33717e-07 1.51131e-07 -2.15563e-10 9.3372e-07 0.0395826 -0.00112174 -5.9822e-10 3.80179e-06 -0.00112174 0.996633 4.53891e-07 -2.65073e-09 1.30774e-09 -4.53891e-07 0.996632 -2.34302e-05 3.7924e-06 -5.40922e-09 2.34303e-05 0.993266
3.3 0.00063126 0.0398443 -4.75333e-05 -2.53558e-11 1.51474e-07 -4.75333e-05 0.0397101 1.80891e-08 -1.12316e-10 5.54158e-11 -1.80891e-08 0.0397101 -9.92999e-07 1.51101e-07 -2.29212e-10 9.93002e-07 0.039576 -0.00119298 -6.36372e-10 3.80166e-06 -0.00119298 0.996632 4.53995e-07 -2.81886e-09 1.39081e-09 -4.53995e-07 0.996632 -2.4922e-05 3.79229e-06 -5.7527e-09 2.49221e-05 0.993266
3.4 0.000650367 0.0398374 -5.04503e-05 -2.69189e-11 1.51443e-07 -5.04503e-05 0.0397032 1.80902e-08 -1.192e-10 5.88175e-11 -1.80903e-08 0.0397032 -1.05411e-06 1.51071e-07 -2.43277e-10 1.05411e-06 0.0395691 -0.00126641 -6.7572e-10 3.80152e-06 -0.0012664 0.996632 4.54102e-07 -2.99215e-09 1.47644e-09 -4.54102e-07 0.996631 -2.64602e-05 3.79218e-06 -6.10676e-09 2.64603e-05 0.993265
3.5 0.000669472 0.0398303 -5.34535e-05 -2.85291e-11 1.5141e-07 -5.34535e-05 0.0396962 1.80914e-08 -1.26286e-10 6.23199e-11 -1.80914e-08 0.0396961 -1.11704e-06 1.51039e-07 -2.57758e-10 1.11704e-06 0.039562 -0.00134203 -7.16266e-10 3.80137e-06 -0.00134203 0.996632 4.54212e-07 -3.1706e-09 1.56464e-09 -4.54213e-07 0.996631 -2.8045e-05 3.79207e-06 -6.4714e-09 2.80451e-05 0.993264
3.6 0.000688575 0.039823 -5.65428e-05 -3.01864e-11 1.51376e-07 -5.65428e-05 0.0396889 1.80926e-08 -1.33574e-10 6.59229e-11 -1.80927e-08 0.0396888 -1.1818e-06 1.51007e-07 -2.72654e-10 1.1818e-06 0.0395548 -0.00141985 -7.58012e-10 3.80123e-06 -0.00141985 0.996631 4.54325e-07 -3.3542e-09 1.65539e-09 -4.54326e-07 0.99663 -2.96763e-05 3.79195e-06 -6.84663e-09 2.96764e-05 0.993263
3.7 0.000707676 0.0398156 -5.97181e-05 -3.18907e-11 1.51342e-07 -5.9718e-05 0.0396814 1.80939e-08 -1.41065e-10 6.96262e-11 -1.80939e-08 0.0396814 -1.24838e-06 1.50974e-07 -2.87964e-10 1.24839e-06 0.0395473 -0.00149987 -8.00962e-10 3.80107e-06 -0.00149987 0.996631 4.54442e-07 -3.54295e-09 1.74872e-09 -4.54443e-07 0.99663 -3.13542e-05 3.79183e-06 -7.23244e-09 3.13543e-05 0.993262
3.8 0.000726775 0.0398079 -6.29793e-05 -3.36422e-11 1.51306e-07 -6.29793e-05 0.0396737 1.80951e-08 -1.48756e-10 7.343e-11 -1.80952e-08 0.0396737 -1.3168e-06 1.5094e-07 -3.03688e-10 1.3168e-06 0.0395396 -0.00158208 -8.45115e-10 3.80092e-06 -0.00158208 0.99663 4.54562e-07 -3.73686e-09 1.84461e-09 -4.54563e-07 0.996629 -3.30788e-05 3.79171e-06 -7.62885e-09 3.30789e-05 0.993261
3.9 0.000745871 0.0398 -6.63263e-05 -3.54409e-11 1.5127e-07 -6.63263e-05 0.0396658 1.80964e-08 -1.56649e-10 7.7334e-11 -1.80965e-08 0.0396658 -1.38703e-06 1.50905e-07 -3.19826e-10 1.38704e-06 0.0395317 -0.00166649 -8.90476e-10 3.80076e-06 -0.00166649 0.99663 4.54685e-07 -3.93591e-09 1.94307e-09 -4.54686e-07 0.996629 -3.48502e-05 3.79158e-06 -8.03584e-09 3.48503e-05 0.99326
4 0.000764965 0.0397919 -6.97591e-05 -3.72868e-11 1.51233e-07 -6.97591e-05 0.0396577 1.80978e-08 -1.64743e-10 8.13382e-11 -1.80978e-08 0.0396577 -1.4591e-06 1.50869e-07 -3.36377e-10 1.4591e-06 0.0395236 -0.0017531 -9.37047e-10 3.80059e-06 -0.0017531 0.996629 4.54811e-07 -4.14012e-09 2.04409e-09 -4.54812e-07 0.996628 -3.66683e-05 3.79145e-06 -8.45343e-09 3.66684e-05 0.993259
4.1 0.000784057 0.0397835 -7.32776e-05 -3.918e-11 1.51194e-07 -7.32776e-05 0.0396494 1.80992e-08 -1.73037e-10 8.54425e-11 -1.80992e-08 0.0396494 -1.53299e-06 1.50832e-07 -3.53342e-10 1.533e-06 0.0395153 -0.00184191 -9.84829e-10 3.80042e-06 -0.00184191 0.996629 4.54941e-07 -4.34947e-09 2.14769e-09 -4.54942e-07 0.996627 -3.85333e-05 3.79132e-06 -8.8816e-09 3.85334e-05 0.993258
4.2 0.000803147 0.039775 -7.68817e-05 -4.11204e-11 1.51155e-07 -7.68817e-05 0.0396409 1.81006e-08 -1.81532e-10 8.96469e-11 -1.81006e-08 0.0396409 -1.60871e-06 1.50794e-07 -3.70718e-10 1.60871e-06 0.0395068 -0.00193291 -1.03383e-09 3.80025e-06 -0.00193291 0.996629 4.55073e-07 -4.56396e-09 2.25385e-09 -4.55075e-07 0.996627 -4.04452e-05 3.79118e-06 -9.32038e-09 4.04453e-05 0.993257
4.3 0.000822234 0.0397663 -8.05712e-05 -4.31082e-11 1.51115e-07 -8.05712e-05 0.0396322 1.8102e-08 -1.90226e-10 9.39511e-11 -1.8102e-08 0.0396322 -1.68625e-06 1.50756e-07 -3.88507e-10 1.68626e-06 0.0394981 -0.00202612 -1.08404e-09 3.80008e-06 -0.00202612 0.996628 4.55209e-07 -4.7836e-09 2.36258e-09 -4.5521e-07 0.996626 -4.24041e-05 3.79104e-06 -9.76974e-09 4.24042e-05 0.993256
4.4 0.000841318 0.0397574 -8.43461e-05 -4.51434e-11 1.51074e-07 -8.43461e-05 0.0396233 1.81035e-08 -1.9912e-10 9.83551e-11 -1.81035e-08 0.0396232 -1.76563e-06 1.50716e-07 -4.06707e-10 1.76563e-06 0.0394892 -0.00212152 -1.13547e-09 3.79989e-06 -0.00212152 0.996628 4.55348e-07 -5.00838e-09 2.47388e-09 -4.55349e-07 0.996625 -4.441e-05 3.7909e-06 -1.02297e-08 4.44102e-05 0.993255
4.5 0.0008604 0.0397483 -8.82063e-05 -4.7226e-11 1.51032e-07 -8.82063e-05 0.0396142 1.81049e-08 -2.08213e-10 1.02859e-10 -1.8105e-08 0.0396141 -1.84683e-06 1.50676e-07 -4.25318e-10 1.84683e-06 0.0394801 -0.00221912 -1.18813e-09 3.79971e-06 -0.00221912 0.996627 4.5549e-07 -5.2383e-09 2.58775e-09 -4.55492e-07 0.996625 -4.64631e-05 3.79075e-06 -1.07003e-08 4.64632e-05 0.993253
4.6 0.00087948 0.039739 -9.21516e-05 -4.9356e-11 1.50989e-07 -9.21516e-05 0.0396049 1.81065e-08 -2.17505e-10 1.07462e-10 -1.81066e-08 0.0396048 -1.92985e-06 1.50635e-07 -4.44339e-10 1.92986e-06 0.0394708 -0.00231892 -1.242e-09 3.79952e-06 -0.00231892 0.996626 4.55635e-07 -5.47335e-09 2.7042e-09 -4.55637e-07 0.996624 -4.85633e-05 3.7906e-06 -1.11814e-08 4.85634e-05 0.993252
4.7 0.000898556 0.0397295 -9.61821e-05 -5.15335e-11 1.50945e-07 -9.6182e-05 0.0395954 1.8108e-08 -2.26996e-10 1.12165e-10 -1.81081e-08 0.0395953 -2.01471e-06 1.50592e-07 -4.6377e-10 2.01472e-06 0.0394613 -0.00242093 -1.29711e-09 3.79933e-06 -0.00242093 0.996626 4.55784e-07 -5.71354e-09 2.82322e-09 -4.55786e-07 0.996623 -5.07107e-05 3.79045e-06 -1.16732e-08 5.07109e-05 0.993251
4.8 0.00091763 0.0397197 -0.000100297 -5.37586e-11 1.509e-07 -0.000100297 0.0395857 1.81096e-08 -2.36685e-10 1.16967e-10 -1.81097e-08 0.0395856 -2.10139e-06 1.50549e-07 -4.83611e-10 2.1014e-06 0.0394516 -0.00252513 -1.35345e-09 3.79913e-06 -0.00252513 0.996625 4.55935e-07 -5.95887e-09 2.94481e-09 -4.55938e-07 0.996622 -5.29055e-05 3.79029e-06 -1.21756e-08 5.29057e-05 0.99325
4.9 0.000936701 0.0397098 -0.000104498 -5.60313e-11 1.50855e-07 -0.000104498 0.0395758 1.81112e-08 -2.46571e-10 1.21868e-10 -1.81113e-08 0.0395756 -2.18991e-06 1.50505e-07 -5.0386e-10 2.18991e-06 0.0394417 -0.00263154 -1.41102e-09 3.79893e-06 -0.00263153 0.996625 4.5609e-07 -6.20933e-09 3.06898e-09 -4.56093e-07 0.996621 -5.51477e-05 3.79013e-06 -1.26886e-08 5.51479e-05 0.993248
5 0.00095577 0.0396997 -0.000108783 -5.83516e-11 1.50808e-07 -0.000108783 0.0395657 1.81129e-08 -2.56655e-10 1.26869e-10 -1.8113e-08 0.0395655 -2.28024e-06 1.50461e-07 -5.24518e-10 2.28025e-06 0.0394316 -0.00274014 -1.46983e-09 3.79872e-06 -0.00274014 0.996624 4.56248e-07 -6.46491e-09 3.19572e-09 -4.56251e-07 0.996621 -5.74374e-05 3.78997e-06 -1.32122e-08 5.74376e-05 0.993247
5.1 0.000974835 0.0396893 -0.000113152 -6.07196e-11 1.5076e-07 -0.000113152 0.0395553 1.81146e-08 -2.66936e-10 1.31969e-10 -1.81147e-08 0.0395552 -2.37241e-06 1.50415e-07 -5.45584e-10 2.37242e-06 0.0394213 -0.00285095 -1.52987e-09 3.79851e-06 -0.00285095 0.996624 4.56409e-07 -6.72563e-09 3.32504e-09 -4.56412e-07 0.99662 -5.97746e-05 3.7898e-06 -1.37463e-08 5.97748e-05 0.993246
5.2 0.000993897 0.0396788 -0.000117607 -6.31353e-11 1.50712e-07 -0.000117607 0.0395448 1.81163e-08 -2.77413e-10 1.37167e-10 -1.81164e-08 0.0395446 -2.46641e-06 1.50368e-07 -5.67056e-10 2.46642e-06 0.0394107 -0.00296396 -1.59116e-09 3.7983e-06 -0.00296396 0.996623 4.56574e-07 -6.99147e-09 3.45694e-09 -4.56577e-07 0.996619 -6.21594e-05 3.78963e-06 -1.42912e-08 6.21596e-05 0.993244
5.3 0.00101296 0.0396681 -0.000122145 -6.55988e-11 1.50663e-07 -0.000122145 0.0395341 1.8118e-08 -2.88087e-10 1.42464e-10 -1.81182e-08 0.0395339 -2.56224e-06 1.50321e-07 -5.88935e-10 2.56225e-06 0.0394 -0.00307918 -1.65369e-09 3.79808e-06 -0.00307918 0.996622 4.56741e-07 -7.26243e-09 3.59141e-09 -4.56745e-07 0.996618 -6.45919e-05 3.78946e-06 -1.48466e-08 6.45921e-05 0.993243
5.4 0.00103201 0.0396571 -0.000126768 -6.81101e-11 1.50612e-07 -0.000126768 0.0395232 1.81198e-08 -2.98956e-10 1.4786e-10 -1.812e-08 0.039523 -2.65989e-06 1.50272e-07 -6.11221e-10 2.6599e-06 0.0393891 -0.0031966 -1.71747e-09 3.79786e-06 -0.0031966 0.996622 4.56912e-07 -7.53851e-09 3.72847e-09 -4.56916e-07 0.996617 -6.70722e-05 3.78929e-06 -1.54126e-08 6.70724e-05 0.993241
5.5 0.00105107 0.039646 -0.000131475 -7.06693e-11 1.50561e-07 -0.000131475 0.0395121 1.81216e-08 -3.10021e-10 1.53355e-10 -1.81218e-08 0.0395118 -2.75938e-06 1.50223e-07 -6.33911e-10 2.75939e-06 0.039378 -0.00331622 -1.78251e-09 3.79763e-06 -0.00331622 0.996621 4.57086e-07 -7.81972e-09 3.8681e-09 -4.5709e-07 0.996616 -6.96004e-05 3.78911e-06 -1.59893e-08 6.96006e-05 0.993239
5.6 0.00107012 0.0396347 -0.000136266 -7.32765e-11 1.50509e-07 -0.000136266 0.0395007 1.81235e-08 -3.2128e-10 1.58948e-10 -1.81236e-08 0.0395005 -2.86069e-06 1.50173e-07 -6.57006e-10 2.8607e-06 0.0393667 -0.00343805 -1.8488e-09 3.7974e-06 -0.00343805 0.996621 4.57263e-07 -8.10604e-09 4.01032e-09 -4.57267e-07 0.996615 -7.21765e-05 3.78892e-06 -1.65766e-08 7.21767e-05 0.993238
5.7 0.00108916 0.0396231 -0.000141141 -7.59316e-11 1.50456e-07 -0.000141141 0.0394892 1.81253e-08 -3.32734e-10 1.64639e-10 -1.81255e-08 0.039489 -2.96384e-06 1.50122e-07 -6.80506e-10 2.96385e-06 0.0393551 -0.00356208 -1.91635e-09 3.79717e-06 -0.00356208 0.99662 4.57443e-07 -8.39747e-09 4.15512e-09 -4.57447e-07 0.996614 -7.48006e-05 3.78874e-06 -1.71745e-08 7.48009e-05 0.993236
5.8 0.00110821 0.0396114 -0.0001461 -7.86348e-11 1.50402e-07 -0.0001461 0.0394775 1.81272e-08 -3.44382e-10 1.70428e-10 -1.81274e-08 0.0394772 -3.06881e-06 1.5007e-07 -7.04409e-10 3.06882e-06 0.0393434 -0.00368832 -1.98516e-09 3.79693e-06 -0.00368832 0.996619 4.57626e-07 -8.69402e-09 4.30251e-09 -4.57631e-07 0.996612 -7.74729e-05 3.78855e-06 -1.7783e-08 7.74732e-05 0.993234
5.9 0.00112725 0.0395995 -0.000151142 -8.13861e-11 1.50347e-07 -0.000151142 0.0394656 1.81291e-08 -3.56224e-10 1.76316e-10 -1.81293e-08 0.0394653 -3.17561e-06 1.50017e-07 -7.28714e-10 3.17563e-06 0.0393315 -0.00381677 -2.05523e-09 3.79669e-06 -0.00381677 0.996619 4.57813e-07 -8.99567e-09 4.45248e-09 -4.57818e-07 0.996611 -8.01934e-05 3.78836e-06 -1.84021e-08 8.01936e-05 0.993232
6 0.00172656 0.0395873 -0.000156268 -8.41855e-11 1.50291e-07 -0.000156268 0.0394534 1.81311e-08 -3.68258e-10 1.82301e-10 -1.81313e-08 0.0394531 -3.28425e-06 1.49963e-07 -7.53422e-10 3.28426e-06 0.0393193 -0.00394743 -2.12658e-09 3.79644e-06 -0.00394742 0.996618 4.58002e-07 -9.30243e-09 4.60503e-09 -4.58008e-07 0.99661 -8.29622e-05 3.78816e-06 -1.90319e-08 8.29624e-05 0.993231
6.2 0.00236869 0.0395625 -0.00016677 -8.99289e-11 1.50177e-07 -0.00016677 0.0394286 1.81351e-08 -3.92905e-10 1.94564e-10 -1.81353e-08 0.0394282 -3.50701e-06 1.49853e-07 -8.04042e-10 3.50702e-06 0.0392945 -0.00421536 -2.27309e-09 3.79594e-06 -0.00421536 0.996616 4.58391e-07 -9.93127e-09 4.91791e-09 -4.58397e-07 0.996608 -8.8645e-05 3.78776e-06 -2.03234e-08 8.86453e-05 0.993227
6.4 0.00244479 0.0395368 -0.000177604 -9.58657e-11 1.50059e-07 -0.000177604 0.039403 1.81392e-08 -4.18319e-10 2.07218e-10 -1.81395e-08 0.0394026 -3.7371e-06 1.4974e-07 -8.56262e-10 3.73711e-06 0.0392688 -0.00449212 -2.42472e-09 3.79542e-06 -0.00449212 0.996615 4.58792e-07 -1.05805e-08 5.24114e-09 -4.588e-07 0.996605 -9.45221e-05 3.78735e-06 -2.16574e-08 9.45224e-05 0.993223
6.6 0.00252085 0.0395103 -0.00018877 -1.01996e-10 1.49937e-07 -0.00018877 0.0393765 1.81434e-08 -4.44495e-10 2.2026e-10 -1.81437e-08 0.0393761 -3.97451e-06 1.49623e-07 -9.10077e-10 3.97453e-06 0.0392424 -0.00477773 -2.58151e-09 3.79488e-06 -0.00477773 0.996614 4.59206e-07 -1.12501e-08 5.57474e-09 -4.59215e-07 0.996602 -0.000100594 3.78693e-06 -2.30339e-08 0.000100595 0.993219
6.8 0.00259689 0.0394831 -0.000200265 -1.08321e-10 1.49812e-07 -0.000200265 0.0393493 1.81477e-08 -4.7143e-10 2.33689e-10 -1.81481e-08 0.0393488 -4.21926e-06 1.49502e-07 -9.6548e-10 4.21927e-06 0.0392151 -0.00507218 -2.74348e-09 3.79433e-06 -0.00507218 0.996612 4.59633e-07 -1.19401e-08 5.91872e-09 -4.59642e-07 0.996599 -0.000106862 3.78649e-06 -2.4453e-08 0.000106863 0.993214
7 0.00267289 0.039455 -0.00021209 -1.1484e-10 1.49683e-07 -0.00021209 0.0393213 1.81521e-08 -4.9912e-10 2.47504e-10 -1.81526e-08 0.0393207 -4.47133e-06 1.49378e-07 -1.02247e-09 4.47134e-06 0.0391871 -0.00537549 -2.91066e-09 3.79376e-06 -0.00537549 0.99661 4.60072e-07 -1.26504e-08 6.27308e-09 -4.60082e-07 0.996596 -0.000113327 3.78604e-06 -2.59148e-08 0.000113328 0.993209
7.2 0.00274886 0.0394262 -0.000224242 -1.21555e-10 1.4955e-07 -0.000224242 0.0392925 1.81567e-08 -5.27561e-10 2.61705e-10 -1.81571e-08 0.0392918 -4.73074e-06 1.49251e-07 -1.08103e-09 4.73075e-06 0.0391582 -0.00568765 -3.0831e-09 3.79318e-06 -0.00568765 0.996609 4.60524e-07 -1.3381e-08 6.63784e-09 -4.60535e-07 0.996592 -0.00011999 3.78557e-06 -2.74191e-08 0.00011999 0.993205
7.4 0.0028248 0.0393965 -0.000236721 -1.28465e-10 1.49414e-07 -0.000236721 0.0392629 1.81613e-08 -5.56747e-10 2.76288e-10 -1.81618e-08 0.0392621 -4.99748e-06 1.4912e-07 -1.14116e-09 4.99749e-06 0.0391286 -0.00600867 -3.26083e-09 3.79257e-06 -0.00600867 0.996607 4.60988e-07 -1.41319e-08 7.01301e-09 -4.61001e-07 0.996589 -0.000126851 3.7851e-06 -2.89661e-08 0.000126851 0.993199
7.6 0.00290071 0.0393661 -0.000249525 -1.35572e-10 1.49275e-07 -0.000249525 0.0392325 1.81661e-08 -5.86674e-10 2.91254e-10 -1.81666e-08 0.0392317 -5.27155e-06 1.48985e-07 -1.20286e-09 5.27157e-06 0.0390982 -0.00633856 -3.44387e-09 3.79196e-06 -0.00633856 0.996605 4.61465e-07 -1.4903e-08 7.3986e-09 -4.61479e-07 0.996585 -0.000133911 3.78461e-06 -3.05557e-08 0.000133911 0.993194
7.8 0.00297657 0.0393349 -0.000262652 -1.42875e-10 1.49131e-07 -0.000262652 0.0392013 1.81709e-08 -6.17339e-10 3.06601e-10 -1.81716e-08 0.0392004 -5.55297e-06 1.48848e-07 -1.26611e-09 5.55299e-06 0.039067 -0.00667732 -3.63228e-09 3.79133e-06 -0.00667732 0.996603 4.61954e-07 -1.56944e-08 7.79462e-09 -4.6197e-07 0.996581 -0.000141172 3.78411e-06 -3.2188e-08 0.000141172 0.993188
8 0.00305241 0.0393029 -0.000276102 -1.50376e-10 1.48985e-07 -0.000276102 0.0391694 1.81759e-08 -6.48736e-10 3.22327e-10 -1.81766e-08 0.0391684 -5.84173e-06 1.48706e-07 -1.33092e-09 5.84175e-06 0.039035 -0.00702497 -3.82608e-09 3.79068e-06 -0.00702496 0.996602 4.62456e-07 -1.6506e-08 8.20109e-09 -4.62474e-07 0.996577 -0.000148633 3.78359e-06 -3.3863e-08 0.000148634 0.993182
8.2 0.0031282 0.0392702 -0.000289873 -1.58075e-10 1.48834e-07 -0.000289873 0.0391367 1.81809e-08 -6.8086e-10 3.38431e-10 -1.81817e-08 0.0391356 -6.13783e-06 1.48562e-07 -1.39726e-09 6.13785e-06 0.0390022 -0.00738149 -4.02532e-09 3.79001e-06 -0.00738149 0.9966 4.6297e-07 -1.73378e-08 8.618e-09 -4.6299e-07 0.996572 -0.000156297 3.78307e-06 -3.55808e-08 0.000156298 0.993176
8.4 0.00320396 0.0392366 -0.000303963 -1.65972e-10 1.48681e-07 -0.000303963 0.0391032 1.81861e-08 -7.13706e-10 3.5491e-10 -1.81869e-08 0.039102 -6.44128e-06 1.48414e-07 -1.46515e-09 6.4413e-06 0.0389687 -0.00774691 -4.23003e-09 3.78933e-06 -0.00774691 0.996598 4.63497e-07 -1.81898e-08 9.04538e-09 -4.63518e-07 0.996568 -0.000164165 3.78253e-06 -3.73413e-08 0.000164165 0.99317
8.6 0.00327968 0.0392023 -0.000318371 -1.74069e-10 1.48523e-07 -0.000318371 0.0390689 1.81913e-08 -7.4727e-10 3.71765e-10 -1.81922e-08 0.0390676 -6.75207e-06 1.48262e-07 -1.53456e-09 6.75209e-06 0.0389343 -0.00812123 -4.44027e-09 3.78864e-06 -0.00812123 0.996596 4.64036e-07 -1.90619e-08 9.48324e-09 -4.6406e-07 0.996563 -0.000172236 3.78198e-06 -3.91445e-08 0.000172237 0.993163
8.8 0.00335535 0.0391672 -0.000333096 -1.82365e-10 1.48363e-07 -0.000333096 0.0390338 1.81966e-08 -7.81547e-10 3.88993e-10 -1.81976e-08 0.0390324 -7.07021e-06 1.48108e-07 -1.60549e-09 7.07024e-06 0.0388992 -0.00850446 -4.65606e-09 3.78792e-06 -0.00850445 0.996594 4.64588e-07 -1.99541e-08 9.93159e-09 -4.64614e-07 0.996557 -0.000180513 3.78141e-06 -4.09905e-08 0.000180514 0.993156
9 0.00343099 0.0391314 -0.000348136 -1.90861e-10 1.48198e-07 -0.000348136 0.038998 1.8202e-08 -8.1653e-10 4.06592e-10 -1.82031e-08 0.0389965 -7.39571e-06 1.47949e-07 -1.67793e-09 7.39573e-06 0.0388633 -0.00889659 -4.87745e-09 3.7872e-06 -0.00889659 0.996592 4.65152e-07 -2.08664e-08 1.03904e-08 -4.6518e-07 0.996552 -0.000188997 3.78084e-06 -4.28794e-08 0.000188997 0.993149
9.2 0.00350659 0.0390948 -0.000363489 -1.99559e-10 1.48031e-07 -0.000363489 0.0389614 1.82075e-08 -8.52215e-10 4.24562e-10 -1.82088e-08 0.0389597 -7.72856e-06 1.47788e-07 -1.75188e-09 7.72858e-06 0.0388266 -0.00929764 -5.10449e-09 3.78646e-06 -0.00929764 0.99659 4.65728e-07 -2.17987e-08 1.08598e-08 -4.65759e-07 0.996546 -0.000197688 3.78025e-06 -4.48111e-08 0.000197688 0.993141
9.4 0.00358214 0.0390574 -0.000379154 -2.08458e-10 1.47859e-07 -0.000379154 0.0389241 1.82131e-08 -8.88597e-10 4.42899e-10 -1.82144e-08 0.0389222 -8.06877e-06 1.47623e-07 -1.82732e-09 8.06879e-06 0.0387892 -0.00970762 -5.33723e-09 3.7857e-06 -0.00970762 0.996587 4.66317e-07 -2.27511e-08 1.13397e-08 -4.66351e-07 0.99654 -0.000206588 3.77965e-06 -4.67856e-08 0.000206588 0.993133
9.6 0.00365765 0.0390192 -0.000395129 -2.17559e-10 1.47685e-07 -0.000395129 0.038886 1.82188e-08 -9.25669e-10 4.61603e-10 -1.82202e-08 0.038884 -8.41633e-06 1.47455e-07 -1.90426e-09 8.41636e-06 0.0387509 -0.0101265 -5.5757e-09 3.78492e-06 -0.0101265 0.996585 4.66918e-07 -2.37234e-08 1.18301e-08 -4.66955e-07 0.996534 -0.000215697 3.77903e-06 -4.88031e-08 0.000215698 0.993124
9.8 0.00373311 0.0389803 -0.000411413 -2.26864e-10 1.47507e-07 -0.000411413 0.0388471 1.82245e-08 -9.63426e-10 4.80671e-10 -1.82261e-08 0.0388449 -8.77126e-06 1.47284e-07 -1.98267e-09 8.77129e-06 0.0387119 -0.0105544 -5.81996e-09 3.78413e-06 -0.0105544 0.996583 4.67532e-07 -2.47157e-08 1.23311e-08 -4.67572e-07 0.996527 -0.000225018 3.77841e-06 -5.08634e-08 0.000225018 0.993115
10 0.00380853 0.0389406 -0.000428004 -2.36372e-10 1.47325e-07 -0.000428004 0.0388075 1.82304e-08 -1.00186e-09 5.00103e-10 -1.8232e-08 0.0388051 -9.13355e-06 1.47109e-07 -2.06256e-09 9.13358e-06 0.0386722 -0.0109912 -6.07005e-09 3.78333e-06 -0.0109912 0.996581 4.68158e-07 -2.5728e-08 1.28427e-08 -4.68201e-07 0.99652 -0.000234551 3.77777e-06 -5.29667e-08 0.000234551 0.993106
10.2 0.0038839 0.0389002 -0.000444899 -2.46084e-10 1.4714e-07 -0.000444899 0.0387671 1.82363e-08 -1.04097e-09 5.19895e-10 -1.82381e-08 0.0387645 -9.5032e-06 1.46931e-07 -2.14391e-09 9.50323e-06 0.0386317 -0.0114369 -6.32603e-09 3.78251e-06 -0.0114369 0.996578 4.68796e-07 -2.67601e-08 1.33648e-08 -4.68843e-07 0.996512 -0.000244297 3.77712e-06 -5.5113e-08 0.000244298 0.993097
10.4 0.00395923 0.038859 -0.000462098 -2.56001e-10 1.46952e-07 -0.000462098 0.038726 1.82422e-08 -1.08075e-09 5.40046e-10 -1.82442e-08 0.0387232 -9.88023e-06 1.4675e-07 -2.22671e-09 9.88026e-06 0.0385904 -0.0118917 -6.58794e-09 3.78168e-06 -0.0118916 0.996576 4.69447e-07 -2.78121e-08 1.38976e-08 -4.69497e-07 0.996505 -0.000254258 3.77646e-06 -5.73022e-08 0.000254259 0.993087
10.6 0.0040345 0.0388171 -0.000479599 -2.66124e-10 1.46761e-07 -0.000479598 0.0386841 1.82483e-08 -1.12119e-09 5.60555e-10 -1.82504e-08 0.0386811 -1.02646e-05 1.46565e-07 -2.31095e-09 1.02647e-05 0.0385484 -0.0123553 -6.85584e-09 3.78082e-06 -0.0123553 0.996573 4.7011e-07 -2.8884e-08 1.44409e-08 -4.70164e-07 0.996497 -0.000264436 3.77579e-06 -5.95344e-08 0.000264436 0.993076
10.8 0.00410973 0.0387744 -0.000497399 -2.76453e-10 1.46566e-07 -0.000497399 0.0386415 1.82544e-08 -1.16229e-09 5.81419e-10 -1.82567e-08 0.0386383 -1.06564e-05 1.46377e-07 -2.39664e-09 1.06564e-05 0.0385056 -0.012828 -7.12978e-09 3.77996e-06 -0.012828 0.996571 4.70785e-07 -2.99756e-08 1.49949e-08 -4.70843e-07 0.996488 -0.00027483 3.7751e-06 -6.18097e-08 0.000274831 0.993066
11 0.00418491 0.038731 -0.000515497 -2.86989e-10 1.46368e-07 -0.000515496 0.0385981 1.82606e-08 -1.20403e-09 6.02637e-10 -1.8263e-08 0.0385946 -1.10555e-05 1.46186e-07 -2.48374e-09 1.10556e-05 0.038462 -0.0133097 -7.40981e-09 3.77908e-06 -0.0133097 0.996568 4.71472e-07 -3.10871e-08 1.55595e-08 -4.71535e-07 0.996479 -0.000285444 3.7744e-06 -6.4128e-08 0.000285445 0.993054
11.2 0.00426003 0.0386869 -0.000533891 -2.97733e-10 1.46166e-07 -0.00053389 0.038554 1.82668e-08 -1.24642e-09 6.24205e-10 -1.82694e-08 0.0385503 -1.1462e-05 1.45992e-07 -2.57227e-09 1.14621e-05 0.0384177 -0.0138003 -7.69599e-09 3.77818e-06 -0.0138003 0.996566 4.72171e-07 -3.22183e-08 1.61348e-08 -4.72239e-07 0.99647 -0.000296278 3.7737e-06 -6.64895e-08 0.000296279 0.993043
11.4 0.00433511 0.038642 -0.000552579 -3.08686e-10 1.45961e-07 -0.000552578 0.0385091 1.82731e-08 -1.28945e-09 6.46123e-10 -1.82759e-08 0.0385052 -1.18759e-05 1.45795e-07 -2.6622e-09 1.1876e-05 0.0383726 -0.0143 -7.98837e-09 3.77727e-06 -0.0143 0.996563 4.72883e-07 -3.33691e-08 1.67208e-08 -4.72955e-07 0.99646 -0.000307333 3.77297e-06 -6.8894e-08 0.000307334 0.993031
11.6 0.00441013 0.0385963 -0.000571559 -3.19848e-10 1.45753e-07 -0.000571558 0.0384636 1.82795e-08 -1.33311e-09 6.68389e-10 -1.82825e-08 0.0384593 -1.22972e-05 1.45595e-07 -2.75353e-09 1.22973e-05 0.0383268 -0.0148086 -8.28701e-09 3.77635e-06 -0.0148086 0.99656 4.73607e-07 -3.45397e-08 1.73174e-08 -4.73684e-07 0.99645 -0.000318611 3.77224e-06 -7.13417e-08 0.000318612 0.993018
11.8 0.0044851 0.03855 -0.000590829 -3.3122e-10 1.45542e-07 -0.000590829 0.0384172 1.82859e-08 -1.37739e-09 6.90999e-10 -1.82891e-08 0.0384127 -1.27259e-05 1.45391e-07 -2.84624e-09 1.27259e-05 0.0382803 -0.0153263 -8.59197e-09 3.77541e-06 -0.0153263 0.996558 4.74342e-07 -3.57299e-08 1.79248e-08 -4.74425e-07 0.996439 -0.000330114 3.7715e-06 -7.38326e-08 0.000330115 0.993005
12 0.0139046 0.0385029 -0.000610387 -3.42803e-10 1.45327e-07 -0.000610387 0.0383702 1.82923e-08 -1.42228e-09 7.13952e-10 -1.82957e-08 0.0383653 -1.31619e-05 1.45184e-07 -2.94033e-09 1.3162e-05 0.038233 -0.015853 -8.90331e-09 3.77445e-06 -0.015853 0.996555 4.7509e-07 -3.69397e-08 1.85428e-08 -4.75179e-07 0.996428 -0.000341843 3.77074e-06 -7.63666e-08 0.000341844 0.992991
13 0.0246683 0.0382566 -0.000712429 -4.03906e-10 1.44207e-07 -0.000712429 0.0381242 1.83253e-08 -1.6558e-09 8.33784e-10 -1.833e-08 0.0381175 -1.5453e-05 1.44104e-07 -3.43107e-09 1.54531e-05 0.0379855 -0.0186224 -1.05578e-08 3.76946e-06 -0.0186224 0.99654 4.79011e-07 -4.32814e-08 2.17945e-08 -4.79132e-07 0.996366 -0.000403932 3.76679e-06 -8.96857e-08 0.000403933 0.992915
14 0.0265294 0.0379925 -0.000821359 -4.70398e-10 1.43008e-07 -0.000821359 0.0378605 1.83592e-08 -1.90372e-09 9.61846e-10 -1.83653e-08 0.0378515 -1.79291e-05 1.42949e-07 -3.95459e-09 1.79291e-05 0.0377199 -0.021619 -1.23813e-08 3.76411e-06 -0.021619 0.996524 4.83231e-07 -5.01078e-08 2.53167e-08 -4.83392e-07 0.996289 -0.000471911 3.76255e-06 -1.04089e-07 0.000471912 0.992824
15 0.0283823 0.0377112 -0.000936897 -5.4238e-10 1.41734e-07 -0.000936897 0.0375795 1.83935e-08 -2.16515e-09 1.09783e-09 -1.84014e-08 0.0375678 -2.05903e-05 1.4172e-07 -4.50946e-09 2.05904e-05 0.0374365 -0.024844 -1.43825e-08 3.75841e-06 -0.024844 0.996507 4.87745e-07 -5.74139e-08 2.91116e-08 -4.87957e-07 0.996196 -0.000546 3.75804e-06 -1.19579e-07 0.000546001 0.992715
16 0.0302266 0.037413 -0.00105875 -6.19957e-10 1.40388e-07 -0.00105875 0.0372817 1.84278e-08 -2.43913e-09 1.24142e-09 -1.8438e-08 0.0372666 -2.34368e-05 1.40421e-07 -5.09414e-09 2.34369e-05 0.0371357 -0.0282988 -1.65706e-08 3.75237e-06 -0.0282988 0.996488 4.92551e-07 -6.51947e-08 3.31814e-08 -4.92823e-07 0.996085 -0.000626435 3.75326e-06 -1.36159e-07 0.000626437 0.992588
17 0.0320617 0.0370985 -0.00118659 -7.03235e-10 1.38971e-07 -0.00118659 0.0369675 1.84618e-08 -2.72471e-09 1.39225e-09 -1.84746e-08 0.0369484 -2.64688e-05 1.39053e-07 -5.70699e-09 2.64689e-05 0.036818 -0.031985 -1.89559e-08 3.746e-06 -0.031985 0.996468 4.97643e-07 -7.34451e-08 3.75285e-08 -4.97988e-07 0.995954 -0.000713474 3.74822e-06 -1.53833e-07 0.000713476 0.992438
18 0.0338871 0.0367682 -0.00132012 -7.92322e-10 1.37488e-07 -0.00132012 0.0366375 1.84951e-08 -3.02087e-09 1.54997e-09 -1.85108e-08 0.0366137 -2.96863e-05 1.37621e-07 -6.34632e-09 2.96864e-05 0.0364837 -0.0359039 -2.15491e-08 3.73931e-06 -0.0359039 0.996447 5.03019e-07 -8.21598e-08 4.21553e-08 -5.03447e-07 0.995799 -0.000807392 3.74293e-06 -1.72604e-07 0.000807394 0.992264
19 0.0357021 0.0364225 -0.00145898 -8.87324e-10 1.3594e-07 -0.00145898 0.0362923 1.85271e-08 -3.32659e-09 1.71419e-09 -1.85463e-08 0.0362629 -3.30893e-05 1.36126e-07 -7.01033e-09 3.30894e-05 0.0361334 -0.0400572 -2.4362e-08 3.73231e-06 -0.0400572 0.996425 5.08671e-07 -9.13334e-08 4.70641e-08 -5.09198e-07 0.995617 -0.000908485 3.7374e-06 -1.92472e-07 0.000908488 0.992063
20 0.0375062 0.0360621 -0.00160284 -9.88345e-10 1.34332e-07 -0.00160284 0.0359323 1.85574e-08 -3.64084e-09 1.88452e-09 -1.85805e-08 0.0358965 -3.66777e-05 1.34571e-07 -7.69716e-09 3.66777e-05 0.0357675 -0.0444466 -2.74068e-08 3.72502e-06 -0.0444465 0.996401 5.14596e-07 -1.0096e-07 5.22575e-08 -5.15237e-07 0.995407 -0.00101707 3.73164e-06 -2.13442e-07 0.00101707 0.991831
21 0.0392989 0.0356875 -0.00175132 -1.09549e-09 1.32666e-07 -0.00175132 0.0355582 1.85856e-08 -3.96257e-09 2.06052e-09 -1.86131e-08 0.0355149 -4.04511e-05 1.32959e-07 -8.40487e-09 4.04512e-05 0.0353865 -0.0490738 -3.06967e-08 3.71744e-06 -0.0490737 0.996376 5.20788e-07 -1.11035e-07 5.77379e-08 -5.21558e-07 0.995164 -0.00113348 3.72566e-06 -2.35513e-07 0.00113348 0.991565
22 0.0410797 0.0352993 -0.00190407 -1.20885e-09 1.30946e-07 -0.00190407 0.0351705 1.86112e-08 -4.29071e-09 2.24178e-09 -1.86436e-08 0.0351187 -4.44094e-05 1.31295e-07 -9.13148e-09 4.44095e-05 0.0349909 -0.0539406 -3.42457e-08 3.70959e-06 -0.0539406 0.996349 5.27241e-07 -1.21552e-07 6.35077e-08 -5.28156e-07 0.994885 -0.00125808 3.71947e-06 -2.58687e-07 0.00125808 0.991262
23 0.0428479 0.0348981 -0.0020607 -1.32853e-09 1.29175e-07 -0.0020607 0.0347698 1.86338e-08 -4.62422e-09 2.42783e-09 -1.86715e-08 0.0347085 -4.8552e-05 1.29579e-07 -9.87492e-09 4.85521e-05 0.0345812 -0.0590489 -3.80687e-08 3.70147e-06 -0.0590489 0.996321 5.33948e-07 -1.32506e-07 6.95692e-08 -5.35027e-07 0.994566 -0.00139125 3.71308e-06 -2.82964e-07 0.00139125 0.990918
24 0.0446031 0.0344846 -0.00222083 -1.4546e-09 1.27356e-07 -0.00222083 0.0343567 1.86528e-08 -4.96205e-09 2.61823e-09 -1.86963e-08 0.0342847 -5.28783e-05 1.27817e-07 -1.06331e-08 5.28784e-05 0.034158 -0.0644007 -4.21811e-08 3.69312e-06 -0.0644007 0.996292 5.40903e-07 -1.43892e-07 7.59247e-08 -5.42164e-07 0.994203 -0.00153339 3.7065e-06 -3.08343e-07 0.00153339 0.99053
25 0.0463447 0.0340593 -0.00238408 -1.58715e-09 1.25492e-07 -0.00238408 0.0339319 1.86678e-08 -5.30314e-09 2.81249e-09 -1.87177e-08 0.0338479 -5.73875e-05 1.26011e-07 -1.14038e-08 5.73876e-05 0.0337218 -0.0699979 -4.65995e-08 3.68452e-06 -0.0699978 0.996261 5.48099e-07 -1.55703e-07 8.25764e-08 -5.49561e-07 0.993793 -0.00168493 3.69974e-06 -3.34822e-07 0.00168493 0.990092
26 0.0480722 0.0336229 -0.00255004 -1.72624e-09 1.23588e-07 -0.00255004 0.0334961 1.86785e-08 -5.64648e-09 3.01014e-09 -1.8735e-08 0.0333986 -6.20787e-05 1.24163e-07 -1.21849e-08 6.20788e-05 0.0332732 -0.0758425 -5.13411e-08 3.67571e-06 -0.0758425 0.996229 5.55528e-07 -1.67935e-07 8.95264e-08 -5.57211e-07 0.99333 -0.00184632 3.69282e-06 -3.62398e-07 0.00184632 0.989601
27 0.049785 0.033176 -0.00271833 -1.87193e-09 1.21646e-07 -0.00271833 0.0330498 1.86842e-08 -5.99104e-09 3.21066e-09 -1.87479e-08 0.0329375 -6.69507e-05 1.22278e-07 -1.2974e-08 6.69508e-05 0.0328128 -0.0819367 -5.6424e-08 3.66668e-06 -0.0819366 0.996195 5.63183e-07 -1.80583e-07 9.67765e-08 -5.65105e-07 0.992811 -0.00201804 3.68575e-06 -3.91066e-07 0.00201805 0.989052
28 0.0514827 0.0327194 -0.00288855 -2.02426e-09 1.1967e-07 -0.00288855 0.0325938 1.86846e-08 -6.33585e-09 3.41357e-09 -1.87559e-08 0.0324652 -7.20021e-05 1.20359e-07 -1.3769e-08 7.20023e-05 0.0323412 -0.0882824 -6.18673e-08 3.65746e-06 -0.0882824 0.99616 5.71055e-07 -1.93642e-07 1.04329e-07 -5.73235e-07 0.99223 -0.00220059 3.67853e-06 -4.20822e-07 0.0022006 0.98844
29 0.0531646 0.0322536 -0.00306029 -2.18327e-09 1.17663e-07 -0.00306029 0.0321286 1.86792e-08 -6.67995e-09 3.61834e-09 -1.87585e-08 0.0319821 -7.72316e-05 1.18409e-07 -1.45676e-08 7.72317e-05 0.0318588 -0.094882 -6.76907e-08 3.64806e-06 -0.094882 0.996123 5.79136e-07 -2.07107e-07 1.12184e-07 -5.81592e-07 0.991581 -0.00239451 3.67118e-06 -4.51657e-07 0.00239451 0.987759
30 0.0548304 0.0317794 -0.00323316 -2.34898e-09 1.15629e-07 -0.00323316 0.031655 1.86678e-08 -7.02239e-09 3.82447e-09 -1.87552e-08 0.031489 -8.26372e-05 1.16431e-07 -1.53674e-08 8.26373e-05 0.0313665 -0.101737 -7.3915e-08 3.6385e-06 -0.101737 0.996084 5.87417e-07 -2.20973e-07 1.20344e-07 -5.90167e-07 0.990861 -0.00260034 3.66372e-06 -4.83563e-07 0.00260034 0.987005
31 0.0564795 0.0312974 -0.00340675 -2.52138e-09 1.13571e-07 -0.00340675 0.0311736 1.86498e-08 -7.36227e-09 4.03143e-09 -1.87455e-08 0.0309864 -8.8217e-05 1.14428e-07 -1.6166e-08 8.82171e-05 0.0308646 -0.108851 -8.05618e-08 3.62877e-06 -0.108851 0.996044 5.95888e-07 -2.35236e-07 1.2881e-07 -5.98947e-07 0.990062 -0.00281866 3.65614e-06 -5.16529e-07 0.00281867 0.986171
32 0.0581114 0.0308083 -0.00358068 -2.70045e-09 1.11492e-07 -0.00358068 0.0306851 1.86249e-08 -7.69873e-09 4.23869e-09 -1.87291e-08 0.0304749 -9.39686e-05 1.12403e-07 -1.69613e-08 9.39687e-05 0.0303539 -0.116225 -8.76533e-08 3.61891e-06 -0.116225 0.996002 6.04541e-07 -2.49891e-07 1.37583e-07 -6.07922e-07 0.989179 -0.00305011 3.64847e-06 -5.50542e-07 0.00305011 0.985252
33 0.0597256 0.0303128 -0.00375456 -2.88617e-09 1.09396e-07 -0.00375456 0.0301902 1.85927e-08 -8.03093e-09 4.44574e-09 -1.87054e-08 0.0299552 -9.98897e-05 1.1036e-07 -1.77507e-08 9.98898e-05 0.029835 -0.123861 -9.52129e-08 3.60891e-06 -0.123861 0.995958 6.13364e-07 -2.64936e-07 1.46662e-07 -6.17079e-07 0.988205 -0.0032953 3.64072e-06 -5.85586e-07 0.00329531 0.984241
34 0.0613216 0.0298114 -0.00392799 -3.07846e-09 1.07285e-07 -0.00392799 0.0296896 1.85531e-08 -8.35808e-09 4.65204e-09 -1.8674e-08 0.0294279 -0.000105977 1.08301e-07 -1.85321e-08 0.000105977 0.0293085 -0.131761 -1.03265e-07 3.5988e-06 -0.131761 0.995913 6.22347e-07 -2.80365e-07 1.56049e-07 -6.26404e-07 0.987133 -0.00355492 3.63288e-06 -6.21643e-07 0.00355493 0.983131
35 0.0628989 0.029305 -0.0041006 -3.27727e-09 1.05163e-07 -0.0041006 0.0291839 1.85055e-08 -8.67941e-09 4.85708e-09 -1.86345e-08 0.0288935 -0.000112229 1.0623e-07 -1.93031e-08 0.000112229 0.028775 -0.139928 -1.11833e-07 3.58858e-06 -0.139928 0.995866 6.3148e-07 -2.96175e-07 1.65742e-07 -6.35882e-07 0.985958 -0.00382967 3.62499e-06 -6.58695e-07 0.00382968 0.981915
36 0.064457 0.0287941 -0.00427201 -3.48248e-09 1.03033e-07 -0.00427201 0.0286737 1.84499e-08 -8.99422e-09 5.06033e-09 -1.85866e-08 0.0283527 -0.00011864 1.04149e-07 -2.00614e-08 0.00011864 0.0282351 -0.148364 -1.20944e-07 3.57827e-06 -0.148364 0.995817 6.40751e-07 -3.12363e-07 1.75742e-07 -6.45498e-07 0.98467 -0.00412028 3.61703e-06 -6.96716e-07 0.00412029 0.980586
37 0.0659956 0.0282795 -0.00444187 -3.69398e-09 1.00898e-07 -0.00444186 0.0281598 1.83859e-08 -9.30183e-09 5.2613e-09 -1.85297e-08 0.0278062 -0.000125208 1.02061e-07 -2.08047e-08 0.000125208 0.0276895 -0.15707 -1.30624e-07 3.56788e-06 -0.15707 0.995766 6.5015e-07 -3.28925e-07 1.86046e-07 -6.55235e-07 0.983263 -0.00442752 3.60903e-06 -7.35682e-07 0.00442752 0.979137
38 0.067514 0.0277617 -0.0046098 -3.91161e-09 9.87599e-08 -0.0046098 0.0276427 1.83134e-08 -9.60159e-09 5.45946e-09 -1.84636e-08 0.0272545 -0.000131929 9.99694e-08 -2.1531e-08 0.000131929 0.0271387 -0.166049 -1.409e-07 3.55741e-06 -0.166049 0.995713 6.59664e-07 -3.45857e-07 1.96654e-07 -6.65074e-07 0.981728 -0.00475218 3.60098e-06 -7.75563e-07 0.00475218 0.977558
39 0.0690118 0.0272414 -0.00477547 -4.13521e-09 9.66222e-08 -0.00477547 0.0271232 1.82322e-08 -9.89291e-09 5.65434e-09 -1.83879e-08 0.0266982 -0.000138798 9.78756e-08 -2.22379e-08 0.000138798 0.0265834 -0.175302 -1.51799e-07 3.54688e-06 -0.175302 0.995658 6.69281e-07 -3.63156e-07 2.07564e-07 -6.74996e-07 0.980057 -0.00509509 3.59289e-06 -8.16326e-07 0.00509509 0.975842
40 0.10628 0.0267193 -0.00493854 -4.36459e-09 9.44875e-08 -0.00493854 0.0266018 1.81421e-08 -1.01752e-08 5.84544e-09 -1.83022e-08 0.0261379 -0.00014581 9.57827e-08 -2.29234e-08 0.00014581 0.0260241 -0.18483 -1.63349e-07 3.5363e-06 -0.18483 0.995602 6.7899e-07 -3.80819e-07 2.18772e-07 -6.84979e-07 0.978241 -0.00545711 3.58477e-06 -8.57935e-07 0.00545711 0.97398
42 0.146749 0.0256719 -0.0052556 -4.83972e-09 9.02367e-08 -0.0052556 0.0255559 1.79352e-08 -1.07108e-08 6.21447e-09 -1.80998e-08 0.025008 -0.000160247 9.16087e-08 -2.42221e-08 0.000160247 0.0248961 -0.204722 -1.88522e-07 3.51499e-06 -0.204722 0.995482 6.98632e-07 -4.17219e-07 2.42073e-07 -7.05043e-07 0.974136 -0.00624212 3.56844e-06 -9.43526e-07 0.00624212 0.969778
44 0.152348 0.0246243 -0.00555851 -5.3349e-09 8.60263e-08 -0.00555851 0.0245099 1.76923e-08 -1.12046e-08 6.56298e-09 -1.78543e-08 0.0238692 -0.000175196 8.7465e-08 -2.54114e-08 0.000175196 0.0237594 -0.225733 -2.16652e-07 3.49355e-06 -0.225733 0.995354 7.1849e-07 -4.55021e-07 2.66524e-07 -7.25067e-07 0.969334 -0.00711476 3.55197e-06 -1.03196e-06 0.00711476 0.964874
46 0.157761 0.0235811 -0.00584505 -5.8476e-09 8.18733e-08 -0.00584505 0.0234683 1.74138e-08 -1.16533e-08 6.8877e-09 -1.75639e-08 0.0227263 -0.000190609 8.3367e-08 -2.64769e-08 0.000190609 0.0226186 -0.24787 -2.47978e-07 3.47199e-06 -0.24787 0.995216 7.38464e-07 -4.94181e-07 2.92086e-07 -7.44831e-07 0.963748 -0.00808313 3.53533e-06 -1.1228e-06 0.00808312 0.959181
48 0.162982 0.0225466 -0.00611321 -6.37487e-09 7.77925e-08 -0.0061132 0.0224354 1.71005e-08 -1.20543e-08 7.18573e-09 -1.72275e-08 0.0215835 -0.000206433 7.93281e-08 -2.74059e-08 0.000206432 0.021478 -0.271137 -2.82742e-07 3.4503e-06 -0.271137 0.995069 7.58454e-07 -5.3464e-07 3.18706e-07 -7.64086e-07 0.957285 -0.00915584 3.51841e-06 -1.21552e-06 0.00915583 0.952606
50 0.168004 0.0215247 -0.00636121 -6.91333e-09 7.37967e-08 -0.0063612 0.0214152 1.6754e-08 -1.24051e-08 7.45453e-09 -1.68442e-08 0.0204451 -0.000222608 7.53595e-08 -2.8187e-08 0.000222608 0.0203419 -0.29553 -3.21181e-07 3.42846e-06 -0.29553 0.994913 7.78362e-07 -5.76321e-07 3.46324e-07 -7.82554e-07 0.949844 -0.010342 3.50107e-06 -1.30952e-06 0.010342 0.945047
52 0.172821 0.0205193 -0.00658753 -7.45922e-09 6.98967e-08 -0.00658753 0.0204115 1.63764e-08 -1.27038e-08 7.69201e-09 -1.64139e-08 0.0193151 -0.000239072 7.14703e-08 -2.88109e-08 0.000239071 0.0192142 -0.321041 -3.63523e-07 3.40639e-06 -0.321041 0.994746 7.98098e-07 -6.19115e-07 3.74868e-07 -7.99928e-07 0.941314 -0.0116511 3.48308e-06 -1.40409e-06 0.0116511 0.936397
54 0.177428 0.0195336 -0.00679092 -8.00846e-09 6.61011e-08 -0.00679092 0.0194275 1.59702e-08 -1.29485e-08 7.89656e-09 -1.59369e-08 0.0181971 -0.000255755 6.76672e-08 -2.92701e-08 0.000255755 0.0180986 -0.347653 -4.09983e-07 3.38397e-06 -0.347653 0.994568 8.17576e-07 -6.62881e-07 4.04254e-07 -8.15872e-07 0.93158 -0.0130931 3.46414e-06 -1.49845e-06 0.013093 0.926538
56 0.181819 0.0185709 -0.00697038 -8.55664e-09 6.24167e-08 -0.00697038 0.0184665 1.55387e-08 -1.31376e-08 8.06703e-09 -1.54142e-08 0.0170948 -0.000272585 6.3955e-08 -2.9559e-08 0.000272585 0.0169988 -0.375339 -4.60756e-07 3.361e-06 -0.375339 0.99438 8.36722e-07 -7.07429e-07 4.34391e-07 -8.30019e-07 0.920517 -0.0146781 3.44383e-06 -1.59169e-06 0.0146781 0.915346
58 0.185988 0.0176337 -0.00712515 -9.09912e-09 5.8848e-08 -0.00712515 0.0175311 1.50852e-08 -1.32696e-08 8.20279e-09 -1.48471e-08 0.0160113 -0.000289486 6.03364e-08 -2.96744e-08 0.000289485 0.0159178 -0.404064 -5.16006e-07 3.33724e-06 -0.404063 0.994179 8.55474e-07 -7.52514e-07 4.65176e-07 -8.41971e-07 0.907992 -0.0164166 3.42165e-06 -1.68282e-06 0.0164166 0.902689
60 0.286303 0.0167246 -0.00725474 -9.63111e-09 5.53979e-08 -0.00725473 0.0166237 1.46138e-08 -1.33433e-08 8.30374e-09 -1.42378e-08 0.0149496 -0.000306375 5.6812e-08 -2.96149e-08 0.000306375 0.0148586 -0.433776 -5.75864e-07 3.31236e-06 -0.433776 0.993967 8.73787e-07 -7.97825e-07 4.96498e-07 -8.51306e-07 0.893866 -0.0183188 3.39691e-06 -1.77074e-06 0.0183188 0.888429
64 0.394175 0.0149983 -0.00743758 -1.0644e-08 4.88544e-08 -0.00743757 0.0149009 1.36334e-08 -1.33105e-08 8.40319e-09 -1.29033e-08 0.0129019 -0.000339785 5.00402e-08 -2.89769e-08 0.000339784 0.0128163 -0.495894 -7.09679e-07 3.25732e-06 -0.495894 0.993504 9.08998e-07 -8.87466e-07 5.60275e-07 -8.60314e-07 0.860221 -0.0226548 3.33639e-06 -1.93201e-06 0.0226548 0.854514
68 0.406626 0.0134046 -0.00751958 -1.15566e-08 4.2772e-08 -0.00751957 0.0133107 1.26321e-08 -1.30303e-08 8.37412e-09 -1.14377e-08 0.0109698 -0.000372114 4.36121e-08 -2.7677e-08 0.000372113 0.0108897 -0.560969 -8.62136e-07 3.19084e-06 -0.560969 0.99299 9.42367e-07 -9.72075e-07 6.24719e-07 -8.53263e-07 0.818359 -0.0277601 3.25351e-06 -2.06474e-06 0.02776 0.812386
72 0.417095 0.0119512 -0.00750468 -1.2333e-08 3.71105e-08 -0.00750467 0.0118606 1.16434e-08 -1.24966e-08 8.23193e-09 -9.87531e-09 0.00916684 -0.00040264 3.7479e-08 -2.57778e-08 0.000402639 0.00909249 -0.627945 -1.03195e-06 3.10518e-06 -0.627945 0.992421 9.74249e-07 -1.04563e-06 6.88797e-07 -8.26305e-07 0.767025 -0.0336905 3.13601e-06 -2.15692e-06 0.0336903 0.760803
76 0.425533 0.0106412 -0.00739955 -1.29427e-08 3.18068e-08 -0.00739954 0.0105539 1.06977e-08 -1.17077e-08 7.99709e-09 -8.25624e-09 0.00750221 -0.000430643 3.15769e-08 -2.33678e-08 0.000430641 0.00743374 -0.69537 -1.21629e-06 2.98903e-06 -0.69537 0.991799 1.00531e-06 -1.10023e-06 7.51524e-07 -7.75878e-07 0.705018 -0.0404695 2.96743e-06 -2.19598e-06 0.0404694 0.698584
80 0.431897 0.00947392 -0.00721297 -1.33634e-08 2.67785e-08 -0.00721296 0.00938985 9.81894e-09 -1.06696e-08 7.6931e-09 -6.62406e-09 0.00598107 -0.000455421 2.58318e-08 -2.05558e-08 0.000455419 0.00591864 -0.76135 -1.41054e-06 2.82655e-06 -0.761349 0.991127 1.03642e-06 -1.12621e-06 8.1203e-07 -6.99189e-07 0.631319 -0.048071 2.72663e-06 -2.16973e-06 0.0480708 0.62473
84 0.436158 0.00844554 -0.00695525 -1.35821e-08 2.19279e-08 -0.00695524 0.00836454 9.02319e-09 -9.39783e-09 7.34437e-09 -5.02355e-09 0.00460494 -0.000476321 2.01652e-08 -1.74636e-08 0.000476319 0.00454868 -0.823541 -1.6082e-06 2.59639e-06 -0.82354 0.990409 1.0684e-06 -1.11276e-06 8.69615e-07 -5.94817e-07 0.54525 -0.0563991 2.38767e-06 -2.06779e-06 0.0563989 0.538589
88 0.328636 0.00754957 -0.00663761 -1.35968e-08 1.71463e-08 -0.0066376 0.00747148 8.31745e-09 -7.91973e-09 6.97396e-09 -3.49811e-09 0.00337216 -0.000492761 1.44978e-08 -1.42181e-08 0.000492759 0.00332219 -0.879203 -1.801e-06 2.27116e-06 -0.879202 0.989655 1.10171e-06 -1.04903e-06 9.23756e-07 -4.63351e-07 0.446669 -0.0652701 1.92035e-06 -1.8833e-06 0.0652698 0.44005
90 0.219313 0.00714868 -0.00645994 -1.35296e-08 1.47457e-08 -0.00645993 0.00707197 7.99809e-09 -7.11534e-09 6.78702e-09 -2.77609e-09 0.00280827 -0.000499151 1.16401e-08 -1.25773e-08 0.000499148 0.00276147 -0.903655 -1.89261e-06 2.06271e-06 -0.903653 0.989269 1.11882e-06 -9.95336e-07 9.49409e-07 -3.88335e-07 0.392837 -0.0698241 1.62828e-06 -1.75938e-06 0.0698238 0.386291
92 0.328636 0.00677764 -0.00627164 -1.34152e-08 1.23193e-08 -0.00627163 0.00670227 7.69991e-09 -6.27536e-09 6.60179e-09 -2.08722e-09 0.00227841 -0.000504248 8.75422e-09 -1.09445e-08 0.000504245 0.00223481 -0.925343 -1.97934e-06 1.81764e-06 -0.925342 0.988879 1.13608e-06 -9.25892e-07 9.74055e-07 -3.07956e-07 0.336166 -0.0743988 1.29163e-06 -1.6148e-06 0.0743984 0.329733
96 0.436158 0.00612006 -0.00586883 -1.30546e-08 7.33306e-09 -0.00586882 0.00604723 7.161e-09 -4.51672e-09 6.24312e-09 -8.2431e-10 0.0013172 -0.000510399 2.86533e-09 -7.75943e-09 0.000510396 0.00128005 -0.958949 -2.13308e-06 1.1982e-06 -0.958947 0.988099 1.17009e-06 -7.38018e-07 1.02011e-06 -1.3469e-07 0.215227 -0.0833976 4.68187e-07 -1.26787e-06 0.0833971 0.209156
100 0.431897 0.00556642 -0.00544016 -1.25389e-08 2.08013e-09 -0.00544015 0.00549592 6.68526e-09 -2.70553e-09 5.90776e-09 2.64973e-10 0.000480394 -0.000510955 -3.22858e-09 -4.76548e-09 0.000510952 0.000449733 -0.977318 -2.25259e-06 3.73692e-07 -0.977316 0.987335 1.201e-06 -4.86046e-07 1.06132e-06 4.7602e-08 0.0863022 -0.0917925 -5.80011e-07 -8.56113e-07 0.0917919 0.080794
104 0.425533 0.00510595 -0.00499584 -1.18968e-08 -3.53356e-09 -0.00499582 0.00503758 6.25377e-09 -9.09708e-10 5.59977e-09 1.16388e-09 -0.000241312 -0.000505797 -9.57573e-09 -2.04737e-09 0.000505793 -0.000265459 -0.978434 -2.32998e-06 -6.92047e-07 -0.978431 0.98661 1.2248e-06 -1.78166e-07 1.09671e-06 2.27945e-07 -0.047261 -0.0990602 -1.87541e-06 -4.00977e-07 0.0990595 -0.05199
108 0.417095 0.004728 -0.00454505 -1.11585e-08 -9.58263e-09 -0.00454504 0.00466154 5.84671e-09 8.01243e-10 5.31789e-09 1.86492e-09 -0.000857949 -0.000494945 -1.62107e-08 3.30544e-10 0.000494942 -0.000875587 -0.961306 -2.3601e-06 -2.02678e-06 -0.961303 0.985944 1.23661e-06 1.69468e-07 1.12477e-06 3.94441e-07 -0.181461 -0.104684 -3.42866e-06 6.9912e-08 0.104683 -0.185192
112 0.406626 0.00442223 -0.00409588 -1.03538e-08 -1.61168e-08 -0.00409586 0.00435747 5.44577e-09 2.36112e-09 5.05639e-09 2.36961e-09 -0.00137989 -0.00047857 -2.31526e-08 2.32514e-09 0.000478567 -0.00139106 -0.926202 -2.3413e-06 -3.6445e-06 -0.926199 0.985357 1.23145e-06 5.3392e-07 1.1434e-06 5.35842e-07 -0.312035 -0.108219 -5.23551e-06 5.25786e-07 0.108219 -0.31456
116 0.394175 0.00417888 -0.00365519 -9.50903e-09 -2.31567e-08 -0.00365517 0.00411561 5.03612e-09 3.71176e-09 4.80635e-09 2.68757e-09 -0.00181752 -0.000456986 -3.04033e-08 3.91405e-09 0.000456983 -0.00182228 -0.874682 -2.2755e-06 -5.54138e-06 -0.874679 0.984861 1.20514e-06 8.88221e-07 1.15015e-06 6.43132e-07 -0.43493 -0.109356 -7.27548e-06 9.36629e-07 0.109355 -0.43607
120 0.379804 0.00398888 -0.00322871 -8.64665e-09 -3.06915e-08 -0.0032287 0.0039269 4.60771e-09 4.80709e-09 4.55711e-09 2.8351e-09 -0.00218096 -0.000430645 -3.79463e-08 5.09406e-09 0.000430642 -0.00217943 -0.809428 -2.16769e-06 -7.69426e-06 -0.809424 0.984461 1.15514e-06 1.20512e-06 1.14245e-06 7.1075e-07 -0.54676 -0.107961 -9.51301e-06 1.27707e-06 0.107961 -0.546376
124 0.363583 0.00384395 -0.00282105 -7.78399e-09 -3.86777e-08 -0.00282104 0.00378306 4.1559e-09 5.61593e-09 4.29784e-09 2.83356e-09 -0.00247988 -0.000400127 -4.57453e-08 5.87875e-09 0.000400124 -0.00247219 -0.733894 -2.025e-06 -1.0062e-05 -0.733891 0.984158 1.08115e-06 1.46098e-06 1.11808e-06 7.37147e-07 -0.645139 -0.104093 -1.19006e-05 1.52935e-06 0.104092 -0.643138
128 0.34559 0.00373661 -0.00243581 -6.93363e-09 -4.7041e-08 -0.0024358 0.00367661 3.68135e-09 6.12359e-09 4.01895e-09 2.70753e-09 -0.00272331 -0.000366127 -5.37444e-08 6.29566e-09 0.000366124 -0.00270964 -0.651878 -1.8556e-06 -1.25892e-05 -0.651874 0.983945 9.85213e-07 1.63881e-06 1.07556e-06 7.24597e-07 -0.72882 -0.0979839 -1.43832e-05 1.68486e-06 0.0979831 -0.725161
132 0.325914 0.00366016 -0.00207568 -6.10411e-09 -5.56784e-08 -0.00207567 0.0036009 3.18934e-09 6.33207e-09 3.71337e-09 2.48312e-09 -0.00291955 -0.000329435 -6.18683e-08 6.38328e-09 0.000329432 -0.00290012 -0.567101 -1.66772e-06 -1.5212e-05 -0.567098 0.98381 8.71366e-07 1.73e-06 1.01454e-06 6.78418e-07 -0.797657 -0.0900057 -1.69032e-05 1.74399e-06 0.0900049 -0.792348
136 0.304649 0.00360869 -0.00174259 -5.30113e-09 -6.44628e-08 -0.00174258 0.00355001 2.68864e-09 6.25904e-09 3.3774e-09 2.18635e-09 -0.0030761 -0.000290916 -7.00234e-08 6.18812e-09 0.000290914 -0.00305117 -0.482887 -1.46899e-06 -1.78632e-05 -0.482884 0.983739 7.45045e-07 1.73443e-06 9.35907e-07 6.05857e-07 -0.852414 -0.0806154 -1.94041e-05 1.71478e-06 0.0806147 -0.845505
140 0.281901 0.00357702 -0.00143784 -4.52892e-09 -7.3248e-08 -0.00143784 0.00351878 2.19024e-09 5.93592e-09 3.01135e-09 1.84199e-09 -0.00319964 -0.000251491 -7.81003e-08 5.76196e-09 0.000251488 -0.00316951 -0.401968 -1.26612e-06 -2.04774e-05 -0.401965 0.983719 6.12308e-07 1.65946e-06 8.4186e-07 5.1495e-07 -0.8945 -0.0703074 -2.18339e-05 1.61083e-06 0.0703068 -0.886077
144 0.257779 0.00356059 -0.00116223 -3.79159e-09 -8.18746e-08 -0.00116222 0.00350268 1.70599e-09 5.40527e-09 2.61965e-09 1.47257e-09 -0.00329604 -0.000212107 -8.59764e-08 5.15948e-09 0.000212105 -0.00326105 -0.326414 -1.06488e-06 -2.29947e-05 -0.326412 0.983734 4.7913e-07 1.51808e-06 7.35734e-07 4.13574e-07 -0.925699 -0.0595706 -2.41466e-05 1.44905e-06 0.0595701 -0.915873
148 0.232401 0.00355551 -0.000916145 -3.09415e-09 -9.0176e-08 -0.000916139 0.00349781 1.24745e-09 4.71783e-09 2.21071e-09 1.0979e-09 -0.00337036 -0.000173718 -9.35201e-08 4.43614e-09 0.000173717 -0.0033309 -0.257669 -8.70242e-07 -2.53623e-05 -0.257668 0.983774 3.5085e-07 1.32691e-06 6.21772e-07 3.0879e-07 -0.947927 -0.048859 -2.63029e-05 1.24768e-06 0.0488585 -0.93683
152 0.205891 0.00355838 -0.000699709 -2.44323e-09 -9.79843e-08 -0.000699704 0.00350083 8.24975e-10 3.92937e-09 1.79636e-09 7.3478e-10 -0.00342693 -0.000137259 -1.00595e-07 3.64643e-09 0.000137258 -0.00338342 -0.196637 -6.86614e-07 -2.75362e-05 -0.196636 0.983827 2.3184e-07 1.10426e-06 5.04824e-07 2.06493e-07 -0.963059 -0.0385735 -2.82699e-05 1.02475e-06 0.0385732 -0.950832
156 0.178378 0.00356634 -0.000512844 -1.84728e-09 -1.05136e-07 -0.00051284 0.00350888 4.47125e-10 3.09767e-09 1.39098e-09 3.97004e-10 -0.00346937 -0.00010362 -1.07065e-07 2.84234e-09 0.000103619 -0.00342227 -0.143801 -5.17975e-07 -2.94801e-05 -0.1438 0.983886 1.25374e-07 8.68585e-07 3.9003e-07 1.1132e-07 -0.972808 -0.0290549 -3.00208e-05 7.9699e-07 0.0290546 -0.959601
160 0.0971232 0.00357699 -0.000355354 -1.31631e-09 -1.11479e-07 -0.000355352 0.00351956 1.20428e-10 2.27954e-09 1.01054e-09 9.5575e-11 -0.00350066 -7.36235e-05 -1.12798e-07 2.07198e-09 7.36227e-05 -0.00345046 -0.0993446 -3.67993e-07 -3.11655e-05 -0.0993439 0.983944 3.36675e-08 6.3728e-07 2.82511e-07 2.67194e-08 -0.978662 -0.0205825 -3.15343e-05 5.79254e-07 0.0205823 -0.964627
161 0.0357021 0.00357982 -0.000320543 -1.19499e-09 -1.12921e-07 -0.00032054 0.0035224 4.73197e-11 2.08348e-09 9.21246e-10 2.69434e-11 -0.00350704 -6.67821e-05 -1.14101e-07 1.88984e-09 6.67814e-05 -0.00345614 -0.0895415 -3.33813e-07 -3.15437e-05 -0.0895408 0.983958 1.32184e-08 5.82005e-07 2.57344e-07 7.52645e-09 -0.979667 -0.0186551 -3.18735e-05 5.27914e-07 0.0186549 -0.965449
162 0.0338871 0.00358268 -0.000287547 -1.0786e-09 -1.14302e-07 -0.000287545 0.00352525 -2.2246e-11 1.89239e-09 8.34785e-10 -3.87642e-11 -0.0035129 -6.02254e-05 -1.1535e-07 1.71315e-09 6.02247e-05 -0.00346134 -0.0802604 -3.0106e-07 -3.19041e-05 -0.0802598 0.983972 -6.20933e-09 5.28206e-07 2.33006e-07 -1.08199e-08 -0.980524 -0.0168102 -3.21965e-05 4.78175e-07 0.01681 -0.966133
163 0.0320617 0.00358552 -0.000256363 -9.67307e-10 -1.1562e-07 -0.000256361 0.00352809 -8.82224e-11 1.70704e-09 7.51404e-10 -1.01445e-10 -0.00351828 -5.39635e-05 -1.16541e-07 1.54249e-09 5.39629e-05 -0.00346609 -0.0714996 -2.69782e-07 -3.22464e-05 -0.0714991 0.983985 -2.46052e-08 4.76093e-07 2.09566e-07 -2.82931e-08 -0.981248 -0.0150504 -3.25032e-05 4.302e-07 0.0150502 -0.966693
164 0.0302266 0.00358832 -0.000226987 -8.61281e-10 -1.16873e-07 -0.000226985 0.0035309 -1.50569e-10 1.52815e-09 6.71342e-10 -1.61006e-10 -0.00352321 -4.8006e-05 -1.17673e-07 1.37844e-09 4.80055e-05 -0.00347043 -0.0632571 -2.40023e-07 -3.25703e-05 -0.0632567 0.983997 -4.19607e-08 4.25867e-07 1.87091e-07 -4.48693e-08 -0.981855 -0.0133784 -3.27934e-05 3.84146e-07 0.0133783 -0.967145
165 0.0283823 0.00359107 -0.000199414 -7.60695e-10 -1.18059e-07 -0.000199413 0.00353364 -2.0925e-10 1.35641e-09 5.94835e-10 -2.17357e-10 -0.00352771 -4.23622e-05 -1.18745e-07 1.22153e-09 4.23618e-05 -0.00347437 -0.0555306 -2.1183e-07 -3.28756e-05 -0.0555302 0.984009 -5.82694e-08 3.77718e-07 1.65643e-07 -6.05272e-08 -0.982358 -0.0117965 -3.30668e-05 3.40158e-07 0.0117964 -0.967504
166 0.0265294 0.00359374 -0.000173641 -6.65715e-10 -1.19176e-07 -0.00017364 0.00353631 -2.64235e-10 1.1925e-09 5.22107e-10 -2.70421e-10 -0.00353182 -3.70407e-05 -1.19755e-07 1.07228e-09 3.70403e-05 -0.00347795 -0.0483177 -1.85243e-07 -3.31622e-05 -0.0483174 0.98402 -7.35266e-08 3.31826e-07 1.45283e-07 -7.52477e-08 -0.98277 -0.010307 -3.33233e-05 2.98374e-07 0.0103069 -0.96778
167 0.0246683 0.0035963 -0.000149664 -5.76501e-10 -1.20224e-07 -0.000149663 0.00353887 -3.155e-10 1.03703e-09 4.53376e-10 -3.20122e-10 -0.00353554 -3.20496e-05 -1.20702e-07 9.31164e-10 3.20493e-05 -0.00348118 -0.041616 -1.60304e-07 -3.34297e-05 -0.0416157 0.984031 -8.77289e-08 2.88359e-07 1.26067e-07 -8.9014e-08 -0.983103 -0.00891182 -3.35628e-05 2.58922e-07 0.00891173 -0.967988
168 0.0172754 0.00359876 -0.000127478 -4.93209e-10 -1.21199e-07 -0.000127478 0.00354132 -3.63022e-10 8.90598e-10 3.88848e-10 -3.66394e-10 -0.0035389 -2.73968e-05 -1.21584e-07 7.98639e-10 2.73965e-05 -0.00348409 -0.0354229 -1.3705e-07 -3.36781e-05 -0.0354227 0.984041 -1.00874e-07 2.47474e-07 1.08051e-07 -1.01811e-07 -0.983369 -0.00761284 -3.37851e-05 2.21921e-07 0.00761276 -0.968137
168.5 0.0109315 0.00359993 -0.000117057 -4.53831e-10 -1.2166e-07 -0.000117056 0.0035425 -3.85374e-10 8.2095e-10 3.58221e-10 -3.88224e-10 -0.00354046 -2.51994e-05 -1.22001e-07 7.35731e-10 2.51991e-05 -0.00348543 -0.0325164 -1.26066e-07 -3.37951e-05 -0.0325161 0.984045 -1.0705e-07 2.28046e-07 9.95079e-08 -1.07842e-07 -0.983479 -0.00699997 -3.38898e-05 2.04374e-07 0.0069999 -0.968193
169 0.0104622 0.00360107 -0.000107082 -4.15988e-10 -1.22102e-07 -0.000107081 0.00354363 -4.06785e-10 7.53768e-10 3.28718e-10 -4.09176e-10 -0.00354193 -2.30893e-05 -1.22401e-07 6.75126e-10 2.3089e-05 -0.00348669 -0.0297361 -1.15518e-07 -3.39072e-05 -0.0297358 0.98405 -1.12962e-07 2.09318e-07 9.12835e-08 -1.13626e-07 -0.983576 -0.00641177 -3.39901e-05 1.87479e-07 0.00641171 -0.968238
169.5 0.00999215 0.00360217 -9.7553e-05 -3.79697e-10 -1.22526e-07 -9.75523e-05 0.00354474 -4.27251e-10 6.89115e-10 3.00361e-10 -4.29241e-10 -0.00354332 -2.10671e-05 -1.22784e-07 6.16874e-10 2.10669e-05 -0.00348789 -0.0270817 -1.05408e-07 -3.40145e-05 -0.0270815 0.984054 -1.18609e-07 1.91305e-07 8.33833e-08 -1.19161e-07 -0.983661 -0.00584844 -3.40861e-05 1.7125e-07 0.00584838 -0.968273
170 0.0095213 0.00360324 -8.84702e-05 -3.44976e-10 -1.22931e-07 -8.84695e-05 0.0035458 -4.46773e-10 6.27053e-10 2.73172e-10 -4.48413e-10 -0.00354463 -1.91337e-05 -1.2315e-07 5.61018e-10 1.91335e-05 -0.00348901 -0.024553 -9.57407e-08 -3.41168e-05 -0.0245528 0.984059 -1.23992e-07 1.74025e-07 7.58128e-08 -1.24447e-07 -0.983735 -0.00531015 -3.41777e-05 1.55698e-07 0.00531009 -0.968299
170.5 0.00904972 0.00360426 -7.98329e-05 -3.11841e-10 -1.23317e-07 -7.98323e-05 0.00354682 -4.65348e-10 5.67641e-10 2.4717e-10 -4.66686e-10 -0.00354587 -1.72899e-05 -1.235e-07 5.07605e-10 1.72897e-05 -0.00349007 -0.0221496 -8.65202e-08 -3.42143e-05 -0.0221494 0.984063 -1.29111e-07 1.57492e-07 6.85773e-08 -1.29482e-07 -0.9838 -0.00479707 -3.42649e-05 1.40835e-07 0.00479702 -0.968318
171 0.00857745 0.00360524 -7.16409e-05 -2.80307e-10 -1.23684e-07 -7.16403e-05 0.0035478 -4.82976e-10 5.10933e-10 2.22378e-10 -4.84056e-10 -0.00354703 -1.55363e-05 -1.23832e-07 4.56675e-10 1.55361e-05 -0.00349106 -0.0198713 -7.77499e-08 -3.43069e-05 -0.0198712 0.984066 -1.33965e-07 1.41719e-07 6.16818e-08 -1.34264e-07 -0.983855 -0.00430937 -3.43477e-05 1.2667e-07 0.00430932 -0.96833
171.5 0.00810453 0.00360618 -6.38936e-05 -2.50389e-10 -1.24033e-07 -6.38932e-05 0.00354873 -4.99655e-10 4.56983e-10 1.98813e-10 -5.00515e-10 -0.00354812 -1.38736e-05 -1.24146e-07 4.08269e-10 1.38735e-05 -0.00349199 -0.0177178 -6.94335e-08 -3.43945e-05 -0.0177177 0.98407 -1.38555e-07 1.26722e-07 5.51313e-08 -1.38794e-07 -0.983902 -0.00384718 -3.44261e-05 1.13214e-07 0.00384714 -0.968337
172 0.00763099 0.00360707 -5.65909e-05 -2.22102e-10 -1.24361e-07 -5.65905e-05 0.00354962 -5.15384e-10 4.05841e-10 1.76494e-10 -5.1606e-10 -0.00354914 -1.23025e-05 -1.24444e-07 3.62424e-10 1.23024e-05 -0.00349286 -0.0156889 -6.15741e-08 -3.44772e-05 -0.0156888 0.984073 -1.42882e-07 1.12513e-07 4.89302e-08 -1.43069e-07 -0.983941 -0.00341066 -3.45e-05 1.00476e-07 0.00341063 -0.968338
172.5 0.00715688 0.00360791 -4.97324e-05 -1.95459e-10 -1.24671e-07 -4.9732e-05 0.00355046 -5.30163e-10 3.57557e-10 1.55439e-10 -5.30686e-10 -0.00355009 -1.08235e-05 -1.24724e-07 3.19176e-10 1.08234e-05 -0.00349367 -0.0137843 -5.4175e-08 -3.45549e-05 -0.0137842 0.984077 -1.46945e-07 9.91035e-08 4.30829e-08 -1.4709e-07 -0.983975 -0.00299994 -3.45696e-05 8.84657e-08 0.00299991 -0.968335
173 0.00668221 0.0036087 -4.33178e-05 -1.70472e-10 -1.24961e-07 -4.33175e-05 0.00355125 -5.43991e-10 3.12173e-10 1.35664e-10 -5.44388e-10 -0.00355097 -9.4373e-06 -1.24986e-07 2.7856e-10 9.4372e-06 -0.00349442 -0.0120037 -4.72391e-08 -3.46277e-05 -0.0120036 0.98408 -1.50744e-07 8.65056e-08 3.75935e-08 -1.50854e-07 -0.984002 -0.00261515 -3.46347e-05 7.71911e-08 0.00261512 -0.96833
173.5 0.00620704 0.00360945 -3.73468e-05 -1.47154e-10 -1.25232e-07 -3.73465e-05 0.003552 -5.56867e-10 2.69734e-10 1.17184e-10 -5.57163e-10 -0.00355179 -8.14433e-06 -1.25231e-07 2.40606e-10 8.14425e-06 -0.00349511 -0.0103469 -4.07692e-08 -3.46955e-05 -0.0103469 0.984082 -1.5428e-07 7.47299e-08 3.24659e-08 -1.54362e-07 -0.984025 -0.00225639 -3.46953e-05 6.666e-08 0.00225637 -0.968321
174 0.0057314 0.00361014 -3.18191e-05 -1.25517e-10 -1.25483e-07 -3.18189e-05 0.00355269 -5.6879e-10 2.30278e-10 1.00014e-10 -5.69006e-10 -0.00355254 -6.94513e-06 -1.25458e-07 2.05344e-10 6.94506e-06 -0.00349574 -0.00881381 -3.47679e-08 -3.47583e-05 -0.00881375 0.984085 -1.57553e-07 6.37864e-08 2.77036e-08 -1.57613e-07 -0.984043 -0.00192378 -3.47515e-05 5.68799e-08 0.00192376 -0.96831
174.5 0.00525531 0.00361079 -2.67346e-05 -1.05571e-10 -1.25714e-07 -2.67344e-05 0.00355333 -5.79762e-10 1.93842e-10 8.41671e-11 -5.79914e-10 -0.00355322 -5.84016e-06 -1.25667e-07 1.72803e-10 5.8401e-06 -0.00349632 -0.00740409 -2.92376e-08 -3.48162e-05 -0.00740404 0.984088 -1.60564e-07 5.36842e-08 2.33099e-08 -1.60606e-07 -0.984058 -0.00161742 -3.48032e-05 4.78573e-08 0.0016174 -0.968298
175 0.00477883 0.00361138 -2.2093e-05 -8.73256e-11 -1.25925e-07 -2.20928e-05 0.00355392 -5.8978e-10 1.60461e-10 6.96561e-11 -5.89884e-10 -0.00355385 -4.82984e-06 -1.25858e-07 1.43005e-10 4.82979e-06 -0.00349684 -0.0061176 -2.41807e-08 -3.4869e-05 -0.00611756 0.98409 -1.63312e-07 4.4432e-08 1.9288e-08 -1.6334e-07 -0.98407 -0.00133739 -3.48504e-05 3.95986e-08 0.00133738 -0.968286
175.5 0.00430199 0.00361191 -1.7894e-05 -7.07902e-11 -1.26116e-07 -1.78939e-05 0.00355445 -5.98844e-10 1.30164e-10 5.64923e-11 -5.98913e-10 -0.00355441 -3.91456e-06 -1.26031e-07 1.15976e-10 3.91452e-06 -0.00349732 -0.00495417 -1.95991e-08 -3.49168e-05 -0.00495413 0.984092 -1.65797e-07 3.60375e-08 1.56405e-08 -1.65816e-07 -0.984079 -0.00108379 -3.48932e-05 3.21093e-08 0.00108378 -0.968273
176 0.00382481 0.0036124 -1.41376e-05 -5.5973e-11 -1.26288e-07 -1.41375e-05 0.00355494 -6.06955e-10 1.02981e-10 4.4686e-11 -6.06998e-10 -0.00355491 -3.09467e-06 -1.26186e-07 9.17358e-11 3.09464e-06 -0.00349774 -0.00391363 -1.54947e-08 -3.49596e-05 -0.0039136 0.984094 -1.6802e-07 2.85077e-08 1.23702e-08 -1.68032e-07 -0.984085 -0.000856682 -3.49315e-05 2.53947e-08 0.000856673 -0.96826
176.5 0.00334735 0.00361282 -1.08235e-05 -4.28814e-11 -1.26439e-07 -1.08234e-05 0.00355536 -6.14113e-10 7.89362e-11 3.42467e-11 -6.14138e-10 -0.00355534 -2.3705e-06 -1.26323e-07 7.0303e-11 2.37048e-06 -0.00349811 -0.00299585 -1.18692e-08 -3.49974e-05 -0.00299583 0.984095 -1.69981e-07 2.18489e-08 9.4792e-09 -1.69988e-07 -0.98409 -0.000656136 -3.49653e-05 1.94593e-08 0.000656129 -0.968247
177 0.00286963 0.00361319 -7.95156e-06 -3.1522e-11 -1.26571e-07 -7.9515e-06 0.00355573 -6.20316e-10 5.80522e-11 2.51824e-11 -6.20329e-10 -0.00355572 -1.74232e-06 -1.26442e-07 5.16944e-11 1.7423e-06 -0.00349842 -0.0022007 -8.72414e-09 -3.50301e-05 -0.00220068 0.984097 -1.71681e-07 1.60667e-08 6.96958e-09 -1.71685e-07 -0.984094 -0.000482211 -3.49946e-05 1.43071e-08 0.000482206 -0.968236
177.5 0.00239169 0.00361351 -5.52168e-06 -2.19004e-11 -1.26682e-07 -5.52164e-06 0.00355605 -6.25565e-10 4.03483e-11 1.75005e-11 -6.25572e-10 -0.00355604 -1.21037e-06 -1.26543e-07 3.59243e-11 1.21036e-06 -0.00349869 -0.00152807 -6.06071e-09 -3.50579e-05 -0.00152806 0.984098 -1.73118e-07 1.11659e-08 4.84308e-09 -1.7312e-07 -0.984096 -0.000334958 -3.50194e-05 9.94166e-09 0.000334954 -0.968226
178 0.00191357 0.00361377 -3.53376e-06 -1.40216e-11 -1.26773e-07 -3.53373e-06 0.0035563 -6.2986e-10 2.58408e-11 1.1207e-11 -6.29863e-10 -0.0035563 -7.74863e-07 -1.26625e-07 2.30048e-11 7.74855e-07 -0.00349891 -0.00097786 -3.88005e-09 -3.50805e-05 -0.000977853 0.984099 -1.74295e-07 7.15066e-09 3.1012e-09 -1.74295e-07 -0.984098 -0.00021442 -3.50397e-05 6.36589e-09 0.000214418 -0.968217
178.5 0.00143531 0.00361397 -1.98769e-06 -7.88949e-12 -1.26844e-07 -1.98767e-06 0.0035565 -6.33201e-10 1.45433e-11 6.30685e-12 -6.33201e-10 -0.0035565 -4.35959e-07 -1.26689e-07 1.2946e-11 4.35954e-07 -0.00349908 -0.000550001 -2.18305e-09 -3.50982e-05 -0.000549997 0.984099 -1.75209e-07 4.02419e-09 1.74513e-09 -1.75209e-07 -0.984099 -0.000120632 -3.50554e-05 3.58222e-09 0.00012063 -0.96821
179 0.000956932 0.00361411 -8.83399e-07 -3.50718e-12 -1.26894e-07 -8.83393e-07 0.00355665 -6.35587e-10 6.46619e-12 2.80397e-12 -6.35587e-10 -0.00355665 -1.93791e-07 -1.26735e-07 5.75564e-12 1.93788e-07 -0.0034992 -0.00024443 -9.70413e-10 -3.51108e-05 -0.000244429 0.9841 -1.75862e-07 1.78915e-09 7.7584e-10 -1.75862e-07 -0.9841 -5.36205e-05 -3.50667e-05 1.59255e-09 5.36199e-05 -0.968205
179.5 0.000478484 0.0036142 -2.20847e-07 -8.76907e-13 -1.26925e-07 -2.20846e-07 0.00355673 -6.37018e-10 1.61692e-12 7.01132e-13 -6.37018e-10 -0.00355673 -4.84523e-08 -1.26763e-07 1.43919e-12 4.84518e-08 -0.00349927 -6.11055e-05 -2.42628e-10 -3.51184e-05 -6.1105e-05 0.9841 -1.76254e-07 4.4738e-10 1.93994e-10 -1.76254e-07 -0.9841 -1.34061e-05 -3.50735e-05 3.98204e-10 1.3406e-05 -0.968202
180 5.98114e-05 0.00361423 0 0 -1.26935e-07 0 0.00355676 -6.37496e-10 0 0 -6.37496e-10 -0.00355676 0 -1.26772e-07 0 0 -0.0034993 0 0 -3.51209e-05 0 0.9841 -1.76385e-07 0 0 -1.76385e-07 -0.9841 0 -3.50757e-05 0 0 -0.968201
