theta 2pi*dcos S11 S12 S13 S14 S21 S22 S23 S24 S31 S32 S33 S34 S41 S42 S43 S44 S12_norm S13_norm S14_norm S21_norm S22_norm S23_norm S24_norm S31_norm S32_norm S33_norm S34_norm S41_norm S42_norm S43_norm S44_norm
0 2.39246e-06 3936.7 2.73144e-14 -1.18606e-15 -0.352777 2.72665e-14 3935.99 3.97034 -1.27123e-15 -1.10603e-15 -3.97034 3935.99 -7.39676e-16 -0.352774 1.10659e-15 7.95044e-16 3935.6 6.93839e-18 -3.01281e-19 -8.96122e-05 6.92622e-18 0.99982 0.00100854 -3.22918e-19 -2.80955e-19 -0.00100854 0.99982 -1.87892e-19 -8.96116e-05 2.81095e-19 2.01957e-19 0.999721
0.1 1.91397e-05 3934.32 -0.00417051 0.000549868 -0.352484 -0.00416263 3933.61 3.96801 0.000143518 0.000548619 -3.96801 3933.61 0.06447 -0.352471 -0.000104586 -0.0644652 3933.22 -1.06003e-06 1.39762e-07 -8.95922e-05 -1.05803e-06 0.999819 0.00100856 3.64786e-08 1.39444e-07 -0.00100856 0.999819 1.63866e-05 -8.95889e-05 -2.6583e-08 -1.63854e-05 0.999721
0.2 3.82793e-05 3927.17 -0.0166631 0.0021959 -0.351608 -0.0166315 3926.46 3.96105 0.000573454 0.00219091 -3.96105 3926.46 0.257486 -0.351564 -0.000417892 -0.257467 3926.07 -4.24303e-06 5.59156e-07 -8.95321e-05 -4.235e-06 0.999819 0.00100863 1.46022e-07 5.57886e-07 -0.00100863 0.999819 6.55653e-05 -8.95209e-05 -1.0641e-07 -6.55604e-05 0.99972
0.3 5.74188e-05 3915.28 -0.0374209 0.0049274 -0.35015 -0.03735 3914.57 3.94947 0.00128795 0.00491622 -3.94947 3914.57 0.577869 -0.350056 -0.000938561 -0.577825 3914.18 -9.55766e-06 1.25851e-06 -8.94316e-05 -9.53955e-06 0.999819 0.00100873 3.28955e-07 1.25565e-06 -0.00100873 0.999819 0.000147593 -8.94076e-05 -2.39717e-07 -0.000147582 0.99972
0.4 7.65581e-05 3898.69 -0.0663498 0.00872665 -0.348116 -0.0662238 3897.98 3.93332 0.00228392 0.00870687 -3.93332 3897.98 1.02366 -0.347953 -0.00166434 -1.02358 3897.59 -1.70185e-05 2.23836e-06 -8.92906e-05 -1.69862e-05 0.999818 0.00100888 5.85817e-07 2.23328e-06 -0.00100888 0.999818 0.000262566 -8.92487e-05 -4.26897e-07 -0.000262546 0.999719
0.5 9.56972e-05 3877.44 -0.103319 0.013569 -0.345513 -0.103122 3876.74 3.91264 0.00355705 0.0135383 -3.91264 3876.74 1.59214 -0.345263 -0.00259206 -1.59202 3876.35 -2.66461e-05 3.49947e-06 -8.91085e-05 -2.65953e-05 0.999817 0.00100908 9.17369e-07 3.49155e-06 -0.00100908 0.999817 0.000410616 -8.9044e-05 -6.68498e-07 -0.000410585 0.999718
0.6 0.000114836 3851.62 -0.148161 0.0194231 -0.34235 -0.147877 3850.91 3.8875 0.00510181 0.0193792 -3.8875 3850.91 2.27985 -0.341998 -0.0037177 -2.27967 3850.53 -3.84671e-05 5.04284e-06 -8.88848e-05 -3.83936e-05 0.999816 0.00100931 1.32459e-06 5.03144e-06 -0.00100931 0.999816 0.000591919 -8.87933e-05 -9.65231e-07 -0.000591872 0.999716
0.7 0.000133974 3821.29 -0.200674 0.0262511 -0.338638 -0.200289 3820.59 3.85798 0.0069115 0.0261919 -3.85798 3820.59 3.08258 -0.33817 -0.00503633 -3.08234 3820.2 -5.25146e-05 6.86968e-06 -8.86188e-05 -5.24139e-05 0.999815 0.0010096 1.80868e-06 6.85418e-06 -0.0010096 0.999815 0.000806685 -8.84962e-05 -1.31796e-06 -0.000806621 0.999714
0.8 0.000153112 3786.57 -0.260623 0.0340088 -0.33439 -0.260121 3785.86 3.82418 0.00897822 0.0339323 -3.82419 3785.86 3.99547 -0.333795 -0.00654216 -3.99514 3785.48 -6.88283e-05 8.98144e-06 -8.83096e-05 -6.86957e-05 0.999814 0.00100993 2.37107e-06 8.96124e-06 -0.00100994 0.999813 0.00105517 -8.81524e-05 -1.72773e-06 -0.00105508 0.999712
0.9 0.00017225 3747.54 -0.32774 0.0426463 -0.329619 -0.327106 3746.84 3.78621 0.0112929 0.0425507 -3.78622 3746.83 5.01295 -0.328889 -0.00822854 -5.01254 3746.45 -8.74548e-05 1.13798e-05 -8.79562e-05 -8.72855e-05 0.999812 0.00101032 3.01343e-06 1.13543e-05 -0.00101032 0.999811 0.00133767 -8.77614e-05 -2.19572e-06 -0.00133755 0.99971
1 0.000191387 3704.34 -0.401729 0.0521082 -0.324343 -0.400947 3703.64 3.74419 0.0138455 0.0519918 -3.7442 3703.64 6.12887 -0.323473 -0.010088 -6.12835 3703.26 -0.000108448 1.40668e-05 -8.75576e-05 -0.000108237 0.99981 0.00101076 3.73764e-06 1.40354e-05 -0.00101076 0.999809 0.00165451 -8.73227e-05 -2.72329e-06 -0.00165437 0.999707
1.1 0.000210523 3657.11 -0.482264 0.0623336 -0.31858 -0.481319 3656.41 3.69825 0.0166246 0.0621951 -3.69827 3656.4 7.33648 -0.317567 -0.0121122 -7.33583 3656.02 -0.00013187 1.70445e-05 -8.71125e-05 -0.000131612 0.999808 0.00101125 4.54584e-06 1.70066e-05 -0.00101125 0.999806 0.00200609 -8.68357e-05 -3.31197e-06 -0.00200591 0.999703
1.2 0.000229659 3605.98 -0.568992 0.0732573 -0.312348 -0.56787 3605.28 3.64855 0.0196181 0.0730956 -3.64857 3605.27 8.62847 -0.311195 -0.0142921 -8.62768 3604.9 -0.000157791 2.03155e-05 -8.66194e-05 -0.00015748 0.999806 0.0010118 5.44042e-06 2.02707e-05 -0.00101181 0.999803 0.00239282 -8.62996e-05 -3.96345e-06 -0.0023926 0.999699
1.3 0.000248794 3551.12 -0.661538 0.0848097 -0.305669 -0.660224 3550.43 3.59522 0.0228125 0.0846239 -3.59525 3550.41 9.99706 -0.30438 -0.0166178 -9.99612 3550.04 -0.00018629 2.38825e-05 -8.60768e-05 -0.00018592 0.999803 0.00101242 6.42401e-06 2.38302e-05 -0.00101243 0.999799 0.00281518 -8.57138e-05 -4.67959e-06 -0.00281492 0.999695
1.4 0.000267929 3492.7 -0.759505 0.0969175 -0.298566 -0.757985 3492 3.53845 0.0261935 0.0967072 -3.53849 3491.98 11.434 -0.29715 -0.0190786 -11.4329 3491.61 -0.000217455 2.77486e-05 -8.54828e-05 -0.00021702 0.999801 0.0010131 7.49951e-06 2.76884e-05 -0.00101311 0.999795 0.0032737 -8.50775e-05 -5.46244e-06 -0.00327338 0.999689
1.5 0.000287062 3430.89 -0.862477 0.109504 -0.291062 -0.860737 3430.2 3.47841 0.029746 0.109269 -3.47846 3430.17 12.9308 -0.289532 -0.0216633 -12.9295 3429.8 -0.000251386 3.19172e-05 -8.48356e-05 -0.000250879 0.999798 0.00101385 8.67007e-06 3.18487e-05 -0.00101387 0.99979 0.00376894 -8.43897e-05 -6.3142e-06 -0.00376856 0.999683
1.6 0.000306195 3365.88 -0.970021 0.122491 -0.283182 -0.968047 3365.19 3.41529 0.0334539 0.122231 -3.41535 3365.16 14.4784 -0.281554 -0.0243598 -14.4769 3364.79 -0.000288192 3.63919e-05 -8.4133e-05 -0.000287606 0.999794 0.00101468 9.93914e-06 3.63148e-05 -0.0010147 0.999785 0.00430153 -8.36494e-05 -7.23727e-06 -0.00430108 0.999677
1.7 0.000325327 3297.87 -1.08169 0.135796 -0.274952 -1.07947 3297.18 3.34927 0.0373003 0.135513 -3.34935 3297.14 16.0677 -0.273246 -0.0271553 -16.066 3296.77 -0.000327997 4.11769e-05 -8.33728e-05 -0.000327324 0.999791 0.00101559 1.13104e-05 4.10911e-05 -0.00101561 0.999779 0.00487215 -8.28555e-05 -8.23421e-06 -0.00487162 0.999669
1.8 0.000344457 3227.05 -1.19703 0.149337 -0.2664 -1.19455 3226.36 3.28056 0.0412674 0.149031 -3.28065 3226.31 17.6892 -0.26464 -0.0300367 -17.6872 3225.95 -0.000370937 4.62767e-05 -8.25523e-05 -0.000370168 0.999787 0.00101658 1.2788e-05 4.61819e-05 -0.00101661 0.999772 0.00548154 -8.20068e-05 -9.30777e-06 -0.00548092 0.99966
1.9 0.000363587 3153.64 -1.31558 0.16303 -0.257554 -1.31282 3152.95 3.20936 0.0453369 0.162704 -3.20947 3152.89 19.3334 -0.255767 -0.0329899 -19.3311 3152.54 -0.000417161 5.1696e-05 -8.16688e-05 -0.000416287 0.999783 0.00101767 1.43761e-05 5.15925e-05 -0.0010177 0.999764 0.0061305 -8.11021e-05 -1.04609e-05 -0.00612978 0.999651
2 0.000382716 3077.85 -1.43686 0.176792 -0.248442 -1.43381 3077.17 3.13588 0.0494899 0.176447 -3.13602 3077.09 20.9906 -0.246659 -0.0360007 -20.9881 3076.74 -0.000466837 5.74401e-05 -8.07194e-05 -0.000465849 0.999778 0.00101885 1.60794e-05 5.73281e-05 -0.0010189 0.999754 0.0068199 -8.014e-05 -1.16967e-05 -0.00681906 0.99964
2.1 0.000401843 2999.9 -1.5604 0.190538 -0.239094 -1.55706 2999.22 3.06034 0.0537067 0.190178 -3.06051 2999.13 22.6512 -0.237348 -0.0390541 -22.6483 2998.78 -0.00052015 6.35149e-05 -7.97008e-05 -0.000519037 0.999773 0.00102015 1.79028e-05 6.33948e-05 -0.0010202 0.999744 0.00755066 -7.91188e-05 -1.30185e-05 -0.0075497 0.999627
2.2 0.000420969 2920.01 -1.68573 0.204186 -0.229541 -1.68208 2919.33 2.98295 0.0579672 0.203814 -2.98315 2919.23 24.3055 -0.227869 -0.0421348 -24.3023 2918.88 -0.000577303 6.99265e-05 -7.86096e-05 -0.000576053 0.999768 0.00102156 1.98517e-05 6.97991e-05 -0.00102162 0.999733 0.00832379 -7.80371e-05 -1.44297e-05 -0.00832269 0.999614
2.3 0.000440094 2838.4 -1.81238 0.217654 -0.219811 -1.80841 2837.73 2.90394 0.0622511 0.217274 -2.90417 2837.61 25.944 -0.218253 -0.0452271 -25.9405 2837.26 -0.000638522 7.66819e-05 -7.7442e-05 -0.000637123 0.999762 0.00102309 2.19317e-05 7.65481e-05 -0.00102317 0.99972 0.00914037 -7.68931e-05 -1.5934e-05 -0.00913911 0.999598
2.4 0.000459218 2755.31 -1.93989 0.230862 -0.209937 -1.93559 2754.63 2.82352 0.0665374 0.23048 -2.82379 2754.49 27.5574 -0.208535 -0.048315 -27.5534 2754.15 -0.000704056 8.37883e-05 -7.61939e-05 -0.000702496 0.999756 0.00102476 2.41488e-05 8.36496e-05 -0.00102486 0.999705 0.0100016 -7.56848e-05 -1.75353e-05 -0.0100001 0.999581
2.5 0.00047834 2670.95 -2.0678 0.243734 -0.19995 -2.06316 2670.28 2.74191 0.0708052 0.243355 -2.74223 2670.12 29.1363 -0.198746 -0.0513823 -29.1319 2669.78 -0.000774182 9.12538e-05 -7.4861e-05 -0.000772445 0.999749 0.00102657 2.65094e-05 9.11119e-05 -0.00102669 0.999688 0.0109086 -7.44104e-05 -1.92375e-05 -0.010907 0.999562
2.6 0.000497461 2585.55 -2.19567 0.256195 -0.18988 -2.19068 2584.89 2.65935 0.0750332 0.255826 -2.65971 2584.7 30.672 -0.18892 -0.0544124 -30.6672 2584.37 -0.000849206 9.90871e-05 -7.34386e-05 -0.000847276 0.999742 0.00102854 2.90202e-05 9.89443e-05 -0.00102868 0.99967 0.0118628 -7.30676e-05 -2.10448e-05 -0.011861 0.999541
2.7 0.00051658 2499.35 -2.32306 0.268175 -0.179758 -2.31771 2498.69 2.57603 0.0792001 0.267823 -2.57645 2498.47 32.1559 -0.179089 -0.0573888 -32.1506 2498.14 -0.000929466 0.000107298 -7.19218e-05 -0.000927326 0.999734 0.00103068 3.16883e-05 0.000107157 -0.00103085 0.999649 0.0128657 -7.16541e-05 -2.29615e-05 -0.0128636 0.999517
2.8 0.000535698 2412.56 -2.44956 0.279606 -0.169615 -2.44385 2411.9 2.49218 0.0832845 0.279279 -2.49266 2411.66 33.5797 -0.169284 -0.0602948 -33.574 2411.33 -0.00101534 0.000115896 -7.03051e-05 -0.00101297 0.999726 0.001033 3.45212e-05 0.00011576 -0.0010332 0.999627 0.0139187 -7.01677e-05 -2.4992e-05 -0.0139163 0.999491
2.9 0.000554814 2325.4 -2.57478 0.290427 -0.159483 -2.56868 2324.74 2.40802 0.0872653 0.290134 -2.40856 2324.47 34.9357 -0.159536 -0.0631138 -34.9295 2324.15 -0.00110724 0.000124893 -6.85828e-05 -0.00110462 0.999716 0.00103553 3.7527e-05 0.000124767 -0.00103576 0.999601 0.0150235 -6.86058e-05 -2.7141e-05 -0.0150208 0.999461
3 0.000573928 2238.09 -2.69831 0.300579 -0.14939 -2.69184 2237.44 2.32374 0.0911215 0.30033 -2.32435 2237.14 36.2165 -0.149875 -0.0658291 -36.2098 2236.82 -0.00120563 0.000134301 -6.67487e-05 -0.00120274 0.999706 0.00103827 4.07139e-05 0.00013419 -0.00103854 0.999573 0.0161818 -6.69656e-05 -2.9413e-05 -0.0161789 0.999429
3.1 0.00059304 2150.85 -2.81982 0.310009 -0.139367 -2.81296 2150.2 2.23956 0.0948323 0.309816 -2.24023 2149.86 37.4154 -0.140331 -0.0684245 -37.4082 2149.54 -0.00131103 0.000144134 -6.47962e-05 -0.00130784 0.999696 0.00104124 4.40906e-05 0.000144043 -0.00104156 0.999541 0.0173956 -6.52445e-05 -3.18128e-05 -0.0173923 0.999393
3.2 0.000612151 2063.87 -2.93896 0.318672 -0.129443 -2.9317 2063.22 2.15567 0.0983774 0.318544 -2.15642 2062.85 38.5261 -0.130931 -0.0708837 -38.5183 2062.54 -0.001424 0.000154405 -6.27183e-05 -0.00142049 0.999684 0.00104448 4.76664e-05 0.000154343 -0.00104484 0.999506 0.0186669 -6.34393e-05 -3.4345e-05 -0.0186631 0.999353
3.3 0.00063126 1977.37 -3.05541 0.326523 -0.119646 -3.04776 1976.72 2.07225 0.101737 0.326474 -2.07308 1976.31 39.5428 -0.121701 -0.0731908 -39.5345 1976 -0.00154519 0.00016513 -6.05075e-05 -0.00154132 0.999672 0.00104798 5.14507e-05 0.000165105 -0.0010484 0.999467 0.0199977 -6.15472e-05 -3.70143e-05 -0.0199935 0.999309
3.4 0.000650367 1891.52 -3.16889 0.333529 -0.110003 -3.16083 1890.88 1.9895 0.104892 0.333571 -1.99041 1890.43 40.4606 -0.112669 -0.0753305 -40.4517 1890.12 -0.00167531 0.000176328 -5.81559e-05 -0.00167105 0.999658 0.0010518 5.54534e-05 0.00017635 -0.00105228 0.999423 0.0213905 -5.95649e-05 -3.98253e-05 -0.0213858 0.99926
3.5 0.000669472 1806.53 -3.27913 0.339657 -0.100542 -3.27067 1805.89 1.90758 0.107823 0.339805 -1.90858 1805.4 41.2749 -0.103856 -0.0772876 -41.2655 1805.1 -0.00181515 0.000188016 -5.56549e-05 -0.00181047 0.999643 0.00105593 5.96848e-05 0.000188098 -0.00105649 0.999375 0.0228476 -5.74893e-05 -4.27823e-05 -0.0228424 0.999206
3.6 0.000688575 1722.57 -3.38589 0.344886 -0.0912884 -3.37702 1721.93 1.82667 0.110512 0.345153 -1.82776 1721.4 41.9819 -0.0952874 -0.0790479 -41.9719 1721.1 -0.0019656 0.000200216 -5.29955e-05 -0.00196045 0.999627 0.00106043 6.41555e-05 0.000200371 -0.00106107 0.999322 0.0243717 -5.5317e-05 -4.58895e-05 -0.0243659 0.999146
3.7 0.000707676 1639.81 -3.48896 0.349196 -0.0822661 -3.47967 1639.17 1.74691 0.112944 0.349597 -1.74811 1638.6 42.5785 -0.0869831 -0.0805974 -42.568 1638.3 -0.00212766 0.000212949 -5.01682e-05 -0.002122 0.99961 0.00106532 6.88761e-05 0.000213194 -0.00106604 0.999263 0.0259655 -5.30447e-05 -4.91505e-05 -0.0259592 0.99908
3.8 0.000726775 1558.4 -3.58814 0.352576 -0.0734988 -3.57845 1557.77 1.66847 0.1151 0.353128 -1.66976 1557.15 43.0622 -0.0789631 -0.081923 -43.0511 1556.85 -0.00230245 0.000226242 -4.71629e-05 -0.00229623 0.999591 0.00107063 7.38578e-05 0.000226596 -0.00107146 0.999198 0.0276322 -5.06692e-05 -5.25686e-05 -0.0276251 0.999006
3.9 0.000745871 1478.51 -3.68329 0.355021 -0.0650085 -3.67318 1477.88 1.59148 0.116967 0.355739 -1.59287 1477.22 43.4311 -0.0712455 -0.0830125 -43.4196 1476.92 -0.00249121 0.000240121 -4.39689e-05 -0.00248437 0.99957 0.0010764 7.91114e-05 0.000240606 -0.00107735 0.999125 0.0293749 -4.81873e-05 -5.6146e-05 -0.0293671 0.998925
4 0.000764965 1400.28 -3.77426 0.356532 -0.0568162 -3.76374 1399.64 1.51606 0.118531 0.357432 -1.51756 1398.94 43.6843 -0.0638466 -0.0838544 -43.6722 1398.65 -0.00269537 0.000254615 -4.0575e-05 -0.00268786 0.999548 0.00108268 8.46481e-05 0.000255258 -0.00108376 0.999045 0.0311969 -4.55957e-05 -5.98842e-05 -0.0311883 0.998836
4.1 0.000784057 1323.82 -3.86095 0.357114 -0.0489412 -3.85002 1323.19 1.44233 0.119778 0.358213 -1.44394 1322.44 43.8212 -0.0567814 -0.0844383 -43.8086 1322.15 -0.00291651 0.000269759 -3.69695e-05 -0.00290825 0.999523 0.00108952 9.04784e-05 0.000270589 -0.00109073 0.998957 0.033102 -4.28919e-05 -6.37836e-05 -0.0330924 0.998737
4.2 0.000803147 1249.28 -3.94327 0.356781 -0.0414014 -3.93193 1248.65 1.3704 0.120697 0.358095 -1.37212 1247.85 43.8421 -0.0500627 -0.0847544 -43.8289 1247.57 -0.00315643 0.000285589 -3.31402e-05 -0.00314735 0.999496 0.00109695 9.66129e-05 0.000286641 -0.00109833 0.998858 0.0350938 -4.00732e-05 -6.78426e-05 -0.0350833 0.998627
4.3 0.000822234 1176.75 -4.02117 0.35555 -0.0342133 -4.00942 1176.13 1.30037 0.121277 0.357096 -1.30221 1175.28 43.7478 -0.043702 -0.0847946 -43.7341 1175 -0.00341717 0.000302144 -2.90742e-05 -0.00340718 0.999467 0.00110505 0.000103061 0.000303458 -0.00110661 0.99875 0.0371766 -3.71378e-05 -7.2058e-05 -0.037165 0.998506
4.4 0.000841318 1106.35 -4.0946 0.353445 -0.0273916 -4.08245 1105.72 1.23232 0.121511 0.355239 -1.23427 1104.83 43.5398 -0.0377089 -0.0845514 -43.5257 1104.54 -0.00370101 0.00031947 -2.47586e-05 -0.00369003 0.999435 0.00111387 0.000109831 0.000321092 -0.00111563 0.998629 0.0393546 -3.40842e-05 -7.6424e-05 -0.0393418 0.998372
4.5 0.0008604 1038.14 -4.16356 0.350494 -0.0209496 -4.15101 1037.52 1.16633 0.121391 0.352552 -1.16839 1036.58 43.2203 -0.0320913 -0.0840187 -43.2057 1036.3 -0.00401058 0.000337615 -2.01798e-05 -0.00399849 0.999399 0.00112347 0.00011693 0.000339598 -0.00112546 0.998496 0.0416322 -3.09121e-05 -8.09316e-05 -0.0416182 0.998223
4.6 0.00087948 972.228 -4.22806 0.34673 -0.0148987 -4.21511 971.605 1.10246 0.12091 0.349068 -1.10463 970.621 42.7919 -0.0268552 -0.0831918 -42.777 970.34 -0.00434883 0.000356635 -1.53243e-05 -0.00433552 0.99936 0.00113395 0.000124364 0.000359039 -0.00113619 0.998348 0.0440143 -2.76223e-05 -8.55682e-05 -0.0439989 0.998058
4.7 0.000898556 908.663 -4.28811 0.342192 -0.0092488 -4.27478 908.042 1.04076 0.120064 0.344824 -1.04305 907.012 42.2581 -0.022005 -0.082067 -42.2427 906.732 -0.00471914 0.000376588 -1.01785e-05 -0.00470447 0.999317 0.00114537 0.000132133 0.000379486 -0.00114789 0.998184 0.0465058 -2.4217e-05 -9.03162e-05 -0.0464889 0.997876
4.8 0.00091763 847.506 -4.34377 0.33692 -0.00400786 -4.33005 846.887 0.981274 0.118851 0.339862 -0.983674 845.812 41.6225 -0.0175436 -0.0806421 -41.6068 845.534 -0.00512536 0.000397543 -4.729e-06 -0.00510917 0.999269 0.00115784 0.000140236 0.000401014 -0.00116067 0.998001 0.0491118 -2.07003e-05 -9.51522e-05 -0.0490932 0.997673
4.9 0.000936701 788.804 -4.3951 0.330961 0.000817853 -4.38101 788.186 0.924039 0.11727 0.334225 -0.926547 787.068 40.8895 -0.0134719 -0.0789163 -40.8736 786.791 -0.00557186 0.000419573 1.03683e-06 -0.00555399 0.999216 0.00117144 0.000148668 0.000423711 -0.00117462 0.997799 0.0518374 -1.70788e-05 -0.000100046 -0.0518171 0.997448
5 0.00095577 732.591 -4.44218 0.324363 0.00522389 -4.42772 731.974 0.869073 0.11532 0.327961 -0.871686 730.814 40.064 -0.00978916 -0.0768902 -40.0477 730.538 -0.00606366 0.000442762 7.1307e-06 -0.00604391 0.999158 0.0011863 0.000157414 0.000447673 -0.00118987 0.997575 0.054688 -1.33624e-05 -0.000104956 -0.0546658 0.997198
5.1 0.000974835 678.892 -4.4851 0.317178 0.00920763 -4.47027 678.276 0.816389 0.113005 0.321121 -0.819104 677.076 39.1509 -0.00649322 -0.0745657 -39.1344 676.801 -0.00660649 0.0004672 1.35627e-05 -0.00658466 0.999092 0.00120253 0.000166455 0.000473007 -0.00120653 0.997325 0.0576688 -9.56444e-06 -0.000109834 -0.0576445 0.99692
5.2 0.000993897 627.723 -4.52395 0.30946 0.0127683 -4.50878 627.107 0.765989 0.110327 0.313756 -0.768801 625.869 38.1561 -0.00358016 -0.0719463 -38.1394 625.595 -0.00720693 0.000492989 2.03406e-05 -0.00718275 0.99902 0.00122027 0.000175758 0.000499833 -0.00122475 0.997046 0.0607849 -5.7034e-06 -0.000114615 -0.0607583 0.99661
5.3 0.00101296 579.087 -4.55886 0.301264 0.0159069 -4.54334 578.472 0.717868 0.107293 0.305922 -0.720772 577.197 37.0853 -0.00104452 -0.0690369 -37.0684 576.924 -0.00787251 0.000520241 2.74689e-05 -0.0078457 0.998939 0.00123966 0.00018528 0.000528283 -0.00124467 0.996737 0.064041 -1.80374e-06 -0.000119217 -0.0640119 0.996265
5.4 0.00103201 532.981 -4.58995 0.292649 0.0186263 -4.57409 532.367 0.672011 0.103909 0.297673 -0.674999 531.057 35.9447 0.00112064 -0.0658438 -35.9278 530.785 -0.00861185 0.00054908 3.49474e-05 -0.00858209 0.998849 0.00126085 0.000194959 0.000558506 -0.00126646 0.996391 0.067441 2.1026e-06 -0.000123539 -0.0674093 0.99588
5.5 0.00105107 489.391 -4.61733 0.283672 0.0209312 -4.60115 488.778 0.628394 0.100184 0.289066 -0.63146 487.436 34.7409 0.00292376 -0.0623749 -34.724 487.164 -0.00943486 0.000579643 4.27699e-05 -0.00940179 0.998747 0.00128403 0.000204713 0.000590664 -0.0012903 0.996005 0.0709882 5.97429e-06 -0.000127454 -0.0709535 0.99545
5.6 0.00107012 448.295 -4.64115 0.274392 0.0228281 -4.62465 447.682 0.586987 0.0961292 0.280157 -0.590122 446.311 33.4805 0.00437469 -0.0586393 -33.4636 446.04 -0.0103529 0.00061208 5.09221e-05 -0.0103161 0.998634 0.00130938 0.000214433 0.00062494 -0.00131637 0.995575 0.0746842 9.7585e-06 -0.000130805 -0.0746464 0.99497
5.7 0.00108916 409.663 -4.66153 0.26487 0.0243253 -4.64473 409.051 0.547752 0.0917552 0.271004 -0.550947 407.653 32.1703 0.00548462 -0.0546477 -32.1534 407.382 -0.0113789 0.000646555 5.93789e-05 -0.0113379 0.998506 0.00133708 0.000223977 0.00066153 -0.00134488 0.995093 0.0785288 1.33881e-05 -0.000133397 -0.0784875 0.994432
5.8 0.00110821 373.457 -4.67861 0.255162 0.0254329 -4.66152 372.845 0.510645 0.0870759 0.261663 -0.513891 371.423 30.8172 0.0062661 -0.050412 -30.8004 371.152 -0.0125279 0.000683244 6.81012e-05 -0.0124821 0.998362 0.00136735 0.000233162 0.000700652 -0.00137604 0.994554 0.0825189 1.67787e-05 -0.000134987 -0.0824739 0.99383
5.9 0.00112725 339.631 -4.69253 0.245328 0.0261624 -4.67516 339.02 0.475616 0.0821062 0.252189 -0.478901 337.577 29.4282 0.00673288 -0.0459456 -29.4116 337.306 -0.0138165 0.000722336 7.70318e-05 -0.0137654 0.998199 0.00140039 0.000241751 0.000742537 -0.00141006 0.993951 0.0866476 1.98241e-05 -0.000135281 -0.0865986 0.993155
6 0.00172656 308.135 -4.70342 0.235424 0.0265274 -4.68578 307.523 0.442609 0.0768622 0.242636 -0.445922 306.063 28.0104 0.00689991 -0.041263 -27.9939 305.792 -0.0152642 0.000764031 8.60904e-05 -0.0152069 0.998015 0.00143641 0.000249444 0.000787433 -0.00144717 0.993275 0.090903 2.23925e-05 -0.000133912 -0.0908497 0.992398
6.2 0.00236869 251.89 -4.71662 0.215627 0.0262254 -4.69849 251.278 0.382413 0.0656232 0.2235 -0.385744 249.792 25.1157 0.00640006 -0.0313139 -25.0999 249.521 -0.018725 0.000856037 0.000104115 -0.018653 0.997572 0.00151818 0.000260523 0.000887292 -0.0015314 0.991671 0.0997093 2.54082e-05 -0.000124316 -0.0996464 0.990597
6.4 0.00244479 204.192 -4.71921 0.196186 0.0246651 -4.70063 203.58 0.329528 0.0535139 0.204648 -0.332819 202.08 22.1881 0.00490723 -0.0207047 -22.173 201.81 -0.0231117 0.000960793 0.000120794 -0.0230207 0.997003 0.00161382 0.000262077 0.00100223 -0.00162994 0.989661 0.108663 2.40325e-05 -0.000101399 -0.108589 0.988334
6.6 0.00252085 164.438 -4.71204 0.177476 0.022007 -4.69307 163.825 0.283371 0.0407067 0.186429 -0.286561 162.326 19.2799 0.00257647 -0.00959139 -19.2657 162.055 -0.0286555 0.00107929 0.000133832 -0.0285401 0.996274 0.00172327 0.000247551 0.00113374 -0.00174267 0.987161 0.117247 1.56684e-05 -5.83284e-05 -0.117161 0.98551
6.8 0.00259689 131.969 -4.69588 0.159822 0.0184314 -4.67658 131.355 0.243332 0.0273878 0.169143 -0.246354 129.871 16.4399 -0.000425355 0.00185702 -16.4268 129.598 -0.0355831 0.00121106 0.000139665 -0.0354369 0.995349 0.00184386 0.000207532 0.00128169 -0.00186676 0.9841 0.124573 -3.22314e-06 1.40716e-05 -0.124474 0.982036
7 0.00267289 106.089 -4.6713 0.14349 0.0141346 -4.65173 105.474 0.208786 0.013754 0.153032 -0.211569 104.016 13.7123 -0.00392235 0.0134615 -13.7005 103.742 -0.044032 0.00135255 0.000133234 -0.0438476 0.994203 0.00196804 0.000129646 0.00144249 -0.00199426 0.980461 0.129253 -3.69723e-05 0.000126889 -0.129142 0.977884
7.2 0.00274886 86.0778 -4.63876 0.128683 0.00932524 -4.61898 85.4614 0.179113 8.65572e-06 0.138276 -0.18158 84.0423 11.1362 -0.0077325 0.0250369 -11.1257 83.7677 -0.0538903 0.00149496 0.000108335 -0.0536606 0.992839 0.00208083 1.00557e-07 0.00160641 -0.00210949 0.976353 0.129374 -8.98316e-05 0.000290863 -0.129252 0.973163
7.4 0.0028248 71.2111 -4.59852 0.115541 0.00422032 -4.57861 70.5931 0.153707 -0.0136419 0.124995 -0.155783 69.2239 8.74461 -0.0116709 0.0363951 -8.73554 68.9481 -0.064576 0.00162252 5.92649e-05 -0.0642963 0.991322 0.00215847 -0.00019157 0.00175528 -0.00218763 0.972095 0.122799 -0.000163891 0.000511088 -0.122671 0.968222
7.6 0.00290071 60.7718 -4.55073 0.104138 -0.00095962 -4.53075 60.1521 0.131994 -0.0269928 0.113245 -0.133603 58.8427 6.56409 -0.0155528 0.0473498 -6.55648 58.5657 -0.0748824 0.0017136 -1.57906e-05 -0.0745535 0.989803 0.00217197 -0.000444166 0.00186345 -0.00219843 0.968257 0.108012 -0.000255922 0.000779141 -0.107887 0.963699
7.8 0.00297657 54.064 -4.4954 0.0944854 -0.00599524 -4.4754 53.4426 0.11344 -0.039844 0.103025 -0.114504 52.2014 4.61464 -0.0191975 0.0577194 -4.60851 51.9231 -0.0831495 0.00174766 -0.000110891 -0.0827797 0.988505 0.00209826 -0.000736977 0.00190561 -0.00211794 0.965547 0.0853552 -0.000355088 0.00106761 -0.0852417 0.960401
8 0.00305241 50.4243 -4.43241 0.0865343 -0.0106734 -4.41248 49.801 0.0975575 -0.0520047 0.0942769 -0.0980037 48.6349 2.90964 -0.0224314 0.0673317 -2.90497 48.3555 -0.0879022 0.00171612 -0.000211672 -0.0875071 0.987639 0.00193473 -0.00103134 0.00186967 -0.00194358 0.964513 0.0577031 -0.000444852 0.0013353 -0.0576104 0.958972
8.2 0.0031282 49.2307 -4.3616 0.0801831 -0.0147924 -4.34181 48.6055 0.0839124 -0.0632967 0.0868967 -0.0836714 47.5197 1.45592 -0.0250918 0.076027 -1.45266 47.2392 -0.0885952 0.00162872 -0.000300471 -0.0881933 0.987301 0.00170448 -0.00128572 0.00176509 -0.00169958 0.965246 0.0295735 -0.000509679 0.0015443 -0.0295073 0.959548
8.4 0.00320396 49.9103 -4.28275 0.0752837 -0.0181667 -4.26317 49.2833 0.0721275 -0.0735575 0.0807389 -0.0711359 48.2812 0.254181 -0.0270307 0.0836616 -0.252249 47.9998 -0.085809 0.00150838 -0.000363986 -0.0854167 0.987438 0.00144514 -0.00147379 0.00161768 -0.00142527 0.96736 0.00509276 -0.000541586 0.00167624 -0.00505405 0.961721
8.6 0.00327968 51.9453 -4.19564 0.0716497 -0.020632 -4.17635 51.3165 0.0618829 -0.0826438 0.0756259 -0.0600844 50.3999 -0.700639 -0.0281177 0.0901108 0.701351 50.1176 -0.0807703 0.00137933 -0.000397186 -0.080399 0.987896 0.00119131 -0.00159098 0.00145588 -0.00115669 0.970249 -0.013488 -0.000541294 0.00173473 0.0135017 0.964815
8.8 0.00335535 54.8765 -4.10007 0.0690657 -0.0220497 -4.08114 54.2461 0.0529147 -0.0904333 0.0713576 -0.0502626 53.4147 -1.41872 -0.0282437 0.0952717 1.41835 53.1318 -0.0747145 0.00125857 -0.000401807 -0.0743696 0.988512 0.000964251 -0.00164794 0.00130033 -0.000915922 0.973363 -0.025853 -0.000514677 0.00173611 0.0258462 0.968207
9 0.00343099 58.3054 -3.99592 0.067297 -0.0223111 -3.97743 57.6735 0.0450129 -0.0968275 0.0677206 -0.0414706 56.9258 -1.91471 -0.0273237 0.0990648 1.9134 56.6424 -0.0685342 0.00115421 -0.000382659 -0.0682171 0.989161 0.000772019 -0.00166069 0.00116148 -0.000711264 0.976338 -0.0328393 -0.00046863 0.00169907 0.0328169 0.971477
9.2 0.00350659 61.8951 -3.88316 0.0660993 -0.0213402 -3.86519 61.2617 0.0380164 -0.101752 0.0644979 -0.0335593 60.5945 -2.20696 -0.0252995 0.101436 2.2049 60.3107 -0.0627378 0.00106793 -0.00034478 -0.0624474 0.989767 0.000614208 -0.00164395 0.00104205 -0.000542196 0.978987 -0.0356565 -0.000408749 0.00163884 0.0356232 0.974403
9.4 0.00358214 65.3685 -3.7619 0.0652283 -0.019097 -3.74451 64.7338 0.0318077 -0.10516 0.061478 -0.0264242 64.1425 -2.31677 -0.0221416 0.102357 2.31413 63.8586 -0.0575491 0.000997855 -0.000292144 -0.0572832 0.990291 0.00048659 -0.00160873 0.000940485 -0.000404235 0.981246 -0.0354417 -0.00033872 0.00156584 0.0354013 0.976903
9.6 0.00365765 68.5068 -3.63239 0.0644488 -0.0155789 -3.61566 67.871 0.0263061 -0.107029 0.0584634 -0.0199988 67.3499 -2.26754 -0.0178506 0.101825 2.26451 67.066 -0.0530224 0.000940766 -0.000227407 -0.0527782 0.99072 0.000383993 -0.00156231 0.000853395 -0.000291925 0.983113 -0.0330995 -0.000260567 0.00148635 0.0330552 0.978969
9.8 0.00373311 71.1457 -3.49506 0.0635433 -0.0108216 -3.47906 70.509 0.0214613 -0.107363 0.0552776 -0.0142474 70.0512 -2.084 -0.0124582 0.0998658 2.08077 69.7676 -0.0491254 0.000893143 -0.000152105 -0.0489005 0.991051 0.000301654 -0.00150905 0.000776964 -0.000200257 0.984617 -0.0292921 -0.000175109 0.00140368 0.0292467 0.98063
10 0.00380853 73.1711 -3.35053 0.0623187 -0.00489864 -3.33531 72.5337 0.0172455 -0.106192 0.0517722 -0.00915744 72.1319 -1.79147 -0.006027 0.0965273 1.78823 71.8485 -0.0457903 0.000851684 -6.69478e-05 -0.0455823 0.991288 0.000235687 -0.00145128 0.00070755 -0.000125151 0.985797 -0.0244833 -8.23686e-05 0.0013192 0.024439 0.981925
10.2 0.0038839 74.5145 -3.19958 0.0606129 0.0020796 -3.18521 73.8764 0.0136465 -0.103569 0.047831 -0.0047321 73.5224 -1.4151 0.00135024 0.0918827 1.41202 73.2396 -0.0429391 0.000813438 2.79087e-05 -0.0427463 0.991438 0.000183139 -0.00138992 0.000641903 -6.35058e-05 0.986687 -0.0189909 1.81205e-05 0.00123309 0.0189496 0.982891
10.4 0.00395923 75.1468 -3.04322 0.0582992 0.00996867 -3.02975 74.5083 0.0106611 -0.0995724 0.0433737 -0.000983392 74.1938 -0.979261 0.00955228 0.0860263 0.976514 73.9115 -0.040497 0.000775804 0.000132656 -0.0403178 0.991504 0.00014187 -0.00132504 0.000577187 -1.30863e-05 0.987318 -0.0130313 0.000127115 0.00114478 0.0129948 0.983562
10.6 0.0040345 75.0732 -2.8826 0.0552895 0.0185934 -2.87007 74.4345 0.00828857 -0.0942975 0.0383579 0.00207446 74.1509 -0.50699 0.0184319 0.0790714 0.504721 73.8693 -0.0383972 0.000736474 0.00024767 -0.0382303 0.991492 0.000110407 -0.00125607 0.00051094 2.76325e-05 0.987715 -0.00675328 0.000245519 0.00105326 0.00672306 0.983964
10.8 0.00410973 74.3273 -2.71904 0.0515361 0.0277523 -2.70749 73.6884 0.00652584 -0.0878596 0.0327792 0.00443056 73.4275 -0.019506 0.0278192 0.0711478 0.0178424 73.1466 -0.0365819 0.000693368 0.00037338 -0.0364265 0.991405 8.77987e-05 -0.00118206 0.000441012 5.96089e-05 0.987894 -0.000262434 0.00037428 0.000957224 0.000240052 0.984116
11 0.00418491 72.9649 -2.55399 0.0470321 0.0372232 -2.54345 72.3261 0.00536278 -0.0803893 0.0266704 0.00608196 72.0797 0.464156 0.0375258 0.0623986 -0.46511 71.7996 -0.035003 0.000644585 0.000510153 -0.0348585 0.991245 7.3498e-05 -0.00110175 0.000365523 8.33546e-05 0.987867 0.00636135 0.0005143 0.000855186 -0.00637443 0.984029
11.2 0.00426003 71.0591 -2.38903 0.0418096 0.0467694 -2.37951 70.4203 0.00477917 -0.0720294 0.0200987 0.00703716 70.1808 0.927415 0.0473495 0.0529764 -0.927581 69.9015 -0.0336204 0.000588379 0.000658176 -0.0334863 0.991011 6.72563e-05 -0.00101366 0.000282844 9.90326e-05 0.98764 0.0130513 0.00066634 0.000745527 -0.0130537 0.98371
11.4 0.00433511 68.6943 -2.22579 0.0359379 0.0561458 -2.21729 68.0557 0.00474257 -0.0629328 0.0131623 0.00731848 67.8161 1.35633 0.0570793 0.0430407 -1.35565 67.5376 -0.0324014 0.000523158 0.000817328 -0.0322777 0.990704 6.90388e-05 -0.000916128 0.000191607 0.000106537 0.987216 0.0197444 0.000830917 0.000626554 -0.0197346 0.983162
11.6 0.00441013 65.9623 -2.06595 0.0295193 0.0651068 -2.05847 65.3239 0.00520738 -0.0532584 0.00598591 0.00696324 65.0779 1.73967 0.0665016 0.0327536 -1.73813 64.8002 -0.0313201 0.000447518 0.00098703 -0.0312068 0.990322 7.89449e-05 -0.000807408 9.07475e-05 0.000105564 0.986593 0.0263737 0.00100818 0.00049655 -0.0263504 0.982382
11.8 0.0044851 62.9573 -1.91118 0.0226845 0.073413 -1.90471 62.3191 0.00611493 -0.043169 -0.00128534 0.00602383 62.0613 2.06893 0.0754058 0.022277 -2.06652 61.7843 -0.0303567 0.000360316 0.00116608 -0.030254 0.989863 9.71282e-05 -0.000685688 -2.0416e-05 9.56813e-05 0.985769 0.0328624 0.00119773 0.000353843 -0.0328242 0.981368
12 0.0139046 59.7727 -1.76311 0.0155871 0.0808387 -1.75763 59.1347 0.0073946 -0.0328277 -0.00849136 0.00456679 58.8605 2.33823 0.08359 0.0117691 -2.33499 58.5841 -0.029497 0.000260773 0.00135244 -0.0294052 0.989327 0.000123712 -0.000549209 -0.000142061 7.64026e-05 0.98474 0.0391187 0.00139847 0.000196897 -0.0390645 0.980115
13 0.0246683 44.0167 -1.17308 -0.0176447 0.0986232 -1.17177 43.3791 0.0163627 0.017263 -0.0377112 -0.00744879 42.986 2.74253 0.107975 -0.0363078 -2.73632 42.7111 -0.0266507 -0.000400863 0.00224058 -0.0266211 0.985513 0.000371737 0.000392191 -0.000856747 -0.000169226 0.976584 0.0623064 0.00245305 -0.000824862 -0.0621654 0.970338
14 0.0265294 33.4328 -0.912154 -0.0321537 0.0782313 -0.913182 32.7931 0.0218746 0.0533508 -0.0435042 -0.018917 32.2929 1.92012 0.0978469 -0.0678106 -1.91424 32.0168 -0.0272832 -0.000961742 0.00233996 -0.027314 0.980867 0.000654285 0.00159576 -0.00130124 -0.000565823 0.965906 0.0574324 0.00292668 -0.00202827 -0.0572563 0.957649
15 0.0283823 29.7733 -0.968849 -0.0179443 0.0315376 -0.970068 29.13 0.0184482 0.0674492 -0.0214879 -0.022495 28.5945 0.705519 0.0604507 -0.078422 -0.703317 28.3166 -0.0325408 -0.000602697 0.00105926 -0.0325818 0.978394 0.000619622 0.00226542 -0.000721717 -0.000755542 0.960407 0.0236963 0.00203037 -0.00263397 -0.0236224 0.951073
16 0.0302266 30.6455 -1.19995 0.0171992 -0.0135609 -1.19954 29.9995 0.00956691 0.0615057 0.0163293 -0.0193045 29.5056 -0.165937 0.0176322 -0.0725678 0.162711 29.2282 -0.0391557 0.000561232 -0.000442509 -0.0391424 0.97892 0.00031218 0.00200701 0.000532846 -0.00062993 0.962802 -0.00541474 0.000575359 -0.00236798 0.00530945 0.953751
17 0.0320617 32.5922 -1.41086 0.0530572 -0.0326712 -1.40762 31.9466 0.00330803 0.0445567 0.0496393 -0.0154753 31.5373 -0.375281 -0.00962546 -0.0588532 0.367125 31.2649 -0.0432883 0.00162791 -0.00100242 -0.0431888 0.98019 0.000101498 0.0013671 0.00152304 -0.000474815 0.967633 -0.0115144 -0.00029533 -0.00180574 0.0112642 0.959275
18 0.0338871 33.1359 -1.45699 0.0695365 -0.020664 -1.45043 32.4938 0.00450792 0.0272172 0.0618318 -0.0150859 32.1642 -0.0143962 -0.0143558 -0.0449953 0.0035481 31.9011 -0.0439702 0.00209853 -0.000623615 -0.0437723 0.980621 0.000136043 0.000821382 0.00186601 -0.000455273 0.970676 -0.00043446 -0.000433242 -0.0013579 0.000107077 0.962736
19 0.0357021 31.4342 -1.30818 0.0578286 0.00770121 -1.29881 30.7967 0.01099 0.0160598 0.0480293 -0.0167451 30.5034 0.574895 -0.00488753 -0.0345249 -0.585633 30.2518 -0.0416166 0.00183967 0.000244995 -0.0413183 0.97972 0.000349619 0.000510904 0.00152793 -0.000532704 0.970388 0.0182889 -0.000155485 -0.00109832 -0.0186305 0.962386
20 0.0375062 28.0461 -1.04466 0.023997 0.0308606 -1.03422 27.4118 0.0164434 0.0108237 0.0157536 -0.0162043 27.1001 1.00856 0.00470311 -0.0262611 -1.01694 26.8597 -0.0372478 0.000855628 0.00110035 -0.0368758 0.977385 0.0005863 0.000385924 0.000561704 -0.000577775 0.966269 0.0359607 0.000167692 -0.000936356 -0.0362597 0.9577
21 0.0392989 24.2648 -0.793248 -0.0159185 0.0355431 -0.784574 23.6311 0.0161947 0.00619612 -0.0204726 -0.0112411 23.2674 1.05425 0.0055677 -0.0164666 -1.0591 23.0363 -0.0326914 -0.000656032 0.0014648 -0.0323339 0.973886 0.000667417 0.000255354 -0.000843719 -0.000463267 0.958897 0.0434477 0.000229456 -0.000678622 -0.0436477 0.949372
22 0.0410797 21.3122 -0.645979 -0.0454358 0.0227842 -0.641898 20.6773 0.0104039 -0.00301013 -0.0468773 -0.00369441 20.2676 0.737065 -0.00193497 -0.00242272 -0.738031 20.0436 -0.0303103 -0.00213191 0.00106907 -0.0301188 0.970208 0.000488167 -0.00014124 -0.00219955 -0.000173347 0.950987 0.0345842 -9.07916e-05 -0.000113678 -0.0346295 0.940477
23 0.0428479 19.7151 -0.61117 -0.0559124 0.00301394 -0.612979 19.0788 0.00265594 -0.0171943 -0.0566073 0.00274051 18.6605 0.291958 -0.0119256 0.0148781 -0.288968 18.4424 -0.0310001 -0.00283602 0.000152875 -0.0310919 0.967727 0.000134716 -0.000872136 -0.00287127 0.000139006 0.946508 0.0148088 -0.000604898 0.000754657 -0.0146572 0.935445
24 0.0446031 19.1656 -0.624499 -0.0491074 -0.0130537 -0.630942 18.5295 -0.00369184 -0.0315784 -0.0515453 0.00607549 18.142 -0.0136217 -0.0187872 0.03098 0.0205767 17.9294 -0.0325843 -0.00256226 -0.000681099 -0.0329205 0.966811 -0.000192628 -0.00164766 -0.00268946 0.000316999 0.946591 -0.000710737 -0.000980257 0.00161644 0.00107363 0.935499
25 0.0463447 18.9082 -0.606658 -0.0335093 -0.0200373 -0.614317 18.2742 -0.00774561 -0.0403165 -0.0392759 0.00734546 17.9311 -0.0606088 -0.0198868 0.0410939 0.0711308 17.7242 -0.0320844 -0.00177221 -0.00105972 -0.0324895 0.96647 -0.000409643 -0.00213222 -0.00207719 0.000388481 0.948324 -0.00320543 -0.00105176 0.00217334 0.00376191 0.93738
26 0.0480722 18.3309 -0.522814 -0.017892 -0.017732 -0.527876 17.7002 -0.0104104 -0.0413118 -0.0274649 0.00884975 17.3826 0.0701151 -0.0148321 0.0435149 -0.0573646 17.1816 -0.028521 -0.000976058 -0.000967332 -0.0287971 0.965593 -0.000567916 -0.00225367 -0.00149829 0.000482779 0.948268 0.00382497 -0.00080913 0.00237386 -0.0031294 0.937301
27 0.049785 17.3211 -0.400726 -0.00681875 -0.00825211 -0.401048 16.6936 -0.0122971 -0.0373397 -0.0195051 0.0115087 16.3673 0.1995 -0.00414861 0.0403147 -0.18682 16.1723 -0.0231351 -0.000393667 -0.00047642 -0.0231538 0.963772 -0.000709947 -0.00215573 -0.00112609 0.00066443 0.944934 0.0115177 -0.000239512 0.00232749 -0.0107857 0.933679
28 0.0514827 16.1802 -0.298375 -0.000501529 0.00571911 -0.294565 15.5545 -0.0126736 -0.0326629 -0.0141638 0.0139834 15.195 0.204271 0.0106126 0.0348145 -0.194112 15.006 -0.0184408 -3.09965e-05 0.000353464 -0.0182053 0.961333 -0.000783282 -0.0020187 -0.000875377 0.000864231 0.939112 0.0126248 0.000655904 0.00215168 -0.0119969 0.927432
29 0.0531646 15.2622 -0.251721 0.00241394 0.0207024 -0.246576 14.6364 -0.0104758 -0.0287027 -0.00868057 0.0141585 14.2424 0.0942271 0.0260783 0.0284935 -0.0880137 14.0588 -0.0164931 0.000158164 0.00135645 -0.016156 0.958996 -0.000686386 -0.00188064 -0.000568762 0.000927683 0.933179 0.00617388 0.00170868 0.00186693 -0.00576677 0.921148
30 0.0548304 14.6774 -0.246382 0.00258274 0.0319987 -0.243143 14.0494 -0.00614295 -0.0231144 -0.00208215 0.0112917 13.6383 -0.0315764 0.0373736 0.0204856 0.034075 13.4588 -0.0167866 0.000175968 0.00218014 -0.0165659 0.957216 -0.000418533 -0.00157483 -0.000141861 0.00076933 0.929208 -0.00215137 0.00254635 0.00139573 0.0023216 0.916978
31 0.0564795 14.2689 -0.234089 0.000238754 0.0347929 -0.234595 13.6377 -0.00213206 -0.0130503 0.00416438 0.00668892 13.2306 -0.0870839 0.0400317 0.0100194 0.0872896 13.0537 -0.0164055 1.67325e-05 0.00243838 -0.016441 0.955762 -0.00014942 -0.000914599 0.000291851 0.000468776 0.927233 -0.00610306 0.00280552 0.000702187 0.00611747 0.914835
32 0.0581114 13.8065 -0.176242 -0.00312621 0.0266034 -0.180047 13.1722 -0.00118436 0.000842534 0.00810452 0.00232996 12.781 -0.0637703 0.0322816 -0.00102735 0.0630919 12.6056 -0.0127652 -0.000226431 0.00192688 -0.0130408 0.954056 -8.57828e-05 6.10245e-05 0.000587008 0.000168758 0.925722 -0.00461886 0.00233814 -7.44107e-05 0.00456973 0.913019
33 0.0597256 13.183 -0.0760666 -0.00440697 0.00937616 -0.0809117 12.5469 -0.0036776 0.0137676 0.00932207 -0.00113189 12.1703 -0.0154956 0.0162719 -0.0084484 0.0143665 11.9964 -0.00577007 -0.000334293 0.000711233 -0.00613759 0.951755 -0.000278966 0.00104435 0.00070713 -8.586e-05 0.923181 -0.00117543 0.00123431 -0.000640857 0.00108977 0.909996
34 0.0613216 12.459 0.0262955 -0.000985797 -0.010457 0.0230005 11.8233 -0.00657848 0.0201041 0.00891118 -0.00499185 11.4501 0.00193923 -0.00233469 -0.00885979 -0.00403365 11.2792 0.00211055 -7.9123e-05 -0.000839313 0.00184609 0.948977 -0.000528008 0.00161362 0.000715237 -0.00040066 0.919022 0.000155648 -0.00018739 -0.000711113 -0.000323753 0.905301
35 0.0628989 11.766 0.0882638 0.00656335 -0.024459 0.0878626 11.1324 -0.00536001 0.0175493 0.007849 -0.0110538 10.7484 -0.0257466 -0.0162586 -0.00266544 0.022096 10.5824 0.00750162 0.000557825 -0.00207879 0.00746752 0.946155 -0.000455552 0.00149153 0.000667094 -0.000939474 0.91352 -0.00218823 -0.00138183 -0.000226538 0.00187796 0.899411
36 0.064457 11.1861 0.0977672 0.0141179 -0.0262594 0.099604 10.5558 0.00238974 0.00850011 0.00598833 -0.0194476 10.1498 -0.0750155 -0.0195908 0.0060003 0.069979 9.99073 0.00874003 0.00126209 -0.0023475 0.00890423 0.943649 0.000213634 0.000759879 0.000535334 -0.00173855 0.907358 -0.00670611 -0.00175135 0.000536405 0.00625587 0.893134
37 0.0659956 10.7122 0.0782661 0.0168574 -0.0151857 0.0801955 10.0849 0.0146817 -0.00195775 0.00293074 -0.0278286 9.65345 -0.116976 -0.0109467 0.0122168 0.111507 9.50228 0.00730628 0.00157367 -0.00141761 0.00748639 0.941447 0.00137056 -0.00018276 0.00027359 -0.00259785 0.901166 -0.0109199 -0.0010219 0.00114046 0.0104093 0.887055
38 0.067514 10.2888 0.0655475 0.0129969 0.00277305 0.0653618 9.66362 0.0262649 -0.00915053 -0.000393513 -0.0328845 9.21221 -0.141622 0.00497986 0.0134047 0.136683 9.06879 0.00637077 0.00126321 0.000269522 0.00635273 0.939238 0.00255277 -0.000889369 -3.82468e-05 -0.00319615 0.895364 -0.0137647 0.000484008 0.00130284 0.0132846 0.881425
39 0.0690118 9.87349 0.0790153 0.00509491 0.0177489 0.0758414 9.24874 0.0323918 -0.0105779 -0.00162641 -0.0329355 8.78941 -0.155913 0.0191738 0.0102128 0.151681 8.65257 0.00800277 0.000516019 0.00179764 0.00768131 0.936725 0.00328068 -0.00107134 -0.000164724 -0.00333575 0.890203 -0.0157911 0.00194195 0.00103437 0.0153625 0.876344
40 0.10628 9.45841 0.111247 -0.00212323 0.0213667 0.105981 8.83251 0.0321316 -0.00599247 0.00107543 -0.0293385 8.3771 -0.166944 0.0232035 0.00512111 0.162762 8.24531 0.0117616 -0.00022448 0.00225902 0.0112049 0.933826 0.00339714 -0.00063356 0.000113701 -0.00310185 0.885677 -0.0176504 0.00245322 0.000541434 0.0172081 0.871743
42 0.146749 8.64388 0.15311 -0.00426475 -0.00606534 0.148924 8.01402 0.0260482 0.0132547 0.0126185 -0.0240128 7.57285 -0.164039 -0.00200567 -0.00222283 0.158465 7.44756 0.0177131 -0.000493384 -0.000701692 0.0172288 0.927132 0.00301348 0.00153343 0.00145982 -0.00277802 0.876094 -0.0189775 -0.000232033 -0.000257157 0.0183326 0.8616
44 0.152348 7.79047 0.146652 0.00256114 -0.0276445 0.144304 7.15847 0.0290713 0.0220637 0.0125529 -0.027229 6.70007 -0.129333 -0.0217534 -0.00141536 0.125434 6.579 0.0188246 0.000328753 -0.00354851 0.0185231 0.918875 0.00373164 0.00283214 0.00161132 -0.00349516 0.860034 -0.0166015 -0.0027923 -0.000181678 0.0161009 0.844493
46 0.157761 6.99401 0.153391 0.00900743 -0.00631227 0.149107 6.35908 0.0266558 0.00949262 0.00578718 -0.0238746 5.8727 -0.166012 -0.00364696 0.00349943 0.165022 5.75507 0.0219318 0.00128788 -0.000902526 0.0213193 0.909218 0.00381124 0.00135725 0.000827448 -0.00341357 0.839676 -0.0237363 -0.00052144 0.000500347 0.0235948 0.822857
48 0.162982 6.47382 0.138251 0.014716 0.017467 0.134984 5.83453 0.00925724 0.0015314 0.0102308 -0.010839 5.34436 -0.241323 0.0099106 0.00587222 0.237509 5.23286 0.0213554 0.00227315 0.00269809 0.0208507 0.90125 0.00142995 0.000236552 0.00158033 -0.00167429 0.825534 -0.0372767 0.00153087 0.000907071 0.0366875 0.808311
50 0.168004 6.02253 0.120556 0.0167535 0.0114005 0.12101 5.38529 -0.00209875 0.00836422 0.0171826 -0.00153178 4.90091 -0.211812 -0.00194378 0.00283424 0.202894 4.80139 0.0200175 0.00278181 0.00189297 0.0200929 0.894191 -0.000348483 0.00138882 0.00285305 -0.000254342 0.813763 -0.0351699 -0.000322751 0.000470607 0.0336892 0.797239
52 0.172821 5.41457 0.170865 0.0140405 -0.00043553 0.169724 4.78549 0.00614448 0.01374 0.0144461 -0.00437575 4.28683 -0.156696 -0.0101886 -0.00552436 0.146968 4.19955 0.0315566 0.00259309 -8.04367e-05 0.0313459 0.883817 0.00113481 0.0025376 0.00266801 -0.000808144 0.791721 -0.0289396 -0.0018817 -0.00102028 0.027143 0.775602
54 0.177428 4.88546 0.204508 0.00640823 0.00222186 0.19893 4.25806 0.0154801 0.0145127 0.00464337 -0.0110421 3.72876 -0.214441 -0.0052018 -0.00959096 0.206689 3.64694 0.0418606 0.00131169 0.00045479 0.0407187 0.871578 0.00316861 0.00297058 0.000950446 -0.00226019 0.763236 -0.0438936 -0.00106475 -0.00196316 0.042307 0.746487
56 0.181819 4.56862 0.142952 -0.000620615 0.00527675 0.138685 3.93289 0.0062683 0.0152492 -0.00312909 -0.00550683 3.38638 -0.276543 -0.00525173 -0.00427691 0.271662 3.30874 0.0312899 -0.000135843 0.001155 0.0303561 0.860849 0.00137204 0.00333782 -0.000684909 -0.00120536 0.741227 -0.060531 -0.00114952 -0.00093615 0.0594627 0.724232
58 0.185988 4.24958 0.0893026 -0.00465522 0.000297553 0.089762 3.60634 -0.0102093 0.0136783 -0.00768877 0.00752737 3.05617 -0.227711 -0.0123667 -0.000864324 0.228206 2.98991 0.0210145 -0.00109546 7.00194e-05 0.0211226 0.848635 -0.00240242 0.00321875 -0.0018093 0.00177132 0.719171 -0.0535844 -0.00291011 -0.000203391 0.0537008 0.703578
60 0.286303 3.85162 0.121033 -0.00788653 -0.00441102 0.120789 3.20675 -0.0125247 0.00539543 -0.0106978 0.00908335 2.6431 -0.176467 -0.0139348 0.000975063 0.181432 2.58988 0.0314238 -0.00204759 -0.00114524 0.0313605 0.832572 -0.00325181 0.00140082 -0.00277748 0.00235832 0.686232 -0.0458163 -0.0036179 0.000253157 0.0471054 0.672412
64 0.394175 3.26771 0.106984 0.00260045 -0.00227438 0.0961297 2.6227 -0.000920413 0.0105627 -0.000671073 0.00148787 2.03977 -0.278709 0.00202334 -0.00760362 0.279063 1.99766 0.0327398 0.000795801 -0.000696017 0.0294181 0.802611 -0.000281669 0.00323246 -0.000205365 0.000455323 0.624219 -0.0852918 0.000619191 -0.00232689 0.0854002 0.611334
68 0.406626 2.85713 0.0317087 -0.0117681 -0.00752374 0.0275374 2.20671 -0.0114354 -0.0147922 -0.00925397 -0.00528721 1.61236 -0.21238 -0.0174871 0.00281462 0.210121 1.58766 0.0110981 -0.00411886 -0.00263332 0.00963813 0.772351 -0.00400241 -0.00517729 -0.0032389 -0.00185053 0.564329 -0.0743332 -0.00612052 0.000985122 0.0735425 0.555685
72 0.417095 2.48115 0.0645642 0.00018789 -0.00338738 0.0610342 1.81973 0.00769793 -0.00273093 0.00177659 -0.00656696 1.20343 -0.251213 -0.00487147 0.00403491 0.246776 1.1894 0.0260219 7.57271e-05 -0.00136525 0.0245991 0.73342 0.00310256 -0.00110067 0.000716035 -0.00264674 0.485028 -0.101249 -0.00196339 0.00162622 0.09946 0.479376
76 0.425533 2.25817 -0.0184106 -0.0169604 -0.0113039 -0.0215843 1.58895 -0.00178337 0.0029991 -0.00169101 0.00114569 0.948166 -0.250566 -0.0102479 -0.00856231 0.244199 0.959848 -0.00815287 -0.00751069 -0.00500579 -0.00955829 0.703643 -0.000789739 0.00132811 -0.000748842 0.000507355 0.419882 -0.11096 -0.00453812 -0.0037917 0.10814 0.425056
80 0.431897 2.03278 -0.0107968 -0.00839428 0.00437505 -0.012056 1.36052 0.0040716 0.000577081 -0.00628003 -0.0121791 0.678089 -0.239886 -0.00405139 -0.0116961 0.231087 0.707396 -0.00531134 -0.00412945 0.00215225 -0.00593077 0.669287 0.00200297 0.000283887 -0.00308938 -0.00599134 0.333577 -0.118008 -0.00199302 -0.00575372 0.11368 0.347994
84 0.436158 1.89574 -0.0281669 -0.00294612 0.00300405 -0.0328002 1.20809 -0.00682914 -0.00701386 0.0039273 -0.000363146 0.503414 -0.265987 -0.00860809 0.00172133 0.262801 0.56065 -0.014858 -0.00155408 0.00158463 -0.0173021 0.637267 -0.00360237 -0.00369981 0.00207165 -0.000191559 0.26555 -0.140308 -0.00454076 0.000907999 0.138627 0.295743
88 0.328636 1.84 -0.0743609 -0.00387963 -0.00956506 -0.0731201 1.13565 -0.00471351 -0.0131959 0.005754 -0.00211307 0.34263 -0.30891 -0.00346163 -0.0174988 0.308059 0.443884 -0.0404134 -0.00210849 -0.00519839 -0.0397391 0.617202 -0.00256168 -0.00717169 0.00312717 -0.0011484 0.186211 -0.167885 -0.00188132 -0.0095102 0.167423 0.241241
90 0.219313 1.79593 -0.0813362 -0.00145113 0.0030816 -0.0823549 1.07856 -0.000886531 -0.0199777 0.00475294 -0.00117802 0.299414 -0.297318 0.0033514 -0.0235314 0.295567 0.424548 -0.0452893 -0.000808014 0.00171589 -0.0458565 0.60056 -0.000493635 -0.0111239 0.00264651 -0.00065594 0.166718 -0.165551 0.00186611 -0.0131026 0.164577 0.236395
92 0.328636 1.75665 -0.0560573 0.00038703 0.00788983 -0.0607037 1.02524 -0.00439586 -0.01711 0.00560689 0.00777261 0.236148 -0.289604 0.00381407 -0.0215524 0.284753 0.387328 -0.0319115 0.000220322 0.00449141 -0.0345565 0.583635 -0.00250241 -0.00974013 0.00319181 0.00442467 0.134431 -0.164861 0.00217122 -0.012269 0.1621 0.220492
96 0.436158 1.76677 -0.0780148 0.00461854 -0.000562639 -0.0780045 1.00853 0.00388348 -0.0130619 0.00894676 0.00648247 0.131525 -0.367818 0.00663016 -0.0188633 0.366132 0.339665 -0.0441568 0.00261412 -0.000318457 -0.044151 0.570834 0.00219807 -0.0073931 0.00506392 0.00366912 0.0744441 -0.208187 0.00375271 -0.0106768 0.207233 0.192252
100 0.431897 1.77123 -0.115531 -0.00166939 -0.00721767 -0.116437 0.980575 0.00230998 -0.0253202 0.00733387 -0.000791115 0.0433998 -0.377051 0.00110464 -0.0195655 0.376088 0.31636 -0.0652266 -0.000942502 -0.00407495 -0.0657381 0.553613 0.00130417 -0.0142953 0.00414056 -0.000446648 0.0245027 -0.212875 0.000623656 -0.0110463 0.212332 0.178611
104 0.425533 1.83442 -0.123245 0.00258473 0.00140655 -0.125062 0.986404 0.00650256 -0.0169712 0.0105248 -0.00607901 -0.0316159 -0.43727 0.00694767 -0.0169913 0.433338 0.319391 -0.0671846 0.00140902 0.000766755 -0.0681754 0.53772 0.00354475 -0.00925152 0.00573739 -0.00331386 -0.0172348 -0.23837 0.0037874 -0.0092625 0.236226 0.17411
108 0.417095 1.91546 -0.146824 -0.00274702 0.00451156 -0.147367 0.997467 0.0132399 -0.00733076 0.00328916 -0.014242 -0.11653 -0.465582 0.00409146 -0.00844628 0.469091 0.31753 -0.0766519 -0.00143413 0.00235533 -0.0769353 0.520744 0.00691209 -0.00382714 0.00171716 -0.00743527 -0.0608366 -0.243065 0.00213602 -0.00440952 0.244897 0.165772
112 0.406626 2.01531 -0.132521 0.00277336 0.00091469 -0.131161 1.03004 0.00925899 -0.0116638 0.000242487 -0.0173301 -0.160509 -0.503523 -0.0080796 -0.00908114 0.505261 0.360649 -0.065757 0.00137615 0.00045387 -0.0650824 0.511109 0.00459432 -0.00578762 0.000120322 -0.00859923 -0.0796448 -0.249849 -0.00400911 -0.00450607 0.250711 0.178954
116 0.394175 2.13287 -0.171531 0.0125361 0.0137463 -0.169315 1.03496 0.013967 -0.0233316 -0.00439712 -0.0239589 -0.238561 -0.529979 0.0140198 -0.0206241 0.524042 0.412049 -0.0804229 0.00587758 0.006445 -0.0793838 0.485243 0.00654847 -0.0109391 -0.0020616 -0.0112332 -0.11185 -0.248482 0.00657321 -0.00966969 0.245698 0.19319
120 0.379804 2.24214 -0.134515 -0.00633898 -0.000426281 -0.137554 1.03789 0.0180895 -0.0283545 0.0117103 -0.0175248 -0.328945 -0.535244 -0.00894839 -0.0266566 0.533181 0.443762 -0.0599941 -0.0028272 -0.000190122 -0.0613496 0.462904 0.00806797 -0.0126462 0.00522281 -0.0078161 -0.14671 -0.23872 -0.003991 -0.0118889 0.2378 0.197919
124 0.363583 2.36204 -0.163993 -0.0005628 -0.00847194 -0.170625 1.03719 0.021183 -0.0137549 0.00189492 -0.0224933 -0.4286 -0.561706 -0.00753265 -0.0219069 0.552922 0.483939 -0.0694286 -0.000238269 -0.0035867 -0.0722363 0.439107 0.00896807 -0.00582333 0.000802238 -0.00952284 -0.181453 -0.237805 -0.00318904 -0.00927456 0.234086 0.204882
128 0.34559 2.43996 -0.1286 -0.00494828 -0.00714749 -0.131147 1.03517 0.00941149 -0.00927611 -0.00346152 -0.0186819 -0.539158 -0.514145 -0.00502833 -0.00913013 0.502589 0.469303 -0.0527059 -0.00202802 -0.00292935 -0.0537499 0.424256 0.00385724 -0.00380175 -0.00141868 -0.00765666 -0.22097 -0.210719 -0.00206083 -0.00374192 0.205983 0.192341
132 0.325914 2.58592 -0.115457 0.00997562 0.00484341 -0.129429 1.07225 -0.0287235 0.015502 -0.011897 0.0161319 -0.652011 -0.533545 0.00915421 0.0108577 0.534383 0.475267 -0.0446483 0.00385767 0.001873 -0.0500513 0.414652 -0.0111077 0.00599478 -0.00460067 0.00623838 -0.252139 -0.206327 0.00354002 0.00419877 0.206651 0.18379
136 0.304649 2.64875 -0.114493 0.0217258 0.00169874 -0.132698 1.00251 -0.0263511 -0.00622483 -0.0116616 0.0231115 -0.7783 -0.438191 0.0112601 0.00250887 0.439804 0.498727 -0.0432253 0.00820229 0.000641337 -0.0500985 0.378484 -0.00994851 -0.00235011 -0.00440268 0.00872544 -0.293837 -0.165433 0.0042511 0.000947192 0.166042 0.188288
140 0.281901 2.78963 -0.0847671 0.0239827 -0.00512833 -0.0960598 1.10952 -0.0239657 0.00528924 -0.0178333 0.0284019 -0.88176 -0.47054 0.00308816 0.00632113 0.466009 0.438373 -0.0303865 0.00859709 -0.00183836 -0.0344346 0.397731 -0.008591 0.00189604 -0.0063927 0.0101812 -0.316085 -0.168675 0.00110701 0.00226594 0.16705 0.157144
144 0.257779 2.92228 -0.113832 0.0112719 -0.00403498 -0.11714 1.13239 -0.0533353 0.00706071 -0.00460842 0.0435893 -1.05465 -0.402235 -0.0124859 0.00679079 0.398493 0.380784 -0.0389532 0.00385722 -0.00138076 -0.040085 0.387502 -0.0182513 0.00241617 -0.001577 0.0149162 -0.360899 -0.137644 -0.00427268 0.0023238 0.136364 0.130304
148 0.232401 3.08836 -0.120343 -0.0126395 -0.0103224 -0.127683 1.25858 -0.0158732 0.0329041 0.0211356 0.0195443 -1.14626 -0.364216 -0.0118706 0.0405221 0.355462 0.345999 -0.0389667 -0.00409264 -0.00334236 -0.0413433 0.407522 -0.00513969 0.0106542 0.00684363 0.00632837 -0.371155 -0.117932 -0.00384366 0.0131209 0.115097 0.112033
152 0.205891 3.14029 -0.109739 -0.0162049 0.00235584 -0.10143 1.20996 0.0160727 0.0713068 0.00952475 -0.00566245 -1.31385 -0.154965 0.00711221 0.0805911 0.14888 0.287392 -0.0349454 -0.00516032 0.000750197 -0.0322997 0.385301 0.00511822 0.0227071 0.00303308 -0.00180316 -0.418385 -0.0493474 0.00226483 0.0256636 0.0474096 0.0915177
156 0.178378 3.34927 -0.0487228 -0.0220152 -0.0342817 -0.0307509 1.39606 0.040064 0.083276 0.0175222 -0.029855 -1.3697 -0.112758 -0.0435796 0.080094 0.120511 0.267475 -0.0145473 -0.00657314 -0.0102356 -0.00918139 0.416825 0.011962 0.0248639 0.00523165 -0.0089139 -0.408955 -0.0336664 -0.0130117 0.0239139 0.0359812 0.0798607
160 0.0971232 3.32045 -0.0785327 0.0283422 -0.00910737 -0.0720519 1.40541 0.0458412 0.0525528 -0.0288326 -0.0191956 -1.42001 -0.00469767 -0.0288564 0.0528231 0.0139443 0.189067 -0.0236512 0.00853563 -0.00274281 -0.0216994 0.423258 0.0138057 0.015827 -0.00868332 -0.00578101 -0.427655 -0.00141477 -0.00869049 0.0159084 0.00419951 0.05694
161 0.0357021 3.3478 -0.0791948 0.0239361 -0.00753903 -0.0732849 1.43018 0.0461321 0.0427452 -0.026127 -0.0151184 -1.43628 -0.0140348 -0.0231038 0.0388564 0.0218406 0.177939 -0.0236558 0.0071498 -0.00225193 -0.0218904 0.4272 0.0137798 0.0127681 -0.00780422 -0.00451591 -0.429022 -0.00419225 -0.0069012 0.0116066 0.00652386 0.0531509
162 0.0338871 3.39311 -0.0635282 0.0064742 -0.00550787 -0.0603338 1.474 0.0425696 0.0350124 -0.0130685 -0.0116103 -1.44179 -0.0405526 -0.0214388 0.0278853 0.0460254 0.177847 -0.0187227 0.00190804 -0.00162325 -0.0177813 0.434408 0.0125459 0.0103187 -0.00385147 -0.00342174 -0.424917 -0.0119514 -0.00631832 0.0082182 0.0135644 0.0524141
163 0.0320617 3.44549 -0.0351692 -0.0172581 7.74576e-05 -0.0367875 1.52788 0.0325022 0.0298591 0.00765299 -0.00628855 -1.43847 -0.0730878 -0.0206662 0.0219276 0.0753385 0.184063 -0.0102073 -0.00500891 2.24809e-05 -0.010677 0.443445 0.00943328 0.00866613 0.00222116 -0.00182516 -0.417493 -0.0212126 -0.00599805 0.00636415 0.0218658 0.0534216
164 0.0302266 3.49005 -0.00770384 -0.0376738 0.00839122 -0.0145008 1.57546 0.0174856 0.0250721 0.0306256 0.00188606 -1.43504 -0.0955946 -0.0184303 0.0183536 0.0941384 0.188249 -0.00220737 -0.0107946 0.00240433 -0.0041549 0.451416 0.00501013 0.00718387 0.00877512 0.000540411 -0.41118 -0.0273906 -0.00528081 0.00525882 0.0269734 0.0539388
165 0.0283823 3.51304 0.001079 -0.0469782 0.0151523 -0.00918792 1.59821 0.00387612 0.0165426 0.0489471 0.0108834 -1.44366 -0.0928579 -0.0158869 0.0113205 0.0876891 0.182574 0.00030714 -0.0133725 0.00431315 -0.00261537 0.454936 0.00110335 0.00470892 0.0139329 0.00309801 -0.410943 -0.0264323 -0.00452225 0.00322243 0.024961 0.0519703
166 0.0265294 3.51076 -0.0202536 -0.0423328 0.0167612 -0.0314922 1.58663 -0.000733803 0.0015513 0.0562032 0.0166259 -1.47358 -0.0602182 -0.0165418 -0.00339661 0.0516009 0.164088 -0.00576901 -0.012058 0.00477423 -0.00897021 0.451933 -0.000209015 0.000441871 0.0160089 0.00473571 -0.419734 -0.0171525 -0.00471176 -0.000967486 0.0146979 0.0467388
167 0.0246683 3.49745 -0.0672983 -0.0261587 0.0143625 -0.0781997 1.55253 0.00718824 -0.0180058 0.0487933 0.0159661 -1.52352 -0.0122547 -0.0221536 -0.0239371 0.000699727 0.137607 -0.0192421 -0.00747936 0.00410656 -0.022359 0.443902 0.00205528 -0.00514825 0.0139511 0.00456507 -0.435609 -0.0035039 -0.0063342 -0.00684415 0.000200067 0.0393448
168 0.0172754 3.50198 -0.11825 -0.00411384 0.013635 -0.129882 1.5312 0.0242617 -0.0356593 0.0277711 0.00910234 -1.57627 0.0191301 -0.029589 -0.0423662 -0.0324959 0.114595 -0.0337667 -0.00117472 0.0038935 -0.037088 0.437239 0.00692799 -0.0101826 0.00793013 0.0025992 -0.450108 0.00546266 -0.00844921 -0.0120978 -0.00927928 0.0327229
168.5 0.0109315 3.51904 -0.135785 0.00708708 0.0157136 -0.148811 1.53904 0.0336642 -0.0414389 0.013901 0.00435055 -1.5942 0.0182051 -0.0318921 -0.0478591 -0.0317675 0.108149 -0.038586 0.00201393 0.00446531 -0.0422873 0.437348 0.00956633 -0.0117756 0.00395024 0.00123629 -0.453021 0.00517331 -0.00906274 -0.0136001 -0.00902734 0.0307325
169 0.0104622 3.54679 -0.143482 0.0173866 0.0197569 -0.158685 1.56476 0.0420757 -0.0443447 -0.00073741 -0.000522419 -1.60053 0.0033542 -0.0321105 -0.0498033 -0.0165165 0.106042 -0.0404539 0.00490206 0.00557036 -0.0447403 0.441175 0.011863 -0.0125028 -0.000207909 -0.000147293 -0.45126 0.000945699 -0.0090534 -0.0140418 -0.00465674 0.0298979
169.5 0.00999215 3.58225 -0.139239 0.0260933 0.0253871 -0.157266 1.60955 0.0485094 -0.0442276 -0.0148491 -0.00497763 -1.59121 -0.0242857 -0.029723 -0.0480079 0.0121375 0.107715 -0.0388693 0.00728405 0.00708692 -0.0439016 0.449312 0.0135416 -0.0123463 -0.0041452 -0.00138953 -0.444194 -0.00677947 -0.00829731 -0.0134016 0.00338824 0.0300691
170 0.0095213 3.61918 -0.122548 0.0325811 0.0317317 -0.143737 1.6714 0.052296 -0.0413695 -0.0271294 -0.0086036 -1.56341 -0.0603491 -0.0246577 -0.0428357 0.0497523 0.111329 -0.0338608 0.00900235 0.00876765 -0.0397155 0.461819 0.0144497 -0.0114307 -0.00749601 -0.00237723 -0.431979 -0.0166748 -0.00681306 -0.0118358 0.0137469 0.0307609
170.5 0.00904972 3.64877 -0.0946854 0.0363009 0.0375773 -0.118931 1.74499 0.0531489 -0.0364223 -0.0364002 -0.011168 -1.5162 -0.0973816 -0.0173353 -0.0351315 0.0886971 0.113828 -0.02595 0.00994881 0.0102986 -0.0325948 0.47824 0.0145663 -0.00998209 -0.00997604 -0.00306076 -0.415539 -0.0266889 -0.004751 -0.00962832 0.0243088 0.0311963
171 0.00857745 3.66108 -0.0586293 0.036811 0.0416246 -0.0853041 1.82222 0.0511605 -0.0302746 -0.0417455 -0.0126305 -1.45121 -0.125665 -0.00859559 -0.0260604 0.118994 0.111302 -0.0160142 0.0100547 0.0113695 -0.0233003 0.497729 0.0139742 -0.00826933 -0.0114025 -0.00344995 -0.39639 -0.0343246 -0.00234783 -0.00711823 0.0325024 0.0304014
171.5 0.00810453 3.64719 -0.0186737 0.0338311 0.0427932 -0.046633 1.89361 0.0467387 -0.0238799 -0.0426262 -0.0131186 -1.37293 -0.134691 0.000484733 -0.0168907 0.129831 0.0996548 -0.00512002 0.00927593 0.0117332 -0.012786 0.519196 0.012815 -0.00654748 -0.0116874 -0.00359691 -0.376435 -0.0369301 0.000132906 -0.00463114 0.0355976 0.0273237
172 0.00763099 3.60181 0.0202072 0.0273122 0.0405119 -0.00746496 1.94998 0.0405053 -0.0180834 -0.0389598 -0.0128753 -1.28873 -0.1151 0.00884655 -0.00877045 0.111558 0.0754892 0.00561028 0.0075829 0.0112476 -0.00207256 0.541388 0.0112458 -0.00502065 -0.0108167 -0.00357467 -0.3578 -0.0319562 0.00245614 -0.00243501 0.0309728 0.0209587
172.5 0.00715688 3.5257 0.0531455 0.0175081 0.0349299 0.0275872 1.98458 0.0331792 -0.0134859 -0.0311493 -0.0121927 -1.20845 -0.0607529 0.0157192 -0.00254355 0.0578157 0.0370583 0.0150737 0.00496585 0.00990721 0.00782459 0.562888 0.00941067 -0.00382501 -0.00883492 -0.00345823 -0.342753 -0.0172314 0.00445847 -0.00072143 0.0163983 0.0105109
173 0.00668221 3.42749 0.0761818 0.00502489 0.0269956 0.0545857 1.99486 0.0254702 -0.0103695 -0.0200532 -0.0113466 -1.1436 0.029473 0.020845 0.00136087 -0.0326199 -0.014916 0.0222267 0.00146606 0.0078762 0.0159259 0.582017 0.00743117 -0.00302539 -0.00585069 -0.00331048 -0.333656 0.00859902 0.00608172 0.000397045 -0.00951715 -0.00435187
173.5 0.00620704 3.32415 0.0869322 -0.00917437 0.0183792 0.0709063 1.98367 0.0179976 -0.00869668 -0.00689553 -0.0105449 -1.10621 0.150594 0.0246004 0.00294864 -0.154719 -0.0767767 0.0261517 -0.00275992 0.00552902 0.0213307 0.596746 0.0054142 -0.00261622 -0.00207438 -0.0031722 -0.332781 0.045303 0.00740053 0.000887036 -0.046544 -0.0230967
174 0.0057314 3.23991 0.0849851 -0.0238255 0.0112457 0.075649 1.95949 0.0112422 -0.00817329 0.00687503 -0.00989818 -1.1074 0.291472 0.0279795 0.0025966 -0.297155 -0.141989 0.0262307 -0.00735373 0.00347098 0.0233491 0.604798 0.00346992 -0.00252269 0.00212198 -0.00305508 -0.3418 0.0899628 0.00863589 0.000801442 -0.0917169 -0.0438251
174.5 0.00525531 3.20341 0.0719435 -0.0374848 0.00791343 0.0697361 1.93544 0.00553041 -0.00835446 0.0197613 -0.00941661 -1.15597 0.435973 0.0324325 0.000927135 -0.443491 -0.201813 0.0224584 -0.0117015 0.00247031 0.0217693 0.604181 0.00172641 -0.00260799 0.00616882 -0.00293956 -0.360857 0.136096 0.0101244 0.000289421 -0.138443 -0.0629992
175 0.00477883 3.24332 0.0510908 -0.0487064 0.0104612 0.0556721 1.9272 0.00104109 -0.00876414 0.0304046 -0.00902856 -1.25708 0.565257 0.0395862 -0.00134504 -0.574529 -0.24654 0.0157526 -0.0150174 0.00322545 0.0171651 0.594204 0.000320995 -0.00270221 0.00937453 -0.00278374 -0.387591 0.174283 0.0122054 -0.00041471 -0.177142 -0.0760148
175.5 0.00430199 3.38315 0.0267401 -0.0562493 0.0203508 0.0370115 1.95009 -0.00217329 -0.00899949 0.0377574 -0.0086157 -1.41124 0.660866 0.050897 -0.00355859 -0.671459 -0.267149 0.0079039 -0.0166263 0.00601535 0.0109399 0.576412 -0.000642388 -0.00266009 0.0111604 -0.00254665 -0.417137 0.19534 0.0150443 -0.00105186 -0.198472 -0.0789645
176 0.00382481 3.63608 0.00339134 -0.0592798 0.0381344 0.0176401 2.01592 -0.0041623 -0.00879975 0.0412156 -0.00805455 -1.61376 0.708081 0.0673077 -0.00521556 -0.71929 -0.257057 0.000932692 -0.0163032 0.0104878 0.00485142 0.554422 -0.00114472 -0.00242012 0.0113352 -0.00221517 -0.443819 0.194737 0.0185111 -0.00143439 -0.19782 -0.070696
176.5 0.00334735 4.00086 -0.0151306 -0.0575296 0.0632952 0.00101893 2.1301 -0.00505538 -0.00807055 0.0406923 -0.00725501 -1.85483 0.698899 0.0889742 -0.00603979 -0.709871 -0.213658 -0.00378183 -0.0143793 0.0158204 0.000254679 0.53241 -0.00126357 -0.0020172 0.0101709 -0.00181336 -0.463608 0.174687 0.0222388 -0.00150962 -0.17743 -0.0534031
177 0.00286963 4.45964 -0.0263801 -0.0513757 0.0942488 -0.010452 2.28973 -0.00504373 -0.00686757 0.0366206 -0.00618814 -2.12009 0.633993 0.115123 -0.00598201 -0.643881 -0.139287 -0.0059153 -0.0115201 0.0211337 -0.00234368 0.513433 -0.00113097 -0.00153994 0.00821156 -0.00138759 -0.475394 0.142162 0.0258145 -0.00134137 -0.144379 -0.0312327
177.5 0.00239169 4.97851 -0.0296879 -0.0418201 0.128504 -0.0158151 2.48319 -0.00436453 -0.00535248 0.0298864 -0.00489794 -2.39179 0.523185 0.144073 -0.00518202 -0.531298 -0.0413526 -0.00596322 -0.00840012 0.0258118 -0.00317668 0.498783 -0.000876675 -0.00107512 0.00600309 -0.000983818 -0.480423 0.105089 0.0289389 -0.00104088 -0.106718 -0.00830623
178 0.00191357 5.51075 -0.0261674 -0.0303656 0.162956 -0.0156074 2.69136 -0.0032839 -0.00373823 0.0216991 -0.00349611 -2.65039 0.384231 0.173415 -0.00390503 -0.390158 0.0684389 -0.00474843 -0.00551025 0.0295706 -0.00283218 0.488383 -0.000595907 -0.000678353 0.00393759 -0.000634416 -0.48095 0.0697239 0.0314684 -0.00070862 -0.0707995 0.0124192
178.5 0.00143531 6.00264 -0.0183332 -0.0188029 0.194267 -0.0115767 2.89026 -0.00207582 -0.00223954 0.0134201 -0.00214144 -2.87637 0.240052 0.200339 -0.00247058 -0.243739 0.175722 -0.00305419 -0.00313244 0.0323637 -0.0019286 0.481499 -0.000345818 -0.000373093 0.00223571 -0.00035675 -0.479184 0.039991 0.0333751 -0.000411583 -0.0406054 0.0292741
179 0.000956932 6.4008 -0.00942009 -0.00894102 0.219283 -0.00613722 3.05497 -0.000996465 -0.00103822 0.00637237 -0.00100922 -3.05209 0.114879 0.222037 -0.00118867 -0.116638 0.265689 -0.0014717 -0.00139686 0.0342587 -0.000958821 0.47728 -0.000155678 -0.000162201 0.000995558 -0.000157671 -0.47683 0.0179476 0.034689 -0.000185707 -0.0182224 0.0415087
179.5 0.000478484 6.65999 -0.00255911 -0.00232681 0.235422 -0.0016942 3.16373 -0.000256084 -0.000265881 0.00165658 -0.000256873 -3.16355 0.030011 0.236126 -0.000311102 -0.0304696 0.325505 -0.000384252 -0.000349371 0.0353487 -0.000254385 0.475036 -3.84511e-05 -3.99221e-05 0.000248737 -3.85696e-05 -0.475008 0.00450615 0.0354544 -4.67121e-05 -0.00457502 0.0488747
180 5.98114e-05 6.74994 3.33905e-16 2.56134e-18 0.240997 8.66681e-16 3.20173 6.83493e-06 9.21072e-16 2.70517e-16 6.83493e-06 -3.20173 -9.36219e-16 0.24101 9.90973e-16 1.28223e-15 0.34647 4.94679e-17 3.79461e-19 0.0357037 1.28398e-16 0.474335 1.01259e-06 1.36456e-16 4.00769e-17 1.01259e-06 -0.474335 -1.387e-16 0.0357054 1.46812e-16 1.89962e-16 0.0513294
