theta 2pi*dcos S11 S12 S13 S14 S21 S22 S23 S24 S31 S32 S33 S34 S41 S42 S43 S44 S12_norm S13_norm S14_norm S21_norm S22_norm S23_norm S24_norm S31_norm S32_norm S33_norm S34_norm S41_norm S42_norm S43_norm S44_norm
0 2.39246e-06 6.01263 4.99501e-17 6.0204e-18 -0.00046066 4.95902e-17 6.00322 0.00103201 -4.34094e-18 5.27913e-18 -0.00103201 6.00322 4.3522e-18 -0.000460667 4.8637e-18 -5.67013e-18 5.99415 8.30753e-18 1.00129e-18 -7.66153e-05 8.24766e-18 0.998434 0.000171641 -7.2197e-19 8.78006e-19 -0.000171641 0.998434 7.23843e-19 -7.66165e-05 8.08913e-19 -9.43036e-19 0.996926
0.1 1.91397e-05 6.01255 -1.34167e-06 1.40734e-10 -0.000460644 -1.34166e-06 6.00314 0.001032 1.00858e-09 -1.76975e-10 -0.001032 6.00314 8.32472e-06 -0.000460652 9.20588e-10 -8.32467e-06 5.99407 -2.23145e-07 2.34066e-11 -7.66137e-05 -2.23143e-07 0.998434 0.000171641 1.67746e-10 -2.94343e-11 -0.000171641 0.998434 1.38456e-06 -7.6615e-05 1.53111e-10 -1.38455e-06 0.996926
0.2 3.82793e-05 6.01232 -5.36618e-06 5.62878e-10 -0.000460598 -5.36615e-06 6.0029 0.00103196 4.0342e-09 -7.07827e-10 -0.00103196 6.0029 3.32978e-05 -0.000460605 3.68224e-09 -3.32976e-05 5.99384 -8.92531e-07 9.36209e-11 -7.6609e-05 -8.92527e-07 0.998434 0.000171641 6.7099e-10 -1.1773e-10 -0.000171641 0.998434 5.53827e-06 -7.66103e-05 6.1245e-10 -5.53824e-06 0.996926
0.3 5.74188e-05 6.01192 -1.20721e-05 1.26626e-09 -0.000460521 -1.2072e-05 6.00251 0.0010319 9.07649e-09 -1.59234e-09 -0.0010319 6.00251 7.49161e-05 -0.000460528 8.28463e-09 -7.49157e-05 5.99344 -2.00802e-06 2.10625e-10 -7.66013e-05 -2.00801e-06 0.998434 0.000171642 1.50975e-09 -2.64864e-10 -0.000171642 0.998434 1.24613e-05 -7.66025e-05 1.37803e-09 -1.24612e-05 0.996926
0.4 7.65581e-05 6.01137 -2.14568e-05 2.25061e-09 -0.000460413 -2.14567e-05 6.00196 0.00103181 1.61348e-08 -2.83015e-09 -0.00103181 6.00196 0.000133174 -0.00046042 1.47272e-08 -0.000133174 5.99289 -3.56937e-06 3.74392e-10 -7.65903e-05 -3.56935e-06 0.998434 0.000171643 2.68405e-09 -4.70799e-10 -0.000171643 0.998434 2.21538e-05 -7.65915e-05 2.44989e-09 -2.21536e-05 0.996926
0.5 9.56972e-05 6.01066 -3.3517e-05 3.51552e-09 -0.000460274 -3.35168e-05 6.00125 0.0010317 2.52083e-08 -4.42075e-09 -0.0010317 6.00125 0.000208065 -0.000460281 2.30092e-08 -0.000208064 5.99219 -5.57626e-06 5.84881e-10 -7.65763e-05 -5.57623e-06 0.998434 0.000171645 4.19393e-09 -7.35485e-10 -0.000171645 0.998434 3.4616e-05 -7.65775e-05 3.82806e-09 -3.46158e-05 0.996927
0.6 0.000114836 6.00979 -4.82482e-05 5.06049e-09 -0.000460105 -4.82479e-05 6.00038 0.00103156 3.62958e-08 -6.36348e-09 -0.00103156 6.00038 0.000299579 -0.000460111 3.31296e-08 -0.000299577 5.99132 -8.02826e-06 8.42041e-10 -7.65592e-05 -8.02822e-06 0.998434 0.000171647 6.03945e-09 -1.05885e-09 -0.000171647 0.998434 4.98485e-05 -7.65603e-05 5.5126e-09 -4.98482e-05 0.996927
0.7 0.000133974 6.00877 -6.56449e-05 6.8849e-09 -0.000459905 -6.56446e-05 5.99936 0.0010314 4.9396e-08 -8.65756e-09 -0.0010314 5.99936 0.000407704 -0.000459911 4.50872e-08 -0.000407702 5.9903 -1.09249e-05 1.14581e-09 -7.65389e-05 -1.09248e-05 0.998434 0.000171649 8.22066e-09 -1.44082e-09 -0.000171649 0.998434 6.78516e-05 -7.65399e-05 7.50357e-09 -6.78512e-05 0.996927
0.8 0.000153112 6.00758 -8.57008e-05 8.98801e-09 -0.000459674 -8.57003e-05 5.99818 0.00103121 6.45072e-08 -1.1302e-08 -0.00103121 5.99818 0.000532427 -0.000459679 5.88805e-08 -0.000532424 5.98912 -1.42654e-05 1.49611e-09 -7.65156e-05 -1.42654e-05 0.998434 0.000171651 1.07376e-08 -1.88129e-09 -0.000171651 0.998434 8.86259e-05 -7.65165e-05 9.80104e-09 -8.86254e-05 0.996927
0.9 0.00017225 6.00624 -0.000108408 1.1369e-08 -0.000459412 -0.000108408 5.99684 0.001031 8.16276e-08 -1.42958e-08 -0.001031 5.99684 0.000673732 -0.000459417 7.4508e-08 -0.000673728 5.98778 -1.80493e-05 1.89286e-09 -7.64891e-05 -1.80492e-05 0.998434 0.000171654 1.35905e-08 -2.38016e-09 -0.000171654 0.998434 0.000112172 -7.64899e-05 1.24051e-08 -0.000112171 0.996927
1 0.000191387 6.00474 -0.000133759 1.40269e-08 -0.000459119 -0.000133759 5.99534 0.00103076 1.00755e-07 -1.76377e-08 -0.00103076 5.99534 0.000831601 -0.000459124 9.19678e-08 -0.000831596 5.98629 -2.22756e-05 2.33596e-09 -7.64595e-05 -2.22755e-05 0.998434 0.000171657 1.67792e-08 -2.93729e-09 -0.000171657 0.998434 0.000138491 -7.64602e-05 1.53158e-08 -0.00013849 0.996927
1.1 0.000210523 6.00309 -0.000161744 1.69606e-08 -0.000458796 -0.000161743 5.99369 0.00103049 1.21887e-07 -2.13262e-08 -0.00103049 5.99369 0.00100601 -0.0004588 1.11258e-07 -0.00100601 5.98464 -2.69435e-05 2.82531e-09 -7.64267e-05 -2.69434e-05 0.998434 0.000171661 2.03041e-08 -3.55254e-09 -0.000171661 0.998434 0.000167583 -7.64274e-05 1.85334e-08 -0.000167582 0.996927
1.2 0.000229659 6.00128 -0.000192353 2.01689e-08 -0.000458443 -0.000192352 5.99188 0.00103021 1.45021e-07 -2.536e-08 -0.00103021 5.99188 0.00119695 -0.000458446 1.32375e-07 -0.00119694 5.98283 -3.2052e-05 3.36078e-09 -7.63909e-05 -3.20518e-05 0.998434 0.000171664 2.41651e-08 -4.22576e-09 -0.000171664 0.998434 0.000199449 -7.63914e-05 2.20579e-08 -0.000199448 0.996927
1.3 0.000248794 5.99931 -0.000225574 2.36507e-08 -0.000458058 -0.000225573 5.98991 0.00102989 1.70155e-07 -2.97372e-08 -0.00102989 5.98991 0.00140438 -0.000458061 1.55318e-07 -0.00140437 5.98087 -3.76e-05 3.94224e-09 -7.63519e-05 -3.75998e-05 0.998434 0.000171669 2.83624e-08 -4.95678e-09 -0.000171669 0.998434 0.00023409 -7.63523e-05 2.58894e-08 -0.000234089 0.996927
1.4 0.000267929 5.99718 -0.000261395 2.74044e-08 -0.000457644 -0.000261394 5.98779 0.00102955 1.97284e-07 -3.44562e-08 -0.00102955 5.98779 0.00162828 -0.000457645 1.80084e-07 -0.00162827 5.97875 -4.35863e-05 4.56954e-09 -7.63098e-05 -4.35861e-05 0.998434 0.000171673 3.28962e-08 -5.74541e-09 -0.000171673 0.998434 0.000271508 -7.63101e-05 3.00281e-08 -0.000271507 0.996927
1.5 0.000287062 5.9949 -0.000299803 3.14285e-08 -0.000457198 -0.000299801 5.98551 0.00102919 2.26406e-07 -3.9515e-08 -0.00102919 5.98551 0.00186863 -0.000457199 2.06669e-07 -0.00186862 5.97648 -5.00096e-05 5.24254e-09 -7.62646e-05 -5.00094e-05 0.998434 0.000171678 3.77665e-08 -6.59144e-09 -0.000171678 0.998434 0.000311703 -7.62647e-05 3.44742e-08 -0.000311702 0.996927
1.6 0.000306195 5.99246 -0.000340783 3.57215e-08 -0.000456722 -0.000340781 5.98307 0.0010288 2.57518e-07 -4.49114e-08 -0.0010288 5.98307 0.00212539 -0.000456722 2.35071e-07 -0.00212538 5.97405 -5.68687e-05 5.96107e-09 -7.62162e-05 -5.68684e-05 0.998434 0.000171683 4.29737e-08 -7.49466e-09 -0.000171683 0.998434 0.000354677 -7.62162e-05 3.92278e-08 -0.000354675 0.996927
1.7 0.000325327 5.98986 -0.000384321 4.02815e-08 -0.000456216 -0.000384319 5.98048 0.00102839 2.90614e-07 -5.06433e-08 -0.00102839 5.98048 0.00239853 -0.000456215 2.65285e-07 -0.00239851 5.97146 -6.41619e-05 6.72495e-09 -7.61647e-05 -6.41616e-05 0.998434 0.000171688 4.85177e-08 -8.45484e-09 -0.000171688 0.998434 0.000400431 -7.61645e-05 4.42891e-08 -0.000400429 0.996927
1.8 0.000344457 5.98711 -0.0004304 4.51068e-08 -0.00045568 -0.000430398 5.97773 0.00102795 3.25692e-07 -5.67082e-08 -0.00102795 5.97773 0.00268801 -0.000455677 2.97309e-07 -0.00268799 5.96871 -7.18878e-05 7.53398e-09 -7.61101e-05 -7.18874e-05 0.998434 0.000171694 5.43989e-08 -9.47172e-09 -0.000171694 0.998434 0.000448966 -7.61097e-05 4.96582e-08 -0.000448964 0.996928
1.9 0.000363587 5.9842 -0.000479003 5.01953e-08 -0.000455113 -0.000479001 5.97483 0.00102749 3.62747e-07 -6.31037e-08 -0.00102749 5.97483 0.0029938 -0.000455109 3.31139e-07 -0.00299378 5.96582 -8.00447e-05 8.38797e-09 -7.60524e-05 -8.00443e-05 0.998434 0.0001717 6.06174e-08 -1.05451e-08 -0.0001717 0.998434 0.000500284 -7.60518e-05 5.53355e-08 -0.000500281 0.996928
2 0.000382716 5.98114 -0.000530113 5.55451e-08 -0.000454516 -0.00053011 5.97177 0.001027 4.01774e-07 -6.98271e-08 -0.001027 5.97177 0.00331586 -0.000454511 3.6677e-07 -0.00331584 5.96276 -8.86308e-05 9.28671e-09 -7.59915e-05 -8.86303e-05 0.998434 0.000171706 6.71734e-08 -1.16746e-08 -0.000171706 0.998433 0.000554387 -7.59907e-05 6.13211e-08 -0.000554384 0.996928
2.1 0.000401843 5.97792 -0.000583709 6.11539e-08 -0.000453888 -0.000583706 5.96855 0.00102649 4.42768e-07 -7.68756e-08 -0.00102649 5.96855 0.00365415 -0.000453882 4.04198e-07 -0.00365413 5.95955 -9.76442e-05 1.023e-08 -7.59275e-05 -9.76437e-05 0.998434 0.000171713 7.40672e-08 -1.28599e-08 -0.000171713 0.998433 0.000611275 -7.59265e-05 6.76152e-08 -0.000611272 0.996928
2.2 0.000420969 5.97454 -0.000639773 6.70194e-08 -0.000453231 -0.00063977 5.96518 0.00102595 4.85725e-07 -8.42463e-08 -0.00102595 5.96518 0.00400863 -0.000453224 4.43419e-07 -0.00400861 5.95619 -0.000107083 1.12175e-08 -7.58603e-05 -0.000107083 0.998434 0.00017172 8.1299e-08 -1.41009e-08 -0.00017172 0.998433 0.000670952 -7.58591e-05 7.42181e-08 -0.000670948 0.996928
2.3 0.000440094 5.97101 -0.000698283 7.31393e-08 -0.000452543 -0.000698279 5.96166 0.00102539 5.30638e-07 -9.1936e-08 -0.00102539 5.96166 0.00437925 -0.000452535 4.84428e-07 -0.00437922 5.95267 -0.000116945 1.22491e-08 -7.579e-05 -0.000116945 0.998433 0.000171727 8.8869e-08 -1.53971e-08 -0.000171727 0.998433 0.000733418 -7.57886e-05 8.113e-08 -0.000733414 0.996928
2.4 0.000459218 5.96733 -0.000759217 7.95111e-08 -0.000451826 -0.000759214 5.95798 0.0010248 5.77503e-07 -9.99417e-08 -0.0010248 5.95798 0.00476596 -0.000451816 5.27221e-07 -0.00476593 5.949 -0.000127229 1.33244e-08 -7.57166e-05 -0.000127228 0.998433 0.000171735 9.67776e-08 -1.67481e-08 -0.000171735 0.998433 0.000798675 -7.57149e-05 8.83512e-08 -0.000798671 0.996928
2.5 0.00047834 5.96349 -0.000822554 8.61321e-08 -0.000451078 -0.000822549 5.95415 0.00102419 6.26314e-07 -1.0826e-07 -0.00102419 5.95414 0.00516871 -0.000451067 5.71791e-07 -0.00516868 5.94517 -0.000137932 1.44432e-08 -7.564e-05 -0.000137931 0.998433 0.000171743 1.05025e-07 -1.81538e-08 -0.000171743 0.998433 0.000866727 -7.56381e-05 9.58819e-08 -0.000866722 0.996928
2.6 0.000497461 5.9595 -0.000888268 9.29997e-08 -0.000450301 -0.000888263 5.95016 0.00102355 6.77065e-07 -1.16887e-07 -0.00102355 5.95016 0.00558746 -0.000450288 6.18134e-07 -0.00558743 5.94119 -0.000149051 1.56053e-08 -7.55603e-05 -0.00014905 0.998433 0.000171751 1.13611e-07 -1.96136e-08 -0.000171751 0.998433 0.000937573 -7.55581e-05 1.03723e-07 -0.000937568 0.996929
2.7 0.00051658 5.95535 -0.000956336 1.00111e-07 -0.000449494 -0.000956331 5.94602 0.00102289 7.29749e-07 -1.2582e-07 -0.00102289 5.94601 0.00602215 -0.00044948 6.66244e-07 -0.00602212 5.93706 -0.000160584 1.68103e-08 -7.54774e-05 -0.000160584 0.998433 0.00017176 1.22537e-07 -2.11271e-08 -0.00017176 0.998433 0.00101122 -7.5475e-05 1.11873e-07 -0.00101121 0.996929
2.8 0.000535698 5.95105 -0.00102673 1.07463e-07 -0.000448658 -0.00102673 5.94172 0.0010222 7.8436e-07 -1.35054e-07 -0.0010222 5.94172 0.00647273 -0.000448641 7.16116e-07 -0.00647269 5.93277 -0.00017253 1.80578e-08 -7.53914e-05 -0.000172529 0.998433 0.000171768 1.31802e-07 -2.26941e-08 -0.000171768 0.998432 0.00108766 -7.53886e-05 1.20334e-07 -0.00108766 0.996929
2.9 0.000554814 5.94659 -0.00109943 1.15053e-07 -0.000447791 -0.00109942 5.93727 0.00102149 8.40891e-07 -1.44586e-07 -0.00102149 5.93727 0.00693914 -0.000447773 7.67743e-07 -0.0069391 5.92833 -0.000184884 1.93477e-08 -7.53022e-05 -0.000184883 0.998433 0.000171777 1.41407e-07 -2.4314e-08 -0.000171777 0.998432 0.00116691 -7.52992e-05 1.29106e-07 -0.0011669 0.996929
3 0.000573928 5.94198 -0.0011744 1.22877e-07 -0.000446896 -0.00117439 5.93267 0.00102075 8.99336e-07 -1.54411e-07 -0.00102075 5.93267 0.00742131 -0.000446876 8.21119e-07 -0.00742127 5.92374 -0.000197644 2.06795e-08 -7.52098e-05 -0.000197643 0.998433 0.000171787 1.51353e-07 -2.59865e-08 -0.000171787 0.998432 0.00124896 -7.52065e-05 1.38189e-07 -0.00124895 0.996929
3.1 0.00059304 5.93722 -0.00125162 1.30933e-07 -0.000445971 -0.00125161 5.92792 0.00101999 9.59686e-07 -1.64526e-07 -0.00101999 5.92791 0.00791919 -0.000445949 8.76239e-07 -0.00791915 5.91899 -0.000210809 2.20529e-08 -7.51143e-05 -0.000210808 0.998433 0.000171796 1.61639e-07 -2.7711e-08 -0.000171796 0.998432 0.00133382 -7.51107e-05 1.47584e-07 -0.00133381 0.996929
3.2 0.000612151 5.93231 -0.00133105 1.39217e-07 -0.000445016 -0.00133105 5.92302 0.00101921 1.02193e-06 -1.74927e-07 -0.00101921 5.92301 0.00843272 -0.000444993 9.33094e-07 -0.00843267 5.9141 -0.000224373 2.34675e-08 -7.50156e-05 -0.000224372 0.998433 0.000171806 1.72266e-07 -2.94871e-08 -0.000171806 0.998432 0.00142149 -7.50117e-05 1.5729e-07 -0.00142148 0.996929
3.3 0.00063126 5.92725 -0.00141267 1.47725e-07 -0.000444033 -0.00141267 5.91796 0.0010184 1.08607e-06 -1.85608e-07 -0.0010184 5.91795 0.00896183 -0.000444007 9.9168e-07 -0.00896178 5.90905 -0.000238336 2.4923e-08 -7.49138e-05 -0.000238334 0.998433 0.000171817 1.83234e-07 -3.13144e-08 -0.000171817 0.998431 0.00151197 -7.49095e-05 1.67309e-07 -0.00151196 0.99693
3.4 0.000650367 5.92203 -0.00149645 1.56454e-07 -0.00044302 -0.00149644 5.91275 0.00101757 1.1521e-06 -1.96566e-07 -0.00101757 5.91274 0.00950645 -0.000442993 1.05199e-06 -0.0095064 5.90385 -0.000252692 2.6419e-08 -7.48088e-05 -0.000252691 0.998433 0.000171827 1.94544e-07 -3.31923e-08 -0.000171827 0.998431 0.00160527 -7.48042e-05 1.7764e-07 -0.00160526 0.99693
3.5 0.000669472 5.91666 -0.00158236 1.65401e-07 -0.000441978 -0.00158235 5.90739 0.00101671 1.22e-06 -2.07795e-07 -0.00101671 5.90738 0.0100665 -0.000441949 1.11401e-06 -0.0100665 5.8985 -0.00026744 2.79551e-08 -7.47006e-05 -0.000267439 0.998433 0.000171838 2.06196e-07 -3.51202e-08 -0.000171838 0.998431 0.00170138 -7.46956e-05 1.88284e-07 -0.00170137 0.99693
3.6 0.000688575 5.91115 -0.00167035 1.74561e-07 -0.000440908 -0.00167034 5.90188 0.00101582 1.28976e-06 -2.1929e-07 -0.00101582 5.90187 0.010642 -0.000440876 1.17774e-06 -0.0106419 5.893 -0.000282576 2.95308e-08 -7.45892e-05 -0.000282575 0.998432 0.000171849 2.18191e-07 -3.70978e-08 -0.000171849 0.998431 0.00180032 -7.45839e-05 1.99241e-07 -0.00180031 0.99693
3.7 0.000707676 5.90548 -0.0017604 1.83931e-07 -0.000439809 -0.00176039 5.89622 0.00101492 1.36138e-06 -2.31048e-07 -0.00101492 5.89621 0.0112327 -0.000439775 1.24317e-06 -0.0112326 5.88735 -0.000298097 3.11458e-08 -7.44747e-05 -0.000298095 0.998432 0.00017186 2.30529e-07 -3.91243e-08 -0.00017186 0.99843 0.00190208 -7.4469e-05 2.10512e-07 -0.00190207 0.99693
3.8 0.000726775 5.89966 -0.00185248 1.93506e-07 -0.000438681 -0.00185247 5.89041 0.00101399 1.43485e-06 -2.43062e-07 -0.00101399 5.8904 0.0118387 -0.000438645 1.3103e-06 -0.0118386 5.88155 -0.000313998 3.27996e-08 -7.43569e-05 -0.000313996 0.998432 0.000171872 2.4321e-07 -4.11993e-08 -0.000171872 0.99843 0.00200667 -7.43509e-05 2.22097e-07 -0.00200666 0.99693
3.9 0.000745871 5.89369 -0.00194655 2.03284e-07 -0.000437524 -0.00194654 5.88445 0.00101303 1.51017e-06 -2.55328e-07 -0.00101303 5.88444 0.0124598 -0.000437486 1.37911e-06 -0.0124597 5.8756 -0.000330276 3.44918e-08 -7.4236e-05 -0.000330274 0.998432 0.000171884 2.56234e-07 -4.33222e-08 -0.000171884 0.99843 0.00211409 -7.42296e-05 2.33997e-07 -0.00211408 0.99693
4 0.000764965 5.88757 -0.00204257 2.13259e-07 -0.000436339 -0.00204255 5.87834 0.00101205 1.58731e-06 -2.67839e-07 -0.00101205 5.87833 0.013096 -0.000436299 1.44959e-06 -0.0130959 5.8695 -0.000346928 3.62218e-08 -7.41119e-05 -0.000346926 0.998432 0.000171896 2.69603e-07 -4.54923e-08 -0.000171896 0.998429 0.00222434 -7.4105e-05 2.46212e-07 -0.00222433 0.99693
4.1 0.000784057 5.88131 -0.0021405 2.23427e-07 -0.000435126 -0.00214049 5.87209 0.00101104 1.66627e-06 -2.80592e-07 -0.00101104 5.87207 0.0137471 -0.000435083 1.52175e-06 -0.0137471 5.86325 -0.00036395 3.79893e-08 -7.39846e-05 -0.000363948 0.998432 0.000171908 2.83317e-07 -4.77091e-08 -0.000171908 0.998429 0.00233743 -7.39773e-05 2.58743e-07 -0.00233742 0.99693
4.2 0.000803147 5.87489 -0.00224032 2.33784e-07 -0.000433885 -0.0022403 5.86568 0.00101002 1.74705e-06 -2.93579e-07 -0.00101002 5.86566 0.0144132 -0.00043384 1.59556e-06 -0.0144131 5.85686 -0.000381337 3.97937e-08 -7.38541e-05 -0.000381335 0.998432 0.000171921 2.97375e-07 -4.99719e-08 -0.000171921 0.998429 0.00245336 -7.38464e-05 2.7159e-07 -0.00245334 0.99693
4.3 0.000822234 5.86833 -0.00234197 2.44325e-07 -0.000432615 -0.00234196 5.85913 0.00100896 1.82963e-06 -3.06796e-07 -0.00100896 5.85911 0.0150941 -0.000432568 1.67102e-06 -0.015094 5.85032 -0.000399087 4.16345e-08 -7.37203e-05 -0.000399084 0.998432 0.000171934 3.11779e-07 -5.228e-08 -0.000171934 0.998428 0.00257213 -7.37122e-05 2.84753e-07 -0.00257212 0.99693
4.4 0.000841318 5.86162 -0.00244543 2.55047e-07 -0.000431318 -0.00244542 5.85243 0.00100789 1.91399e-06 -3.20237e-07 -0.00100789 5.85241 0.0157898 -0.000431268 1.74813e-06 -0.0157897 5.84363 -0.000417193 4.35113e-08 -7.35834e-05 -0.000417191 0.998432 0.000171947 3.2653e-07 -5.46328e-08 -0.000171947 0.998428 0.00269375 -7.35748e-05 2.98233e-07 -0.00269374 0.99693
4.5 0.0008604 5.85477 -0.00255065 2.65943e-07 -0.000429993 -0.00255063 5.84558 0.00100679 2.00015e-06 -3.33895e-07 -0.00100679 5.84556 0.0165001 -0.00042994 1.82687e-06 -0.0165 5.83679 -0.000435653 4.54233e-08 -7.34432e-05 -0.000435651 0.998431 0.00017196 3.41627e-07 -5.70296e-08 -0.00017196 0.998427 0.00281823 -7.34342e-05 3.12031e-07 -0.00281821 0.99693
4.6 0.00087948 5.84776 -0.00265759 2.7701e-07 -0.00042864 -0.00265757 5.83859 0.00100566 2.08807e-06 -3.47765e-07 -0.00100566 5.83856 0.0172249 -0.000428585 1.90723e-06 -0.0172248 5.82981 -0.000454462 4.73703e-08 -7.32999e-05 -0.00045446 0.998431 0.000171974 3.57071e-07 -5.94697e-08 -0.000171974 0.998427 0.00294555 -7.32904e-05 3.26147e-07 -0.00294554 0.99693
4.7 0.000898556 5.84062 -0.00276621 2.88243e-07 -0.00042726 -0.00276619 5.83145 0.00100451 2.17775e-06 -3.6184e-07 -0.00100451 5.83142 0.0179642 -0.000427202 1.98921e-06 -0.0179641 5.82269 -0.000473615 4.93515e-08 -7.31533e-05 -0.000473613 0.998431 0.000171987 3.72863e-07 -6.19523e-08 -0.000171987 0.998426 0.00307574 -7.31433e-05 3.40581e-07 -0.00307572 0.99693
4.8 0.00091763 5.83332 -0.00287646 2.99636e-07 -0.000425853 -0.00287645 5.82417 0.00100334 2.26918e-06 -3.76114e-07 -0.00100334 5.82414 0.0187179 -0.000425792 2.07279e-06 -0.0187178 5.81542 -0.000493109 5.13663e-08 -7.30034e-05 -0.000493106 0.998431 0.000172001 3.89003e-07 -6.44767e-08 -0.000172001 0.998425 0.00320879 -7.2993e-05 3.55335e-07 -0.00320877 0.99693
4.9 0.000936701 5.82589 -0.00298831 3.11186e-07 -0.000424418 -0.0029883 5.81674 0.00100214 2.36235e-06 -3.9058e-07 -0.00100214 5.81671 0.0194859 -0.000424354 2.15796e-06 -0.0194858 5.808 -0.000512937 5.34143e-08 -7.28504e-05 -0.000512934 0.998431 0.000172015 4.05492e-07 -6.70422e-08 -0.000172015 0.998425 0.00334471 -7.28394e-05 3.70409e-07 -0.00334469 0.99693
5 0.00095577 5.8183 -0.00310171 3.22885e-07 -0.000422956 -0.00310169 5.80917 0.00100092 2.45724e-06 -4.05233e-07 -0.00100092 5.80913 0.020268 -0.000422889 2.24472e-06 -0.0202679 5.80044 -0.000533096 5.54948e-08 -7.26941e-05 -0.000533093 0.998431 0.00017203 4.2233e-07 -6.96479e-08 -0.00017203 0.998424 0.0034835 -7.26826e-05 3.85803e-07 -0.00348348 0.99693
5.1 0.000974835 5.81058 -0.00321662 3.3473e-07 -0.000421467 -0.0032166 5.80146 0.000999678 2.55386e-06 -4.20065e-07 -0.000999678 5.80142 0.0210643 -0.000421398 2.33305e-06 -0.0210642 5.79274 -0.00055358 5.76071e-08 -7.25345e-05 -0.000553577 0.998431 0.000172045 4.39518e-07 -7.22931e-08 -0.000172044 0.998424 0.00362516 -7.25225e-05 4.01517e-07 -0.00362514 0.99693
5.2 0.000993897 5.80271 -0.00333298 3.46716e-07 -0.000419952 -0.00333297 5.7936 0.00099841 2.65217e-06 -4.3507e-07 -0.00099841 5.79356 0.0218745 -0.000419879 2.42294e-06 -0.0218744 5.78489 -0.000574384 5.97507e-08 -7.23717e-05 -0.000574381 0.99843 0.000172059 4.57057e-07 -7.4977e-08 -0.000172059 0.998423 0.00376971 -7.23592e-05 4.17554e-07 -0.00376968 0.99693
5.3 0.00101296 5.7947 -0.00345077 3.58836e-07 -0.00041841 -0.00345075 5.7856 0.000997119 2.75217e-06 -4.5024e-07 -0.000997118 5.78555 0.0226986 -0.000418334 2.51439e-06 -0.0226985 5.7769 -0.000595504 6.19248e-08 -7.22057e-05 -0.000595501 0.99843 0.000172074 4.74947e-07 -7.76987e-08 -0.000172074 0.998422 0.00391713 -7.21926e-05 4.33912e-07 -0.00391711 0.996929
5.4 0.00103201 5.78654 -0.00356992 3.71085e-07 -0.000416841 -0.0035699 5.77746 0.000995803 2.85386e-06 -4.65569e-07 -0.000995803 5.77741 0.0235365 -0.000416763 2.60738e-06 -0.0235363 5.76877 -0.000616934 6.41289e-08 -7.20364e-05 -0.000616931 0.99843 0.00017209 4.93189e-07 -8.04573e-08 -0.000172089 0.998421 0.00406745 -7.20228e-05 4.50594e-07 -0.00406743 0.996929
5.5 0.00105107 5.77825 -0.00369039 3.83458e-07 -0.000415247 -0.00369037 5.76918 0.000994465 2.95721e-06 -4.8105e-07 -0.000994464 5.76912 0.024388 -0.000415165 2.7019e-06 -0.0243879 5.7605 -0.000638669 6.63623e-08 -7.18638e-05 -0.000638665 0.99843 0.000172105 5.11783e-07 -8.3252e-08 -0.000172105 0.99842 0.00422066 -7.18496e-05 4.67599e-07 -0.00422064 0.996929
5.6 0.00107012 5.76981 -0.00381213 3.95949e-07 -0.000413626 -0.00381211 5.76075 0.000993103 3.06222e-06 -4.96676e-07 -0.000993102 5.76069 0.0252531 -0.000413541 2.79794e-06 -0.025253 5.75209 -0.000660703 6.86242e-08 -7.16879e-05 -0.000660699 0.99843 0.00017212 5.30731e-07 -8.60818e-08 -0.00017212 0.99842 0.00437677 -7.16732e-05 4.84928e-07 -0.00437674 0.996929
5.7 0.00108916 5.76124 -0.0039351 4.08552e-07 -0.000411979 -0.00393508 5.75219 0.000991717 3.16886e-06 -5.12439e-07 -0.000991717 5.75213 0.0261317 -0.000411891 2.89549e-06 -0.0261315 5.74354 -0.000683031 7.09139e-08 -7.15088e-05 -0.000683027 0.99843 0.000172136 5.50032e-07 -8.8946e-08 -0.000172136 0.998419 0.00453578 -7.14935e-05 5.02581e-07 -0.00453575 0.996928
5.8 0.00110821 5.75252 -0.00405924 4.21261e-07 -0.000410307 -0.00405922 5.74349 0.000990309 3.27714e-06 -5.28331e-07 -0.000990308 5.74342 0.0270236 -0.000410215 2.99454e-06 -0.0270234 5.73485 -0.000705646 7.32308e-08 -7.13264e-05 -0.000705642 0.99843 0.000172152 5.69687e-07 -9.18434e-08 -0.000172152 0.998418 0.00469769 -7.13105e-05 5.20561e-07 -0.00469767 0.996928
5.9 0.00112725 5.74367 -0.00418451 4.34072e-07 -0.000408608 -0.00418449 5.73464 0.000988876 3.38703e-06 -5.44346e-07 -0.000988876 5.73457 0.0279287 -0.000408513 3.09507e-06 -0.0279286 5.72602 -0.000728544 7.5574e-08 -7.11407e-05 -0.00072854 0.998429 0.000172168 5.89698e-07 -9.47732e-08 -0.000172168 0.998417 0.00486252 -7.11242e-05 5.38866e-07 -0.0048625 0.996928
6 0.00172656 5.73467 -0.00431086 4.46977e-07 -0.000406885 -0.00431084 5.72567 0.000987421 3.49852e-06 -5.60475e-07 -0.00098742 5.72559 0.028847 -0.000406787 3.19707e-06 -0.0288468 5.71705 -0.000751718 7.79428e-08 -7.09517e-05 -0.000751714 0.998429 0.000172184 6.10065e-07 -9.77344e-08 -0.000172184 0.998416 0.00503027 -7.09346e-05 5.57499e-07 -0.00503024 0.996927
6.2 0.00236869 5.71628 -0.00456657 4.73046e-07 -0.000403362 -0.00456654 5.70729 0.000984441 3.72626e-06 -5.93046e-07 -0.00098444 5.70721 0.0307223 -0.000403257 3.40545e-06 -0.0307222 5.6987 -0.000798871 8.27542e-08 -7.05638e-05 -0.000798867 0.998429 0.000172217 6.51869e-07 -1.03747e-07 -0.000172217 0.998413 0.00537454 -7.05454e-05 5.95747e-07 -0.00537451 0.996926
6.4 0.00244479 5.69733 -0.00482596 4.99419e-07 -0.00039974 -0.00482593 5.68838 0.000981369 3.96024e-06 -6.25982e-07 -0.000981368 5.68828 0.0326488 -0.000399628 3.61958e-06 -0.0326486 5.67981 -0.000847056 8.76584e-08 -7.01626e-05 -0.000847051 0.998428 0.000172251 6.95105e-07 -1.09873e-07 -0.00017225 0.998411 0.00573054 -7.01429e-05 6.35312e-07 -0.0057305 0.996925
6.6 0.00252085 5.67785 -0.0050886 5.26047e-07 -0.00039602 -0.00508857 5.66893 0.000978205 4.20036e-06 -6.59218e-07 -0.000978205 5.66881 0.0346253 -0.0003959 3.83936e-06 -0.0346251 5.66038 -0.00089622 9.2649e-08 -6.97482e-05 -0.000896214 0.998428 0.000172284 7.39779e-07 -1.16103e-07 -0.000172284 0.998408 0.00609831 -6.97271e-05 6.762e-07 -0.00609828 0.996924
6.8 0.00259689 5.65783 -0.00535406 5.52876e-07 -0.000392203 -0.00535403 5.64894 0.000974951 4.44649e-06 -6.92687e-07 -0.00097495 5.64881 0.0366509 -0.000392076 4.06468e-06 -0.0366507 5.64042 -0.00094631 9.77188e-08 -6.93203e-05 -0.000946304 0.998428 0.000172319 7.85899e-07 -1.2243e-07 -0.000172319 0.998405 0.0064779 -6.92979e-05 7.18417e-07 -0.00647787 0.996922
7 0.00267289 5.63729 -0.0056219 5.79855e-07 -0.000388291 -0.00562187 5.62842 0.000971606 4.69851e-06 -7.26324e-07 -0.000971605 5.62828 0.0387246 -0.000388157 4.29545e-06 -0.0387243 5.61993 -0.00099727 1.02861e-07 -6.88791e-05 -0.000997264 0.998427 0.000172353 8.3347e-07 -1.28843e-07 -0.000172353 0.998402 0.00686936 -6.88552e-05 7.6197e-07 -0.00686932 0.99692
7.2 0.00274886 5.61622 -0.00589167 6.06928e-07 -0.000384286 -0.00589163 5.60739 0.000968171 4.95631e-06 -7.60057e-07 -0.00096817 5.60723 0.0408452 -0.000384144 4.53154e-06 -0.040845 5.59891 -0.00104904 1.08067e-07 -6.84243e-05 -0.00104904 0.998427 0.000172388 8.825e-07 -1.35332e-07 -0.000172388 0.998398 0.00727273 -6.8399e-05 8.06866e-07 -0.00727269 0.996919
7.4 0.0028248 5.59464 -0.0061629 6.34039e-07 -0.000380189 -0.00616286 5.58583 0.000964647 5.21977e-06 -7.93818e-07 -0.000964646 5.58566 0.0430119 -0.000380039 4.77285e-06 -0.0430117 5.57738 -0.00110157 1.1333e-07 -6.7956e-05 -0.00110157 0.998426 0.000172424 9.32995e-07 -1.41889e-07 -0.000172423 0.998395 0.00768806 -6.79292e-05 8.53112e-07 -0.00768802 0.996916
7.6 0.00290071 5.57254 -0.00643513 6.61134e-07 -0.000376003 -0.00643509 5.56377 0.000961034 5.48875e-06 -8.27535e-07 -0.000961033 5.56357 0.0452234 -0.000375844 5.01928e-06 -0.0452231 5.55534 -0.00115479 1.18641e-07 -6.74742e-05 -0.00115479 0.998426 0.000172459 9.84964e-07 -1.48502e-07 -0.000172459 0.998391 0.0081154 -6.74457e-05 9.00716e-07 -0.00811535 0.996914
7.8 0.00297657 5.54994 -0.00670789 6.88153e-07 -0.000371728 -0.00670785 5.5412 0.000957334 5.76313e-06 -8.61135e-07 -0.000957332 5.54099 0.0474787 -0.000371561 5.2707e-06 -0.0474784 5.5328 -0.00120864 1.23993e-07 -6.69786e-05 -0.00120863 0.998425 0.000172494 1.03841e-06 -1.55161e-07 -0.000172494 0.998386 0.0085548 -6.69486e-05 9.49685e-07 -0.00855475 0.996911
8 0.00305241 5.52685 -0.00698071 7.15039e-07 -0.000367366 -0.00698066 5.51814 0.000953546 6.04278e-06 -8.94544e-07 -0.000953544 5.5179 0.0497765 -0.000367191 5.52699e-06 -0.0497763 5.50976 -0.00126305 1.29376e-07 -6.64694e-05 -0.00126305 0.998425 0.00017253 1.09335e-06 -1.61854e-07 -0.00017253 0.998381 0.00900632 -6.64377e-05 1.00003e-06 -0.00900627 0.996908
8.2 0.0031282 5.50326 -0.00725309 7.41732e-07 -0.00036292 -0.00725304 5.49459 0.000949672 6.32757e-06 -9.27686e-07 -0.000949669 5.49432 0.0521159 -0.000362736 5.78805e-06 -0.0521156 5.48622 -0.00131796 1.34781e-07 -6.59463e-05 -0.00131795 0.998424 0.000172565 1.14979e-06 -1.6857e-07 -0.000172565 0.998376 0.00947001 -6.59129e-05 1.05175e-06 -0.00946996 0.996905
8.4 0.00320396 5.47919 -0.00752454 7.68172e-07 -0.00035839 -0.00752449 5.47055 0.000945711 6.61735e-06 -9.60487e-07 -0.000945709 5.47026 0.0544955 -0.000358198 6.05375e-06 -0.0544952 5.46221 -0.0013733 1.40198e-07 -6.54094e-05 -0.00137329 0.998424 0.000172601 1.20773e-06 -1.75297e-07 -0.0001726 0.998371 0.00994592 -6.53743e-05 1.10486e-06 -0.00994587 0.996901
8.6 0.00327968 5.45463 -0.00779458 7.94297e-07 -0.00035378 -0.00779453 5.44603 0.000941666 6.912e-06 -9.92868e-07 -0.000941663 5.44572 0.0569143 -0.000353578 6.32396e-06 -0.056914 5.43771 -0.00142898 1.45619e-07 -6.48586e-05 -0.00142897 0.998423 0.000172636 1.26718e-06 -1.82023e-07 -0.000172635 0.998365 0.0104341 -6.48216e-05 1.15937e-06 -0.0104341 0.996897
8.8 0.00335535 5.42961 -0.00806269 8.20044e-07 -0.00034909 -0.00806264 5.42105 0.000937536 7.21137e-06 -1.02475e-06 -0.000937533 5.4207 0.0593709 -0.00034888 6.59856e-06 -0.0593706 5.41274 -0.00148495 1.51032e-07 -6.42937e-05 -0.00148494 0.998423 0.000172671 1.32816e-06 -1.88734e-07 -0.00017267 0.998359 0.0109347 -6.4255e-05 1.21529e-06 -0.0109346 0.996893
9 0.00343099 5.40413 -0.00832839 8.45352e-07 -0.000344323 -0.00832833 5.3956 0.000933322 7.51533e-06 -1.05606e-06 -0.000933318 5.39522 0.0618642 -0.000344103 6.87744e-06 -0.0618639 5.38731 -0.00154112 1.56427e-07 -6.37148e-05 -0.00154111 0.998422 0.000172705 1.39066e-06 -1.95417e-07 -0.000172705 0.998352 0.0114476 -6.36742e-05 1.27263e-06 -0.0114475 0.996888
9.2 0.00350659 5.37818 -0.00859115 8.70156e-07 -0.00033948 -0.00859109 5.3697 0.000929025 7.82372e-06 -1.08671e-06 -0.000929021 5.36928 0.0643929 -0.000339251 7.16045e-06 -0.0643926 5.36142 -0.00159741 1.61794e-07 -6.31218e-05 -0.0015974 0.998422 0.00017274 1.45471e-06 -2.02058e-07 -0.000172739 0.998345 0.011973 -6.30792e-05 1.33139e-06 -0.0119729 0.996883
9.4 0.00358214 5.35179 -0.00885047 8.94391e-07 -0.000334564 -0.00885041 5.34334 0.000924646 8.13642e-06 -1.11662e-06 -0.000924642 5.34289 0.0669558 -0.000334326 7.44747e-06 -0.0669554 5.33508 -0.00165374 1.6712e-07 -6.25145e-05 -0.00165373 0.998421 0.000172773 1.52032e-06 -2.08644e-07 -0.000172772 0.998337 0.0125109 -6.24699e-05 1.39158e-06 -0.0125108 0.996877
9.6 0.00365765 5.32496 -0.00910584 9.17993e-07 -0.000329577 -0.00910578 5.31655 0.000920185 8.45326e-06 -1.14571e-06 -0.000920181 5.31606 0.0695515 -0.000329329 7.73836e-06 -0.0695511 5.3083 -0.00171003 1.72394e-07 -6.18929e-05 -0.00171002 0.99842 0.000172806 1.58748e-06 -2.15158e-07 -0.000172805 0.998329 0.0130614 -6.18463e-05 1.45323e-06 -0.0130613 0.996871
9.8 0.00373311 5.29769 -0.00935674 9.40895e-07 -0.00032452 -0.00935667 5.28932 0.000915644 8.77411e-06 -1.1739e-06 -0.000915639 5.28879 0.0721788 -0.000324262 8.03301e-06 -0.0721784 5.28108 -0.00176619 1.77605e-07 -6.12569e-05 -0.00176618 0.99842 0.000172838 1.65622e-06 -2.21587e-07 -0.000172838 0.99832 0.0136246 -6.12083e-05 1.51632e-06 -0.0136245 0.996865
10 0.00380853 5.26999 -0.00960266 9.63031e-07 -0.000319395 -0.00960258 5.26166 0.000911023 9.09882e-06 -1.2011e-06 -0.000911018 5.26109 0.0748363 -0.000319128 8.33126e-06 -0.0748359 5.25343 -0.00182214 1.82739e-07 -6.06065e-05 -0.00182213 0.998419 0.00017287 1.72653e-06 -2.27914e-07 -0.000172869 0.998311 0.0142005 -6.05557e-05 1.58089e-06 -0.0142004 0.996857
10.2 0.0038839 5.24187 -0.00984307 9.84333e-07 -0.000314206 -0.00984299 5.23358 0.000906323 9.42723e-06 -1.22724e-06 -0.000906318 5.23297 0.0775228 -0.000313928 8.633e-06 -0.0775223 5.22536 -0.00187778 1.87783e-07 -5.99415e-05 -0.00187776 0.998418 0.000172901 1.79845e-06 -2.34123e-07 -0.0001729 0.998301 0.0147891 -5.98886e-05 1.64693e-06 -0.0147891 0.99685
10.4 0.00395923 5.21334 -0.0100775 1.00474e-06 -0.000308952 -0.0100774 5.20509 0.000901545 9.7592e-06 -1.25223e-06 -0.000901539 5.20444 0.0802368 -0.000308665 8.93808e-06 -0.0802364 5.19688 -0.00193301 1.92724e-07 -5.92619e-05 -0.001933 0.998417 0.00017293 1.87197e-06 -2.40197e-07 -0.000172929 0.998291 0.0153907 -5.92068e-05 1.71446e-06 -0.0153906 0.996842
10.6 0.0040345 5.18441 -0.0103053 1.02417e-06 -0.000303638 -0.0103052 5.1762 0.00089669 1.00946e-05 -1.27598e-06 -0.000896683 5.17549 0.0829771 -0.000303341 9.24636e-06 -0.0829767 5.16799 -0.00198775 1.97548e-07 -5.85675e-05 -0.00198773 0.998417 0.000172959 1.9471e-06 -2.46118e-07 -0.000172958 0.99828 0.0160051 -5.85102e-05 1.78349e-06 -0.016005 0.996833
10.8 0.00410973 5.15508 -0.0105261 1.04256e-06 -0.000298265 -0.010526 5.14692 0.000891758 1.04332e-05 -1.2984e-06 -0.000891751 5.14615 0.0857423 -0.000297957 9.55771e-06 -0.0857418 5.13871 -0.00204188 2.0224e-07 -5.78584e-05 -0.00204187 0.998416 0.000172986 2.02386e-06 -2.51869e-07 -0.000172985 0.998268 0.0166326 -5.77988e-05 1.85404e-06 -0.0166325 0.996824
11 0.00418491 5.12536 -0.0107393 1.05985e-06 -0.000292834 -0.0107392 5.11724 0.00088675 1.07749e-05 -1.31942e-06 -0.000886743 5.11643 0.088531 -0.000292517 9.87198e-06 -0.0885305 5.10903 -0.00209532 2.06786e-07 -5.71343e-05 -0.0020953 0.998415 0.000173012 2.10227e-06 -2.5743e-07 -0.000173011 0.998256 0.0172731 -5.70724e-05 1.9261e-06 -0.017273 0.996814
11.2 0.00426003 5.09527 -0.0109444 1.07597e-06 -0.000287349 -0.0109443 5.08719 0.000881668 1.11195e-05 -1.33895e-06 -0.000881661 5.08631 0.0913418 -0.000287021 1.0189e-05 -0.0913413 5.07898 -0.00214795 2.1117e-07 -5.63953e-05 -0.00214794 0.998414 0.000173037 2.18233e-06 -2.62784e-07 -0.000173035 0.998243 0.0179268 -5.6331e-05 1.99971e-06 -0.0179267 0.996803
11.4 0.00433511 5.06479 -0.0111409 1.09083e-06 -0.000281811 -0.0111408 5.05676 0.000876513 1.1467e-05 -1.3569e-06 -0.000876504 5.05583 0.0941733 -0.000281473 1.05087e-05 -0.0941728 5.04855 -0.00219967 2.15376e-07 -5.56411e-05 -0.00219965 0.998413 0.00017306 2.26406e-06 -2.67909e-07 -0.000173058 0.998229 0.0185937 -5.55744e-05 2.07486e-06 -0.0185936 0.996792
11.6 0.00441013 5.03396 -0.0113283 1.10438e-06 -0.000276223 -0.0113282 5.02597 0.000871284 1.1817e-05 -1.37319e-06 -0.000871275 5.02497 0.0970241 -0.000275874 1.0831e-05 -0.0970236 5.01775 -0.00225037 2.19387e-07 -5.48718e-05 -0.00225035 0.998412 0.000173081 2.34747e-06 -2.72785e-07 -0.00017308 0.998215 0.0192739 -5.48026e-05 2.15158e-06 -0.0192738 0.99678
11.8 0.0044851 5.00277 -0.011506 1.11655e-06 -0.000270586 -0.0115059 4.99482 0.000865984 1.21696e-05 -1.38773e-06 -0.000865975 4.99376 0.0998928 -0.000270227 1.11555e-05 -0.0998923 4.9866 -0.00229993 2.23187e-07 -5.40872e-05 -0.00229991 0.998412 0.000173101 2.43257e-06 -2.77392e-07 -0.000173099 0.998199 0.0199675 -5.40155e-05 2.22987e-06 -0.0199674 0.996767
12 0.0139046 4.97123 -0.0116736 1.12726e-06 -0.000264903 -0.0116735 4.96333 0.000860613 1.25244e-05 -1.40043e-06 -0.000860603 4.9622 0.102778 -0.000264534 1.14823e-05 -0.102777 4.95509 -0.00234823 2.26757e-07 -5.32873e-05 -0.00234821 0.998411 0.000173119 2.51938e-06 -2.81707e-07 -0.000173117 0.998183 0.0206746 -5.3213e-05 2.30975e-06 -0.0206745 0.996754
13 0.0246683 4.80862 -0.012342 1.15649e-06 -0.000235879 -0.0123419 4.80096 0.00083273 1.43278e-05 -1.43339e-06 -0.000832716 4.79943 0.117401 -0.000235456 1.31445e-05 -0.117401 4.79263 -0.00256664 2.40504e-07 -4.90532e-05 -0.00256661 0.998405 0.000173174 2.97961e-06 -2.98088e-07 -0.000173171 0.998089 0.0244147 -4.89654e-05 2.73353e-06 -0.0244146 0.996673
14 0.0265294 4.63861 -0.0126834 1.13871e-06 -0.000206042 -0.0126833 4.63119 0.000803229 1.61653e-05 -1.40764e-06 -0.000803211 4.62919 0.13222 -0.000205567 1.48406e-05 -0.132219 4.62269 -0.00273432 2.45484e-07 -4.44189e-05 -0.00273428 0.998399 0.000173161 3.48494e-06 -3.03462e-07 -0.000173157 0.997968 0.0285042 -4.43165e-05 3.19937e-06 -0.0285041 0.996568
15 0.0283823 4.46229 -0.0126409 1.06511e-06 -0.00017568 -0.0126408 4.45511 0.000772245 1.80172e-05 -1.31273e-06 -0.000772222 4.45255 0.147053 -0.000175153 1.65526e-05 -0.147053 4.44637 -0.00283284 2.38692e-07 -3.937e-05 -0.0028328 0.998392 0.00017306 4.03766e-06 -2.94182e-07 -0.000173055 0.997817 0.0329547 -3.92519e-05 3.70943e-06 -0.0329545 0.996433
16 0.0302266 4.28077 -0.0121629 9.27087e-07 -0.00014508 -0.0121627 4.27384 0.000739923 1.98644e-05 -1.1386e-06 -0.000739893 4.27062 0.16172 -0.000144503 1.82626e-05 -0.161719 4.26476 -0.00284129 2.1657e-07 -3.38912e-05 -0.00284125 0.998383 0.000172848 4.64039e-06 -2.6598e-07 -0.000172841 0.997629 0.0377783 -3.37563e-05 4.26621e-06 -0.0377781 0.996262
17 0.0320617 4.09515 -0.0112044 7.16294e-07 -0.000114526 -0.0112042 4.08849 0.000706412 2.16884e-05 -8.75784e-07 -0.000706375 4.0845 0.176042 -0.000113901 1.99536e-05 -0.176041 4.07898 -0.00273601 1.74913e-07 -2.79663e-05 -0.00273596 0.998372 0.0001725 5.29611e-06 -2.13859e-07 -0.00017249 0.997398 0.0429879 -2.78137e-05 4.87249e-06 -0.0429877 0.99605
18 0.0338871 3.90656 -0.00972821 4.24783e-07 -8.42964e-05 -0.00972796 3.90015 0.000671869 2.34716e-05 -5.15522e-07 -0.000671823 3.89529 0.189847 -8.36273e-05 2.1609e-05 -0.189847 3.89011 -0.00249023 1.08736e-07 -2.15782e-05 -0.00249016 0.99836 0.000171985 6.00825e-06 -1.31963e-07 -0.000171973 0.997117 0.0485971 -2.14069e-05 5.53146e-06 -0.0485969 0.995789
19 0.0357021 3.71607 -0.00770599 4.50927e-08 -5.46591e-05 -0.00770572 3.70992 0.000636456 2.51976e-05 -4.99072e-08 -0.0006364 3.70409 0.202971 -5.39503e-05 2.32132e-05 -0.20297 3.69924 -0.00207369 1.21345e-08 -1.47088e-05 -0.00207362 0.998345 0.000171271 6.78072e-06 -1.34301e-08 -0.000171256 0.996777 0.0546199 -1.45181e-05 6.24671e-06 -0.0546197 0.99547
20 0.0375062 3.52475 -0.00511886 -4.29667e-07 -2.58709e-05 -0.00511856 3.51886 0.00060034 2.68517e-05 5.27993e-07 -0.000600272 3.51195 0.215258 -2.51277e-05 2.47519e-05 -0.215257 3.50743 -0.00145226 -1.219e-07 -7.33978e-06 -0.00145217 0.998328 0.000170321 7.61803e-06 1.49796e-07 -0.000170302 0.996369 0.0610704 -7.12894e-06 7.02232e-06 -0.0610701 0.995085
21 0.0392989 3.33363 -0.00195807 -1.00574e-06 1.82674e-06 -0.00195774 3.32799 0.000563689 2.84204e-05 1.22404e-06 -0.000563608 3.31991 0.226563 2.5981e-06 2.62122e-05 -0.226562 3.3157 -0.000587367 -3.01694e-07 5.47973e-07 -0.000587269 0.998307 0.000169091 8.52534e-06 3.67179e-07 -0.000169067 0.995882 0.0679628 7.7936e-07 7.86294e-06 -0.0679626 0.994622
22 0.0410797 3.1437 0.00177461 -1.68866e-06 2.82099e-05 0.00177496 3.1383 0.000526676 2.98923e-05 2.04295e-06 -0.000526581 3.12894 0.236756 2.90026e-05 2.75823e-05 -0.236755 3.12505 0.000564497 -5.37155e-07 8.97347e-06 0.00056461 0.998282 0.000167534 9.50862e-06 6.49854e-07 -0.000167504 0.995304 0.0753112 9.22563e-06 8.77385e-06 -0.0753109 0.994069
23 0.0428479 2.95588 0.00606671 -2.48319e-06 5.30744e-05 0.00606709 2.95071 0.000489475 3.12577e-05 2.98821e-06 -0.000489364 2.93998 0.245719 5.3881e-05 2.88526e-05 -0.245718 2.93641 0.00205242 -8.40083e-07 1.79555e-05 0.00205255 0.998251 0.000165594 1.05747e-05 1.01094e-06 -0.000165556 0.994622 0.0831287 1.82284e-05 9.76108e-06 -0.0831285 0.993413
24 0.0446031 2.77105 0.0108951 -3.39329e-06 7.62378e-05 0.0108955 2.76611 0.000452258 3.2509e-05 4.0621e-06 -0.00045213 2.75392 0.25335 7.70503e-05 3.00148e-05 -0.25335 2.75066 0.00393177 -1.22455e-06 2.75122e-05 0.00393191 0.998215 0.000163208 1.17316e-05 1.4659e-06 -0.000163162 0.993819 0.0914275 2.78054e-05 1.08315e-05 -0.0914272 0.992639
25 0.0463447 2.59003 0.0162264 -4.42211e-06 9.75409e-05 0.0162268 2.58529 0.000415198 3.36407e-05 5.2656e-06 -0.000415051 2.57158 0.259566 9.83509e-05 3.10626e-05 -0.259566 2.5686 0.00626495 -1.70736e-06 3.76602e-05 0.00626511 0.998171 0.000160306 1.29886e-05 2.03303e-06 -0.000160249 0.992877 0.100218 3.79729e-05 1.19931e-05 -0.100217 0.991727
26 0.0480722 2.41355 0.0220171 -5.57189e-06 0.000116849 0.0220175 2.40901 0.000378465 3.46493e-05 6.59844e-06 -0.000378297 2.3937 0.264299 0.000117648 3.19916e-05 -0.264299 2.391 0.00912227 -2.30859e-06 4.84138e-05 0.00912245 0.998118 0.000156808 1.43562e-05 2.73391e-06 -0.000156739 0.991777 0.109506 4.87447e-05 1.3255e-05 -0.109506 0.990659
27 0.049785 2.24229 0.0282144 -6.84406e-06 0.000134053 0.0282149 2.23793 0.000342225 3.55333e-05 8.05913e-06 -0.000342035 2.22098 0.267499 0.000134832 3.27992e-05 -0.267499 2.21854 0.0125829 -3.05226e-06 5.97841e-05 0.0125831 0.998054 0.000152623 1.58469e-05 3.59415e-06 -0.000152538 0.990496 0.119297 6.01315e-05 1.46275e-05 -0.119297 0.98941
28 0.0514827 2.07684 0.0347574 -8.2391e-06 0.00014907 0.0347578 2.07264 0.000306639 3.62934e-05 9.64494e-06 -0.000306425 2.05401 0.269135 0.00014982 3.34847e-05 -0.269135 2.05183 0.0167357 -3.96713e-06 7.17775e-05 0.0167359 0.997976 0.000147647 1.74753e-05 4.64404e-06 -0.000147544 0.989006 0.129589 7.21386e-05 1.61229e-05 -0.129589 0.987956
29 0.0531646 1.91773 0.0415773 -9.75667e-06 0.000161844 0.0415777 1.91367 0.000271861 3.69319e-05 1.1352e-05 -0.000271623 1.89333 0.269193 0.000162556 3.40495e-05 -0.269193 1.89139 0.0216805 -5.08762e-06 8.43934e-05 0.0216807 0.997882 0.000141762 1.92582e-05 5.91952e-06 -0.000141638 0.987278 0.140371 8.4765e-05 1.77551e-05 -0.140371 0.986265
30 0.0548304 1.76539 0.0485992 -1.13955e-05 0.000172342 0.0485996 1.76145 0.00023804 3.74534e-05 1.31754e-05 -0.000237776 1.7394 0.267679 0.000173008 3.44965e-05 -0.267679 1.73768 0.0275289 -6.45497e-06 9.76227e-05 0.0275291 0.997768 0.000134837 2.12154e-05 7.46318e-06 -0.000134688 0.985279 0.151626 9.80003e-05 1.95405e-05 -0.151626 0.984305
31 0.0564795 1.62019 0.055743 -1.31535e-05 0.00018056 0.0557434 1.61635 0.000205315 3.78639e-05 1.51091e-05 -0.000205023 1.59259 0.264614 0.000181173 3.48303e-05 -0.264614 1.59108 0.0344053 -8.11851e-06 0.000111444 0.0344056 0.99763 0.000126723 2.33701e-05 9.32553e-06 -0.000126543 0.98297 0.163323 0.000111822 2.14977e-05 -0.163323 0.982037
32 0.0581114 1.48241 0.062925 -1.50276e-05 0.000186517 0.0629254 1.47865 0.000173815 3.81709e-05 1.71462e-05 -0.000173495 1.45322 0.260037 0.000187069 3.50574e-05 -0.260038 1.4519 0.0424477 -1.01373e-05 0.00012582 0.0424479 0.997463 0.000117251 2.57491e-05 1.15664e-05 -0.000117036 0.980307 0.175415 0.000126192 2.36489e-05 -0.175415 0.979419
33 0.0597256 1.35228 0.0700591 -1.70141e-05 0.000190258 0.0700595 1.34858 0.000143658 3.83833e-05 1.92789e-05 -0.00014331 1.32151 0.254005 0.000190742 3.51856e-05 -0.254005 1.32037 0.051808 -1.25817e-05 0.000140694 0.0518083 0.99726 0.000106234 2.83841e-05 1.42566e-05 -0.000105976 0.977241 0.187834 0.000141051 2.60194e-05 -0.187834 0.976401
34 0.0613216 1.22993 0.077058 -1.9108e-05 0.000191846 0.0770584 1.22626 0.000114953 3.85112e-05 2.14987e-05 -0.000114575 1.19761 0.246586 0.000192256 3.52238e-05 -0.246587 1.19664 0.0626521 -1.55358e-05 0.000155981 0.0626524 0.997015 9.34627e-05 3.13116e-05 1.74795e-05 -9.31556e-05 0.973719 0.200487 0.000156314 2.86388e-05 -0.200488 0.97293
35 0.0628989 1.11544 0.0838353 -2.1304e-05 0.000191368 0.0838356 1.11178 8.77937e-05 3.85657e-05 2.37962e-05 -8.73864e-05 1.08162 0.237865 0.0001917 3.51825e-05 -0.237866 1.0808 0.0751589 -1.90992e-05 0.000171563 0.0751591 0.996717 7.87076e-05 3.45744e-05 2.13335e-05 -7.83425e-05 0.969678 0.213247 0.00017186 3.15414e-05 -0.213248 0.968945
36 0.064457 1.00881 0.0903061 -2.35954e-05 0.00018893 0.0903063 1.00513 6.22622e-05 3.85583e-05 2.61617e-05 -6.18256e-05 0.973555 0.227938 0.000189178 3.50729e-05 -0.227939 0.972877 0.0895175 -2.33894e-05 0.00018728 0.0895178 0.996357 6.17185e-05 3.82216e-05 2.59332e-05 -6.12857e-05 0.965054 0.225947 0.000187526 3.47667e-05 -0.225949 0.964382
37 0.0659956 0.909985 0.096389 -2.59751e-05 0.000184651 0.0963892 0.906275 3.84269e-05 3.85014e-05 2.85846e-05 -3.79613e-05 0.87338 0.216912 0.000184814 3.4907e-05 -0.216914 0.87283 0.105924 -2.85446e-05 0.000202917 0.105924 0.995923 4.2228e-05 4.23099e-05 3.14122e-05 -4.17164e-05 0.959773 0.238369 0.000203095 3.836e-05 -0.238371 0.95917
38 0.067514 0.818859 0.102007 -2.84348e-05 0.000178669 0.102007 0.815091 1.63421e-05 3.84073e-05 3.10542e-05 -1.58484e-05 0.780996 0.204905 0.000178744 3.46974e-05 -0.204907 0.780564 0.124572 -3.47249e-05 0.000218193 0.124572 0.995398 1.99572e-05 4.69035e-05 3.79237e-05 -1.93542e-05 0.953761 0.250233 0.000218284 4.23728e-05 -0.250234 0.953234
39 0.0690118 0.73527 0.107089 -3.09655e-05 0.000171132 0.107089 0.731421 -3.95186e-06 3.82886e-05 3.35589e-05 4.47266e-06 0.696256 0.192041 0.000171119 3.44572e-05 -0.192043 0.695932 0.145646 -4.21145e-05 0.000232747 0.145646 0.994765 -5.3747e-06 5.20742e-05 4.56416e-05 6.08302e-06 0.946939 0.261185 0.000232729 4.68633e-05 -0.261187 0.946498
40 0.10628 0.65901 0.111571 -3.35572e-05 0.000162197 0.111571 0.655061 -2.24292e-05 3.81575e-05 3.60873e-05 2.29755e-05 0.618964 0.178451 0.000162096 3.41994e-05 -0.178453 0.618738 0.169301 -5.09207e-05 0.000246122 0.169301 0.994006 -3.40347e-05 5.79011e-05 5.47598e-05 3.48636e-05 0.939232 0.270786 0.000245969 5.18952e-05 -0.270789 0.938889
42 0.146749 0.527453 0.118517 -3.88797e-05 0.000140803 0.118517 0.523243 -5.39017e-05 3.79051e-05 4.11662e-05 5.44925e-05 0.485734 0.149635 0.000140532 3.36841e-05 -0.149638 0.485681 0.224697 -7.37122e-05 0.000266948 0.224697 0.992018 -0.000102192 7.18644e-05 7.80472e-05 0.000103313 0.920906 0.283694 0.000266435 6.38618e-05 -0.283698 0.920805
44 0.152348 0.421815 0.1225 -4.43047e-05 0.000115856 0.122499 0.417277 -7.81482e-05 3.77374e-05 4.61914e-05 7.87724e-05 0.378999 0.119563 0.000115431 3.32528e-05 -0.119565 0.379094 0.290411 -0.000105034 0.00027466 0.290409 0.989241 -0.000185266 8.94642e-05 0.000109506 0.000186746 0.898494 0.283448 0.000273652 7.88326e-05 -0.283454 0.89872
46 0.157761 0.339339 0.123329 -4.97207e-05 8.8733e-05 0.123328 0.334418 -9.54515e-05 3.77274e-05 5.10587e-05 9.60943e-05 0.296034 0.0893291 8.81773e-05 3.29977e-05 -0.0893318 0.29626 0.363438 -0.000146522 0.000261488 0.363436 0.985499 -0.000281287 0.000111179 0.000150465 0.000283181 0.872384 0.263245 0.00025985 9.72412e-05 -0.263252 0.873051
48 0.162982 0.277039 0.120977 -5.50017e-05 6.0749e-05 0.120976 0.271698 -0.000106281 3.79301e-05 5.56603e-05 0.000106925 0.233865 0.0599732 6.00933e-05 3.29964e-05 -0.0599758 0.23421 0.436678 -0.000198534 0.000219279 0.436675 0.980718 -0.000383632 0.000136912 0.000200911 0.000385956 0.844158 0.216479 0.000216913 0.000119104 -0.216488 0.845405
50 0.168004 0.231857 0.115577 -6.00091e-05 3.30996e-05 0.115576 0.226073 -0.000111265 3.83806e-05 5.98843e-05 0.00011189 0.189416 0.0324337 3.23797e-05 3.33076e-05 -0.032436 0.189872 0.498486 -0.00025882 0.000142759 0.498482 0.975056 -0.000479887 0.000165536 0.000258281 0.000482581 0.816954 0.139887 0.000139654 0.000143656 -0.139897 0.818922
52 0.172821 0.20078 0.10741 -6.45929e-05 6.81609e-06 0.107409 0.194553 -0.000111153 3.90932e-05 6.3615e-05 0.000111736 0.159636 0.00751471 6.07054e-06 3.39686e-05 -0.00751671 0.160197 0.534963 -0.00032171 3.39481e-05 0.534958 0.968988 -0.000553606 0.000194707 0.000316839 0.000556509 0.79508 0.0374276 3.02348e-05 0.000169183 -0.0374375 0.797875
54 0.177428 0.180952 0.0968822 -6.85953e-05 -1.72658e-05 0.096881 0.174301 -0.00010678 4.00626e-05 6.67338e-05 0.000107297 0.141608 -0.0141398 -1.7998e-05 3.49934e-05 0.0141383 0.142267 0.535402 -0.000379079 -9.54163e-05 0.535395 0.96324 -0.000590098 0.000221399 0.000368792 0.000592957 0.782571 -0.0781409 -9.94628e-05 0.000193385 0.078133 0.786215
56 0.181819 0.169748 0.0845017 -7.18545e-05 -3.8523e-05 0.0845006 0.162707 -9.90245e-05 4.1266e-05 6.91207e-05 9.94525e-05 0.132629 -0.0320628 -3.92051e-05 3.63725e-05 0.0320621 0.133378 0.497807 -0.000423302 -0.000226942 0.497801 0.958523 -0.000583362 0.000243102 0.000407196 0.000585884 0.781329 -0.188885 -0.000230961 0.000214274 0.188881 0.785743
58 0.185988 0.164825 0.0708444 -7.42104e-05 -5.65475e-05 0.0708436 0.157449 -8.87736e-05 4.26658e-05 7.06566e-05 8.90889e-05 0.130269 -0.0459713 -5.71474e-05 3.8074e-05 0.0459714 0.131096 0.429817 -0.000450238 -0.000343076 0.429811 0.955252 -0.000538594 0.000258856 0.000428677 0.000540507 0.790345 -0.27891 -0.000346716 0.000230997 0.278911 0.795364
60 0.286303 0.164157 0.0565218 -7.5511e-05 -7.11367e-05 0.0565213 0.156515 -7.68843e-05 4.42133e-05 7.12275e-05 7.70656e-05 0.132405 -0.0557641 -7.16296e-05 4.00455e-05 0.0557652 0.133293 0.344316 -0.000459992 -0.000433345 0.344312 0.953447 -0.000468358 0.000269335 0.000433898 0.000469462 0.806573 -0.3397 -0.000436348 0.000243946 0.339706 0.811985
64 0.394175 0.169109 0.0283043 -7.44247e-05 -9.00952e-05 0.0283048 0.161182 -5.12982e-05 4.75218e-05 6.90719e-05 5.11594e-05 0.143289 -0.0634422 -9.03361e-05 4.45072e-05 0.0634453 0.144232 0.167373 -0.0004401 -0.000532765 0.167376 0.953128 -0.000303344 0.000281013 0.000408446 0.000302524 0.84732 -0.375156 -0.00053419 0.000263187 0.375174 0.852897
68 0.406626 0.174741 0.00424186 -6.78356e-05 -9.69349e-05 0.004244 0.166887 -2.75349e-05 5.07081e-05 6.20487e-05 2.7039e-05 0.154645 -0.0573936 -9.69415e-05 4.90676e-05 0.0573986 0.155534 0.0242752 -0.000388207 -0.000554735 0.0242874 0.955058 -0.000157576 0.000290191 0.00035509 0.000154738 0.885 -0.32845 -0.000554773 0.000280802 0.328478 0.890083
72 0.417095 0.175578 -0.0125008 -5.5603e-05 -9.46012e-05 -0.0124967 0.168113 -9.09635e-06 5.33021e-05 5.00265e-05 8.25326e-06 0.160313 -0.0416127 -9.44626e-05 5.29664e-05 0.0416191 0.16105 -0.071198 -0.000316686 -0.0005388 -0.0711745 0.957485 -5.18081e-05 0.000303581 0.000284925 4.70063e-05 0.913058 -0.237004 -0.00053801 0.000301669 0.237041 0.917256
76 0.425533 0.169518 -0.0204251 -3.83853e-05 -8.6408e-05 -0.0204189 0.162626 2.34013e-06 5.48942e-05 3.35473e-05 -3.47342e-06 0.157643 -0.0208927 -8.62514e-05 5.55129e-05 0.0208996 0.158204 -0.12049 -0.000226438 -0.000509728 -0.120453 0.959343 1.38046e-05 0.000323826 0.000197899 -2.049e-05 0.929952 -0.123248 -0.000508804 0.000327475 0.123289 0.93326
80 0.431897 0.156789 -0.0197555 -1.76973e-05 -7.52663e-05 -0.0197473 0.150443 6.65286e-06 5.51552e-05 1.39353e-05 -7.98801e-06 0.14648 4.98775e-05 -7.5212e-05 5.61985e-05 -4.323e-05 0.146977 -0.126 -0.000112873 -0.000480049 -0.125949 0.959528 4.2432e-05 0.00035178 8.88793e-05 -5.09476e-05 0.934251 0.000318119 -0.000479702 0.000358435 -0.000275721 0.937421
84 0.436158 0.139057 -0.0121669 4.19634e-06 -6.32991e-05 -0.0121574 0.132972 4.82428e-06 5.38449e-05 -6.75086e-06 -6.26812e-06 0.128268 0.0172899 -6.34224e-05 5.47638e-05 -0.0172843 0.129005 -0.087496 3.01771e-05 -0.000455203 -0.0874273 0.956244 3.46929e-05 0.000387215 -4.85475e-05 -4.5076e-05 0.922412 0.124337 -0.00045609 0.000393823 -0.124296 0.927711
88 0.328636 0.118743 -0.000290276 2.4557e-05 -5.18133e-05 -0.000280018 0.112369 -1.54418e-06 5.08281e-05 -2.59499e-05 6.46302e-08 0.105374 0.0281647 -5.21313e-05 5.12128e-05 -0.0281605 0.106865 -0.00244457 0.000206808 -0.000436348 -0.00235818 0.946324 -1.30044e-05 0.000428051 -0.000218538 5.44286e-07 0.887411 0.23719 -0.000439026 0.000431291 -0.237155 0.89997
90 0.219313 0.108452 0.00631881 3.32771e-05 -4.64851e-05 0.00632911 0.101658 -5.86386e-06 4.86722e-05 -3.41483e-05 4.38467e-06 0.0930367 0.0307826 -4.68917e-05 4.87099e-05 -0.0307791 0.0951574 0.0582634 0.000306836 -0.000428622 0.0583584 0.937349 -5.40685e-05 0.000448788 -0.000314869 4.04294e-05 0.857857 0.283835 -0.000432371 0.000449136 -0.283802 0.877412
92 0.328636 0.0985115 0.0128822 4.0586e-05 -4.15067e-05 0.0128923 0.0910855 -1.06388e-05 4.60988e-05 -4.09905e-05 9.16846e-06 0.0805844 0.0314727 -4.1992e-05 4.5781e-05 -0.0314699 0.0835253 0.130768 0.000411993 -0.000421339 0.130871 0.924618 -0.000107995 0.000467954 -0.000416099 9.307e-05 0.818021 0.319483 -0.000426265 0.000464727 -0.319454 0.847874
96 0.436158 0.0808687 0.024572 4.99056e-05 -3.27433e-05 0.0245813 0.0715216 -2.07108e-05 3.98037e-05 -4.95697e-05 1.92844e-05 0.0567156 0.0274177 -3.33576e-05 3.88718e-05 -0.0274158 0.0618933 0.303851 0.000617118 -0.000404895 0.303965 0.884416 -0.000256104 0.000492201 -0.000612965 0.000238466 0.701329 0.339039 -0.000412491 0.000480678 -0.339016 0.765355
100 0.431897 0.0678272 0.0326785 5.10118e-05 -2.57611e-05 0.0326863 0.0557381 -3.02322e-05 3.22518e-05 -5.02109e-05 2.89113e-05 0.0362817 0.0173493 -2.64871e-05 3.09835e-05 -0.0173477 0.0444362 0.481791 0.000752086 -0.000379806 0.481906 0.821767 -0.000445724 0.0004755 -0.000740277 0.00042625 0.534915 0.255787 -0.000390508 0.0004568 -0.255763 0.655138
104 0.425533 0.0606246 0.0360701 4.35997e-05 -2.07368e-05 0.0360761 0.0451967 -3.79722e-05 2.39005e-05 -4.25958e-05 3.68826e-05 0.0212001 0.00337335 -2.159e-05 2.26462e-05 -0.00337141 0.0328534 0.594975 0.000719176 -0.000342052 0.595074 0.745519 -0.00062635 0.000394238 -0.000702617 0.000608377 0.349695 0.0556433 -0.000356126 0.000373548 -0.0556113 0.541916
108 0.417095 0.0595299 0.0346768 2.86792e-05 -1.7712e-05 0.034681 0.0405555 -4.30414e-05 1.5317e-05 -2.76887e-05 4.23888e-05 0.0125466 -0.0120919 -1.87252e-05 1.4383e-05 0.0120946 0.0278372 0.58251 0.000481761 -0.000297531 0.582581 0.681262 -0.000723022 0.000257299 -0.000465123 0.000712059 0.210762 -0.203122 -0.000314551 0.00024161 0.203169 0.467617
112 0.406626 0.0637845 0.0293878 8.44424e-06 -1.645e-05 0.0293906 0.0415618 -4.49314e-05 7.12392e-06 -7.61514e-06 4.49838e-05 0.0104067 -0.0267375 -1.76361e-05 6.69409e-06 0.0267412 0.0289664 0.460736 0.000132387 -0.0002579 0.46078 0.651598 -0.000704425 0.000111687 -0.000119389 0.000705247 0.163155 -0.419184 -0.000276494 0.000104949 0.419242 0.45413
116 0.394175 0.0717183 0.0217873 -1.40892e-05 -1.63189e-05 0.021789 0.0470872 -4.35467e-05 -6.24063e-08 1.46866e-05 4.45876e-05 0.0138647 -0.0387036 -1.7631e-05 5.25779e-08 0.038708 0.034779 0.303789 -0.000196451 -0.000227542 0.303814 0.656557 -0.000607191 -8.70158e-07 0.000204781 0.000621705 0.193322 -0.539661 -0.000245837 7.33117e-07 0.539722 0.484939
120 0.379804 0.0810514 0.0137829 -3.56076e-05 -1.62918e-05 0.0137841 0.0553236 -3.92104e-05 -5.69556e-06 3.59754e-05 4.14782e-05 0.021157 -0.0467955 -1.75998e-05 -5.10738e-06 0.0468001 0.0430335 0.170051 -0.000439321 -0.000201006 0.170067 0.682575 -0.000483773 -7.0271e-05 0.00044386 0.000511753 0.261032 -0.577356 -0.000217144 -6.30142e-05 0.577413 0.530941
124 0.363583 0.0893399 0.00719792 -5.30812e-05 -1.51056e-05 0.00719893 0.0641231 -3.2617e-05 -9.36128e-06 5.3277e-05 3.62498e-05 0.0299787 -0.0505592 -1.62013e-05 -8.42536e-06 0.0505635 0.05113 0.0805678 -0.000594149 -0.00016908 0.0805791 0.717742 -0.000365089 -0.000104783 0.00059634 0.000405752 0.335558 -0.56592 -0.000181344 -9.43068e-05 0.565967 0.572309
128 0.34559 0.0944855 0.00340139 -6.42826e-05 -1.15584e-05 0.00340233 0.0714187 -2.47232e-05 -1.08362e-05 6.43947e-05 2.97203e-05 0.0378938 -0.0502242 -1.21901e-05 -9.67422e-06 0.0502274 0.0566153 0.0359991 -0.000680343 -0.000122329 0.036009 0.75587 -0.000261662 -0.000114686 0.00068153 0.000314549 0.401054 -0.531555 -0.000129016 -0.000102388 0.531589 0.599195
132 0.325914 0.095193 0.0030461 -6.81397e-05 -4.86423e-06 0.00304691 0.0756393 -1.65868e-05 -1.01365e-05 6.82608e-05 2.27917e-05 0.04277 -0.0465419 -4.79251e-06 -8.83088e-06 0.0465438 0.0576664 0.0319992 -0.000715806 -5.10986e-05 0.0320077 0.794588 -0.000174244 -0.000106484 0.000717077 0.000239426 0.449297 -0.488921 -5.03451e-05 -9.27681e-05 0.488941 0.605783
136 0.304649 0.0912665 0.00596319 -6.48561e-05 5.04798e-06 0.00596372 0.0760188 -9.18247e-06 -7.54533e-06 6.5059e-05 1.62908e-05 0.0431478 -0.0405655 5.98954e-06 -6.13321e-06 0.0405659 0.0534454 0.0653381 -0.000710623 5.53103e-05 0.065344 0.832932 -0.000100612 -8.26735e-05 0.000712846 0.000178497 0.472767 -0.444473 6.56269e-05 -6.72011e-05 0.444477 0.585598
140 0.281901 0.0836578 0.0112335 -5.57805e-05 1.74008e-05 0.0112336 0.072725 -3.23684e-06 -3.60408e-06 5.61032e-05 1.08299e-05 0.0384644 -0.0334195 1.92548e-05 -2.09569e-06 0.0334185 0.0442394 0.13428 -0.00066677 0.000208 0.134281 0.869316 -3.86914e-05 -4.30812e-05 0.000670627 0.000129454 0.459783 -0.399478 0.000230161 -2.50508e-05 0.399467 0.528814
144 0.257779 0.0742426 0.01742 -4.30619e-05 3.06632e-05 0.0174195 0.0667692 8.77271e-07 9.42848e-07 4.3504e-05 6.72553e-06 0.0290878 -0.0261045 3.33238e-05 2.53584e-06 0.0261025 0.0313487 0.234637 -0.000580016 0.000413013 0.23463 0.899338 1.18163e-05 1.26995e-05 0.000585971 9.05886e-05 0.391793 -0.35161 0.00044885 3.41561e-05 0.351584 0.422246
148 0.232401 0.0653652 0.0229105 -2.91706e-05 4.28726e-05 0.0229094 0.0597174 3.16046e-06 5.25518e-06 2.97011e-05 3.99257e-06 0.0161588 -0.0193689 4.60961e-05 6.89555e-06 0.0193664 0.016749 0.3505 -0.00044627 0.000655893 0.350483 0.913595 4.83508e-05 8.03972e-05 0.000454387 6.1081e-05 0.247208 -0.296319 0.000705208 0.000105493 0.29628 0.256236
152 0.205891 0.0592555 0.026296 -1.63906e-05 5.21107e-05 0.0262945 0.0532726 3.91838e-06 8.54567e-06 1.69618e-05 2.40591e-06 0.00128928 -0.0136592 5.55592e-05 1.01611e-05 0.0136565 0.00260939 0.443773 -0.000276609 0.000879424 0.443748 0.899032 6.61269e-05 0.000144217 0.000286248 4.06023e-05 0.0217579 -0.230514 0.00093762 0.00017148 0.230468 0.0440363
156 0.178378 0.0574621 0.0266994 -6.39656e-06 5.70073e-05 0.0266977 0.0488357 3.63073e-06 1.02448e-05 6.95587e-06 1.60679e-06 -0.0138052 -0.00914075 6.03141e-05 1.17361e-05 0.0091383 -0.0092135 0.464643 -0.000111318 0.000992085 0.464614 0.849877 6.31848e-05 0.000178288 0.000121051 2.79626e-05 -0.240249 -0.159074 0.00104963 0.00020424 0.159032 -0.16034
160 0.0971232 0.060448 0.0239784 1.24057e-09 5.71269e-05 0.0239768 0.0471592 2.80274e-06 1.01402e-05 4.96626e-07 1.22102e-06 -0.027643 -0.00576849 5.99674e-05 1.14029e-05 0.00576651 -0.0175767 0.396678 2.05229e-08 0.000945059 0.396652 0.780162 4.63661e-05 0.00016775 8.21576e-06 2.01995e-05 -0.457301 -0.0954289 0.00099205 0.00018864 0.0953962 -0.290774
161 0.0357021 0.0618782 0.0228676 1.0315e-06 5.64636e-05 0.0228661 0.0471825 2.56274e-06 9.84779e-06 -5.55952e-07 1.15232e-06 -0.0307747 -0.00508647 5.91477e-05 1.10392e-05 0.00508464 -0.0190793 0.369557 1.66698e-05 0.000912496 0.369533 0.762505 4.14159e-05 0.000159148 -8.98462e-06 1.86223e-05 -0.497343 -0.0822013 0.000955872 0.000178402 0.0821716 -0.308336
162 0.0338871 0.063542 0.0216139 1.8488e-06 5.55582e-05 0.0216124 0.0473696 2.32051e-06 9.4615e-06 -1.39804e-06 1.08737e-06 -0.0337508 -0.00446268 5.80736e-05 1.0577e-05 0.00446099 -0.0203521 0.340151 2.90957e-05 0.000874354 0.340128 0.745485 3.65193e-05 0.000148901 -2.20018e-05 1.71126e-05 -0.531157 -0.0702321 0.000913941 0.000166457 0.0702054 -0.320294
163 0.0320617 0.0654121 0.0202362 2.46549e-06 5.44347e-05 0.0202348 0.0477087 2.0804e-06 8.99024e-06 -2.04177e-06 1.02356e-06 -0.0365628 -0.00389384 5.67716e-05 1.0026e-05 0.00389229 -0.0214038 0.309364 3.76916e-05 0.00083218 0.309343 0.729356 3.18045e-05 0.00013744 -3.12139e-05 1.56479e-05 -0.558961 -0.0595278 0.000867906 0.000153274 0.0595041 -0.327214
164 0.0302266 0.0674582 0.0187552 2.89632e-06 5.31204e-05 0.018754 0.0481856 1.84613e-06 8.44433e-06 -2.50164e-06 9.58878e-07 -0.0392044 -0.00337666 5.52711e-05 9.39724e-06 0.00337526 -0.022246 0.278027 4.2935e-05 0.000787456 0.278009 0.714303 2.7367e-05 0.000125179 -3.70843e-05 1.42144e-05 -0.581165 -0.0500555 0.000819338 0.000139305 0.0500348 -0.329775
165 0.0283823 0.0696468 0.0171935 3.15806e-06 5.16451e-05 0.0171923 0.0487837 1.62076e-06 7.83525e-06 -2.79413e-06 8.91934e-07 -0.041671 -0.00290791 5.36045e-05 8.7032e-06 0.00290665 -0.0228932 0.246867 4.53439e-05 0.000741529 0.24685 0.700444 2.32711e-05 0.0001125 -4.01186e-05 1.28065e-05 -0.59832 -0.0417522 0.000769662 0.000124962 0.0417342 -0.328704
166 0.0265294 0.071942 0.0155746 3.26915e-06 5.0041e-05 0.0155735 0.0494843 1.40676e-06 7.17546e-06 -2.93734e-06 8.2193e-07 -0.0439602 -0.00248446 5.18062e-05 7.95727e-06 0.00248334 -0.0233618 0.216488 4.54415e-05 0.000695575 0.216474 0.687837 1.95541e-05 9.97396e-05 -4.08294e-05 1.14249e-05 -0.611051 -0.0345342 0.000720112 0.000110607 0.0345187 -0.324732
167 0.0246683 0.0743062 0.0139231 3.24934e-06 4.83421e-05 0.0139222 0.0502675 1.20604e-06 6.47823e-06 -2.95064e-06 7.48623e-07 -0.0460709 -0.00210331 4.99127e-05 7.1737e-06 0.00210234 -0.0236705 0.187375 4.3729e-05 0.00065058 0.187363 0.676492 1.62307e-05 8.71829e-05 -3.97092e-05 1.00748e-05 -0.620015 -0.028306 0.000671717 9.65425e-05 0.0282929 -0.318554
168 0.0172754 0.0767006 0.0122643 3.11923e-06 4.65831e-05 0.0122634 0.0511119 1.01998e-06 5.75735e-06 -2.8542e-06 6.72282e-07 -0.0480038 -0.00176164 4.79614e-05 6.36734e-06 0.0017608 -0.0238394 0.159898 4.06676e-05 0.000607337 0.159887 0.666382 1.32981e-05 7.50626e-05 -3.72122e-05 8.76501e-06 -0.625859 -0.0229678 0.000625306 8.30155e-05 0.0229568 -0.31081
168.5 0.0109315 0.0778969 0.0114399 3.01941e-06 4.56922e-05 0.0114391 0.0515503 9.32745e-07 5.39245e-06 -2.77128e-06 6.33182e-07 -0.048904 -0.00160478 4.69759e-05 5.96036e-06 0.00160401 -0.0238778 0.14686 3.87617e-05 0.000586573 0.14685 0.661775 1.19741e-05 6.92255e-05 -3.55763e-05 8.12845e-06 -0.627804 -0.0206014 0.000603052 7.6516e-05 0.0205914 -0.306531
169 0.0104622 0.079086 0.0106232 2.89996e-06 4.47997e-05 0.0106225 0.0519956 8.49491e-07 5.02696e-06 -2.66868e-06 5.93623e-07 -0.0497605 -0.00145682 4.59901e-05 5.55338e-06 0.0014561 -0.0238893 0.134324 3.66684e-05 0.000566468 0.134315 0.657457 1.07414e-05 6.35631e-05 -3.37441e-05 7.50604e-06 -0.629195 -0.0184207 0.00058152 7.02195e-05 0.0184117 -0.302067
169.5 0.00999215 0.080263 0.00981717 2.76352e-06 4.39099e-05 0.00981651 0.0524452 7.7027e-07 4.66264e-06 -2.549e-06 5.53754e-07 -0.0505737 -0.00131746 4.50089e-05 5.14831e-06 0.0013168 -0.0238764 0.122312 3.44308e-05 0.000547075 0.122304 0.653417 9.59682e-06 5.8092e-05 -3.17581e-05 6.89924e-06 -0.6301 -0.0164142 0.000560767 6.4143e-05 0.0164061 -0.297477
170 0.0095213 0.0814231 0.00902495 2.61272e-06 4.30272e-05 0.00902434 0.0528963 6.95113e-07 4.30126e-06 -2.41479e-06 5.13742e-07 -0.051344 -0.00118641 4.40368e-05 4.74706e-06 0.00118582 -0.0238419 0.11084 3.20882e-05 0.00052844 0.110833 0.649647 8.53705e-06 5.28261e-05 -2.96573e-05 6.30954e-06 -0.630582 -0.014571 0.000540839 5.83011e-05 0.0145636 -0.292815
170.5 0.00904972 0.0825615 0.00824955 2.45017e-06 4.2156e-05 0.00824899 0.053346 6.24036e-07 3.94458e-06 -2.26858e-06 4.73771e-07 -0.0520718 -0.00106342 4.30784e-05 4.35149e-06 0.00106287 -0.0237885 0.0999201 2.96769e-05 0.000510601 0.0999133 0.646137 7.55844e-06 4.77774e-05 -2.74775e-05 5.7384e-06 -0.630704 -0.0128803 0.000521774 5.27061e-05 0.0128737 -0.28813
171 0.00857745 0.0836735 0.00749393 2.27842e-06 4.13004e-05 0.00749342 0.0537917 5.57037e-07 3.5943e-06 -2.11288e-06 4.34038e-07 -0.0527578 -0.000948213 4.21384e-05 3.96346e-06 0.000947725 -0.0237188 0.0895616 2.723e-05 0.000493591 0.0895555 0.642876 6.65727e-06 4.29562e-05 -2.52515e-05 5.18729e-06 -0.63052 -0.0113323 0.000503606 4.73682e-05 0.0113265 -0.283469
171.5 0.00810453 0.0847544 0.00676097 2.09998e-06 4.04648e-05 0.00676051 0.0542307 4.94097e-07 3.25211e-06 -1.95011e-06 3.94752e-07 -0.0534023 -0.000840563 4.12211e-05 3.58476e-06 0.000840125 -0.0236356 0.0797713 2.47773e-05 0.000477435 0.0797659 0.639856 5.82975e-06 3.8371e-05 -2.30089e-05 4.65759e-06 -0.630083 -0.00991762 0.000486359 4.22959e-05 0.00991246 -0.278872
172 0.00763099 0.0858 0.00605348 1.91728e-06 3.96529e-05 0.00605307 0.0546603 4.3519e-07 2.91967e-06 -1.78264e-06 3.56128e-07 -0.0540061 -0.000740238 4.03308e-05 3.21718e-06 0.00073985 -0.0235415 0.0705534 2.2346e-05 0.000462156 0.0705486 0.637066 5.07214e-06 3.40288e-05 -2.07767e-05 4.15068e-06 -0.629441 -0.00862749 0.000470056 3.74963e-05 0.00862296 -0.274376
172.5 0.00715688 0.0868058 0.00537417 1.73269e-06 3.88689e-05 0.0053738 0.055078 3.80274e-07 2.59856e-06 -1.61277e-06 3.1839e-07 -0.0545695 -0.000647028 3.94717e-05 2.86241e-06 0.000646685 -0.0234388 0.0619102 1.99605e-05 0.000447769 0.061906 0.634497 4.38074e-06 2.99353e-05 -1.8579e-05 3.66784e-06 -0.628639 -0.00745374 0.000454712 3.29749e-05 0.00744979 -0.270014
173 0.00668221 0.0877677 0.00472562 1.54847e-06 3.81165e-05 0.0047253 0.0554814 3.29301e-07 2.29032e-06 -1.44269e-06 2.81762e-07 -0.0550933 -0.000560733 3.86477e-05 2.52211e-06 0.000560433 -0.0233302 0.0538423 1.76429e-05 0.000434288 0.0538387 0.632139 3.75196e-06 2.60952e-05 -1.64376e-05 3.21032e-06 -0.627717 -0.00638883 0.000440341 2.87362e-05 0.00638542 -0.265817
173.5 0.00620704 0.0886817 0.00411032 1.36681e-06 3.73991e-05 0.00411004 0.055868 2.82218e-07 1.99642e-06 -1.27453e-06 2.4647e-07 -0.055578 -0.000481169 3.78628e-05 2.19787e-06 0.00048091 -0.0232179 0.0463491 1.54126e-05 0.000421723 0.046346 0.629984 3.18237e-06 2.25122e-05 -1.4372e-05 2.77927e-06 -0.626713 -0.0054258 0.000426951 2.47837e-05 0.00542288 -0.261811
174 0.0057314 0.0895441 0.00353063 1.18978e-06 3.67204e-05 0.00353039 0.0562357 2.38964e-07 1.71828e-06 -1.11029e-06 2.12737e-07 -0.0560241 -0.000408167 3.71205e-05 1.89118e-06 0.000407945 -0.0231042 0.0394289 1.32871e-05 0.000410082 0.0394262 0.628023 2.66867e-06 1.91892e-05 -1.23994e-05 2.37578e-06 -0.625659 -0.00455828 0.00041455 2.11201e-05 0.0045558 -0.25802
174.5 0.00525531 0.0903513 0.00298875 1.01933e-06 3.60834e-05 0.00298855 0.0565823 1.99476e-07 1.45722e-06 -9.5186e-07 1.8078e-07 -0.0564322 -0.000341568 3.64243e-05 1.60348e-06 0.000341382 -0.0229912 0.0330793 1.12818e-05 0.000399368 0.033077 0.626248 2.20779e-06 1.61283e-05 -1.05351e-05 2.00086e-06 -0.624587 -0.00378045 0.000403141 1.77472e-05 0.00377838 -0.254464
175 0.00477883 0.0910999 0.00248678 8.57291e-07 3.54913e-05 0.00248661 0.0569058 1.63692e-07 1.21448e-06 -8.01016e-07 1.5081e-07 -0.0568029 -0.000281231 3.57774e-05 1.3361e-06 0.000281076 -0.0228809 0.0272972 9.41044e-06 0.000389586 0.0272954 0.624653 1.79684e-06 1.33313e-05 -8.79272e-06 1.65544e-06 -0.623523 -0.00308706 0.000392727 1.46663e-05 0.00308536 -0.251163
175.5 0.00430199 0.091787 0.00202661 7.05365e-07 3.49468e-05 0.00202648 0.0572044 1.31546e-07 9.91228e-07 -6.59401e-07 1.23028e-07 -0.0571366 -0.000227025 3.51827e-05 1.09029e-06 0.000226899 -0.0227753 0.0220795 7.68481e-06 0.000380738 0.0220781 0.62323 1.43317e-06 1.07992e-05 -7.18404e-06 1.34036e-06 -0.622491 -0.00247339 0.000383309 1.18785e-05 0.00247202 -0.248132
176 0.00382481 0.0924095 0.00161003 5.65114e-07 3.44524e-05 0.00160992 0.0574763 1.02977e-07 7.88524e-07 -5.28523e-07 9.76219e-08 -0.0574338 -0.000178833 3.46431e-05 8.67183e-07 0.000178734 -0.022676 0.0174228 6.11532e-06 0.000372823 0.0174216 0.621973 1.11436e-06 8.53293e-06 -5.71936e-06 1.05641e-06 -0.621514 -0.00193522 0.000374887 9.38413e-06 0.00193415 -0.245386
176.5 0.00334735 0.092965 0.00123862 4.3795e-07 3.40106e-05 0.00123853 0.0577199 7.79258e-08 6.07333e-07 -4.09749e-07 7.4767e-08 -0.0576949 -0.000136552 3.4161e-05 6.67821e-07 0.000136476 -0.0225846 0.0133235 4.71092e-06 0.000365843 0.0133226 0.620878 8.38227e-07 6.53291e-06 -4.40757e-06 8.04249e-07 -0.620609 -0.00146885 0.000367461 7.18357e-06 0.00146804 -0.242936
177 0.00286963 0.0934512 0.0009138 3.25138e-07 3.36235e-05 0.000913738 0.0579339 5.63362e-08 4.48518e-07 -3.04299e-07 5.4622e-08 -0.0579204 -0.000100091 3.37386e-05 4.93127e-07 0.000100035 -0.0225024 0.00977836 3.47923e-06 0.000359797 0.0097777 0.619938 6.02841e-07 4.79949e-06 -3.25624e-06 5.84498e-07 -0.619793 -0.00107105 0.000361029 5.27684e-06 0.00107045 -0.240793
177.5 0.00239169 0.093866 0.00063682 2.27783e-07 3.32927e-05 0.000636777 0.0581172 3.81585e-08 3.12836e-07 -2.1324e-07 3.73281e-08 -0.0581106 -6.93708e-05 3.33778e-05 3.43914e-07 6.93319e-05 -0.0224308 0.00678435 2.42668e-06 0.000354683 0.00678389 0.61915 4.06521e-07 3.33279e-06 -2.27175e-06 3.97674e-07 -0.61908 -0.000739041 0.00035559 3.66388e-06 0.000738626 -0.238966
178 0.00191357 0.0942078 0.000408739 1.46827e-07 3.30199e-05 0.000408711 0.0582685 2.33487e-08 2.00932e-07 -1.37483e-07 2.30074e-08 -0.0582658 -4.43259e-05 3.30804e-05 2.20874e-07 4.43009e-05 -0.0223708 0.0043387 1.55854e-06 0.000350501 0.0043384 0.61851 2.47843e-07 2.13286e-06 -1.45936e-06 2.44219e-07 -0.618482 -0.000470512 0.000351143 2.34454e-06 0.000470247 -0.237462
178.5 0.00143531 0.0944751 0.000230431 8.30488e-08 3.28065e-05 0.000230415 0.0583871 1.18698e-08 1.13339e-07 -7.77763e-08 1.17615e-08 -0.0583862 -2.49021e-05 3.28476e-05 1.24579e-07 2.4888e-05 -0.0223232 0.00243906 8.79055e-07 0.00034725 0.0024389 0.618016 1.25639e-07 1.19967e-06 -8.23247e-07 1.24493e-07 -0.618007 -0.000263583 0.000347686 1.31865e-06 0.000263435 -0.236286
179 0.000956932 0.0946668 0.000102577 3.70565e-08 3.26533e-05 0.00010257 0.0584723 3.69208e-09 5.04727e-08 -3.47079e-08 3.67064e-09 -0.0584721 -1.10577e-05 3.26806e-05 5.54759e-08 1.10514e-05 -0.0222887 0.00108356 3.91441e-07 0.000344928 0.00108349 0.617664 3.90008e-08 5.33162e-07 -3.66632e-07 3.87743e-08 -0.617662 -0.000116806 0.000345217 5.86012e-07 0.00011674 -0.235443
179.5 0.000478484 0.0947822 2.56689e-05 9.28602e-09 3.2561e-05 2.56672e-05 0.0585236 -1.20584e-09 1.26332e-08 -8.69809e-09 -1.20718e-09 -0.0585236 -2.76294e-06 3.25801e-05 1.38851e-08 2.76138e-06 -0.0222678 0.00027082 9.79722e-08 0.000343536 0.000270802 0.617454 -1.27223e-08 1.33287e-07 -9.17693e-08 -1.27364e-08 -0.617454 -2.91504e-05 0.000343737 1.46495e-07 2.91339e-05 -0.234937
180 5.98114e-05 0.0948207 -1.29559e-20 -1.79514e-18 3.25303e-05 5.79357e-19 0.0585407 -2.83703e-09 1.44591e-18 6.72328e-19 -2.83703e-09 -0.0585407 3.88648e-19 3.25465e-05 1.40441e-18 -1.66477e-19 -0.0222608 -1.36635e-19 -1.8932e-17 0.000343071 6.11002e-18 0.617384 -2.99199e-08 1.52489e-17 7.09052e-18 -2.99199e-08 -0.617384 4.09877e-18 0.000343243 1.48112e-17 -1.75571e-18 -0.234767
