theta 2pi*dcos S11 S12 S13 S14 S21 S22 S23 S24 S31 S32 S33 S34 S41 S42 S43 S44 S12_norm S13_norm S14_norm S21_norm S22_norm S23_norm S24_norm S31_norm S32_norm S33_norm S34_norm S41_norm S42_norm S43_norm S44_norm
0 2.39246e-06 211.995 1.38794e-15 -2.22309e-16 0.111482 1.37914e-15 211.804 0.310812 -7.48611e-17 -2.04374e-16 -0.310812 211.804 1.04212e-16 0.111484 6.12787e-17 -1.1266e-16 211.703 6.54707e-18 -1.04865e-18 0.000525871 6.50556e-18 0.999101 0.00146613 -3.53127e-19 -9.6405e-19 -0.00146613 0.999101 4.91579e-19 0.000525883 2.89058e-19 -5.31428e-19 0.998622
0.1 1.91397e-05 211.961 -0.000127385 -1.1187e-05 0.11148 -0.000127011 211.771 0.310721 -3.92783e-06 -8.78662e-06 -0.310721 211.771 0.00204334 0.111481 8.18157e-06 -0.00204271 211.669 -6.0098e-07 -5.27786e-08 0.000525945 -5.99218e-07 0.999101 0.00146593 -1.85309e-08 -4.14539e-08 -0.00146593 0.999101 9.64017e-06 0.000525948 3.85993e-08 -9.63717e-06 0.998622
0.2 3.82793e-05 211.862 -0.000509255 -4.47258e-05 0.111475 -0.00050776 211.671 0.310446 -1.57131e-05 -3.51279e-05 -0.310446 211.671 0.00817011 0.111469 3.27155e-05 -0.00816757 211.569 -2.40371e-06 -2.11109e-07 0.000526168 -2.39666e-06 0.9991 0.00146533 -7.4167e-08 -1.65806e-07 -0.00146533 0.9991 3.85635e-05 0.000526142 1.54419e-07 -3.85515e-05 0.998622
0.3 5.74188e-05 211.695 -0.00114476 -0.000100549 0.111466 -0.0011414 211.505 0.309989 -3.53613e-05 -7.89682e-05 -0.309989 211.505 0.0183705 0.11145 7.35698e-05 -0.0183648 211.403 -5.40759e-06 -4.74973e-07 0.000526539 -5.3917e-06 0.9991 0.00146432 -1.67039e-07 -3.73028e-07 -0.00146432 0.9991 8.67783e-05 0.000526465 3.47527e-07 -8.67513e-05 0.99862
0.4 7.65581e-05 211.463 -0.00203249 -0.000178547 0.111453 -0.00202651 211.272 0.30935 -6.28812e-05 -0.000140215 -0.30935 211.272 0.0326284 0.111423 0.000130691 -0.0326182 211.17 -9.61156e-06 -8.44343e-07 0.000527058 -9.5833e-06 0.999099 0.00146291 -2.97363e-07 -6.63072e-07 -0.00146291 0.999099 0.000154299 0.000526918 6.18033e-07 -0.000154251 0.998619
0.5 9.56972e-05 211.164 -0.00317046 -0.000278563 0.111436 -0.00316112 210.973 0.30853 -9.82851e-05 -0.000218738 -0.30853 210.973 0.0509209 0.111389 0.000204004 -0.0509051 210.872 -1.50142e-05 -1.31918e-06 0.000527725 -1.497e-05 0.999098 0.00146109 -4.65445e-07 -1.03587e-06 -0.00146109 0.999098 0.000241144 0.000527499 9.66093e-07 -0.000241069 0.998617
0.6 0.000114836 210.799 -0.00455614 -0.000400397 0.111416 -0.00454269 210.608 0.307529 -0.000141589 -0.000314373 -0.307529 210.608 0.0732188 0.111346 0.000293412 -0.0731962 210.507 -2.16137e-05 -1.89943e-06 0.00052854 -2.15499e-05 0.999096 0.00145888 -6.71677e-07 -1.49134e-06 -0.00145888 0.999096 0.00034734 0.000528208 1.39191e-06 -0.000347232 0.998615
0.7 0.000133974 210.369 -0.00618645 -0.000543809 0.11139 -0.00616815 210.178 0.30635 -0.000192811 -0.000426916 -0.30635 210.178 0.0994868 0.111295 0.0003988 -0.099456 210.077 -2.94077e-05 -2.58503e-06 0.000529502 -2.93207e-05 0.999095 0.00145626 -9.16538e-07 -2.02937e-06 -0.00145626 0.999094 0.000472917 0.000529046 1.89572e-06 -0.000472771 0.998612
0.8 0.000153112 209.873 -0.00805777 -0.00070851 0.111361 -0.00803386 209.682 0.304994 -0.000251973 -0.00055613 -0.304994 209.682 0.129683 0.111235 0.000520028 -0.129643 209.581 -3.83936e-05 -3.3759e-06 0.00053061 -3.82797e-05 0.999093 0.00145323 -1.2006e-06 -2.64984e-06 -0.00145323 0.999092 0.000617912 0.000530011 2.47782e-06 -0.000617721 0.998609
0.9 0.00017225 209.312 -0.0101659 -0.000894175 0.111326 -0.0101357 209.122 0.303463 -0.000319099 -0.000701742 -0.303462 209.122 0.163759 0.111167 0.000656937 -0.163708 209.02 -4.85682e-05 -4.27196e-06 0.000531865 -4.84237e-05 0.99909 0.00144981 -1.52451e-06 -3.35261e-06 -0.00144981 0.99909 0.000782366 0.000531104 3.13855e-06 -0.000782125 0.998605
1 0.000191387 208.687 -0.0125063 -0.00110043 0.111286 -0.0124689 208.497 0.301758 -0.000394216 -0.000863444 -0.301758 208.497 0.201661 0.111089 0.00080935 -0.201599 208.395 -5.99282e-05 -5.27311e-06 0.000533265 -5.97493e-05 0.999088 0.00144598 -1.88903e-06 -4.1375e-06 -0.00144598 0.999088 0.000966329 0.000532323 3.87829e-06 -0.000966032 0.998601
1.1 0.000210523 207.999 -0.0150736 -0.00132687 0.11124 -0.0150284 207.808 0.299883 -0.000477353 -0.00104089 -0.299882 207.808 0.243328 0.111002 0.000977064 -0.243253 207.707 -7.24696e-05 -6.37923e-06 0.00053481 -7.22524e-05 0.999085 0.00144175 -2.29498e-06 -5.00433e-06 -0.00144175 0.999085 0.00116985 0.000533667 4.69746e-06 -0.0011695 0.998596
1.2 0.000229659 207.246 -0.0178622 -0.00157304 0.111188 -0.0178084 207.056 0.297839 -0.000568539 -0.00123372 -0.297837 207.056 0.288694 0.110905 0.00115986 -0.288606 206.954 -8.6188e-05 -7.59019e-06 0.000536499 -8.59286e-05 0.999082 0.00143712 -2.7433e-06 -5.95289e-06 -0.00143712 0.999081 0.001393 0.000535137 5.59654e-06 -0.00139257 0.998591
1.3 0.000248794 206.432 -0.0208659 -0.00183845 0.111129 -0.0208028 206.241 0.295629 -0.000667806 -0.0014415 -0.295627 206.241 0.337688 0.110798 0.0013575 -0.337585 206.139 -0.000101079 -8.90586e-06 0.000538331 -0.000100773 0.999079 0.00143209 -3.235e-06 -6.98296e-06 -0.00143208 0.999078 0.00163583 0.000536732 6.57605e-06 -0.00163533 0.998585
1.4 0.000267929 205.555 -0.024078 -0.00212257 0.111062 -0.0240049 205.365 0.293257 -0.000775187 -0.00166382 -0.293254 205.364 0.39023 0.110681 0.00156973 -0.390111 205.262 -0.000117137 -1.03261e-05 0.000540306 -0.000116781 0.999075 0.00142666 -3.7712e-06 -8.09428e-06 -0.00142665 0.999074 0.00189843 0.000538449 7.63657e-06 -0.00189785 0.998579
1.5 0.000287062 204.616 -0.0274915 -0.00242484 0.110988 -0.0274076 204.426 0.290725 -0.000890713 -0.00190018 -0.290721 204.426 0.446238 0.110552 0.00179626 -0.446103 204.324 -0.000134357 -1.18507e-05 0.000542422 -0.000133946 0.999072 0.00142083 -4.35309e-06 -9.28657e-06 -0.00142081 0.999069 0.00218085 0.000540289 8.7787e-06 -0.00218019 0.998572
1.6 0.000306195 203.617 -0.0310989 -0.00274466 0.110906 -0.0310034 203.427 0.288036 -0.00101442 -0.0021501 -0.288032 203.427 0.505623 0.110412 0.00203681 -0.50547 203.325 -0.000152732 -1.34795e-05 0.000544678 -0.000152263 0.999067 0.0014146 -4.98199e-06 -1.05595e-05 -0.00141458 0.999064 0.0024832 0.00054225 1.00031e-05 -0.00248245 0.998564
1.7 0.000325327 202.559 -0.0348922 -0.00308138 0.110814 -0.0347843 202.369 0.285196 -0.00114634 -0.00241305 -0.28519 202.368 0.568289 0.110259 0.00229105 -0.568118 202.266 -0.000172257 -1.52123e-05 0.000547073 -0.000171725 0.999063 0.00140797 -5.65928e-06 -1.19129e-05 -0.00140794 0.999059 0.00280556 0.000544332 1.13106e-05 -0.00280471 0.998556
1.8 0.000344457 201.441 -0.0388629 -0.00343434 0.110713 -0.0387421 201.251 0.282206 -0.00128649 -0.00268846 -0.282199 201.25 0.634139 0.110094 0.00255865 -0.633949 201.148 -0.000192925 -1.70489e-05 0.000549605 -0.000192325 0.999058 0.00140094 -6.38647e-06 -1.33462e-05 -0.0014009 0.999053 0.00314802 0.000546532 1.27018e-05 -0.00314707 0.998547
1.9 0.000363587 200.265 -0.0430025 -0.00380283 0.110601 -0.0428679 200.075 0.279071 -0.00143492 -0.00297576 -0.279063 200.074 0.703068 0.109916 0.00283927 -0.702857 199.972 -0.000214728 -1.8989e-05 0.000552274 -0.000214056 0.999053 0.00139351 -7.16513e-06 -1.48591e-05 -0.00139347 0.999047 0.00351069 0.00054885 1.41775e-05 -0.00350964 0.998538
2 0.000382716 199.032 -0.0473019 -0.00418612 0.110478 -0.0471528 198.843 0.275796 -0.00159165 -0.00327434 -0.275785 198.841 0.774965 0.109723 0.00313253 -0.774735 198.739 -0.000237659 -2.10324e-05 0.000555078 -0.00023691 0.999048 0.00138568 -7.99696e-06 -1.64513e-05 -0.00138563 0.99904 0.00389367 0.000551285 1.57388e-05 -0.00389251 0.998527
2.1 0.000401843 197.743 -0.0517515 -0.00458346 0.110344 -0.0515872 197.554 0.272384 -0.0017567 -0.00358356 -0.272371 197.552 0.849718 0.109517 0.00343805 -0.849467 197.45 -0.000261711 -2.31789e-05 0.000558015 -0.00026088 0.999042 0.00137746 -8.88377e-06 -1.81223e-05 -0.0013774 0.999032 0.00429709 0.000553834 1.73865e-05 -0.00429581 0.998516
2.2 0.000420969 196.399 -0.0563418 -0.00499404 0.110196 -0.0561615 196.209 0.26884 -0.00193009 -0.00390277 -0.268825 196.207 0.927209 0.109295 0.00375544 -0.926936 196.105 -0.000286874 -2.54281e-05 0.000561084 -0.000285956 0.999036 0.00136885 -9.82743e-06 -1.98716e-05 -0.00136877 0.999024 0.00472105 0.000556497 1.91215e-05 -0.00471966 0.998505
2.3 0.000440094 195.001 -0.0610626 -0.00541705 0.110035 -0.0608656 194.811 0.265169 -0.00211185 -0.00423128 -0.265151 194.809 1.00731 0.109058 0.00408427 -1.00702 194.707 -0.000313141 -2.77797e-05 0.000564282 -0.000312131 0.99903 0.00135984 -1.083e-05 -2.16988e-05 -0.00135974 0.999016 0.0051657 0.000559271 2.09449e-05 -0.00516419 0.998492
2.4 0.000459218 193.549 -0.0659038 -0.00585165 0.10986 -0.0656894 193.36 0.261375 -0.00230197 -0.00456841 -0.261354 193.357 1.08991 0.108805 0.00442412 -1.08959 193.255 -0.000340501 -3.02334e-05 0.000567609 -0.000339394 0.999023 0.00135043 -1.18935e-05 -2.36034e-05 -0.00135032 0.999006 0.00563116 0.000562155 2.28578e-05 -0.00562952 0.998479
2.5 0.00047834 192.046 -0.0708549 -0.00629698 0.109671 -0.0706223 191.857 0.257464 -0.00250047 -0.00491344 -0.257439 191.854 1.17486 0.108534 0.00477454 -1.17452 191.751 -0.000368947 -3.27888e-05 0.000571063 -0.000367736 0.999016 0.00134063 -1.30201e-05 -2.55847e-05 -0.0013405 0.998996 0.00611758 0.000565147 2.48614e-05 -0.00611581 0.998464
2.6 0.000497461 190.493 -0.075905 -0.00675215 0.109465 -0.0756536 190.304 0.25344 -0.00270735 -0.00526563 -0.253411 190.3 1.26204 0.108247 0.00513508 -1.26167 190.197 -0.000398467 -3.54457e-05 0.00057464 -0.000397147 0.999008 0.00133044 -1.42124e-05 -2.76422e-05 -0.00133029 0.998986 0.00662511 0.000568245 2.69568e-05 -0.0066232 0.998449
2.7 0.00051658 188.89 -0.0810434 -0.00721625 0.109243 -0.0807724 188.701 0.249309 -0.0029226 -0.00562424 -0.249275 188.696 1.3513 0.107941 0.00550527 -1.35091 188.594 -0.000429051 -3.82035e-05 0.00057834 -0.000427616 0.999001 0.00131986 -1.54725e-05 -2.97752e-05 -0.00131969 0.998974 0.0071539 0.000571447 2.91454e-05 -0.00715185 0.998432
2.8 0.000535698 187.239 -0.086259 -0.00768836 0.109003 -0.0859677 187.05 0.245076 -0.00314621 -0.0059885 -0.245037 187.044 1.44251 0.107616 0.00588461 -1.4421 186.942 -0.00046069 -4.10618e-05 0.00058216 -0.000459134 0.998993 0.00130889 -1.68032e-05 -3.19832e-05 -0.00130869 0.998962 0.00770411 0.000574751 3.14284e-05 -0.00770192 0.998415
2.9 0.000554814 185.541 -0.0915406 -0.00816754 0.108745 -0.0912283 185.352 0.240746 -0.00337816 -0.00635764 -0.240702 185.345 1.53552 0.107271 0.00627263 -1.53509 185.243 -0.000493372 -4.40202e-05 0.000586097 -0.000491689 0.998984 0.00129754 -1.82071e-05 -3.42655e-05 -0.0012973 0.998948 0.00827592 0.000578155 3.38073e-05 -0.00827359 0.998396
3 0.000573928 183.797 -0.0968769 -0.00865284 0.108468 -0.0965429 183.609 0.236326 -0.00361841 -0.00673086 -0.236276 183.601 1.63019 0.106907 0.0066688 -1.62973 183.499 -0.000527086 -4.70782e-05 0.000590149 -0.000525269 0.998975 0.0012858 -1.9687e-05 -3.66212e-05 -0.00128552 0.998934 0.00886951 0.000581655 3.62835e-05 -0.00886702 0.998376
3.1 0.00059304 182.009 -0.102257 -0.00914329 0.108171 -0.1019 181.821 0.23182 -0.00386694 -0.00710739 -0.231763 181.813 1.72637 0.106521 0.00707261 -1.72589 181.71 -0.000561821 -5.02353e-05 0.000594313 -0.000559862 0.998965 0.00127367 -2.12458e-05 -3.90496e-05 -0.00127336 0.998919 0.00948505 0.000585251 3.88585e-05 -0.00948242 0.998355
3.2 0.000612151 180.179 -0.107668 -0.00963793 0.107853 -0.107289 179.991 0.227235 -0.00412368 -0.0074864 -0.227171 179.981 1.82391 0.106114 0.00748355 -1.8234 179.878 -0.000597564 -5.34909e-05 0.000598588 -0.000595457 0.998956 0.00126116 -2.28866e-05 -4.15498e-05 -0.00126081 0.998902 0.0101228 0.000588939 4.1534e-05 -0.01012 0.998333
3.3 0.00063126 178.307 -0.113101 -0.0101358 0.107514 -0.112697 178.119 0.222576 -0.00438858 -0.0078671 -0.222504 178.108 1.92265 0.105685 0.00790106 -1.92212 178.005 -0.000634303 -5.68445e-05 0.000602969 -0.000632041 0.998945 0.00124828 -2.46125e-05 -4.41211e-05 -0.00124787 0.998885 0.0107828 0.000592716 4.43116e-05 -0.0107799 0.998309
3.4 0.000650367 176.395 -0.118542 -0.0106358 0.107152 -0.118114 176.207 0.217849 -0.00466157 -0.00824866 -0.217768 176.195 2.02244 0.105234 0.00832461 -2.0219 176.092 -0.000672027 -6.02954e-05 0.000607455 -0.000669601 0.998935 0.00123501 -2.64269e-05 -4.67625e-05 -0.00123455 0.998866 0.0114654 0.00059658 4.7193e-05 -0.0114623 0.998284
3.5 0.000669472 174.444 -0.123981 -0.011137 0.106767 -0.123528 174.257 0.213061 -0.00494257 -0.00863028 -0.21297 174.243 2.12313 0.104759 0.00875365 -2.12257 174.14 -0.000710722 -6.38429e-05 0.000612041 -0.000708125 0.998923 0.00122137 -2.83332e-05 -4.94729e-05 -0.00122085 0.998846 0.0121708 0.000600528 5.01802e-05 -0.0121676 0.998257
3.6 0.000688575 172.457 -0.129407 -0.0116385 0.106358 -0.128928 172.269 0.208216 -0.00523148 -0.00901112 -0.208116 172.254 2.22457 0.10426 0.00918762 -2.22397 172.152 -0.000750374 -6.74865e-05 0.000616725 -0.000747598 0.998912 0.00120735 -3.0335e-05 -5.22514e-05 -0.00120677 0.998825 0.0128992 0.000604556 5.32748e-05 -0.0128958 0.998229
3.7 0.000707676 170.434 -0.134808 -0.0121392 0.105925 -0.134303 170.246 0.203321 -0.0055282 -0.00939039 -0.20321 170.23 2.32658 0.103736 0.00962595 -2.32597 170.127 -0.000790972 -7.12252e-05 0.000621503 -0.000788007 0.998899 0.00119296 -3.2436e-05 -5.5097e-05 -0.00119231 0.998802 0.0136509 0.000608661 5.64791e-05 -0.0136473 0.998199
3.8 0.000726775 168.377 -0.140174 -0.0126381 0.105467 -0.139641 168.189 0.198383 -0.0058326 -0.00976726 -0.198261 168.171 2.42901 0.103188 0.0100681 -2.42838 168.068 -0.000832501 -7.50584e-05 0.000626372 -0.000829339 0.998887 0.00117821 -3.46402e-05 -5.80083e-05 -0.00117748 0.998778 0.0144261 0.00061284 5.97949e-05 -0.0144223 0.998167
3.9 0.000745871 166.287 -0.145493 -0.0131342 0.104982 -0.144932 166.1 0.193407 -0.00614455 -0.0101409 -0.193272 166.08 2.53171 0.102614 0.0105134 -2.53106 165.977 -0.000874948 -7.89853e-05 0.000631328 -0.000871578 0.998873 0.00116309 -3.69514e-05 -6.09843e-05 -0.00116228 0.998752 0.015225 0.00061709 6.32244e-05 -0.015221 0.998134
4 0.000764965 164.167 -0.150754 -0.0136266 0.10447 -0.150165 163.979 0.188399 -0.00646391 -0.0105106 -0.188251 163.957 2.63452 0.102014 0.0109614 -2.63385 163.854 -0.000918299 -8.30048e-05 0.000636367 -0.000914712 0.998859 0.00114761 -3.93741e-05 -6.40237e-05 -0.00114671 0.998725 0.0160479 0.000621406 6.67699e-05 -0.0160438 0.998098
4.1 0.000784057 162.017 -0.155948 -0.0141143 0.103931 -0.15533 161.83 0.183366 -0.00679051 -0.0108754 -0.183203 161.805 2.73728 0.101388 0.0114114 -2.73659 161.703 -0.00096254 -8.71162e-05 0.000641486 -0.000958726 0.998845 0.00113177 -4.19124e-05 -6.7125e-05 -0.00113077 0.998696 0.016895 0.000625785 7.04337e-05 -0.0168908 0.998061
4.2 0.000803147 159.839 -0.161063 -0.0145962 0.103365 -0.160415 159.652 0.178313 -0.00712417 -0.0112346 -0.178135 159.626 2.83982 0.100734 0.011863 -2.83912 159.523 -0.00100766 -9.13183e-05 0.000646679 -0.0010036 0.99883 0.00111558 -4.45709e-05 -7.0287e-05 -0.00111447 0.998665 0.0177668 0.000630223 7.42182e-05 -0.0177624 0.998021
4.3 0.000822234 157.635 -0.16609 -0.0150715 0.102769 -0.165412 157.448 0.173246 -0.0074647 -0.0115874 -0.173053 157.419 2.942 0.100053 0.0123154 -2.94128 157.316 -0.00105363 -9.56101e-05 0.000651943 -0.00104933 0.998814 0.00109903 -4.73543e-05 -7.3508e-05 -0.00109781 0.998632 0.0186633 0.000634716 7.81258e-05 -0.0186588 0.997979
4.4 0.000841318 155.407 -0.171018 -0.0155392 0.102145 -0.17031 155.22 0.168172 -0.00781189 -0.0119331 -0.167962 155.189 3.04365 0.099345 0.0127681 -3.04292 155.086 -0.00110046 -9.99906e-05 0.000657273 -0.0010959 0.998798 0.00108214 -5.02674e-05 -7.67865e-05 -0.00108079 0.998597 0.0195851 0.000639258 8.21593e-05 -0.0195804 0.997934
4.5 0.0008604 153.155 -0.17584 -0.0159983 0.10149 -0.175099 152.968 0.163097 -0.00816552 -0.0122709 -0.162869 152.934 3.14462 0.0986084 0.0132205 -3.14388 152.832 -0.00114812 -0.000104458 0.000662664 -0.00114328 0.998781 0.00106491 -5.33154e-05 -8.01208e-05 -0.00106343 0.99856 0.0205323 0.000643847 8.63212e-05 -0.0205274 0.997888
4.6 0.00087948 150.882 -0.180544 -0.016448 0.100806 -0.179772 150.695 0.158026 -0.00852535 -0.0126 -0.15778 150.659 3.24476 0.0978434 0.0136721 -3.244 150.556 -0.00119659 -0.000109012 0.000668112 -0.00119147 0.998763 0.00104735 -5.65034e-05 -8.35092e-05 -0.00104572 0.99852 0.0215053 0.000648476 9.06145e-05 -0.0215002 0.997838
4.7 0.000898556 148.589 -0.185123 -0.0168874 0.100091 -0.184318 148.403 0.152965 -0.00889112 -0.0129198 -0.1527 148.363 3.34391 0.0970498 0.0141222 -3.34314 148.26 -0.00124587 -0.000113651 0.000673611 -0.00124045 0.998745 0.00102945 -5.98368e-05 -8.69498e-05 -0.00102766 0.998479 0.0225043 0.000653141 9.5042e-05 -0.0224992 0.997786
4.8 0.00091763 146.279 -0.189569 -0.0173155 0.0993459 -0.18873 146.092 0.147921 -0.00926255 -0.0132295 -0.147635 146.05 3.44192 0.0962274 0.0145703 -3.44114 145.947 -0.00129594 -0.000118373 0.000679155 -0.00129021 0.998726 0.00101123 -6.33213e-05 -9.04406e-05 -0.00100927 0.998435 0.0235299 0.000657837 9.96068e-05 -0.0235246 0.997731
4.9 0.000936701 143.951 -0.193872 -0.0177315 0.0985691 -0.193 143.765 0.142899 -0.00963936 -0.0135285 -0.142591 143.719 3.53864 0.095376 0.0150158 -3.53786 143.616 -0.00134679 -0.000123177 0.00068474 -0.00134073 0.998706 0.000992688 -6.69627e-05 -9.39795e-05 -0.000990548 0.998388 0.0245823 0.000662558 0.000104312 -0.0245768 0.997673
5 0.00095577 141.609 -0.198026 -0.0181347 0.0977609 -0.197119 141.423 0.137904 -0.0100212 -0.013816 -0.137573 141.374 3.63394 0.0944955 0.0154582 -3.63315 141.271 -0.0013984 -0.000128062 0.000690359 -0.001392 0.998685 0.000973836 -7.0767e-05 -9.75644e-05 -0.000971501 0.998338 0.0256618 0.000667299 0.000109161 -0.0256562 0.997611
5.1 0.000974835 139.253 -0.202023 -0.0185241 0.0969211 -0.201082 139.067 0.132942 -0.0104079 -0.0140914 -0.132588 139.015 3.72765 0.0935857 0.0158967 -3.72686 138.912 -0.00145076 -0.000133024 0.000696006 -0.001444 0.998663 0.000954679 -7.47406e-05 -0.000101193 -0.000952135 0.998286 0.0267689 0.000672054 0.000114157 -0.0267632 0.997547
5.2 0.000993897 136.886 -0.205856 -0.018899 0.0960494 -0.20488 136.7 0.128019 -0.0107989 -0.0143542 -0.12764 136.644 3.81965 0.0926467 0.016331 -3.81886 136.541 -0.00150385 -0.000138064 0.000701674 -0.00149672 0.99864 0.000935224 -7.88898e-05 -0.000104862 -0.000932456 0.99823 0.0279039 0.000676816 0.000119304 -0.0278981 0.997479
5.3 0.00101296 134.509 -0.20952 -0.0192587 0.0951457 -0.208508 134.323 0.12314 -0.011194 -0.0146037 -0.122736 134.263 3.9098 0.0916784 0.0167604 -3.90901 134.16 -0.00155767 -0.000143178 0.000707358 -0.00155015 0.998617 0.000915482 -8.32214e-05 -0.000108571 -0.000912474 0.998171 0.0290673 0.00068158 0.000124605 -0.0290614 0.997407
5.4 0.00103201 132.123 -0.213009 -0.0196024 0.0942101 -0.21196 131.937 0.11831 -0.0115928 -0.0148393 -0.117879 131.873 3.99796 0.090681 0.0171844 -3.99716 131.77 -0.0016122 -0.000148365 0.00071305 -0.00160427 0.998593 0.000895459 -8.77424e-05 -0.000112315 -0.000892194 0.998109 0.0302594 0.000686339 0.000130064 -0.0302534 0.997331
5.5 0.00105107 129.73 -0.216317 -0.0199295 0.0932425 -0.215231 129.544 0.113535 -0.0119948 -0.0150606 -0.113076 129.476 4.08399 0.0896546 0.0176024 -4.0832 129.374 -0.00166744 -0.000153623 0.000718742 -0.00165907 0.998567 0.000875165 -9.24599e-05 -0.000116092 -0.000871627 0.998043 0.0314807 0.000691085 0.000135685 -0.0314746 0.997252
5.6 0.00107012 127.332 -0.219439 -0.0202392 0.0922429 -0.218317 127.146 0.108819 -0.0123998 -0.0152669 -0.108332 127.074 4.16778 0.0885993 0.018014 -4.167 126.971 -0.00172336 -0.000158948 0.000724428 -0.00171454 0.998541 0.000854611 -9.73814e-05 -0.000119898 -0.000850781 0.997974 0.0327316 0.000695812 0.000141472 -0.0327254 0.997168
5.7 0.00108916 124.93 -0.222371 -0.020531 0.0912115 -0.221211 124.745 0.104168 -0.0128072 -0.0154579 -0.10365 124.668 4.2492 0.0875153 0.0184185 -4.24842 124.565 -0.00177996 -0.00016434 0.000730099 -0.00177068 0.998513 0.000833808 -0.000102515 -0.000123732 -0.000829665 0.9979 0.0340125 0.000700512 0.00014743 -0.0340063 0.997079
5.8 0.00110821 122.526 -0.22511 -0.0208043 0.0901485 -0.223913 122.341 0.0995854 -0.0132167 -0.015633 -0.0990371 122.26 4.32812 0.0864029 0.0188155 -4.32736 122.157 -0.00183724 -0.000169794 0.000735747 -0.00182746 0.998484 0.000812767 -0.000107868 -0.000127588 -0.000808291 0.997823 0.035324 0.000705178 0.000153563 -0.0353177 0.996986
5.9 0.00112725 120.122 -0.227652 -0.0210585 0.0890541 -0.226416 119.936 0.0950766 -0.0136277 -0.0157918 -0.0944964 119.851 4.40444 0.0852626 0.0192045 -4.40369 119.748 -0.00189518 -0.000175309 0.000741364 -0.00188489 0.998454 0.0007915 -0.000113449 -0.000131464 -0.000786671 0.997741 0.0366664 0.0007098 0.000159875 -0.0366601 0.996888
6 0.00172656 117.718 -0.229995 -0.0212931 0.0879286 -0.228721 117.533 0.0906457 -0.0140399 -0.0159339 -0.0900328 117.442 4.47804 0.0840945 0.019585 -4.4773 117.34 -0.00195378 -0.000180882 0.00074694 -0.00194295 0.998423 0.000770022 -0.000119267 -0.000135356 -0.000764815 0.997654 0.0380403 0.00071437 0.000166372 -0.038034 0.996785
6.2 0.00236869 112.92 -0.234075 -0.0217015 0.0855857 -0.232723 112.734 0.0820349 -0.0148657 -0.0161668 -0.0813535 112.634 4.61667 0.0816773 0.0203184 -4.61596 112.532 -0.00207293 -0.000192185 0.000757934 -0.00206096 0.998357 0.000726488 -0.000131648 -0.00014317 -0.000720454 0.997467 0.0408845 0.000723321 0.000179937 -0.0408782 0.996562
6.4 0.00244479 108.143 -0.237341 -0.0220263 0.0831236 -0.235909 107.957 0.0737851 -0.0156901 -0.016329 -0.0730314 107.846 4.74321 0.0791554 0.0210122 -4.74254 107.744 -0.0021947 -0.000203678 0.000768647 -0.00218146 0.998285 0.000682294 -0.000145087 -0.000150995 -0.000675324 0.997258 0.0438607 0.000731953 0.000194301 -0.0438545 0.996315
6.6 0.00252085 103.399 -0.23979 -0.0222646 0.0805469 -0.238278 103.213 0.0659255 -0.0165089 -0.0164187 -0.0650959 103.091 4.85694 0.0765339 0.0216629 -4.85633 102.989 -0.00231909 -0.000215328 0.000778994 -0.00230446 0.998206 0.000637587 -0.000159663 -0.00015879 -0.000629563 0.997026 0.046973 0.000740183 0.000209508 -0.0469671 0.996042
6.8 0.00259689 98.6984 -0.241432 -0.0224143 0.0778611 -0.23984 98.513 0.0584823 -0.0173179 -0.0164344 -0.0575734 98.3794 4.95723 0.0738187 0.0222671 -4.95668 98.278 -0.00244616 -0.000227099 0.000788879 -0.00243002 0.998121 0.000592535 -0.000175463 -0.000166511 -0.000583327 0.996767 0.0502261 0.000747922 0.000225608 -0.0502204 0.99574
7 0.00267289 94.053 -0.242284 -0.022474 0.0750728 -0.24061 93.8675 0.0514786 -0.0181126 -0.0163752 -0.0504872 93.7219 5.04353 0.0710166 0.0228221 -5.04305 93.6209 -0.00257604 -0.000238951 0.000798197 -0.00255824 0.998028 0.000547336 -0.000192578 -0.000174106 -0.000536796 0.99648 0.0536244 0.000755071 0.000242651 -0.0536192 0.995406
7.2 0.00274886 89.4725 -0.242372 -0.0224429 0.0721896 -0.240617 89.287 0.0449343 -0.0188883 -0.016241 -0.0438576 89.129 5.11538 0.0681352 0.023325 -5.11497 89.0283 -0.0027089 -0.000250836 0.000806836 -0.00268928 0.997927 0.000502213 -0.000211108 -0.000181519 -0.00049018 0.996162 0.0571727 0.000761521 0.000260695 -0.0571681 0.995036
7.4 0.0028248 84.9666 -0.24173 -0.022321 0.0692198 -0.239893 84.7811 0.038866 -0.0196406 -0.0160319 -0.0377015 84.6103 5.1724 0.0651827 0.0237735 -5.17208 84.51 -0.002845 -0.000262703 0.000814671 -0.00282339 0.997817 0.000457427 -0.000231157 -0.000188685 -0.000443722 0.995808 0.0608757 0.000767158 0.000279799 -0.060872 0.994627
7.6 0.00290071 80.5445 -0.240402 -0.0221087 0.0661727 -0.238484 80.359 0.033287 -0.0203646 -0.0157489 -0.0320326 80.1752 5.21432 0.0621684 0.0241655 -5.2141 80.0753 -0.00298471 -0.00027449 0.000821567 -0.0029609 0.997697 0.000413275 -0.000252837 -0.000195531 -0.0003977 0.995415 0.0647384 0.000771851 0.000300026 -0.0647356 0.994175
7.8 0.00297657 76.215 -0.238438 -0.0218073 0.0630584 -0.236439 76.0294 0.0282073 -0.0210558 -0.0153934 -0.0268611 75.8323 5.24096 0.0591019 0.0244991 -5.24084 75.7328 -0.00312849 -0.000286129 0.000827375 -0.00310227 0.997566 0.000370102 -0.000276268 -0.000201974 -0.000352439 0.994979 0.0687655 0.000775463 0.000321447 -0.0687639 0.993674
8 0.00305241 71.986 -0.235896 -0.0214187 0.0598876 -0.233817 71.8004 0.0236335 -0.0217093 -0.0149673 -0.0221942 71.5897 5.25221 0.0559936 0.0247729 -5.2522 71.4908 -0.00327697 -0.00029754 0.000831934 -0.00324809 0.997422 0.000328307 -0.000301577 -0.00020792 -0.000308313 0.994495 0.0729616 0.000777841 0.000344135 -0.0729615 0.993121
8.2 0.0031282 67.8651 -0.232841 -0.0209454 0.0566718 -0.230683 67.6795 0.0195689 -0.0223208 -0.0144731 -0.0180356 67.455 5.24808 0.0528546 0.0249856 -5.24819 67.3567 -0.00343094 -0.000308634 0.000835065 -0.00339915 0.997265 0.00028835 -0.000328899 -0.000213262 -0.000265757 0.993958 0.0773311 0.000778819 0.000368166 -0.0773328 0.992508
8.4 0.00320396 63.8592 -0.229344 -0.0203906 0.053423 -0.227108 63.6735 0.0160134 -0.0228855 -0.0139137 -0.0143857 63.4353 5.22866 0.0496963 0.0251366 -5.2289 63.3375 -0.0035914 -0.000319305 0.000836576 -0.00355639 0.997092 0.000250762 -0.000358375 -0.000217881 -0.000225272 0.993362 0.081878 0.000778217 0.000393625 -0.0818817 0.991831
8.6 0.00327968 59.9745 -0.22548 -0.0197578 0.0501539 -0.223169 59.7887 0.0129638 -0.0233994 -0.0132926 -0.0112417 59.5367 5.19412 0.0465305 0.0252252 -5.19449 59.4395 -0.00375961 -0.000329436 0.000836254 -0.00372107 0.996903 0.000216155 -0.000390155 -0.000221638 -0.000187442 0.992701 0.0866055 0.000775839 0.000420599 -0.0866117 0.991081
8.8 0.00335535 56.2167 -0.221332 -0.0190513 0.0468774 -0.218947 56.0309 0.0104137 -0.0238581 -0.0126138 -0.00859783 55.7651 5.14473 0.0433695 0.0252513 -5.14524 55.6686 -0.00393712 -0.00033889 0.00083387 -0.00389469 0.996695 0.000185242 -0.000424395 -0.000224378 -0.000152941 0.991967 0.091516 0.00077147 0.000449178 -0.0915252 0.99025
9 0.00343099 52.5908 -0.216983 -0.0182758 0.0436069 -0.214526 52.4049 0.00835364 -0.0242578 -0.0118814 -0.00644514 52.1255 5.08083 0.0402257 0.0252151 -5.08149 52.0296 -0.00412588 -0.00034751 0.000829173 -0.00407916 0.996466 0.000158842 -0.000461255 -0.000225922 -0.000122553 0.991153 0.0966107 0.000764882 0.000479459 -0.0966233 0.98933
9.2 0.00350659 49.1011 -0.212522 -0.0174365 0.0403558 -0.209995 48.9152 0.00677132 -0.0245948 -0.0111002 -0.00477183 48.6223 5.00286 0.0371118 0.025117 -5.00368 48.5272 -0.00432825 -0.000355115 0.000821891 -0.00427679 0.996214 0.000137906 -0.0005009 -0.000226069 -9.71838e-05 0.990249 0.101889 0.000755823 0.000511537 -0.101906 0.988311
9.4 0.00358214 45.7515 -0.208038 -0.0165391 0.0371378 -0.205445 45.5655 0.00565164 -0.0248657 -0.0102752 -0.00356337 45.2594 4.91132 0.0340403 0.024958 -4.91229 45.165 -0.00454714 -0.000361499 0.000811729 -0.00449045 0.995936 0.000123529 -0.000543496 -0.000224588 -7.78853e-05 0.989245 0.107348 0.000744027 0.000545512 -0.107369 0.987181
9.6 0.00365765 42.5449 -0.203623 -0.0155895 0.0339667 -0.200966 42.3589 0.00497688 -0.0250676 -0.00941168 -0.00280257 42.0399 4.80679 0.031024 0.024739 -4.80792 41.9462 -0.00478608 -0.000366425 0.000798373 -0.00472362 0.995629 0.000116979 -0.000589204 -0.000221218 -6.58734e-05 0.98813 0.112982 0.000729207 0.000581481 -0.113008 0.985929
9.8 0.00373311 39.4838 -0.199368 -0.014594 0.030856 -0.196651 39.2979 0.00472692 -0.0251978 -0.00851518 -0.00246987 38.9663 4.68991 0.0280754 0.0244616 -4.69121 38.8734 -0.00504936 -0.000369619 0.000781486 -0.00498053 0.99529 0.000119718 -0.00063818 -0.000215663 -6.2554e-05 0.986892 0.118781 0.00071106 0.000619536 -0.118813 0.98454
10 0.00380853 36.5701 -0.195364 -0.0135591 0.0278193 -0.19259 36.3842 0.00487939 -0.025254 -0.00759148 -0.00254342 36.0405 4.56139 0.0252068 0.0241276 -4.56285 35.9485 -0.00534217 -0.000370769 0.00076071 -0.00526631 0.994915 0.000133425 -0.000690564 -0.000207587 -6.95491e-05 0.985518 0.12473 0.000689271 0.000659762 -0.12477 0.983
10.2 0.0038839 33.8051 -0.1917 -0.0124917 0.0248696 -0.188874 33.6191 0.00540988 -0.0252345 -0.00664649 -0.00299934 33.2639 4.42199 0.0224301 0.0237389 -4.42362 33.1727 -0.00567075 -0.000369521 0.000735677 -0.00558713 0.9945 0.000160032 -0.000746471 -0.000196612 -8.87246e-05 0.983992 0.130808 0.000663513 0.000702228 -0.130857 0.981293
10.4 0.00395923 31.1893 -0.188464 -0.0113987 0.0220198 -0.185589 31.0034 0.00629218 -0.0251379 -0.00568624 -0.00381191 30.6371 4.27253 0.0197571 0.0232979 -4.27433 30.5468 -0.0060426 -0.000365468 0.000706005 -0.00595042 0.99404 0.000201742 -0.000805978 -0.000182314 -0.000122219 0.982297 0.136987 0.000633457 0.000746984 -0.137045 0.9794
10.6 0.0040345 28.7227 -0.18574 -0.0102871 0.019282 -0.18282 28.5369 0.00749846 -0.0249632 -0.00471682 -0.00495377 28.1603 4.11386 0.0171987 0.0228071 -4.11583 28.0708 -0.00646665 -0.000358152 0.000671316 -0.00636501 0.99353 0.000261064 -0.00086911 -0.000164219 -0.000172469 0.980418 0.143227 0.000598783 0.000794044 -0.143295 0.977303
10.8 0.00410973 26.4049 -0.183606 -0.00916409 0.0166681 -0.180647 26.2192 0.00899951 -0.0247101 -0.00374435 -0.00639618 25.8329 3.94689 0.0147655 0.0222694 -3.94902 25.7443 -0.00695348 -0.00034706 0.000631248 -0.00684142 0.992964 0.000340827 -0.000935813 -0.000141805 -0.000242234 0.978336 0.149476 0.000559193 0.000843379 -0.149556 0.974981
11 0.00418491 24.2349 -0.182138 -0.00803673 0.0141889 -0.179145 24.0492 0.010765 -0.0243787 -0.0027749 -0.00810922 23.654 3.77254 0.0124673 0.0216878 -3.77483 23.5663 -0.00751555 -0.000331618 0.000585475 -0.00739203 0.992338 0.000444195 -0.00100593 -0.0001145 -0.00033461 0.976031 0.155666 0.000514435 0.000894899 -0.15576 0.972413
11.2 0.00426003 22.211 -0.181405 -0.00691206 0.0118548 -0.178382 22.0254 0.0127637 -0.0239696 -0.00181448 -0.010062 21.6221 3.59177 0.0103132 0.0210655 -3.59422 21.5353 -0.00816737 -0.0003112 0.000533738 -0.00803127 0.991646 0.000574657 -0.00107918 -8.16928e-05 -0.000453021 0.973486 0.161712 0.00046433 0.000948428 -0.161822 0.969579
11.4 0.00433511 20.3312 -0.181469 -0.005797 0.00967522 -0.178422 20.1457 0.0149637 -0.0234839 -0.000868964 -0.0122231 19.7351 3.40555 0.00831154 0.020406 -3.40816 19.6492 -0.00892567 -0.000285129 0.000475882 -0.0087758 0.99088 0.000735998 -0.00115507 -4.27405e-05 -0.000601198 0.970681 0.167504 0.000408808 0.00100368 -0.167633 0.966459
11.6 0.00441013 18.5929 -0.182386 -0.00469832 0.00765853 -0.17932 18.4077 0.0173327 -0.0229233 5.59207e-05 -0.0145603 17.9905 3.21488 0.00646964 0.0197129 -3.21764 17.9056 -0.00980942 -0.000252694 0.000411906 -0.00964454 0.990037 0.000932219 -0.00123291 3.00764e-06 -0.000783109 0.967602 0.172909 0.000347963 0.00106024 -0.173057 0.963035
11.8 0.0044851 16.9932 -0.184202 -0.00362255 0.00581225 -0.181123 16.8082 0.0198381 -0.02229 0.00095467 -0.0170414 16.3855 3.02074 0.00479395 0.01899 -3.02364 16.3015 -0.0108397 -0.000213176 0.000342033 -0.0106586 0.98911 0.00116741 -0.0013117 5.61794e-05 -0.00100283 0.964236 0.177761 0.000282109 0.0011175 -0.177932 0.959295
12 0.0139046 15.5288 -0.186958 -0.00257598 0.0041428 -0.183872 15.344 0.0224475 -0.0215867 0.00182202 -0.0196342 14.9167 2.82413 0.00328991 0.018241 -2.82717 14.8336 -0.0120394 -0.000165884 0.000266782 -0.0118407 0.988097 0.00144554 -0.00139011 0.000117332 -0.00126437 0.960579 0.181864 0.000211858 0.00117465 -0.18206 0.955233
13 0.0246683 10.0923 -0.215569 0.002023 -0.00140663 -0.212538 9.90888 0.0359502 -0.0171467 0.00552539 -0.0331712 9.47289 1.83801 -0.00154098 0.0142462 -1.84164 9.39448 -0.0213597 0.00020045 -0.000139376 -0.0210594 0.981822 0.00356213 -0.00169898 0.000547484 -0.00328677 0.938622 0.18212 -0.000152688 0.00141158 -0.182479 0.930853
14 0.0265294 7.35108 -0.268195 0.00517108 -0.00224368 -0.265372 7.1694 0.0475859 -0.0116137 0.00785329 -0.0450291 6.74863 0.928798 -0.00190039 0.0102061 -0.932758 6.67449 -0.0364838 0.000703445 -0.000305217 -0.0360997 0.975284 0.00647332 -0.00157987 0.00106832 -0.00612551 0.918046 0.126348 -0.000258518 0.00138837 -0.126887 0.907959
15 0.0283823 6.61535 -0.339113 0.00658418 0.00110333 -0.336635 6.4355 0.054539 -0.00573911 0.00859093 -0.0523516 6.05079 0.187591 0.0016412 0.00659355 -0.191592 5.98024 -0.0512615 0.000995288 0.000166784 -0.050887 0.972813 0.00824431 -0.000867545 0.00129864 -0.00791366 0.91466 0.0283569 0.00024809 0.000996705 -0.0289618 0.903994
16 0.0302266 7.17602 -0.417516 0.00631201 0.00745929 -0.41549 6.99766 0.0552347 -0.000333316 0.0078096 -0.0534933 6.66388 -0.328694 0.00791526 0.00378525 0.324935 6.59601 -0.0581821 0.000879597 0.00103947 -0.0578997 0.975145 0.00769712 -4.64486e-05 0.00108829 -0.00745446 0.928631 -0.0458045 0.00110301 0.000527485 0.0452806 0.919173
17 0.0320617 8.38534 -0.489471 0.00469994 0.0152224 -0.487953 8.20773 0.0494534 0.00388712 0.00582988 -0.048148 7.93203 -0.601406 0.0153663 0.00201237 0.598122 7.8658 -0.0583723 0.000560495 0.00181536 -0.0581912 0.978819 0.00589761 0.000463561 0.000695247 -0.00574193 0.945941 -0.0717211 0.00183253 0.000239987 0.0713296 0.938043
18 0.0338871 9.71482 -0.540556 0.00229645 0.0226604 -0.539539 9.5369 0.0381984 0.00643517 0.00314085 -0.0372351 9.31849 -0.6477 0.0223334 0.00133634 0.645047 9.25284 -0.0556424 0.000236386 0.00233256 -0.0555377 0.981686 0.00393197 0.000662408 0.000323305 -0.00383281 0.959204 -0.0666713 0.0022989 0.000137557 0.0663983 0.952446
19 0.0357021 10.787 -0.558618 -0.00027141 0.0282209 -0.558033 10.6076 0.0233677 0.0071408 0.000295215 -0.0225912 10.4388 -0.512825 0.0273442 0.00165145 0.51086 10.3727 -0.0517862 -2.51608e-05 0.00261619 -0.0517319 0.983368 0.00216628 0.000661981 2.73676e-05 -0.00209429 0.967716 -0.047541 0.00253492 0.000153096 0.0473588 0.961593
20 0.0375062 11.382 -0.536116 -0.00242701 0.0307949 -0.535832 11.2 0.0073128 0.00617128 -0.00219692 -0.00654364 11.0682 -0.259148 0.0293647 0.00271308 0.257833 11.001 -0.0471021 -0.000213233 0.00270558 -0.0470771 0.984008 0.000642488 0.000542196 -0.000193017 -0.000574911 0.97243 -0.0227682 0.00257992 0.000238366 0.0226527 0.966525
21 0.0392989 11.4229 -0.471588 -0.0037515 0.029884 -0.471432 11.2374 -0.00762496 0.00398114 -0.00395461 0.0085456 11.128 0.0457963 0.0279577 0.00418551 -0.0465769 11.0591 -0.0412845 -0.000328419 0.00261615 -0.0412709 0.983763 -0.000667516 0.000348523 -0.000346201 0.000748113 0.974184 0.00400918 0.00244752 0.000366415 -0.00407751 0.968157
22 0.0410797 10.9466 -0.370002 -0.00404976 0.0256447 -0.369784 10.7573 -0.0195137 0.00120471 -0.00477852 0.0206835 10.6559 0.340118 0.0233234 0.00570063 -0.340529 10.5853 -0.0338007 -0.000369956 0.00234271 -0.0337807 0.982706 -0.00178263 0.000110053 -0.00043653 0.00188949 0.973443 0.0310707 0.00213065 0.000520767 -0.0311082 0.966994
23 0.0428479 10.0672 -0.241968 -0.00336559 0.0188093 -0.241507 9.87419 -0.0271051 -0.0014832 -0.00466298 0.028534 9.76897 0.575682 0.0162224 0.00691775 -0.575903 9.69686 -0.0240352 -0.000334312 0.00186838 -0.0239895 0.980826 -0.00269241 -0.00014733 -0.000463185 0.00283435 0.970374 0.0571838 0.00161141 0.000687156 -0.0572058 0.963212
24 0.0446031 8.93826 -0.102003 -0.00194752 0.0105094 -0.101162 8.74212 -0.0299517 -0.00350662 -0.00377044 0.0315567 8.62495 0.72266 0.00780221 0.00757507 -0.722859 8.55193 -0.0114119 -0.000217886 0.00117578 -0.0113178 0.978056 -0.00335096 -0.000392316 -0.000421832 0.00353052 0.964948 0.0808502 0.0008729 0.000847489 -0.0808725 0.956779
25 0.0463447 7.71938 0.0337884 -0.000176858 0.0020411 0.0350831 7.52111 -0.0283702 -0.00449751 -0.00237807 0.0299938 7.38805 0.77045 -0.00063268 0.00752539 -0.77076 7.31496 0.00437708 -2.29109e-05 0.000264413 0.00454481 0.974315 -0.00367519 -0.000582625 -0.000308065 0.00388552 0.957078 0.0998073 -8.19599e-05 0.00097487 -0.0998474 0.94761
26 0.0480722 6.55094 0.150188 0.00152394 -0.00537564 0.15193 6.35171 -0.0232796 -0.00435272 -0.000810413 0.0247281 6.20259 0.725499 -0.00785971 0.0067517 -0.726008 6.13043 0.0229262 0.000232629 -0.000820591 0.023192 0.969588 -0.00355363 -0.000664442 -0.000123709 0.00377473 0.946824 0.110747 -0.00119978 0.00103065 -0.110825 0.935808
27 0.049785 5.53786 0.235068 0.00278237 -0.0108002 0.237167 5.33883 -0.0159635 -0.0032302 0.000627242 0.0170563 5.17638 0.606989 -0.0129415 0.00536147 -0.607742 5.10616 0.0424474 0.000502427 -0.00195025 0.0428265 0.96406 -0.00288262 -0.000583294 0.000113264 0.00307994 0.934726 0.109607 -0.00233691 0.000968148 -0.109743 0.922046
28 0.0514827 4.74266 0.280975 0.00334802 -0.0137024 0.283274 4.5448 -0.00780896 -0.0014896 0.00170243 0.00842763 4.37355 0.441511 -0.0153591 0.00356194 -0.44252 4.30617 0.0592441 0.000705938 -0.00288918 0.0597289 0.958281 -0.00164654 -0.000314085 0.000358961 0.00177698 0.922172 0.0930935 -0.0032385 0.000751044 -0.0933063 0.907966
29 0.0531646 4.18635 0.285902 0.00313328 -0.0140058 0.288197 3.99032 -7.26238e-05 0.000405229 0.00228797 0.000197457 3.81549 0.257748 -0.0150586 0.00162132 -0.259003 3.75161 0.0682938 0.000748452 -0.00334558 0.0688419 0.953172 -1.73477e-05 9.67976e-05 0.00054653 4.71669e-05 0.911412 0.0615687 -0.00359706 0.000387286 -0.0618684 0.896153
30 0.0548304 3.85491 0.253187 0.00221732 -0.0120462 0.255261 3.66097 0.0062909 0.00199747 0.00237044 -0.00656596 3.48765 0.0819867 -0.012411 -0.000177574 -0.083468 3.4276 0.0656792 0.000575194 -0.0031249 0.0662169 0.94969 0.00163192 0.000518163 0.000614913 -0.00170327 0.904729 0.0212681 -0.00321953 -4.60644e-05 -0.0216524 0.889152
31 0.0564795 3.70905 0.190641 0.000816157 -0.00846403 0.192296 3.51713 0.0107199 0.00293692 0.00203644 -0.0111974 3.34967 -0.0650837 -0.00810393 -0.00158352 0.0633966 3.29342 0.051399 0.000220045 -0.002282 0.0518452 0.948258 0.00289021 0.000791827 0.000549046 -0.00301894 0.903107 -0.0175473 -0.00218491 -0.000426935 0.0170924 0.887941
32 0.0581114 3.6951 0.109106 -0.00077201 -0.00405766 0.110198 3.50488 0.0130552 0.00304717 0.00144222 -0.0134675 3.3466 -0.170108 -0.00299098 -0.00241611 0.168235 3.29378 0.0295273 -0.000208928 -0.00109812 0.0298228 0.94852 0.00353312 0.000824651 0.000390307 -0.00364469 0.905686 -0.0460361 -0.000809444 -0.000653869 0.0455293 0.891391
33 0.0597256 3.75531 0.0207221 -0.00223303 0.000369113 0.0211787 3.5663 0.0134823 0.00234885 0.000774149 -0.0135406 3.41945 -0.227454 0.00206813 -0.002592 0.225417 3.36942 0.00551807 -0.000594632 9.82909e-05 0.00563965 0.949668 0.0035902 0.000625473 0.000206148 -0.00360572 0.910562 -0.0605686 0.000550722 -0.000690222 0.0600263 0.89724
34 0.0613216 3.83624 -0.0628213 -0.00330038 0.00413905 -0.0629902 3.64793 0.0124294 0.00103808 0.000208001 -0.0118775 3.51363 -0.238512 0.00634796 -0.0021346 0.236339 3.46561 -0.0163758 -0.000860317 0.00107893 -0.0164198 0.950913 0.00324 0.0002706 5.42202e-05 -0.00309613 0.915905 -0.0621733 0.00165474 -0.000556431 0.0616069 0.903387
35 0.0628989 3.89468 -0.131785 -0.0038038 0.00679227 -0.132493 3.70664 0.0104471 -0.000570893 -0.000125573 -0.0091081 3.58497 -0.210253 0.00935639 -0.00116625 0.207981 3.53815 -0.0338372 -0.000976664 0.00174399 -0.034019 0.951718 0.00268241 -0.000146583 -3.22421e-05 -0.0023386 0.920479 -0.0539845 0.00240235 -0.000299447 0.0534014 0.908458
36 0.064457 3.90103 -0.179451 -0.00369475 0.00812669 -0.180553 3.71294 0.00809363 -0.00212297 -0.000164064 -0.00590056 3.60296 -0.153395 0.0108808 0.000115408 0.151074 3.55667 -0.046001 -0.000947123 0.00208322 -0.0462835 0.951784 0.00207474 -0.000544207 -4.20566e-05 -0.00151256 0.923594 -0.0393216 0.00278922 2.95839e-05 0.0387268 0.911728
37 0.0659956 3.84009 -0.202653 -0.00304593 0.00818903 -0.203969 3.65177 0.00584313 -0.00330066 7.86536e-05 -0.00284792 3.5516 -0.0804634 0.0109812 0.00147239 0.0781515 3.5054 -0.0527731 -0.000793194 0.00213251 -0.0531158 0.950959 0.00152161 -0.000859528 2.04822e-05 -0.00074163 0.924875 -0.0209535 0.00285962 0.000383426 0.0203515 0.912843
38 0.067514 3.70998 -0.201755 -0.00202723 0.00722558 -0.203098 3.52135 0.00402764 -0.00388706 0.00051943 -0.000388494 3.42828 -0.00398878 0.00993809 0.00266664 0.0017471 3.38203 -0.0543816 -0.000546426 0.00194761 -0.0547439 0.949158 0.00108563 -0.00104773 0.000140009 -0.000104716 0.924071 -0.00107515 0.00267875 0.000718776 0.000470918 0.911604
39 0.0690118 3.51956 -0.180136 -0.000865137 0.00560736 -0.18134 3.33063 0.00281471 -0.00380151 0.00102639 0.00123356 3.24135 0.0650036 0.00817173 0.00349867 -0.067116 3.19521 -0.0511813 -0.000245808 0.0015932 -0.0515236 0.946319 0.000799734 -0.00108011 0.000291624 0.000350488 0.920952 0.0184692 0.0023218 0.000994065 -0.0190694 0.907845
40 0.10628 3.28509 -0.143327 0.000204894 0.00374627 -0.144264 3.09586 0.00221699 -0.00310354 0.00144877 0.00196778 3.00682 0.118096 0.00614888 0.00383807 -0.120028 2.96125 -0.0436297 6.23711e-05 0.00114039 -0.0439147 0.942397 0.000674864 -0.000944735 0.000441013 0.000599004 0.915294 0.035949 0.00187176 0.00116833 -0.0365372 0.901421
42 0.146749 2.76444 -0.0506637 0.00133941 0.000698852 -0.05086 2.57463 0.00235849 -0.000638716 0.00153968 0.00132006 2.47665 0.159326 0.00292859 0.00295394 -0.160792 2.43411 -0.018327 0.000484516 0.000252801 -0.018398 0.931341 0.000853155 -0.000231047 0.000556959 0.000477516 0.895897 0.0576343 0.00105938 0.00106855 -0.0581647 0.880508
44 0.152348 2.29732 0.0281322 0.000693358 -0.000252392 0.0286849 2.10703 0.00299467 0.00159569 0.000357605 -0.000542311 1.99352 0.117388 0.00217015 0.000652572 -0.118325 1.95634 0.0122456 0.000301811 -0.000109863 0.0124862 0.917166 0.00130355 0.000694586 0.000155662 -0.000236062 0.867756 0.0510979 0.000944643 0.000284057 -0.0515054 0.851573
46 0.157761 1.97205 0.0667982 -0.00117563 0.000555091 0.0679545 1.78172 0.0029329 0.00215384 -0.00145575 -0.00194675 1.65546 0.0282296 0.00347708 -0.00162894 -0.0286575 1.62442 0.0338725 -0.000596145 0.000281479 0.0344588 0.903487 0.00148723 0.00109218 -0.00073819 -0.000987169 0.839461 0.0143149 0.00176318 -0.000826012 -0.0145318 0.823724
48 0.162982 1.79643 0.065859 -0.00306823 0.00155438 0.0674614 1.60694 0.0020309 0.000917413 -0.0025924 -0.00237955 1.47666 -0.0613082 0.00503727 -0.00257178 0.0612525 1.45068 0.036661 -0.00170796 0.000865258 0.037553 0.894517 0.00113052 0.000510686 -0.00144308 -0.0013246 0.821998 -0.0341278 0.00280404 -0.0014316 0.0340968 0.807535
50 0.168004 1.72112 0.0418477 -0.00398301 0.00133959 0.0437308 1.53311 0.00105151 -0.00110914 -0.00202986 -0.00237501 1.40641 -0.118361 0.00522292 -0.00169631 0.118389 1.38345 0.0243142 -0.0023142 0.000778324 0.0254083 0.890762 0.000610948 -0.000644427 -0.00117938 -0.00137992 0.817148 -0.06877 0.0030346 -0.000985583 0.068786 0.803806
52 0.172821 1.67966 0.0125471 -0.00359309 -0.000339399 0.0144654 1.49276 0.000905987 -0.00263735 0.000197699 -0.00269212 1.37117 -0.133931 0.00372712 0.000470439 0.133665 1.34957 0.00747005 -0.00213918 -0.000202064 0.00861211 0.888728 0.000539388 -0.00157017 0.000117702 -0.00160278 0.816339 -0.0797372 0.00221898 0.00028008 0.0795787 0.803478
54 0.177428 1.6211 -0.010985 -0.00221978 -0.00255718 -0.00937283 1.43379 0.00191675 -0.00286564 0.00298705 -0.00358164 1.31364 -0.117216 0.00155292 0.00275214 0.116395 1.29289 -0.00677627 -0.00136931 -0.00157744 -0.00578179 0.884457 0.00118238 -0.00176772 0.00184261 -0.00220939 0.810342 -0.0723065 0.000957946 0.0016977 0.0718002 0.797543
56 0.181819 1.52416 -0.0234214 -0.000554791 -0.00401944 -0.0224541 1.33457 0.00360677 -0.00178501 0.00489445 -0.00465845 1.21169 -0.0839411 5.22096e-05 0.00393886 0.0826234 1.19232 -0.0153668 -0.000363998 -0.00263715 -0.0147321 0.875607 0.0023664 -0.00117114 0.00321124 -0.00305641 0.794986 -0.0550737 3.42547e-05 0.00258428 0.0542091 0.782283
58 0.185988 1.39504 -0.0211031 0.000619293 -0.00401962 -0.0209769 1.20203 0.00508509 -4.3174e-05 0.0050464 -0.00531003 1.07522 -0.0487213 -0.000145774 0.00336555 0.0472826 1.05822 -0.0151273 0.000443926 -0.00288137 -0.0150368 0.86165 0.00364513 -3.09483e-05 0.0036174 -0.00380637 0.770749 -0.0349247 -0.000104495 0.00241252 0.0338934 0.758564
60 0.286303 1.25635 -0.00166848 0.000689843 -0.0028612 -0.00236328 1.06011 0.00567589 0.00143395 0.00360806 -0.00519244 0.930473 -0.0237026 0.000499338 0.00122479 0.0225976 0.916761 -0.00132803 0.000549083 -0.00227738 -0.00188106 0.843795 0.00451775 0.00114135 0.00287185 -0.00413294 0.740613 -0.0188662 0.00039745 0.000974873 0.0179866 0.7297
64 0.394175 1.04457 0.0680234 -0.0023958 -0.00081039 0.0664724 0.845093 0.00450282 0.00118856 6.99489e-05 -0.00339164 0.708248 -0.0374222 0.000662379 -0.00364005 0.0374324 0.702879 0.0651213 -0.00229359 -0.000775816 0.0636364 0.809038 0.00431071 0.00113785 6.69646e-05 -0.00324694 0.678032 -0.0358257 0.000634119 -0.00348475 0.0358354 0.672891
68 0.406626 0.957135 0.0872791 -0.00441944 -0.000910906 0.0865428 0.757301 0.00340086 -0.00124989 0.000511058 -0.00154338 0.606488 -0.11153 -0.000367272 -0.00329318 0.112084 0.609513 0.0911878 -0.00461737 -0.000951701 0.0904186 0.791217 0.00355317 -0.00130587 0.000533945 -0.0016125 0.63365 -0.116525 -0.00038372 -0.00344067 0.117103 0.63681
72 0.417095 0.882934 0.0257977 -0.00209384 0.00116363 0.0269253 0.683565 0.00186261 -0.000618733 0.00255496 0.00122168 0.533262 -0.121919 0.0029932 7.62801e-05 0.122742 0.542978 0.0292181 -0.00237146 0.00131792 0.0304953 0.774198 0.00210957 -0.00070077 0.00289372 0.00138366 0.603967 -0.138084 0.00339006 8.6394e-05 0.139016 0.614971
76 0.425533 0.768872 0.00677778 -0.00198908 0.00256758 0.00839955 0.569218 -0.00274888 0.000121519 0.00286577 0.0058007 0.42321 -0.0593651 0.00559911 0.000315415 0.0597456 0.441852 0.00881522 -0.00258701 0.00333941 0.0109245 0.740328 -0.00357521 0.000158048 0.00372724 0.00754443 0.550429 -0.0772106 0.00728223 0.000410231 0.0777055 0.574675
80 0.431897 0.695299 0.0592964 -0.00462355 -0.00158581 0.0599569 0.493075 -0.00581972 -0.00244464 0.00294868 0.00791255 0.326512 -0.055367 0.00098362 -0.00152572 0.0546424 0.357178 0.0852818 -0.00664972 -0.00228075 0.0862317 0.709156 -0.00837009 -0.00351595 0.00424088 0.0113801 0.469599 -0.0796304 0.00141467 -0.00219434 0.0785883 0.513703
84 0.436158 0.66589 0.067157 -0.00307188 -0.00262276 0.0682441 0.46061 -0.00427342 -0.00231961 0.00299366 0.00633964 0.276421 -0.103455 -0.00135173 -0.0017629 0.102183 0.315768 0.100853 -0.0046132 -0.00393872 0.102486 0.69172 -0.0064176 -0.00348347 0.00449573 0.00952055 0.415115 -0.155363 -0.00202995 -0.00264743 0.153453 0.474204
88 0.328636 0.612685 0.0239742 -0.00062556 0.00134327 0.026243 0.402479 -0.00463906 0.00142098 0.00238515 0.00703897 0.218972 -0.0955289 0.00188926 -0.00116799 0.0946298 0.266286 0.0391297 -0.00102101 0.00219243 0.0428327 0.65691 -0.00757169 0.00231927 0.00389294 0.0114887 0.357398 -0.155918 0.00308358 -0.00190634 0.154451 0.434621
90 0.219313 0.583441 0.0162823 -0.00125884 0.00111263 0.0185045 0.369681 -0.00652468 0.00227777 0.00215353 0.00859677 0.180499 -0.0767695 0.00157419 -0.00106253 0.0762172 0.233665 0.0279073 -0.00215762 0.00190702 0.0317162 0.633622 -0.0111831 0.00390403 0.00369108 0.0147346 0.309371 -0.131581 0.00269811 -0.00182115 0.130634 0.400494
92 0.328636 0.564975 0.0244626 -0.00264576 -0.0012994 0.0261504 0.34793 -0.00845586 0.00190573 0.00184982 0.0097848 0.144564 -0.0675917 -0.00092156 -0.000836671 0.0671642 0.204127 0.0432986 -0.00468297 -0.00229992 0.046286 0.615833 -0.0149668 0.00337312 0.00327417 0.017319 0.255877 -0.119637 -0.00163115 -0.0014809 0.11888 0.361303
96 0.436158 0.561801 0.0470008 -0.00297266 -0.00512895 0.0472439 0.341546 -0.00912436 0.000350247 -4.35295e-05 0.00873984 0.103263 -0.0952116 -0.00506738 0.00111462 0.0933935 0.172931 0.0836609 -0.00529131 -0.00912947 0.0840935 0.607947 -0.0162413 0.000623436 -7.74821e-05 0.0155568 0.183806 -0.169476 -0.00901988 0.001984 0.166239 0.307815
100 0.431897 0.553009 0.0219294 0.000668627 -0.000262096 0.0217124 0.327802 -0.00745988 0.00150927 -0.00197526 0.0070057 0.0807158 -0.118672 0.000114788 0.00361456 0.114794 0.161175 0.0396547 0.00120907 -0.000473944 0.0392623 0.59276 -0.0134896 0.00272919 -0.00357184 0.0126683 0.145957 -0.214593 0.000207571 0.00653617 0.20758 0.29145
104 0.425533 0.52534 -0.00363257 -0.000379825 0.00220032 -0.00242921 0.284897 -0.00936195 0.00304357 0.000165632 0.00982686 0.0368067 -0.0903343 0.00303275 0.00338466 0.0875295 0.138414 -0.00691469 -0.000723008 0.00418838 -0.00462408 0.54231 -0.0178207 0.00579353 0.000315286 0.0187057 0.0700625 -0.171954 0.00577293 0.00644279 0.166615 0.263474
108 0.417095 0.519499 0.0160514 -0.00516212 -0.000889944 0.0195817 0.264209 -0.0132506 0.00371287 0.0031452 0.0123128 -0.00579209 -0.0749055 -0.00105135 0.00374199 0.0749428 0.116322 0.0308978 -0.00993673 -0.00171308 0.0376934 0.508584 -0.0255064 0.00714701 0.00605428 0.0237013 -0.0111494 -0.144188 -0.00202377 0.00720307 0.14426 0.223912
112 0.406626 0.527866 0.0228069 -0.00405851 0.00103462 0.0260853 0.263253 -0.0152748 0.00513529 0.00253378 0.0111049 -0.029782 -0.0997782 -0.000542616 0.00709865 0.100893 0.105406 0.0432057 -0.00768853 0.00196 0.0494165 0.498713 -0.0289368 0.00972839 0.00480005 0.0210373 -0.0564196 -0.189022 -0.00102794 0.0134478 0.191133 0.199683
116 0.394175 0.533647 -0.00199411 -0.00154932 0.00287612 -0.00169315 0.249502 -0.0158145 0.00513177 0.00199003 0.0116765 -0.0582109 -0.112659 0.000242708 0.00659217 0.113368 0.0984885 -0.00373676 -0.00290326 0.00538956 -0.00317279 0.467542 -0.0296347 0.00961642 0.00372912 0.0218806 -0.109081 -0.211112 0.00045481 0.0123531 0.21244 0.184557
120 0.379804 0.548332 -0.00889816 -0.0038258 -0.000570369 -0.010229 0.237085 -0.014408 0.00397792 0.00251955 0.0135588 -0.090209 -0.099791 -0.00329567 0.00302741 0.100138 0.0955359 -0.0162277 -0.00697717 -0.00104019 -0.0186548 0.432376 -0.026276 0.0072546 0.00459494 0.0247273 -0.164515 -0.18199 -0.00601035 0.00552114 0.182624 0.17423
124 0.363583 0.57417 -0.00705644 -0.00207672 -0.00208695 -0.00719328 0.241856 -0.010006 0.00395153 -7.76122e-05 0.00981695 -0.117276 -0.0990677 -0.00284085 0.00330415 0.0998376 0.0941038 -0.0122898 -0.00361691 -0.00363472 -0.0125281 0.421227 -0.0174269 0.00688216 -0.000135173 0.0170976 -0.204253 -0.172541 -0.00494775 0.00575465 0.173882 0.163895
128 0.34559 0.614025 -0.0208854 0.00192929 -0.0052126 -0.0183654 0.253254 -0.00308311 -0.000699202 -0.0018959 0.00152806 -0.154899 -0.117913 -0.00531236 -0.00153216 0.119597 0.0895926 -0.0340139 0.00314203 -0.00848924 -0.0299099 0.412449 -0.00502115 -0.00113872 -0.00308766 0.00248859 -0.252269 -0.192033 -0.00865171 -0.00249528 0.194775 0.14591
132 0.325914 0.662434 -0.0207976 -0.00168811 -0.0111613 -0.0170832 0.26131 0.00385462 -0.0113604 0.00122321 -0.00500197 -0.192214 -0.126888 -0.0131677 -0.0135685 0.129402 0.0920947 -0.0313957 -0.00254834 -0.0168489 -0.0257886 0.39447 0.00581886 -0.0171495 0.00184653 -0.00755089 -0.290163 -0.191548 -0.0198777 -0.0204828 0.195344 0.139025
136 0.304649 0.706301 -0.00512439 -0.000583248 -0.0053444 -0.00508918 0.270253 0.00559813 -0.0161745 -0.000245305 -0.00679917 -0.20679 -0.121308 -0.00724625 -0.0159036 0.124944 0.111257 -0.00725525 -0.000825778 -0.00756675 -0.0072054 0.382632 0.00792598 -0.0229002 -0.00034731 -0.00962646 -0.292779 -0.171751 -0.0102594 -0.0225167 0.176899 0.15752
140 0.281901 0.759147 -0.00953752 0.00919461 0.00722674 -0.013656 0.284074 0.00163022 -0.0136413 -0.00814876 -0.0028805 -0.228259 -0.11416 0.007087 -0.012408 0.118649 0.13309 -0.0125635 0.0121118 0.00951955 -0.0179887 0.374201 0.00214744 -0.0179692 -0.0107341 -0.0037944 -0.300678 -0.150379 0.00933548 -0.0163446 0.156293 0.175315
144 0.257779 0.823873 -0.0290445 0.00648129 0.00783666 -0.0307344 0.292367 -0.00496415 -0.0130975 -0.00667208 0.00589665 -0.288194 -0.0929824 0.00884918 -0.015536 0.0965982 0.134069 -0.0352536 0.00786685 0.00951198 -0.0373048 0.354869 -0.00602538 -0.0158974 -0.00809843 0.00715723 -0.349804 -0.11286 0.010741 -0.0188572 0.117249 0.16273
148 0.232401 0.891707 -0.0267897 -0.00370629 0.00558159 -0.0257454 0.315132 -0.0125005 -0.0106513 0.0035778 0.0144548 -0.350683 -0.0680703 0.00770974 -0.0138744 0.0702966 0.117826 -0.0300432 -0.0041564 0.00625945 -0.028872 0.353403 -0.0140186 -0.0119449 0.0040123 0.0162102 -0.393271 -0.0763371 0.00864605 -0.0155593 0.0788337 0.132135
152 0.205891 0.936846 -0.0116081 0.00013676 0.00996383 -0.0146296 0.355974 -0.0145351 -0.00384533 0.0056288 0.0160058 -0.369453 -0.0478634 0.010795 -0.00510824 0.0503443 0.105236 -0.0123906 0.000145979 0.0106355 -0.0156158 0.379971 -0.0155149 -0.00410454 0.00600824 0.0170848 -0.394358 -0.0510899 0.0115227 -0.00545259 0.053738 0.11233
156 0.178378 0.916744 -0.0259633 0.00584439 0.00561701 -0.0306648 0.340446 -0.00874536 -0.00118625 0.00165274 0.0103846 -0.373432 0.0145717 0.0030439 -0.00113013 -0.012019 0.0989077 -0.0283212 0.00637516 0.00612713 -0.0334497 0.371364 -0.00953959 -0.00129398 0.00180284 0.0113277 -0.407346 0.0158951 0.00332034 -0.00123276 -0.0131105 0.10789
160 0.0971232 0.939555 -0.0170937 -0.00307729 -0.00656494 -0.0158163 0.340817 -0.0041979 0.00212038 0.00348278 0.00438374 -0.411059 0.0428515 -0.0110609 0.00328073 -0.043063 0.0846512 -0.0181934 -0.00327527 -0.00698729 -0.0168338 0.362743 -0.00446796 0.00225679 0.00370684 0.00466576 -0.437504 0.0456083 -0.0117725 0.00349179 -0.0458333 0.0900971
161 0.0357021 0.966143 7.40006e-05 -0.00626143 -0.00848573 0.00277664 0.366513 -0.00394247 0.00413697 0.00473711 0.0032253 -0.422417 0.0283333 -0.0132924 0.0052644 -0.0295461 0.0741602 7.65939e-05 -0.00648085 -0.0087831 0.00287394 0.379357 -0.00408063 0.00428194 0.00490312 0.00333833 -0.43722 0.0293262 -0.0137582 0.00544888 -0.0305814 0.076759
162 0.0338871 0.997086 0.0229943 -0.00900631 -0.00957405 0.0266322 0.403815 -0.00395084 0.00646599 0.00595941 0.00212794 -0.431871 0.00683046 -0.0146969 0.00734234 -0.00904576 0.0581032 0.0230615 -0.00903263 -0.00960203 0.02671 0.404995 -0.00396238 0.00648489 0.00597682 0.00213416 -0.433133 0.00685042 -0.0147398 0.0073638 -0.00907219 0.058273
163 0.0320617 1.02707 0.0495483 -0.0109464 -0.00988501 0.0535015 0.449778 -0.00412509 0.0088268 0.00695123 0.00103381 -0.438334 -0.0173357 -0.0153275 0.00924326 0.0141836 0.0351247 0.0482425 -0.0106579 -0.0096245 0.0520915 0.437925 -0.00401638 0.00859418 0.00676804 0.00100656 -0.426782 -0.0168788 -0.0149235 0.00899966 0.0138098 0.034199
164 0.0302266 1.05024 0.0767205 -0.0118227 -0.0096051 0.0803352 0.499758 -0.00437184 0.0108896 0.00754374 -9.41922e-05 -0.441395 -0.0385331 -0.0153342 0.0106923 0.0345686 0.00440909 0.0730503 -0.0112571 -0.00914561 0.0764922 0.475851 -0.0041627 0.0103687 0.00718286 -8.96863e-05 -0.420279 -0.0366898 -0.0146006 0.0101808 0.0329149 0.00419817
165 0.0283823 1.06176 0.101084 -0.0115134 -0.00901252 0.10377 0.54835 -0.00461775 0.0123403 0.00761925 -0.00125817 -0.441588 -0.0509165 -0.0149317 0.0114671 0.0463095 -0.0339456 0.0952041 -0.0108437 -0.00848825 0.0977338 0.516452 -0.00434913 0.0116225 0.00717602 -0.00118498 -0.4159 -0.0479547 -0.0140631 0.0108 0.0436156 -0.031971
166 0.0265294 1.05936 0.119407 -0.0100475 -0.00842728 0.120719 0.590582 -0.00481604 0.0129437 0.00712688 -0.00242069 -0.440513 -0.0497268 -0.0143658 0.0114422 0.0446773 -0.0786355 0.112716 -0.00948455 -0.0079551 0.113955 0.557492 -0.0045462 0.0122184 0.00672756 -0.00228506 -0.415831 -0.0469406 -0.0135609 0.0108011 0.042174 -0.0742295
167 0.0246683 1.04453 0.12925 -0.00759998 -0.00816094 0.128944 0.623102 -0.00494381 0.0125908 0.00609111 -0.00351078 -0.440768 -0.0324996 -0.0138852 0.0106129 0.0272215 -0.12703 0.123741 -0.00727601 -0.00781306 0.123447 0.596541 -0.00473307 0.0120541 0.00583147 -0.00336113 -0.42198 -0.0311142 -0.0132933 0.0101605 0.0260612 -0.121615
168 0.0172754 1.02307 0.129437 -0.00446981 -0.00847432 0.127489 0.645054 -0.00499336 0.011322 0.00461138 -0.0044389 -0.445678 0.000119855 -0.0137196 0.00909449 -0.0054138 -0.175292 0.126519 -0.00436903 -0.00828324 0.124614 0.630509 -0.00488077 0.0110667 0.00450741 -0.00433881 -0.435629 0.000117152 -0.0134103 0.00888942 -0.00529173 -0.17134
168.5 0.0109315 1.01275 0.125949 -0.00276693 -0.00890847 0.123237 0.652576 -0.00498786 0.0103964 0.00375421 -0.00481402 -0.451006 0.0210893 -0.0138174 0.00814052 -0.0263156 -0.197935 0.124364 -0.00273211 -0.00879636 0.121686 0.644363 -0.00492509 0.0102655 0.00370697 -0.00475344 -0.44533 0.0208239 -0.0136435 0.00803806 -0.0259844 -0.195444
169 0.0104622 1.00461 0.12028 -0.0010417 -0.00954796 0.116873 0.658407 -0.00496143 0.0093197 0.00285149 -0.00511681 -0.458833 0.0441927 -0.0140634 0.00709952 -0.0493046 -0.218765 0.119728 -0.00103693 -0.00950418 0.116338 0.655388 -0.00493868 0.00927697 0.00283842 -0.00509335 -0.456729 0.0439901 -0.0139989 0.00706697 -0.0490786 -0.217762
169.5 0.00999215 1.00021 0.11269 0.000652779 -0.0104003 0.108678 0.663175 -0.00491298 0.00813129 0.00193029 -0.00533968 -0.469552 0.0685139 -0.0144743 0.00600663 -0.0734682 -0.237176 0.112667 0.000652645 -0.0103981 0.108656 0.663039 -0.00491197 0.00812963 0.00192989 -0.00533859 -0.469456 0.0684998 -0.0144713 0.00600539 -0.0734532 -0.237127
170 0.0095213 1.00111 0.103507 0.00226486 -0.0114666 0.0989937 0.667608 -0.00484099 0.00687379 0.00101855 -0.00547741 -0.483496 0.0930384 -0.015063 0.00489753 -0.097796 -0.252594 0.103392 0.00226234 -0.0114539 0.0988838 0.666867 -0.00483562 0.00686616 0.00101742 -0.00547133 -0.482959 0.0929351 -0.0150463 0.00489209 -0.0976874 -0.252314
170.5 0.00904972 1.00881 0.0931116 0.00374621 -0.0127423 0.0882113 0.672487 -0.00474356 0.00559117 0.000143993 -0.00552739 -0.500917 0.116704 -0.0158384 0.00380692 -0.12123 -0.264511 0.0922981 0.00371348 -0.012631 0.0874406 0.666612 -0.00470211 0.00554232 0.000142735 -0.00547909 -0.496541 0.115684 -0.0157 0.00377365 -0.120171 -0.2622
171 0.00857745 1.02464 0.0819145 0.00505367 -0.0142168 0.0767487 0.678598 -0.00461853 0.00432672 -0.000667022 -0.00548974 -0.521973 0.138457 -0.0168047 0.00276703 -0.142722 -0.272503 0.0799446 0.00493214 -0.0138749 0.074903 0.662279 -0.00450746 0.00422267 -0.000650981 -0.00535772 -0.509421 0.135127 -0.0164006 0.00270049 -0.139289 -0.265949
171.5 0.00810453 1.04967 0.0703386 0.00615087 -0.0158742 0.0650309 0.68668 -0.00446381 0.00312105 -0.00139064 -0.00536738 -0.54671 0.157308 -0.0179613 0.0018064 -0.161286 -0.276254 0.06701 0.0058598 -0.015123 0.0619535 0.654185 -0.00425257 0.00297335 -0.00132483 -0.00511339 -0.520838 0.149864 -0.0171113 0.00172092 -0.153654 -0.263181
172 0.00763099 1.08467 0.0587967 0.00700967 -0.0176938 0.0534685 0.697379 -0.00427763 0.00201026 -0.00200656 -0.00516584 -0.575051 0.172388 -0.019302 0.000948767 -0.176061 -0.27558 0.0542072 0.00646252 -0.0163126 0.0492949 0.642943 -0.00394373 0.00185334 -0.00184993 -0.0047626 -0.530164 0.158932 -0.0177954 0.000874708 -0.162318 -0.254069
172.5 0.00715688 1.12999 0.0476722 0.00761137 -0.0196506 0.0424389 0.7112 -0.0040589 0.00102446 -0.002499 -0.00489298 -0.606793 0.182999 -0.0208156 0.000212269 -0.186351 -0.270439 0.0421881 0.00673578 -0.01739 0.0375569 0.629385 -0.00359197 0.000906606 -0.00221152 -0.00433011 -0.536989 0.161947 -0.018421 0.00018785 -0.164914 -0.239328
173 0.00668221 1.18558 0.0373008 0.00794744 -0.0217159 0.0322681 0.72847 -0.00380753 0.000186509 -0.00285743 -0.0045587 -0.641602 0.188654 -0.0224847 -0.000391068 -0.191676 -0.26094 0.0314621 0.00670342 -0.0183167 0.0272172 0.614442 -0.00321153 0.000157314 -0.00241016 -0.00384512 -0.541172 0.159124 -0.0189652 -0.000329854 -0.161673 -0.220095
173.5 0.00620704 1.2509 0.0279561 0.00801997 -0.0238579 0.0232171 0.749308 -0.00352473 -0.000488761 -0.00307717 -0.00417441 -0.679016 0.189108 -0.0242867 -0.000855564 -0.191798 -0.247351 0.0223488 0.00641137 -0.0190727 0.0185604 0.599016 -0.00281776 -0.000390728 -0.00245997 -0.00333713 -0.542823 0.151178 -0.0194154 -0.00068396 -0.153328 -0.197739
174 0.0057314 1.32494 0.0198386 0.00784163 -0.0260426 0.0154715 0.773607 -0.00321325 -0.000994957 -0.00315959 -0.00375261 -0.718457 0.18438 -0.0261933 -0.00118181 -0.186739 -0.23009 0.0149732 0.00591847 -0.0196557 0.0116771 0.58388 -0.0024252 -0.000750944 -0.0023847 -0.00283228 -0.542255 0.139161 -0.0197694 -0.000891973 -0.140941 -0.173661
174.5 0.00525531 1.40625 0.0130699 0.00743515 -0.0282342 0.00913587 0.80103 -0.00287748 -0.00133407 -0.00311217 -0.00330638 -0.759239 0.174753 -0.0281713 -0.00137633 -0.176787 -0.20972 0.00929413 0.00528721 -0.0200776 0.00649662 0.569621 -0.00204621 -0.000948668 -0.0022131 -0.00235121 -0.539903 0.124269 -0.0200329 -0.000978725 -0.125715 -0.149134
175 0.00477883 1.49295 0.00769096 0.0068324 -0.0303958 0.00423345 0.831017 -0.00252348 -0.00151597 -0.00294808 -0.00284895 -0.800587 0.160765 -0.030183 -0.00145095 -0.162485 -0.186925 0.00515154 0.00457645 -0.0203596 0.00283563 0.556629 -0.00169027 -0.00101543 -0.00197468 -0.00190827 -0.536247 0.107683 -0.0202171 -0.000971871 -0.108835 -0.125206
175.5 0.00430199 1.5828 0.00366602 0.00607303 -0.0324904 0.000709819 0.862809 -0.0021589 -0.0015576 -0.00268567 -0.00239319 -0.841664 0.143182 -0.0321875 -0.00142199 -0.144605 -0.162496 0.00231617 0.0038369 -0.0205272 0.000448459 0.545117 -0.00136398 -0.000984084 -0.00169679 -0.001512 -0.531757 0.0904617 -0.0203358 -0.000898401 -0.0913604 -0.102664
176 0.00382481 1.6733 0.000890365 0.00520272 -0.0344816 -0.0015582 0.895479 -0.00179271 -0.00148169 -0.00234746 -0.00195135 -0.881587 0.122964 -0.0341413 -0.00130924 -0.124109 -0.137297 0.000532101 0.00310926 -0.0206069 -0.000931214 0.535157 -0.00107136 -0.000885487 -0.00140289 -0.00116617 -0.526855 0.0734861 -0.0204036 -0.000782428 -0.0741702 -0.0820513
176.5 0.00334735 1.76178 -0.00079749 0.00427118 -0.0363342 -0.00275002 0.927978 -0.00143491 -0.00131527 -0.00195908 -0.00153468 -0.919462 0.101211 -0.036 -0.00113487 -0.102102 -0.112232 -0.000452661 0.00242435 -0.0206235 -0.00156093 0.526727 -0.000814465 -0.000746558 -0.00111199 -0.000871095 -0.521893 0.0574483 -0.0204339 -0.000644158 -0.0579536 -0.0637039
177 0.00286963 1.8455 -0.00160059 0.00332985 -0.0380149 -0.00308557 0.959188 -0.00109609 -0.00108805 -0.0015479 -0.00115328 -0.954411 0.079107 -0.0377195 -0.000922184 -0.07977 -0.0882171 -0.000867293 0.00180431 -0.0205987 -0.00167194 0.519744 -0.000593927 -0.000589569 -0.000838741 -0.000624913 -0.517155 0.0428648 -0.0204386 -0.000499693 -0.0432241 -0.0478012
177.5 0.00239169 1.92177 -0.00174618 0.0024296 -0.0394933 -0.00280751 0.987977 -0.000786928 -0.00083055 -0.00114165 -0.000815922 -0.985597 0.0578554 -0.0392575 -0.000694453 -0.0583211 -0.0661364 -0.000908631 0.00126425 -0.0205505 -0.0014609 0.514098 -0.000409481 -0.000432179 -0.000594059 -0.000424568 -0.512859 0.0301053 -0.0204278 -0.000361361 -0.0303476 -0.0344143
178 0.00191357 1.98807 -0.00146732 0.00161833 -0.0407423 -0.00216252 1.01326 -0.000517645 -0.000572347 -0.000766905 -0.000530013 -1.01226 0.0386154 -0.040575 -0.000473689 -0.0389162 -0.0468117 -0.00073806 0.000814017 -0.0204933 -0.00108775 0.509669 -0.000260375 -0.00028789 -0.000385753 -0.000266596 -0.509166 0.0194235 -0.0204092 -0.000238265 -0.0195748 -0.0235463
178.5 0.00143531 2.04218 -0.000984687 0.000938761 -0.0417388 -0.00138278 1.03406 -0.000297503 -0.000340347 -0.000447719 -0.00030154 -1.03373 0.022437 -0.041638 -0.000279577 -0.0226075 -0.0309675 -0.000482175 0.000459686 -0.0204384 -0.000677113 0.50635 -0.000145679 -0.000166659 -0.000219236 -0.000147656 -0.506192 0.0109868 -0.020389 -0.000136901 -0.0110703 -0.015164
179 0.000956932 2.08222 -0.000489753 0.000426435 -0.0424642 -0.000668937 1.04954 -0.000134292 -0.000157242 -0.000204288 -0.000135108 -1.04948 0.0102045 -0.0424182 -0.000128504 -0.0102806 -0.0192009 -0.000235207 0.000204798 -0.0203937 -0.000321261 0.504048 -6.44946e-05 -7.55164e-05 -9.81104e-05 -6.48863e-05 -0.504017 0.00490075 -0.0203716 -6.1715e-05 -0.00493731 -0.00922137
179.5 0.000478484 2.10682 -0.000130412 0.000108008 -0.0429049 -0.000175547 1.05909 -3.39106e-05 -4.02206e-05 -5.18788e-05 -3.39622e-05 -1.05909 0.0025865 -0.042895 -3.27715e-05 -0.00260559 -0.0119574 -6.18997e-05 5.12656e-05 -0.0203647 -8.3323e-05 0.502695 -1.60956e-05 -1.90906e-05 -2.46242e-05 -1.61201e-05 -0.502693 0.00122768 -0.02036 -1.55549e-05 -0.00123674 -0.00567558
180 5.98114e-05 2.11512 3.49735e-17 1.4984e-17 -0.0430528 9.47994e-17 1.06232 -3.38143e-08 -1.11939e-16 3.68787e-18 -3.38143e-08 -1.06232 2.88697e-17 -0.0430554 -1.05417e-16 6.68147e-17 -0.00951197 1.6535e-17 7.08424e-18 -0.0203547 4.48199e-17 0.502249 -1.59869e-08 -5.29231e-17 1.74358e-18 -1.59869e-08 -0.502249 1.36492e-17 -0.020356 -4.98395e-17 3.15891e-17 -0.00449713
