theta 2pi*dcos S11 S12 S13 S14 S21 S22 S23 S24 S31 S32 S33 S34 S41 S42 S43 S44 S12_norm S13_norm S14_norm S21_norm S22_norm S23_norm S24_norm S31_norm S32_norm S33_norm S34_norm S41_norm S42_norm S43_norm S44_norm
0 2.39246e-06 53009.8 3.76757e-13 2.85615e-14 0.741318 3.75904e-13 53008.1 -7.24737 -1.16344e-15 2.82184e-14 7.24737 53008.1 -8.54483e-16 0.741315 3.93082e-16 1.15639e-15 53007 7.10731e-18 5.38796e-19 1.39845e-05 7.09122e-18 0.999968 -0.000136717 -2.19477e-20 5.32324e-19 0.000136717 0.999968 -1.61193e-20 1.39845e-05 7.41526e-21 2.18147e-20 0.999946
0.1 1.91397e-05 52893.6 -0.0344437 0.00699469 0.741361 -0.0346153 52891.9 -7.22017 0.0130871 0.00699838 7.22017 52891.9 1.7919 0.74135 -0.0135356 -1.79217 52890.7 -6.5119e-07 1.32241e-07 1.40161e-05 -6.54433e-07 0.999968 -0.000136504 2.47423e-07 1.32311e-07 0.000136504 0.999968 3.38775e-05 1.40159e-05 -2.55902e-07 -3.38825e-05 0.999946
0.2 3.82793e-05 52546.1 -0.137507 0.0277975 0.741542 -0.13819 52544.4 -7.13897 0.0521132 0.0278142 7.13897 52544.4 7.12794 0.741505 -0.0538927 -7.12901 52543.3 -2.61688e-06 5.29011e-07 1.41122e-05 -2.62988e-06 0.999968 -0.000135861 9.91761e-07 5.29329e-07 0.000135861 0.999968 0.000135651 1.41115e-05 -1.02563e-06 -0.000135672 0.999946
0.3 5.74188e-05 51971.5 -0.308387 0.0618699 0.742012 -0.309913 51969.8 -7.00503 0.116377 0.0619146 7.005 51969.8 15.8901 0.741923 -0.120327 -15.8925 51968.6 -5.93377e-06 1.19046e-06 1.42773e-05 -5.96314e-06 0.999968 -0.000134786 2.23925e-06 1.19132e-06 0.000134785 0.999968 0.000305747 1.42756e-05 -2.31526e-06 -0.000305793 0.999945
0.4 7.65581e-05 51176.2 -0.545751 0.108332 0.743012 -0.548436 51174.5 -6.82037 0.204724 0.108429 6.82028 51174.5 27.885 0.742834 -0.211615 -27.8892 51173.4 -1.06642e-05 2.11685e-06 1.45187e-05 -1.07166e-05 0.999967 -0.000133272 4.00038e-06 2.11874e-06 0.00013327 0.999967 0.000544882 1.45152e-05 -4.13503e-06 -0.000544964 0.999945
0.5 9.56972e-05 50169.3 -0.847742 0.165989 0.744862 -0.851883 50167.7 -6.5878 0.315566 0.166176 6.58756 50167.7 42.8483 0.744539 -0.326073 -42.8548 50166.5 -1.68976e-05 3.30857e-06 1.4847e-05 -1.69801e-05 0.999967 -0.000131311 6.29002e-06 3.3123e-06 0.000131307 0.999966 0.000854073 1.48405e-05 -6.49944e-06 -0.000854203 0.999944
0.6 0.000114836 48962.3 -1.21199 0.233366 0.747938 -1.21786 48960.7 -6.3108 0.446911 0.233696 6.31032 48960.6 60.4515 0.747398 -0.461591 -60.4607 48959.5 -2.47536e-05 4.76623e-06 1.52758e-05 -2.48734e-05 0.999966 -0.000128891 9.12764e-06 4.77297e-06 0.000128881 0.999965 0.00123465 1.52648e-05 -9.42747e-06 -0.00123484 0.999942
0.7 0.000133974 47568.6 -1.63564 0.30875 0.752655 -1.64347 47566.9 -5.9935 0.596395 0.309295 5.99263 47566.9 80.3096 0.751802 -0.61567 -80.3219 47565.8 -3.43848e-05 6.49062e-06 1.58225e-05 -3.45495e-05 0.999965 -0.000125997 1.25376e-05 6.50208e-06 0.000125979 0.999964 0.00168829 1.58046e-05 -1.29428e-05 -0.00168855 0.999941
0.8 0.000153112 46003.6 -2.11532 0.390242 0.759436 -2.12533 46002 -5.64056 0.761328 0.391096 5.6391 46001.9 101.99 0.758152 -0.785471 -102.006 46000.8 -4.59817e-05 8.48285e-06 1.65082e-05 -4.61992e-05 0.999964 -0.000122611 1.65493e-05 8.50143e-06 0.000122579 0.999962 0.00221701 1.64803e-05 -1.70741e-05 -0.00221735 0.999938
0.9 0.00017225 44284.5 -2.64725 0.475811 0.76869 -2.6596 44282.8 -5.25711 0.93874 0.477092 5.25481 44282.7 125.025 0.766834 -0.967861 -125.044 44281.6 -5.97783e-05 1.07444e-05 1.7358e-05 -6.00571e-05 0.999963 -0.000118712 2.1198e-05 1.07733e-05 0.00011866 0.999959 0.00282323 1.73161e-05 -2.18555e-05 -0.00282367 0.999935
1 0.000191387 42429.6 -3.22718 0.563351 0.780779 -3.24199 42428 -4.84861 1.12543 0.5652 4.84518 42427.7 148.919 0.778189 -1.15948 -148.942 42426.7 -7.60596e-05 1.32773e-05 1.84018e-05 -7.64086e-05 0.999962 -0.000114274 2.65247e-05 1.33209e-05 0.000114193 0.999956 0.00350979 1.83407e-05 -2.7327e-05 -0.00351034 0.999931
1.1 0.000210523 40458.6 -3.85046 0.650743 0.795996 -3.86782 40457 -4.42078 1.31803 0.653327 4.41587 40456.6 173.163 0.79249 -1.35678 -173.19 40455.6 -9.51705e-05 1.60842e-05 1.96744e-05 -9.55996e-05 0.999961 -0.000109267 3.25774e-05 1.6148e-05 0.000109146 0.999951 0.00428002 1.95877e-05 -3.3535e-05 -0.00428069 0.999926
1.2 0.000229659 38391.7 -4.5121 0.735912 0.814537 -4.53205 38390.1 -3.97946 1.51306 0.739421 3.97269 38389.6 197.247 0.809916 -1.55612 -197.278 38388.6 -0.000117528 1.91685e-05 2.12165e-05 -0.000118048 0.999959 -0.000103654 3.94112e-05 1.92599e-05 0.000103478 0.999945 0.00513774 2.10961e-05 -4.05327e-05 -0.00513855 0.999919
1.3 0.000248794 36249.9 -5.20677 0.816883 0.836478 -5.22929 36248.3 -3.53053 1.70698 0.821533 3.52147 36247.6 220.667 0.830532 -1.75381 -220.703 36246.6 -0.000143636 2.25348e-05 2.30754e-05 -0.000144257 0.999957 -9.73944e-05 4.70893e-05 2.26631e-05 9.71444e-05 0.999938 0.0060874 2.29113e-05 -4.83812e-05 -0.00608837 0.999911
1.4 0.000267929 34053.9 -5.92885 0.891837 0.861759 -5.95389 34052.4 -3.07979 1.89627 0.897866 3.06797 34051.5 242.944 0.854271 -1.94619 -242.984 34050.5 -0.000174102 2.61889e-05 2.53057e-05 -0.000174837 0.999955 -9.04385e-05 5.56842e-05 2.6366e-05 9.00915e-05 0.999929 0.0071341 2.50858e-05 -5.71502e-05 -0.00713525 0.9999
1.5 0.000287062 31824.8 -6.67251 0.959155 0.890169 -6.69998 31823.3 -2.63283 2.07747 0.966818 2.61778 31822.2 263.628 0.880921 -2.12968 -263.67 31821.2 -0.000209664 3.01386e-05 2.79709e-05 -0.000210527 0.999952 -8.27288e-05 6.52782e-05 3.03794e-05 8.22559e-05 0.999917 0.00828371 2.76803e-05 -6.69188e-05 -0.00828506 0.999887
1.6 0.000306195 29582.8 -7.43175 1.01746 0.92134 -7.4615 29581.3 -2.19499 2.24725 1.02703 2.17621 29579.9 282.307 0.910118 -2.30084 -282.354 29579 -0.000251219 3.43936e-05 3.11445e-05 -0.000252224 0.999949 -7.41982e-05 7.59648e-05 3.47171e-05 7.35634e-05 0.999902 0.00954296 3.07651e-05 -7.77764e-05 -0.00954453 0.999871
1.7 0.000325327 27347.6 -8.20045 1.06565 0.954746 -8.23229 27346.1 -1.77123 2.40249 1.0774 1.74823 27344.4 298.624 0.941347 -2.45647 -298.674 27343.5 -0.00029986 3.89667e-05 3.49116e-05 -0.000301025 0.999945 -6.47675e-05 8.78501e-05 3.93966e-05 6.39262e-05 0.999884 0.0109196 3.44216e-05 -8.98241e-05 -0.0109214 0.999851
1.8 0.000344457 25137.8 -8.97244 1.1029 0.989705 -9.00616 25136.3 -1.36608 2.54028 1.11713 1.33836 25134.3 312.273 0.973942 -2.59361 -312.326 25133.4 -0.000356931 4.38744e-05 3.93713e-05 -0.000358272 0.999941 -5.43437e-05 0.000101054 4.44404e-05 5.32408e-05 0.999862 0.0124225 3.87442e-05 -0.000103176 -0.0124246 0.999827
1.9 0.000363587 22970.8 -9.74157 1.12873 1.0254 -9.77692 22969.4 -0.983538 2.65801 1.14572 0.950638 22967 323.013 1.0071 -2.70962 -323.068 22966.2 -0.000424085 4.91377e-05 4.46391e-05 -0.000425623 0.999936 -4.28168e-05 0.000115713 4.9877e-05 4.13846e-05 0.999835 0.0140619 4.38428e-05 -0.000117959 -0.0140643 0.999797
2 0.000382716 20862.8 -10.5018 1.14294 1.06087 -10.5385 20861.3 -0.627066 2.75342 1.16296 0.588569 20858.7 330.666 1.03991 -2.80223 -330.724 20857.8 -0.000503375 5.47839e-05 5.085e-05 -0.000505133 0.999931 -3.00567e-05 0.000131978 5.57432e-05 2.82114e-05 0.999802 0.0158496 4.98455e-05 -0.000134317 -0.0158523 0.999761
2.1 0.000401843 18828.1 -11.2472 1.14566 1.09509 -11.2849 18826.7 -0.299523 2.8246 1.16896 0.255062 18823.6 335.125 1.07136 -2.86956 -335.183 18822.8 -0.000597363 6.08482e-05 5.81626e-05 -0.000599366 0.999924 -1.59083e-05 0.00015002 6.20857e-05 1.35469e-05 0.999762 0.0177992 5.69021e-05 -0.000152408 -0.0178023 0.999717
2.2 0.000420969 16879.4 -11.9721 1.13727 1.12693 -12.0105 16878 -0.00314898 2.87003 1.16409 -0.0475733 16874.6 336.347 1.10035 -2.91014 -336.407 16873.8 -0.000709271 6.73761e-05 6.67634e-05 -0.000711548 0.999916 -1.86557e-07 0.000170031 6.8965e-05 -2.81842e-06 0.999712 0.0199264 6.51886e-05 -0.000172408 -0.01993 0.999664
2.3 0.000440094 15027.8 -12.6711 1.11847 1.15523 -12.7099 15026.4 0.260442 2.88864 1.149 -0.317642 15022.5 334.359 1.12577 -2.92299 -334.42 15021.7 -0.000843179 7.44266e-05 7.68733e-05 -0.000845762 0.999907 1.73308e-05 0.00019222 7.64588e-05 -2.1137e-05 0.999652 0.0222495 7.49124e-05 -0.000194506 -0.0222535 0.999598
2.4 0.000459218 13282.1 -13.3392 1.09014 1.17884 -13.378 13280.7 0.490262 2.87978 1.12456 -0.554059 13276.5 329.253 1.14649 -2.90754 -329.314 13275.7 -0.0010043 8.20765e-05 8.87547e-05 -0.00100722 0.999895 3.69116e-05 0.000216818 8.46676e-05 -4.17149e-05 0.999578 0.0247893 8.63186e-05 -0.000218907 -0.0247939 0.999519
2.5 0.00047834 11649.4 -13.9717 1.05341 1.19664 -14.0102 11648.1 0.685926 2.84326 1.09181 -0.756336 11643.5 321.179 1.16143 -2.86371 -321.239 11642.7 -0.00119934 9.04262e-05 0.000102721 -0.00120265 0.999882 5.88806e-05 0.000244068 9.37225e-05 -6.49247e-05 0.999488 0.0275703 9.96982e-05 -0.000245824 -0.0275755 0.999422
2.6 0.000497461 10135.1 -14.5645 1.00953 1.20756 -14.6024 10133.8 0.847628 2.77932 1.05197 -0.924551 10128.8 310.342 1.16957 -2.79189 -310.401 10128.1 -0.00143703 9.96073e-05 0.000119146 -0.00144077 0.999865 8.36327e-05 0.000274226 0.000103795 -9.12224e-05 0.999378 0.0306204 0.000115397 -0.000275466 -0.0306263 0.999302
2.7 0.00051658 8742.48 -15.1139 0.959868 1.21067 -15.1508 8741.12 0.976101 2.68865 1.00634 -1.05931 8735.85 296.996 1.16999 -2.6929 -297.054 8735.09 -0.00172879 0.000109794 0.000138481 -0.00173301 0.999844 0.00011165 0.000307538 0.000115109 -0.000121169 0.999242 0.0339716 0.000133828 -0.000308025 -0.0339782 0.999155
2.8 0.000535698 7473.03 -15.6169 0.90585 1.20515 -15.6526 7471.68 1.07256 2.57235 0.956271 -1.16172 7466.11 281.434 1.16193 -2.568 -281.49 7465.36 -0.00208977 0.000121216 0.000161267 -0.00209454 0.999819 0.000143525 0.000344218 0.000127963 -0.000155454 0.999074 0.0376599 0.000155483 -0.000343636 -0.0376674 0.998974
2.9 0.000554814 6326.67 -16.0709 0.848923 1.1904 -16.1051 6325.33 1.13867 2.43194 0.903149 -1.23328 6319.5 263.982 1.14478 -2.41886 -264.035 6318.75 -0.00254019 0.000134182 0.000188156 -0.00254558 0.999787 0.000179979 0.000384395 0.000142753 -0.000194934 0.998865 0.0417253 0.000180945 -0.000382327 -0.0417337 0.998748
3 0.000573928 5301.7 -16.4741 0.790498 1.16597 -16.5064 5300.36 1.17644 2.2693 0.84831 -1.2759 5294.3 244.99 1.11814 -2.24751 -245.04 5293.57 -0.00310733 0.000149103 0.000219924 -0.00311342 0.999747 0.000221899 0.000428032 0.000160007 -0.000240659 0.998605 0.0462097 0.000210903 -0.000423922 -0.0462192 0.998467
3.1 0.00059304 4394.98 -16.8251 0.731913 1.13166 -16.8554 4393.65 1.18821 2.08663 0.793021 -1.29179 4387.42 224.822 1.08182 -2.05631 -224.869 4386.68 -0.00382826 0.000166534 0.000257489 -0.00383515 0.999696 0.000270356 0.000474775 0.000180438 -0.000293923 0.998279 0.0511542 0.000246149 -0.000467877 -0.0511649 0.998112
3.2 0.000612151 3602.13 -17.1233 0.674395 1.08749 -17.1514 3600.8 1.17654 1.88644 0.738436 -1.28337 3594.44 203.847 1.03585 -1.84792 -203.891 3593.72 -0.00475365 0.000187221 0.000301903 -0.00476145 0.99963 0.000326623 0.0005237 0.000205 -0.000356282 0.997865 0.0565907 0.000287565 -0.000513006 -0.0566029 0.997663
3.3 0.00063126 2917.66 -17.3685 0.619023 1.03374 -17.3942 2916.33 1.14416 1.67149 0.68557 -1.2533 2909.9 182.434 0.980506 -1.62521 -182.475 2909.17 -0.00595288 0.000212164 0.000354305 -0.00596171 0.999544 0.00039215 0.000572886 0.000234972 -0.000429555 0.99734 0.0625277 0.000336059 -0.000557026 -0.0625414 0.997091
3.4 0.000650367 2335.16 -17.5612 0.566708 0.970904 -17.5846 2333.83 1.09391 1.44472 0.635271 -1.20429 2327.37 160.94 0.916303 -1.39127 -160.976 2326.65 -0.00752037 0.000242685 0.000415777 -0.00753035 0.99943 0.000468453 0.000618683 0.000272046 -0.000515721 0.996667 0.0689204 0.000392394 -0.000595795 -0.0689359 0.996357
3.5 0.000669472 1847.48 -17.7026 0.518167 0.899722 -17.7234 1846.15 1.02867 1.20924 0.588205 -1.13915 1839.73 139.703 0.843974 -1.14931 -139.735 1839 -0.00958203 0.000280473 0.000487 -0.00959329 0.99928 0.000556797 0.000654537 0.000318383 -0.000616596 0.995804 0.0756182 0.000456825 -0.000622094 -0.0756354 0.995412
3.6 0.000688575 1446.92 -17.794 0.473918 0.821147 -17.8123 1445.59 0.951288 0.968241 0.544848 -1.06066 1439.25 119.037 0.76447 -0.902583 -119.065 1438.53 -0.0122979 0.000327535 0.000567513 -0.0123105 0.99908 0.000657456 0.000669173 0.000376557 -0.000733046 0.994699 0.0822694 0.000528342 -0.000623795 -0.0822885 0.994199
3.7 0.000707676 1125.41 -17.8376 0.434271 0.736327 -17.8534 1124.08 0.864543 0.724943 0.505479 -0.971565 1117.88 99.2279 0.678933 -0.654404 -99.2513 1117.15 -0.0158498 0.000385877 0.000654272 -0.0158638 0.998815 0.0007682 0.000644157 0.000449149 -0.000863295 0.993302 0.0881702 0.000603274 -0.000581479 -0.0881909 0.992658
3.8 0.000726775 874.666 -17.8357 0.399334 0.646571 -17.849 873.331 0.77109 0.482559 0.470186 -0.87449 867.306 80.524 0.588665 -0.408031 -80.543 866.58 -0.0203914 0.000456556 0.00073922 -0.0204066 0.998473 0.000881581 0.000551706 0.000537561 -0.000999798 0.991584 0.0920625 0.000673016 -0.000466499 -0.0920843 0.990755
3.9 0.000745871 686.348 -17.791 0.369025 0.553323 -17.802 685.009 0.673416 0.244228 0.438884 -0.771926 679.207 63.137 0.495101 -0.166632 -63.1519 678.48 -0.0259212 0.000537664 0.000806185 -0.0259372 0.99805 0.000981159 0.000355837 0.000639449 -0.00112469 0.989596 0.0919899 0.000721356 -0.000242781 -0.0920115 0.988536
4 0.000764965 552.223 -17.7065 0.343084 0.458118 -17.7153 550.882 0.573814 0.0129666 0.411323 -0.666189 545.34 47.2382 0.399769 0.0667628 -47.249 544.611 -0.032064 0.000621277 0.000829589 -0.0320799 0.997571 0.0010391 2.34807e-05 0.00074485 -0.00120638 0.987535 0.0855419 0.000723927 0.000120898 -0.0855614 0.986216
4.1 0.000784057 464.29 -17.5855 0.321101 0.362543 -17.5922 462.945 0.474349 -0.208378 0.387119 -0.559394 457.696 32.957 0.304248 0.289313 -32.9639 456.966 -0.0378761 0.000691597 0.000780856 -0.0378905 0.997103 0.00102167 -0.000448811 0.000833788 -0.00120484 0.985798 0.0709838 0.000655298 0.000623131 -0.0709986 0.984225
4.2 0.000803147 414.89 -17.4313 0.302543 0.268196 -17.4361 413.541 0.376844 -0.417176 0.365777 -0.453434 408.612 20.3814 0.21013 0.498412 -20.3846 407.88 -0.0420142 0.000729213 0.000646428 -0.0420258 0.996749 0.0009083 -0.00100551 0.000881624 -0.0010929 0.984868 0.0491248 0.000506471 0.00120131 -0.0491325 0.983104
4.3 0.000822234 396.808 -17.2473 0.286778 0.176641 -17.2504 395.455 0.282867 -0.61105 0.346719 -0.349975 390.865 9.55832 0.118972 0.691722 -9.55813 390.131 -0.0434651 0.000722714 0.000445155 -0.043473 0.996591 0.000712857 -0.00153991 0.000873772 -0.000881976 0.985024 0.0240881 0.000299823 0.00174322 -0.0240876 0.983175
4.4 0.000841318 403.351 -17.037 0.273117 0.0893667 -17.0386 401.994 0.193728 -0.787915 0.329322 -0.250442 397.757 0.496291 0.0322618 0.867208 -0.492978 397.022 -0.0422385 0.000677119 0.000221561 -0.0422427 0.996637 0.000480297 -0.00195342 0.000816466 -0.000620903 0.986132 0.00123042 7.99844e-05 0.00215001 -0.00122221 0.984309
4.5 0.0008604 428.41 -16.8037 0.260838 0.00774981 -16.8041 427.05 0.110481 -0.946003 0.312945 -0.156026 423.171 -6.8325 -0.0486273 1.02317 6.83862 422.435 -0.0392235 0.000608851 1.80897e-05 -0.0392245 0.996825 0.000257887 -0.00220817 0.000730479 -0.000364197 0.987772 -0.0159485 -0.000113506 0.00238829 0.0159628 0.986054
4.6 0.00087948 466.5 -16.5508 0.249227 -0.0669833 -16.5503 465.136 0.0339309 -1.08389 0.296958 -0.0676853 461.617 -12.4885 -0.122469 1.15825 12.4971 460.88 -0.0354788 0.000534248 -0.000143587 -0.0354775 0.997076 7.2735e-05 -0.00232345 0.000636566 -0.000145092 0.989533 -0.0267707 -0.000262527 0.00248285 0.0267891 0.987953
4.7 0.000898556 512.789 -16.2815 0.237604 -0.133786 -16.2802 511.421 -0.0353527 -1.2005 0.280778 0.0138411 508.255 -16.5611 -0.188216 1.27147 16.5718 507.518 -0.0317509 0.000463356 -0.000260899 -0.0317483 0.997333 -6.89421e-05 -0.00234113 0.000547552 2.69918e-05 0.991159 -0.0322961 -0.000367044 0.00247951 0.0323169 0.989721
4.8 0.00091763 563.103 -15.9987 0.225353 -0.191817 -15.9968 561.732 -0.0970184 -1.29515 0.26389 0.0880227 558.907 -19.1637 -0.245026 1.3622 19.1761 558.169 -0.0284116 0.000400199 -0.000340643 -0.0284083 0.997566 -0.000172293 -0.00230002 0.000468636 0.000156317 0.992549 -0.0340323 -0.000435136 0.00241909 0.0340544 0.991239
4.9 0.000936701 613.925 -15.7051 0.21195 -0.240459 -15.7029 612.552 -0.150913 -1.36749 0.24587 0.154519 610.05 -20.4298 -0.292281 1.43021 20.4436 609.313 -0.0255814 0.000345237 -0.000391674 -0.0255779 0.997763 -0.000245817 -0.00222745 0.000400488 0.000251691 0.993688 -0.0332773 -0.000476086 0.00232961 0.0332998 0.992487
5 0.00095577 662.374 -15.4034 0.196976 -0.279328 -15.4011 660.999 -0.197061 -1.41756 0.226402 0.213163 658.798 -20.5078 -0.329598 1.47561 20.5226 658.061 -0.0232547 0.000297378 -0.000421707 -0.0232513 0.997923 -0.000297507 -0.00214012 0.000341804 0.000321817 0.9946 -0.030961 -0.000497601 0.00222776 0.0309834 0.993488
5.1 0.000974835 706.175 -15.0957 0.180139 -0.308284 -15.0935 704.797 -0.235637 -1.44576 0.205292 0.263938 702.871 -19.5563 -0.356838 1.4989 19.5718 702.136 -0.0213767 0.000255091 -0.000436554 -0.0213737 0.998049 -0.000333681 -0.00204731 0.00029071 0.000373757 0.995322 -0.0276932 -0.000505311 0.00212256 0.0277152 0.99428
5.2 0.000993897 743.619 -14.7843 0.16128 -0.327421 -14.7824 742.239 -0.266945 -1.4528 0.182474 0.306961 740.559 -17.7397 -0.374101 1.50088 17.7556 739.825 -0.0198815 0.000216886 -0.000440308 -0.019879 0.998145 -0.000358981 -0.00195369 0.000245387 0.000412793 0.995885 -0.0238559 -0.000503082 0.00201834 0.0238773 0.994898
5.3 0.00101296 773.515 -14.4708 0.140379 -0.337065 -14.4694 772.135 -0.291392 -1.43974 0.15801 0.342458 770.668 -15.2238 -0.381722 1.48267 15.2397 769.936 -0.0187078 0.000181482 -0.000435757 -0.018706 0.998215 -0.000376711 -0.0018613 0.000204275 0.000442729 0.996319 -0.0196812 -0.000493489 0.0019168 0.0197018 0.995373
5.4 0.00103201 795.143 -14.1569 0.11755 -0.337752 -14.1561 793.761 -0.309465 -1.40791 0.132086 0.370749 792.476 -12.1715 -0.380248 1.4457 12.1872 791.746 -0.0178042 0.000147835 -0.000424768 -0.0178032 0.998263 -0.000389194 -0.00177064 0.000166116 0.000466267 0.996646 -0.0153074 -0.000478214 0.00181817 0.0153271 0.995728
5.5 0.00105107 808.188 -13.844 0.093036 -0.330209 -13.8439 806.806 -0.321711 -1.35891 0.105005 0.392227 805.667 -8.74002 -0.370428 1.39163 8.75514 804.939 -0.0171296 0.000115117 -0.000408579 -0.0171295 0.99829 -0.000398065 -0.00168143 0.000129926 0.000485317 0.996881 -0.0108143 -0.000458344 0.00172191 0.0108331 0.995981
5.6 0.00107012 812.689 -13.5332 0.0671965 -0.315329 -13.5339 811.307 -0.328713 -1.29453 0.0771693 0.407341 810.28 -5.07689 -0.353177 1.32232 5.09124 809.556 -0.0166524 8.26842e-05 -0.000388007 -0.0166532 0.9983 -0.000404476 -0.0015929 9.49556e-05 0.000501226 0.997036 -0.00624702 -0.000434579 0.0016271 0.00626468 0.996145
5.7 0.00108916 808.978 -13.2256 0.0404903 -0.294138 -13.2272 807.597 -0.331075 -1.21679 0.049067 0.41658 806.649 -1.31809 -0.329551 1.23984 1.33146 805.928 -0.0163486 5.00511e-05 -0.000363592 -0.0163506 0.998292 -0.000409251 -0.0015041 6.06531e-05 0.000514945 0.997121 -0.00162933 -0.000407367 0.0015326 0.00164586 0.996229
5.8 0.00110821 797.623 -12.9222 0.0134554 -0.267764 -12.9248 796.242 -0.329404 -1.1278 0.0212468 0.420461 795.342 2.41417 -0.300712 1.14636 -2.40196 794.623 -0.0162009 1.68693e-05 -0.000335702 -0.0162041 0.998269 -0.000412983 -0.00141395 2.66377e-05 0.000527142 0.997141 0.0030267 -0.00037701 0.00143722 -0.00301139 0.99624
5.9 0.00112725 779.37 -12.6237 -0.0133138 -0.237398 -12.6273 777.99 -0.3243 -1.0298 -0.00570262 0.419517 777.108 6.01289 -0.267892 1.04416 -6.00199 776.393 -0.0161973 -1.70828e-05 -0.000304602 -0.0162019 0.998229 -0.000416105 -0.00132132 -7.31696e-06 0.000538277 0.997097 0.00771506 -0.000343729 0.00133975 -0.00770107 0.99618
6 0.00172656 755.098 -12.3308 -0.0391913 -0.204261 -12.3355 753.719 -0.316341 -0.925072 -0.0311777 0.414289 752.827 9.38717 -0.232359 0.935564 -9.3777 752.115 -0.0163301 -5.19023e-05 -0.000270509 -0.0163363 0.998174 -0.00041894 -0.0012251 -4.12897e-05 0.000548656 0.996992 0.0124317 -0.00030772 0.001239 -0.0124192 0.99605
6.2 0.00236869 692.365 -11.765 -0.0857626 -0.134503 -11.7717 690.989 -0.294022 -0.704588 -0.0753635 0.393121 690.007 15.1813 -0.158173 0.70843 -15.1749 689.302 -0.0169925 -0.000123869 -0.000194266 -0.0170022 0.998012 -0.000424663 -0.00101765 -0.000108849 0.000567794 0.996594 0.0219267 -0.000228454 0.0010232 -0.0219174 0.995576
6.4 0.00244479 617.359 -11.2302 -0.121576 -0.067567 -11.2389 615.986 -0.266408 -0.484077 -0.107097 0.361139 614.843 19.3953 -0.0876467 0.482854 -19.3921 614.144 -0.0181907 -0.000196929 -0.000109445 -0.0182049 0.997776 -0.000431529 -0.000784109 -0.000173475 0.000584974 0.995924 0.0314165 -0.000141971 0.000782128 -0.0314113 0.994793
6.6 0.00252085 537.613 -10.7322 -0.142973 -0.0110097 -10.7428 536.243 -0.236812 -0.279529 -0.123354 0.322275 534.896 21.8678 -0.0287389 0.274898 -21.8678 534.204 -0.0199627 -0.00026594 -2.04788e-05 -0.0199824 0.997451 -0.000440488 -0.000519943 -0.000229448 0.000599455 0.994946 0.0406758 -5.34564e-05 0.00051133 -0.0406757 0.993659
6.8 0.00259689 459.542 -10.2771 -0.147871 0.0297872 -10.2894 458.174 -0.207879 -0.104161 -0.122776 0.280134 456.609 22.6392 0.0128277 0.0977719 -22.642 455.922 -0.0223639 -0.000321779 6.48193e-05 -0.0223906 0.997024 -0.000452361 -0.000226664 -0.00026717 0.000609593 0.993616 0.0492646 2.7914e-05 0.000212759 -0.0492709 0.992123
7 0.00267289 388.042 -9.87138 -0.136067 0.0519453 -9.8851 386.677 -0.181631 0.0323454 -0.10588 0.237937 384.901 21.9021 0.0339531 -0.0389229 -21.9076 384.219 -0.0254389 -0.000350651 0.000133865 -0.0254743 0.996481 -0.000468072 8.33555e-05 -0.000272857 0.000613174 0.991905 0.0564425 8.74985e-05 -0.000100306 -0.0564566 0.990148
7.2 0.00274886 326.378 -9.52094 -0.109264 0.0550865 -9.53584 325.014 -0.159534 0.124295 -0.075003 0.198487 323.058 19.9502 0.0342039 -0.129628 -19.9579 322.38 -0.0291715 -0.000334778 0.000168781 -0.0292171 0.995821 -0.0004888 0.00038083 -0.000229804 0.00060815 0.989828 0.061126 0.000104798 -0.000397171 -0.0611497 0.98775
7.4 0.0028248 276.275 -9.23076 -0.0708222 0.0410323 -9.24656 274.912 -0.142553 0.17008 -0.0339848 0.164105 272.82 17.1294 0.015541 -0.172931 -17.139 272.144 -0.0334115 -0.000256347 0.00014852 -0.0334687 0.995067 -0.000515984 0.000615618 -0.000123011 0.00059399 0.987494 0.0620013 5.6252e-05 -0.000625937 -0.062036 0.985048
7.6 0.00290071 238.141 -9.00381 -0.0252941 0.0132755 -9.02023 236.778 -0.13121 0.171968 0.0123446 0.13657 234.603 13.7963 -0.0182013 -0.171339 -13.8073 233.929 -0.0378088 -0.000106215 5.57463e-05 -0.0378777 0.994278 -0.000550977 0.000722127 5.18373e-05 0.000573484 0.985146 0.0579333 -7.64307e-05 -0.000719487 -0.0579796 0.982315
7.8 0.00297657 211.365 -8.84032 0.0221866 -0.0236798 -8.85709 210.002 -0.125602 0.135597 0.0587944 0.117048 207.802 10.2862 -0.0619954 -0.130771 -10.2983 207.128 -0.041825 0.000104968 -0.000112033 -0.0419043 0.993552 -0.000594242 0.000641528 0.000278165 0.000553771 0.983143 0.0486656 -0.00029331 -0.000618699 -0.0487228 0.979956
8 0.00305241 194.622 -8.73724 0.0665705 -0.0650069 -8.75407 193.259 -0.125419 0.0692388 0.100466 0.106027 191.089 6.89125 -0.110355 -0.0598076 -6.90407 190.415 -0.0448933 0.00034205 -0.000334016 -0.0449798 0.992994 -0.000644422 0.00035576 0.00051621 0.000544785 0.981846 0.0354083 -0.000567023 -0.000307301 -0.0354742 0.978385
8.2 0.0031282 186.157 -8.68795 0.103511 -0.106181 -8.70457 184.793 -0.129954 -0.0170865 0.133334 0.103287 182.704 3.84716 -0.158027 0.0312144 -3.86035 182.03 -0.0466699 0.00055604 -0.000570383 -0.0467592 0.992672 -0.000698088 -9.17852e-05 0.000716246 0.000554837 0.98145 0.0206661 -0.000848889 0.000167677 -0.020737 0.977829
8.4 0.00320396 184.021 -8.68251 0.129858 -0.143462 -8.6987 182.656 -0.13813 -0.112578 0.154686 0.107905 180.689 1.32741 -0.200551 0.131183 -1.34063 180.015 -0.0471822 0.000705673 -0.000779595 -0.0472702 0.992584 -0.00075062 -0.000611768 0.000840591 0.000586375 0.981896 0.00721335 -0.00108983 0.000712868 -0.00728522 0.978229
8.6 0.00327968 186.251 -8.70829 0.143966 -0.174191 -8.72383 184.886 -0.148544 -0.206604 0.163358 0.118326 183.072 -0.557256 -0.234645 0.229184 0.544341 182.397 -0.0467555 0.000772963 -0.000935246 -0.046839 0.992671 -0.000797548 -0.00110927 0.000877085 0.000635301 0.98293 -0.00299196 -0.00125983 0.00123051 0.00292261 0.979304
8.8 0.00335535 191.007 -8.7509 0.145775 -0.19689 -8.76566 189.642 -0.159557 -0.289563 0.159759 0.132483 187.998 -1.75585 -0.258372 0.31539 1.7436 187.323 -0.0458145 0.000763191 -0.0010308 -0.0458918 0.992854 -0.000835346 -0.00151598 0.000836404 0.000693602 0.984247 -0.00919259 -0.00135268 0.0016512 0.00912847 0.98071
9 0.00343099 196.653 -8.79546 0.136692 -0.211176 -8.8094 195.289 -0.169404 -0.353598 0.145685 0.147982 193.82 -2.27198 -0.27112 0.381784 2.26078 193.144 -0.0447258 0.000695091 -0.00107385 -0.0447966 0.993063 -0.000861434 -0.00179808 0.000740823 0.000752502 0.985591 -0.0115532 -0.00137867 0.00194141 0.0114963 0.982157
9.2 0.00350659 201.819 -8.82796 0.119272 -0.21754 -8.84111 200.456 -0.176342 -0.393099 0.12397 0.162319 199.153 -2.15729 -0.27341 0.422684 2.14752 198.479 -0.043742 0.000590986 -0.0010779 -0.0438072 0.993248 -0.000873766 -0.00194778 0.000614262 0.000804282 0.986789 -0.0106892 -0.00135473 0.00209437 0.0106408 0.983449
9.4 0.00358214 205.43 -8.83645 0.0967811 -0.217043 -8.84895 204.07 -0.178811 -0.404988 0.0980227 0.173121 202.912 -1.50374 -0.26659 0.435024 1.4958 202.24 -0.0430144 0.000471115 -0.00105653 -0.0430753 0.993379 -0.000870423 -0.00197142 0.000477159 0.000842724 0.987741 -0.00731995 -0.00129772 0.00211763 0.00728132 0.98447
9.6 0.00365765 206.727 -8.81211 0.0726945 -0.210997 -8.8242 205.371 -0.175584 -0.388759 0.0713357 0.178372 204.327 -0.434863 -0.252493 0.418403 0.429143 203.659 -0.0426267 0.000351644 -0.00102065 -0.0426852 0.993436 -0.00084935 -0.00188054 0.000345071 0.000862837 0.988391 -0.00210356 -0.00122138 0.00202394 0.00207589 0.985155
9.8 0.00373311 205.272 -8.74992 0.0502117 -0.200679 -8.76189 203.919 -0.165906 -0.346314 0.0470174 0.176616 202.954 0.904292 -0.233092 0.374895 -0.907453 202.289 -0.0426259 0.00024461 -0.000977623 -0.0426842 0.99341 -0.000808225 -0.0016871 0.000229049 0.000860399 0.988706 0.00440533 -0.00113552 0.00182633 -0.00442073 0.985468
10 0.00380853 200.937 -8.64882 0.0318488 -0.187133 -8.66101 199.589 -0.149583 -0.281606 0.0274232 0.167092 198.659 2.35837 -0.210225 0.308674 -2.3587 198 -0.0430425 0.000158502 -0.000931302 -0.0431032 0.993293 -0.000744427 -0.00140147 0.000136477 0.000831563 0.988666 0.0117369 -0.00104623 0.00153618 -0.0117385 0.985384
10.2 0.0038839 193.883 -8.51149 0.0191606 -0.171067 -8.52427 192.541 -0.127017 -0.200143 0.0139194 0.149799 191.606 3.77375 -0.18541 0.225491 -3.77107 190.952 -0.0439001 9.88256e-05 -0.00088232 -0.043966 0.993079 -0.000655123 -0.00103228 7.17929e-05 0.000772627 0.988252 0.0194641 -0.000956298 0.00116302 -0.0194502 0.984884
10.4 0.00395923 184.526 -8.34368 0.0126202 -0.152861 -8.35737 183.19 -0.0991859 -0.108411 0.00680409 0.125486 182.21 5.01076 -0.159762 0.132068 -5.00501 181.564 -0.0452169 6.83929e-05 -0.0008284 -0.0452911 0.992764 -0.000537518 -0.000587513 3.68734e-05 0.000680045 0.987449 0.0271548 -0.0008658 0.000715715 -0.0271237 0.983949
10.6 0.0040345 173.475 -8.15324 0.01166 -0.132655 -8.1681 172.147 -0.0675485 -0.0132741 0.00538072 0.0955459 171.09 5.95497 -0.134011 0.0354643 -5.94625 170.452 -0.0469994 6.72142e-05 -0.000764692 -0.047085 0.992345 -0.000389384 -7.65184e-05 3.10172e-05 0.000550775 0.986248 0.0343275 -0.000772507 0.000204434 -0.0342772 0.982571
10.8 0.00410973 161.474 -7.94897 0.0148558 -0.110496 -7.96512 160.153 -0.0339082 0.07861 0.00816215 0.061861 158.996 6.52659 -0.108591 -0.0575227 -6.51513 158.367 -0.0492276 9.20013e-05 -0.000684295 -0.0493277 0.991823 -0.000209992 0.000486829 5.05479e-05 0.000383103 0.984657 0.0404189 -0.000672501 -0.000356236 -0.040348 0.980759
11 0.00418491 149.312 -7.73942 0.0202169 -0.0864932 -7.75688 148 -0.000231138 0.161292 0.0131644 0.0265871 146.732 6.68658 -0.0837726 -0.14088 -6.67277 146.111 -0.0518338 0.0001354 -0.000579277 -0.0519507 0.99121 -1.54802e-06 0.00108023 8.81665e-05 0.000178063 0.982718 0.0447825 -0.000561056 -0.000943525 -0.04469 0.978562
11.2 0.00426003 137.755 -7.53196 0.0255333 -0.0609608 -7.55056 136.45 0.03155 0.229933 0.0182422 -0.00807786 135.072 6.43891 -0.0597966 -0.209779 -6.42324 134.461 -0.0546765 0.000185353 -0.000442531 -0.0548116 0.99053 0.00022903 0.00166915 0.000132425 -5.86393e-05 0.980527 0.0467418 -0.00043408 -0.00152284 -0.046628 0.976087
11.4 0.00433511 127.461 -7.33194 0.0287261 -0.0344972 -7.3514 126.164 0.0597268 0.28107 0.0214167 -0.0401203 124.688 5.82831 -0.0369855 -0.260837 -5.81136 124.086 -0.057523 0.000225372 -0.000270649 -0.0576757 0.989827 0.000468589 0.00220515 0.000168026 -0.000314765 0.978248 0.0457262 -0.000290171 -0.00204641 -0.0455933 0.973521
11.6 0.00441013 118.925 -7.14236 0.0281524 -0.00799913 -7.16224 117.636 0.0829775 0.312753 0.021149 -0.0679051 116.085 4.93378 -0.015802 -0.292234 -4.9162 115.491 -0.0600574 0.000236723 -6.72617e-05 -0.0602247 0.989159 0.000697727 0.00262983 0.000177834 -0.000570989 0.976114 0.0414863 -0.000132873 -0.00245729 -0.0413385 0.971123
11.8 0.0044851 112.439 -6.96382 0.0228245 0.0173988 -6.9836 111.156 0.100482 0.32454 0.0165284 -0.0903157 109.559 3.85858 0.00315052 -0.303682 -3.84102 108.974 -0.0619345 0.000202995 0.000154741 -0.0621104 0.988596 0.000893659 0.00288638 0.000146999 -0.000803245 0.974389 0.0343172 2.80199e-05 -0.00270087 -0.0341611 0.969188
12 0.0139046 108.07 -6.79489 0.0125195 0.040447 -6.81397 106.794 0.111976 0.317377 0.00735527 -0.106825 105.184 2.71782 0.0191844 -0.29628 -2.70087 104.608 -0.062875 0.000115846 0.000374267 -0.0630516 0.988192 0.00103614 0.00293678 6.80604e-05 -0.000988481 0.973299 0.0251487 0.000177519 -0.00274156 -0.024992 0.967964
13 0.0246683 108.063 -5.9855 -0.0767843 0.088503 -5.99328 106.804 0.102917 0.0961266 -0.0739054 -0.118115 105.538 -0.660198 0.0387907 -0.0774961 0.668946 104.997 -0.055389 -0.000710551 0.000818995 -0.055461 0.988345 0.00095238 0.000889543 -0.00068391 -0.00109302 0.976634 -0.00610938 0.000358964 -0.000717138 0.00619033 0.97163
14 0.0265294 106.912 -5.15647 -0.0989089 0.0448452 -5.1508 105.648 0.0797319 -0.126267 -0.101181 -0.0991141 104.676 1.2672 -0.0116567 0.14543 -1.26377 104.162 -0.0482311 -0.000925145 0.00041946 -0.0481781 0.98818 0.000745773 -0.00118104 -0.000946397 -0.000927065 0.979087 0.0118527 -0.000109031 0.00136028 -0.0118207 0.974277
15 0.0283823 93.0662 -4.65322 -0.0413538 0.0156207 -4.64419 91.796 0.0672829 -0.155872 -0.0613506 -0.0743514 90.5934 2.24438 -0.0347963 0.188824 -2.24003 90.0967 -0.049999 -0.000444348 0.000167845 -0.049902 0.986351 0.000722958 -0.00167485 -0.000659215 -0.000798909 0.973429 0.0241159 -0.000373888 0.00202892 -0.0240692 0.968093
16 0.0302266 87.2671 -4.512 0.0121095 -0.0112284 -4.50727 86.0003 0.0190134 -0.0885599 -0.0162087 -0.0102988 84.5949 0.510729 -0.0490659 0.12506 -0.506222 84.1095 -0.0517033 0.000138764 -0.000128668 -0.0516492 0.985483 0.000217876 -0.00101481 -0.000185736 -0.000118015 0.96938 0.00585248 -0.00056225 0.00143308 -0.00580084 0.963818
17 0.0320617 88.1939 -4.32276 0.0687983 -0.041977 -4.32425 86.9339 -0.000349307 -0.026436 0.0378026 0.0193504 85.6919 -0.245891 -0.081848 0.0384427 0.248578 85.2174 -0.0490143 0.000780081 -0.000475962 -0.0490312 0.985714 -3.96067e-06 -0.000299749 0.000428631 0.000219407 0.971632 -0.00278807 -0.000928046 0.000435888 0.00281854 0.966251
18 0.0338871 85.2226 -3.90077 0.0772617 -0.000124018 -3.91102 83.9609 0.0531585 0.0250838 0.0431986 -0.0217581 82.9271 0.931959 -0.0596797 -0.0400308 -0.931974 82.4613 -0.0457716 0.000906587 -1.45522e-06 -0.0458918 0.985195 0.000623761 0.000294332 0.000506892 -0.000255309 0.973065 0.0109356 -0.000700281 -0.00046972 -0.0109358 0.967599
19 0.0357021 77.257 -3.25897 -0.0292679 0.0629843 -3.27783 75.9868 0.0861888 0.0772488 -0.0548044 -0.0410026 74.8978 1.95037 0.0078504 -0.0901114 -1.95371 74.4373 -0.0421834 -0.000378838 0.000815257 -0.0424275 0.983558 0.00111561 0.000999893 -0.000709377 -0.00053073 0.969463 0.0252452 0.000101614 -0.00116639 -0.0252884 0.963502
20 0.0375062 69.112 -2.58445 -0.133472 0.05169 -2.6027 67.8377 0.0410201 0.119395 -0.144667 -0.00108478 66.6133 1.29733 0.0371083 -0.110259 -1.3002 66.1652 -0.0373951 -0.00193125 0.000747917 -0.0376592 0.981562 0.000593531 0.00172756 -0.00209322 -1.5696e-05 0.963846 0.0187715 0.00053693 -0.00159537 -0.018813 0.957362
21 0.0392989 65.4626 -2.29863 -0.101513 0.0184631 -2.30831 64.1883 -0.00611947 0.110001 -0.105345 0.0125939 62.9974 0.181048 0.0371119 -0.09206 -0.179289 62.5709 -0.0351136 -0.00155071 0.000282041 -0.0352616 0.980533 -9.34803e-05 0.00168036 -0.00160923 0.000192383 0.962341 0.00276567 0.000566917 -0.0014063 -0.00273879 0.955825
22 0.0410797 64.7581 -2.45231 -0.00634844 0.0224949 -2.45745 63.4785 0.00508667 0.025367 -0.000264518 -0.0278196 62.3506 0.136607 0.0394737 -0.00975925 -0.134624 61.9412 -0.0378687 -9.80333e-05 0.000347368 -0.0379481 0.98024 7.85489e-05 0.000391719 -4.08471e-06 -0.000429593 0.962823 0.00210951 0.000609556 -0.000150703 -0.00207888 0.956502
23 0.0428479 62.7874 -2.45984 0.0138084 0.0157606 -2.46697 61.5004 0.0141961 -0.0451562 0.0316208 -0.0183274 60.3421 0.581034 0.0155758 0.0718715 -0.585884 59.9407 -0.0391773 0.000219924 0.000251016 -0.0392909 0.979503 0.000226099 -0.000719193 0.000503617 -0.000291896 0.961056 0.00925399 0.000248073 0.00114468 -0.00933124 0.954663
24 0.0446031 59.2239 -2.01207 -0.0443978 -0.023796 -2.01922 57.9372 -0.0297777 0.00123265 -0.0282639 0.0673165 56.7448 0.633044 -0.0253215 0.0323413 -0.644477 56.3491 -0.033974 -0.00074966 -0.000401798 -0.0340946 0.978273 -0.000502798 2.08134e-05 -0.000477238 0.00113664 0.95814 0.010689 -0.000427556 0.000546085 -0.010882 0.951458
25 0.0463447 55.9806 -1.57127 -0.0959369 -0.0424911 -1.57282 54.7005 -0.0678689 0.0889429 -0.0845059 0.0974158 53.4988 0.333272 -0.0307202 -0.0747564 -0.349282 53.1105 -0.0280681 -0.00171375 -0.000759033 -0.0280958 0.977133 -0.00121236 0.00158882 -0.00150956 0.00174017 0.955667 0.00595335 -0.000548764 -0.0013354 -0.00623935 0.94873
26 0.0480722 53.8569 -1.44291 -0.0956374 -0.017886 -1.44001 52.5821 -0.0585702 0.0752696 -0.0797905 0.0351379 51.3989 0.0959519 -0.00812336 -0.0779271 -0.117632 51.0209 -0.0267915 -0.00177577 -0.000332102 -0.0267377 0.97633 -0.00108752 0.00139759 -0.00148153 0.000652431 0.954362 0.00178161 -0.000150832 -0.00144693 -0.00218416 0.947343
27 0.049785 51.824 -1.30476 -0.0638254 0.00271473 -1.3028 50.5484 -0.0408615 -0.00680957 -0.0466495 -0.00735864 49.3799 0.264963 -0.00376629 0.00943622 -0.288117 49.0116 -0.0251767 -0.00123158 5.23838e-05 -0.025139 0.975387 -0.000788467 -0.000131398 -0.000900153 -0.000141993 0.952838 0.00511275 -7.26748e-05 0.000182082 -0.00555953 0.945732
28 0.0514827 49.0913 -0.989642 -0.037338 -0.0189427 -0.98751 47.807 -0.0267537 -0.02946 -0.0247266 -0.00630986 46.5747 0.439613 -0.0246812 0.0423292 -0.456056 46.2104 -0.0201592 -0.000760585 -0.000385868 -0.0201158 0.97384 -0.000544978 -0.000600106 -0.000503687 -0.000128533 0.948738 0.00895502 -0.000502762 0.000862255 -0.00928996 0.941316
29 0.0531646 46.6922 -0.752681 -0.0208818 -0.0429567 -0.747889 45.3964 -0.00414734 0.000504509 -0.0133143 -0.0167969 44.107 0.170983 -0.0385747 0.0195524 -0.18189 43.7486 -0.0161201 -0.000447222 -0.000919997 -0.0160174 0.972247 -8.8823e-05 1.0805e-05 -0.00028515 -0.000359736 0.944634 0.00366192 -0.000826149 0.00041875 -0.00389551 0.936957
30 0.0548304 45.078 -0.71774 -0.0025256 -0.0148533 -0.714936 43.7755 0.00150731 -0.00125547 -0.00227137 -0.017309 42.5165 -0.0384345 -0.0197331 0.0207965 0.0265337 42.1727 -0.0159222 -5.60274e-05 -0.000329502 -0.01586 0.971105 3.34378e-05 -2.78511e-05 -5.03875e-05 -0.000383979 0.943176 -0.000852623 -0.000437754 0.000461345 0.000588617 0.935549
31 0.0564795 43.1256 -0.672189 0.00142481 0.019827 -0.671846 41.8209 -0.00854777 -0.0140197 0.000911578 0.00959201 40.5722 0.16969 0.00101347 0.0224748 -0.178394 40.2406 -0.0155868 3.30386e-05 0.000459751 -0.0155788 0.969747 -0.000198207 -0.000325089 2.11378e-05 0.000222421 0.940792 0.00393479 2.35005e-05 0.000521147 -0.00413662 0.933103
32 0.0581114 40.5679 -0.406116 -0.0143086 -0.0111518 -0.403276 39.2625 0.00501884 0.0165526 -0.00844299 0.0108458 37.952 0.285723 -0.0257059 -0.00776926 -0.281833 37.6276 -0.0100108 -0.000352706 -0.000274892 -0.00994077 0.967823 0.000123715 0.000408022 -0.00020812 0.00026735 0.935517 0.00704309 -0.000633652 -0.000191512 -0.0069472 0.927522
33 0.0597256 38.4329 -0.126448 -0.010896 -0.0563695 -0.127085 37.1307 0.0309391 0.0411781 -0.0111118 -0.0178214 35.774 -0.00737204 -0.0649637 -0.0190656 0.0192654 35.4641 -0.0032901 -0.000283506 -0.0014667 -0.00330666 0.966119 0.000805017 0.00107143 -0.000289121 -0.000463703 0.930816 -0.000191816 -0.00169031 -0.000496076 0.000501274 0.922753
34 0.0613216 37.0894 -0.163667 0.0134364 -0.0296623 -0.176125 35.7924 0.0322022 0.0126612 -0.00249557 -0.0212076 34.4467 -0.230778 -0.0442121 0.000266932 0.236887 34.1557 -0.00441278 0.00036227 -0.000799752 -0.00474868 0.965032 0.000868234 0.00034137 -6.72854e-05 -0.000571798 0.928749 -0.00622221 -0.00119204 7.197e-06 0.00638694 0.920904
35 0.0628989 35.5761 -0.263688 0.0107649 0.0330228 -0.279604 34.2788 0.0168995 -0.0122101 -0.00541395 0.00169044 32.9324 0.017309 0.0168805 -0.00317958 -0.0181514 32.6529 -0.00741193 0.000302587 0.000928229 -0.00785931 0.963534 0.000475024 -0.000343211 -0.000152179 4.75162e-05 0.925688 0.000486533 0.000474491 -8.93739e-05 -0.000510212 0.917833
36 0.064457 33.3307 -0.0400134 -0.0125044 0.0456554 -0.0473573 32.0267 -0.000724228 0.0104716 -0.0101566 0.015637 30.6113 0.239321 0.0420638 -0.0270495 -0.237098 30.338 -0.0012005 -0.000375162 0.00136977 -0.00142083 0.960877 -2.17286e-05 0.000314171 -0.000304723 0.000469148 0.918411 0.00718021 0.00126201 -0.000811549 -0.00711349 0.910211
37 0.0659956 31.343 0.186837 -0.00576248 0.00543252 0.185121 30.0333 -0.0269265 0.0427028 0.0082976 0.0272467 28.5544 -0.0585108 0.0153686 -0.0304306 0.0656714 28.2882 0.00596107 -0.000183853 0.000173325 0.00590631 0.958217 -0.000859092 0.00136244 0.000264736 0.00086931 0.911029 -0.00186679 0.000490336 -0.000970891 0.00209525 0.902538
38 0.067514 30.2547 0.0578723 0.023301 -0.0204951 0.0520764 28.9447 -0.0501855 0.0494211 0.0241168 0.0468255 27.4837 -0.346888 -0.00977155 -0.0239185 0.351038 27.2278 0.00191284 0.000770163 -0.000677419 0.00172127 0.956702 -0.00165877 0.0016335 0.000797127 0.00154771 0.908412 -0.0114656 -0.000322976 -0.000790573 0.0116028 0.899953
39 0.0690118 29.097 -0.0560935 0.0282583 0.000254241 -0.0690288 27.7898 -0.0516944 0.0403975 0.0150927 0.0497371 26.3602 -0.125459 0.00599369 -0.0316547 0.121718 26.1181 -0.00192781 0.000971175 8.7377e-06 -0.00237237 0.955076 -0.00177663 0.00138837 0.000518703 0.00170936 0.905942 -0.00431174 0.00020599 -0.0010879 0.00418318 0.897623
40 0.10628 27.2549 0.176154 0.0118872 0.0168464 0.161006 25.9524 -0.0372243 0.036228 0.0117283 0.0252541 24.4915 0.11949 0.0279846 -0.0373846 -0.129042 24.2598 0.0064632 0.000436151 0.000618105 0.00590741 0.952212 -0.00136579 0.00132923 0.00043032 0.000926588 0.898609 0.00438417 0.00102677 -0.00137166 -0.00473465 0.89011
42 0.146749 24.3882 0.266225 0.0410346 -0.0210866 0.265253 23.0867 -0.0259339 0.0341324 0.0484978 0.000425069 21.5207 -0.414016 -0.00675058 0.00538975 0.399042 21.2927 0.0109162 0.00168256 -0.000864625 0.0108763 0.946633 -0.00106338 0.00139955 0.00198858 1.74293e-05 0.882423 -0.0169761 -0.000276797 0.000220998 0.0163621 0.873073
44 0.152348 22.2859 0.047789 0.032435 -0.00460578 0.0436826 20.9689 -0.0327718 0.0366191 0.0505999 0.0274248 19.4327 -0.131662 -0.00268617 -0.00379938 0.145004 19.2217 0.00214436 0.00145541 -0.000206668 0.0019601 0.940906 -0.00147052 0.00164315 0.00227049 0.00123059 0.871975 -0.00590784 -0.000120532 -0.000170483 0.00650656 0.862505
46 0.157761 19.4512 0.299037 0.0240971 -0.00561567 0.300269 18.1614 -0.000246311 0.00991909 0.023736 0.00397699 16.5067 -0.129665 0.00717595 0.0214237 0.154472 16.3222 0.0153737 0.00123885 -0.000288706 0.0154371 0.933693 -1.2663e-05 0.000509948 0.00122028 0.00020446 0.848619 -0.00666617 0.000368921 0.00110141 0.0079415 0.839135
48 0.162982 17.8936 0.125171 -0.00218463 0.0239342 0.128415 16.5929 -0.0073237 0.0252302 0.0270315 0.0135735 14.9314 -0.310379 0.00640986 -0.011656 0.317548 14.7532 0.00699529 -0.00012209 0.00133759 0.00717658 0.927309 -0.000409292 0.00141002 0.00151068 0.000758571 0.834456 -0.0173458 0.000358221 -0.000651405 0.0177465 0.824499
50 0.168004 15.929 0.183672 -0.0456884 -0.030746 0.187837 14.6223 -0.0262583 0.00523077 -0.0465997 0.0207533 12.9054 -0.19631 -0.0247475 0.0363128 0.189511 12.7274 0.0115307 -0.00286826 -0.0019302 0.0117921 0.917973 -0.00164846 0.000328381 -0.00292547 0.00130287 0.810184 -0.0123241 -0.00155362 0.00227967 0.0118973 0.799007
52 0.172821 14.4202 0.122015 0.00192322 -0.00272824 0.124791 13.108 -0.0150652 -0.00549522 0.00993214 0.0127705 11.3241 -0.390019 -0.00623312 0.0250047 0.381764 11.1541 0.00846136 0.00013337 -0.000189195 0.00865389 0.909 -0.00104473 -0.000381077 0.000688764 0.000885593 0.785294 -0.0270466 -0.000432248 0.001734 0.0264742 0.773501
54 0.177428 13.11 0.0449136 0.000822382 -0.000613511 0.0446087 11.7956 -0.00876349 0.0132942 0.00797573 0.0391073 9.979 -0.302772 0.00873602 0.0187813 0.305905 9.82464 0.00342591 6.27295e-05 -4.67973e-05 0.00340266 0.899741 -0.000668459 0.00101405 0.000608371 0.00298302 0.761176 -0.0230947 0.000666364 0.0014326 0.0233338 0.749401
56 0.181819 11.8273 0.0150471 0.0324414 -0.00289481 0.0209502 10.4946 0.0191616 0.032034 0.0354734 0.000887424 8.63254 -0.422227 0.0169285 -0.00358446 0.433916 8.48559 0.00127223 0.00274292 -0.000244756 0.00177134 0.887318 0.00162011 0.00270848 0.00299927 7.50316e-05 0.729881 -0.0356993 0.00143131 -0.000303066 0.0366876 0.717456
58 0.185988 10.8281 -0.0868215 0.00913316 -0.00193806 -0.0977665 9.51081 0.0275288 0.0372807 0.025275 -0.00628129 7.61641 -0.376588 0.013011 0.000156821 0.380651 7.47909 -0.0080182 0.000843472 -0.000178985 -0.009029 0.878349 0.00254236 0.00344297 0.00233422 -0.000580094 0.703396 -0.0347789 0.0012016 1.44829e-05 0.0351541 0.690715
60 0.286303 9.84697 -0.0689275 0.0100556 -0.0104655 -0.0696377 8.51414 -0.00833276 0.0210892 -0.00542166 0.00607494 6.57726 -0.387961 0.0020398 0.00222938 0.394896 6.44294 -0.00699987 0.00102119 -0.00106281 -0.00707199 0.864645 -0.000846225 0.00214169 -0.000550592 0.000616935 0.667948 -0.039399 0.00020715 0.000226402 0.0401033 0.654307
64 0.394175 8.12404 -0.225197 0.0145875 -0.0030226 -0.215322 6.7992 0.00897626 0.0246642 0.0161037 0.00408187 4.77418 -0.466272 -0.02008 -0.000199289 0.447361 4.6545 -0.0277198 0.00179559 -0.000372056 -0.0265043 0.836924 0.0011049 0.00303596 0.00198223 0.000502444 0.587661 -0.0573942 -0.00247168 -2.45307e-05 0.0550663 0.572929
68 0.406626 6.84949 -0.385273 0.0265465 -0.0193585 -0.37694 5.52463 0.000307049 0.0175739 -0.0078557 -0.0129492 3.42402 -0.474643 -0.0257202 -0.0106938 0.475513 3.33528 -0.0562485 0.00387569 -0.00282627 -0.0550318 0.806576 4.48281e-05 0.00256572 -0.0011469 -0.00189054 0.499894 -0.0692961 -0.00375505 -0.00156126 0.0694232 0.486939
72 0.417095 5.92896 -0.499238 0.0141014 0.0276291 -0.499255 4.59114 -0.00457459 -0.00901804 0.0335283 -0.00587389 2.37659 -0.497123 0.0159913 0.0102211 0.490321 2.33868 -0.0842033 0.00237839 0.00466002 -0.0842062 0.774358 -0.000771568 -0.00152102 0.005655 -0.000990712 0.400845 -0.0838466 0.00269715 0.00172393 0.0826994 0.39445
76 0.425533 5.27302 -0.607124 -0.00937463 0.0031544 -0.620618 3.91463 0.0274979 -0.0105527 0.0143295 -0.0198983 1.61511 -0.563666 0.00779879 0.0137782 0.557592 1.63159 -0.115138 -0.00177785 0.000598216 -0.117697 0.742389 0.00521483 -0.00200126 0.00271751 -0.00377361 0.306296 -0.106896 0.001479 0.00261297 0.105745 0.309423
80 0.431897 4.7899 -0.636463 -0.0075538 0.0158411 -0.648232 3.4109 0.00780161 0.00590876 -0.00444302 0.0112988 1.03249 -0.60999 0.0138339 -0.00746652 0.619874 1.10574 -0.132876 -0.00157703 0.00330718 -0.135333 0.712102 0.00162876 0.00123359 -0.00092758 0.00235889 0.215556 -0.127349 0.00288814 -0.0015588 0.129413 0.230848
84 0.436158 4.53207 -0.690645 0.0207686 0.0134316 -0.700556 3.10954 -0.00310752 -0.00767709 0.00169641 0.000425805 0.654513 -0.668469 0.0165796 -0.0229653 0.658357 0.802333 -0.152391 0.00458258 0.00296368 -0.154577 0.686119 -0.000685674 -0.00169395 0.000374311 9.39537e-05 0.144418 -0.147497 0.00365828 -0.0050673 0.145266 0.177034
88 0.328636 4.43102 -0.697898 0.00738291 0.0184855 -0.700055 2.93084 0.00495331 -0.0183155 0.0138484 0.0093804 0.323956 -0.766126 0.0156915 -0.00603569 0.771673 0.5671 -0.157503 0.00166619 0.00417184 -0.157989 0.661436 0.00111787 -0.00413347 0.00312533 0.00211698 0.0731109 -0.172901 0.00354128 -0.00136214 0.174152 0.127984
90 0.219313 4.40062 -0.664276 0.00376021 0.0130762 -0.667304 2.86406 -0.0220749 0.000142572 0.0115543 -0.00401801 0.243711 -0.808276 0.0131001 -0.000739676 0.800462 0.536378 -0.150951 0.000854472 0.00297144 -0.151639 0.65083 -0.00501632 3.23982e-05 0.00262561 -0.000913056 0.0553811 -0.183673 0.00297687 -0.000168084 0.181897 0.121887
92 0.328636 4.37294 -0.667367 0.00496612 0.00231902 -0.659038 2.81571 -0.00314842 -0.0222842 0.0117445 -0.0234393 0.150655 -0.864323 -0.020077 -0.00843094 0.857544 0.519154 -0.152613 0.00113565 0.000530311 -0.150708 0.643895 -0.000719979 -0.00509593 0.00268573 -0.00536009 0.0344516 -0.197653 -0.00459119 -0.00192798 0.196103 0.11872
96 0.436158 4.51117 -0.682494 -0.00618282 0.0284009 -0.69356 2.83277 0.00355559 -0.0275014 -0.0115732 -0.012825 -0.0168945 -0.940863 0.0012434 -0.0277972 0.952775 0.49533 -0.15129 -0.00137056 0.00629569 -0.153743 0.627946 0.000788174 -0.00609628 -0.00256546 -0.00284295 -0.00374503 -0.208563 0.000275627 -0.00616186 0.211203 0.109801
100 0.431897 4.70333 -0.657544 0.0169377 -0.015433 -0.654063 2.88264 0.00699069 -0.0268488 -0.00563357 -0.0184061 -0.149343 -1.11558 -0.00147562 -0.0260629 1.11235 0.541326 -0.139804 0.00360122 -0.0032813 -0.139064 0.612893 0.00148633 -0.00570847 -0.00119778 -0.00391342 -0.0317527 -0.237188 -0.000313739 -0.00554136 0.236503 0.115094
104 0.425533 4.97752 -0.658912 0.0121116 0.0208796 -0.648877 3.01131 -0.0122735 -0.0408996 -0.015116 0.0159471 -0.245959 -1.24889 0.0203224 -0.0471915 1.24245 0.640156 -0.132378 0.00243326 0.00419477 -0.130361 0.604982 -0.00246578 -0.00821686 -0.00303685 0.00320382 -0.049414 -0.250907 0.00408284 -0.00948092 0.249612 0.128609
108 0.417095 5.20099 -0.662542 -0.010688 0.0279629 -0.648452 3.04742 0.0100554 -0.0457254 0.00599157 -0.00527718 -0.345812 -1.30201 0.0172749 -0.0426136 1.33004 0.764801 -0.127388 -0.00205499 0.00537647 -0.124679 0.585931 0.00193337 -0.00879167 0.00115201 -0.00101465 -0.0664898 -0.250339 0.00332147 -0.00819336 0.255728 0.147049
112 0.406626 5.52267 -0.627483 -0.00190613 -0.000889258 -0.632914 3.09686 0.0622352 -0.0588798 -0.00835901 -0.0579836 -0.503618 -1.45398 -0.0117367 -0.0810743 1.43766 0.929299 -0.11362 -0.000345146 -0.00016102 -0.114603 0.560754 0.011269 -0.0106615 -0.00151358 -0.0104992 -0.091191 -0.263274 -0.00212518 -0.0146803 0.260319 0.16827
116 0.394175 5.84929 -0.62647 0.0325758 0.0355195 -0.641309 3.13583 0.0142281 -0.0441444 -0.0234514 -0.0366283 -0.703168 -1.42961 0.0104779 -0.053974 1.4227 1.0539 -0.107102 0.00556918 0.00607244 -0.109639 0.536103 0.00243245 -0.00754696 -0.00400927 -0.006262 -0.120214 -0.244407 0.00179132 -0.00922744 0.243225 0.180175
120 0.379804 6.1544 -0.539963 -0.022878 -0.0198127 -0.527954 3.13309 0.0373698 -0.0888747 0.0186106 -0.0496354 -0.993805 -1.4609 -0.0210799 -0.106394 1.46691 1.11256 -0.0877361 -0.00371734 -0.00321927 -0.0857848 0.509081 0.00607205 -0.0144408 0.00302396 -0.00806503 -0.161479 -0.237375 -0.00342517 -0.0172874 0.238352 0.180775
124 0.363583 6.36902 -0.551139 0.0343704 0.0135037 -0.564485 3.14026 -0.0160236 -0.0855064 -0.0272896 0.00579575 -1.27299 -1.44803 0.00337976 -0.0842901 1.44714 1.07629 -0.0865342 0.00539649 0.00212021 -0.0886297 0.493052 -0.00251587 -0.0134254 -0.00428474 0.000909991 -0.199872 -0.227355 0.000530656 -0.0132344 0.227215 0.168989
128 0.34559 6.6046 -0.488712 0.025117 -0.0237211 -0.488084 3.211 -0.0676277 -0.0570999 -0.0528802 0.0823241 -1.58751 -1.31861 -0.00199245 -0.0394238 1.3279 0.982309 -0.0739956 0.00380296 -0.00359161 -0.0739006 0.486176 -0.0102395 -0.00864547 -0.00800657 0.0124647 -0.240365 -0.19965 -0.000301675 -0.00596914 0.201056 0.148731
132 0.325914 6.79971 -0.438738 0.0255299 0.00864456 -0.454549 3.18801 -0.0736556 -0.0333991 -0.0378057 0.0626299 -1.84666 -1.17533 -0.00626822 -0.0287728 1.18757 0.957084 -0.0645231 0.00375457 0.00127131 -0.0668484 0.468846 -0.0108322 -0.00491185 -0.00555991 0.00921068 -0.27158 -0.172851 -0.000921836 -0.00423148 0.17465 0.140754
136 0.304649 7.0268 -0.403445 -0.0273402 0.0260472 -0.425523 3.20405 -0.0812861 0.0132344 0.013569 0.117208 -2.1631 -1.06985 0.0239146 0.000556857 1.06642 0.891383 -0.0574151 -0.00389084 0.00370684 -0.0605571 0.455975 -0.011568 0.00188342 0.00193104 0.0166801 -0.307835 -0.152253 0.00340334 7.92476e-05 0.151764 0.126855
140 0.281901 7.22823 -0.369211 -0.0207431 -0.0413586 -0.374953 3.25177 0.0043227 0.0212301 0.0304071 0.0122506 -2.5404 -0.848804 -0.00383932 0.0145462 0.841057 0.698659 -0.051079 -0.00286973 -0.00572181 -0.0518734 0.449871 0.00059803 0.00293711 0.00420672 0.00169482 -0.351456 -0.117429 -0.000531156 0.00201242 0.116357 0.0966569
144 0.257779 7.51178 -0.364633 -0.0486105 -0.0541455 -0.362283 3.33275 -0.00499272 -0.0480771 0.0485374 0.0127155 -3.00864 -0.763424 -0.0532401 -0.0629168 0.756906 0.459057 -0.0485415 -0.00647124 -0.00720807 -0.0482287 0.443669 -0.000664652 -0.00640023 0.00646151 0.00169275 -0.400523 -0.10163 -0.00708755 -0.00837574 0.100763 0.0611117
148 0.232401 7.87186 -0.269695 0.0193166 -0.0235632 -0.271939 3.61597 -0.0200909 0.015142 -0.00746907 0.0292649 -3.36087 -0.657668 -0.0295476 0.0139215 0.652456 0.218691 -0.0342606 0.00245388 -0.00299334 -0.0345457 0.459354 -0.00255224 0.00192355 -0.000948831 0.00371765 -0.426947 -0.0835467 -0.00375358 0.00176851 0.0828845 0.0277813
152 0.205891 8.1426 -0.267357 -0.0206874 0.00847146 -0.272452 3.76727 -0.00442603 0.0526746 0.0354241 0.013307 -3.66148 -0.44673 -0.0253225 0.0665765 0.46444 0.0813764 -0.0328344 -0.00254063 0.00104039 -0.0334601 0.462662 -0.000543565 0.00646901 0.00435046 0.00163425 -0.449669 -0.0548633 -0.00310988 0.00817632 0.0570383 0.00999391
156 0.178378 8.38289 -0.193553 -0.0492598 -0.00181428 -0.207148 4.02882 0.0213968 0.0965303 0.0307232 -0.0304773 -3.91951 -0.342459 -0.00397726 0.102257 0.335773 -0.199175 -0.0230891 -0.00587623 -0.000216426 -0.0247108 0.4806 0.00255244 0.0115151 0.00366499 -0.00363566 -0.467561 -0.0408521 -0.000474449 0.0121982 0.0400546 -0.0237597
160 0.0971232 8.67367 -0.117249 -0.0819655 -0.0461011 -0.117008 4.17828 0.046538 0.0302742 0.071141 -0.0711171 -4.18637 -0.183216 -0.0362915 0.0436942 0.146778 -0.295537 -0.0135179 -0.00944993 -0.00531506 -0.01349 0.48172 0.00536544 0.00349036 0.00820196 -0.00819919 -0.482652 -0.0211233 -0.0041841 0.00503758 0.0169223 -0.0340729
161 0.0357021 8.73161 -0.130583 -0.0458245 -0.0226601 -0.128165 4.25113 0.0830863 0.0198001 0.0389644 -0.0924578 -4.25499 -0.229047 -0.00493284 0.0259973 0.179323 -0.367428 -0.0149552 -0.00524812 -0.00259518 -0.0146783 0.486866 0.00951559 0.00226763 0.00446245 -0.0105889 -0.487308 -0.026232 -0.00056494 0.00297738 0.0205372 -0.0420802
162 0.0338871 8.80023 -0.104696 -0.00821847 -0.00115585 -0.108693 4.34389 0.083071 0.0520629 -0.00590588 -0.0808552 -4.33106 -0.280518 0.0146106 0.046824 0.264039 -0.462266 -0.011897 -0.000933892 -0.000131343 -0.0123512 0.493611 0.00943964 0.00591608 -0.000671105 -0.00918784 -0.492153 -0.0318762 0.00166026 0.00532077 0.0300037 -0.0525289
163 0.0320617 8.84512 -0.0418351 0.0252063 -0.0225687 -0.0678886 4.41669 0.0741811 0.0623193 -0.0369854 -0.0877839 -4.35934 -0.292898 0.0115005 0.0600909 0.319416 -0.515485 -0.00472973 0.00284974 -0.00255154 -0.00767526 0.499336 0.00838667 0.00704561 -0.00418145 -0.00992456 -0.492853 -0.033114 0.0013002 0.00679368 0.0361121 -0.058279
164 0.0302266 8.83472 -0.0282352 0.0304735 -0.0556911 -0.0604032 4.42041 0.0823729 0.0148989 -0.027759 -0.123963 -4.36748 -0.230595 -0.0132851 0.0222281 0.263183 -0.536363 -0.00319594 0.00344929 -0.00630367 -0.00683702 0.500345 0.00932377 0.0016864 -0.00314204 -0.0140314 -0.494354 -0.026101 -0.00150374 0.00251599 0.0297896 -0.0607108
165 0.0283823 8.85818 -0.0885407 0.00351511 -0.049856 -0.0994842 4.4376 0.0778591 -0.0278944 -0.000237075 -0.119763 -4.43195 -0.146568 -0.053766 -0.0150358 0.154229 -0.590165 -0.00999536 0.000396821 -0.00562825 -0.0112308 0.50096 0.00878951 -0.003149 -2.67634e-05 -0.0135201 -0.500322 -0.016546 -0.00606964 -0.0016974 0.017411 -0.0666237
166 0.0265294 8.99902 -0.151153 0.00146877 -0.0190231 -0.142943 4.58421 0.0588317 -0.0430679 -0.0012935 -0.0696081 -4.54957 -0.112317 -0.0703616 -0.0276956 0.111631 -0.699627 -0.0167966 0.000163215 -0.00211391 -0.0158843 0.509411 0.00653756 -0.00478584 -0.000143738 -0.00773507 -0.505562 -0.0124811 -0.00781881 -0.00307762 0.0124048 -0.0777448
167 0.0246683 9.17094 -0.176682 0.0376701 -0.00172152 -0.163925 4.78639 0.048607 -0.0743026 -0.0273343 -0.0505244 -4.64813 -0.110417 -0.0254981 -0.0553801 0.133436 -0.8193 -0.0192655 0.00410755 -0.000187715 -0.0178744 0.521908 0.00530011 -0.00810196 -0.00298053 -0.00550918 -0.506832 -0.0120399 -0.00278031 -0.00603864 0.0145499 -0.0893365
168 0.0172754 9.21221 -0.19272 0.0499221 -0.00361054 -0.190458 4.86073 0.0199633 -0.0977729 -0.0355789 -0.0561387 -4.67339 -0.0695175 0.034003 -0.0697908 0.114197 -0.882964 -0.02092 0.00541912 -0.00039193 -0.0206745 0.52764 0.00216705 -0.0106134 -0.00386215 -0.00609395 -0.507305 -0.00754624 0.00369108 -0.0075759 0.0123963 -0.0958471
168.5 0.0109315 9.18172 -0.196026 0.0393452 -0.00581901 -0.204805 4.8413 -0.00605483 -0.0869885 -0.0310283 -0.0427825 -4.65984 -0.0288263 0.0439906 -0.0573175 0.0740387 -0.881982 -0.0213496 0.00428517 -0.00063376 -0.0223057 0.527275 -0.000659444 -0.0094741 -0.00337935 -0.00465953 -0.507512 -0.00313953 0.00479111 -0.00624257 0.0080637 -0.0960585
169 0.0104622 9.14959 -0.186774 0.0231699 -0.00532174 -0.205453 4.81363 -0.0310438 -0.0622978 -0.0257108 -0.0143249 -4.64185 0.0128361 0.0371222 -0.03789 0.0257927 -0.865624 -0.0204134 0.00253235 -0.000581636 -0.0224548 0.526103 -0.00339292 -0.00680881 -0.00281005 -0.00156563 -0.507329 0.00140291 0.00405725 -0.00414116 0.002819 -0.094608
169.5 0.00999215 9.14654 -0.159271 0.00492638 -0.00149718 -0.179279 4.80663 -0.0456129 -0.0335906 -0.0210928 0.0208821 -4.63575 0.0402 0.0191763 -0.0220696 -0.0133556 -0.849348 -0.0174133 0.000538606 -0.000163688 -0.0196008 0.525513 -0.0049869 -0.00367249 -0.0023061 0.00228305 -0.50683 0.00439511 0.00209656 -0.00241289 -0.00146018 -0.09286
170 0.0095213 9.19207 -0.114248 -0.0156588 0.00353294 -0.120843 4.83995 -0.0447353 -0.0113556 -0.0138401 0.0501077 -4.65695 0.0402894 -0.00119322 -0.0159221 -0.0280565 -0.852261 -0.012429 -0.00170351 0.000384347 -0.0131464 0.526535 -0.00486672 -0.00123537 -0.00150565 0.00545119 -0.506626 0.00438306 -0.00012981 -0.00173216 -0.00305225 -0.092717
170.5 0.00904972 9.28596 -0.0593536 -0.0408616 0.00565628 -0.0374113 4.91693 -0.0303643 -0.000157175 0.00201632 0.0635393 -4.71265 0.00866808 -0.0170003 -0.0162242 -0.0114563 -0.888563 -0.00639176 -0.00440037 0.000609122 -0.0040288 0.529502 -0.00326992 -1.69261e-05 0.000217136 0.00684251 -0.507503 0.000933461 -0.00183075 -0.00174718 -0.00123372 -0.0956889
171 0.00857745 9.40806 -0.00634175 -0.071123 0.00119794 0.0520937 5.02394 -0.0097132 0.00386581 0.029946 0.0592128 -4.79744 -0.0462078 -0.0257059 -0.0127126 0.0303237 -0.960185 -0.000674076 -0.0075598 0.000127332 0.00553713 0.534004 -0.00103243 0.000410904 0.00318301 0.00629384 -0.509928 -0.00491151 -0.00273233 -0.00135124 0.00322316 -0.10206
171.5 0.00810453 9.52563 0.032654 -0.102579 -0.0102408 0.12346 5.13446 0.00901636 0.0102797 0.066603 0.0429919 -4.8954 -0.102665 -0.0291503 0.00469713 0.077454 -1.0553 0.00342801 -0.0107687 -0.00107508 0.0129608 0.539016 0.000946537 0.00107916 0.00699198 0.00451329 -0.513919 -0.0107778 -0.00306019 0.000493105 0.00813112 -0.110785
172 0.00763099 9.60587 0.0481152 -0.127661 -0.0243885 0.155814 5.2171 0.020476 0.0287064 0.101651 0.0243751 -4.98779 -0.132183 -0.0310778 0.0393664 0.102056 -1.15304 0.00500893 -0.0132899 -0.00253891 0.0162207 0.543115 0.00213161 0.00298843 0.0105822 0.00253752 -0.519244 -0.0137607 -0.00323529 0.00409816 0.0106243 -0.120035
172.5 0.00715688 9.63148 0.0357704 -0.137922 -0.033508 0.139529 5.24828 0.0236846 0.063987 0.122083 0.0112775 -5.06038 -0.11343 -0.03378 0.0865082 0.081871 -1.23043 0.00371391 -0.01432 -0.00347901 0.0144868 0.544909 0.00245908 0.00664353 0.0126754 0.0011709 -0.5254 -0.011777 -0.00350724 0.00898181 0.00850036 -0.12775
173 0.00668221 9.61312 -0.000316974 -0.127258 -0.0299276 0.0812858 5.22787 0.0212113 0.114574 0.118376 0.00693071 -5.10454 -0.0488126 -0.0358825 0.136854 0.0174223 -1.26749 -3.29731e-05 -0.0132379 -0.0031132 0.00845571 0.543827 0.0022065 0.0119185 0.012314 0.000720963 -0.530997 -0.00507771 -0.00373266 0.0142362 0.00181235 -0.13185
173.5 0.00620704 9.58802 -0.0455507 -0.0945113 -0.0104077 0.00422174 5.18825 0.0171544 0.173883 0.0890479 0.010068 -5.11073 0.0290496 -0.03294 0.181667 -0.0601386 -1.25113 -0.0047508 -0.00985723 -0.00108549 0.000440314 0.541118 0.00178915 0.0181354 0.00928742 0.00105006 -0.533033 0.00302978 -0.00343554 0.0189473 -0.00627227 -0.130489
174 0.0057314 9.59587 -0.0771754 -0.0453141 0.0206933 -0.0587857 5.18444 0.0150369 0.23254 0.0416989 0.017254 -5.06121 0.0736512 -0.0209361 0.215265 -0.104257 -1.18147 -0.00804257 -0.00472225 0.00215648 -0.00612615 0.540278 0.00156702 0.0242333 0.0043455 0.00179807 -0.527437 0.0076753 -0.00218178 0.0224331 -0.0108647 -0.123123
174.5 0.00525531 9.63906 -0.0736833 0.00747185 0.0513954 -0.0785504 5.26172 0.0162896 0.27988 -0.00923282 0.0251937 -4.93198 0.0627093 -0.00050005 0.234253 -0.0912519 -1.08147 -0.00764424 0.000775164 0.00533199 -0.00814917 0.545874 0.00168995 0.0290361 -0.000957854 0.00261371 -0.511666 0.00650575 -5.18774e-05 0.0243025 -0.00946688 -0.112196
175 0.00477883 9.65689 -0.0281571 0.0462002 0.066374 -0.0448201 5.41753 0.0197245 0.304887 -0.0467942 0.0315926 -4.70958 0.0350002 0.0217462 0.235737 -0.0585749 -1.00142 -0.00291576 0.00478417 0.00687323 -0.00464125 0.561002 0.00204253 0.031572 -0.00484568 0.00327151 -0.487691 0.00362438 0.00225189 0.0244113 -0.00606561 -0.1037
175.5 0.00430199 9.55058 0.0432537 0.0546487 0.0549638 0.0256049 5.58952 0.0222624 0.298123 -0.0568574 0.0347593 -4.41704 0.0910075 0.0370929 0.217282 -0.106987 -1.00582 0.00452891 0.00572203 0.00575502 0.00268097 0.585254 0.002331 0.0312152 -0.00595329 0.0036395 -0.462489 0.00952899 0.00388384 0.0227507 -0.0112021 -0.105315
176 0.00382481 9.26924 0.106286 0.0261416 0.0198321 0.0953625 5.69184 0.0207416 0.255511 -0.0335252 0.0332023 -4.13279 0.338305 0.042552 0.179157 -0.346252 -1.13773 0.0114665 0.00282025 0.00213956 0.0102881 0.614057 0.00223768 0.0275655 -0.00361683 0.00358198 -0.44586 0.0364976 0.00459067 0.0193282 -0.0373549 -0.122742
176.5 0.00334735 8.91332 0.127219 -0.0309751 -0.0186643 0.126715 5.68716 0.0139438 0.182504 0.0170834 0.0261612 -3.98469 0.803618 0.0474251 0.126792 -0.805923 -1.37589 0.0142729 -0.00347514 -0.00209398 0.0142163 0.638052 0.00156438 0.0204754 0.00191661 0.00293506 -0.447048 0.0901592 0.0053207 0.014225 -0.0904179 -0.154363
177 0.00286963 8.77227 0.0944126 -0.094897 -0.0268793 0.104092 5.64419 0.00359876 0.0953463 0.0771268 0.0147334 -4.11216 1.3715 0.0728431 0.0707699 -1.37211 -1.61606 0.0107626 -0.0108178 -0.00306412 0.0118661 0.643413 0.000410242 0.0108691 0.00879212 0.00167954 -0.468768 0.156345 0.00830379 0.00806746 -0.156415 -0.184223
177.5 0.00239169 9.22898 0.0272758 -0.139556 0.0284068 0.0437276 5.72593 -0.00639125 0.0167685 0.123051 0.00228925 -4.607 1.80899 0.142261 0.0234329 -1.81108 -1.70333 0.00295545 -0.0151215 0.003078 0.00473807 0.62043 -0.00069252 0.00181694 0.0133331 0.00024805 -0.499188 0.196012 0.0154146 0.00253905 -0.196239 -0.184563
178 0.00191357 10.545 -0.0355253 -0.147072 0.162085 -0.0175007 6.09525 -0.0121296 -0.0332002 0.135975 -0.0067991 -5.45832 1.88467 0.266941 -0.00620892 -1.88896 -1.51205 -0.00336893 -0.0139471 0.0153708 -0.00165962 0.578024 -0.00115027 -0.00314844 0.0128948 -0.000644771 -0.517623 0.178727 0.0253145 -0.000588803 -0.179134 -0.143391
178.5 0.00143531 12.6391 -0.0617485 -0.116664 0.357764 -0.0471883 6.7887 -0.0119669 -0.0467773 0.111633 -0.00965155 -6.52993 1.51906 0.43465 -0.0162693 -1.52397 -1.03231 -0.00488553 -0.00923043 0.0283062 -0.00373353 0.53712 -0.000946822 -0.00370101 0.00883239 -0.000763628 -0.516647 0.120188 0.0343894 -0.00128722 -0.120576 -0.081676
179 0.000956932 15.0116 -0.046943 -0.0651043 0.568041 -0.0387218 7.64698 -0.00740882 -0.0324439 0.0638567 -0.00683567 -7.58605 0.865103 0.609025 -0.0122866 -0.868488 -0.405458 -0.00312712 -0.00433693 0.0378401 -0.00257946 0.509405 -0.00049354 -0.00216125 0.00425383 -0.000455359 -0.505346 0.057629 0.0405703 -0.000818471 -0.0578545 -0.0270096
179.5 0.000478484 16.9018 -0.015449 -0.0185446 0.730178 -0.01309 8.36483 -0.00215664 -0.0101858 0.0184674 -0.00211565 -8.36061 0.250143 0.741548 -0.00394283 -0.251221 0.125605 -0.00091405 -0.0010972 0.0432013 -0.000774475 0.494909 -0.000127598 -0.000602649 0.00109263 -0.000125173 -0.494659 0.0147998 0.0438741 -0.000233279 -0.0148636 0.00743146
180 5.98114e-05 17.6236 -7.88069e-15 8.90167e-17 0.791127 -6.07188e-15 8.64505 0.000101526 -2.69277e-15 1.03712e-15 0.000101526 -8.64505 1.15039e-15 0.791079 -4.49587e-15 -2.03156e-15 0.333462 -4.47168e-16 5.05101e-18 0.0448903 -3.44532e-16 0.490539 5.76081e-06 -1.52794e-16 5.88485e-17 5.76081e-06 -0.490539 6.52756e-17 0.0448876 -2.55105e-16 -1.15275e-16 0.0189214
