theta 2pi*dcos S11 S12 S13 S14 S21 S22 S23 S24 S31 S32 S33 S34 S41 S42 S43 S44 S12_norm S13_norm S14_norm S21_norm S22_norm S23_norm S24_norm S31_norm S32_norm S33_norm S34_norm S41_norm S42_norm S43_norm S44_norm
0 2.39246e-06 6096.07 5.10321e-14 -1.2104e-14 -1.93199 5.1222e-14 6095.3 0.149433 1.00546e-16 -1.22847e-14 -0.149433 6095.3 1.87537e-15 -1.93202 -6.43751e-16 -1.7385e-15 6094.96 8.37132e-18 -1.98554e-18 -0.000316924 8.40246e-18 0.999875 2.4513e-05 1.64935e-20 -2.01518e-18 -2.4513e-05 0.999875 3.07636e-19 -0.000316929 -1.05601e-19 -2.85184e-19 0.999818
0.1 1.91397e-05 6091.75 -0.00315699 0.000115436 -1.93013 -0.00313805 6090.98 0.148853 -0.000993618 9.32008e-05 -0.148853 6090.98 0.111811 -1.93008 0.000991398 -0.111811 6090.64 -5.1824e-07 1.89495e-08 -0.000316844 -5.15131e-07 0.999875 2.44352e-05 -1.63109e-07 1.52995e-08 -2.44352e-05 0.999875 1.83546e-05 -0.000316836 1.62744e-07 -1.83546e-05 0.999818
0.2 3.82793e-05 6078.8 -0.0126067 0.000461152 -1.92457 -0.0125311 6078.03 0.147117 -0.00396796 0.000372409 -0.147116 6078.03 0.446434 -1.92428 0.00395897 -0.446435 6077.69 -2.07389e-06 7.58624e-08 -0.000316604 -2.06145e-06 0.999874 2.42016e-05 -6.52754e-07 6.12636e-08 -2.42015e-05 0.999874 7.34412e-05 -0.000316557 6.51275e-07 -7.34414e-05 0.999818
0.3 5.74188e-05 6057.27 -0.0282858 0.00103538 -1.91534 -0.0281162 6056.51 0.144235 -0.00890352 0.000836444 -0.144234 6056.51 1.00144 -1.91465 0.0088829 -1.00145 6056.16 -4.66973e-06 1.70931e-07 -0.000316205 -4.64173e-06 0.999874 2.38119e-05 -1.46989e-06 1.38089e-07 -2.38117e-05 0.999874 0.000165329 -0.000316091 1.46648e-06 -0.000165329 0.999817
0.4 7.65581e-05 6027.25 -0.0500892 0.00183517 -1.90247 -0.0497891 6026.49 0.140228 -0.015768 0.00148334 -0.140223 6026.49 1.77282 -1.90124 0.0157303 -1.77282 6026.14 -8.31045e-06 3.04479e-07 -0.000315645 -8.26066e-06 0.999873 2.32656e-05 -2.61611e-06 2.46105e-07 -2.32648e-05 0.999873 0.000294134 -0.00031544 2.60986e-06 -0.000294134 0.999816
0.5 9.56972e-05 5988.84 -0.0778709 0.00285641 -1.88604 -0.0774047 5988.08 0.135121 -0.0245164 0.00231033 -0.135109 5988.08 2.75498 -1.88411 0.0244555 -2.75498 5987.73 -1.30027e-05 4.76956e-07 -0.000314925 -1.29248e-05 0.999873 2.25621e-05 -4.09367e-06 3.85772e-07 -2.25601e-05 0.999872 0.000460018 -0.000314603 4.08351e-06 -0.000460018 0.999815
0.6 0.000114836 5942.19 -0.111446 0.00409386 -1.86611 -0.110779 5941.43 0.128947 -0.0350914 0.00331389 -0.128923 5941.43 3.94081 -1.86335 0.0350003 -3.94081 5941.08 -1.8755e-05 6.88947e-07 -0.000314044 -1.86429e-05 0.999872 2.17003e-05 -5.90546e-06 5.57688e-07 -2.16962e-05 0.999871 0.000663191 -0.000313579 5.89014e-06 -0.000663192 0.999813
0.7 0.000133974 5887.47 -0.150591 0.00554111 -1.8428 -0.149692 5886.71 0.121748 -0.047424 0.0044897 -0.121703 5886.71 5.32176 -1.83907 0.0472945 -5.32176 5886.36 -2.55783e-05 9.4117e-07 -0.000313003 -2.54255e-05 0.99987 2.06791e-05 -8.05507e-06 7.62586e-07 -2.06715e-05 0.99987 0.000903913 -0.000312369 8.03308e-06 -0.000903912 0.999811
0.8 0.000153112 5824.89 -0.195048 0.00719067 -1.8162 -0.193885 5824.12 0.113569 -0.0614335 0.00583267 -0.113492 5824.12 6.88787 -1.81138 0.0612563 -6.88786 5823.77 -3.34853e-05 1.23447e-06 -0.0003118 -3.32856e-05 0.999869 1.94971e-05 -1.05467e-05 1.00134e-06 -1.94841e-05 0.999868 0.00118249 -0.000310973 1.05163e-05 -0.00118249 0.999809
0.9 0.00017225 5754.66 -0.244525 0.00903397 -1.78645 -0.243068 5753.9 0.104463 -0.0770286 0.00733694 -0.104342 5753.9 8.62787 -1.78044 0.0767928 -8.62785 5753.55 -4.24916e-05 1.56985e-06 -0.000310435 -4.22385e-05 0.999868 1.81528e-05 -1.33854e-05 1.27496e-06 -1.81317e-05 0.999866 0.00149928 -0.00030939 1.33444e-05 -0.00149928 0.999806
1 0.000191387 5677.06 -0.298698 0.0110614 -1.75368 -0.296922 5676.3 0.0944896 -0.0941077 0.00899589 -0.0943065 5676.29 10.5293 -1.74638 0.0938011 -10.5292 5675.94 -5.26148e-05 1.94843e-06 -0.000308907 -5.2302e-05 0.999866 1.66441e-05 -1.65768e-05 1.5846e-06 -1.66118e-05 0.999864 0.0018547 -0.00030762 1.65228e-05 -0.0018547 0.999803
1.1 0.000210523 5592.36 -0.357216 0.0132622 -1.71806 -0.355096 5591.6 0.0837119 -0.11256 0.0108022 -0.0834464 5591.59 12.5784 -1.70938 0.112168 -12.5784 5591.24 -6.38757e-05 2.37149e-06 -0.000307215 -6.34966e-05 0.999864 1.4969e-05 -2.01274e-05 1.93159e-06 -1.49215e-05 0.999861 0.00224922 -0.000305664 2.00574e-05 -0.00224921 0.999799
1.2 0.000229659 5500.87 -0.419705 0.015625 -1.67974 -0.417219 5500.11 0.0721986 -0.132265 0.0127476 -0.0718264 5500.09 14.7607 -1.66962 0.131773 -14.7607 5499.75 -7.62978e-05 2.84045e-06 -0.000305359 -7.5846e-05 0.999862 1.31249e-05 -2.40443e-05 2.31738e-06 -1.30573e-05 0.999858 0.00268334 -0.00030352 2.3955e-05 -0.00268333 0.999795
1.3 0.000248794 5402.93 -0.485765 0.018137 -1.63891 -0.482896 5402.17 0.0600222 -0.153095 0.0148235 -0.0595153 5402.14 17.0606 -1.6273 0.152486 -17.0605 5401.79 -8.99078e-05 3.35689e-06 -0.000303338 -8.93767e-05 0.999859 1.11092e-05 -2.83356e-05 2.74361e-06 -1.10154e-05 0.999854 0.00315767 -0.000301188 2.82229e-05 -0.00315764 0.99979
1.4 0.000267929 5298.87 -0.554982 0.020785 -1.59575 -0.551713 5298.11 0.047259 -0.174916 0.0170202 -0.0465855 5298.07 19.4618 -1.5826 0.174172 -19.4617 5297.72 -0.000104736 3.92254e-06 -0.00030115 -0.000104119 0.999857 8.9187e-06 -3.30101e-05 3.21205e-06 -8.79159e-06 0.99985 0.00367283 -0.000298668 3.28696e-05 -0.0036728 0.999784
1.5 0.000287062 5189.06 -0.626926 0.0235547 -1.55046 -0.623244 5188.3 0.0339881 -0.197588 0.0193277 -0.0331121 5188.26 21.9473 -1.53575 0.196686 -21.9471 5187.91 -0.000120817 4.5393e-06 -0.000298793 -0.000120107 0.999854 6.54996e-06 -3.80777e-05 3.7247e-06 -6.38114e-06 0.999845 0.00422954 -0.000295959 3.79041e-05 -0.00422949 0.999778
1.6 0.000306195 5073.9 -0.701156 0.0264312 -1.50323 -0.69705 5073.14 0.0202911 -0.220964 0.021735 -0.0191729 5073.08 24.4996 -1.48696 0.219884 -24.4993 5072.73 -0.000138189 5.20924e-06 -0.000296267 -0.00013738 0.999851 3.9991e-06 -4.3549e-05 4.28369e-06 -3.77873e-06 0.999839 0.00482856 -0.000293061 4.33362e-05 -0.0048285 0.99977
1.7 0.000325327 4953.78 -0.777224 0.0293987 -1.45428 -0.772688 4953.02 0.00625098 -0.244894 0.0242308 -0.00484719 4952.95 27.1009 -1.43646 0.243612 -27.1005 4952.6 -0.000156895 5.9346e-06 -0.000293569 -0.00015598 0.999847 1.26186e-06 -4.94358e-05 4.89137e-06 -9.78482e-07 0.999832 0.00547075 -0.000289973 4.9177e-05 -0.00547068 0.999761
1.8 0.000344457 4829.11 -0.854678 0.0324411 -1.40381 -0.84971 4828.36 -0.00804786 -0.269226 0.026803 0.00978432 4828.27 29.733 -1.38447 0.267718 -29.7325 4827.92 -0.000176984 6.71781e-06 -0.000290698 -0.000175956 0.999843 -1.66653e-06 -5.57507e-05 5.55029e-06 2.02611e-06 0.999824 0.00615703 -0.000286693 5.54383e-05 -0.00615693 0.999752
1.9 0.000363587 4700.33 -0.933068 0.0355415 -1.35205 -0.927666 4699.57 -0.0225208 -0.293806 0.0294391 0.0246404 4699.46 32.3777 -1.33123 0.292045 -32.3771 4699.11 -0.000198511 7.56149e-06 -0.000287651 -0.000197362 0.999839 -4.79133e-06 -6.25076e-05 6.26321e-06 5.24227e-06 0.999815 0.00688839 -0.00028322 6.21328e-05 -0.00688826 0.999741
2 0.000382716 4567.84 -1.01195 0.0386827 -1.29921 -1.00612 4567.09 -0.0370834 -0.318477 0.0321263 0.0396396 4566.95 35.0167 -1.27696 0.316436 -35.016 4566.6 -0.000221537 8.46847e-06 -0.000284424 -0.00022026 0.999835 -8.11835e-06 -6.97216e-05 7.03314e-06 8.67797e-06 0.999805 0.00766592 -0.000279553 6.92746e-05 -0.00766576 0.999728
2.1 0.000401843 4432.11 -1.09088 0.0418471 -1.2455 -1.08462 4431.35 -0.051652 -0.343085 0.0348511 0.0547012 4431.19 37.6321 -1.22189 0.340735 -37.6312 4430.84 -0.000246131 9.4418e-06 -0.000281017 -0.000244719 0.99983 -1.1654e-05 -7.7409e-05 7.86331e-06 1.2342e-05 0.999793 0.00849079 -0.000275691 7.68788e-05 -0.00849059 0.999714
2.2 0.000420969 4293.56 -1.16943 0.0450169 -1.19114 -1.16276 4292.81 -0.0661445 -0.367475 0.0375997 0.0697454 4292.62 40.2061 -1.16626 0.364788 -40.205 4292.26 -0.000272369 1.04847e-05 -0.000277424 -0.000270815 0.999825 -1.54055e-05 -8.55874e-05 8.75724e-06 1.62442e-05 0.99978 0.00936428 -0.00027163 8.49617e-05 -0.00936403 0.999698
2.3 0.000440094 4152.64 -1.2472 0.0481739 -1.13634 -1.24012 4151.89 -0.0804807 -0.391495 0.0403583 0.084694 4151.67 42.7214 -1.11029 0.388442 -42.7201 4151.32 -0.000300338 1.16008e-05 -0.000273642 -0.000298635 0.999819 -1.93806e-05 -9.42761e-05 9.71871e-06 2.03952e-05 0.999765 0.0102878 -0.000267369 9.3541e-05 -0.0102874 0.99968
2.4 0.000459218 4009.8 -1.32378 0.0513003 -1.08131 -1.31632 4009.05 -0.094583 -0.414997 0.0431127 0.0994709 4008.79 45.1612 -1.0542 0.411549 -45.1597 4008.44 -0.000330136 1.27937e-05 -0.000269666 -0.000328276 0.999813 -2.3588e-05 -0.000103496 1.07518e-05 2.4807e-05 0.999748 0.0112627 -0.000262905 0.000102636 -0.0112623 0.99966
2.5 0.00047834 3865.47 -1.39881 0.0543779 -1.02625 -1.39098 3864.72 -0.108377 -0.437836 0.0458485 0.114003 3864.42 47.5094 -0.998199 0.433964 -47.5076 3864.07 -0.000361873 1.40676e-05 -0.000265492 -0.000359847 0.999806 -2.80372e-05 -0.000113269 1.18611e-05 2.94926e-05 0.999729 0.0122907 -0.000258235 0.000112267 -0.0122903 0.999638
2.6 0.000497461 3720.09 -1.47193 0.0573888 -0.971369 -1.46375 3719.34 -0.121792 -0.459874 0.0485516 0.128219 3719 49.7507 -0.9425 0.455548 -49.7487 3718.65 -0.00039567 1.54267e-05 -0.000261114 -0.000393471 0.999798 -3.2739e-05 -0.000123619 1.30512e-05 3.44666e-05 0.999707 0.0133735 -0.000253354 0.000122456 -0.013373 0.999613
2.7 0.00051658 3574.1 -1.54282 0.0603155 -0.916847 -1.53431 3573.35 -0.134761 -0.480979 0.0512077 0.142053 3572.96 51.8708 -0.8873 0.47617 -51.8684 3572.61 -0.000431667 1.68757e-05 -0.000256526 -0.000429287 0.99979 -3.77049e-05 -0.000134574 1.43274e-05 3.97451e-05 0.999683 0.014513 -0.000248258 0.000133228 -0.0145123 0.999585
2.8 0.000535698 3427.9 -1.61119 0.0631408 -0.862869 -1.60238 3427.16 -0.147221 -0.501024 0.0538027 0.155441 3426.72 53.8561 -0.832784 0.495706 -53.8535 3426.37 -0.000470021 1.84196e-05 -0.000251719 -0.000467452 0.999782 -4.29479e-05 -0.00014616 1.56955e-05 4.53457e-05 0.999656 0.0157111 -0.000242943 0.000144609 -0.0157103 0.999553
2.9 0.000554814 3281.93 -1.67676 0.0658479 -0.809608 -1.66768 3281.18 -0.159115 -0.519891 0.0563229 0.168324 3280.7 55.6944 -0.779133 0.514037 -55.6914 3280.34 -0.000510908 2.00638e-05 -0.000246687 -0.000508141 0.999772 -4.84823e-05 -0.00015841 1.71616e-05 5.12882e-05 0.999626 0.01697 -0.000237401 0.000156627 -0.0169691 0.999518
3 0.000573928 3136.56 -1.73932 0.0684207 -0.757227 -1.72999 3135.82 -0.170391 -0.537473 0.0587551 0.180648 3135.28 57.3744 -0.72651 0.531057 -57.371 3134.93 -0.000554529 2.18139e-05 -0.000241419 -0.000551557 0.999762 -5.43239e-05 -0.000171357 1.87323e-05 5.75942e-05 0.999591 0.0182921 -0.000231626 0.000169312 -0.018291 0.999479
3.1 0.00059304 2992.2 -1.79865 0.0708441 -0.705878 -1.78911 2991.46 -0.181 -0.553668 0.0610862 0.192362 2990.87 58.8862 -0.675072 0.546667 -58.8824 2990.51 -0.000601111 2.36762e-05 -0.000235906 -0.000597925 0.999751 -6.04904e-05 -0.000185037 2.04151e-05 6.42878e-05 0.999553 0.0196799 -0.00022561 0.000182697 -0.0196786 0.999435
3.2 0.000612151 2849.22 -1.85459 0.0731034 -0.655704 -1.84488 2848.47 -0.190901 -0.568388 0.063304 0.203423 2847.82 60.2211 -0.624958 0.56078 -60.2168 2847.47 -0.000650912 2.56574e-05 -0.000230135 -0.000647503 0.999739 -6.70012e-05 -0.000199489 2.2218e-05 7.13959e-05 0.99951 0.021136 -0.000219343 0.000196819 -0.0211345 0.999386
3.3 0.00063126 2707.96 -1.90701 0.0751853 -0.606833 -1.89716 2707.22 -0.200058 -0.581552 0.0653971 0.213788 2706.51 61.3716 -0.576296 0.573318 -61.3669 2706.15 -0.000704225 2.77645e-05 -0.000224092 -0.000700585 0.999725 -7.38779e-05 -0.000214756 2.41499e-05 7.89481e-05 0.999463 0.0226634 -0.000212816 0.000211716 -0.0226617 0.999332
3.4 0.000650367 2568.77 -1.95582 0.0770772 -0.559384 -1.94585 2568.03 -0.208441 -0.593093 0.0673546 0.223425 2567.25 62.3318 -0.529202 0.584215 -62.3267 2566.9 -0.000761384 3.00055e-05 -0.000217763 -0.000757504 0.999711 -8.11444e-05 -0.000230886 2.62206e-05 8.69775e-05 0.999409 0.0242652 -0.000206014 0.00022743 -0.0242632 0.999272
3.5 0.000669472 2431.96 -2.00095 0.0787681 -0.513462 -1.99091 2431.22 -0.216025 -0.602954 0.0691667 0.232303 2430.38 63.0971 -0.483775 0.593416 -63.0914 2430.03 -0.000822771 3.23887e-05 -0.000211131 -0.000818643 0.999695 -8.88276e-05 -0.000247929 2.84407e-05 9.55208e-05 0.99935 0.0259449 -0.000198924 0.000244007 -0.0259426 0.999205
3.6 0.000688575 2297.84 -2.04237 0.080248 -0.46916 -2.0323 2297.1 -0.222791 -0.611088 0.0708248 0.240398 2296.19 63.6641 -0.440103 0.600878 -63.6579 2295.84 -0.000888823 3.49233e-05 -0.000204174 -0.000884438 0.999677 -9.69569e-05 -0.00026594 3.08224e-05 0.000104619 0.999284 0.0277061 -0.000191529 0.000261497 -0.0277034 0.99913
3.7 0.000707676 2166.68 -2.08009 0.0815085 -0.426558 -2.07002 2165.94 -0.228726 -0.617463 0.0723212 0.247689 2164.96 64.0311 -0.398258 0.606571 -64.0243 2164.61 -0.000960039 3.76191e-05 -0.000196872 -0.00095539 0.999658 -0.000105566 -0.000284982 3.33789e-05 0.000114318 0.99921 0.0295527 -0.00018381 0.000279955 -0.0295496 0.999047
3.8 0.000726775 2038.73 -2.11415 0.0825424 -0.385726 -2.10412 2037.99 -0.233823 -0.622056 0.0736495 0.254164 2036.95 64.1975 -0.358299 0.610475 -64.1901 2036.6 -0.00103699 4.04872e-05 -0.000189199 -0.00103207 0.999637 -0.00011469 -0.000305119 3.61252e-05 0.000124668 0.999127 0.031489 -0.000175746 0.000299439 -0.0314853 0.998954
3.9 0.000745871 1914.24 -2.14462 0.0833445 -0.346717 -2.13467 1913.5 -0.238079 -0.624858 0.0748045 0.259813 1912.39 64.1643 -0.320272 0.612583 -64.1563 1912.04 -0.00112035 4.35393e-05 -0.000181125 -0.00111515 0.999614 -0.000124372 -0.000326426 3.9078e-05 0.000135727 0.999035 0.0335195 -0.000167311 0.000320014 -0.0335153 0.998852
4 0.000764965 1793.41 -2.1716 0.0839109 -0.309575 -2.16176 1792.67 -0.241497 -0.62587 0.0757827 0.264631 1791.5 63.9335 -0.28421 0.612901 -63.9249 1791.14 -0.00121088 4.67885e-05 -0.000172618 -0.00120539 0.999589 -0.000134658 -0.000348983 4.22562e-05 0.000147558 0.998933 0.0356492 -0.000158475 0.000341752 -0.0356444 0.998737
4.1 0.000784057 1676.43 -2.19521 0.0842395 -0.274333 -2.18553 1675.7 -0.244085 -0.625107 0.0765818 0.26862 1674.45 63.5089 -0.250132 0.611444 -63.4996 1674.1 -0.00130945 5.02492e-05 -0.000163641 -0.00130368 0.99956 -0.000145598 -0.000372879 4.56814e-05 0.000160233 0.998818 0.0378833 -0.000149205 0.000364729 -0.0378778 0.998609
4.2 0.000803147 1563.48 -2.21561 0.08433 -0.24101 -2.20612 1562.74 -0.245857 -0.622593 0.077201 0.271782 1561.43 62.8949 -0.218045 0.60824 -62.885 1561.08 -0.0014171 5.39375e-05 -0.00015415 -0.00141103 0.999529 -0.00015725 -0.00039821 4.93777e-05 0.000173832 0.998691 0.0402276 -0.000139461 0.00038903 -0.0402212 0.998467
4.3 0.000822234 1454.68 -2.23297 0.0841839 -0.209616 -2.22371 1453.95 -0.246829 -0.618365 0.0776412 0.274128 1452.57 62.0977 -0.187946 0.60333 -62.0871 1452.22 -0.00153502 5.78709e-05 -0.000144097 -0.00152865 0.999495 -0.000169679 -0.000425085 5.33732e-05 0.000188445 0.998548 0.042688 -0.000129201 0.00041475 -0.0426808 0.998308
4.4 0.000841318 1350.17 -2.24749 0.0838045 -0.180149 -2.2385 1349.44 -0.247023 -0.612471 0.0779049 0.275669 1348 61.124 -0.15982 0.596763 -61.1128 1347.65 -0.0016646 6.20694e-05 -0.000133427 -0.00165793 0.999456 -0.000182956 -0.000453623 5.76998e-05 0.000204173 0.998389 0.0452712 -0.00011837 0.000441989 -0.0452629 0.99813
4.5 0.0008604 1250.05 -2.2594 0.0831968 -0.152599 -2.2507 1249.31 -0.246463 -0.604966 0.077996 0.276423 1247.81 59.982 -0.133642 0.588598 -59.9701 1247.46 -0.00180745 6.65551e-05 -0.000122075 -0.00180049 0.999413 -0.000197163 -0.000483956 6.23945e-05 0.000221131 0.998211 0.0479839 -0.00010691 0.000470861 -0.0479744 0.997932
4.6 0.00087948 1154.37 -2.2689 0.0823679 -0.126945 -2.26054 1153.64 -0.245177 -0.595919 0.0779203 0.276409 1152.08 58.6807 -0.109377 0.578906 -58.6681 1151.73 -0.00196549 7.1353e-05 -0.000109969 -0.00195825 0.999365 -0.00021239 -0.000516229 6.75002e-05 0.000239446 0.998012 0.0508335 -9.47506e-05 0.00050149 -0.0508225 0.99771
4.7 0.000898556 1063.21 -2.27627 0.0813264 -0.103158 -2.26827 1062.47 -0.243198 -0.585407 0.077685 0.27565 1060.86 57.2298 -0.0869839 0.567765 -57.2165 1060.51 -0.00214094 7.64916e-05 -9.70251e-05 -0.00213342 0.999312 -0.00022874 -0.000550605 7.30667e-05 0.000259263 0.997788 0.0538275 -8.18128e-05 0.000534012 -0.053815 0.997462
4.8 0.00091763 976.584 -2.28174 0.0800829 -0.0812018 -2.27414 975.853 -0.240558 -0.573512 0.077299 0.274171 974.179 55.6399 -0.0664111 0.555262 -55.6259 973.833 -0.00233645 8.20032e-05 -8.31489e-05 -0.00232867 0.999252 -0.000246326 -0.000587264 7.91524e-05 0.000280745 0.997538 0.056974 -6.80035e-05 0.000568576 -0.0569597 0.997183
4.9 0.000936701 894.514 -2.28558 0.0786497 -0.0610334 -2.27841 893.784 -0.237294 -0.560329 0.0767726 0.271999 892.06 53.9223 -0.0476022 0.541492 -53.9076 891.714 -0.0025551 8.79245e-05 -6.82308e-05 -0.00254709 0.999184 -0.000265277 -0.000626406 8.58261e-05 0.000304075 0.997257 0.0602811 -5.32157e-05 0.000605348 -0.0602647 0.99687
5 0.00095577 816.989 -2.28805 0.0770406 -0.0426028 -2.28134 816.26 -0.233443 -0.545956 0.0761177 0.269165 814.49 52.0887 -0.0304944 0.526556 -52.0734 814.145 -0.00280059 9.42982e-05 -5.21461e-05 -0.00279238 0.999108 -0.000285736 -0.000668254 9.31686e-05 0.00032946 0.996941 0.063757 -3.73254e-05 0.000644508 -0.0637381 0.996519
5.1 0.000974835 743.982 -2.28943 0.0752711 -0.0258548 -2.28321 743.254 -0.229043 -0.5305 0.0753476 0.2657 741.441 50.1515 -0.0150204 0.510561 -50.1355 741.097 -0.00307727 0.000101173 -3.47519e-05 -0.0030689 0.999021 -0.000307861 -0.000713054 0.000101276 0.000357132 0.996585 0.0674096 -2.01893e-05 0.000686254 -0.067388 0.996122
5.2 0.000993897 675.448 -2.28999 0.0733582 -0.0107295 -2.28427 674.721 -0.224135 -0.51407 0.0744768 0.261636 672.87 48.1233 -0.00110886 0.493619 -48.1066 672.527 -0.00339032 0.000108607 -1.58851e-05 -0.00338186 0.998923 -0.000331832 -0.000761079 0.000110263 0.000387351 0.996183 0.0712464 -1.64166e-06 0.000730802 -0.0712217 0.995675
5.3 0.00101296 611.326 -2.28998 0.0713201 0.0028367 -2.2848 610.599 -0.218759 -0.496782 0.0735211 0.257007 608.715 46.0169 0.0113146 0.475847 -45.9996 608.373 -0.00374592 0.000116665 4.64025e-06 -0.00373744 0.998811 -0.000357844 -0.00081263 0.000120265 0.000420409 0.995729 0.0752739 1.85084e-05 0.000778385 -0.0752456 0.99517
5.4 0.00103201 551.537 -2.28967 0.0691765 0.0149109 -2.28504 550.811 -0.212956 -0.478755 0.0724972 0.251847 548.899 43.8454 0.0223265 0.457364 -43.8274 548.558 -0.00415143 0.000125425 2.70351e-05 -0.00414303 0.998684 -0.000386114 -0.000868037 0.000131446 0.000456628 0.995216 0.0794968 4.04805e-05 0.000829254 -0.0794642 0.994598
5.5 0.00105107 495.989 -2.28929 0.066948 0.0255622 -2.28524 495.264 -0.206765 -0.460109 0.0714229 0.246192 493.328 41.6219 0.0320045 0.438293 -41.6033 492.988 -0.00461561 0.000134979 5.15378e-05 -0.00460744 0.998538 -0.000416874 -0.00092766 0.000144001 0.000496366 0.994635 0.0839169 6.45267e-05 0.000883675 -0.0838794 0.993949
5.6 0.00107012 444.577 -2.28911 0.0646561 0.0348618 -2.28565 443.853 -0.200227 -0.440969 0.0703167 0.240076 441.898 39.3594 0.040427 0.418757 -39.3402 441.559 -0.00514895 0.000145433 7.84157e-05 -0.00514117 0.998371 -0.000450377 -0.000991883 0.000158165 0.000540011 0.993975 0.0885322 9.09335e-05 0.000941923 -0.0884891 0.993212
5.7 0.00108916 397.182 -2.28933 0.0623232 0.0428816 -2.28648 396.458 -0.193381 -0.421456 0.0691979 0.233535 394.491 37.0708 0.0476718 0.39888 -37.051 394.153 -0.00576393 0.000156914 0.000107965 -0.00575675 0.998178 -0.000486883 -0.00106112 0.000174222 0.00058798 0.993224 0.0933345 0.000120025 0.00100428 -0.0932848 0.992373
5.8 0.00110821 353.674 -2.29017 0.0599723 0.0496942 -2.28794 352.952 -0.186265 -0.401695 0.0680858 0.226602 350.976 34.7687 0.053816 0.378785 -34.7485 350.639 -0.00647536 0.000169569 0.000140508 -0.00646905 0.997956 -0.000526657 -0.00113578 0.00019251 0.000640709 0.992371 0.0983071 0.000152163 0.001071 -0.0982499 0.991418
5.9 0.00112725 313.916 -2.29182 0.0576267 0.0553715 -2.29023 313.194 -0.178915 -0.381807 0.0670004 0.219313 311.216 32.4655 0.0589353 0.358594 -32.4448 310.88 -0.00730076 0.000183574 0.00017639 -0.00729568 0.9977 -0.000569948 -0.00121627 0.000213435 0.000698636 0.991399 0.103421 0.000187742 0.00114233 -0.103355 0.990329
6 0.00172656 277.758 -2.29447 0.0553099 0.0599853 -2.29352 277.037 -0.171368 -0.361913 0.0659616 0.2117 275.061 30.1732 0.0631028 0.338429 -30.152 274.727 -0.00826069 0.00019913 0.000215962 -0.00825727 0.997403 -0.000616968 -0.00130298 0.000237479 0.000762173 0.990292 0.108631 0.000227186 0.00121843 -0.108555 0.989087
6.2 0.00236869 215.619 -2.30337 0.0508572 0.0663008 -2.30372 214.9 -0.155811 -0.32257 0.0641022 0.195632 212.946 25.6662 0.0688625 0.298635 -25.6442 212.613 -0.0106825 0.000235865 0.00030749 -0.0106842 0.996661 -0.00072262 -0.00149601 0.000297293 0.0009073 0.9876 0.119035 0.00031937 0.00138501 -0.118933 0.986058
6.4 0.00244479 165.953 -2.31788 0.0467988 0.0691801 -2.31956 165.235 -0.139841 -0.284555 0.06266 0.178647 163.323 21.3324 0.0716218 0.260289 -21.3098 162.992 -0.0139671 0.000282 0.000416865 -0.0139772 0.99567 -0.000842652 -0.00171467 0.000377576 0.00107649 0.984148 0.128545 0.000431578 0.00156845 -0.128408 0.982158
6.6 0.00252085 127.394 -2.33871 0.0433098 0.0691245 -2.34171 126.677 -0.123673 -0.248673 0.0617756 0.160975 124.826 17.2459 0.0718486 0.224194 -17.2227 124.498 -0.0183581 0.000339966 0.000542602 -0.0183816 0.994369 -0.000970786 -0.00195199 0.000484916 0.00126359 0.979835 0.135374 0.000563985 0.00175984 -0.135192 0.97726
6.8 0.00259689 98.5546 -2.36624 0.0405483 0.0665897 -2.37053 97.8383 -0.107488 -0.215627 0.0615707 0.142826 96.0642 13.4685 0.069946 0.191048 -13.4451 95.7383 -0.0240094 0.00041143 0.000675663 -0.0240529 0.992732 -0.00109065 -0.00218789 0.000624737 0.00144921 0.974731 0.13666 0.000709719 0.0019385 -0.136423 0.971425
7 0.00267289 78.0553 -2.40048 0.0386494 0.0619816 -2.40603 77.34 -0.091438 -0.185998 0.0621426 0.124392 75.658 10.0492 0.0662512 0.16143 -10.0257 75.3342 -0.0307536 0.000495154 0.000794073 -0.0308246 0.990836 -0.00117145 -0.0023829 0.000796135 0.00159364 0.969287 0.128745 0.000848772 0.00206815 -0.128444 0.965139
7.2 0.00274886 64.558 -2.44119 0.0377195 0.0556554 -2.44793 63.8435 -0.0756425 -0.160237 0.0635586 0.105845 62.2655 7.02366 0.0610376 0.135787 -7.00021 61.9438 -0.0378139 0.000584273 0.0008621 -0.0379183 0.988932 -0.0011717 -0.00248206 0.00098452 0.00163953 0.96449 0.108796 0.00094547 0.00210333 -0.108433 0.959506
7.4 0.0028248 56.7885 -2.48782 0.037831 0.0479172 -2.49569 56.0747 -0.0601973 -0.138653 0.0658519 0.087341 54.6098 4.41383 0.0545213 0.114428 -4.39063 54.2899 -0.0438085 0.000666173 0.000843783 -0.0439471 0.987429 -0.00106003 -0.00244156 0.0011596 0.001538 0.961634 0.077724 0.000960076 0.00201498 -0.0773154 0.956001
7.6 0.00290071 53.5588 -2.53962 0.0390187 0.0390284 -2.54852 52.8454 -0.0451769 -0.121412 0.0690181 0.0690255 51.4995 2.22884 0.0468693 0.0975211 -2.20605 51.1815 -0.0474174 0.000728521 0.000728703 -0.0475836 0.98668 -0.000843501 -0.00226689 0.00128864 0.00128878 0.96155 0.0416149 0.0008751 0.00182082 -0.0411894 0.955612
7.8 0.00297657 53.7829 -2.59564 0.0412771 0.0292121 -2.60547 53.0697 -0.0306407 -0.10854 0.0730135 0.0510325 51.8457 0.46564 0.0382103 0.085096 -0.443423 51.5293 -0.0482615 0.000767477 0.000543148 -0.0484442 0.98674 -0.000569711 -0.00201811 0.00135756 0.000948861 0.963981 0.00865777 0.000710454 0.00158221 -0.0082447 0.958099
8 0.00305241 56.4888 -2.65482 0.0445589 0.0186596 -2.66545 55.7757 -0.0166383 -0.0999272 0.077755 0.0334904 54.6733 -0.889822 0.0286462 0.0770488 0.911324 54.3585 -0.0469973 0.000788809 0.000330324 -0.0471855 0.987376 -0.000294541 -0.00176897 0.00137647 0.000592869 0.967861 -0.0157522 0.000507112 0.00136397 0.0161328 0.962289
8.2 0.0031282 60.826 -2.71601 0.0487754 0.00753904 -2.72731 60.1128 -0.003215 -0.0953406 0.083121 0.0165245 59.129 -1.86114 0.0182643 0.0731532 1.88181 58.8157 -0.0446522 0.000801883 0.000123944 -0.0448379 0.988274 -5.28557e-05 -0.00156743 0.00136654 0.000271668 0.9721 -0.0305978 0.000300271 0.00120266 0.0309375 0.966948
8.4 0.00320396 66.0688 -2.77805 0.0537984 -0.00399743 -2.78987 65.3552 0.00958305 -0.0944354 0.0889545 0.000259293 64.4844 -2.47986 0.00714871 0.073074 2.49959 64.1723 -0.0420478 0.000814278 -6.0504e-05 -0.0422267 0.989199 0.000145046 -0.00142935 0.00134639 3.9246e-06 0.976018 -0.0375345 0.000108201 0.00110603 0.0378331 0.971294
8.6 0.00327968 71.6154 -2.83978 0.0594634 -0.0158061 -2.85196 70.9012 0.021705 -0.096774 0.0950674 -0.0151793 70.1353 -2.78372 -0.00460942 0.0763827 2.80243 69.8243 -0.0396532 0.000830315 -0.000220708 -0.0398233 0.990028 0.000303078 -0.0013513 0.00132747 -0.000211956 0.979333 -0.0388704 -6.43636e-05 0.00106657 0.0391317 0.97499
8.8 0.00335535 76.9843 -2.90011 0.0655745 -0.0277457 -2.9125 76.2693 0.0330923 -0.101844 0.101246 -0.0296634 75.5984 -2.81489 -0.0169033 0.0825767 2.83252 75.2883 -0.0376715 0.000851791 -0.000360408 -0.0378324 0.990713 0.000429857 -0.00132292 0.00131516 -0.000385318 0.981998 -0.0365645 -0.000219568 0.00107264 0.0367935 0.97797
9 0.00343099 81.8074 -2.95807 0.0719103 -0.0396724 -2.97049 81.0915 0.0436762 -0.10908 0.107259 -0.0430629 80.5041 -2.61819 -0.0296041 0.0910986 2.63472 80.1948 -0.036159 0.00087902 -0.000484949 -0.0363108 0.991249 0.000533891 -0.00133337 0.00131112 -0.000526394 0.984069 -0.0320044 -0.000361876 0.00111357 0.0322063 0.980289
9.2 0.00350659 85.8211 -3.01278 0.0782315 -0.0514365 -3.02506 85.1041 0.0533782 -0.117884 0.112864 -0.0552467 84.5878 -2.23943 -0.0425571 0.101357 2.25484 84.2792 -0.0351053 0.000911564 -0.000599345 -0.0352485 0.991645 0.000621971 -0.0013736 0.00131511 -0.000643742 0.985629 -0.0260942 -0.000495882 0.00118102 0.0262737 0.982033
9.4 0.00358214 88.8557 -3.06351 0.0842884 -0.0628811 -3.07549 88.1374 0.0621099 -0.127647 0.117817 -0.0660847 87.679 -1.72386 -0.0555804 0.112745 1.73815 87.3709 -0.0344774 0.000948598 -0.000707677 -0.0346122 0.991916 0.000698997 -0.00143657 0.00132594 -0.000743731 0.986757 -0.0194007 -0.000625513 0.00126886 0.0195615 0.983289
9.6 0.00365765 90.8229 -3.10969 0.0898299 -0.0738423 -3.1212 90.1032 0.0697752 -0.137772 0.121881 -0.075451 89.6894 -1.11479 -0.0684663 0.124665 1.12801 89.3817 -0.034239 0.000989066 -0.000813036 -0.0343658 0.992075 0.000768256 -0.00151693 0.00134196 -0.000830748 0.98752 -0.0122744 -0.000753844 0.00137262 0.0124199 0.984131
9.8 0.00373311 91.704 -3.15088 0.0946123 -0.0841508 -3.16177 90.9827 0.0762739 -0.147688 0.124833 -0.0832269 90.6005 -0.452475 -0.0809849 0.136542 0.464659 90.293 -0.0343593 0.00103171 -0.000917635 -0.034478 0.992135 0.00083174 -0.00161049 0.00136126 -0.00090756 0.987967 -0.00493408 -0.000883112 0.00148894 0.00506694 0.984613
10 0.00380853 91.5364 -3.18679 0.098408 -0.0936352 -3.19692 90.8135 0.0815049 -0.156874 0.126477 -0.0893056 90.4504 0.226859 -0.0928903 0.14784 -0.21564 90.143 -0.0348145 0.00107507 -0.00102293 -0.0349251 0.992102 0.00089041 -0.00171379 0.00138172 -0.000975629 0.988136 0.00247835 -0.00101479 0.00161509 -0.00235579 0.984777
10.2 0.0038839 90.4018 -3.21726 0.101014 -0.102126 -3.22649 89.6772 0.0853716 -0.164868 0.126648 -0.0935964 89.3217 0.891657 -0.103928 0.15808 -0.881324 89.0143 -0.0355884 0.00111738 -0.00112969 -0.0356906 0.991984 0.000944357 -0.00182372 0.00140094 -0.00103534 0.988052 0.00986326 -0.00114962 0.00174864 -0.00974897 0.984651
10.4 0.00395923 88.414 -3.24222 0.102258 -0.109463 -3.25045 87.6876 0.0877866 -0.171279 0.125218 -0.0960292 87.3293 1.51549 -0.113843 0.16685 -1.50596 87.0219 -0.0366709 0.00115658 -0.00123807 -0.036764 0.991784 0.000992903 -0.00193724 0.00141626 -0.00108613 0.987732 0.0171409 -0.00128761 0.00188715 -0.017033 0.984254
10.6 0.0040345 85.708 -3.2617 0.102007 -0.115496 -3.26884 84.9798 0.0886769 -0.1758 0.122103 -0.0965589 84.6099 2.07728 -0.122391 0.173811 -2.06845 84.3023 -0.0380559 0.00119016 -0.00134755 -0.0381393 0.991504 0.00103464 -0.00205115 0.00142464 -0.0011266 0.987187 0.0242367 -0.001428 0.00202794 -0.0241337 0.983598
10.8 0.00410973 82.4305 -3.27578 0.100171 -0.120096 -3.28177 81.7005 0.0879894 -0.178207 0.117268 -0.0951688 81.3115 2.56127 -0.129348 0.178704 -2.55305 81.0037 -0.03974 0.00121522 -0.00145694 -0.0398126 0.991144 0.00106744 -0.00216191 0.00142263 -0.00115453 0.986425 0.0310719 -0.00156917 0.00216794 -0.0309722 0.982691
11 0.00418491 78.7312 -3.28459 0.0967072 -0.123158 -3.28938 77.9994 0.0856951 -0.178366 0.110726 -0.0918743 77.5856 2.95687 -0.134515 0.181355 -2.94915 77.2775 -0.0417191 0.00122832 -0.00156428 -0.0417799 0.990706 0.00108845 -0.00226551 0.00140638 -0.00116694 0.98545 0.0375566 -0.00170853 0.00230347 -0.0374585 0.981537
11.2 0.00426003 74.756 -3.28826 0.0916209 -0.124603 -3.29183 74.0225 0.0817932 -0.176226 0.102539 -0.0867247 73.5798 3.25828 -0.137734 0.181669 -3.25097 73.2714 -0.0439866 0.0012256 -0.0016668 -0.0440343 0.990189 0.00109414 -0.00235735 0.00137164 -0.0011601 0.984266 0.0435856 -0.00184245 0.00243015 -0.0434878 0.980141
11.4 0.00433511 70.6415 -3.28692 0.0849659 -0.124389 -3.28926 69.9064 0.076314 -0.171821 0.0928168 -0.0798048 69.4322 3.46404 -0.138889 0.179631 -3.45704 69.1236 -0.0465296 0.00120278 -0.00176085 -0.0465628 0.989594 0.0010803 -0.00243229 0.00131391 -0.00112972 0.982882 0.0490369 -0.00196611 0.00254285 -0.0489379 0.978512
11.6 0.00441013 66.5106 -3.28065 0.0768433 -0.122505 -3.28181 65.774 0.0693211 -0.165257 0.0817146 -0.0712351 65.2674 3.57644 -0.137914 0.175299 -3.56968 64.9584 -0.0493253 0.00115536 -0.00184189 -0.0493428 0.988925 0.00104226 -0.00248467 0.0012286 -0.00107103 0.981308 0.0537725 -0.00207356 0.00263566 -0.0536708 0.976662
11.8 0.0044851 62.4697 -3.26954 0.0673975 -0.118979 -3.26956 61.7317 0.060912 -0.156706 0.069426 -0.0611703 61.1931 3.60093 -0.134795 0.168798 -3.59432 60.8837 -0.052338 0.00107888 -0.00190459 -0.0523384 0.988186 0.000975065 -0.0025085 0.00111135 -0.0009792 0.979564 0.0576429 -0.00215777 0.00270209 -0.0575371 0.974612
12 0.0139046 58.6073 -3.25359 0.0568115 -0.113875 -3.25255 57.868 0.0512177 -0.146395 0.0561774 -0.0497979 57.299 3.54545 -0.129574 0.160308 -3.53893 56.9893 -0.0555151 0.000969358 -0.00194302 -0.0554973 0.987385 0.000873914 -0.00249789 0.00095854 -0.000849688 0.977677 0.060495 -0.00221089 0.00273528 -0.0603838 0.972393
13 0.0246683 43.7917 -3.09926 -0.00499775 -0.0691887 -3.09442 43.048 -0.00992341 -0.0786541 -0.0152224 0.0183401 42.3814 2.44229 -0.0768999 0.0968856 -2.43576 42.0703 -0.0707727 -0.000114126 -0.00157995 -0.0706623 0.983017 -0.000226605 -0.0017961 -0.000347609 0.000418804 0.967795 0.0557706 -0.00175604 0.00221242 -0.0556214 0.960692
14 0.0265294 37.1948 -2.81249 -0.0587555 -0.0101168 -2.80679 36.4502 -0.0702721 -0.0111862 -0.0718939 0.0803911 35.8029 0.963653 -0.0026913 0.0243684 -0.957654 35.4913 -0.0756153 -0.00157967 -0.000271994 -0.075462 0.979982 -0.0018893 -0.000300745 -0.0019329 0.00216135 0.962579 0.0259083 -7.2357e-05 0.000655156 -0.025747 0.954202
15 0.0283823 35.8067 -2.40534 -0.0831731 0.0382765 -2.40077 35.0641 -0.101776 0.0319391 -0.0947923 0.107318 34.5193 0.0346067 0.0580172 -0.0306011 -0.0311111 34.209 -0.0671758 -0.00232284 0.00106898 -0.0670482 0.97926 -0.00284238 0.000891987 -0.00264734 0.00299716 0.964045 0.000966488 0.00162029 -0.000854618 -0.000868864 0.955379
16 0.0302266 35.8926 -1.94505 -0.0781507 0.060907 -1.94218 35.1539 -0.092142 0.0490223 -0.0867018 0.088544 34.7242 -0.122429 0.0833848 -0.059766 0.121249 34.4183 -0.0541908 -0.00217735 0.00169692 -0.0541108 0.979418 -0.00256716 0.0013658 -0.00241559 0.00246691 0.967445 -0.00341098 0.00232317 -0.00166513 0.00337811 0.958924
17 0.0320617 35.3052 -1.53419 -0.0591454 0.0571428 -1.53295 34.5723 -0.0507021 0.050838 -0.0641927 0.0360592 34.2076 0.245657 0.0729534 -0.0675687 -0.252255 33.9107 -0.0434551 -0.00167526 0.00161854 -0.0434198 0.979239 -0.00143611 0.00143995 -0.00181822 0.00102136 0.968911 0.00695809 0.00206636 -0.00191384 -0.00714496 0.9605
18 0.0338871 33.5142 -1.24782 -0.0422804 0.0369514 -1.24817 32.7894 -0.00113346 0.0460651 -0.0434963 -0.0236884 32.4112 0.716831 0.0413897 -0.0603591 -0.727059 32.127 -0.0372325 -0.00126157 0.00110256 -0.0372431 0.978375 -3.38204e-05 0.0013745 -0.00129785 -0.000706817 0.967091 0.0213889 0.00123499 -0.001801 -0.0216941 0.95861
19 0.0357021 30.9993 -1.08677 -0.0343969 0.0145611 -1.08853 30.2853 0.0328043 0.0353848 -0.0326906 -0.0642146 29.8321 0.920238 0.00771243 -0.0414071 -0.930313 29.5619 -0.0350578 -0.0011096 0.000469723 -0.0351147 0.976967 0.00105823 0.00114147 -0.00105456 -0.00207149 0.962349 0.0296858 0.000248794 -0.00133574 -0.0300108 0.953631
20 0.0375062 28.6276 -0.990817 -0.0333146 0.00226741 -0.993017 27.9252 0.0396693 0.0156233 -0.0320403 -0.0720286 27.3912 0.717044 -0.0128516 -0.0130544 -0.723496 27.1329 -0.0346105 -0.00116372 7.92035e-05 -0.0346874 0.975464 0.0013857 0.000545744 -0.00111921 -0.00251605 0.956811 0.0250473 -0.000448924 -0.000456005 -0.0252727 0.947787
21 0.0392989 27.0361 -0.896931 -0.0332862 0.00493609 -0.898019 26.3433 0.0244476 -0.012925 -0.0368842 -0.0519602 25.7803 0.264403 -0.013582 0.0192656 -0.26663 25.5303 -0.0331753 -0.00123118 0.000182574 -0.0332156 0.974376 0.000904257 -0.000478065 -0.00136426 -0.00192188 0.953554 0.00977966 -0.000502366 0.00071259 -0.00986203 0.944305
22 0.0410797 26.236 -0.787493 -0.0295365 0.0178288 -0.786528 25.5483 0.00267716 -0.0429885 -0.0399754 -0.0218724 25.026 -0.120753 0.00212259 0.046325 0.119913 24.7818 -0.0300158 -0.0011258 0.000679556 -0.029979 0.973791 0.000102041 -0.00163853 -0.00152369 -0.000833682 0.953882 -0.00460258 8.0904e-05 0.00176571 0.00457057 0.944575
23 0.0428479 25.7183 -0.687661 -0.0206629 0.0304793 -0.685283 25.0309 -0.0114563 -0.0633758 -0.0349563 0.000314903 24.584 -0.211036 0.0233464 0.059142 0.207561 24.3459 -0.0267382 -0.000803434 0.00118512 -0.0266458 0.973274 -0.000445454 -0.00246423 -0.0013592 1.22443e-05 0.955897 -0.00820569 0.000907773 0.00229961 0.00807056 0.946638
24 0.0446031 24.9281 -0.622032 -0.00961406 0.0341749 -0.620069 24.2377 -0.0147212 -0.0665595 -0.0210512 0.00844742 23.845 -0.0193942 0.0378694 0.0551378 0.011517 23.6146 -0.0249531 -0.000385672 0.00137094 -0.0248743 0.972306 -0.000590545 -0.00267006 -0.000844476 0.000338872 0.956552 -0.000778008 0.00151914 0.00221187 0.000462011 0.947307
25 0.0463447 23.6503 -0.578385 -0.00193241 0.0264936 -0.57831 22.9559 -0.0147175 -0.0549951 -0.00430463 0.00969507 22.5638 0.260449 0.0380382 0.0412451 -0.270463 22.3417 -0.0244557 -8.17075e-05 0.00112022 -0.0244525 0.97064 -0.000622297 -0.00232535 -0.000182012 0.000409934 0.954058 0.0110125 0.00160836 0.00174396 -0.0114359 0.944671
26 0.0480722 22.0285 -0.515636 -0.000522166 0.00987284 -0.5173 21.3303 -0.0202566 -0.0400918 0.00784563 0.014781 20.8959 0.430683 0.0228922 0.0298752 -0.437922 20.6807 -0.0234077 -2.37041e-05 0.000448185 -0.0234832 0.968305 -0.000919562 -0.00182 0.000356158 0.000670993 0.948583 0.0195512 0.00103921 0.00135621 -0.0198798 0.938816
27 0.049785 20.3467 -0.406942 -0.00121758 -0.011706 -0.408661 19.6449 -0.0312936 -0.0332163 0.013908 0.0261363 19.1617 0.413239 -0.00268756 0.0293739 -0.413557 18.9502 -0.0200004 -5.98417e-05 -0.000575326 -0.0200849 0.965507 -0.00153802 -0.00163252 0.000683549 0.00128455 0.941761 0.0203099 -0.000132088 0.00144367 -0.0203255 0.931362
28 0.0514827 18.8465 -0.27273 0.00454262 -0.0329031 -0.2725 18.141 -0.0384888 -0.0361283 0.01899 0.0355011 17.6335 0.251586 -0.0293301 0.0369305 -0.244379 17.4227 -0.0144711 0.000241032 -0.00174585 -0.0144589 0.962564 -0.00204222 -0.00191698 0.00100762 0.0018837 0.935637 0.0133492 -0.00155626 0.00195954 -0.0129668 0.92445
29 0.0531646 17.6704 -0.167865 0.0204019 -0.0455952 -0.164649 16.9613 -0.0331656 -0.0403145 0.0272832 0.033234 16.4615 0.0456819 -0.0454479 0.0414379 -0.0341967 16.2509 -0.00949975 0.00115458 -0.00258031 -0.00931777 0.959869 -0.0018769 -0.00228147 0.001544 0.00188077 0.931586 0.00258522 -0.00257197 0.00234504 -0.00193525 0.919664
30 0.0548304 16.8483 -0.132852 0.0386738 -0.0416038 -0.127087 16.1365 -0.017435 -0.0365534 0.0351862 0.0195146 15.6638 -0.107389 -0.0426817 0.0346681 0.118039 15.4552 -0.00788518 0.00229541 -0.00246932 -0.007543 0.95775 -0.00103482 -0.00216956 0.00208841 0.00115825 0.929696 -0.00637388 -0.00253329 0.00205766 0.007006 0.917311
31 0.0564795 16.2797 -0.155534 0.0454749 -0.0201299 -0.148806 15.5667 -0.00340328 -0.0251227 0.0340387 0.00536403 15.1201 -0.150515 -0.0227728 0.0199562 0.156082 14.9164 -0.0095539 0.00279335 -0.00123651 -0.00914059 0.956203 -0.000209051 -0.00154319 0.00209087 0.000329492 0.928772 -0.00924558 -0.00139885 0.00122583 0.00958752 0.91626
32 0.0581114 15.7713 -0.180559 0.0338472 0.00790862 -0.174853 15.0587 -0.00151034 -0.0157389 0.0201982 0.0019265 14.621 -0.0908618 0.00101391 0.00919279 0.0898528 14.4248 -0.0114486 0.00214613 0.000501457 -0.0110868 0.95482 -9.57654e-05 -0.000997949 0.00128069 0.000122152 0.927063 -0.00576122 6.42884e-05 0.000582881 0.00569724 0.914622
33 0.0597256 15.1611 -0.157733 0.0113893 0.0258845 -0.15468 14.4501 -0.009803 -0.0171404 0.0009135 0.00898764 13.9998 0.00203814 0.0123278 0.0109582 -0.00806162 13.8121 -0.0104038 0.000751221 0.00170729 -0.0102024 0.953104 -0.000646589 -0.00113055 6.02529e-05 0.000592809 0.923401 0.000134432 0.00081312 0.000722782 -0.00053173 0.91102
34 0.0613216 14.4338 -0.0832817 -0.00617384 0.0243209 -0.0836902 13.7247 -0.0155316 -0.0275454 -0.0113302 0.0148963 13.2504 0.0432572 0.00453407 0.0221974 -0.0508913 13.0709 -0.00576992 -0.000427735 0.001685 -0.00579822 0.950872 -0.00107606 -0.0019084 -0.000784977 0.00103205 0.918016 0.00299694 0.000314129 0.00153788 -0.00352585 0.90558
35 0.0628989 13.7046 0.00334375 -0.00904715 0.00853774 -0.000462927 12.997 -0.00786657 -0.0362333 -0.0103379 0.00836144 12.5049 -0.000501194 -0.013891 0.0319678 -0.00549981 12.3326 0.000243988 -0.000660154 0.000622983 -3.37789e-05 0.94837 -0.000574009 -0.00264387 -0.000754338 0.000610119 0.912458 -3.65712e-05 -0.0010136 0.00233263 -0.000401311 0.899887
36 0.064457 13.0826 0.0600986 -0.000647823 -0.00659964 0.0535878 12.3758 0.0110011 -0.0343121 -0.00141734 -0.00973501 11.8826 -0.0857467 -0.0270843 0.0326578 0.0827769 11.7165 0.00459377 -4.95177e-05 -0.000504458 0.0040961 0.945974 0.000840897 -0.00262272 -0.000108337 -0.000744117 0.908273 -0.00655423 -0.00207025 0.00249627 0.00632724 0.895576
37 0.0659956 12.5588 0.0786555 0.00824548 -0.00959914 0.0705677 11.8521 0.027435 -0.0231409 0.00472802 -0.0263999 11.3694 -0.138868 -0.0254679 0.0264926 0.138121 11.2087 0.00626298 0.00065655 -0.000764336 0.00561899 0.943726 0.00218452 -0.0018426 0.000376471 -0.00210211 0.905297 -0.0110574 -0.0020279 0.00210949 0.0109979 0.892495
38 0.067514 12.0346 0.0833862 0.0106487 -0.000604545 0.0752323 11.3278 0.0288245 -0.0121377 0.00233548 -0.0282972 10.8507 -0.129567 -0.0125438 0.0212171 0.129161 10.6951 0.00692885 0.000884839 -5.02338e-05 0.00625132 0.941271 0.00239513 -0.00100857 0.000194063 -0.00235131 0.901627 -0.0107662 -0.00104231 0.001763 0.0107324 0.88869
39 0.0690118 11.4469 0.100122 0.00788563 0.0114436 0.0935232 10.7406 0.0147417 -0.00925351 -0.00539153 -0.0136545 10.2516 -0.095389 0.000431982 0.020909 0.0940356 10.1015 0.00874663 0.000688886 0.000999709 0.00817016 0.938292 0.00128783 -0.000808384 -0.000471003 -0.00119285 0.895577 -0.00833315 3.77378e-05 0.0018266 0.00821492 0.882468
40 0.10628 10.842 0.130399 0.00472023 0.0179219 0.12621 10.1366 -0.00326642 -0.014165 -0.0112935 0.00662831 9.62236 -0.0944956 0.00513681 0.0221901 0.0923292 9.47904 0.0120272 0.000435365 0.001653 0.0116408 0.934934 -0.000301274 -0.00130649 -0.00104164 0.000611355 0.887508 -0.00871569 0.000473788 0.00204668 0.00851588 0.874288
42 0.146749 9.92417 0.165128 -0.000315915 0.0107707 0.16091 9.21881 -0.00656302 -0.0202563 -0.00909723 0.0162472 8.67595 -0.192812 -0.00349826 0.00929851 0.191527 8.54653 0.016639 -3.18329e-05 0.0010853 0.016214 0.928926 -0.000661317 -0.00204111 -0.000916674 0.00163713 0.874225 -0.0194285 -0.000352499 0.000936957 0.019299 0.861184
44 0.152348 9.19788 0.177371 -0.0134976 -0.000343008 0.162935 8.4871 0.0177534 -0.00503735 -0.0101176 -0.0080101 7.95972 -0.158348 -0.00330987 -0.0101014 0.156432 7.83571 0.0192839 -0.00146746 -3.7292e-05 0.0177144 0.922724 0.00193016 -0.000547665 -0.00109999 -0.000870864 0.865386 -0.0172157 -0.000359852 -0.00109823 0.0170074 0.851904
46 0.157761 8.20532 0.233408 -0.016057 -0.00536473 0.217429 7.48895 0.0127918 0.00304163 -0.0140946 -0.00995135 6.93988 -0.115206 0.00416572 -0.0045571 0.10987 6.81813 0.028446 -0.0019569 -0.000653811 0.0264985 0.912694 0.00155896 0.00037069 -0.00171774 -0.00121279 0.845778 -0.0140404 0.000507685 -0.000555383 0.0133901 0.830939
48 0.162982 7.39784 0.214642 -0.00124558 -0.000451932 0.210889 6.67954 -0.00212973 -0.00247863 -0.0037036 0.00304718 6.09602 -0.226371 0.00426868 0.00842317 0.218714 5.9839 0.0290141 -0.000168371 -6.10897e-05 0.0285068 0.902904 -0.000287885 -0.000335048 -0.000500632 0.000411901 0.824026 -0.0305996 0.000577017 0.0011386 0.0295645 0.808871
50 0.168004 6.84273 0.15386 0.00346359 0.0172269 0.156615 6.12742 -0.00159944 -0.00110696 0.000891509 0.00844602 5.5438 -0.234322 0.00442949 0.00551001 0.226784 5.44165 0.0224852 0.000506171 0.00251754 0.0228878 0.895465 -0.000233743 -0.000161772 0.000130286 0.00123431 0.810174 -0.034244 0.000647329 0.000805235 0.0331423 0.795246
52 0.172821 6.19636 0.177995 -0.0107816 0.0243816 0.178063 5.48763 -0.0085862 0.00286914 -0.00756595 0.0145391 4.89951 -0.168243 0.00671557 -0.00158426 0.164482 4.80391 0.0287257 -0.00173999 0.00393482 0.0287367 0.885621 -0.00138568 0.000463036 -0.00122103 0.0023464 0.790708 -0.0271519 0.00108379 -0.000255676 0.026545 0.775278
54 0.177428 5.60322 0.20239 -0.0115093 0.00632503 0.197882 4.89378 -0.0186112 -0.00107642 -0.00174039 0.0187309 4.27817 -0.200153 -0.00368068 0.00380044 0.199293 4.18503 0.0361203 -0.00205405 0.00112882 0.0353158 0.873388 -0.00332152 -0.000192108 -0.000310605 0.00334288 0.76352 -0.035721 -0.000656886 0.000678261 0.0355675 0.746898
56 0.181819 5.18087 0.159914 0.00333803 -0.00534799 0.153984 4.46401 -0.00860295 0.00245618 0.00539051 0.0092419 3.82644 -0.248648 -0.0116947 0.00580224 0.247334 3.73557 0.0308662 0.000644298 -0.00103226 0.0297217 0.861633 -0.00166052 0.000474087 0.00104046 0.00178385 0.738571 -0.0479936 -0.00225729 0.00111994 0.0477398 0.721032
58 0.185988 4.79516 0.124819 0.00531004 -0.000913641 0.124061 4.07437 0.0010574 0.00886754 -0.000144405 -0.00134882 3.42827 -0.233518 -0.00166924 0.000817998 0.233209 3.34908 0.0260302 0.00110738 -0.000190534 0.0258722 0.849684 0.000220515 0.00184927 -3.01147e-05 -0.000281288 0.714945 -0.0486987 -0.000348109 0.000170588 0.0486344 0.69843
60 0.286303 4.38473 0.136872 0.00137799 -0.000697388 0.141726 3.66283 0.00231281 0.0105134 -0.000646562 -0.00262196 3.00327 -0.207293 0.000887078 -0.00304759 0.208637 2.93752 0.0312155 0.00031427 -0.000159049 0.0323228 0.835361 0.000527469 0.00239774 -0.000147458 -0.000597976 0.684939 -0.0472761 0.000202311 -0.000695046 0.0475827 0.669943
64 0.394175 3.73171 0.102078 -0.0152594 -0.00212433 0.0994642 3.011 0.00499549 0.00442952 -0.0234721 -0.00152521 2.30404 -0.278337 0.00138327 -0.00346766 0.272838 2.25027 0.0273541 -0.00408911 -0.000569265 0.0266538 0.806869 0.00133866 0.00118699 -0.0062899 -0.000408717 0.617422 -0.074587 0.000370678 -0.00092924 0.0731135 0.603012
68 0.406626 3.21754 0.0193294 0.0225223 0.00449506 0.0179475 2.48687 -0.00130656 0.000128418 -0.00296011 0.00221544 1.79897 -0.220803 -0.0115768 0.00955554 0.22142 1.7545 0.00600751 0.00699987 0.00139705 0.00557803 0.772913 -0.000406073 3.9912e-05 -0.000919992 0.000688551 0.559113 -0.0686249 -0.00359802 0.00296983 0.0688168 0.545292
72 0.417095 2.81698 0.0382173 -0.00370793 -0.00325591 0.0404105 2.07978 0.00086968 0.00894017 0.00166878 0.00268581 1.30787 -0.286349 -0.00262059 -0.0123237 0.290464 1.29252 0.0135668 -0.00131628 -0.00115582 0.0143453 0.738301 0.000308728 0.00317367 0.000592401 0.000953436 0.464282 -0.101651 -0.000930282 -0.00437479 0.103112 0.458831
76 0.425533 2.55028 -0.0472124 -0.00129311 -0.00726465 -0.0400559 1.8065 0.00604605 0.00754134 0.00369771 -0.0132309 1.02159 -0.271555 -0.0120331 0.00497025 0.264353 1.02726 -0.0185126 -0.000507045 -0.00284857 -0.0157065 0.708353 0.00237074 0.00295707 0.00144992 -0.00518803 0.400581 -0.10648 -0.00471836 0.0019489 0.103656 0.402802
80 0.431897 2.31247 -0.0424807 -0.000279339 -0.00607653 -0.039057 1.55824 -0.00666812 -0.00465753 -0.0042787 0.00021353 0.722128 -0.302099 -0.00727898 0.00644612 0.294489 0.754914 -0.0183703 -0.000120796 -0.00262772 -0.0168897 0.67384 -0.00288355 -0.00201409 -0.00185027 9.23382e-05 0.312275 -0.130639 -0.0031477 0.00278754 0.127348 0.326453
84 0.436158 2.1843 -0.106806 0.00566964 -0.00670678 -0.102653 1.40854 -0.00865832 -0.00269968 0.00589668 -0.00944377 0.515251 -0.320476 -0.000135341 0.000274209 0.315199 0.587705 -0.048897 0.00259564 -0.00307045 -0.0469961 0.644849 -0.00396389 -0.00123595 0.00269958 -0.00432348 0.235889 -0.146718 -6.19611e-05 0.000125537 0.144302 0.269059
88 0.328636 2.06613 -0.0908366 -0.00445203 -0.0096411 -0.0835807 1.26161 -0.00477667 -0.00776221 0.00853892 0.00446127 0.360891 -0.33162 -0.000505883 -0.00201022 0.320421 0.473096 -0.0439645 -0.00215476 -0.00466625 -0.0404527 0.610613 -0.00231189 -0.00375688 0.0041328 0.00215924 0.17467 -0.160503 -0.000244845 -0.000972938 0.155083 0.228976
90 0.219313 2.03408 -0.109415 -0.0100511 -0.00644659 -0.103472 1.21984 -0.00805883 -0.00637894 0.0055863 0.00846028 0.274517 -0.360553 -0.00105843 -0.00429495 0.34752 0.411725 -0.0537909 -0.00494133 -0.00316928 -0.0508693 0.599698 -0.0039619 -0.00313602 0.00274635 0.00415925 0.134958 -0.177256 -0.000520345 -0.00211149 0.170848 0.202413
92 0.328636 2.02549 -0.134286 -0.00618192 -0.00244011 -0.128706 1.20141 -0.00790694 -0.00993797 0.0107178 0.00937726 0.212667 -0.376236 -0.00388406 -0.0129663 0.371722 0.375057 -0.066298 -0.00305207 -0.0012047 -0.0635432 0.593148 -0.00390372 -0.00490646 0.00529148 0.00462964 0.104996 -0.185751 -0.0019176 -0.00640156 0.183522 0.185169
96 0.436158 1.9931 -0.121558 -0.0133876 0.00104147 -0.124676 1.14259 -0.000467489 -0.0154541 0.0111657 0.000338874 0.111841 -0.374011 -4.70934e-05 -0.0181703 0.370939 0.352793 -0.0609893 -0.00671698 0.00052254 -0.0625536 0.573272 -0.000234554 -0.00775378 0.00560219 0.000170023 0.0561143 -0.187653 -2.36282e-05 -0.00911658 0.186112 0.177007
100 0.431897 2.0353 -0.138106 -0.00444553 0.00469905 -0.1353 1.14548 0.00403019 -0.00555725 0.00980859 -0.00117204 0.0234404 -0.461038 0.0160789 -0.000716209 0.465553 0.325042 -0.0678555 -0.00218422 0.00230878 -0.0664768 0.562808 0.00198015 -0.00273043 0.00481923 -0.000575855 0.0115169 -0.226521 0.00790001 -0.000351894 0.228739 0.159702
104 0.425533 2.10064 -0.174011 0.00238322 -0.00991783 -0.173952 1.13872 0.010503 -0.0085998 0.00471196 -0.00518954 -0.0554393 -0.461123 -0.0015345 -0.0060819 0.459486 0.333574 -0.0828371 0.00113452 -0.00472134 -0.0828089 0.542082 0.00499989 -0.0040939 0.00224311 -0.00247046 -0.0263916 -0.219515 -0.000730491 -0.00289526 0.218736 0.158797
108 0.417095 2.21047 -0.16274 -0.001667 0.00581237 -0.161171 1.16433 0.0201002 -0.017986 -0.00168773 -0.0169793 -0.13954 -0.558416 0.00465291 -0.0247858 0.56172 0.35284 -0.0736222 -0.000754137 0.00262947 -0.0729124 0.526731 0.00909315 -0.00813673 -0.000763515 -0.00768128 -0.0631267 -0.252623 0.00210494 -0.0112129 0.254118 0.159622
112 0.406626 2.32958 -0.203758 0.0158998 -0.00215941 -0.207976 1.19051 0.0261268 -0.0243921 -0.00577546 -0.0319352 -0.193545 -0.570637 0.00543816 -0.0256369 0.567356 0.41323 -0.0874657 0.00682519 -0.00092695 -0.0892761 0.511041 0.0112152 -0.0104706 -0.00247918 -0.0137086 -0.0830816 -0.244953 0.00233439 -0.011005 0.243544 0.177384
116 0.394175 2.47355 -0.180546 0.0170008 -0.000502916 -0.187136 1.20816 0.00890244 -0.0212094 0.000801381 -0.0283642 -0.287584 -0.625032 -0.000278412 -0.0310452 0.616274 0.470561 -0.0729907 0.00687301 -0.000203317 -0.0756546 0.488433 0.00359905 -0.00857447 0.000323979 -0.011467 -0.116264 -0.252686 -0.000112555 -0.0125508 0.249145 0.190237
120 0.379804 2.63957 -0.180417 0.0137448 0.00430279 -0.184374 1.25058 0.0114751 -0.0291394 -0.00922914 -0.0207262 -0.38314 -0.632326 -0.00683982 -0.0341252 0.627036 0.514901 -0.0683508 0.00520721 0.00163011 -0.0698498 0.473779 0.00434734 -0.0110394 -0.00349645 -0.00785209 -0.145152 -0.239556 -0.00259126 -0.0129283 0.237552 0.19507
124 0.363583 2.76884 -0.214303 0.000290479 -0.01641 -0.207205 1.23729 0.0325701 -0.0323364 -0.0107902 -0.0335617 -0.497177 -0.626904 -0.0265468 -0.0335546 0.617361 0.56098 -0.0773979 0.00010491 -0.00592666 -0.0748347 0.446861 0.0117631 -0.0116787 -0.00389701 -0.0121212 -0.179561 -0.226414 -0.0095877 -0.0121187 0.222967 0.202605
128 0.34559 2.8658 -0.162683 0.0221342 -0.00992337 -0.16775 1.25361 0.0239551 -0.0184033 -0.0246992 -0.0271575 -0.62466 -0.610937 -0.0170633 -0.0248694 0.600489 0.539572 -0.0567668 0.00772355 -0.00346268 -0.0585349 0.437438 0.00835893 -0.0064217 -0.00861859 -0.0094764 -0.21797 -0.213182 -0.0059541 -0.00867799 0.209536 0.188279
132 0.325914 2.96084 -0.160579 0.0327172 0.014946 -0.160746 1.22861 -0.0135116 -0.0119926 -0.0379827 0.0122592 -0.782269 -0.568073 0.00586472 -0.0103139 0.555753 0.512842 -0.0542343 0.01105 0.00504789 -0.0542907 0.414953 -0.00456345 -0.00405042 -0.0128284 0.00414044 -0.264205 -0.191862 0.00198076 -0.00348343 0.187701 0.173209
136 0.304649 3.02531 -0.148686 0.047688 0.00320984 -0.149997 1.23065 -0.0436117 -0.0160024 -0.0480587 0.0470675 -0.88415 -0.502123 0.00904463 -0.032832 0.494119 0.491433 -0.0491475 0.015763 0.001061 -0.0495807 0.406784 -0.0144156 -0.00528951 -0.0158855 0.0155579 -0.292251 -0.165974 0.00298966 -0.0108524 0.163328 0.162441
140 0.281901 3.16392 -0.139012 -0.000610026 -0.00297483 -0.131705 1.25291 -0.0312125 -0.00117493 -0.00597744 0.0267942 -1.05627 -0.478589 0.00732966 -0.01961 0.472181 0.444608 -0.0439367 -0.000192807 -0.000940236 -0.0416271 0.396 -0.00986515 -0.000371354 -0.00188925 0.00846869 -0.333848 -0.151265 0.00231664 -0.006198 0.149239 0.140525
144 0.257779 3.33919 -0.12131 0.00423243 -0.000706214 -0.127854 1.33459 -0.0216447 -0.00122075 -0.00448165 0.0130064 -1.17028 -0.449674 -0.00668195 -0.0124733 0.447854 0.436526 -0.0363293 0.0012675 -0.000211493 -0.038289 0.399674 -0.00648202 -0.000365584 -0.00134214 0.00389508 -0.35047 -0.134666 -0.00200107 -0.00373542 0.134121 0.130728
148 0.232401 3.42884 -0.0995553 0.00324646 0.00796906 -0.100625 1.35846 -0.00546217 0.00459341 -0.0018847 0.014254 -1.32641 -0.308604 0.00241088 0.0122336 0.30798 0.35715 -0.0290347 0.00094681 0.00232413 -0.0293465 0.396186 -0.00159301 0.00133964 -0.00054966 0.0041571 -0.386839 -0.0900024 0.000703117 0.00356785 0.0898203 0.10416
152 0.205891 3.65436 -0.0939276 -0.0172395 0.00761573 -0.0800562 1.51811 0.0471145 0.0401748 0.0120769 -0.019135 -1.4664 -0.266872 0.0161798 0.047728 0.263586 0.301353 -0.0257029 -0.0047175 0.00208401 -0.021907 0.415424 0.0128927 0.0109936 0.00330479 -0.0052362 -0.401273 -0.0730285 0.00442752 0.0130606 0.0721293 0.0824639
156 0.178378 3.74573 -0.0602059 -0.0069826 0.0171485 -0.0577937 1.5433 0.0208246 0.0852572 -0.0144788 -0.0130675 -1.61206 -0.154581 -0.00145364 0.096313 0.16627 0.240266 -0.0160732 -0.00186415 0.00457815 -0.0154292 0.412015 0.00555958 0.0227612 -0.00386542 -0.00348863 -0.430373 -0.0412686 -0.00038808 0.0257128 0.0443892 0.0641441
160 0.0971232 3.94686 -0.0619356 0.025631 0.00223052 -0.0598881 1.80157 0.0574396 0.0281062 -0.0243293 -0.063678 -1.69837 -0.132784 0.000234084 0.040928 0.139047 0.103519 -0.0156924 0.00649404 0.000565138 -0.0151736 0.456456 0.0145532 0.00712115 -0.00616423 -0.0161339 -0.430309 -0.033643 5.93088e-05 0.0103698 0.0352297 0.0262283
161 0.0357021 3.9507 -0.0929594 0.0483401 -0.0122251 -0.0885682 1.81146 0.0596465 0.0226749 -0.049055 -0.0625733 -1.73252 -0.0803397 -0.00584002 0.0323653 0.0877786 0.0665208 -0.0235299 0.0122358 -0.00309442 -0.0224184 0.458516 0.0150977 0.00573946 -0.0124168 -0.0158385 -0.438534 -0.0203356 -0.00147823 0.0081923 0.0222185 0.0168377
162 0.0338871 3.96285 -0.11348 0.0581353 -0.0239733 -0.109914 1.81679 0.0481188 0.0224422 -0.0677657 -0.0437961 -1.77772 -0.039483 -0.0142459 0.0279751 0.0482693 0.0332405 -0.0286358 0.0146701 -0.00604951 -0.027736 0.458456 0.0121425 0.00566315 -0.0171002 -0.0110517 -0.448597 -0.00996327 -0.00359487 0.00705933 0.0121804 0.00838802
163 0.0320617 3.9992 -0.111408 0.0480244 -0.0273872 -0.110816 1.83831 0.0292991 0.0217606 -0.0664784 -0.0149654 -1.82304 -0.0331195 -0.0198616 0.021235 0.0408797 0.00738752 -0.0278576 0.0120085 -0.00684817 -0.0277095 0.459668 0.00732624 0.00544124 -0.0166229 -0.00374209 -0.455851 -0.00828152 -0.00496638 0.00530982 0.010222 0.00184725
164 0.0302266 4.05867 -0.0826651 0.0200153 -0.0221453 -0.0844731 1.88276 0.0114617 0.0155974 -0.0387729 0.0121046 -1.85527 -0.0656515 -0.0193458 0.00754311 0.0678154 -0.00835091 -0.0203675 0.00493148 -0.0054563 -0.020813 0.463885 0.00282399 0.00384299 -0.0095531 0.0029824 -0.457112 -0.0161756 -0.00476653 0.00185852 0.0167088 -0.00205755
165 0.0283823 4.12036 -0.0348132 -0.0158241 -0.0133398 -0.0366625 1.93554 -0.000152924 0.00229472 0.00881294 0.0278524 -1.8667 -0.116112 -0.013719 -0.0115027 0.109076 -0.0135605 -0.00844907 -0.00384047 -0.00323753 -0.0088979 0.46975 -3.71143e-05 0.000556922 0.00213888 0.0067597 -0.453043 -0.0281801 -0.00332957 -0.00279167 0.0264725 -0.0032911
166 0.0265294 4.15247 0.0133407 -0.047083 -0.00672045 0.0129711 1.96556 -0.00432473 -0.015476 0.0588315 0.0291089 -1.85956 -0.146686 -0.00721601 -0.0287767 0.131759 -0.00980339 0.00321271 -0.0113386 -0.00161842 0.0031237 0.473348 -0.00104148 -0.00372693 0.0141678 0.00701002 -0.447819 -0.0353251 -0.00173776 -0.00693001 0.0317302 -0.00236086
167 0.0246683 4.13372 0.0393605 -0.06554 -0.00384023 0.0395105 1.94524 -0.00227832 -0.0312623 0.0920333 0.0199238 -1.84447 -0.126848 -0.0037398 -0.0364053 0.111112 0.00160443 0.00952181 -0.015855 -0.000929001 0.00955811 0.470579 -0.000551156 -0.00756275 0.022264 0.00481982 -0.446202 -0.0306862 -0.000904706 -0.00880691 0.0268794 0.000388132
168 0.0172754 4.07722 0.0312694 -0.0695429 -0.00179565 0.029528 1.87822 0.00365028 -0.036947 0.0977145 0.00926018 -1.83267 -0.0608218 -0.00413611 -0.0306613 0.0532379 0.0219605 0.00766929 -0.0170564 -0.000440411 0.00724219 0.460661 0.000895286 -0.00906182 0.023966 0.0022712 -0.449491 -0.0149175 -0.00101444 -0.00752015 0.0130574 0.00538615
168.5 0.0109315 4.04997 0.0167331 -0.0667413 4.33559e-05 0.0134305 1.84109 0.00710073 -0.033962 0.0905446 0.00630774 -1.82894 -0.0239026 -0.00522115 -0.0232386 0.0226803 0.0363505 0.00413166 -0.0164795 1.07052e-05 0.00331621 0.454595 0.00175328 -0.00838574 0.0223569 0.00155748 -0.451594 -0.00590193 -0.00128918 -0.00573797 0.00560012 0.00897551
169 0.0104622 4.03387 -0.000576735 -0.0611205 0.00264434 -0.00539841 1.81369 0.0102605 -0.0267132 0.0783555 0.00593951 -1.82505 0.00503083 -0.00646339 -0.0136574 0.000481968 0.053495 -0.000142973 -0.0151518 0.000655535 -0.00133827 0.449616 0.00254358 -0.00662222 0.0194244 0.00147241 -0.452432 0.00124715 -0.00160228 -0.00338569 0.00011948 0.0132615
169.5 0.00999215 4.03518 -0.0163472 -0.052854 0.00579316 -0.0222509 1.80561 0.0126567 -0.0155681 0.0629298 0.00825887 -1.81839 0.018699 -0.00763321 -0.00280188 -0.00702623 0.0723655 -0.00405116 -0.0130983 0.00143566 -0.00551423 0.447468 0.00313658 -0.00385808 0.0155953 0.00204672 -0.450634 0.004634 -0.00189166 -0.000694363 -0.00174124 0.0179337
170 0.0095213 4.05628 -0.0263268 -0.0420663 0.00900979 -0.0325491 1.82438 0.0138718 -0.0014468 0.0461476 0.0127767 -1.80558 0.0128053 -0.00866707 0.00839097 0.00364962 0.0906832 -0.00649037 -0.0103706 0.0022212 -0.00802437 0.449767 0.00341983 -0.000356681 0.0113768 0.00314986 -0.445131 0.0031569 -0.0021367 0.00206864 0.000899745 0.0223562
170.5 0.00904972 4.09407 -0.0272936 -0.0289597 0.0116621 -0.0328878 1.8734 0.0136056 0.0142686 0.0297377 0.0184835 -1.7831 -0.0121931 -0.00968568 0.0190261 0.0315298 0.104741 -0.0066666 -0.00707357 0.00284853 -0.00803302 0.457589 0.00332323 0.00348518 0.0072636 0.0045147 -0.435532 -0.00297823 -0.00236578 0.00464724 0.00770133 0.0255835
171 0.00857745 4.13954 -0.0179048 -0.0139691 0.0131171 -0.0219196 1.95049 0.0117257 0.0299241 0.0150979 0.0240402 -1.74823 -0.0501443 -0.010955 0.0283265 0.0702847 0.109578 -0.00432531 -0.00337456 0.00316875 -0.00529518 0.471187 0.00283261 0.00722885 0.00364724 0.00580746 -0.422324 -0.0121135 -0.00264643 0.00684292 0.0169789 0.0264711
171.5 0.00810453 4.17891 0.000802945 0.00212116 0.0128916 -0.000846455 2.0476 0.00829441 0.0438516 0.00319977 0.0280545 -1.7 -0.0895202 -0.0127994 0.0356879 0.108539 0.0996218 0.000192142 0.000507587 0.00308492 -0.000202554 0.489985 0.00198483 0.0104935 0.000765695 0.00671335 -0.406805 -0.0214219 -0.00306285 0.00854 0.0259731 0.0238392
172 0.00763099 4.19665 0.0254349 0.0181545 0.0107653 0.026649 2.1519 0.00356399 0.0546419 -0.00542903 0.0293839 -1.64017 -0.115176 -0.015489 0.0407144 0.131554 0.0697885 0.00606075 0.00432595 0.00256523 0.00635006 0.512767 0.000849247 0.0130204 -0.00129366 0.00700174 -0.39083 -0.0274448 -0.00369081 0.00970165 0.0313474 0.0166296
172.5 0.00715688 4.17974 0.0508384 0.0327043 0.00683475 0.0550718 2.24828 -0.00205685 0.0613726 -0.0106662 0.0273921 -1.57383 -0.111387 -0.0191332 0.043236 0.124149 0.016926 0.012163 0.00782448 0.00163521 0.0131759 0.5379 -0.000492099 0.0146833 -0.00255188 0.00655355 -0.376538 -0.0266492 -0.00457761 0.0103442 0.0297025 0.00404955
173 0.00668221 4.12257 0.071192 0.0442926 0.00149696 0.0782736 2.32283 -0.00805785 0.0637374 -0.0127249 0.0220962 -1.50952 -0.0656243 -0.0236089 0.0433076 0.0743573 -0.0586924 0.0172688 0.0107439 0.000363114 0.0189866 0.563443 -0.00195457 0.0154606 -0.00308664 0.0053598 -0.366159 -0.0159183 -0.00572673 0.010505 0.0180366 -0.0142369
173.5 0.00620704 4.0311 0.081353 0.0516768 -0.00462621 0.0908516 2.3665 -0.0138916 0.0620489 -0.0120743 0.0141639 -1.4587 0.0277598 -0.0285476 0.0411899 -0.0229797 -0.152201 0.0201814 0.0128195 -0.00114763 0.0225377 0.587061 -0.0034461 0.0153926 -0.00299528 0.00351366 -0.361861 0.00688641 -0.00708184 0.010218 -0.00570062 -0.0377567
174 0.0057314 3.92498 0.0781405 0.0541289 -0.0108046 0.0894572 2.378 -0.0190359 0.0571171 -0.00936261 0.0047642 -1.43458 0.164898 -0.0333869 0.0373106 -0.163637 -0.253707 0.0199085 0.0137909 -0.00275277 0.0227918 0.605864 -0.00484993 0.0145522 -0.00238539 0.00121381 -0.365499 0.0420125 -0.00850625 0.00950593 -0.041691 -0.0646389
174.5 0.00525531 3.83674 0.0612176 0.0516293 -0.0163286 0.0736766 2.36519 -0.0230472 0.0500396 -0.00534544 -0.00469219 -1.45032 0.331656 -0.0374752 0.0322096 -0.333261 -0.348903 0.0159556 0.0134565 -0.00425584 0.0192029 0.616457 -0.00600698 0.0130422 -0.00139322 -0.00122296 -0.378007 0.0864422 -0.00976746 0.00839504 -0.0868603 -0.0909373
175 0.00477883 3.80736 0.0333167 0.0449121 -0.0206244 0.0462346 2.34412 -0.0255999 0.0419595 -0.000814265 -0.0128531 -1.51693 0.505232 -0.0402044 0.0264721 -0.508954 -0.420849 0.0087506 0.0117961 -0.00541699 0.0121435 0.615681 -0.0067238 0.0110206 -0.000213866 -0.00337587 -0.398421 0.132699 -0.0105597 0.00695287 -0.133677 -0.110536
175.5 0.00430199 3.87882 -0.000293573 0.0353402 -0.0233341 0.0124364 2.33598 -0.0265127 0.0338549 0.00347852 -0.0186917 -1.6412 0.658041 -0.0411362 0.0206588 -0.663125 -0.452752 -7.56861e-05 0.00911106 -0.00601578 0.00320624 0.60224 -0.00683526 0.00872815 0.0008968 -0.00481892 -0.423119 0.16965 -0.0106053 0.00532606 -0.17096 -0.116724
176 0.00382481 4.08486 -0.0330016 0.0246329 -0.0243492 -0.0210463 2.36227 -0.0257628 0.0264046 0.00689882 -0.021677 -1.82392 0.763218 -0.0400925 0.0152445 -0.768951 -0.431305 -0.008079 0.0060303 -0.00596085 -0.00515226 0.5783 -0.00630691 0.00646403 0.00168887 -0.00530666 -0.446507 0.186841 -0.00981491 0.00373195 -0.188244 -0.105586
176.5 0.00334735 4.44178 -0.0584288 0.014511 -0.0237989 -0.0477572 2.43935 -0.023489 0.0199552 0.00900648 -0.0218176 -2.05886 0.800577 -0.0371889 0.0105721 -0.806324 -0.349916 -0.0131544 0.00326693 -0.00535797 -0.0107518 0.549183 -0.0052882 0.0044926 0.00202767 -0.0049119 -0.46352 0.180238 -0.00837252 0.00238016 -0.181532 -0.0787782
177 0.00286963 4.9416 -0.0719902 0.00634568 -0.022001 -0.0630102 2.57361 -0.0199829 0.0145768 0.00961388 -0.0195847 -2.33269 0.761636 -0.0328084 0.00683144 -0.766868 -0.211065 -0.0145682 0.00128413 -0.0044522 -0.012751 0.520806 -0.00404381 0.00294982 0.0019455 -0.00396323 -0.472051 0.154128 -0.00663922 0.00138244 -0.155186 -0.042712
177.5 0.00239169 5.54936 -0.0720291 0.00090171 -0.0193916 -0.0650126 2.75868 -0.0156663 0.0101757 0.00881104 -0.0157518 -2.62592 0.652416 -0.027527 0.00406216 -0.656734 -0.0271468 -0.0129797 0.000162489 -0.00349437 -0.0117153 0.497116 -0.00282309 0.00183367 0.00158776 -0.00283848 -0.473193 0.117566 -0.00496038 0.000732005 -0.118344 -0.00489188
178 0.00191357 6.20586 -0.0602156 -0.00176314 -0.0164505 -0.0552572 2.97537 -0.011054 0.0066146 0.00694534 -0.0112058 -2.91479 0.493152 -0.0220146 0.00218018 -0.496324 0.180597 -0.00970303 -0.000284109 -0.0026508 -0.00890403 0.479445 -0.00178121 0.00106586 0.00111916 -0.00180568 -0.469684 0.0794655 -0.0035474 0.000351309 -0.0799767 0.0291011
178.5 0.00143531 6.83558 -0.0410853 -0.00221893 -0.0136356 -0.038067 3.19475 -0.00670025 0.00380209 0.00455246 -0.00678247 -3.17391 0.314794 -0.0169355 0.00101947 -0.316778 0.385014 -0.00601052 -0.000324614 -0.0019948 -0.00556895 0.46737 -0.000980202 0.000556221 0.000665995 -0.00099223 -0.464323 0.0460523 -0.00247755 0.000149142 -0.0463425 0.056325
179 0.000956932 7.35871 -0.0208253 -0.00142961 -0.0113348 -0.0194043 3.38363 -0.00313604 0.00172671 0.00224767 -0.00315774 -3.37927 0.152909 -0.0128669 0.00038162 -0.153859 0.557398 -0.00283002 -0.000194274 -0.00154032 -0.00263692 0.459813 -0.000426167 0.000234648 0.000305443 -0.000429116 -0.45922 0.0207793 -0.00174852 5.18596e-05 -0.0209084 0.0757468
179.5 0.000478484 7.70493 -0.00562073 -0.000429715 -0.00983679 -0.00525285 3.51142 -0.000802066 0.000438503 0.000597636 -0.000803644 -3.51113 0.0402976 -0.010246 8.40846e-05 -0.0405462 0.672456 -0.000729498 -5.57715e-05 -0.00127669 -0.000681752 0.455737 -0.000104098 5.6912e-05 7.75654e-05 -0.000104303 -0.4557 0.00523011 -0.0013298 1.09131e-05 -0.00526238 0.0872761
180 5.98114e-05 7.82604 3.69926e-16 -4.3126e-17 -0.0093178 6.02523e-16 3.55659 9.95334e-06 8.16753e-17 -1.37241e-16 9.95334e-06 -3.55659 -1.70588e-15 -0.00934219 -7.61717e-17 1.48779e-15 0.712862 4.72685e-17 -5.51058e-18 -0.00119062 7.69895e-17 0.454456 1.27182e-06 1.04363e-17 -1.75365e-17 1.27182e-06 -0.454456 -2.17975e-16 -0.00119373 -9.73311e-18 1.90107e-16 0.0910884
