theta 2pi*dcos S11 S12 S13 S14 S21 S22 S23 S24 S31 S32 S33 S34 S41 S42 S43 S44 S12_norm S13_norm S14_norm S21_norm S22_norm S23_norm S24_norm S31_norm S32_norm S33_norm S34_norm S41_norm S42_norm S43_norm S44_norm
0 2.39246e-06 0.209972 5.44277e-19 0 3.5417e-06 4.09212e-19 0.209478 -8.03811e-08 0 0 8.03811e-08 0.209478 0 3.53997e-06 0 0 0.208985 2.59214e-18 0 1.68675e-05 1.94889e-18 0.997648 -3.82818e-07 0 0 3.82818e-07 0.997648 0 1.68593e-05 0 0 0.995299
0.1 1.91397e-05 0.209971 -1.59429e-07 -1.40988e-12 3.54168e-06 -1.59428e-07 0.209477 -8.03851e-08 -1.3535e-12 1.63119e-12 8.03851e-08 0.209477 6.80976e-08 3.53996e-06 -2.33834e-12 -6.80974e-08 0.208984 -7.59288e-07 -6.71465e-12 1.68675e-05 -7.59287e-07 0.997648 -3.82839e-07 -6.44611e-12 7.76862e-12 3.82839e-07 0.997648 3.24319e-07 1.68593e-05 -1.11365e-11 -3.24318e-07 0.995299
0.2 3.82793e-05 0.209969 -6.37707e-07 -5.63949e-12 3.54164e-06 -6.37707e-07 0.209475 -8.03972e-08 -5.41394e-12 6.52467e-12 8.03972e-08 0.209475 2.72388e-07 3.53992e-06 -9.35329e-12 -2.72387e-07 0.208982 -3.03715e-06 -2.68587e-11 1.68674e-05 -3.03715e-06 0.997649 -3.829e-07 -2.57845e-11 3.10744e-11 3.829e-07 0.997649 1.29728e-06 1.68592e-05 -4.4546e-11 -1.29727e-06 0.995299
0.3 5.74188e-05 0.209966 -1.43482e-06 -1.26886e-11 3.54157e-06 -1.43482e-06 0.209472 -8.04173e-08 -1.21812e-11 1.46802e-11 8.04173e-08 0.209472 6.12866e-07 3.53985e-06 -2.10446e-11 -6.12864e-07 0.208979 -6.83357e-06 -6.04319e-11 1.68674e-05 -6.83357e-06 0.997648 -3.83002e-07 -5.8015e-11 6.99173e-11 3.83002e-07 0.997648 2.91889e-06 1.68592e-05 -1.00229e-10 -2.91888e-06 0.995299
0.4 7.65581e-05 0.209961 -2.55072e-06 -2.25569e-11 3.54147e-06 -2.55072e-06 0.209467 -8.04454e-08 -2.16549e-11 2.60976e-11 8.04454e-08 0.209467 1.08952e-06 3.53975e-06 -3.74118e-11 -1.08952e-06 0.208974 -1.21486e-05 -1.07434e-10 1.68673e-05 -1.21486e-05 0.997648 -3.83145e-07 -1.03138e-10 1.24297e-10 3.83145e-07 0.997648 5.18917e-06 1.68591e-05 -1.78185e-10 -5.18915e-06 0.995299
0.5 9.56972e-05 0.209954 -3.98537e-06 -3.5244e-11 3.54135e-06 -3.98537e-06 0.209461 -8.04816e-08 -3.38347e-11 4.07762e-11 8.04816e-08 0.209461 1.70234e-06 3.53963e-06 -5.84544e-11 -1.70233e-06 0.208967 -1.89821e-05 -1.67865e-10 1.68672e-05 -1.89821e-05 0.997648 -3.83329e-07 -1.61152e-10 1.94215e-10 3.83329e-07 0.997648 8.10813e-06 1.6859e-05 -2.78415e-10 -8.1081e-06 0.995299
0.6 0.000114836 0.209947 -5.73871e-06 -5.07491e-11 3.5412e-06 -5.73871e-06 0.209453 -8.05259e-08 -4.872e-11 5.87155e-11 8.05259e-08 0.209453 2.4513e-06 3.53948e-06 -8.41716e-11 -2.45129e-06 0.20896 -2.73341e-05 -2.41724e-10 1.68671e-05 -2.73341e-05 0.997648 -3.83554e-07 -2.32059e-10 2.79669e-10 3.83554e-07 0.997648 1.16758e-05 1.68589e-05 -4.00919e-10 -1.16758e-05 0.995299
0.7 0.000133974 0.209938 -7.81066e-06 -6.90717e-11 3.54102e-06 -7.81066e-06 0.209444 -8.05782e-08 -6.63104e-11 7.99148e-11 8.05782e-08 0.209444 3.33638e-06 3.5393e-06 -1.14563e-10 -3.33637e-06 0.208951 -3.72047e-05 -3.2901e-10 1.6867e-05 -3.72046e-05 0.997648 -3.83819e-07 -3.15857e-10 3.8066e-10 3.83819e-07 0.997648 1.58922e-05 1.68588e-05 -5.45697e-10 -1.58922e-05 0.995298
0.8 0.000153112 0.209927 -1.02011e-05 -9.02108e-11 3.54081e-06 -1.02011e-05 0.209434 -8.06385e-08 -8.6605e-11 1.04373e-10 8.06385e-08 0.209434 4.35756e-06 3.5391e-06 -1.49626e-10 -4.35754e-06 0.20894 -4.85937e-05 -4.29724e-10 1.68669e-05 -4.85936e-05 0.997648 -3.84126e-07 -4.12547e-10 4.97187e-10 3.84126e-07 0.997648 2.07575e-05 1.68587e-05 -7.12752e-10 -2.07574e-05 0.995298
0.9 0.00017225 0.209916 -1.291e-05 -1.14166e-10 3.54058e-06 -1.291e-05 0.209422 -8.07069e-08 -1.09603e-10 1.3209e-10 8.07069e-08 0.209422 5.5148e-06 3.53887e-06 -1.89361e-10 -5.51478e-06 0.208928 -6.15011e-05 -5.43864e-10 1.68667e-05 -6.15011e-05 0.997648 -3.84473e-07 -5.22129e-10 6.29252e-10 3.84473e-07 0.997648 2.62715e-05 1.68585e-05 -9.02082e-10 -2.62714e-05 0.995298
1 0.000191387 0.209902 -1.59372e-05 -1.40935e-10 3.54032e-06 -1.59372e-05 0.209409 -8.07833e-08 -1.35303e-10 1.63063e-10 8.07833e-08 0.209409 6.80807e-06 3.53861e-06 -2.33766e-10 -6.80805e-06 0.208915 -7.59269e-05 -6.7143e-10 1.68665e-05 -7.59269e-05 0.997648 -3.84861e-07 -6.44601e-10 7.76852e-10 3.84861e-07 0.997648 3.24345e-05 1.68584e-05 -1.11369e-09 -3.24344e-05 0.995298
1.1 0.000210523 0.209888 -1.92826e-05 -1.70517e-10 3.54003e-06 -1.92826e-05 0.209394 -8.08677e-08 -1.63705e-10 1.97292e-10 8.08677e-08 0.209394 8.23734e-06 3.53832e-06 -2.82839e-10 -8.2373e-06 0.208901 -9.18711e-05 -8.12421e-10 1.68663e-05 -9.18711e-05 0.997647 -3.85291e-07 -7.79965e-10 9.39989e-10 3.85291e-07 0.997647 3.92464e-05 1.68582e-05 -1.34757e-09 -3.92462e-05 0.995298
1.2 0.000229659 0.209872 -2.2946e-05 -2.02911e-10 3.53971e-06 -2.2946e-05 0.209378 -8.09602e-08 -1.94807e-10 2.34776e-10 8.09602e-08 0.209378 9.80254e-06 3.53801e-06 -3.36579e-10 -9.80251e-06 0.208885 -0.000109334 -9.66835e-10 1.68661e-05 -0.000109334 0.997647 -3.85761e-07 -9.28219e-10 1.11866e-09 3.85761e-07 0.997647 4.67073e-05 1.6858e-05 -1.60374e-09 -4.67071e-05 0.995297
1.3 0.000248794 0.209854 -2.69273e-05 -2.38116e-10 3.53937e-06 -2.69273e-05 0.209361 -8.10607e-08 -2.28608e-10 2.75512e-10 8.10607e-08 0.209361 1.15037e-05 3.53767e-06 -3.94984e-10 -1.15036e-05 0.208867 -0.000128314 -1.13467e-09 1.68658e-05 -0.000128314 0.997647 -3.86271e-07 -1.08936e-09 1.31287e-09 3.86271e-07 0.997647 5.48173e-05 1.68578e-05 -1.88218e-09 -5.48171e-05 0.995297
1.4 0.000267929 0.209836 -3.12263e-05 -2.76129e-10 3.539e-06 -3.12263e-05 0.209342 -8.11692e-08 -2.65106e-10 3.19499e-10 8.11692e-08 0.209342 1.33406e-05 3.5373e-06 -4.58051e-10 -1.33406e-05 0.208849 -0.000148813 -1.31593e-09 1.68656e-05 -0.000148813 0.997647 -3.86823e-07 -1.2634e-09 1.52262e-09 3.86823e-07 0.997647 6.35765e-05 1.68575e-05 -2.1829e-09 -6.35763e-05 0.995297
1.5 0.000287062 0.209815 -3.58428e-05 -3.16949e-10 3.5386e-06 -3.58428e-05 0.209322 -8.12858e-08 -3.043e-10 3.66735e-10 8.12858e-08 0.209322 1.53134e-05 3.53691e-06 -5.25779e-10 -1.53133e-05 0.208828 -0.00017083 -1.51061e-09 1.68653e-05 -0.00017083 0.997647 -3.87416e-07 -1.45032e-09 1.7479e-09 3.87416e-07 0.997647 7.2985e-05 1.68573e-05 -2.50591e-09 -7.29847e-05 0.995296
1.6 0.000306195 0.209794 -4.07767e-05 -3.60574e-10 3.53817e-06 -4.07766e-05 0.2093 -8.14103e-08 -3.46188e-10 4.17219e-10 8.14103e-08 0.2093 1.74219e-05 3.53649e-06 -5.98164e-10 -1.74218e-05 0.208807 -0.000194365 -1.71871e-09 1.6865e-05 -0.000194365 0.997646 -3.88049e-07 -1.65014e-09 1.98871e-09 3.88049e-07 0.997646 8.30428e-05 1.6857e-05 -2.8512e-09 -8.30424e-05 0.995296
1.7 0.000325327 0.209771 -4.60276e-05 -4.07002e-10 3.53772e-06 -4.60276e-05 0.209277 -8.15429e-08 -3.90769e-10 4.70948e-10 8.15429e-08 0.209277 1.9666e-05 3.53604e-06 -6.75206e-10 -1.96659e-05 0.208784 -0.000219419 -1.94022e-09 1.68647e-05 -0.000219419 0.997646 -3.88724e-07 -1.86284e-09 2.24506e-09 3.88724e-07 0.997646 9.375e-05 1.68567e-05 -3.21878e-09 -9.37496e-05 0.995296
1.8 0.000344457 0.209746 -5.15955e-05 -4.56231e-10 3.53724e-06 -5.15955e-05 0.209253 -8.16835e-08 -4.38041e-10 5.2792e-10 8.16834e-08 0.209253 2.20458e-05 3.53556e-06 -7.56899e-10 -2.20457e-05 0.20876 -0.00024599 -2.17515e-09 1.68643e-05 -0.00024599 0.997646 -3.89439e-07 -2.08843e-09 2.51694e-09 3.89439e-07 0.997646 0.000105107 1.68564e-05 -3.60864e-09 -0.000105106 0.995295
1.9 0.000363587 0.209721 -5.748e-05 -5.08258e-10 3.53673e-06 -5.748e-05 0.209227 -8.1832e-08 -4.88001e-10 5.88133e-10 8.1832e-08 0.209227 2.45611e-05 3.53506e-06 -8.43243e-10 -2.4561e-05 0.208734 -0.000274079 -2.4235e-09 1.6864e-05 -0.000274079 0.997645 -3.90195e-07 -2.32691e-09 2.80436e-09 3.90195e-07 0.997645 0.000117113 1.6856e-05 -4.02079e-09 -0.000117113 0.995295
2 0.000382716 0.209694 -6.36809e-05 -5.63081e-10 3.53619e-06 -6.36809e-05 0.2092 -8.19886e-08 -5.40648e-10 6.51584e-10 8.19886e-08 0.2092 2.72118e-05 3.53453e-06 -9.34234e-10 -2.72117e-05 0.208707 -0.000303685 -2.68526e-09 1.68636e-05 -0.000303685 0.997645 -3.90992e-07 -2.57828e-09 3.10731e-09 3.90992e-07 0.997645 0.000129769 1.68557e-05 -4.45523e-09 -0.000129769 0.995294
2.1 0.000401843 0.209665 -7.01979e-05 -6.20698e-10 3.53563e-06 -7.01979e-05 0.209171 -8.21531e-08 -5.95979e-10 7.18271e-10 8.21531e-08 0.209171 2.99979e-05 3.53397e-06 -1.02987e-09 -2.99978e-05 0.208678 -0.00033481 -2.96043e-09 1.68632e-05 -0.00033481 0.997645 -3.9183e-07 -2.84253e-09 3.4258e-09 3.9183e-07 0.997645 0.000143076 1.68553e-05 -4.91196e-09 -0.000143075 0.995294
2.2 0.000420969 0.209635 -7.70308e-05 -6.81106e-10 3.53504e-06 -7.70308e-05 0.209141 -8.23257e-08 -6.53993e-10 7.88191e-10 8.23256e-08 0.209141 3.29194e-05 3.53339e-06 -1.13014e-09 -3.29192e-05 0.208649 -0.000367452 -3.249e-09 1.68628e-05 -0.000367452 0.997644 -3.92709e-07 -3.11967e-09 3.75982e-09 3.92709e-07 0.997644 0.000157032 1.68549e-05 -5.39099e-09 -0.000157031 0.995293
2.3 0.000440094 0.209604 -8.41793e-05 -7.44301e-10 3.53442e-06 -8.41793e-05 0.20911 -8.25062e-08 -7.14686e-10 8.6134e-10 8.25061e-08 0.20911 3.5976e-05 3.53278e-06 -1.23505e-09 -3.59759e-05 0.208617 -0.000401611 -3.55099e-09 1.68624e-05 -0.000401611 0.997644 -3.93629e-07 -3.4097e-09 4.10937e-09 3.93629e-07 0.997644 0.000171638 1.68545e-05 -5.89232e-09 -0.000171637 0.995293
2.4 0.000459218 0.209571 -9.1643e-05 -8.10282e-10 3.53377e-06 -9.1643e-05 0.209078 -8.26947e-08 -7.78057e-10 9.37717e-10 8.26946e-08 0.209077 3.91677e-05 3.53214e-06 -1.3446e-09 -3.91676e-05 0.208585 -0.000437288 -3.86638e-09 1.68619e-05 -0.000437288 0.997644 -3.9459e-07 -3.71261e-09 4.47445e-09 3.94589e-07 0.997644 0.000186895 1.68541e-05 -6.41594e-09 -0.000186894 0.995292
2.5 0.00047834 0.209537 -9.94217e-05 -8.79045e-10 3.5331e-06 -9.94217e-05 0.209043 -8.28911e-08 -8.44102e-10 1.01732e-09 8.2891e-08 0.209043 4.24945e-05 3.53148e-06 -1.45877e-09 -4.24943e-05 0.208551 -0.000474482 -4.19517e-09 1.68614e-05 -0.000474482 0.997643 -3.95591e-07 -4.02841e-09 4.85507e-09 3.95591e-07 0.997643 0.000202802 1.68537e-05 -6.96186e-09 -0.000202801 0.995292
2.6 0.000497461 0.209502 -0.000107515 -9.50586e-10 3.5324e-06 -0.000107515 0.209008 -8.30955e-08 -9.12818e-10 1.10014e-09 8.30954e-08 0.209008 4.59562e-05 3.53078e-06 -1.57757e-09 -4.5956e-05 0.208515 -0.000513193 -4.53736e-09 1.68609e-05 -0.000513193 0.997643 -3.96634e-07 -4.35709e-09 5.25121e-09 3.96633e-07 0.997643 0.000219359 1.68532e-05 -7.53008e-09 -0.000219358 0.995291
2.7 0.00051658 0.209465 -0.000115923 -1.0249e-09 3.53167e-06 -0.000115923 0.208971 -8.33079e-08 -9.84204e-10 1.18618e-09 8.33078e-08 0.208971 4.95527e-05 3.53007e-06 -1.70098e-09 -4.95525e-05 0.208479 -0.000553422 -4.89295e-09 1.68604e-05 -0.000553422 0.997642 -3.97717e-07 -4.69865e-09 5.66289e-09 3.97717e-07 0.997642 0.000236568 1.68528e-05 -8.12061e-09 -0.000236567 0.99529
2.8 0.000535698 0.209427 -0.000124644 -1.10199e-09 3.53091e-06 -0.000124644 0.208933 -8.35282e-08 -1.05826e-09 1.27543e-09 8.3528e-08 0.208933 5.32838e-05 3.52932e-06 -1.82902e-09 -5.32836e-05 0.20844 -0.000595167 -5.26194e-09 1.68599e-05 -0.000595167 0.997642 -3.98842e-07 -5.0531e-09 6.0901e-09 3.98841e-07 0.997642 0.000254427 1.68523e-05 -8.73345e-09 -0.000254426 0.99529
2.9 0.000554814 0.209387 -0.000133679 -1.18185e-09 3.53013e-06 -0.000133679 0.208893 -8.37564e-08 -1.13497e-09 1.36789e-09 8.37563e-08 0.208893 5.71496e-05 3.52855e-06 -1.96167e-09 -5.71494e-05 0.208401 -0.000638429 -5.64432e-09 1.68593e-05 -0.000638429 0.997641 -4.00007e-07 -5.42043e-09 6.53283e-09 4.00006e-07 0.997641 0.000272937 1.68518e-05 -9.3686e-09 -0.000272936 0.995289
3 0.000573928 0.209346 -0.000143027 -1.26447e-09 3.52932e-06 -0.000143027 0.208853 -8.39925e-08 -1.21434e-09 1.46356e-09 8.39924e-08 0.208852 6.11499e-05 3.52775e-06 -2.09892e-09 -6.11497e-05 0.20836 -0.000683208 -6.04009e-09 1.68588e-05 -0.000683208 0.997641 -4.01213e-07 -5.80065e-09 6.9911e-09 4.01212e-07 0.997641 0.000292099 1.68512e-05 -1.00261e-08 -0.000292098 0.995288
3.1 0.00059304 0.209304 -0.000152688 -1.34985e-09 3.52849e-06 -0.000152688 0.20881 -8.42366e-08 -1.29637e-09 1.56243e-09 8.42364e-08 0.20881 6.52845e-05 3.52692e-06 -2.24078e-09 -6.52843e-05 0.208318 -0.000729503 -6.44925e-09 1.68582e-05 -0.000729503 0.99764 -4.0246e-07 -6.19374e-09 7.46489e-09 4.0246e-07 0.99764 0.000311912 1.68507e-05 -1.07058e-08 -0.000311911 0.995288
3.2 0.000612151 0.20926 -0.000162661 -1.43799e-09 3.52762e-06 -0.000162661 0.208767 -8.44886e-08 -1.38106e-09 1.6645e-09 8.44884e-08 0.208766 6.95534e-05 3.52607e-06 -2.38723e-09 -6.95531e-05 0.208274 -0.000777315 -6.87179e-09 1.68576e-05 -0.000777315 0.99764 -4.03749e-07 -6.59971e-09 7.95421e-09 4.03748e-07 0.997639 0.000332377 1.68501e-05 -1.14079e-08 -0.000332376 0.995287
3.3 0.00063126 0.209215 -0.000172946 -1.52889e-09 3.52673e-06 -0.000172946 0.208721 -8.47485e-08 -1.46839e-09 1.76977e-09 8.47482e-08 0.208721 7.39563e-05 3.52518e-06 -2.53827e-09 -7.3956e-05 0.208229 -0.000826643 -7.30771e-09 1.68569e-05 -0.000826643 0.997639 -4.05078e-07 -7.01857e-09 8.45906e-09 4.05077e-07 0.997639 0.000353494 1.68496e-05 -1.21324e-08 -0.000353492 0.995286
3.4 0.000650367 0.209169 -0.000183543 -1.62253e-09 3.52581e-06 -0.000183543 0.208675 -8.50162e-08 -1.55837e-09 1.87822e-09 8.5016e-08 0.208675 7.84932e-05 3.52428e-06 -2.69391e-09 -7.84929e-05 0.208183 -0.000877487 -7.75701e-09 1.68563e-05 -0.000877487 0.997639 -4.06448e-07 -7.4503e-09 8.97944e-09 4.06447e-07 0.997638 0.000375263 1.6849e-05 -1.28791e-08 -0.000375261 0.995285
3.5 0.000669472 0.209121 -0.000194451 -1.71891e-09 3.52487e-06 -0.000194451 0.208627 -8.52919e-08 -1.65099e-09 1.98986e-09 8.52916e-08 0.208627 8.3164e-05 3.52334e-06 -2.85412e-09 -8.31637e-05 0.208135 -0.000929848 -8.21969e-09 1.68556e-05 -0.000929847 0.997638 -4.07859e-07 -7.89491e-09 9.51534e-09 4.07858e-07 0.997638 0.000397684 1.68483e-05 -1.36482e-08 -0.000397682 0.995285
3.6 0.000688575 0.209072 -0.000205669 -1.81804e-09 3.52389e-06 -0.000205669 0.208578 -8.55754e-08 -1.74625e-09 2.10468e-09 8.55751e-08 0.208578 8.79685e-05 3.52238e-06 -3.01891e-09 -8.79681e-05 0.208086 -0.000983724 -8.69574e-09 1.68549e-05 -0.000983723 0.997638 -4.09311e-07 -8.3524e-09 1.00668e-08 4.09309e-07 0.997637 0.000420757 1.68477e-05 -1.44396e-08 -0.000420755 0.995284
3.7 0.000707676 0.209021 -0.000217197 -1.91989e-09 3.52289e-06 -0.000217197 0.208527 -8.58668e-08 -1.84414e-09 2.22267e-09 8.58664e-08 0.208527 9.29065e-05 3.52139e-06 -3.18827e-09 -9.29061e-05 0.208035 -0.00103912 -9.18516e-09 1.68542e-05 -0.00103911 0.997637 -4.10804e-07 -8.82276e-09 1.06337e-08 4.10802e-07 0.997636 0.000444483 1.68471e-05 -1.52533e-08 -0.000444482 0.995283
3.8 0.000726775 0.208969 -0.000229035 -2.02448e-09 3.52187e-06 -0.000229035 0.208475 -8.6166e-08 -1.94467e-09 2.34384e-09 8.61656e-08 0.208475 9.79779e-05 3.52038e-06 -3.36219e-09 -9.79775e-05 0.207983 -0.00109602 -9.68795e-09 1.68535e-05 -0.00109602 0.997636 -4.12338e-07 -9.306e-09 1.12162e-08 4.12336e-07 0.997636 0.000468863 1.68464e-05 -1.60894e-08 -0.000468861 0.995282
3.9 0.000745871 0.208916 -0.000241182 -2.1318e-09 3.52081e-06 -0.000241182 0.208422 -8.6473e-08 -2.04782e-09 2.46817e-09 8.64726e-08 0.208422 0.000103183 3.51934e-06 -3.54067e-09 -0.000103182 0.20793 -0.00115444 -1.02041e-08 1.68528e-05 -0.00115444 0.997636 -4.13913e-07 -9.80211e-09 1.18142e-08 4.13911e-07 0.997635 0.000493895 1.68457e-05 -1.69478e-08 -0.000493893 0.995281
4 0.000764965 0.208861 -0.000253638 -2.24184e-09 3.51973e-06 -0.000253637 0.208367 -8.67879e-08 -2.15359e-09 2.59567e-09 8.67875e-08 0.208367 0.00010852 3.51827e-06 -3.7237e-09 -0.00010852 0.207875 -0.00121438 -1.07336e-08 1.6852e-05 -0.00121438 0.997635 -4.15529e-07 -1.03111e-08 1.24277e-08 4.15527e-07 0.997634 0.000519581 1.6845e-05 -1.78286e-08 -0.000519579 0.99528
4.1 0.000784057 0.208805 -0.000266401 -2.35459e-09 3.51862e-06 -0.000266401 0.208311 -8.71106e-08 -2.26198e-09 2.72632e-09 8.71101e-08 0.208311 0.000113991 3.51717e-06 -3.91127e-09 -0.000113991 0.207819 -0.00127583 -1.12765e-08 1.68512e-05 -0.00127583 0.997634 -4.17186e-07 -1.0833e-08 1.30568e-08 4.17184e-07 0.997633 0.00054592 1.68443e-05 -1.87317e-08 -0.000545918 0.995279
4.2 0.000803147 0.208748 -0.000279472 -2.47005e-09 3.51749e-06 -0.000279472 0.208254 -8.74412e-08 -2.37298e-09 2.86012e-09 8.74406e-08 0.208254 0.000119594 3.51605e-06 -4.10339e-09 -0.000119594 0.207762 -0.0013388 -1.18327e-08 1.68504e-05 -0.0013388 0.997634 -4.18884e-07 -1.13677e-08 1.37013e-08 4.18881e-07 0.997632 0.000572913 1.68435e-05 -1.96571e-08 -0.000572911 0.995278
4.3 0.000822234 0.208689 -0.00029285 -2.58821e-09 3.51633e-06 -0.00029285 0.208195 -8.77795e-08 -2.48659e-09 2.99707e-09 8.77788e-08 0.208195 0.00012533 3.51491e-06 -4.30003e-09 -0.00012533 0.207703 -0.00140328 -1.24022e-08 1.68496e-05 -0.00140328 0.997633 -4.20623e-07 -1.19153e-08 1.43614e-08 4.2062e-07 0.997632 0.000600561 1.68428e-05 -2.0605e-08 -0.000600559 0.995277
4.4 0.000841318 0.208629 -0.000306534 -2.70908e-09 3.51514e-06 -0.000306534 0.208135 -8.81255e-08 -2.60281e-09 3.13715e-09 8.81249e-08 0.208135 0.000131199 3.51373e-06 -4.5012e-09 -0.000131198 0.207643 -0.00146928 -1.29851e-08 1.68488e-05 -0.00146928 0.997632 -4.22403e-07 -1.24758e-08 1.5037e-08 4.224e-07 0.997631 0.000628863 1.6842e-05 -2.15751e-08 -0.00062886 0.995276
4.5 0.0008604 0.208567 -0.000320525 -2.83264e-09 3.51392e-06 -0.000320524 0.208073 -8.84794e-08 -2.72162e-09 3.28037e-09 8.84786e-08 0.208073 0.0001372 3.51253e-06 -4.70689e-09 -0.000137199 0.207582 -0.00153679 -1.35814e-08 1.68479e-05 -0.00153679 0.997631 -4.24224e-07 -1.30491e-08 1.57281e-08 4.24221e-07 0.99763 0.00065782 1.68412e-05 -2.25677e-08 -0.000657817 0.995274
4.6 0.00087948 0.208505 -0.00033482 -2.95888e-09 3.51268e-06 -0.00033482 0.20801 -8.8841e-08 -2.84303e-09 3.42672e-09 8.88402e-08 0.20801 0.000143333 3.5113e-06 -4.91708e-09 -0.000143332 0.207519 -0.00160582 -1.4191e-08 1.6847e-05 -0.00160582 0.997631 -4.26087e-07 -1.36353e-08 1.64347e-08 4.26083e-07 0.997629 0.000687431 1.68404e-05 -2.35826e-08 -0.000687428 0.995273
4.7 0.000898556 0.20844 -0.00034942 -3.08781e-09 3.51141e-06 -0.00034942 0.207946 -8.92103e-08 -2.96702e-09 3.57619e-09 8.92095e-08 0.207946 0.000149597 3.51005e-06 -5.13178e-09 -0.000149597 0.207455 -0.00167635 -1.48139e-08 1.68461e-05 -0.00167635 0.99763 -4.2799e-07 -1.42344e-08 1.71569e-08 4.27986e-07 0.997628 0.000717698 1.68396e-05 -2.46199e-08 -0.000717695 0.995272
4.8 0.00091763 0.208375 -0.000364324 -3.21941e-09 3.51011e-06 -0.000364323 0.207881 -8.95874e-08 -3.0936e-09 3.72877e-09 8.95865e-08 0.20788 0.000155994 3.50877e-06 -5.35097e-09 -0.000155993 0.207389 -0.00174841 -1.54501e-08 1.68452e-05 -0.00174841 0.997629 -4.29934e-07 -1.48463e-08 1.78946e-08 4.2993e-07 0.997627 0.000748621 1.68387e-05 -2.56796e-08 -0.000748618 0.995271
4.9 0.000936701 0.208308 -0.000379531 -3.35369e-09 3.50879e-06 -0.000379531 0.207814 -8.99722e-08 -3.22276e-09 3.88447e-09 8.99712e-08 0.207813 0.000162522 3.50746e-06 -5.57466e-09 -0.000162521 0.207322 -0.00182197 -1.60997e-08 1.68443e-05 -0.00182197 0.997628 -4.3192e-07 -1.54712e-08 1.86477e-08 4.31915e-07 0.997626 0.000780199 1.68379e-05 -2.67616e-08 -0.000780196 0.99527
5 0.00095577 0.208239 -0.000395041 -3.49063e-09 3.50744e-06 -0.00039504 0.207745 -9.03647e-08 -3.35449e-09 4.04327e-09 9.03636e-08 0.207745 0.000169181 3.50613e-06 -5.80282e-09 -0.00016918 0.207254 -0.00189705 -1.67626e-08 1.68433e-05 -0.00189705 0.997627 -4.33946e-07 -1.61088e-08 1.94164e-08 4.33941e-07 0.997625 0.000812434 1.6837e-05 -2.78661e-08 -0.00081243 0.995268
5.1 0.000974835 0.20817 -0.000410852 -3.63022e-09 3.50607e-06 -0.000410852 0.207676 -9.07649e-08 -3.48879e-09 4.20516e-09 9.07637e-08 0.207675 0.000175971 3.50477e-06 -6.03545e-09 -0.00017597 0.207184 -0.00197364 -1.74387e-08 1.68423e-05 -0.00197364 0.997626 -4.36014e-07 -1.67594e-08 2.02006e-08 4.36008e-07 0.997624 0.000845325 1.68361e-05 -2.89929e-08 -0.000845321 0.995267
5.2 0.000993897 0.208099 -0.000426966 -3.77247e-09 3.50466e-06 -0.000426966 0.207605 -9.11727e-08 -3.62566e-09 4.37014e-09 9.11714e-08 0.207604 0.000182892 3.50338e-06 -6.27254e-09 -0.000182892 0.207114 -0.00205175 -1.81282e-08 1.68413e-05 -0.00205174 0.997626 -4.38122e-07 -1.74228e-08 2.10003e-08 4.38116e-07 0.997623 0.000878872 1.68352e-05 -3.01421e-08 -0.000878869 0.995266
5.3 0.00101296 0.208026 -0.000443379 -3.91736e-09 3.50323e-06 -0.000443379 0.207532 -9.15882e-08 -3.76507e-09 4.53821e-09 9.15868e-08 0.207532 0.000189944 3.50197e-06 -6.51409e-09 -0.000189943 0.207041 -0.00213136 -1.88311e-08 1.68403e-05 -0.00213136 0.997625 -4.40272e-07 -1.8099e-08 2.18156e-08 4.40265e-07 0.997622 0.000913077 1.68342e-05 -3.13138e-08 -0.000913074 0.995264
5.4 0.00103201 0.207953 -0.000460093 -4.06488e-09 3.50178e-06 -0.000460093 0.207459 -9.20114e-08 -3.90705e-09 4.70936e-09 9.20099e-08 0.207458 0.000197127 3.50053e-06 -6.76009e-09 -0.000197126 0.206968 -0.00221249 -1.95472e-08 1.68393e-05 -0.00221249 0.997624 -4.42463e-07 -1.87881e-08 2.26463e-08 4.42456e-07 0.997621 0.00094794 1.68333e-05 -3.25078e-08 -0.000947936 0.995263
5.5 0.00105107 0.207878 -0.000477106 -4.21504e-09 3.50029e-06 -0.000477106 0.207383 -9.24422e-08 -4.05156e-09 4.88357e-09 9.24405e-08 0.207383 0.000204439 3.49906e-06 -7.01052e-09 -0.000204438 0.206893 -0.00229513 -2.02765e-08 1.68382e-05 -0.00229513 0.997623 -4.44695e-07 -1.94901e-08 2.34925e-08 4.44687e-07 0.99762 0.00098346 1.68323e-05 -3.37243e-08 -0.000983456 0.995261
5.6 0.00107012 0.207801 -0.000494418 -4.36782e-09 3.49878e-06 -0.000494418 0.207307 -9.28806e-08 -4.19862e-09 5.06085e-09 9.28788e-08 0.207306 0.000211882 3.49757e-06 -7.26538e-09 -0.000211881 0.206816 -0.00237928 -2.10192e-08 1.68372e-05 -0.00237928 0.997622 -4.46969e-07 -2.0205e-08 2.43543e-08 4.4696e-07 0.997618 0.00101964 1.68313e-05 -3.49631e-08 -0.00101963 0.99526
5.7 0.00108916 0.207723 -0.000512027 -4.52322e-09 3.49725e-06 -0.000512027 0.207229 -9.33266e-08 -4.3482e-09 5.24118e-09 9.33246e-08 0.207228 0.000219455 3.49605e-06 -7.52466e-09 -0.000219454 0.206738 -0.00246495 -2.17752e-08 1.68361e-05 -0.00246495 0.997621 -4.49283e-07 -2.09327e-08 2.52315e-08 4.49274e-07 0.997617 0.00105648 1.68303e-05 -3.62244e-08 -0.00105647 0.995258
5.8 0.00110821 0.207644 -0.000529934 -4.68123e-09 3.49569e-06 -0.000529933 0.20715 -9.37801e-08 -4.50032e-09 5.42455e-09 9.37781e-08 0.207149 0.000227157 3.49451e-06 -7.78835e-09 -0.000227156 0.206659 -0.00255212 -2.25444e-08 1.6835e-05 -0.00255212 0.99762 -4.51638e-07 -2.16732e-08 2.61243e-08 4.51628e-07 0.997616 0.00109397 1.68293e-05 -3.75082e-08 -0.00109397 0.995257
5.9 0.00112725 0.207564 -0.000548136 -4.84184e-09 3.4941e-06 -0.000548136 0.20707 -9.42413e-08 -4.65496e-09 5.61097e-09 9.42391e-08 0.207069 0.000234988 3.49294e-06 -8.05645e-09 -0.000234987 0.206579 -0.00264081 -2.3327e-08 1.68338e-05 -0.00264081 0.997619 -4.54035e-07 -2.24266e-08 2.70325e-08 4.54024e-07 0.997615 0.00113213 1.68283e-05 -3.88143e-08 -0.00113212 0.995255
6 0.00172656 0.207482 -0.000566635 -5.00504e-09 3.49248e-06 -0.000566634 0.206988 -9.471e-08 -4.81211e-09 5.80042e-09 9.47076e-08 0.206987 0.000242949 3.49134e-06 -8.32893e-09 -0.000242948 0.206497 -0.002731 -2.41228e-08 1.68327e-05 -0.002731 0.997618 -4.56473e-07 -2.31929e-08 2.79563e-08 4.56462e-07 0.997613 0.00117094 1.68272e-05 -4.01429e-08 -0.00117094 0.995253
6.2 0.00236869 0.207314 -0.000604514 -5.3392e-09 3.48917e-06 -0.000604514 0.20682 -9.56699e-08 -5.13393e-09 6.18839e-09 9.56672e-08 0.206819 0.000259257 3.48807e-06 -8.88704e-09 -0.000259256 0.20633 -0.00291593 -2.57541e-08 1.68303e-05 -0.00291593 0.997616 -4.61472e-07 -2.4764e-08 2.98503e-08 4.61459e-07 0.997611 0.00125055 1.6825e-05 -4.28674e-08 -0.00125054 0.99525
6.4 0.00244479 0.207142 -0.000643566 -5.68365e-09 3.48576e-06 -0.000643566 0.206647 -9.66598e-08 -5.46573e-09 6.58839e-09 9.66568e-08 0.206646 0.000276078 3.4847e-06 -9.46259e-09 -0.000276077 0.206157 -0.00310689 -2.74385e-08 1.68279e-05 -0.00310689 0.997614 -4.66637e-07 -2.63864e-08 3.18062e-08 4.66622e-07 0.997608 0.0013328 1.68228e-05 -4.56818e-08 -0.00133279 0.995246
6.6 0.00252085 0.206963 -0.000683784 -6.03831e-09 3.48224e-06 -0.000683784 0.206469 -9.76796e-08 -5.80745e-09 7.00036e-09 9.76762e-08 0.206468 0.000293411 3.48122e-06 -1.00555e-08 -0.00029341 0.205979 -0.00330389 -2.91758e-08 1.68254e-05 -0.00330389 0.997611 -4.71966e-07 -2.80603e-08 3.38242e-08 4.71949e-07 0.997605 0.0014177 1.68205e-05 -4.8586e-08 -0.00141769 0.995243
6.8 0.00259689 0.20678 -0.000725161 -6.40314e-09 3.47862e-06 -0.000725161 0.206285 -9.87291e-08 -6.15905e-09 7.42423e-09 9.87252e-08 0.206284 0.000311254 3.47764e-06 -1.06657e-08 -0.000311253 0.205795 -0.00350693 -3.0966e-08 1.68228e-05 -0.00350693 0.997609 -4.7746e-07 -2.97856e-08 3.59041e-08 4.77441e-07 0.997602 0.00150524 1.68181e-05 -5.15802e-08 -0.00150524 0.995239
7 0.00267289 0.206591 -0.00076769 -6.77805e-09 3.47489e-06 -0.00076769 0.206096 -9.98081e-08 -6.52046e-09 7.85994e-09 9.98037e-08 0.206095 0.000329604 3.47396e-06 -1.12931e-08 -0.000329603 0.205606 -0.00371599 -3.28091e-08 1.68202e-05 -0.00371599 0.997607 -4.8312e-07 -3.15622e-08 3.80459e-08 4.83099e-07 0.997598 0.00159544 1.68157e-05 -5.46643e-08 -0.00159544 0.995235
7.2 0.00274886 0.206397 -0.000811364 -7.16299e-09 3.47106e-06 -0.000811363 0.205902 -1.00917e-07 -6.89163e-09 8.30741e-09 1.00912e-07 0.2059 0.000348459 3.47017e-06 -1.19377e-08 -0.000348458 0.205412 -0.00393109 -3.4705e-08 1.68174e-05 -0.00393109 0.997604 -4.88944e-07 -3.33902e-08 4.02497e-08 4.88921e-07 0.997595 0.0016883 1.68131e-05 -5.78385e-08 -0.00168829 0.99523
7.4 0.0028248 0.206197 -0.000856174 -7.55787e-09 3.46713e-06 -0.000856174 0.205703 -1.02054e-07 -7.27249e-09 8.76656e-09 1.02049e-07 0.205701 0.000367817 3.46629e-06 -1.25992e-08 -0.000367816 0.205213 -0.00415221 -3.66536e-08 1.68146e-05 -0.00415221 0.997602 -4.94935e-07 -3.52696e-08 4.25154e-08 4.94908e-07 0.997591 0.00178381 1.68105e-05 -6.11027e-08 -0.00178381 0.995226
7.6 0.00290071 0.205993 -0.000902115 -7.96263e-09 3.46309e-06 -0.000902115 0.205498 -1.03221e-07 -7.66298e-09 9.23732e-09 1.03215e-07 0.205496 0.000387676 3.4623e-06 -1.32777e-08 -0.000387674 0.205008 -0.00437936 -3.86549e-08 1.68117e-05 -0.00437936 0.997599 -5.0109e-07 -3.72003e-08 4.4843e-08 5.01061e-07 0.997588 0.00188199 1.68079e-05 -6.44571e-08 -0.00188198 0.995221
7.8 0.00297657 0.205783 -0.000949178 -8.37718e-09 3.45895e-06 -0.000949177 0.205288 -1.04416e-07 -8.06305e-09 9.71962e-09 1.0441e-07 0.205285 0.000408033 3.45821e-06 -1.3973e-08 -0.000408031 0.204798 -0.00461252 -4.07089e-08 1.68088e-05 -0.00461252 0.997597 -5.07411e-07 -3.91823e-08 4.72325e-08 5.07379e-07 0.997584 0.00198283 1.68051e-05 -6.79016e-08 -0.00198283 0.995216
8 0.00305241 0.205568 -0.000997354 -8.80147e-09 3.45471e-06 -0.000997354 0.205073 -1.05641e-07 -8.47262e-09 1.02134e-08 1.05633e-07 0.20507 0.000428886 3.45402e-06 -1.4685e-08 -0.000428884 0.204583 -0.00485171 -4.28154e-08 1.68057e-05 -0.00485171 0.997594 -5.13898e-07 -4.12157e-08 4.96838e-08 5.13862e-07 0.99758 0.00208635 1.68023e-05 -7.14365e-08 -0.00208634 0.995211
8.2 0.0031282 0.205347 -0.00104664 -9.2354e-09 3.45037e-06 -0.00104664 0.204853 -1.06894e-07 -8.89163e-09 1.07185e-08 1.06886e-07 0.204849 0.000450232 3.44972e-06 -1.54137e-08 -0.00045023 0.204363 -0.00509691 -4.49745e-08 1.68026e-05 -0.00509691 0.997591 -5.20551e-07 -4.33005e-08 5.2197e-08 5.20511e-07 0.997575 0.00219254 1.67995e-05 -7.50616e-08 -0.00219253 0.995206
8.4 0.00320396 0.205122 -0.00109702 -9.67889e-09 3.44593e-06 -0.00109702 0.204627 -1.08175e-07 -9.32002e-09 1.12349e-08 1.08166e-07 0.204624 0.000472069 3.44533e-06 -1.61589e-08 -0.000472067 0.204137 -0.00534812 -4.71861e-08 1.67994e-05 -0.00534812 0.997588 -5.2737e-07 -4.54365e-08 5.4772e-08 5.27325e-07 0.997571 0.00230141 1.67965e-05 -7.87771e-08 -0.0023014 0.995201
8.6 0.00327968 0.204891 -0.00114849 -1.01319e-08 3.44138e-06 -0.00114849 0.204396 -1.09485e-07 -9.75771e-09 1.17626e-08 1.09475e-07 0.204393 0.000494394 3.44084e-06 -1.69206e-08 -0.000494392 0.203907 -0.00560534 -4.945e-08 1.67961e-05 -0.00560534 0.997585 -5.34354e-07 -4.76239e-08 5.74088e-08 5.34306e-07 0.997566 0.00241296 1.67935e-05 -8.25831e-08 -0.00241295 0.995195
8.8 0.00335535 0.204655 -0.00120103 -1.05943e-08 3.43674e-06 -0.00120103 0.204161 -1.10822e-07 -1.02046e-08 1.23013e-08 1.10811e-07 0.204156 0.000517204 3.43625e-06 -1.76985e-08 -0.000517202 0.203671 -0.00586857 -5.17663e-08 1.67928e-05 -0.00586857 0.997582 -5.41505e-07 -4.98625e-08 6.01074e-08 5.41452e-07 0.997561 0.00252719 1.67904e-05 -8.64796e-08 -0.00252718 0.995189
9 0.00343099 0.204415 -0.00125466 -1.10659e-08 3.43199e-06 -0.00125466 0.20392 -1.12187e-07 -1.06607e-08 1.28511e-08 1.12175e-07 0.203915 0.000540497 3.43156e-06 -1.84927e-08 -0.000540495 0.20343 -0.0061378 -5.41348e-08 1.67894e-05 -0.0061378 0.997579 -5.48823e-07 -5.21525e-08 6.28678e-08 5.48764e-07 0.997556 0.00264412 1.67873e-05 -9.04666e-08 -0.00264411 0.995183
9.2 0.00350659 0.204169 -0.00130934 -1.15469e-08 3.42715e-06 -0.00130934 0.203674 -1.1358e-07 -1.11259e-08 1.34118e-08 1.13567e-07 0.203669 0.00056427 3.42677e-06 -1.9303e-08 -0.000564268 0.203184 -0.00641302 -5.65556e-08 1.67859e-05 -0.00641302 0.997576 -5.56306e-07 -5.44937e-08 6.56899e-08 5.56242e-07 0.997551 0.00276375 1.6784e-05 -9.45443e-08 -0.00276374 0.995177
9.4 0.00358214 0.203918 -0.00136507 -1.20369e-08 3.42221e-06 -0.00136507 0.203423 -1.15001e-07 -1.16001e-08 1.39834e-08 1.14986e-07 0.203417 0.000588521 3.42189e-06 -2.01293e-08 -0.000588518 0.202933 -0.00669425 -5.90285e-08 1.67823e-05 -0.00669424 0.997573 -5.63956e-07 -5.68863e-08 6.85738e-08 5.63887e-07 0.997546 0.00288607 1.67807e-05 -9.87127e-08 -0.00288606 0.99517
9.6 0.00365765 0.203662 -0.00142185 -1.25361e-08 3.41716e-06 -0.00142185 0.203166 -1.16448e-07 -1.20833e-08 1.45657e-08 1.16433e-07 0.20316 0.000613245 3.41691e-06 -2.09714e-08 -0.000613243 0.202676 -0.00698146 -6.15534e-08 1.67786e-05 -0.00698146 0.997569 -5.71773e-07 -5.93301e-08 7.15194e-08 5.71698e-07 0.99754 0.0030111 1.67774e-05 -1.02972e-07 -0.00301109 0.995163
9.8 0.00373311 0.2034 -0.00147967 -1.30441e-08 3.41203e-06 -0.00147967 0.202905 -1.17923e-07 -1.25753e-08 1.51587e-08 1.17906e-07 0.202899 0.000638441 3.41183e-06 -2.18293e-08 -0.000638438 0.202415 -0.00727466 -6.41304e-08 1.67749e-05 -0.00727466 0.997566 -5.79757e-07 -6.18253e-08 7.45266e-08 5.79675e-07 0.997534 0.00313884 1.67739e-05 -1.07322e-07 -0.00313883 0.995156
10 0.00380853 0.203134 -0.00153851 -1.35611e-08 3.40679e-06 -0.00153851 0.202639 -1.19424e-07 -1.30761e-08 1.57623e-08 1.19406e-07 0.202632 0.000664105 3.40665e-06 -2.27029e-08 -0.000664102 0.202149 -0.00757384 -6.67592e-08 1.67711e-05 -0.00757384 0.997563 -5.87908e-07 -6.43717e-08 7.75955e-08 5.87819e-07 0.997528 0.00326929 1.67704e-05 -1.11763e-07 -0.00326928 0.995149
10.2 0.0038839 0.202863 -0.00159836 -1.40868e-08 3.40146e-06 -0.00159836 0.202368 -1.20952e-07 -1.35856e-08 1.63763e-08 1.20933e-07 0.20236 0.000690234 3.40138e-06 -2.35919e-08 -0.000690231 0.201877 -0.00787901 -6.944e-08 1.67672e-05 -0.00787901 0.997559 -5.96226e-07 -6.69693e-08 8.0726e-08 5.96129e-07 0.997522 0.00340246 1.67669e-05 -1.16295e-07 -0.00340245 0.995141
10.4 0.00395923 0.202587 -0.00165922 -1.46212e-08 3.39603e-06 -0.00165922 0.202092 -1.22507e-07 -1.41038e-08 1.70007e-08 1.22485e-07 0.202084 0.000716825 3.39601e-06 -2.44964e-08 -0.000716822 0.201601 -0.00819015 -7.21724e-08 1.67633e-05 -0.00819015 0.997555 -6.04712e-07 -6.96183e-08 8.39181e-08 6.04606e-07 0.997515 0.00353836 1.67632e-05 -1.20918e-07 -0.00353834 0.995133
10.6 0.0040345 0.202306 -0.00172107 -1.51642e-08 3.3905e-06 -0.00172107 0.201811 -1.24087e-07 -1.46305e-08 1.76354e-08 1.24064e-07 0.201802 0.000743875 3.39055e-06 -2.54161e-08 -0.000743872 0.20132 -0.00850726 -7.49566e-08 1.67593e-05 -0.00850726 0.997552 -6.13364e-07 -7.23185e-08 8.71717e-08 6.13251e-07 0.997508 0.00367698 1.67595e-05 -1.25632e-07 -0.00367697 0.995125
10.8 0.00410973 0.20202 -0.00178391 -1.57156e-08 3.38488e-06 -0.00178391 0.201525 -1.25694e-07 -1.51656e-08 1.82802e-08 1.25669e-07 0.201515 0.000771381 3.38499e-06 -2.6351e-08 -0.000771378 0.201034 -0.00883034 -7.77924e-08 1.67552e-05 -0.00883034 0.997548 -6.22185e-07 -7.507e-08 9.0487e-08 6.22062e-07 0.997501 0.00381834 1.67557e-05 -1.30438e-07 -0.00381832 0.995117
11 0.00418491 0.201729 -0.00184772 -1.62755e-08 3.37916e-06 -0.00184771 0.201234 -1.27326e-07 -1.57092e-08 1.8935e-08 1.27299e-07 0.201224 0.000799339 3.37934e-06 -2.73009e-08 -0.000799336 0.200742 -0.00915938 -8.06797e-08 1.6751e-05 -0.00915938 0.997544 -6.31173e-07 -7.78727e-08 9.38637e-08 6.31041e-07 0.997493 0.00396244 1.67519e-05 -1.35334e-07 -0.00396242 0.995108
11.2 0.00426003 0.201433 -0.00191249 -1.68436e-08 3.37335e-06 -0.00191249 0.200938 -1.28984e-07 -1.62611e-08 1.95999e-08 1.28955e-07 0.200927 0.000827747 3.3736e-06 -2.82657e-08 -0.000827743 0.200446 -0.00949439 -8.36185e-08 1.67467e-05 -0.00949438 0.99754 -6.40329e-07 -8.07267e-08 9.73019e-08 6.40187e-07 0.997486 0.00410928 1.6748e-05 -1.40323e-07 -0.00410926 0.995099
11.4 0.00433511 0.201133 -0.00197821 -1.74199e-08 3.36745e-06 -0.00197821 0.200637 -1.30667e-07 -1.68212e-08 2.02745e-08 1.30636e-07 0.200626 0.000856599 3.36776e-06 -2.92452e-08 -0.000856596 0.200145 -0.00983534 -8.66087e-08 1.67424e-05 -0.00983534 0.997536 -6.49653e-07 -8.3632e-08 1.00801e-07 6.495e-07 0.997478 0.00425887 1.6744e-05 -1.45402e-07 -0.00425886 0.99509
11.6 0.00441013 0.200828 -0.00204488 -1.80042e-08 3.36145e-06 -0.00204487 0.200332 -1.32375e-07 -1.73894e-08 2.09589e-08 1.32342e-07 0.200319 0.000885895 3.36183e-06 -3.02393e-08 -0.000885891 0.199839 -0.0101822 -8.96501e-08 1.6738e-05 -0.0101822 0.997532 -6.59146e-07 -8.65886e-08 1.04363e-07 6.58981e-07 0.997469 0.00441122 1.67399e-05 -1.50574e-07 -0.0044112 0.99508
11.8 0.0044851 0.200517 -0.00211247 -1.85965e-08 3.35536e-06 -0.00211247 0.200022 -1.34107e-07 -1.79656e-08 2.16529e-08 1.34072e-07 0.200008 0.000915629 3.35581e-06 -3.12479e-08 -0.000915625 0.199529 -0.0105351 -9.27427e-08 1.67335e-05 -0.0105351 0.997528 -6.68806e-07 -8.95964e-08 1.07985e-07 6.6863e-07 0.997461 0.00456633 1.67358e-05 -1.55837e-07 -0.00456631 0.99507
12 0.0139046 0.200202 -0.00218098 -1.91967e-08 3.34918e-06 -0.00218098 0.199707 -1.35865e-07 -1.85499e-08 2.23563e-08 1.35827e-07 0.199692 0.000945798 3.3497e-06 -3.22709e-08 -0.000945794 0.199213 -0.0108939 -9.58864e-08 1.6729e-05 -0.0108939 0.997524 -6.78636e-07 -9.26555e-08 1.11669e-07 6.78447e-07 0.997452 0.00472421 1.67316e-05 -1.61191e-07 -0.00472419 0.99506
13 0.0246683 0.198557 -0.00253691 -2.23115e-08 3.31691e-06 -0.00253691 0.198061 -1.4501e-07 -2.15872e-08 2.60122e-08 1.44958e-07 0.198041 0.00110304 3.3178e-06 -3.75957e-08 -0.00110304 0.197565 -0.0127768 -1.12368e-07 1.67051e-05 -0.0127768 0.997502 -7.30318e-07 -1.08721e-07 1.31006e-07 7.30057e-07 0.997403 0.0055553 1.67096e-05 -1.89345e-07 -0.00555528 0.995003
14 0.0265294 0.196796 -0.00291403 -2.56059e-08 3.28244e-06 -0.00291403 0.1963 -1.5473e-07 -2.481e-08 2.98876e-08 1.5466e-07 0.196274 0.00127061 3.28371e-06 -4.32571e-08 -0.00127061 0.1958 -0.0148073 -1.30114e-07 1.66794e-05 -0.0148073 0.997478 -7.86243e-07 -1.26069e-07 1.51871e-07 7.85888e-07 0.997345 0.00645648 1.66858e-05 -2.19806e-07 -0.00645646 0.994937
15 0.0283823 0.194924 -0.00331077 -2.9065e-08 3.24584e-06 -0.00331077 0.194427 -1.64991e-07 -2.82062e-08 3.39667e-08 1.64899e-07 0.194393 0.00144801 3.24751e-06 -4.92359e-08 -0.001448 0.193922 -0.0169849 -1.49109e-07 1.66518e-05 -0.0169849 0.997452 -8.46436e-07 -1.44703e-07 1.74256e-07 8.45964e-07 0.997276 0.00742856 1.66604e-05 -2.5259e-07 -0.00742853 0.994859
16 0.0302266 0.192944 -0.00372549 -3.26734e-08 3.2072e-06 -0.00372549 0.192447 -1.75757e-07 -3.17637e-08 3.82327e-08 1.75638e-07 0.192403 0.0016347 3.20929e-06 -5.55119e-08 -0.00163469 0.191935 -0.0193086 -1.69341e-07 1.66224e-05 -0.0193086 0.997424 -9.10922e-07 -1.64626e-07 1.98154e-07 9.10306e-07 0.997197 0.00847239 1.66333e-05 -2.87709e-07 -0.00847236 0.99477
17 0.0320617 0.19086 -0.00415649 -3.64152e-08 3.1666e-06 -0.00415649 0.190363 -1.86992e-07 -3.547e-08 4.26683e-08 1.8684e-07 0.190308 0.00183014 3.16914e-06 -6.20639e-08 -0.00183013 0.189843 -0.0217777 -1.90795e-07 1.65912e-05 -0.0217777 0.997393 -9.79731e-07 -1.85843e-07 2.23558e-07 9.78938e-07 0.997104 0.00958891 1.66045e-05 -3.2518e-07 -0.00958887 0.994667
18 0.0338871 0.188677 -0.00460202 -4.02738e-08 3.12415e-06 -0.00460202 0.188179 -1.98656e-07 -3.93124e-08 4.72552e-08 1.98467e-07 0.18811 0.00203376 3.12713e-06 -6.88704e-08 -0.00203375 0.187648 -0.024391 -2.13454e-07 1.65582e-05 -0.024391 0.997361 -1.05289e-06 -2.08359e-07 2.50456e-07 1.05189e-06 0.996998 0.0107791 1.6574e-05 -3.65018e-07 -0.010779 0.99455
19 0.0357021 0.186398 -0.00506026 -4.42325e-08 3.07994e-06 -0.00506026 0.1859 -2.10712e-07 -4.32782e-08 5.19747e-08 2.10476e-07 0.185816 0.00224496 3.08338e-06 -7.59088e-08 -0.00224495 0.185357 -0.0271476 -2.37302e-07 1.65234e-05 -0.0271476 0.997327 -1.13044e-06 -2.32181e-07 2.78837e-07 1.12918e-06 0.996876 0.0120439 1.65419e-05 -4.0724e-07 -0.0120438 0.994416
20 0.0375062 0.184028 -0.00552938 -4.82742e-08 3.03406e-06 -0.00552937 0.183529 -2.23117e-07 -4.73544e-08 5.68073e-08 2.22828e-07 0.183428 0.00246311 3.03797e-06 -8.31561e-08 -0.00246311 0.182973 -0.0300464 -2.62319e-07 1.64869e-05 -0.0300464 0.99729 -1.2124e-06 -2.57322e-07 3.08688e-07 1.21084e-06 0.996737 0.0133844 1.65082e-05 -4.51866e-07 -0.0133844 0.994264
21 0.0392989 0.181572 -0.00600748 -5.23814e-08 2.98662e-06 -0.00600748 0.181073 -2.3583e-07 -5.15285e-08 6.17334e-08 2.35481e-07 0.180951 0.0026876 2.99101e-06 -9.0589e-08 -0.00268759 0.180499 -0.0330859 -2.88488e-07 1.64487e-05 -0.0330859 0.997251 -1.29882e-06 -2.83791e-07 3.39994e-07 1.2969e-06 0.996579 0.0148018 1.64729e-05 -4.98915e-07 -0.0148018 0.994093
22 0.0410797 0.179034 -0.00649267 -5.65368e-08 2.93772e-06 -0.00649267 0.178534 -2.4881e-07 -5.57879e-08 6.67327e-08 2.48391e-07 0.17839 0.00291775 2.94259e-06 -9.81839e-08 -0.00291774 0.177942 -0.036265 -3.15788e-07 1.64087e-05 -0.036265 0.997209 -1.38974e-06 -3.11605e-07 3.72737e-07 1.38739e-06 0.996401 0.0162972 1.64359e-05 -5.48409e-07 -0.0162971 0.9939
23 0.0428479 0.176419 -0.00698305 -6.07229e-08 2.88746e-06 -0.00698304 0.175919 -2.62014e-07 -6.01202e-08 7.17847e-08 2.61515e-07 0.175749 0.00315292 2.89283e-06 -1.05917e-07 -0.0031529 0.175305 -0.0395821 -3.44197e-07 1.6367e-05 -0.0395821 0.997165 -1.48518e-06 -3.4078e-07 4.06898e-07 1.48235e-06 0.9962 0.0178717 1.63974e-05 -6.00369e-07 -0.0178716 0.993685
24 0.0446031 0.173733 -0.00747668 -6.49225e-08 2.83596e-06 -0.00747668 0.173232 -2.754e-07 -6.45135e-08 7.68687e-08 2.74811e-07 0.173033 0.00339241 2.84181e-06 -1.13763e-07 -0.0033924 0.172594 -0.0430356 -3.73692e-07 1.63237e-05 -0.0430356 0.997119 -1.5852e-06 -3.71338e-07 4.42454e-07 1.5818e-06 0.995976 0.0195266 1.63574e-05 -6.54819e-07 -0.0195265 0.993444
25 0.0463447 0.170979 -0.00797167 -6.91182e-08 2.78332e-06 -0.00797167 0.170478 -2.88924e-07 -6.89562e-08 8.19638e-08 2.88234e-07 0.170248 0.00363554 2.78966e-06 -1.217e-07 -0.00363553 0.169812 -0.0466238 -4.04251e-07 1.62788e-05 -0.0466238 0.99707 -1.68983e-06 -4.03303e-07 4.79381e-07 1.68579e-06 0.995725 0.0212632 1.63158e-05 -7.11785e-07 -0.0212631 0.993176
26 0.0480722 0.168162 -0.00846611 -7.32931e-08 2.72965e-06 -0.00846611 0.167661 -3.02544e-07 -7.34373e-08 8.70492e-08 3.01741e-07 0.167397 0.00388163 2.73646e-06 -1.29702e-07 -0.00388161 0.166965 -0.0503449 -4.35847e-07 1.62322e-05 -0.0503449 0.997018 -1.79912e-06 -4.36705e-07 5.1765e-07 1.79434e-06 0.995447 0.0230826 1.62727e-05 -7.71293e-07 -0.0230825 0.99288
27 0.049785 0.165289 -0.00895813 -7.74305e-08 2.67505e-06 -0.00895813 0.164787 -3.16217e-07 -7.79461e-08 9.2104e-08 3.15289e-07 0.164485 0.00412996 2.68234e-06 -1.37747e-07 -0.00412994 0.164058 -0.0541968 -4.68455e-07 1.61841e-05 -0.0541968 0.996964 -1.91312e-06 -4.71574e-07 5.5723e-07 1.9075e-06 0.995138 0.0249863 1.62282e-05 -8.33371e-07 -0.0249862 0.992552
28 0.0514827 0.162363 -0.00944588 -8.15143e-08 2.61963e-06 -0.00944588 0.161861 -3.29901e-07 -8.24726e-08 9.71074e-08 3.28835e-07 0.161519 0.00437983 2.62739e-06 -1.45811e-07 -0.00437981 0.161096 -0.0581774 -5.02048e-07 1.61344e-05 -0.0581774 0.996906 -2.03187e-06 -5.0795e-07 5.98086e-07 2.0253e-06 0.994797 0.0269755 1.61822e-05 -8.98051e-07 -0.0269754 0.992191
29 0.0531646 0.159391 -0.00992756 -8.55285e-08 2.56351e-06 -0.00992756 0.158888 -3.43555e-07 -8.70074e-08 1.02039e-07 3.42338e-07 0.158502 0.00463055 2.57172e-06 -1.5387e-07 -0.00463053 0.158083 -0.0622844 -5.36596e-07 1.60831e-05 -0.0622844 0.996846 -2.15542e-06 -5.45875e-07 6.4018e-07 2.14779e-06 0.994422 0.0290515 1.61347e-05 -9.65363e-07 -0.0290514 0.991795
30 0.0548304 0.156376 -0.0104014 -8.94581e-08 2.50677e-06 -0.0104014 0.155873 -3.57137e-07 -9.15419e-08 1.06878e-07 3.55755e-07 0.155439 0.0048814 2.51543e-06 -1.61903e-07 -0.00488138 0.155025 -0.0665154 -5.72071e-07 1.60304e-05 -0.0665154 0.996782 -2.28384e-06 -5.85397e-07 6.83468e-07 2.275e-06 0.994011 0.0312158 1.60858e-05 -1.03534e-06 -0.0312157 0.991361
31 0.0564795 0.153324 -0.0108657 -9.32883e-08 2.44954e-06 -0.0108657 0.15282 -3.70609e-07 -9.6068e-08 1.11605e-07 3.69047e-07 0.152336 0.00513169 2.45863e-06 -1.69887e-07 -0.00513167 0.151927 -0.0708676 -6.0844e-07 1.59763e-05 -0.0708676 0.996716 -2.41716e-06 -6.2657e-07 7.27904e-07 2.40698e-06 0.99356 0.0334696 1.60355e-05 -1.10802e-06 -0.0334695 0.990887
32 0.0581114 0.150239 -0.0113188 -9.70052e-08 2.39192e-06 -0.0113188 0.149735 -3.8393e-07 -1.00578e-07 1.162e-07 3.82175e-07 0.149198 0.00538072 2.40141e-06 -1.77801e-07 -0.0053807 0.148793 -0.0753384 -6.45671e-07 1.59207e-05 -0.0753384 0.996646 -2.55545e-06 -6.69455e-07 7.73435e-07 2.54378e-06 0.993069 0.0358143 1.59839e-05 -1.18345e-06 -0.0358142 0.990371
33 0.0597256 0.147128 -0.0117591 -1.00596e-07 2.33399e-06 -0.0117591 0.146623 -3.97063e-07 -1.05067e-07 1.20645e-07 3.95101e-07 0.146029 0.00562782 2.34388e-06 -1.85624e-07 -0.0056278 0.145628 -0.0799246 -6.8373e-07 1.58637e-05 -0.0799246 0.996572 -2.69877e-06 -7.14119e-07 8.20004e-07 2.68543e-06 0.992534 0.0382513 1.59309e-05 -1.26166e-06 -0.0382511 0.989809
34 0.0613216 0.143993 -0.0121851 -1.04047e-07 2.27587e-06 -0.0121851 0.143489 -4.09972e-07 -1.09527e-07 1.24921e-07 4.07788e-07 0.142835 0.0058723 2.28613e-06 -1.93338e-07 -0.00587228 0.142438 -0.084623 -7.2258e-07 1.58054e-05 -0.084623 0.996495 -2.84716e-06 -7.60639e-07 8.67548e-07 2.83199e-06 0.991953 0.0407818 1.58767e-05 -1.34269e-06 -0.0407816 0.989201
35 0.0628989 0.140841 -0.0125955 -1.07347e-07 2.21765e-06 -0.0125955 0.140336 -4.22621e-07 -1.13954e-07 1.2901e-07 4.20201e-07 0.139619 0.0061135 2.22826e-06 -2.00923e-07 -0.00611348 0.139227 -0.0894303 -7.62186e-07 1.57458e-05 -0.0894303 0.996414 -3.0007e-06 -8.09096e-07 9.16e-07 2.98351e-06 0.991324 0.0434071 1.58211e-05 -1.4266e-06 -0.043407 0.988542
36 0.064457 0.137675 -0.0129887 -1.10486e-07 2.15942e-06 -0.0129887 0.13717 -4.34977e-07 -1.18343e-07 1.32896e-07 4.32307e-07 0.136387 0.00635077 2.17035e-06 -2.08362e-07 -0.00635075 0.136 -0.0943428 -8.02508e-07 1.56849e-05 -0.0943428 0.99633 -3.15944e-06 -8.59582e-07 9.65285e-07 3.14005e-06 0.990644 0.0461286 1.57642e-05 -1.51343e-06 -0.0461284 0.987832
37 0.0659956 0.134501 -0.0133636 -1.13453e-07 2.10128e-06 -0.0133636 0.133996 -4.47008e-07 -1.22692e-07 1.36562e-07 4.44075e-07 0.133144 0.00658348 2.1125e-06 -2.15638e-07 -0.00658345 0.132762 -0.0993567 -8.43506e-07 1.56227e-05 -0.0993567 0.996241 -3.32345e-06 -9.12199e-07 1.01532e-06 3.30164e-06 0.989911 0.0489473 1.57061e-05 -1.60324e-06 -0.0489472 0.987066
38 0.067514 0.131323 -0.013719 -1.16239e-07 2.0433e-06 -0.013719 0.130817 -4.58684e-07 -1.26996e-07 1.39993e-07 4.55474e-07 0.129894 0.006811 2.05478e-06 -2.22734e-07 -0.00681098 0.129516 -0.104468 -8.85137e-07 1.55594e-05 -0.104468 0.996149 -3.4928e-06 -9.67055e-07 1.06602e-06 3.46836e-06 0.989122 0.0518646 1.56468e-05 -1.69608e-06 -0.0518644 0.986244
39 0.0690118 0.128144 -0.0140538 -1.18835e-07 1.98558e-06 -0.0140538 0.127638 -4.69975e-07 -1.31255e-07 1.43175e-07 4.66477e-07 0.126642 0.00703275 1.99729e-06 -2.29638e-07 -0.00703272 0.126268 -0.109672 -9.27356e-07 1.54949e-05 -0.109672 0.996052 -3.66754e-06 -1.02427e-06 1.1173e-06 3.64025e-06 0.988275 0.0548815 1.55863e-05 -1.79202e-06 -0.0548813 0.985361
40 0.10628 0.12497 -0.0143671 -1.21236e-07 1.92819e-06 -0.0143671 0.124464 -4.80855e-07 -1.35465e-07 1.46094e-07 4.77058e-07 0.123391 0.00724813 1.9401e-06 -2.36334e-07 -0.0072481 0.123022 -0.114964 -9.70118e-07 1.54293e-05 -0.114964 0.995951 -3.84776e-06 -1.08398e-06 1.16904e-06 3.81738e-06 0.987368 0.057999 1.55246e-05 -1.89113e-06 -0.0579988 0.984416
42 0.146749 0.11865 -0.0149255 -1.25421e-07 1.81472e-06 -0.0149255 0.118144 -5.01283e-07 -1.43738e-07 1.51097e-07 4.96862e-07 0.116913 0.00765763 1.82692e-06 -2.49059e-07 -0.0076576 0.116553 -0.125794 -1.05707e-06 1.52948e-05 -0.125794 0.995734 -4.22489e-06 -1.21144e-06 1.27347e-06 4.18763e-06 0.985362 0.0645397 1.53975e-05 -2.09911e-06 -0.0645394 0.982328
44 0.152348 0.112393 -0.0153884 -1.28755e-07 1.70345e-06 -0.0153884 0.111887 -5.19791e-07 -1.51812e-07 1.54917e-07 5.1472e-07 0.110492 0.00803534 1.71578e-06 -2.60827e-07 -0.00803531 0.110141 -0.136916 -1.14558e-06 1.51562e-05 -0.136916 0.995497 -4.62477e-06 -1.35073e-06 1.37835e-06 4.57964e-06 0.983086 0.0714932 1.52659e-05 -2.32067e-06 -0.0714929 0.979961
46 0.157761 0.106227 -0.0157517 -1.31208e-07 1.59488e-06 -0.0157517 0.105722 -5.36234e-07 -1.59693e-07 1.57489e-07 5.30502e-07 0.104158 0.00837753 1.60716e-06 -2.71572e-07 -0.0083775 0.103816 -0.148283 -1.23517e-06 1.50138e-05 -0.148283 0.995239 -5.04799e-06 -1.50331e-06 1.48256e-06 4.99403e-06 0.980521 0.0788641 1.51295e-05 -2.55652e-06 -0.0788638 0.977295
48 0.162982 0.100178 -0.0160128 -1.32769e-07 1.48942e-06 -0.0160129 0.099673 -5.50497e-07 -1.67388e-07 1.58765e-07 5.44113e-07 0.0979393 0.00868091 1.50149e-06 -2.81251e-07 -0.00868088 0.0976049 -0.159844 -1.32533e-06 1.48678e-05 -0.159844 0.994957 -5.49518e-06 -1.67091e-06 1.58483e-06 5.43145e-06 0.977651 0.0866547 1.49882e-05 -2.8075e-06 -0.0866544 0.974313
50 0.168004 0.0942681 -0.0161709 -1.33434e-07 1.38745e-06 -0.0161709 0.0937638 -5.62495e-07 -1.7491e-07 1.58721e-07 5.55491e-07 0.0918605 0.00894269 1.39912e-06 -2.89836e-07 -0.00894265 0.0915341 -0.171542 -1.41547e-06 1.47181e-05 -0.171542 0.99465 -5.96697e-06 -1.85545e-06 1.68372e-06 5.89267e-06 0.97446 0.0948644 1.48419e-05 -3.07459e-06 -0.094864 0.970997
52 0.172821 0.088517 -0.0162266 -1.33214e-07 1.28924e-06 -0.0162266 0.0880139 -5.72174e-07 -1.82268e-07 1.57353e-07 5.64605e-07 0.0859444 0.00916054 1.30031e-06 -2.97319e-07 -0.00916051 0.0856255 -0.183316 -1.50495e-06 1.45649e-05 -0.183317 0.994316 -6.464e-06 -2.05913e-06 1.77765e-06 6.3785e-06 0.970936 0.103489 1.469e-05 -3.35889e-06 -0.103489 0.967334
54 0.177428 0.0829419 -0.016182 -1.32129e-07 1.19501e-06 -0.016182 0.0824403 -5.79508e-07 -1.89474e-07 1.54675e-07 5.71459e-07 0.0802105 0.0093327 1.20531e-06 -3.03706e-07 -0.00933267 0.0798988 -0.195101 -1.59303e-06 1.44079e-05 -0.195101 0.993953 -6.98692e-06 -2.28443e-06 1.86487e-06 6.88987e-06 0.967069 0.112521 1.45319e-05 -3.66167e-06 -0.112521 0.963311
56 0.181819 0.077557 -0.0160406 -1.30206e-07 1.10493e-06 -0.0160406 0.0770573 -5.84498e-07 -1.96534e-07 1.50726e-07 5.76079e-07 0.0746758 0.00945788 1.11425e-06 -3.09017e-07 -0.00945785 0.0743709 -0.206823 -1.67885e-06 1.42467e-05 -0.206824 0.993557 -7.53637e-06 -2.53406e-06 1.94343e-06 7.42782e-06 0.962851 0.121947 1.43668e-05 -3.98439e-06 -0.121947 0.958919
58 0.185988 0.072374 -0.015807 -1.27483e-07 1.01907e-06 -0.015807 0.0718766 -5.87169e-07 -2.03447e-07 1.45561e-07 5.78522e-07 0.0693545 0.00953533 1.02723e-06 -3.13286e-07 -0.0095353 0.0690559 -0.218407 -1.76145e-06 1.40806e-05 -0.218408 0.993127 -8.11298e-06 -2.81105e-06 2.01124e-06 7.99351e-06 0.958279 0.131751 1.41934e-05 -4.3287e-06 -0.13175 0.954153
60 0.286303 0.0674021 -0.015487 -1.24001e-07 9.37471e-07 -0.0154871 0.0669074 -5.87568e-07 -2.10209e-07 1.39255e-07 5.78864e-07 0.0642581 0.00956482 9.4431e-07 -3.16552e-07 -0.00956479 0.0639652 -0.229771 -1.83973e-06 1.39086e-05 -0.229771 0.99266 -8.71736e-06 -3.11873e-06 2.06604e-06 8.58822e-06 0.953354 0.141907 1.40101e-05 -4.69647e-06 -0.141906 0.94901
64 0.394175 0.0581156 -0.0146152 -1.14957e-07 7.86917e-07 -0.0146152 0.0576277 -5.81836e-07 -2.23211e-07 1.23601e-07 5.73634e-07 0.0547723 0.00948144 7.90655e-07 -3.20278e-07 -0.00948141 0.0544897 -0.251485 -1.97808e-06 1.35405e-05 -0.251486 0.991603 -1.00117e-05 -3.8408e-06 2.12681e-06 9.87057e-06 0.942471 0.163148 1.36049e-05 -5.51105e-06 -0.163147 0.937609
68 0.406626 0.049725 -0.0134864 -1.03501e-07 6.52522e-07 -0.0134864 0.0492456 -5.68028e-07 -2.35323e-07 1.04664e-07 5.61303e-07 0.0462596 0.00921548 6.5273e-07 -3.20626e-07 -0.00921545 0.0459855 -0.27122 -2.08146e-06 1.31226e-05 -0.27122 0.990358 -1.14234e-05 -4.73249e-06 2.10485e-06 1.12881e-05 0.930308 0.185329 1.31268e-05 -6.44797e-06 -0.185328 0.924795
72 0.417095 0.0422274 -0.0121685 -9.0104e-08 5.32931e-07 -0.0121685 0.0417584 -5.47066e-07 -2.46194e-07 8.35134e-08 5.42907e-07 0.0387253 0.00878153 5.29438e-07 -3.18027e-07 -0.00878151 0.0384578 -0.288167 -2.13378e-06 1.26205e-05 -0.288167 0.988894 -1.29552e-05 -5.83021e-06 1.97771e-06 1.28567e-05 0.917066 0.207958 1.25378e-05 -7.53129e-06 -0.207958 0.910732
76 0.425533 0.0355959 -0.0107312 -7.52715e-08 4.2635e-07 -0.0107312 0.0351393 -5.20001e-07 -2.55357e-07 6.13071e-08 5.19508e-07 0.0321443 0.00819995 4.1931e-07 -3.12856e-07 -0.00819992 0.031882 -0.301472 -2.11461e-06 1.19775e-05 -0.301473 0.987175 -1.46085e-05 -7.17378e-06 1.72231e-06 1.45946e-05 0.903036 0.230362 1.17797e-05 -8.7891e-06 -0.230362 0.895667
80 0.431897 0.029786 -0.0092412 -5.95339e-08 3.30715e-07 -0.00924122 0.0293439 -4.87951e-07 -2.62272e-07 3.92034e-08 4.92123e-07 0.0264675 0.00749556 3.20641e-07 -3.05392e-07 -0.00749554 0.0262091 -0.310253 -1.99872e-06 1.1103e-05 -0.310254 0.985158 -1.63819e-05 -8.80523e-06 1.31617e-06 1.6522e-05 0.888588 0.251647 1.07648e-05 -1.02529e-05 -0.251647 0.879913
84 0.436158 0.0247414 -0.00775916 -4.34434e-08 2.43849e-07 -0.00775918 0.0243156 -4.52051e-07 -2.66386e-07 1.82803e-08 4.61671e-07 0.0216273 0.00669637 2.31611e-07 -2.95803e-07 -0.00669635 0.0213719 -0.313611 -1.7559e-06 9.85591e-06 -0.313612 0.982791 -1.82711e-05 -1.07668e-05 7.38855e-07 1.86599e-05 0.874134 0.270655 9.36128e-06 -1.19558e-05 -0.270654 0.863813
88 0.328636 0.0203989 -0.00633666 -2.75666e-08 1.63586e-07 -0.00633667 0.0199912 -4.13423e-07 -2.67189e-07 -5.35815e-10 4.28958e-07 0.0175441 0.00583208 1.50368e-07 -2.84158e-07 -0.00583206 0.0172914 -0.310637 -1.35138e-06 8.01936e-06 -0.310638 0.980016 -2.02669e-05 -1.30982e-05 -2.62669e-08 2.10285e-05 0.860053 0.285902 7.37139e-06 -1.39301e-05 -0.285901 0.847662
90 0.219313 0.0184705 -0.00566102 -1.98859e-08 1.25284e-07 -0.00566103 0.0180725 -3.93424e-07 -2.66217e-07 -8.9194e-09 4.11975e-07 0.0157596 0.00538495 1.12096e-07 -2.77566e-07 -0.00538494 0.0155081 -0.30649 -1.07663e-06 6.78294e-06 -0.306491 0.978453 -2.13002e-05 -1.44131e-05 -4.82901e-07 2.23046e-05 0.853233 0.291544 6.06896e-06 -1.50276e-05 -0.291543 0.839617
92 0.328636 0.0166929 -0.00501481 -1.24697e-08 8.78776e-08 -0.00501481 0.016305 -3.73141e-07 -2.64277e-07 -1.65241e-08 3.94681e-07 0.0141317 0.0049328 7.50941e-08 -2.70457e-07 -0.00493279 0.0138815 -0.300415 -7.47003e-07 5.26436e-06 -0.300415 0.97676 -2.23532e-05 -1.58317e-05 -9.89888e-07 2.36436e-05 0.846567 0.295502 4.49856e-06 -1.62019e-05 -0.295502 0.83158
96 0.436158 0.0135585 -0.00382358 1.30536e-09 1.48626e-08 -0.00382358 0.0131916 -3.32214e-07 -2.57402e-07 -2.92028e-08 3.59448e-07 0.0113015 0.00402779 4.03875e-09 -2.54674e-07 -0.00402778 0.0110543 -0.282007 9.62766e-08 1.09619e-06 -0.282007 0.972945 -2.45024e-05 -1.89846e-05 -2.15385e-06 2.6511e-05 0.833536 0.297068 2.97877e-07 -1.87834e-05 -0.297068 0.815307
100 0.431897 0.0109334 -0.002782 1.32725e-08 -5.70819e-08 -0.00278199 0.0105888 -2.91565e-07 -2.4651e-07 -3.834e-08 3.23803e-07 0.00896671 0.00314432 -6.44511e-08 -2.36816e-07 -0.00314432 0.00872347 -0.25445 1.21394e-06 -5.22088e-06 -0.254449 0.968484 -2.66674e-05 -2.25465e-05 -3.50669e-06 2.9616e-05 0.820122 0.287589 -5.89489e-06 -2.16599e-05 -0.287589 0.797874
104 0.425533 0.00875994 -0.00189897 2.30376e-08 -1.29314e-07 -0.00189895 0.00843843 -2.52019e-07 -2.31761e-07 -4.39445e-08 2.88259e-07 0.00704552 0.0023068 -1.31911e-07 -2.16971e-07 -0.0023068 0.0068075 -0.216779 2.62988e-06 -1.4762e-05 -0.216777 0.963298 -2.87695e-05 -2.64569e-05 -5.01653e-06 3.29065e-05 0.804288 0.263335 -1.50584e-05 -2.47686e-05 -0.263336 0.777117
108 0.417095 0.00698533 -0.00117464 3.03328e-08 -2.02916e-07 -0.00117461 0.00668741 -2.14291e-07 -2.13536e-07 -4.62385e-08 2.5331e-07 0.00546294 0.00153599 -1.99735e-07 -1.95347e-07 -0.001536 0.00523181 -0.168158 4.34236e-06 -2.90488e-05 -0.168154 0.95735 -3.06773e-05 -3.05691e-05 -6.61937e-06 3.62632e-05 0.782059 0.219889 -2.85935e-05 -2.79654e-05 -0.21989 0.748972
112 0.406626 0.00556184 -0.00060199 3.50426e-08 -2.78694e-07 -0.000601958 0.00528768 -1.78976e-07 -1.92416e-07 -4.56184e-08 2.19442e-07 0.00415242 0.000848536 -2.69148e-07 -1.723e-07 -0.000848551 0.00393016 -0.108236 6.30054e-06 -5.01082e-05 -0.10823 0.950707 -3.21793e-05 -3.45957e-05 -8.20204e-06 3.94549e-05 0.746592 0.152564 -4.83919e-05 -3.0979e-05 -0.152566 0.706628
116 0.394175 0.00444653 -0.000168592 3.72168e-08 -3.57185e-07 -0.000168556 0.00419597 -1.46548e-07 -1.69158e-07 -4.26074e-08 1.87127e-07 0.00305656 0.000256602 -3.41165e-07 -1.48335e-07 -0.000256621 0.00284531 -0.0379155 8.36987e-06 -8.0329e-05 -0.0379073 0.943651 -3.29579e-05 -3.80427e-05 -9.58216e-06 4.20839e-05 0.687405 0.0577083 -7.67263e-05 -3.33597e-05 -0.0577126 0.639895
120 0.379804 0.00360064 0.000141663 3.70669e-08 -4.38663e-07 0.000141701 0.00337321 -1.17356e-07 -1.44647e-07 -3.78046e-08 1.56809e-07 0.00212727 -0.000232205 -4.16552e-07 -1.24085e-07 0.000232182 0.00192929 0.0393437 1.02945e-05 -0.000121829 0.0393544 0.936834 -3.2593e-05 -4.01725e-05 -1.04994e-05 4.35503e-05 0.590802 -0.06449 -0.000115688 -3.44618e-05 0.0644836 0.535818
124 0.363583 0.00298898 0.000346965 3.49451e-08 -5.23143e-07 0.000347004 0.00278387 -9.16243e-08 -1.1984e-07 -3.1837e-08 1.2888e-07 0.00132551 -0.000614786 -4.95774e-07 -1.00275e-07 0.00061476 0.00114306 0.116082 1.16913e-05 -0.000175024 0.116094 0.931381 -3.06541e-05 -4.00939e-05 -1.06515e-05 4.31184e-05 0.443467 -0.205685 -0.000165868 -3.35483e-05 0.205676 0.382425
128 0.34559 0.00257914 0.00046619 3.13086e-08 -6.1038e-07 0.000466227 0.00239532 -6.94604e-08 -9.57008e-08 -2.53134e-08 1.0366e-07 0.000620746 -0.000892318 -5.78956e-07 -7.76641e-08 0.00089229 0.000455937 0.180754 1.21392e-05 -0.00023666 0.180769 0.928728 -2.69316e-05 -3.71058e-05 -9.81467e-06 4.01916e-05 0.24068 -0.345975 -0.000224477 -3.01125e-05 0.345965 0.176779
132 0.325914 0.00234096 0.000517759 2.66732e-08 -6.99866e-07 0.000517793 0.00217713 -5.08586e-08 -7.31344e-08 -1.87864e-08 8.13736e-08 -9.92289e-06 -0.00106988 -6.65842e-07 -5.69779e-08 0.00106985 -0.00015521 0.221174 1.13942e-05 -0.000298966 0.221189 0.930017 -2.17256e-05 -3.12413e-05 -8.02511e-06 3.47609e-05 -0.00423882 -0.457027 -0.000284432 -2.43396e-05 0.457015 -0.0663022
136 0.304649 0.00224598 0.000518771 2.15626e-08 -7.90829e-07 0.0005188 0.00210067 -3.57095e-08 -5.29177e-08 -1.27213e-08 6.21388e-08 -0.000582685 -0.00115597 -7.55779e-07 -3.88425e-08 0.00115594 -0.000706924 0.230978 9.60055e-06 -0.000352109 0.230991 0.935302 -1.58993e-05 -2.35611e-05 -5.66402e-06 2.76667e-05 -0.259435 -0.514685 -0.000336503 -1.72943e-05 0.514672 -0.314751
140 0.281901 0.00226711 0.000484406 1.64592e-08 -8.82228e-07 0.000484431 0.00213871 -2.3809e-08 -3.56433e-08 -7.47301e-09 4.59583e-08 -0.00110805 -0.00116192 -8.47707e-07 -2.37235e-08 0.00116189 -0.00121016 0.213666 7.25997e-06 -0.000389141 0.213677 0.94336 -1.05019e-05 -1.57219e-05 -3.29627e-06 2.02717e-05 -0.488749 -0.512511 -0.000373914 -1.04642e-05 0.512499 -0.533787
144 0.257779 0.00237848 0.000427585 1.17629e-08 -9.72767e-07 0.000427605 0.00226526 -1.4871e-08 -2.1675e-08 -3.27349e-09 3.27243e-08 -0.00159187 -0.00110126 -9.40185e-07 -1.18798e-08 0.00110124 -0.00167129 0.179772 4.94556e-06 -0.000408986 0.179781 0.952399 -6.25228e-06 -9.11296e-06 -1.37629e-06 1.37585e-05 -0.669278 -0.463011 -0.000395288 -4.99468e-06 0.463001 -0.70267
148 0.232401 0.00255537 0.000358846 7.76212e-09 -1.06091e-06 0.000358861 0.00245559 -8.54095e-09 -1.1124e-08 -2.27273e-10 2.22304e-08 -0.00203633 -0.000989034 -1.03144e-06 -3.33837e-09 0.000989012 -0.0020931 0.140428 3.03757e-06 -0.00041517 0.140434 0.960951 -3.34235e-06 -4.35316e-06 -8.89391e-08 8.69947e-06 -0.79688 -0.387041 -0.000403635 -1.30641e-06 0.387032 -0.819096
152 0.205891 0.00277438 0.000286402 4.61888e-09 -1.14495e-06 0.000286413 0.00268627 -4.41351e-09 -3.84834e-09 1.68243e-09 1.41905e-08 -0.00244088 -0.00084107 -1.11942e-06 2.10642e-09 0.000841051 -0.00247566 0.103231 1.66483e-06 -0.000412685 0.103235 0.968239 -1.59081e-06 -1.3871e-06 6.06415e-07 5.11483e-06 -0.879793 -0.303156 -0.000403485 7.59238e-07 0.303149 -0.892329
156 0.178378 0.00301364 0.000216342 2.37062e-09 -1.22301e-06 0.000216349 0.00293545 -2.05175e-09 5.21775e-10 2.57866e-09 8.26325e-09 -0.00280309 -0.000673317 -1.20192e-06 4.8689e-09 0.000673303 -0.00281718 0.0717874 7.86631e-07 -0.000405826 0.07179 0.974055 -6.8082e-07 1.73138e-07 8.55664e-07 2.74195e-06 -0.930134 -0.223423 -0.000398826 1.61562e-06 0.223419 -0.93481
160 0.0971232 0.00325313 0.000152921 9.45853e-10 -1.29321e-06 0.000152926 0.00318318 -1.00948e-09 2.53624e-09 2.66731e-09 4.07924e-09 -0.00311935 -0.000501158 -1.27665e-06 5.5251e-09 0.000501147 -0.00311468 0.0470074 2.90751e-07 -0.000397528 0.047009 0.978497 -3.10309e-07 7.79629e-07 8.19919e-07 1.25394e-06 -0.958877 -0.154054 -0.000392437 1.69839e-06 0.154051 -0.957441
161 0.0357021 0.0033109 0.000138456 7.01726e-10 -1.30931e-06 0.000138461 0.00324275 -9.03804e-10 2.74806e-09 2.59291e-09 3.26191e-09 -0.00319076 -0.000459126 -1.29386e-06 5.43785e-09 0.000459117 -0.00318177 0.0418182 2.11944e-07 -0.000395454 0.0418195 0.979416 -2.72978e-07 8.30003e-07 7.83143e-07 9.85202e-07 -0.963714 -0.138671 -0.000390787 1.6424e-06 0.138668 -0.960998
162 0.0338871 0.00336731 0.000124615 4.96764e-10 -1.32478e-06 0.000124619 0.00330086 -8.46953e-10 2.8649e-09 2.48847e-09 2.52467e-09 -0.00325898 -0.000417922 -1.31041e-06 5.27195e-09 0.000417913 -0.00324584 0.0370074 1.47525e-07 -0.000393422 0.0370085 0.980266 -2.51522e-07 8.50796e-07 7.39009e-07 7.4976e-07 -0.967829 -0.124111 -0.000389155 1.56563e-06 0.124109 -0.963925
163 0.0320617 0.00342211 0.000111426 3.27848e-10 -1.33958e-06 0.00011143 0.00335726 -8.3263e-10 2.89779e-09 2.35839e-09 1.86205e-09 -0.00332394 -0.000377742 -1.32627e-06 5.03845e-09 0.000377734 -0.00330681 0.0325607 9.58028e-08 -0.000391447 0.0325617 0.98105 -2.43309e-07 8.46784e-07 6.89161e-07 5.44124e-07 -0.971312 -0.110383 -0.000387558 1.47232e-06 0.11038 -0.966308
164 0.0302266 0.00347507 9.89123e-05 1.91751e-10 -1.35369e-06 9.89154e-05 0.00341172 -8.5474e-10 2.85776e-09 2.20705e-09 1.26871e-09 -0.00338557 -0.000338779 -1.3414e-06 4.74831e-09 0.000338772 -0.00336465 0.0284634 5.5179e-08 -0.000389542 0.0284643 0.981771 -2.45963e-07 8.2236e-07 6.35108e-07 3.6509e-07 -0.974246 -0.0974885 -0.000386008 1.36639e-06 0.0974864 -0.968225
165 0.0283823 0.00352597 8.70933e-05 8.51796e-11 -1.36708e-06 8.7096e-05 0.00346403 -9.074e-10 2.75571e-09 2.03882e-09 7.39495e-10 -0.00344382 -0.000301216 -1.35579e-06 4.41237e-09 0.00030121 -0.00341929 0.0247006 2.41578e-08 -0.000387718 0.0247013 0.982433 -2.57348e-07 7.81547e-07 5.78231e-07 2.09728e-07 -0.976703 -0.0854279 -0.000384515 1.25139e-06 0.0854261 -0.969746
166 0.0265294 0.00357459 7.59863e-05 4.81147e-12 -1.37974e-06 7.59886e-05 0.00351396 -9.84969e-10 2.60236e-09 1.85802e-09 2.6944e-10 -0.00349863 -0.000265226 -1.36939e-06 4.04125e-09 0.000265221 -0.00347068 0.0212573 1.34602e-09 -0.000385984 0.021258 0.983038 -2.75547e-07 7.28016e-07 5.19785e-07 7.53766e-08 -0.978749 -0.0741976 -0.00038309 1.13055e-06 0.0741961 -0.970931
167 0.0246683 0.00362075 6.56056e-05 -5.26673e-11 -1.39163e-06 6.56075e-05 0.00356133 -1.08206e-09 2.40816e-09 1.66884e-09 -1.46193e-10 -0.00354993 -0.000230975 -1.38219e-06 3.64526e-09 0.00023097 -0.00351878 0.0181193 -1.4546e-08 -0.000384348 0.0181199 0.98359 -2.9885e-07 6.651e-07 4.60911e-07 -4.03765e-08 -0.980441 -0.063792 -0.000381741 1.00677e-06 0.0637907 -0.971837
168 0.0172754 0.00366425 5.5963e-05 -9.05253e-11 -1.40273e-06 5.59646e-05 0.00360595 -1.19357e-09 2.18321e-09 1.47537e-09 -5.1191e-10 -0.00359767 -0.000198617 -1.39415e-06 3.23437e-09 0.000198613 -0.00356352 0.0152727 -2.4705e-08 -0.000382816 0.0152731 0.98409 -3.25734e-07 5.95815e-07 4.0264e-07 -1.39704e-07 -0.981831 -0.0542041 -0.000380472 8.82682e-07 0.0542029 -0.972511
168.5 0.0109315 0.00368495 5.14216e-05 -1.03097e-10 -1.40798e-06 5.14231e-05 0.00362717 -1.25322e-09 2.06226e-09 1.37825e-09 -6.77388e-10 -0.00362019 -0.000183194 -1.3998e-06 3.02633e-09 0.00018319 -0.00358462 0.0139545 -2.79778e-08 -0.000382091 0.0139549 0.984322 -3.40091e-07 5.59644e-07 3.74023e-07 -1.83826e-07 -0.982427 -0.0497142 -0.000379871 8.21268e-07 0.0497131 -0.972774
169 0.0104622 0.00370492 4.70683e-05 -1.1195e-10 -1.41303e-06 4.70696e-05 0.00364765 -1.31469e-09 1.93721e-09 1.28152e-09 -8.31959e-10 -0.0036418 -0.000168298 -1.40524e-06 2.81811e-09 0.000168295 -0.00360487 0.0127043 -3.02165e-08 -0.000381393 0.0127046 0.984542 -3.5485e-07 5.22875e-07 3.45896e-07 -2.24555e-07 -0.982964 -0.0454256 -0.000379291 7.60639e-07 0.0454246 -0.972995
169.5 0.00999215 0.00372414 4.29039e-05 -1.17464e-10 -1.41787e-06 4.29051e-05 0.00366735 -1.37743e-09 1.8092e-09 1.18562e-09 -9.76111e-10 -0.00366249 -0.000153946 -1.41046e-06 2.61081e-09 0.000153942 -0.00362425 0.0115205 -3.15414e-08 -0.000380724 0.0115208 0.98475 -3.69866e-07 4.85804e-07 3.1836e-07 -2.62104e-07 -0.983447 -0.0413372 -0.000378735 7.01049e-07 0.0413364 -0.973178
170 0.0095213 0.0037426 3.89294e-05 -1.20012e-10 -1.4225e-06 3.89305e-05 0.00368626 -1.44092e-09 1.67934e-09 1.091e-09 -1.11031e-09 -0.00368227 -0.000140153 -1.41546e-06 2.40551e-09 0.00014015 -0.00364277 0.0104017 -3.20665e-08 -0.000380084 0.010402 0.984947 -3.85005e-07 4.48709e-07 2.91509e-07 -2.96669e-07 -0.98388 -0.037448 -0.000378202 6.42737e-07 0.0374472 -0.973328
170.5 0.00904972 0.00376027 3.51455e-05 -1.19953e-10 -1.42692e-06 3.51465e-05 0.00370436 -1.50464e-09 1.54867e-09 9.981e-10 -1.23502e-09 -0.00370111 -0.000126935 -1.42023e-06 2.20325e-09 0.000126932 -0.00366043 0.00934653 -3.19e-08 -0.000379473 0.00934679 0.985132 -4.00141e-07 4.11852e-07 2.65433e-07 -3.28439e-07 -0.984267 -0.0337568 -0.000377693 5.85929e-07 0.0337561 -0.973447
171 0.00857745 0.00377714 3.15528e-05 -1.17636e-10 -1.43113e-06 3.15537e-05 0.00372165 -1.5681e-09 1.41824e-09 9.07328e-10 -1.35066e-09 -0.00371903 -0.000114306 -1.42477e-06 2.00504e-09 0.000114303 -0.0036772 0.00835362 -3.11442e-08 -0.000378892 0.00835385 0.985307 -4.15156e-07 3.75479e-07 2.40216e-07 -3.57588e-07 -0.984613 -0.0302625 -0.000377208 5.30836e-07 0.0302618 -0.973541
171.5 0.00810453 0.0037932 2.8152e-05 -1.13399e-10 -1.43512e-06 2.81527e-05 0.00373808 -1.63084e-09 1.28901e-09 8.19085e-10 -1.45765e-09 -0.003736 -0.00010228 -1.42908e-06 1.81184e-09 0.000102278 -0.0036931 0.0074217 -2.98954e-08 -0.000378341 0.0074219 0.985471 -4.29939e-07 3.39822e-07 2.15935e-07 -3.84279e-07 -0.984922 -0.026964 -0.000376747 4.77656e-07 0.0269634 -0.973611
172 0.00763099 0.00380841 2.49434e-05 -1.07566e-10 -1.43889e-06 2.49441e-05 0.00375367 -1.69242e-09 1.16193e-09 7.33752e-10 -1.55637e-09 -0.00375203 -9.08699e-05 -1.43315e-06 1.62457e-09 9.0868e-05 -0.00370811 0.00654956 -2.82444e-08 -0.00037782 0.00654974 0.985625 -4.4439e-07 3.05096e-07 1.92666e-07 -4.08667e-07 -0.985195 -0.0238603 -0.000376311 4.26574e-07 0.0238598 -0.973662
172.5 0.00715688 0.00382279 2.19277e-05 -1.00448e-10 -1.44245e-06 2.19283e-05 0.00376838 -1.75241e-09 1.0379e-09 6.51694e-10 -1.64721e-09 -0.00376712 -8.00887e-05 -1.43699e-06 1.4441e-09 8.0087e-05 -0.00372223 0.00573606 -2.62761e-08 -0.000377329 0.00573621 0.985768 -4.58412e-07 2.71503e-07 1.70476e-07 -4.30894e-07 -0.985438 -0.0209503 -0.000375901 3.77761e-07 0.0209499 -0.973697
173 0.00668221 0.00383629 1.91052e-05 -9.23397e-11 -1.44578e-06 1.91057e-05 0.00378221 -1.81042e-09 9.17757e-10 5.73257e-10 -1.73052e-09 -0.00378125 -6.99477e-05 -1.44059e-06 1.27126e-09 6.99462e-05 -0.00373546 0.00498012 -2.407e-08 -0.000376869 0.00498025 0.985902 -4.71919e-07 2.3923e-07 1.4943e-07 -4.51091e-07 -0.985652 -0.0182331 -0.000375516 3.31378e-07 0.0182328 -0.973717
173.5 0.00620704 0.00384893 1.64762e-05 -8.35221e-11 -1.44889e-06 1.64767e-05 0.00379514 -1.86607e-09 8.02313e-10 4.98766e-10 -1.80662e-09 -0.00379443 -6.0458e-05 -1.44395e-06 1.10685e-09 6.04567e-05 -0.0037478 0.00428073 -2.17001e-08 -0.000376441 0.00428084 0.986025 -4.8483e-07 2.08451e-07 1.29586e-07 -4.69382e-07 -0.98584 -0.0157077 -0.000375157 2.87573e-07 0.0157074 -0.973726
174 0.0057314 0.00386068 1.40411e-05 -7.42593e-11 -1.45178e-06 1.40414e-05 0.00380716 -1.91902e-09 6.92319e-10 4.28529e-10 -1.87582e-09 -0.00380664 -5.16297e-05 -1.44707e-06 9.51584e-10 5.16286e-05 -0.00375924 0.00363694 -1.92348e-08 -0.000376043 0.00363704 0.986139 -4.97069e-07 1.79326e-07 1.10998e-07 -4.85879e-07 -0.986005 -0.0133732 -0.000374823 2.46481e-07 0.0133729 -0.973725
174.5 0.00525531 0.00387152 1.18e-05 -6.47989e-11 -1.45444e-06 1.18003e-05 0.00381826 -1.96895e-09 5.88478e-10 3.62832e-10 -1.93842e-09 -0.0038179 -4.34725e-05 -1.44995e-06 8.06162e-10 4.34715e-05 -0.00376977 0.00304789 -1.67373e-08 -0.000375677 0.00304797 0.986243 -5.08571e-07 1.52002e-07 9.37181e-08 -5.00686e-07 -0.986148 -0.0112288 -0.000374516 2.08229e-07 0.0112285 -0.973717
175 0.00477883 0.00388146 9.7532e-06 -5.53709e-11 -1.45688e-06 9.75346e-06 0.00382843 -2.01554e-09 4.91444e-10 3.01941e-10 -1.99467e-09 -0.00382818 -3.5995e-05 -1.45258e-06 6.71218e-10 3.59942e-05 -0.0037794 0.00251276 -1.42655e-08 -0.000375342 0.00251283 0.986337 -5.19272e-07 1.26613e-07 7.77905e-08 -5.13897e-07 -0.986273 -0.00927356 -0.000374235 1.72929e-07 0.00927336 -0.973704
175.5 0.00430199 0.00389049 7.9009e-06 -4.61873e-11 -1.45908e-06 7.90111e-06 0.00383766 -2.05853e-09 4.01815e-10 2.461e-10 -2.04483e-09 -0.0038375 -2.92053e-05 -1.45497e-06 5.47336e-10 2.92047e-05 -0.00378812 0.00203083 -1.18719e-08 -0.000375038 0.00203088 0.986422 -5.29118e-07 1.03281e-07 6.3257e-08 -5.25598e-07 -0.98638 -0.00750686 -0.00037398 1.40686e-07 0.0075067 -0.973687
176 0.00382481 0.00389858 6.24324e-06 -3.74417e-11 -1.46106e-06 6.24341e-06 0.00384594 -2.09767e-09 3.20137e-10 1.95533e-10 -2.08911e-09 -0.00384584 -2.31108e-05 -1.4571e-06 4.35048e-10 2.31103e-05 -0.00379592 0.00160141 -9.60392e-09 -0.000374767 0.00160146 0.986498 -5.38059e-07 8.21163e-08 5.01548e-08 -5.35864e-07 -0.986472 -0.00592799 -0.000373752 1.11591e-07 0.00592787 -0.973668
176.5 0.00334735 0.00390574 4.78035e-06 -2.93084e-11 -1.4628e-06 4.78047e-06 0.00385327 -2.13273e-09 2.46901e-10 1.50438e-10 -2.12771e-09 -0.00385321 -1.77178e-05 -1.45899e-06 3.34834e-10 1.77174e-05 -0.00380282 0.00122393 -7.50393e-09 -0.000374527 0.00122396 0.986565 -5.46049e-07 6.32149e-08 3.8517e-08 -5.44765e-07 -0.98655 -0.00453635 -0.000373551 8.57285e-08 0.00453625 -0.973648
177 0.00286963 0.00391196 3.51231e-06 -2.19426e-11 -1.46432e-06 3.51241e-06 0.00385963 -2.16352e-09 1.82542e-10 1.10993e-10 -2.16081e-09 -0.0038596 -1.30322e-05 -1.46063e-06 2.47116e-10 1.30319e-05 -0.0038088 0.000897839 -5.60909e-09 -0.000374319 0.000897863 0.986623 -5.53052e-07 4.66626e-08 2.83728e-08 -5.52359e-07 -0.986614 -0.00333137 -0.000373376 6.31693e-08 0.0033313 -0.973628
177.5 0.00239169 0.00391724 2.43924e-06 -1.54792e-11 -1.4656e-06 2.4393e-06 0.00386502 -2.18986e-09 1.2744e-10 7.73537e-11 -2.18855e-09 -0.00386501 -9.05899e-06 -1.46202e-06 1.72265e-10 9.0588e-06 -0.00381386 0.000622693 -3.95156e-09 -0.000374142 0.000622709 0.986671 -5.59032e-07 3.25331e-08 1.9747e-08 -5.58699e-07 -0.986667 -0.0023126 -0.000373228 4.39762e-08 0.00231255 -0.97361
178 0.00191357 0.00392156 1.56118e-06 -1.00333e-11 -1.46666e-06 1.56122e-06 0.00386944 -2.21162e-09 8.19148e-11 4.96507e-11 -2.21108e-09 -0.00386944 -5.80239e-06 -1.46316e-06 1.10594e-10 5.80226e-06 -0.003818 0.000398101 -2.55849e-09 -0.000373998 0.000398111 0.986711 -5.63964e-07 2.08883e-08 1.2661e-08 -5.63827e-07 -0.986709 -0.00147961 -0.000373106 2.82015e-08 0.00147958 -0.973594
178.5 0.00143531 0.00392492 8.7819e-07 -5.69915e-12 -1.46747e-06 8.78212e-07 0.00387289 -2.22866e-09 4.62319e-11 2.79917e-11 -2.22849e-09 -0.00387288 -3.26587e-06 -1.46404e-06 6.23598e-11 3.2658e-06 -0.00382123 0.000223747 -1.45204e-09 -0.000373886 0.000223753 0.986742 -5.67822e-07 1.17791e-08 7.13178e-09 -5.67779e-07 -0.986741 -0.000832085 -0.000373012 1.58882e-08 0.000832068 -0.973581
179 0.000956932 0.00392733 3.90315e-07 -2.55058e-12 -1.46806e-06 3.90325e-07 0.00387535 -2.2409e-09 2.05967e-11 1.24608e-11 -2.24087e-09 -0.00387535 -1.45214e-06 -1.46468e-06 2.77633e-11 1.45211e-06 -0.00382353 9.93844e-05 -6.49443e-10 -0.000373806 9.9387e-05 0.986764 -5.70591e-07 5.24445e-09 3.17285e-09 -5.70583e-07 -0.986764 -0.000369753 -0.000372944 7.06927e-09 0.000369745 -0.973571
179.5 0.000478484 0.00392877 9.75801e-08 -6.40289e-13 -1.46841e-06 9.75827e-08 0.00387682 -2.24827e-09 5.15655e-12 3.11822e-12 -2.24827e-09 -0.00387682 -3.63132e-07 -1.46505e-06 6.94802e-12 3.63124e-07 -0.00382492 2.48373e-05 -1.62974e-10 -0.000373758 2.4838e-05 0.986777 -5.72258e-07 1.31251e-09 7.93688e-10 -5.72257e-07 -0.986777 -9.24289e-05 -0.000372904 1.7685e-09 9.24269e-05 -0.973565
180 5.98114e-05 0.00392925 0 0 -1.46853e-06 0 0.00387732 -2.25073e-09 0 0 -2.25073e-09 -0.00387732 0 -1.46518e-06 0 0 -0.00382538 0 0 -0.000373742 0 0.986782 -5.72814e-07 0 0 -5.72814e-07 -0.986782 0 -0.00037289 0 0 -0.973563
