theta 2pi*dcos S11 S12 S13 S14 S21 S22 S23 S24 S31 S32 S33 S34 S41 S42 S43 S44 S12_norm S13_norm S14_norm S21_norm S22_norm S23_norm S24_norm S31_norm S32_norm S33_norm S34_norm S41_norm S42_norm S43_norm S44_norm
0 2.39246e-06 14.0726 1.23181e-16 9.50493e-18 0.0372489 1.27574e-16 14.04 0.00513262 -1.57136e-17 5.9236e-18 -0.00513262 14.04 5.7143e-19 0.0372491 1.42338e-17 2.05713e-18 14.0197 8.75324e-18 6.75423e-19 0.00264691 9.06546e-18 0.997687 0.000364725 -1.11661e-18 4.20933e-19 -0.000364725 0.997687 4.06059e-20 0.00264693 1.01145e-18 1.4618e-19 0.996242
0.1 1.91397e-05 14.0718 -8.46489e-06 -8.95927e-08 0.0372463 -8.4816e-06 14.0392 0.00513206 -4.72699e-09 1.09772e-07 -0.00513206 14.0392 6.82641e-05 0.0372466 -1.44808e-08 -6.82941e-05 14.0189 -6.01551e-07 -6.36683e-09 0.00264688 -6.02738e-07 0.997687 0.000364705 -3.3592e-10 7.80087e-09 -0.000364705 0.997687 4.85113e-06 0.0026469 -1.02906e-09 -4.85327e-06 0.996242
0.2 3.82793e-05 14.0694 -3.38535e-05 -3.58319e-07 0.0372387 -3.39203e-05 14.0369 0.00513037 -1.89166e-08 4.39022e-07 -0.00513037 14.0369 0.000273022 0.037239 -5.79242e-08 -0.000273142 14.0166 -2.40617e-06 -2.54679e-08 0.00264678 -2.41092e-06 0.997687 0.000364646 -1.34452e-09 3.12039e-08 -0.000364646 0.997687 1.94053e-05 0.0026468 -4.11702e-09 -1.94139e-05 0.996241
0.3 5.74188e-05 14.0655 -7.61477e-05 -8.06025e-07 0.0372261 -7.6298e-05 14.033 0.00512757 -4.25951e-08 9.87548e-07 -0.00512757 14.033 0.000614171 0.0372264 -1.30334e-07 -0.000614441 14.0127 -5.41378e-06 -5.73049e-08 0.00264661 -5.42446e-06 0.997686 0.000364548 -3.02833e-09 7.02104e-08 -0.000364548 0.997686 4.36649e-05 0.00264664 -9.26618e-09 -4.36841e-05 0.996241
0.4 7.65581e-05 14.0601 -0.000135317 -1.43245e-06 0.0372083 -0.000135584 14.0276 0.00512364 -7.58056e-08 1.75501e-06 -0.00512364 14.0276 0.00109154 0.0372088 -2.31716e-07 -0.00109202 14.0072 -9.62421e-06 -1.01881e-07 0.00264638 -9.64321e-06 0.997686 0.00036441 -5.39155e-09 1.24822e-07 -0.00036441 0.997686 7.76339e-05 0.00264641 -1.64804e-08 -7.76681e-05 0.99624
0.5 9.56972e-05 14.0531 -0.00021132 -2.23724e-06 0.0371855 -0.000211737 14.0205 0.0051186 -1.18609e-07 2.74095e-06 -0.0051186 14.0205 0.00170489 0.0371861 -3.62077e-07 -0.00170564 14.0002 -1.50373e-05 -1.59199e-07 0.00264608 -1.5067e-05 0.997685 0.000364233 -8.44008e-09 1.95043e-07 -0.000364233 0.997685 0.000121318 0.00264612 -2.5765e-08 -0.000121371 0.996239
0.6 0.000114836 14.0445 -0.000304101 -3.21993e-06 0.0371576 -0.000304702 14.012 0.00511244 -1.71084e-07 3.94476e-06 -0.00511243 14.012 0.00245391 0.0371584 -5.21429e-07 -0.00245499 13.9917 -2.16527e-05 -2.29266e-07 0.00264571 -2.16955e-05 0.997684 0.000364017 -1.21815e-08 2.80876e-07 -0.000364017 0.997684 0.000174724 0.00264576 -3.71269e-08 -0.000174801 0.996238
0.7 0.000133974 14.0344 -0.000413595 -4.37994e-06 0.0371247 -0.000414413 14.0019 0.00510516 -2.33324e-07 5.36571e-06 -0.00510516 14.0019 0.00333822 0.0371257 -7.09784e-07 -0.00333969 13.9816 -2.94701e-05 -3.12086e-07 0.00264527 -2.95284e-05 0.997683 0.000363761 -1.66252e-08 3.82326e-07 -0.000363761 0.997683 0.00023786 0.00264534 -5.05746e-08 -0.000237965 0.996237
0.8 0.000153112 14.0227 -0.000539723 -5.71663e-06 0.0370868 -0.00054079 13.9902 0.00509677 -3.05443e-07 7.00292e-06 -0.00509677 13.9902 0.00435739 0.037088 -9.27157e-07 -0.00435931 13.9699 -3.84892e-05 -4.07669e-07 0.00264476 -3.85653e-05 0.997682 0.000363465 -2.1782e-08 4.99398e-07 -0.000363465 0.997682 0.000310738 0.00264485 -6.61182e-08 -0.000310875 0.996235
0.9 0.00017225 14.0095 -0.000682396 -7.2292e-06 0.0370438 -0.000683745 13.977 0.00508728 -3.87569e-07 8.85539e-06 -0.00508728 13.977 0.00551089 0.0370452 -1.17356e-06 -0.00551332 13.9567 -4.87095e-05 -5.16021e-07 0.00264419 -4.88058e-05 0.997681 0.000363131 -2.76647e-08 6.32099e-07 -0.000363131 0.997681 0.000393368 0.00264429 -8.37692e-08 -0.000393541 0.996234
1 0.000191387 13.9948 -0.00084151 -8.91681e-06 0.0369959 -0.000843176 13.9623 0.00507669 -4.79849e-07 1.0922e-05 -0.00507669 13.9623 0.00679816 0.0369975 -1.44903e-06 -0.00680115 13.942 -6.01304e-05 -6.37154e-07 0.00264355 -6.02494e-05 0.997679 0.000362757 -3.42878e-08 7.80436e-07 -0.000362757 0.997679 0.000485765 0.00264367 -1.03541e-07 -0.000485979 0.996232
1.1 0.000210523 13.9785 -0.00101695 -1.07785e-05 0.0369429 -0.00101897 13.946 0.005065 -5.82445e-07 1.32015e-05 -0.005065 13.946 0.00821854 0.0369449 -1.75356e-06 -0.00822215 13.9258 -7.27515e-05 -7.71077e-07 0.00264285 -7.28955e-05 0.997677 0.000362343 -4.16674e-08 9.44416e-07 -0.000362343 0.997677 0.000587943 0.00264299 -1.25447e-07 -0.000588202 0.99623
1.2 0.000229659 13.9606 -0.0012086 -1.28131e-05 0.036885 -0.00121099 13.9282 0.00505221 -6.95537e-07 1.56924e-05 -0.00505221 13.9282 0.00977131 0.0368872 -2.08719e-06 -0.00977561 13.908 -8.6572e-05 -9.17802e-07 0.00264207 -8.67436e-05 0.997676 0.00036189 -4.98213e-08 1.12405e-06 -0.00036189 0.997675 0.000699919 0.00264223 -1.49506e-07 -0.000700227 0.996227
1.3 0.000248794 13.9413 -0.00141631 -1.50195e-05 0.0368221 -0.00141912 13.9088 0.00503834 -8.1932e-07 1.83933e-05 -0.00503834 13.9088 0.0114557 0.0368247 -2.44995e-06 -0.0114607 13.8886 -0.000101591 -1.07734e-06 0.00264123 -0.000101793 0.997674 0.000361398 -5.87694e-08 1.31935e-06 -0.000361397 0.997673 0.000821712 0.00264142 -1.75733e-07 -0.000822073 0.996225
1.4 0.000267929 13.9204 -0.00163994 -1.73965e-05 0.0367542 -0.0016432 13.888 0.00502339 -9.54006e-07 2.13026e-05 -0.00502339 13.888 0.0132709 0.0367572 -2.84185e-06 -0.0132767 13.8678 -0.000117809 -1.24972e-06 0.00264032 -0.000118043 0.997671 0.000360866 -6.8533e-08 1.53031e-06 -0.000360865 0.997671 0.000953341 0.00264053 -2.0415e-07 -0.00095376 0.996222
1.5 0.000287062 13.898 -0.00187933 -1.99427e-05 0.0366815 -0.00188307 13.8656 0.00500737 -1.09982e-06 2.44183e-05 -0.00500736 13.8656 0.0152159 0.0366849 -3.26292e-06 -0.0152226 13.8454 -0.000135223 -1.43493e-06 0.00263934 -0.000135492 0.997669 0.000360295 -7.91354e-08 1.75697e-06 -0.000360294 0.997668 0.00109483 0.00263958 -2.34777e-07 -0.00109531 0.996219
1.6 0.000306195 13.8741 -0.00213431 -2.26565e-05 0.0366038 -0.00213856 13.8417 0.00499028 -1.25701e-06 2.77386e-05 -0.00499027 13.8417 0.0172898 0.0366076 -3.71321e-06 -0.0172974 13.8216 -0.000153835 -1.63301e-06 0.00263829 -0.00015414 0.997666 0.000359684 -9.06016e-08 1.99931e-06 -0.000359683 0.997666 0.00124619 0.00263856 -2.67636e-07 -0.00124674 0.996216
1.7 0.000325327 13.8487 -0.0024047 -2.55365e-05 0.0365213 -0.00240948 13.8163 0.00497213 -1.42584e-06 3.12616e-05 -0.00497212 13.8163 0.0194916 0.0365256 -4.19272e-06 -0.0195001 13.7962 -0.000173641 -1.84397e-06 0.00263717 -0.000173987 0.997664 0.000359033 -1.02959e-07 2.25737e-06 -0.000359032 0.997663 0.00140747 0.00263748 -3.02753e-07 -0.00140809 0.996212
1.8 0.000344457 13.8218 -0.0026903 -2.8581e-05 0.036434 -0.00269565 13.7894 0.00495294 -1.60657e-06 3.4985e-05 -0.00495292 13.7894 0.02182 0.0364387 -4.70151e-06 -0.0218296 13.7694 -0.000194642 -2.06783e-06 0.00263599 -0.00019503 0.997661 0.000358343 -1.16235e-07 2.53115e-06 -0.000358342 0.997659 0.00157867 0.00263633 -3.40153e-07 -0.00157937 0.996209
1.9 0.000363587 13.7934 -0.0029909 -3.17882e-05 0.0363418 -0.00299687 13.761 0.0049327 -1.7995e-06 3.89065e-05 -0.00493268 13.761 0.0242741 0.036347 -5.2396e-06 -0.0242848 13.741 -0.000216837 -2.3046e-06 0.00263473 -0.000217269 0.997658 0.000357614 -1.30461e-07 2.82067e-06 -0.000357612 0.997656 0.00175984 0.00263511 -3.79864e-07 -0.00176061 0.996205
2 0.000382716 13.7635 -0.00330631 -3.51563e-05 0.0362448 -0.00331291 13.7312 0.00491142 -2.00493e-06 4.30238e-05 -0.0049114 13.7312 0.0268525 0.0362506 -5.80702e-06 -0.0268643 13.7112 -0.000240223 -2.55432e-06 0.00263341 -0.000240703 0.997654 0.000356845 -1.4567e-07 3.12594e-06 -0.000356843 0.997652 0.00195099 0.00263382 -4.21915e-07 -0.00195185 0.9962
2.1 0.000401843 13.7321 -0.00363628 -3.86833e-05 0.0361431 -0.00364355 13.6999 0.00488913 -2.22317e-06 4.73343e-05 -0.0048891 13.6998 0.0295539 0.0361494 -6.40381e-06 -0.0295668 13.6799 -0.000264801 -2.81699e-06 0.00263201 -0.000265331 0.997651 0.000356036 -1.61896e-07 3.44697e-06 -0.000356034 0.997648 0.00215217 0.00263247 -4.66338e-07 -0.00215312 0.996196
2.2 0.000420969 13.6993 -0.0039806 -4.23672e-05 0.0360367 -0.00398856 13.6671 0.00486582 -2.45457e-06 5.18353e-05 -0.00486578 13.667 0.0323769 0.0360435 -7.03e-06 -0.0323912 13.6471 -0.000290569 -3.09266e-06 0.00263055 -0.000291151 0.997647 0.000355188 -1.79175e-07 3.7838e-06 -0.000355185 0.997644 0.0023634 0.00263105 -5.13165e-07 -0.00236444 0.996191
2.3 0.000440094 13.665 -0.004339 -4.62059e-05 0.0359255 -0.0043477 13.6328 0.00484151 -2.69947e-06 5.65243e-05 -0.00484147 13.6328 0.0353203 0.035933 -7.68563e-06 -0.0353358 13.6129 -0.000317526 -3.38133e-06 0.00262901 -0.000318163 0.997644 0.0003543 -1.97546e-07 4.13642e-06 -0.000354297 0.99764 0.00258472 0.00262956 -5.62431e-07 -0.00258586 0.996186
2.4 0.000459218 13.6293 -0.00471124 -5.01971e-05 0.0358097 -0.0047207 13.5971 0.00481621 -2.95822e-06 6.13981e-05 -0.00481616 13.5971 0.0383824 0.0358178 -8.37074e-06 -0.0383993 13.5772 -0.00034567 -3.68303e-06 0.00262741 -0.000346364 0.99764 0.000353372 -2.17048e-07 4.50487e-06 -0.000353368 0.997635 0.00281617 0.002628 -6.14173e-07 -0.00281741 0.996181
2.5 0.00047834 13.5921 -0.00509706 -5.43386e-05 0.0356893 -0.0051073 13.56 0.00478993 -3.23119e-06 6.6454e-05 -0.00478987 13.5599 0.0415618 0.035698 -9.08536e-06 -0.04158 13.5401 -0.000375001 -3.9978e-06 0.00262573 -0.000375754 0.997636 0.000352405 -2.37725e-07 4.88915e-06 -0.0003524 0.99763 0.00305778 0.00262637 -6.68428e-07 -0.00305912 0.996175
2.6 0.000497461 13.5535 -0.00549617 -5.8628e-05 0.0355643 -0.00550723 13.5214 0.00476268 -3.51878e-06 7.16887e-05 -0.00476261 13.5214 0.0448568 0.0355736 -9.82953e-06 -0.0448764 13.5016 -0.000405515 -4.32566e-06 0.00262399 -0.000406332 0.997631 0.000351397 -2.59621e-07 5.2893e-06 -0.000351392 0.997625 0.0033096 0.00262468 -7.25237e-07 -0.00331105 0.996169
2.7 0.00051658 13.5135 -0.0059083 -6.30628e-05 0.0354348 -0.00592021 13.4815 0.00473447 -3.82138e-06 7.70991e-05 -0.00473439 13.4814 0.0482657 0.0354448 -1.06033e-05 -0.0482869 13.4617 -0.000437213 -4.66664e-06 0.00262217 -0.000438095 0.997627 0.00035035 -2.82782e-07 5.70532e-06 -0.000350344 0.99762 0.00357166 0.00262291 -7.84642e-07 -0.00357322 0.996162
2.8 0.000535698 13.4721 -0.00633315 -6.76404e-05 0.0353007 -0.00634594 13.4401 0.00470532 -4.1394e-06 8.26818e-05 -0.00470523 13.44 0.051787 0.0353114 -1.14067e-05 -0.0518097 13.4203 -0.000470093 -5.02076e-06 0.00262028 -0.000471042 0.997622 0.000349264 -3.07257e-07 6.13725e-06 -0.000349256 0.997614 0.00384401 0.00262107 -8.46686e-07 -0.00384569 0.996156
2.9 0.000554814 13.4293 -0.00677042 -7.23582e-05 0.0351622 -0.00678411 13.3973 0.00467524 -4.47326e-06 8.84335e-05 -0.00467513 13.3972 0.0554187 0.0351736 -1.22397e-05 -0.055443 13.3776 -0.000504152 -5.38807e-06 0.00261831 -0.000505172 0.997617 0.000348137 -3.33096e-07 6.5851e-06 -0.000348129 0.997608 0.00412669 0.00261917 -9.11415e-07 -0.0041285 0.996149
3 0.000573928 13.3851 -0.00721981 -7.72134e-05 0.0350193 -0.00723443 13.3532 0.00464425 -4.82338e-06 9.43505e-05 -0.00464412 13.353 0.0591591 0.0350315 -1.31024e-05 -0.059185 13.3335 -0.000539389 -5.76859e-06 0.00261628 -0.000540482 0.997612 0.00034697 -3.60354e-07 7.04889e-06 -0.000346961 0.997601 0.00441976 0.00261719 -9.78876e-07 -0.0044217 0.996141
3.1 0.00059304 13.3396 -0.00768099 -8.22033e-05 0.034872 -0.00769658 13.3077 0.00461235 -5.19022e-06 0.000100429 -0.0046122 13.3075 0.0630063 0.0348849 -1.39948e-05 -0.0630339 13.288 -0.000575804 -6.16235e-06 0.00261417 -0.000576972 0.997607 0.000345764 -3.89084e-07 7.52866e-06 -0.000345753 0.997594 0.00472325 0.00261514 -1.04912e-06 -0.00472532 0.996133
3.2 0.000612151 13.2927 -0.00815363 -8.73249e-05 0.0347203 -0.00817021 13.2608 0.00457956 -5.57423e-06 0.000106666 -0.00457939 13.2606 0.0669583 0.0347341 -1.4917e-05 -0.0669877 13.2412 -0.000613392 -6.5694e-06 0.00261199 -0.00061464 0.997601 0.000344517 -4.19345e-07 8.02441e-06 -0.000344505 0.997587 0.00503723 0.00261302 -1.1222e-06 -0.00503944 0.996125
3.3 0.00063126 13.2444 -0.00863741 -9.25754e-05 0.0345644 -0.00865501 13.2126 0.00454589 -5.97586e-06 0.000113057 -0.00454571 13.2124 0.0710133 0.0345789 -1.5869e-05 -0.0710444 13.193 -0.000652154 -6.98976e-06 0.00260973 -0.000653483 0.997596 0.00034323 -4.51198e-07 8.53619e-06 -0.000343217 0.99758 0.00536174 0.00261083 -1.19816e-06 -0.00536409 0.996116
3.4 0.000650367 13.1949 -0.00913199 -9.79516e-05 0.0344043 -0.00915063 13.163 0.00451137 -6.39558e-06 0.000119598 -0.00451116 13.1628 0.075169 0.0344196 -1.68508e-05 -0.0752019 13.1435 -0.000692087 -7.42347e-06 0.0026074 -0.0006935 0.99759 0.000341904 -4.84703e-07 9.064e-06 -0.000341888 0.997572 0.00569684 0.00260856 -1.27707e-06 -0.00569934 0.996107
3.5 0.000669472 13.144 -0.00963701 -0.00010345 0.0342399 -0.00965672 13.1122 0.004476 -6.83388e-06 0.000126286 -0.00447577 13.1119 0.0794234 0.0342561 -1.78624e-05 -0.0794582 13.0927 -0.000733189 -7.87058e-06 0.002605 -0.000734689 0.997584 0.000340537 -5.19926e-07 9.60788e-06 -0.000340519 0.997563 0.00604259 0.00260623 -1.35898e-06 -0.00604523 0.996098
3.6 0.000688575 13.0917 -0.0101521 -0.000109069 0.0340715 -0.0101729 13.06 0.0044398 -7.29124e-06 0.000133115 -0.00443954 13.0597 0.0837745 0.0340885 -1.89038e-05 -0.0838112 13.0405 -0.000775459 -8.33111e-06 0.00260252 -0.000777048 0.997577 0.00033913 -5.56934e-07 1.01679e-05 -0.00033911 0.997555 0.00639903 0.00260381 -1.44395e-06 -0.00640183 0.996088
3.7 0.000707676 13.0383 -0.0106769 -0.000114803 0.0338989 -0.0106989 13.0066 0.00440279 -7.76816e-06 0.000140082 -0.0044025 13.0063 0.08822 0.0339168 -1.99752e-05 -0.0882586 12.9871 -0.000818893 -8.80512e-06 0.00259996 -0.000820575 0.997571 0.000337682 -5.95798e-07 1.0744e-05 -0.00033766 0.997545 0.00676624 0.00260133 -1.53204e-06 -0.0067692 0.996077
3.8 0.000726775 12.9835 -0.0112111 -0.000120651 0.0337224 -0.0112342 12.9519 0.00436498 -8.26514e-06 0.000147183 -0.00436466 12.9515 0.0927576 0.0337411 -2.10764e-05 -0.0927981 12.9324 -0.000863491 -9.29263e-06 0.00259733 -0.000865268 0.997564 0.000336195 -6.36589e-07 1.13362e-05 -0.00033617 0.997536 0.00714427 0.00259877 -1.62332e-06 -0.0071474 0.996066
3.9 0.000745871 12.9275 -0.0117543 -0.000126608 0.0335418 -0.0117785 12.8959 0.00432639 -8.78269e-06 0.000154414 -0.00432604 12.8955 0.0973851 0.0335614 -2.22075e-05 -0.0974276 12.8765 -0.000909249 -9.7937e-06 0.00259462 -0.000911125 0.997557 0.000334667 -6.79383e-07 1.19446e-05 -0.00033464 0.997526 0.00753319 0.00259613 -1.71786e-06 -0.00753649 0.996055
4 0.000764965 12.8702 -0.0123061 -0.000132671 0.0333574 -0.0123315 12.8387 0.00428704 -9.32133e-06 0.000161769 -0.00428666 12.8382 0.1021 0.0333779 -2.33686e-05 -0.102145 12.8193 -0.000956167 -1.03084e-05 0.00259183 -0.000958144 0.99755 0.000333098 -7.24257e-07 1.25692e-05 -0.000333068 0.997515 0.00793307 0.00259342 -1.81571e-06 -0.00793653 0.996043
4.1 0.000784057 12.8117 -0.012866 -0.000138836 0.033169 -0.0128927 12.7802 0.00424694 -9.88157e-06 0.000169244 -0.00424652 12.7797 0.1069 0.0331905 -2.45596e-05 -0.106947 12.7608 -0.00100424 -1.08367e-05 0.00258897 -0.00100632 0.997542 0.00033149 -7.71293e-07 1.32101e-05 -0.000331456 0.997504 0.00834396 0.00259064 -1.91697e-06 -0.00834761 0.99603
4.2 0.000803147 12.752 -0.0134338 -0.000145101 0.0329769 -0.0134617 12.7206 0.00420612 -1.04639e-05 0.000176835 -0.00420565 12.72 0.111783 0.0329993 -2.57805e-05 -0.111832 12.7012 -0.00105347 -1.13787e-05 0.00258602 -0.00105566 0.997535 0.00032984 -8.20573e-07 1.38672e-05 -0.000329804 0.997492 0.00876595 0.00258778 -2.02169e-06 -0.00876978 0.996017
4.3 0.000822234 12.6911 -0.014009 -0.00015146 0.0327811 -0.0140382 12.6597 0.00416458 -1.1069e-05 0.000184536 -0.00416407 12.6591 0.116747 0.0328044 -2.70314e-05 -0.116798 12.6404 -0.00110385 -1.19344e-05 0.002583 -0.00110615 0.997527 0.00032815 -8.72185e-07 1.45406e-05 -0.00032811 0.99748 0.0091991 0.00258484 -2.12995e-06 -0.00920312 0.996003
4.4 0.000841318 12.629 -0.0145913 -0.000157912 0.0325815 -0.0146217 12.5977 0.00412235 -1.16972e-05 0.000192344 -0.00412179 12.597 0.121788 0.0326058 -2.83122e-05 -0.121841 12.5783 -0.00115538 -1.25039e-05 0.0025799 -0.00115779 0.997519 0.000326419 -9.26218e-07 1.52304e-05 -0.000326375 0.997467 0.00964349 0.00258182 -2.24184e-06 -0.0096477 0.995989
4.5 0.0008604 12.5657 -0.0151801 -0.000164451 0.0323783 -0.0152119 12.5345 0.00407944 -1.23492e-05 0.000200253 -0.00407884 12.5338 0.126904 0.0324035 -2.96229e-05 -0.126959 12.5152 -0.00120806 -1.30872e-05 0.00257671 -0.00121058 0.997511 0.000324648 -9.82764e-07 1.59364e-05 -0.0003246 0.997454 0.0100992 0.00257872 -2.35743e-06 -0.0101036 0.995973
4.6 0.00087948 12.5014 -0.0157752 -0.000171074 0.0321716 -0.0158083 12.4701 0.00403588 -1.30254e-05 0.000208259 -0.00403522 12.4694 0.132093 0.0321978 -3.09635e-05 -0.132151 12.4508 -0.00126188 -1.36844e-05 0.00257345 -0.00126453 0.997502 0.000322836 -1.04192e-06 1.66589e-05 -0.000322783 0.99744 0.0105663 0.00257554 -2.47681e-06 -0.0105709 0.995958
4.7 0.000898556 12.4358 -0.016376 -0.000177778 0.0319614 -0.0164105 12.4047 0.00399168 -1.37264e-05 0.000216356 -0.00399096 12.4038 0.137352 0.0319885 -3.2334e-05 -0.137412 12.3854 -0.00131684 -1.42956e-05 0.00257011 -0.00131961 0.997493 0.000320983 -1.10378e-06 1.73978e-05 -0.000320925 0.997426 0.0110449 0.00257229 -2.60007e-06 -0.0110497 0.995941
4.8 0.00091763 12.3692 -0.0169822 -0.000184557 0.0317477 -0.0170181 12.3381 0.00394687 -1.44528e-05 0.000224539 -0.00394609 12.3372 0.142678 0.0317759 -3.37343e-05 -0.142741 12.3188 -0.00137295 -1.49207e-05 0.00256668 -0.00137584 0.997484 0.000319088 -1.16845e-06 1.81531e-05 -0.000319025 0.99741 0.011535 0.00256895 -2.72729e-06 -0.01154 0.995924
4.9 0.000936701 12.3015 -0.0175934 -0.000191409 0.0315307 -0.0176306 12.2704 0.00390145 -1.52052e-05 0.000232804 -0.00390061 12.2694 0.14807 0.0315598 -3.51645e-05 -0.148134 12.2511 -0.00143019 -1.55599e-05 0.00256317 -0.00143321 0.997475 0.000317153 -1.23604e-06 1.89249e-05 -0.000317085 0.997394 0.0120367 0.00256553 -2.85856e-06 -0.012042 0.995906
5 0.00095577 12.2327 -0.0182091 -0.00019833 0.0313104 -0.0182477 12.2017 0.00385545 -1.59839e-05 0.000241145 -0.00385454 12.2006 0.153523 0.0313405 -3.66245e-05 -0.15359 12.1824 -0.00148856 -1.62131e-05 0.00255957 -0.00149172 0.997465 0.000315177 -1.30666e-06 1.97132e-05 -0.000315102 0.997378 0.0125502 0.00256203 -2.99399e-06 -0.0125557 0.995888
5.1 0.000974835 12.1628 -0.0188289 -0.000205314 0.0310869 -0.018869 12.1319 0.0038089 -1.67897e-05 0.000249557 -0.00380791 12.1307 0.159035 0.0311179 -3.81142e-05 -0.159104 12.1126 -0.00154807 -1.68805e-05 0.00255589 -0.00155137 0.997455 0.000313159 -1.38041e-06 2.0518e-05 -0.000313078 0.99736 0.0130755 0.00255845 -3.13367e-06 -0.0130812 0.995868
5.2 0.000993897 12.0919 -0.0194523 -0.000212359 0.0308601 -0.0194939 12.061 0.0037618 -1.7623e-05 0.000258034 -0.00376074 12.0598 0.164604 0.0308922 -3.96336e-05 -0.164676 12.0417 -0.00160871 -1.75621e-05 0.00255213 -0.00161214 0.997445 0.0003111 -1.45742e-06 2.13394e-05 -0.000311013 0.997342 0.0136127 0.00255478 -3.2777e-06 -0.0136187 0.995848
5.3 0.00101296 12.02 -0.0200791 -0.00021946 0.0306303 -0.0201221 11.9892 0.00371418 -1.84843e-05 0.000266572 -0.00371304 11.9878 0.170227 0.0306634 -4.11827e-05 -0.170301 11.9698 -0.00167047 -1.82579e-05 0.00254828 -0.00167405 0.997434 0.000309 -1.5378e-06 2.21774e-05 -0.000308905 0.997323 0.014162 0.00255103 -3.42618e-06 -0.0141681 0.995827
5.4 0.00103201 11.9471 -0.0207086 -0.000226613 0.0303975 -0.0207531 11.9163 0.00366606 -1.93743e-05 0.000275166 -0.00366484 11.9149 0.1759 0.0304316 -4.27614e-05 -0.175976 11.897 -0.00173336 -1.8968e-05 0.00254434 -0.00173708 0.997424 0.000306858 -1.62168e-06 2.3032e-05 -0.000306756 0.997303 0.0147233 0.0025472 -3.57923e-06 -0.0147297 0.995805
5.5 0.00105107 11.8732 -0.0213405 -0.000233813 0.0301617 -0.0213865 11.8425 0.00361746 -2.02935e-05 0.000283809 -0.00361615 11.8409 0.181621 0.0301968 -4.43695e-05 -0.1817 11.8231 -0.00179737 -1.96925e-05 0.00254032 -0.00180124 0.997413 0.000304675 -1.70919e-06 2.39033e-05 -0.000304564 0.997283 0.0152968 0.00254328 -3.73695e-06 -0.0153034 0.995782
5.6 0.00107012 11.7983 -0.0219743 -0.000241057 0.029923 -0.0220219 11.7677 0.0035684 -2.12423e-05 0.000292496 -0.003567 11.766 0.187388 0.0299591 -4.60071e-05 -0.187469 11.7483 -0.0018625 -2.04314e-05 0.0025362 -0.00186652 0.997401 0.00030245 -1.80045e-06 2.47913e-05 -0.000302331 0.997261 0.0158826 0.00253927 -3.89946e-06 -0.0158894 0.995758
5.7 0.00108916 11.7225 -0.0226097 -0.00024834 0.0296815 -0.0226588 11.6919 0.0035189 -2.22214e-05 0.000301222 -0.0035174 11.6902 0.193196 0.0297186 -4.76741e-05 -0.19328 11.6725 -0.00192874 -2.11849e-05 0.002532 -0.00193292 0.99739 0.000300183 -1.89561e-06 2.5696e-05 -0.000300055 0.997239 0.0164808 0.00253517 -4.06687e-06 -0.0164879 0.995733
5.8 0.00110821 11.6458 -0.0232462 -0.000255658 0.0294372 -0.0232968 11.6153 0.00346899 -2.32312e-05 0.000309982 -0.00346738 11.6134 0.199044 0.0294754 -4.93702e-05 -0.19913 11.5958 -0.0019961 -2.19528e-05 0.00252771 -0.00200044 0.997378 0.000297874 -1.99481e-06 2.66175e-05 -0.000297736 0.997215 0.0170915 0.00253098 -4.23931e-06 -0.0170989 0.995707
5.9 0.00112725 11.5682 -0.0238833 -0.000263007 0.0291903 -0.0239354 11.5377 0.00341867 -2.42724e-05 0.00031877 -0.00341696 11.5357 0.204928 0.0292295 -5.10956e-05 -0.205017 11.5182 -0.00206456 -2.27354e-05 0.00252332 -0.00206907 0.997365 0.000295523 -2.0982e-06 2.75557e-05 -0.000295375 0.997191 0.0177148 0.00252671 -4.4169e-06 -0.0177224 0.99568
6 0.00172656 11.4897 -0.0245206 -0.000270382 0.0289408 -0.0245743 11.4593 0.00336797 -2.53453e-05 0.00032758 -0.00336616 11.4571 0.210845 0.028981 -5.28499e-05 -0.210936 11.4397 -0.00213414 -2.35326e-05 0.00251885 -0.00213881 0.997353 0.00029313 -2.20591e-06 2.85108e-05 -0.000292972 0.997166 0.0183508 0.00252234 -4.59976e-06 -0.0183587 0.995652
6.2 0.00236869 11.3301 -0.0257942 -0.000285194 0.0284343 -0.0258511 11.2999 0.00326554 -2.75885e-05 0.000345246 -0.00326348 11.2974 0.222768 0.0284765 -5.64452e-05 -0.222864 11.2802 -0.00227659 -2.51713e-05 0.00250961 -0.00228162 0.997327 0.000288217 -2.43496e-06 3.04714e-05 -0.000288035 0.997112 0.0196615 0.00251333 -4.98186e-06 -0.01967 0.995593
6.4 0.00244479 11.1673 -0.0270634 -0.000300059 0.0279183 -0.0271236 11.1372 0.00316184 -2.99649e-05 0.000362934 -0.00315953 11.1344 0.234787 0.0279624 -6.01551e-05 -0.234888 11.1174 -0.00242345 -2.68694e-05 0.0025 -0.00242883 0.997299 0.000283133 -2.68327e-06 3.24997e-05 -0.000282926 0.997053 0.0210245 0.00250395 -5.38671e-06 -0.0210335 0.995528
6.6 0.00252085 11.0014 -0.028325 -0.000314942 0.0273934 -0.0283884 10.9714 0.00305705 -3.24784e-05 0.000380601 -0.00305446 10.9683 0.246879 0.0274395 -6.39783e-05 -0.246985 10.9514 -0.00257467 -2.86274e-05 0.00248999 -0.00258044 0.99727 0.000277878 -2.9522e-06 3.45957e-05 -0.000277643 0.99699 0.0224407 0.00249419 -5.81547e-06 -0.0224503 0.995458
6.8 0.00259689 10.8325 -0.0295756 -0.000329806 0.0268603 -0.0296423 10.8026 0.00295134 -3.51326e-05 0.000398201 -0.00294845 10.7992 0.259019 0.0269084 -6.79133e-05 -0.25913 10.7825 -0.00273025 -3.04459e-05 0.00247959 -0.00273641 0.997239 0.000272451 -3.24325e-06 3.67597e-05 -0.000272184 0.996921 0.0239112 0.00248403 -6.26938e-06 -0.0239215 0.995383
7 0.00267289 10.6609 -0.0308117 -0.000344618 0.0263195 -0.0308818 10.6312 0.00284487 -3.79312e-05 0.00041569 -0.00284165 10.6273 0.271182 0.0263695 -7.19587e-05 -0.271299 10.6108 -0.00289016 -3.23253e-05 0.00246878 -0.00289673 0.997207 0.00026685 -3.55797e-06 3.89919e-05 -0.000266548 0.996847 0.025437 0.00247347 -6.74976e-06 -0.025448 0.995302
7.2 0.00274886 10.4867 -0.0320303 -0.000359341 0.0257718 -0.0321037 10.4571 0.00273781 -4.08775e-05 0.000433022 -0.00273425 10.4528 0.283344 0.0258236 -7.61126e-05 -0.283466 10.4365 -0.00305437 -3.42663e-05 0.00245756 -0.00306137 0.997173 0.000261074 -3.89803e-06 4.12924e-05 -0.000260734 0.996766 0.0270193 0.0024625 -7.25799e-06 -0.0270309 0.995214
7.4 0.0028248 10.3101 -0.0332282 -0.000373941 0.0252176 -0.033305 10.2806 0.00263033 -4.39747e-05 0.000450154 -0.0026264 10.2759 0.295481 0.0252713 -8.03731e-05 -0.295607 10.2598 -0.00322287 -3.62693e-05 0.00244591 -0.00323031 0.997138 0.000255121 -4.26519e-06 4.36613e-05 -0.00025474 0.996679 0.0286592 0.00245111 -7.79555e-06 -0.0286715 0.995119
7.6 0.00290071 10.1313 -0.0344022 -0.000388381 0.0246578 -0.0344824 10.1019 0.00252259 -4.72257e-05 0.000467041 -0.00251827 10.0967 0.307566 0.0247132 -8.47381e-05 -0.307697 10.0808 -0.00339563 -3.83348e-05 0.00243382 -0.00340354 0.997101 0.00024899 -4.66136e-06 4.60988e-05 -0.000248563 0.996586 0.030358 0.00243929 -8.36399e-06 -0.030371 0.995017
7.8 0.00297657 9.95044 -0.0355494 -0.000402628 0.0240928 -0.0356329 9.9212 0.00241476 -5.06332e-05 0.000483639 -0.00241002 9.91546 0.319576 0.0241499 -8.92052e-05 -0.319712 9.89976 -0.00357264 -4.04633e-05 0.00242128 -0.00358104 0.997061 0.000242679 -5.08853e-06 4.86048e-05 -0.000242202 0.996484 0.0321168 0.00242702 -8.96495e-06 -0.0321305 0.994907
8 0.00305241 9.76771 -0.0366669 -0.000416646 0.0235234 -0.0367538 9.7386 0.002307 -5.41996e-05 0.000499905 -0.00230181 9.7323 0.331486 0.0235822 -9.37719e-05 -0.331627 9.71681 -0.00375389 -4.26555e-05 0.00240829 -0.00376279 0.99702 0.000236186 -5.54885e-06 5.11793e-05 -0.000235655 0.996375 0.0339369 0.0024143 -9.60019e-06 -0.0339514 0.994789
8.2 0.0031282 9.5833 -0.0377519 -0.000430402 0.0229503 -0.0378422 9.55432 0.00219946 -5.79272e-05 0.000515796 -0.0021938 9.54743 0.343272 0.0230106 -9.84354e-05 -0.343418 9.53213 -0.00393935 -4.49117e-05 0.00239482 -0.00394877 0.996977 0.00022951 -6.0446e-06 5.38224e-05 -0.000228919 0.996258 0.0358198 0.00240111 -1.02716e-05 -0.035835 0.994661
8.4 0.00320396 9.39738 -0.0388019 -0.000443861 0.0223739 -0.0388955 9.36854 0.00209231 -6.18178e-05 0.000531271 -0.00208615 9.36102 0.354909 0.0224357 -0.000103193 -0.35506 9.34592 -0.00412901 -4.72324e-05 0.00238087 -0.00413898 0.996931 0.000222648 -6.5782e-06 5.65339e-05 -0.000221993 0.996131 0.0377668 0.00238745 -1.0981e-05 -0.0377828 0.994524
8.6 0.00327968 9.21015 -0.0398142 -0.000456991 0.0217951 -0.0399112 9.18144 0.00198569 -6.58731e-05 0.000546287 -0.00197901 9.17325 0.366374 0.0218583 -0.000108041 -0.366529 9.15835 -0.00432286 -4.96182e-05 0.00236642 -0.00433339 0.996883 0.000215598 -7.15223e-06 5.93136e-05 -0.000214873 0.995994 0.0397794 0.00237328 -1.17306e-05 -0.0397962 0.994376
8.8 0.00335535 9.02178 -0.0407865 -0.000469758 0.0212143 -0.0408868 8.9932 0.00187976 -7.00943e-05 0.000560805 -0.00187253 8.98431 0.377643 0.0212789 -0.000112976 -0.377802 8.96961 -0.00452089 -5.20693e-05 0.00235146 -0.00453202 0.996833 0.000208358 -7.76945e-06 6.21613e-05 -0.000207556 0.995847 0.0418591 0.00235862 -1.25226e-05 -0.0418767 0.994218
9 0.00343099 8.83245 -0.0417166 -0.000482131 0.0206324 -0.0418202 8.80401 0.00177466 -7.44823e-05 0.000574786 -0.00176685 8.79437 0.388693 0.0206982 -0.000117995 -0.388857 8.77987 -0.00472311 -5.45863e-05 0.00233597 -0.00473484 0.99678 0.000200925 -8.4328e-06 6.50766e-05 -0.000200041 0.995689 0.0440074 0.00234342 -1.33593e-05 -0.0440259 0.994047
9.2 0.00350659 8.64234 -0.0426024 -0.000494078 0.0200498 -0.0427093 8.61404 0.00167053 -7.90378e-05 0.00058819 -0.00166212 8.60362 0.399501 0.0201168 -0.000123094 -0.399668 8.58932 -0.0049295 -5.71695e-05 0.00231995 -0.00494187 0.996724 0.000193296 -9.14542e-06 6.80591e-05 -0.000192323 0.995519 0.0462259 0.0023277 -1.42431e-05 -0.0462454 0.993864
9.4 0.00358214 8.45165 -0.0434421 -0.00050557 0.0194672 -0.0435521 8.42347 0.00156752 -8.37611e-05 0.000600982 -0.00155847 8.41223 0.410044 0.0195353 -0.000128268 -0.410216 8.39813 -0.00514007 -5.98191e-05 0.00230337 -0.0051531 0.996666 0.000185469 -9.91063e-06 7.11082e-05 -0.000184399 0.995336 0.0485164 0.00231142 -1.51767e-05 -0.0485368 0.993668
9.6 0.00365765 8.26053 -0.0442338 -0.000516575 0.0188853 -0.044347 8.23248 0.00146575 -8.86521e-05 0.000613124 -0.00145604 8.22038 0.420301 0.0189543 -0.000133514 -0.420476 8.20647 -0.00535484 -6.25354e-05 0.00228622 -0.00536854 0.996604 0.00017744 -1.0732e-05 7.42233e-05 -0.000176265 0.99514 0.0508806 0.00229457 -1.61629e-05 -0.0509019 0.993456
9.8 0.00373311 8.06917 -0.044976 -0.000527067 0.0183047 -0.0450923 8.04125 0.00136534 -9.37102e-05 0.000624582 -0.00135496 8.02825 0.43025 0.0183745 -0.000138827 -0.430429 8.01454 -0.00557381 -6.53186e-05 0.00226847 -0.00558822 0.996539 0.000169205 -1.16134e-05 7.74035e-05 -0.000167918 0.994928 0.0533202 0.00227713 -1.72046e-05 -0.0533424 0.99323
10 0.00380853 7.87775 -0.0456674 -0.000537016 0.0177259 -0.0457867 7.84995 0.00126644 -9.89347e-05 0.000635324 -0.00125534 7.83601 0.43987 0.0177965 -0.000144202 -0.440053 7.8225 -0.00579701 -6.81687e-05 0.00225013 -0.00581216 0.996471 0.000160761 -1.25587e-05 8.06478e-05 -0.000159353 0.994701 0.055837 0.00225909 -1.83049e-05 -0.0558602 0.992986
10.2 0.0038839 7.68644 -0.0463067 -0.000546397 0.0171496 -0.046429 7.65877 0.00116914 -0.000104324 0.000645316 -0.00115731 7.64384 0.449141 0.0172209 -0.000149634 -0.449327 7.63053 -0.00602446 -7.10858e-05 0.00223115 -0.00604037 0.996399 0.000152104 -1.35725e-05 8.39551e-05 -0.000150565 0.994457 0.0584329 0.00224042 -1.94672e-05 -0.0584571 0.992725
10.4 0.00395923 7.49542 -0.0468929 -0.000555184 0.0165764 -0.0470181 7.46786 0.00107356 -0.000109877 0.00065453 -0.00106098 7.45191 0.458044 0.0166482 -0.000155118 -0.458233 7.43879 -0.00625622 -7.40698e-05 0.00221154 -0.00627291 0.996324 0.000143229 -1.46593e-05 8.73241e-05 -0.00014155 0.994196 0.0611099 0.00222111 -2.0695e-05 -0.0611351 0.992445
10.6 0.0040345 7.30484 -0.0474253 -0.000563351 0.0160068 -0.0475532 7.2774 0.000979817 -0.000115592 0.000662936 -0.000966449 7.26039 0.466559 0.016079 -0.000160648 -0.466751 7.24746 -0.00649231 -7.71203e-05 0.00219126 -0.00650983 0.996244 0.000134133 -1.5824e-05 9.0753e-05 -0.000132303 0.993915 0.0638699 0.00220114 -2.1992e-05 -0.0638962 0.992145
10.8 0.00410973 7.11488 -0.0479032 -0.000570877 0.0154414 -0.0480338 7.08756 0.000887997 -0.000121466 0.000670507 -0.000873824 7.06944 0.474669 0.0155139 -0.00016622 -0.474864 7.0567 -0.00673281 -8.0237e-05 0.0021703 -0.00675117 0.99616 0.000124808 -1.7072e-05 9.424e-05 -0.000122816 0.993613 0.0667149 0.00218048 -2.33623e-05 -0.0667423 0.991822
11 0.00418491 6.92571 -0.0483262 -0.000577739 0.0148808 -0.0484594 6.8985 0.000798198 -0.000127495 0.000677217 -0.000783197 6.87923 0.482355 0.0149534 -0.000171826 -0.482552 6.86668 -0.00697779 -8.34195e-05 0.00214863 -0.00699702 0.996071 0.000115251 -1.8409e-05 9.77831e-05 -0.000113085 0.993289 0.069647 0.00215912 -2.48099e-05 -0.0696755 0.991477
11.2 0.00426003 6.73748 -0.048694 -0.000583916 0.0143255 -0.0488297 6.71039 0.000710505 -0.000133678 0.000683044 -0.000694655 6.68993 0.489601 0.0143982 -0.000177462 -0.489801 6.67756 -0.00722733 -8.66668e-05 0.00212623 -0.00724747 0.995978 0.000105456 -1.9841e-05 0.00010138 -0.000103103 0.992942 0.0726683 0.00213703 -2.63395e-05 -0.0726979 0.991106
11.4 0.00433511 6.55036 -0.0490067 -0.000589389 0.013776 -0.0491448 6.52337 0.000625 -0.000140011 0.000687965 -0.000608279 6.50169 0.496392 0.0138487 -0.00018312 -0.496593 6.4895 -0.00748153 -8.99781e-05 0.00210309 -0.00750261 0.99588 9.54145e-05 -2.13745e-05 0.000105027 -9.28619e-05 0.992569 0.0757808 0.00211419 -2.79558e-05 -0.0758115 0.990709
11.6 0.00441013 6.3645 -0.0492645 -0.000594139 0.0132329 -0.0494049 6.33761 0.000541754 -0.000146488 0.000691961 -0.000524144 6.31466 0.502711 0.0133054 -0.000188795 -0.502914 6.30266 -0.00774052 -9.33521e-05 0.00207917 -0.00776257 0.995776 8.51212e-05 -2.30165e-05 0.000108722 -8.23543e-05 0.992169 0.0789867 0.00209057 -2.96638e-05 -0.0790186 0.990283
11.8 0.0044851 6.18005 -0.0494678 -0.000598151 0.0126966 -0.0496102 6.15326 0.000460835 -0.000153107 0.000695013 -0.000442316 6.129 0.508545 0.0127689 -0.00019448 -0.508749 6.11718 -0.00800443 -9.67874e-05 0.00205445 -0.00802748 0.995666 7.45681e-05 -2.47744e-05 0.000112461 -7.15716e-05 0.99174 0.0822882 0.00206614 -3.1469e-05 -0.0823213 0.989827
12 0.0139046 5.99716 -0.0496171 -0.000601408 0.0121677 -0.0497616 5.97047 0.000382301 -0.000159861 0.000697105 -0.000362858 5.94486 0.513881 0.0122396 -0.000200168 -0.514086 5.93321 -0.00827344 -0.000100282 0.00202891 -0.00829753 0.99555 6.3747e-05 -2.66562e-05 0.000116239 -6.05049e-05 0.99128 0.0856873 0.00204089 -3.33771e-05 -0.0857216 0.989337
13 0.0246683 5.11105 -0.0495902 -0.000605947 0.00964925 -0.0497425 5.0848 2.69959e-05 -0.000195478 0.000692742 -2.72147e-06 5.0519 0.532677 0.00971741 -0.000228407 -0.532885 5.04107 -0.00970254 -0.000118556 0.00188792 -0.00973235 0.994864 5.28187e-06 -3.82461e-05 0.000135538 -5.32467e-07 0.988426 0.104221 0.00190125 -4.46888e-05 -0.104261 0.986308
14 0.0265294 4.28391 -0.0484198 -0.000590194 0.00737778 -0.048576 4.25799 -0.000263882 -0.000233549 0.000663116 0.000293174 4.21696 0.537554 0.0074395 -0.000255635 -0.537757 4.20686 -0.0113027 -0.00013777 0.00172221 -0.0113392 0.99395 -6.15983e-05 -5.45178e-05 0.000154792 6.84361e-05 0.984373 0.125482 0.00173662 -5.96734e-05 -0.12553 0.982016
15 0.0283823 3.52939 -0.0463945 -0.000553952 0.00539379 -0.0465499 3.50369 -0.000490936 -0.000273063 0.000608489 0.000525186 3.45388 0.527947 0.00544672 -0.000280897 -0.528137 3.44441 -0.0131452 -0.000156954 0.00152825 -0.0131892 0.992721 -0.0001391 -7.73684e-05 0.000172407 0.000148804 0.978606 0.149586 0.00154325 -7.95881e-05 -0.14964 0.975924
16 0.0302266 2.85799 -0.0438969 -0.000497981 0.00372501 -0.0440467 2.83241 -0.000658961 -0.000312836 0.000530371 0.000697828 2.77338 0.503936 0.0037673 -0.00030324 -0.504108 2.76443 -0.0153594 -0.000174242 0.00130337 -0.0154117 0.991048 -0.000230568 -0.00010946 0.000185575 0.000244167 0.970395 0.176325 0.00131816 -0.000106103 -0.176385 0.967262
17 0.0320617 2.27691 -0.0413774 -0.000423955 0.00238597 -0.0415162 2.25132 -0.00077642 -0.000351571 0.000431425 0.000819268 2.18291 0.466238 0.00241639 -0.000321773 -0.466384 2.17437 -0.0181726 -0.000186197 0.0010479 -0.0182336 0.98876 -0.000340997 -0.000154407 0.000189478 0.000359815 0.958717 0.204768 0.00106126 -0.00014132 -0.204832 0.954962
18 0.0338871 1.78998 -0.0393206 -0.00033436 0.0013781 -0.0394433 1.76426 -0.000854714 -0.000387922 0.000315312 0.000900608 1.68661 0.416159 0.00139609 -0.000335727 -0.416275 1.67836 -0.0219671 -0.000186796 0.000769896 -0.0220356 0.985632 -0.0004775 -0.000216719 0.000176154 0.000503139 0.942254 0.232494 0.000779946 -0.000187559 -0.232559 0.937645
19 0.0357021 1.39777 -0.0382089 -0.000232364 0.000690477 -0.0383105 1.37182 -0.000907266 -0.000420572 0.000186486 0.000954994 1.28538 0.355528 0.000696157 -0.000344511 -0.35561 1.27734 -0.0273356 -0.000166239 0.000493984 -0.0274083 0.98143 -0.000649081 -0.000300887 0.000133417 0.000683226 0.919594 0.254353 0.000498048 -0.000246471 -0.254412 0.913838
20 0.0375062 1.09786 -0.0384853 -0.000121647 0.000300991 -0.0385614 1.07156 -0.000948502 -0.000448309 4.99488e-05 0.000996612 0.977108 0.286603 0.000295119 -0.000347769 -0.286648 0.969181 -0.035055 -0.000110804 0.000274163 -0.0351242 0.976047 -0.000863958 -0.000408349 4.54967e-05 0.00090778 0.890014 0.261057 0.000268814 -0.000316771 -0.261098 0.882794
21 0.0392989 0.885085 -0.040517 -6.22493e-06 0.000177944 -0.0405637 0.858355 -0.000992781 -0.000470098 -8.90148e-05 0.00103964 0.756953 0.211962 0.000161826 -0.000345416 -0.211969 0.749078 -0.0457775 -7.03314e-06 0.000201048 -0.0458303 0.969799 -0.00112168 -0.000531133 -0.000100572 0.00117462 0.855231 0.239481 0.000182836 -0.000390263 -0.239489 0.846334
22 0.0410797 0.752012 -0.0445633 0.000109754 0.000282001 -0.044578 0.724764 -0.00105336 -0.000485147 -0.000225111 0.00109722 0.617754 0.134376 0.000257368 -0.000337666 -0.134345 0.609883 -0.0592588 0.000145948 0.000374995 -0.0592784 0.963767 -0.00140072 -0.000645133 -0.000299345 0.00145905 0.821469 0.178688 0.00034224 -0.000449016 -0.178648 0.811002
23 0.0428479 0.689353 -0.0507503 0.0002222 0.000568362 -0.0507313 0.66152 -0.00114143 -0.000492964 -0.000353301 0.00118052 0.55047 0.0566843 0.000537229 -0.000325033 -0.0566195 0.542572 -0.0736201 0.000322331 0.000824486 -0.0735926 0.959623 -0.0016558 -0.00071511 -0.00051251 0.0017125 0.798531 0.0822281 0.000779323 -0.000471504 -0.0821342 0.787074
24 0.0446031 0.686496 -0.0590529 0.000327265 0.00098906 -0.0589999 0.658018 -0.00126534 -0.000493389 -0.000469044 0.00129794 0.54467 -0.0183352 0.000953562 -0.000308323 0.0184307 0.536733 -0.0860208 0.000476718 0.00144074 -0.0859435 0.958517 -0.00184318 -0.000718706 -0.000683243 0.00189068 0.793405 -0.0267084 0.00138903 -0.000449125 0.0268474 0.781845
25 0.0463447 0.732007 -0.069287 0.000421512 0.00149526 -0.069201 0.702839 -0.00142998 -0.000486617 -0.000568506 0.00145453 0.589037 -0.0880897 0.0014575 -0.000288591 0.0882102 0.58107 -0.0946536 0.000575831 0.00204269 -0.094536 0.960155 -0.0019535 -0.000664772 -0.00077664 0.00198704 0.804689 -0.12034 0.0019911 -0.000394247 0.120505 0.793804
26 0.0480722 0.814139 -0.0811113 0.000502049 0.00203948 -0.0809947 0.784249 -0.00163642 -0.000473197 -0.000648716 0.00165158 0.671873 -0.150279 0.00200138 -0.000267089 0.150418 0.663896 -0.0996284 0.000616663 0.00250508 -0.0994852 0.963287 -0.00201 -0.000581224 -0.000796813 0.00202863 0.825257 -0.184587 0.00245828 -0.000328064 0.184758 0.815459
27 0.049785 0.921309 -0.0940397 0.000566642 0.0025776 -0.0938964 0.890676 -0.00188181 -0.000454006 -0.000707682 0.00188657 0.781565 -0.202991 0.00254079 -0.000245193 0.20314 0.773614 -0.102072 0.00061504 0.00279776 -0.101916 0.966751 -0.00204254 -0.000492784 -0.000768127 0.00204771 0.84832 -0.220329 0.0027578 -0.000266135 0.220491 0.83969
28 0.0514827 1.04252 -0.107463 0.000613779 0.00307058 -0.107298 1.01114 -0.00215954 -0.000430206 -0.000744438 0.00215325 0.907013 -0.244768 0.0030363 -0.000224313 0.24492 0.899133 -0.10308 0.000588744 0.00294534 -0.102922 0.969892 -0.00207146 -0.000412658 -0.000714073 0.00206542 0.870017 -0.234784 0.00291246 -0.000215164 0.23493 0.862458
29 0.0531646 1.16774 -0.12068 0.000642714 0.00348589 -0.1205 1.1356 -0.00245961 -0.00040318 -0.000759042 0.00244203 1.038 -0.27466 0.00345496 -0.000205806 0.274806 1.03025 -0.103345 0.000550391 0.00298516 -0.103191 0.972473 -0.0021063 -0.000345265 -0.000650008 0.00209124 0.888899 -0.235206 0.00295867 -0.000176243 0.235331 0.882255
30 0.0548304 1.28817 -0.132933 0.000653455 0.00379847 -0.132745 1.25527 -0.00276926 -0.000374458 -0.000752521 0.0027406 1.16551 -0.292244 0.00377125 -0.00019088 0.292377 1.15792 -0.103195 0.000507275 0.00294874 -0.103049 0.974465 -0.00214977 -0.000290691 -0.00058418 0.00212752 0.904779 -0.226868 0.00292761 -0.000148179 0.226972 0.898892
31 0.0564795 1.39646 -0.14345 0.000646731 0.00399132 -0.143261 1.36284 -0.00307376 -0.00034562 -0.000726766 0.00303466 1.2819 -0.297626 0.00396776 -0.000180507 0.297738 1.27454 -0.102724 0.000463121 0.00285817 -0.102589 0.97592 -0.00220111 -0.000247497 -0.000520433 0.0021731 0.91796 -0.213129 0.00284129 -0.00012926 0.213209 0.912691
32 0.0581114 1.48688 -0.151489 0.000623928 0.00405566 -0.151307 1.45254 -0.00335732 -0.000318204 -0.000684385 0.00330883 1.3811 -0.29141 0.00403532 -0.000175354 0.291494 1.37402 -0.101884 0.000419622 0.00272763 -0.101761 0.976906 -0.00225796 -0.000214008 -0.000460282 0.00222535 0.928859 -0.195987 0.00271395 -0.000117934 0.196044 0.924094
33 0.0597256 1.55531 -0.156378 0.000586987 0.00399064 -0.156211 1.52029 -0.00360404 -0.00029361 -0.000628534 0.00354761 1.45867 -0.274651 0.00397284 -0.000175722 0.274703 1.45189 -0.100544 0.000377408 0.00256581 -0.100437 0.977483 -0.00231725 -0.000188779 -0.000404121 0.00228097 0.937862 -0.176589 0.00255437 -0.000112982 0.176622 0.933506
34 0.0613216 1.59926 -0.157557 0.000538297 0.00380279 -0.157412 1.56359 -0.00379895 -0.000273007 -0.000562725 0.00373632 1.51174 -0.24879 0.00378664 -0.000181524 0.248806 1.50531 -0.0985188 0.000336591 0.00237784 -0.0984282 0.977697 -0.00237544 -0.000170708 -0.000351866 0.00233628 0.945276 -0.155566 0.00236775 -0.000113505 0.155576 0.941251
35 0.0628989 1.61776 -0.154613 0.000480563 0.00350503 -0.154497 1.58149 -0.00392885 -0.000257257 -0.000490629 0.00386201 1.53902 -0.215574 0.00348956 -0.000192273 0.215552 1.53293 -0.0955722 0.000297054 0.00216659 -0.0955001 0.977577 -0.00242857 -0.00015902 -0.000303276 0.00238726 0.951325 -0.133255 0.00215703 -0.000118851 0.133241 0.947565
36 0.064457 1.61123 -0.147304 0.000416674 0.00311548 -0.14722 1.5744 -0.00398319 -0.000246854 -0.000415881 0.00391427 1.54059 -0.17696 0.00309977 -0.000207114 0.176901 1.53486 -0.0914229 0.000258606 0.0019336 -0.0913713 0.977139 -0.00247214 -0.000153209 -0.000258114 0.00242937 0.956154 -0.109829 0.00192385 -0.000128544 0.109792 0.9526
37 0.0659956 1.58127 -0.135577 0.000349565 0.00265617 -0.135531 1.54393 -0.00395469 -0.000241888 -0.000341908 0.00388586 1.51777 -0.135023 0.00263938 -0.000224869 0.134928 1.51239 -0.0857392 0.000221066 0.00167977 -0.0857098 0.976383 -0.00250095 -0.000152971 -0.000216224 0.00245743 0.959839 -0.0853888 0.00166915 -0.000142207 0.0853287 0.956436
38 0.067514 1.53046 -0.119581 0.000282087 0.00215151 -0.119573 1.49266 -0.00383977 -0.000242033 -0.000271771 0.00377319 1.4729 -0.0918543 0.00213302 -0.000244116 0.0917274 1.46785 -0.0781336 0.000184315 0.00140579 -0.0781284 0.975301 -0.00250889 -0.000158144 -0.000177574 0.00246539 0.962389 -0.0600173 0.00139371 -0.000159504 0.0599344 0.959086
39 0.0690118 1.46211 -0.099656 0.000216886 0.00162687 -0.0996868 1.42391 -0.00363883 -0.000246563 -0.00020804 0.0035765 1.40911 -0.0494721 0.00160631 -0.000263281 0.0493184 1.40436 -0.0681591 0.000148338 0.00111269 -0.0681801 0.973873 -0.00248876 -0.000168635 -0.000142288 0.00244612 0.963755 -0.0338361 0.00109863 -0.000180069 0.033731 0.9605
40 0.10628 1.38 -0.0763286 0.000156299 0.00110718 -0.0763962 1.34146 -0.00335623 -0.000254401 -0.000152711 0.00329994 1.33009 -0.00973363 0.00108445 -0.000280749 0.00955977 1.32559 -0.0553104 0.00011326 0.000802304 -0.0553594 0.97207 -0.00243204 -0.000184348 -0.00011066 0.00239125 0.963828 -0.00705333 0.000785833 -0.000203441 0.00692735 0.960567
42 0.146749 1.19074 -0.0223366 5.62606e-05 0.000172653 -0.0224659 1.15168 -0.00258168 -0.000274369 -7.2061e-05 0.00254172 1.14236 0.0556083 0.000146379 -0.000304579 -0.0557995 1.13826 -0.0187586 4.72485e-05 0.000144997 -0.0188672 0.967194 -0.00216814 -0.000230419 -6.05179e-05 0.00213457 0.959374 0.0467007 0.000122931 -0.00025579 -0.0468613 0.955925
44 0.152348 0.994182 0.0355795 -8.31095e-06 -0.000505084 0.0354136 0.954792 -0.00161683 -0.000289452 -3.30964e-05 0.00159648 0.941605 0.0949261 -0.000532291 -0.000305944 -0.0951018 0.937743 0.0357877 -8.35958e-06 -0.000508039 0.0356208 0.960379 -0.00162629 -0.000291146 -3.32901e-05 0.00160583 0.947116 0.0954816 -0.000535406 -0.000307735 -0.0956584 0.943231
46 0.157761 0.816757 0.0898014 -3.59238e-05 -0.000845241 0.0896303 0.777165 -0.000593037 -0.000287808 -2.9992e-05 0.000592657 0.755473 0.104587 -0.000869651 -0.000280743 -0.104718 0.75177 0.109949 -4.39834e-05 -0.00103487 0.109739 0.951525 -0.000726087 -0.000352379 -3.67209e-05 0.000725622 0.924966 0.128052 -0.00106476 -0.000343729 -0.128212 0.920433
48 0.162982 0.676234 0.133277 -3.28491e-05 -0.000839803 0.133132 0.636468 0.000354228 -0.000261811 -5.03643e-05 -0.000336877 0.603567 0.0865404 -0.000857531 -0.000231776 -0.0866045 0.600043 0.197087 -4.85766e-05 -0.00124188 0.196873 0.941195 0.000523824 -0.000387161 -7.44776e-05 -0.000498167 0.892542 0.127974 -0.0012681 -0.000342745 -0.128069 0.887331
50 0.168004 0.580478 0.160752 -1.1355e-05 -0.000544668 0.160659 0.540447 0.00111147 -0.000210638 -7.86058e-05 -0.00108044 0.495816 0.0473092 -0.000552511 -0.00016821 -0.047298 0.492614 0.276931 -1.95614e-05 -0.00093831 0.27677 0.931039 0.00191475 -0.000362869 -0.000135416 -0.0018613 0.854152 0.0815005 -0.000951822 -0.000289778 -0.0814812 0.848635
52 0.172821 0.52824 0.169629 1.30305e-05 -5.94436e-05 0.169602 0.487737 0.00160713 -0.000141035 -9.92395e-05 -0.00156731 0.432899 -0.00369244 -5.53703e-05 -0.000103287 0.00377424 0.430269 0.321121 2.46677e-05 -0.000112531 0.321069 0.923324 0.00304242 -0.00026699 -0.000187868 -0.00296704 0.819512 -0.00699008 -0.00010482 -0.00019553 0.00714493 0.814532
54 0.177428 0.511391 0.160299 2.47657e-05 0.000498323 0.16034 0.470117 0.00182149 -6.59101e-05 -9.96846e-05 -0.00177773 0.408173 -0.0561524 0.000515052 -5.08487e-05 0.0562877 0.406433 0.313458 4.84282e-05 0.000974447 0.313538 0.919291 0.00356184 -0.000128884 -0.000194928 -0.00347626 0.798162 -0.109803 0.00100716 -9.94322e-05 0.110068 0.79476
56 0.181819 0.51789 0.135923 1.15184e-05 0.0010184 0.136022 0.475513 0.0017853 -9.84374e-07 -7.20905e-05 -0.00174171 0.410449 -0.100763 0.00104738 -2.16026e-05 0.100926 0.409923 0.262455 2.2241e-05 0.00196643 0.262647 0.918173 0.00344726 -1.90074e-06 -0.0001392 -0.00336309 0.79254 -0.194565 0.0020224 -4.17127e-05 0.19488 0.791524
58 0.185988 0.534799 0.101721 -3.31929e-05 0.00141753 0.101859 0.491022 0.00156815 3.96598e-05 -1.41614e-05 -0.00152788 0.426938 -0.130712 0.0014575 -2.01235e-05 0.130873 0.42788 0.190203 -6.20661e-05 0.00265058 0.190463 0.918143 0.00293222 7.41583e-05 -2.64798e-05 -0.00285692 0.798315 -0.244412 0.00272532 -3.76282e-05 0.244714 0.800076
60 0.286303 0.550775 0.0639517 -0.000108429 0.00165048 0.0641071 0.505417 0.00126008 4.79359e-05 7.09025e-05 -0.00122536 0.445806 -0.142538 0.00169952 -4.33742e-05 0.142671 0.448337 0.116112 -0.000196866 0.00299665 0.116394 0.917647 0.00228783 8.70335e-05 0.000128732 -0.0022248 0.809417 -0.258796 0.00308569 -7.87512e-05 0.259037 0.814011
64 0.394175 0.551416 0.00130118 -0.000310187 0.00162769 0.00142449 0.503113 0.000711348 -1.91388e-05 0.000286836 -0.000692173 0.458012 -0.115084 0.00168702 -0.000118084 0.115108 0.463376 0.00235971 -0.000562528 0.00295185 0.00258334 0.912402 0.00129004 -3.47085e-05 0.00052018 -0.00125527 0.830612 -0.208707 0.00305943 -0.000214147 0.208749 0.840338
68 0.406626 0.500075 -0.0198535 -0.000467871 0.00122313 -0.0198116 0.450481 0.000563031 -9.11915e-05 0.000476498 -0.000563566 0.417726 -0.0493447 0.00127853 -0.000123961 0.0492624 0.424459 -0.039701 -0.000935602 0.00244589 -0.0396173 0.900826 0.00112589 -0.000182356 0.000952854 -0.00112696 0.835326 -0.0986747 0.00255668 -0.000247886 0.0985101 0.84879
72 0.417095 0.420263 0.00122404 -0.000456269 0.000824875 0.0011871 0.3718 0.000723229 -7.52596e-06 0.000530857 -0.000743526 0.341049 0.00918213 0.000857728 3.2209e-05 -0.00930127 0.347567 0.00291257 -0.00108567 0.00196276 0.00282466 0.884684 0.0017209 -1.79078e-05 0.00126316 -0.00176919 0.811515 0.0218485 0.00204093 7.66401e-05 -0.022132 0.827023
76 0.425533 0.34486 0.0405964 -0.00024701 0.000614503 0.0405154 0.298875 0.000769613 0.00028955 0.00038671 -0.000800295 0.258934 0.031609 0.000605052 0.000339134 -0.0316879 0.265164 0.117719 -0.000716263 0.00178189 0.117484 0.866657 0.00223167 0.000839616 0.00112135 -0.00232064 0.750839 0.0916575 0.00175449 0.000983398 -0.0918863 0.768903
80 0.431897 0.29154 0.0701312 6.4889e-05 0.000504154 0.0700513 0.246844 0.000366244 0.000677527 7.57405e-05 -0.000390165 0.192005 0.0176859 0.000440274 0.00068279 -0.0176869 0.200216 0.240555 0.000222573 0.00172928 0.24028 0.846689 0.00125624 0.00232396 0.000259795 -0.00133829 0.658589 0.0606636 0.00151017 0.00234201 -0.0606673 0.686753
84 0.436158 0.259694 0.0754482 0.00032533 0.000292518 0.0754141 0.212941 -0.000432499 0.000930414 -0.000268815 0.000426985 0.144903 -0.0133764 0.000183334 0.000911389 0.0134457 0.158682 0.290527 0.00125274 0.00112639 0.290395 0.819967 -0.00166541 0.00358273 -0.00103512 0.00164418 0.557974 -0.0515082 0.000705961 0.00350947 0.051775 0.611032
88 0.328636 0.24104 0.0604917 0.000424605 -0.000137052 0.0605366 0.189147 -0.00120147 0.000891411 -0.000479821 0.00120767 0.114581 -0.0406972 -0.000251032 0.000917951 0.0408064 0.136225 0.250961 0.00176155 -0.000568585 0.251147 0.784711 -0.00498454 0.00369819 -0.00199063 0.00501025 0.475362 -0.16884 -0.00104145 0.00380829 0.169293 0.565154
90 0.219313 0.234515 0.049783 0.000409915 -0.000419835 0.0498704 0.179783 -0.001413 0.000766804 -0.000503481 0.00141751 0.104849 -0.0491377 -0.00051304 0.00083352 0.0492531 0.130185 0.212281 0.00174793 -0.00179023 0.212654 0.766615 -0.00602519 0.00326975 -0.00214691 0.00604442 0.44709 -0.209529 -0.00218766 0.00355423 0.210021 0.555124
92 0.328636 0.229226 0.0394317 0.000365644 -0.000718205 0.0395554 0.172149 -0.00144896 0.000601004 -0.000476001 0.00144652 0.098503 -0.0535853 -0.000774745 0.000705031 0.053697 0.126681 0.172021 0.00159513 -0.00313317 0.172561 0.751 -0.00632107 0.00262188 -0.00207656 0.00631046 0.42972 -0.233766 -0.00337983 0.0030757 0.234253 0.552644
96 0.436158 0.221026 0.0248695 0.000261961 -0.00123357 0.0250189 0.162296 -0.000978574 0.00027757 -0.000345573 0.000955239 0.0944615 -0.0519851 -0.00118599 0.000403087 0.0520585 0.124485 0.112518 0.0011852 -0.00558109 0.113194 0.734281 -0.00442741 0.00125582 -0.00156349 0.00432183 0.427377 -0.235198 -0.00536583 0.0018237 0.235531 0.563214
100 0.431897 0.21296 0.0212511 0.000277972 -0.00143105 0.0213353 0.156656 -5.24153e-05 0.000163261 -0.000305971 2.08458e-05 0.0954689 -0.0405515 -0.00129222 0.000211729 0.0405562 0.12297 0.0997893 0.00130528 -0.00671982 0.100185 0.735613 -0.000246128 0.000766631 -0.00143676 9.78862e-05 0.448296 -0.190419 -0.00606789 0.000994224 0.190441 0.577435
104 0.425533 0.201137 0.0260301 0.000537721 -0.00116179 0.0259801 0.146986 0.000767662 0.000346037 -0.000544187 -0.00077735 0.0890236 -0.02454 -0.00101265 0.000267615 0.0244858 0.114914 0.129415 0.0026734 -0.00577611 0.129166 0.730776 0.00381661 0.0017204 -0.00270555 -0.00386477 0.442601 -0.122006 -0.00503462 0.00133051 0.121737 0.57132
108 0.417095 0.186183 0.0347017 0.00102892 -0.000480374 0.0345371 0.126917 0.000999729 0.000684978 -0.00105079 -0.000966109 0.0650504 -0.010387 -0.000420375 0.000521365 0.0103333 0.0975731 0.186385 0.00552637 -0.00258011 0.185501 0.681681 0.0053696 0.00367906 -0.00564385 -0.00518903 0.349389 -0.0557891 -0.00225786 0.00280028 0.0555007 0.524071
112 0.406626 0.176746 0.0442724 0.00155313 0.000350024 0.0441083 0.101158 0.00056996 0.00089883 -0.00158097 -0.000500885 0.0262775 -0.00676336 0.000280183 0.000744077 0.00677507 0.0771345 0.250486 0.00878734 0.00198038 0.249557 0.572337 0.00322474 0.00508543 -0.00894486 -0.00283392 0.148674 -0.038266 0.00158523 0.00420986 0.0383322 0.436414
116 0.394175 0.184469 0.0530431 0.00178982 0.000976829 0.0530085 0.0852062 -0.000160106 0.000767906 -0.00178625 0.000229023 -0.0102498 -0.0208162 0.00083398 0.000697162 0.0208973 0.0658494 0.287544 0.00970256 0.00529535 0.287357 0.461899 -0.000867929 0.00416278 -0.00968321 0.00124152 -0.0555635 -0.112844 0.00452097 0.00377928 0.113283 0.356967
120 0.379804 0.21225 0.0587966 0.00148457 0.0011574 0.0589266 0.0923145 -0.000686239 0.000308098 -0.00143717 0.000711967 -0.0252605 -0.0505877 0.00105476 0.00033844 0.050669 0.0719497 0.277016 0.00699446 0.005453 0.277628 0.434933 -0.00323316 0.00145158 -0.00677112 0.00335438 -0.119013 -0.23834 0.00496944 0.00159454 0.238723 0.338986
124 0.363583 0.247305 0.0586255 0.000651542 0.000916662 0.0588287 0.118253 -0.000732972 -0.000227686 -0.000590805 0.000691623 -0.0145676 -0.0814866 0.000931295 -0.000129169 0.0814953 0.0911784 0.237057 0.00263457 0.0037066 0.237879 0.478167 -0.00296384 -0.00092067 -0.00238897 0.00279664 -0.0589055 -0.329498 0.00376577 -0.000522305 0.329533 0.368688
128 0.34559 0.269173 0.05118 -0.000381938 0.000537933 0.0513195 0.139657 -0.000404915 -0.000546677 0.000415731 0.000312619 0.00399435 -0.0937617 0.000645687 -0.000432883 0.0937041 0.109432 0.190138 -0.00141893 0.00199846 0.190656 0.518837 -0.00150429 -0.00203095 0.00154447 0.00116141 0.0148393 -0.348332 0.00239878 -0.0016082 0.348118 0.40655
132 0.325914 0.268739 0.0390005 -0.00116375 0.000365424 0.0390089 0.131265 -2.19054e-05 -0.00056441 0.00115882 -6.40724e-05 0.002532 -0.0780338 0.00046199 -0.000480325 0.0779999 0.115852 0.145124 -0.00433042 0.00135977 0.145156 0.488448 -8.15119e-05 -0.00210022 0.00431206 -0.000238419 0.0094218 -0.290371 0.00171911 -0.00178733 0.290244 0.431095
136 0.304649 0.260346 0.0280899 -0.00141506 0.00054498 0.0280098 0.0891274 0.000182703 -0.000483601 0.00138956 -0.000195875 -0.034077 -0.0458865 0.000535644 -0.000448932 0.0459653 0.113793 0.107894 -0.00543531 0.00209329 0.107587 0.342342 0.000701771 -0.00185753 0.00533734 -0.000752363 -0.130891 -0.176252 0.00205743 -0.00172437 0.176555 0.437082
140 0.281901 0.27134 0.0244338 -0.00120098 0.000901365 0.0243564 0.0384113 0.000227237 -0.000611532 0.00117542 -0.000147229 -0.0937286 -0.0235163 0.000780814 -0.000618143 0.0237094 0.116729 0.0900487 -0.00442609 0.0033219 0.0897633 0.141561 0.000837462 -0.00225375 0.0043319 -0.000542599 -0.345428 -0.0866674 0.00287762 -0.00227811 0.087379 0.430195
144 0.257779 0.314109 0.0301196 -0.000833208 0.00106683 0.0300983 0.0160566 0.000293783 -0.00106123 0.000810343 -0.000179988 -0.14466 -0.030429 0.000920555 -0.00108667 0.0306438 0.130551 0.095889 -0.00265261 0.00339637 0.0958211 0.051118 0.00093529 -0.00337855 0.00257981 -0.000573011 -0.46054 -0.0968739 0.00293069 -0.00345954 0.0975578 0.415622
148 0.232401 0.366828 0.0421045 -0.000595778 0.000781083 0.0421276 0.0414209 0.000509207 -0.00160475 0.000567164 -0.00046584 -0.159958 -0.0605272 0.000710621 -0.00163101 0.0606467 0.140137 0.11478 -0.00162414 0.00212929 0.114843 0.112917 0.00138814 -0.00437468 0.00154613 -0.00126992 -0.436058 -0.165002 0.00193721 -0.00444626 0.165328 0.382024
152 0.205891 0.387167 0.0543098 -0.000537613 0.000131456 0.0543354 0.100701 0.000813091 -0.00182551 0.000503907 -0.000897228 -0.138731 -0.084058 0.00017097 -0.00184633 0.0840151 0.118347 0.140275 -0.00138858 0.000339532 0.140341 0.260097 0.0021001 -0.00471504 0.00130152 -0.00231742 -0.358323 -0.21711 0.000441592 -0.00476881 0.217 0.305673
156 0.178378 0.354121 0.0610569 -0.000503039 -0.000465131 0.0610557 0.159629 0.00101883 -0.00145531 0.000482738 -0.00117375 -0.106302 -0.0718112 -0.000370443 -0.00146924 0.0716126 0.0550631 0.172418 -0.00142053 -0.00131348 0.172415 0.450775 0.00287705 -0.00410964 0.0013632 -0.00331453 -0.300186 -0.202787 -0.00104609 -0.00414898 0.202226 0.155492
160 0.0971232 0.301384 0.0593964 -0.000341943 -0.000532405 0.0593638 0.192927 0.000985748 -0.000615839 0.000357675 -0.00107792 -0.0941749 -0.0217644 -0.000472798 -0.000618946 0.02147 -0.0196812 0.197079 -0.00113458 -0.00176653 0.196971 0.640138 0.00327074 -0.00204337 0.00118677 -0.00357658 -0.312475 -0.0722149 -0.00156875 -0.00205368 0.071238 -0.0653027
161 0.0357021 0.293803 0.0576296 -0.000280446 -0.000432022 0.0575904 0.196946 0.000938891 -0.000382223 0.000306874 -0.000996902 -0.0966373 -0.00638 -0.000391669 -0.000381911 0.00607408 -0.0332547 0.196151 -0.00095454 -0.00147045 0.196017 0.670335 0.00319565 -0.00130095 0.00104449 -0.0033931 -0.328919 -0.0217153 -0.0013331 -0.00129989 0.020674 -0.113187
162 0.0338871 0.291086 0.0553679 -0.000214048 -0.000283095 0.0553231 0.199733 0.000879672 -0.000155862 0.00025096 -0.000899351 -0.101429 0.00888723 -0.000263957 -0.000151996 -0.00919942 -0.042748 0.190212 -0.000735345 -0.000972547 0.190058 0.686165 0.00302204 -0.000535448 0.000862152 -0.00308964 -0.34845 0.0305313 -0.000906802 -0.000522168 -0.0316038 -0.146857
163 0.0320617 0.294377 0.0526507 -0.000145534 -8.76764e-05 0.0526013 0.201665 0.00081051 5.51565e-05 0.000192222 -0.000789923 -0.108438 0.0233675 -9.04018e-05 6.25741e-05 -0.0236808 -0.0472826 0.178855 -0.00049438 -0.000297838 0.178687 0.685058 0.00275331 0.000187367 0.000652981 -0.00268338 -0.368366 0.0793797 -0.000307096 0.000212565 -0.0804438 -0.160619
164 0.0302266 0.3046 0.0495253 -7.79343e-05 0.000150653 0.0494725 0.20315 0.000734099 0.000243571 0.000133214 -0.00067368 -0.117466 0.0364314 0.000126716 0.000254378 -0.0367406 -0.0461495 0.162591 -0.000255858 0.000494594 0.162418 0.666941 0.00241004 0.000799643 0.00043734 -0.00221169 -0.385642 0.119604 0.000416009 0.000835122 -0.120619 -0.151509
165 0.0283823 0.322397 0.0460464 -1.42953e-05 0.000426955 0.0459912 0.204593 0.000653257 0.000403316 7.65516e-05 -0.000555777 -0.128242 0.0475265 0.000383661 0.000417178 -0.0478269 -0.0388591 0.142825 -4.43408e-05 0.00132432 0.142654 0.6346 0.00202625 0.00125099 0.000237445 -0.00172389 -0.397776 0.147416 0.00119003 0.00129399 -0.148348 -0.120532
166 0.0265294 0.348071 0.042275 4.25561e-05 0.000735145 0.0422189 0.206367 0.000570762 0.000529819 2.47131e-05 -0.000441137 -0.140437 0.0562102 0.000675384 0.00054624 -0.0564972 -0.0251809 0.121455 0.000122263 0.00211205 0.121294 0.592887 0.00163979 0.00152216 7.10001e-05 -0.00126738 -0.403473 0.161491 0.00194036 0.00156934 -0.162315 -0.0723443
167 0.0246683 0.381549 0.0382782 9.02237e-05 0.00106823 0.0382224 0.208781 0.000489213 0.000620229 -2.01518e-05 -0.000334158 -0.153689 0.0621757 0.000995705 0.000638567 -0.0624451 -0.00517116 0.100323 0.000236467 0.00279972 0.100177 0.547193 0.00128218 0.00162555 -5.28159e-05 -0.000875793 -0.402803 0.162956 0.00260964 0.00167362 -0.163662 -0.0135531
168 0.0172754 0.422365 0.0341279 0.000126919 0.00141858 0.0340737 0.212064 0.000410909 0.000673544 -5.63791e-05 -0.000238459 -0.167616 0.0652699 0.00133753 0.000693052 -0.0655182 0.0208136 0.080802 0.000300497 0.00335867 0.0806736 0.502088 0.000972877 0.0015947 -0.000133484 -0.000564581 -0.396851 0.154534 0.00316676 0.00164088 -0.155122 0.0492787
168.5 0.0109315 0.44527 0.0320189 0.000140793 0.00159774 0.0319659 0.214076 0.000373585 0.000686494 -7.08965e-05 -0.00019571 -0.174712 0.065737 0.00151409 0.000706285 -0.0659736 0.0358532 0.0719088 0.000316198 0.00358824 0.0717899 0.480777 0.000839007 0.00154175 -0.000159221 -0.00043953 -0.392372 0.147634 0.00340038 0.00158619 -0.148165 0.08052
169 0.0104622 0.469658 0.0299002 0.000151593 0.00177819 0.0298489 0.216343 0.000337751 0.000690646 -8.29089e-05 -0.000156692 -0.181833 0.0655029 0.00169307 0.000710512 -0.065727 0.0521184 0.0636638 0.000322774 0.00378613 0.0635545 0.46064 0.000719142 0.00147053 -0.00017653 -0.000333629 -0.387161 0.139469 0.00360491 0.00151283 -0.139946 0.110971
169.5 0.00999215 0.495364 0.027782 0.000159315 0.00195891 0.0277325 0.218866 0.000303572 0.000686391 -9.23897e-05 -0.000121566 -0.188935 0.064594 0.00187344 0.000706129 -0.0648052 0.0694839 0.056084 0.000321612 0.00395449 0.0559841 0.441829 0.000612826 0.00138563 -0.000186509 -0.000245407 -0.381407 0.130397 0.00378195 0.00142548 -0.130824 0.140268
170 0.0095213 0.522201 0.0256742 0.000164006 0.0021389 0.0256268 0.221636 0.000271184 0.000674225 -9.9356e-05 -9.04234e-05 -0.195973 0.0630464 0.00205414 0.000693634 -0.0632442 0.0878085 0.0491653 0.000314067 0.00409593 0.0490747 0.424427 0.000519309 0.00129112 -0.000190264 -0.000173158 -0.375283 0.120732 0.00393362 0.00132829 -0.121111 0.168151
170.5 0.00904972 0.549967 0.0235869 0.000165766 0.00231715 0.023542 0.224639 0.000240692 0.00065474 -0.000103868 -6.32857e-05 -0.202905 0.0609052 0.00223412 0.000673626 -0.0610892 0.106937 0.0428879 0.00030141 0.00421326 0.0428063 0.408459 0.000437649 0.00119051 -0.000188862 -0.000115072 -0.368941 0.110743 0.00406228 0.00122485 -0.111078 0.194443
171 0.00857745 0.57844 0.0215304 0.00016474 0.00249269 0.0214881 0.227853 0.000212173 0.000628613 -0.000106026 -4.01067e-05 -0.209692 0.0582235 0.00241233 0.000646797 -0.0583935 0.126703 0.0372215 0.0002848 0.00430933 0.0371485 0.39391 0.000366802 0.00108674 -0.000183296 -6.9336e-05 -0.362512 0.100656 0.00417041 0.00111818 -0.10095 0.219043
171.5 0.00810453 0.607386 0.0195148 0.000161121 0.00266456 0.0194753 0.231252 0.000185672 0.000596601 -0.00010597 -2.07767e-05 -0.216295 0.0550621 0.00258774 0.000613915 -0.0552179 0.146927 0.0321291 0.00026527 0.00438693 0.0320642 0.380733 0.00030569 0.000982243 -0.000174469 -3.42067e-05 -0.356108 0.0906542 0.00426045 0.00101075 -0.0909107 0.241901
172 0.00763099 0.636559 0.01755 0.000155144 0.00283184 0.0175136 0.234802 0.00016121 0.000559522 -0.000103876 -5.12648e-06 -0.222681 0.051488 0.00275931 0.00057582 -0.0516296 0.167423 0.0275701 0.000243723 0.00444867 0.0275128 0.368862 0.000253252 0.000878978 -0.000163184 -8.05341e-06 -0.34982 0.0808849 0.00433473 0.000904581 -0.0811073 0.263012
172.5 0.00715688 0.665705 0.015646 0.000147079 0.00299364 0.0156127 0.238468 0.000138783 0.000518252 -9.99519e-05 7.06658e-06 -0.228818 0.0475739 0.00292607 0.000533405 -0.0477014 0.187997 0.023503 0.000220937 0.00449695 0.0234528 0.358218 0.000208475 0.0007785 -0.000150144 1.06152e-05 -0.343723 0.0714639 0.00439544 0.000801263 -0.0716555 0.282403
173 0.00668221 0.694563 0.0138125 0.000137228 0.00314913 0.0137824 0.242206 0.000118362 0.000473704 -9.44321e-05 1.60723e-05 -0.234676 0.0433966 0.00308703 0.000487609 -0.0435102 0.208452 0.0198867 0.000197575 0.00453397 0.0198432 0.348718 0.000170412 0.000682018 -0.000135959 2.31402e-05 -0.337875 0.0624804 0.00444457 0.000702038 -0.062644 0.300119
173.5 0.00620704 0.722869 0.0120589 0.000125919 0.00329748 0.012032 0.245974 9.99005e-05 0.000426822 -8.75742e-05 2.22001e-05 -0.240228 0.0390361 0.00324128 0.0004394 -0.0391361 0.228587 0.016682 0.000174193 0.00456166 0.0166448 0.340275 0.0001382 0.000590456 -0.000121148 3.07111e-05 -0.332326 0.0540016 0.0044839 0.000607856 -0.05414 0.316222
174 0.0057314 0.750362 0.0103944 0.000113498 0.00343796 0.0103706 0.249724 8.33344e-05 0.000378562 -7.96528e-05 2.57912e-05 -0.245451 0.0345741 0.00338791 0.00038976 -0.0346611 0.248204 0.0138525 0.000151258 0.00458174 0.0138209 0.332805 0.000111059 0.000504506 -0.000106153 3.43717e-05 -0.327111 0.0460766 0.00451504 0.00051943 -0.0461925 0.330779
174.5 0.00525531 0.77678 0.00882754 0.000100325 0.00356985 0.00880701 0.253408 6.85861e-05 0.000329878 -7.09542e-05 2.72096e-05 -0.250324 0.0300932 0.0035261 0.000339672 -0.0301676 0.267105 0.0113643 0.000129155 0.0045957 0.0113378 0.326228 8.82954e-05 0.000424673 -9.13439e-05 3.50286e-05 -0.322258 0.0387409 0.00453938 0.000437282 -0.0388367 0.343862
175 0.00477883 0.801874 0.00736679 8.67642e-05 0.00369249 0.00734936 0.256976 5.55677e-05 0.000281712 -6.17699e-05 2.68337e-05 -0.254827 0.0256749 0.00365505 0.000290106 -0.0257374 0.2851 0.00918697 0.000108202 0.00460483 0.00916523 0.320469 6.92974e-05 0.000351318 -7.7032e-05 3.34638e-05 -0.31779 0.0320187 0.00455813 0.000361785 -0.0320966 0.355542
175.5 0.00430199 0.825398 0.00601991 7.31767e-05 0.00380529 0.00600544 0.26038 4.41846e-05 0.000234979 -5.23916e-05 2.50472e-05 -0.258945 0.021399 0.00377402 0.000242003 -0.0214504 0.302004 0.00729334 8.86562e-05 0.00461024 0.00727581 0.31546 5.35312e-05 0.000284685 -6.34743e-05 3.03456e-05 -0.313721 0.0259256 0.00457236 0.000293195 -0.0259879 0.365889
176 0.00382481 0.847125 0.00479418 5.99164e-05 0.00390769 0.00478249 0.263573 3.43385e-05 0.00019055 -4.31043e-05 2.223e-05 -0.262663 0.0173419 0.00388234 0.000196263 -0.017383 0.317643 0.00565935 7.07292e-05 0.00461288 0.00564555 0.311139 4.05354e-05 0.000224937 -5.08831e-05 2.62417e-05 -0.310064 0.0204714 0.00458296 0.000231681 -0.02052 0.374966
176.5 0.00334735 0.866839 0.00369623 4.73208e-05 0.00399921 0.00368711 0.26651 2.59314e-05 0.000149244 -3.41813e-05 1.87493e-05 -0.265969 0.0135756 0.0039794 0.00015373 -0.0136075 0.331854 0.00426403 5.459e-05 0.00461355 0.00425351 0.30745 2.99149e-05 0.00017217 -3.94321e-05 2.16295e-05 -0.306826 0.015661 0.00459071 0.000177346 -0.0156978 0.382832
177 0.00286963 0.884345 0.00273208 3.57048e-05 0.00407941 0.00272526 0.269149 1.88682e-05 0.000111814 -2.58783e-05 1.49516e-05 -0.268853 0.0101666 0.00406465 0.000115183 -0.0101903 0.344489 0.00308938 4.03743e-05 0.00461291 0.00308167 0.304348 2.13358e-05 0.000126436 -2.92626e-05 1.6907e-05 -0.304013 0.0114962 0.00459623 0.000130246 -0.011523 0.389541
177.5 0.00239169 0.899468 0.00190703 2.53552e-05 0.00414791 0.00190222 0.27145 1.30597e-05 7.89355e-05 -1.84281e-05 1.11546e-05 -0.271306 0.00717483 0.00413761 8.13188e-05 -0.0071914 0.355415 0.00212017 2.81891e-05 0.00461151 0.00211483 0.30179 1.45194e-05 8.7758e-05 -2.04878e-05 1.24013e-05 -0.30163 0.00797675 0.00460006 9.04077e-05 -0.00799517 0.395139
178 0.00191357 0.912056 0.00122563 1.65245e-05 0.00420439 0.00122252 0.273382 8.4258e-06 5.11994e-05 -1.20366e-05 7.63991e-06 -0.273322 0.00465258 0.00419787 5.27479e-05 -0.00466326 0.364518 0.00134381 1.81178e-05 0.0046098 0.0013404 0.299743 9.23825e-06 5.61362e-05 -1.31972e-05 8.37658e-06 -0.299677 0.0051012 0.00460264 5.7834e-05 -0.00511291 0.399666
178.5 0.00143531 0.921981 0.000691672 9.42639e-06 0.00424859 0.000689907 0.274915 4.8973e-06 2.90998e-05 -6.87787e-06 4.64728e-06 -0.274896 0.00264385 0.00424509 2.9981e-05 -0.00264989 0.371699 0.000750202 1.02241e-05 0.00460811 0.000748287 0.298178 5.31172e-06 3.15622e-05 -7.45989e-06 5.04053e-06 -0.298158 0.00286757 0.00460431 3.2518e-05 -0.00287412 0.403153
179 0.000956932 0.929144 0.000308128 4.23153e-06 0.00428031 0.000307338 0.276026 2.41832e-06 1.30291e-05 -3.09117e-06 2.36874e-06 -0.276023 0.0011836 0.00427901 1.3424e-05 -0.00118629 0.376885 0.000331626 4.55423e-06 0.00460673 0.000330776 0.297076 2.60274e-06 1.40227e-05 -3.3269e-06 2.54938e-06 -0.297072 0.00127386 0.00460532 1.44477e-05 -0.00127676 0.405626
179.5 0.000478484 0.93347 7.714e-05 1.06422e-06 0.0042994 7.69418e-05 0.2767 9.47712e-07 3.27169e-06 -7.77969e-07 9.44605e-07 -0.2767 0.000297187 0.00429943 3.37092e-06 -0.000297863 0.380018 8.26379e-05 1.14007e-06 0.00460583 8.24256e-05 0.296421 1.01526e-06 3.50487e-06 -8.33416e-07 1.01193e-06 -0.296421 0.000318368 0.00460586 3.61117e-06 -0.000319092 0.407102
180 5.98114e-05 0.934918 -2.44565e-17 -3.64454e-18 0.00430578 -1.78168e-17 0.276926 4.60331e-07 -1.15368e-17 9.96257e-18 4.60331e-07 -0.276926 5.63702e-19 0.00430626 -4.1123e-19 -1.152e-18 0.381066 -2.6159e-17 -3.89824e-18 0.00460551 -1.90571e-17 0.296203 4.92376e-07 -1.23399e-17 1.06561e-17 4.92376e-07 -0.296203 6.02943e-19 0.00460603 -4.39857e-19 -1.23219e-18 0.407593
