theta 2pi*dcos S11 S12 S13 S14 S21 S22 S23 S24 S31 S32 S33 S34 S41 S42 S43 S44 S12_norm S13_norm S14_norm S21_norm S22_norm S23_norm S24_norm S31_norm S32_norm S33_norm S34_norm S41_norm S42_norm S43_norm S44_norm
0 2.39246e-06 112354 7.46699e-13 1.83777e-14 36.3858 7.47357e-13 112352 -14.7347 -8.05809e-15 1.93056e-14 14.7347 112352 5.92368e-15 36.3859 5.79053e-15 -5.28858e-15 112350 6.64596e-18 1.6357e-19 0.00032385 6.65181e-18 0.999979 -0.000131145 -7.17206e-20 1.71829e-19 0.000131145 0.999979 5.27234e-20 0.000323851 5.15383e-20 -4.70707e-20 0.999965
0.1 1.91397e-05 111995 0.0102945 0.0366125 36.2372 0.010418 111993 -14.6866 0.0221892 0.0380442 14.6866 111993 4.56664 36.2369 -0.0226744 -4.56685 111991 9.19193e-08 3.2691e-07 0.000323559 9.30213e-08 0.999979 -0.000131135 1.98126e-07 3.39694e-07 0.000131135 0.999979 4.07752e-05 0.000323557 -2.02458e-07 -4.07771e-05 0.999965
0.2 3.82793e-05 110926 0.0392801 0.145281 35.794 0.0397712 110924 -14.5431 0.0880099 0.150945 14.543 110924 18.1198 35.7927 -0.0899342 -18.1206 110922 3.54111e-07 1.30971e-06 0.000322684 3.58538e-07 0.999979 -0.000131106 7.93411e-07 1.36077e-06 0.000131106 0.999979 0.00016335 0.000322672 -8.10759e-07 -0.000163358 0.999964
0.3 5.74188e-05 109163 0.0813539 0.322537 35.0648 0.0824493 109161 -14.3065 0.195249 0.335051 14.3064 109161 40.2243 35.0616 -0.199518 -40.2261 109159 7.45249e-07 2.95463e-06 0.000321214 7.55284e-07 0.999979 -0.000131056 1.78859e-06 3.06926e-06 0.000131055 0.999979 0.000368478 0.000321185 -1.8277e-06 -0.000368495 0.999964
0.4 7.65581e-05 106737 0.127479 0.562737 34.0634 0.129403 106735 -13.9806 0.340307 0.584415 13.9804 106734 70.1721 34.0577 -0.347747 -70.1754 106733 1.19433e-06 5.27219e-06 0.000319135 1.21236e-06 0.999978 -0.000130982 3.18828e-06 5.47529e-06 0.00013098 0.999978 0.000657431 0.000319081 -3.25798e-06 -0.000657462 0.999963
0.5 9.56972e-05 103686 0.165622 0.858248 32.8089 0.168581 103684 -13.5708 0.518331 0.891006 13.5702 103684 107.007 32.7996 -0.529661 -107.012 103682 1.59734e-06 8.27735e-06 0.000316424 1.62587e-06 0.999978 -0.000130883 4.99903e-06 8.59328e-06 0.000130878 0.999977 0.00103203 0.000316335 -5.1083e-06 -0.00103208 0.999962
0.6 0.000114836 100062 0.181333 1.19972 31.3245 0.185511 100059 -13.0836 0.72339 1.24498 13.0824 100059 149.56 31.3108 -0.739197 -149.567 100058 1.81221e-06 1.19898e-05 0.000313052 1.85396e-06 0.999977 -0.000130755 7.22945e-06 1.24421e-05 0.000130744 0.999976 0.00149467 0.000312915 -7.38741e-06 -0.00149475 0.999961
0.7 0.000133974 95920.9 0.158449 1.57639 29.6378 0.164004 95918.6 -12.5267 0.948687 1.63503 12.5247 95918.4 196.485 29.6185 -0.969406 -196.495 95916.9 1.65188e-06 1.64342e-05 0.000308982 1.70979e-06 0.999977 -0.000130594 9.89031e-06 1.70456e-05 0.000130573 0.999974 0.00204841 0.00030878 -1.01063e-05 -0.00204851 0.999959
0.8 0.000153112 91329.4 0.0798823 1.97646 27.7793 0.0869422 91327.2 -11.9091 1.1868 2.04875 11.9056 91326.8 246.314 27.7533 -1.2127 -246.326 91325.4 8.74662e-07 2.1641e-05 0.000304166 9.51963e-07 0.999976 -0.000130397 1.29947e-05 2.24326e-05 0.000130359 0.999972 0.00269699 0.000303882 -1.32783e-05 -0.00269712 0.999956
0.9 0.00017225 86358.2 -0.0715469 2.38749 25.7821 -0.0628881 86356 -11.2402 1.42995 2.4731 11.2349 86355.5 297.499 25.7482 -1.46112 -297.514 86354.1 -8.28489e-07 2.76464e-05 0.000298548 -7.28224e-07 0.999975 -0.000130158 1.65584e-05 2.86377e-05 0.000130096 0.999969 0.00344494 0.000298156 -1.69193e-05 -0.00344512 0.999952
1 0.000191387 81082.4 -0.312258 2.79683 23.6808 -0.301943 81080.2 -10.5304 1.67026 2.89481 10.5227 81079.4 348.469 23.6379 -1.70662 -348.488 81078 -3.85112e-06 3.44937e-05 0.000292059 -3.7239e-06 0.999973 -0.000129873 2.05995e-05 3.5702e-05 0.000129778 0.999964 0.00429772 0.000291529 -2.10479e-05 -0.00429795 0.999946
1.1 0.000210523 75579.1 -0.657091 3.19202 21.5109 -0.645101 75577 -9.79057 1.90003 3.30082 9.77971 75575.9 397.683 21.4576 -1.9413 -397.704 75574.5 -8.69409e-06 4.22341e-05 0.000284615 -8.53544e-06 0.999972 -0.000129541 2.51396e-05 4.36737e-05 0.000129397 0.999958 0.00526181 0.00028391 -2.56857e-05 -0.00526209 0.999939
1.2 0.000229659 69926.3 -1.11855 3.56118 19.3078 -1.10491 69924.2 -9.03151 2.11198 3.67876 9.01688 69922.8 443.675 19.243 -2.15775 -443.7 69921.4 -1.59961e-05 5.09276e-05 0.000276116 -1.5801e-05 0.99997 -0.000129158 3.02029e-05 5.26091e-05 0.000128948 0.99995 0.0063449 0.00027519 -3.08574e-05 -0.00634525 0.99993
1.3 0.000248794 64201 -1.70615 3.89347 17.1058 -1.69091 64198.9 -8.26424 2.2995 4.0173 8.24515 64197 485.109 17.0285 -2.34918 -485.136 64195.7 -2.65751e-05 6.0645e-05 0.000266441 -2.63378e-05 0.999968 -0.000128725 3.58173e-05 6.25738e-05 0.000128427 0.999939 0.00755609 0.000265237 -3.6591e-05 -0.00755653 0.999918
1.4 0.000267929 58477.3 -2.42587 4.17933 14.9378 -2.40914 58475.3 -7.49948 2.45685 4.30654 7.47526 58472.9 520.81 14.847 -2.50972 -520.841 58471.6 -4.1484e-05 7.14692e-05 0.000255446 -4.11979e-05 0.999965 -0.000128246 4.20138e-05 7.36447e-05 0.000127832 0.999925 0.00890618 0.000253894 -4.29179e-05 -0.00890671 0.999903
1.5 0.000287062 52825.6 -3.2798 4.41085 12.8342 -3.26172 52823.6 -6.74749 2.5793 4.53831 6.71753 52820.7 549.806 12.7292 -2.63456 -549.84 52819.4 -6.20873e-05 8.34985e-05 0.000242955 -6.1745e-05 0.999962 -0.000127732 4.88268e-05 8.59113e-05 0.000127164 0.999907 0.010408 0.000240967 -4.98727e-05 -0.0104086 0.999883
1.6 0.000306195 47310.7 -4.26589 4.58198 10.8226 -4.24663 47308.7 -6.0179 2.66329 4.70641 5.98166 47305.2 571.352 10.7029 -2.72003 -571.389 47304 -9.01676e-05 9.68488e-05 0.000228755 -8.97605e-05 0.999959 -0.0001272 5.62936e-05 9.94788e-05 0.000126434 0.999884 0.0120766 0.000226225 -5.7493e-05 -0.0120774 0.999858
1.7 0.000325327 41991.1 -5.37793 4.68866 8.9268 -5.3577 41989.2 -5.31947 2.70646 4.80675 5.27651 41985 584.944 8.79218 -2.76377 -584.983 41983.8 -0.000128073 0.000111658 0.000212588 -0.000127591 0.999954 -0.000126681 6.44532e-05 0.000114471 0.000125658 0.999855 0.0139302 0.000209382 -6.5818e-05 -0.0139311 0.999827
1.8 0.000344457 36918 -6.60569 4.72895 7.16708 -6.58472 36916.1 -4.65993 2.70773 4.83749 4.60995 36911.3 590.331 7.01763 -2.76468 -590.373 36910.1 -0.000178929 0.000128093 0.000194135 -0.000178361 0.999949 -0.000126224 7.33445e-05 0.000131033 0.00012487 0.999818 0.0159903 0.000190087 -7.48869e-05 -0.0159915 0.999786
1.9 0.000363587 32134.7 -7.93517 4.70303 5.55946 -7.91371 32132.8 -4.04586 2.66727 4.799 3.9887 32127.3 587.513 5.39562 -2.72295 -587.558 32126.2 -0.000246935 0.000146354 0.000173005 -0.000246267 0.999942 -0.000125903 8.30028e-05 0.00014934 0.000124125 0.99977 0.0182829 0.000167906 -8.47355e-05 -0.0182842 0.999735
2 0.000382716 27675.9 -9.34906 4.61312 4.11572 -9.32739 27674.1 -3.48256 2.5864 4.69384 3.41823 27667.9 576.732 3.93826 -2.63999 -576.778 27666.8 -0.000337805 0.000166684 0.000148711 -0.000337022 0.999934 -0.000125834 9.34532e-05 0.0001696 0.000123509 0.99971 0.0208388 0.000142299 -9.53894e-05 -0.0208404 0.99967
2.1 0.000401843 23568.1 -10.8273 4.4634 2.84339 -10.8057 23566.3 -2.97397 2.46757 4.52655 2.90264 23559.5 558.452 2.65345 -2.51834 -558.5 23558.4 -0.000459405 0.000189383 0.000120645 -0.000458489 0.999923 -0.000126186 0.0001047 0.000192062 0.000123159 0.999633 0.0236952 0.000112586 -0.000106854 -0.0236972 0.999588
2.2 0.000420969 19829.1 -12.3479 4.25973 1.74583 -12.3266 19827.3 -2.52264 2.31417 4.3035 2.44465 19819.9 533.337 1.54486 -2.36152 -533.386 19818.8 -0.000622714 0.000214822 8.8044e-05 -0.000621642 0.99991 -0.000127219 0.000116706 0.000217029 0.000123286 0.999534 0.0268967 7.79086e-05 -0.000119093 -0.0268991 0.999482
2.3 0.000440094 16468.4 -13.8872 4.0095 0.822465 -13.8665 16466.6 -2.1297 2.13037 4.03258 2.04558 16458.6 502.219 0.612204 -2.17387 -502.269 16457.6 -0.000843264 0.000243467 4.99421e-05 -0.00084201 0.999893 -0.000129321 0.000129361 0.000244868 0.000124213 0.999407 0.030496 3.71745e-05 -0.000132003 -0.030499 0.999345
2.4 0.000459218 13487.7 -15.4213 3.72125 0.0690461 -15.4015 13486 -1.79491 1.92102 3.72292 1.70535 13477.5 466.064 -0.148493 -1.9604 -466.114 13476.5 -0.00114336 0.000275899 5.11918e-06 -0.00114189 0.999871 -0.000133077 0.000142427 0.000276022 0.000126437 0.999242 0.0345546 -1.10095e-05 -0.000145347 -0.0345584 0.999167
2.5 0.00047834 10881.8 -16.9263 3.40438 -0.521922 -16.9076 10880 -1.51675 1.69137 3.38449 1.42257 10871.2 425.932 -0.74453 -1.72655 -425.983 10870.2 -0.00155547 0.000312852 -4.7963e-05 -0.00155375 0.999842 -0.000139384 0.000155432 0.000311024 0.000130729 0.999026 0.0391418 -6.842e-05 -0.000158665 -0.0391465 0.998935
2.6 0.000497461 8638.62 -18.3793 3.0688 -0.960749 -18.3619 8636.91 -1.29247 1.44696 3.02777 1.19463 8627.75 382.941 -1.18608 -1.47806 -382.991 8626.77 -0.00212757 0.000355242 -0.000111216 -0.00212556 0.999802 -0.000149615 0.000167499 0.000350492 0.000138289 0.998741 0.0443289 -0.0001373 -0.000171099 -0.0443348 0.998628
2.7 0.00051658 6740.9 -19.759 2.72456 -1.26006 -19.7431 6739.2 -1.11826 1.1934 2.66337 1.01783 6729.84 338.224 -1.48571 -1.22071 -338.275 6728.88 -0.00293121 0.000404183 -0.000186928 -0.00292885 0.999748 -0.000165893 0.000177039 0.000395106 0.000150993 0.99836 0.050175 -0.000220402 -0.000181091 -0.0501824 0.998217
2.8 0.000535698 5166.53 -21.0462 2.38148 -1.43428 -21.032 5164.84 -0.989443 0.936193 2.30161 0.887548 5155.41 292.896 -1.65784 -0.9602 -292.946 5154.46 -0.00407357 0.000460944 -0.00027761 -0.00407081 0.999673 -0.00019151 0.000181203 0.000445485 0.000171788 0.997847 0.056691 -0.00032088 -0.00018585 -0.0567006 0.997663
2.9 0.000554814 3889.83 -22.2247 2.04888 -1.49908 -22.2121 3888.14 -0.900575 0.680613 1.95225 0.798411 3878.75 248.015 -1.71824 -0.701941 -248.063 3877.8 -0.00571354 0.000526728 -0.000385385 -0.00571032 0.999567 -0.000231521 0.000174973 0.000501887 0.000205256 0.997152 0.0637598 -0.000441726 -0.000180456 -0.0637723 0.996909
3 0.000573928 2882.4 -23.281 1.73521 -1.47088 -23.2702 2880.72 -0.845717 0.431547 1.62412 0.744489 2871.47 204.554 -1.68348 -0.450956 -204.601 2870.53 -0.00807693 0.000602003 -0.000510297 -0.0080732 0.999418 -0.000293407 0.000149718 0.000563461 0.000258288 0.996208 0.0709664 -0.000584056 -0.000156451 -0.0709829 0.995882
3.1 0.00059304 2114.15 -24.2049 1.44783 -1.36632 -24.196 2112.48 -0.818607 0.193396 1.32486 0.719513 2103.48 163.375 -1.57045 -0.21174 -163.422 2102.54 -0.011449 0.000684828 -0.000646274 -0.0114448 0.999209 -0.000387203 9.1477e-05 0.000626663 0.000340332 0.99495 0.077277 -0.000742828 -0.000100154 -0.0772989 0.994507
3.2 0.000612151 1554.19 -24.9899 1.19279 -1.20182 -24.9827 1552.52 -0.812874 -0.0300074 1.06072 0.717075 1543.86 125.212 -1.39585 0.0118139 -125.257 1542.93 -0.016079 0.000767465 -0.000773275 -0.0160744 0.998925 -0.00052302 -1.93074e-05 0.000682491 0.000461381 0.993354 0.080564 -0.000898118 7.60131e-06 -0.080593 0.992754
3.3 0.00063126 1171.67 -25.6326 0.974665 -0.993132 -25.6271 1170 -0.822244 -0.235456 0.836393 0.730837 1161.77 90.6512 -1.17578 0.216479 -90.6947 1160.84 -0.021877 0.000831861 -0.000847622 -0.0218723 0.998576 -0.000701771 -0.000200957 0.000713847 0.000623757 0.991551 0.0773693 -0.00100351 0.000184761 -0.0774065 0.990757
3.4 0.000650367 936.536 -26.1327 0.796489 -0.75502 -26.1288 934.868 -0.840726 -0.420393 0.654916 0.754723 927.137 60.1287 -0.925388 0.399721 -60.1707 926.207 -0.0279036 0.000850463 -0.000806184 -0.0278994 0.998219 -0.000897698 -0.000448881 0.000699296 0.000805866 0.989965 0.0642033 -0.000988097 0.000426808 -0.0642482 0.988972
3.5 0.000669472 820.193 -26.4931 0.659693 -0.500937 -26.4907 818.525 -0.862788 -0.582923 0.517655 0.783093 811.349 33.9262 -0.658534 0.559708 -33.9668 810.42 -0.0323011 0.000804315 -0.000610756 -0.0322981 0.997966 -0.00105193 -0.000710715 0.000631139 0.000954767 0.989218 0.0413638 -0.000802901 0.00068241 -0.0414132 0.988085
3.6 0.000688575 796.024 -26.7192 0.564149 -0.242815 -26.7181 794.356 -0.883502 -0.721792 0.424331 0.810897 787.775 12.1758 -0.387562 0.695285 -12.2148 786.846 -0.0335658 0.000708709 -0.000305035 -0.0335644 0.997904 -0.00110989 -0.000906746 0.000533063 0.00101868 0.989637 0.0152957 -0.000486872 0.000873448 -0.0153448 0.98847
3.7 0.000707676 839.816 -26.8185 0.508251 0.0090973 -26.8186 838.147 -0.898667 -0.836353 0.373115 0.833797 832.183 -5.13209 -0.123127 0.805945 5.0945 831.255 -0.0319338 0.000605193 1.08325e-05 -0.0319339 0.998013 -0.00107008 -0.000995876 0.000444282 0.000992834 0.990912 -0.00611097 -0.000146611 0.000959669 0.00606621 0.989806
3.8 0.000726775 930.052 -26.8004 0.48905 0.24632 -26.8015 928.382 -0.904895 -0.926522 0.360781 0.84826 923.042 -18.1346 0.12591 0.891767 18.0985 922.113 -0.028816 0.000525831 0.000264846 -0.0288172 0.998205 -0.000972951 -0.000996205 0.000387915 0.000912057 0.992463 -0.0194985 0.000135379 0.000958836 0.0194596 0.991464
3.9 0.000745871 1048.1 -26.6755 0.502442 0.462165 -26.6774 1046.43 -0.899669 -0.992719 0.382896 0.851617 1041.7 -27.0807 0.352516 0.953358 27.0459 1040.77 -0.0254514 0.000479385 0.000440957 -0.0254532 0.998407 -0.000858385 -0.000947164 0.000365325 0.000812537 0.993896 -0.025838 0.00033634 0.000909609 0.0258048 0.99301
4 0.000764965 1178.27 -26.4553 0.543377 0.651701 -26.4578 1176.6 -0.881364 -1.0358 0.434054 0.842085 1172.46 -32.3119 0.551471 0.991776 32.2783 1171.53 -0.0224527 0.000461166 0.000553102 -0.0224549 0.998582 -0.000748018 -0.00087909 0.000368383 0.000714682 0.995069 -0.0274232 0.000468036 0.000841725 0.0273947 0.994282
4.1 0.000784057 1307.81 -26.1515 0.606109 0.811667 -26.1546 1306.14 -0.849233 -1.057 0.508131 0.818761 1302.55 -34.2415 0.719285 1.00846 34.209 1301.62 -0.0199965 0.000463454 0.000620632 -0.0199988 0.998723 -0.000649356 -0.000808225 0.000388537 0.000626056 0.995978 -0.0261823 0.000549993 0.000771108 0.0261575 0.995269
4.2 0.000803147 1426.78 -25.7761 0.684453 0.940343 -25.7795 1425.12 -0.803363 -1.05786 0.59856 0.781579 1422.02 -33.334 0.854079 1.00516 33.3025 1421.1 -0.0180659 0.000479717 0.000659064 -0.0180682 0.99883 -0.000563058 -0.000741431 0.000419517 0.000547791 0.996664 -0.023363 0.000598604 0.00070449 0.023341 0.996015
4.3 0.000822234 1527.9 -25.3406 0.772048 1.03738 -25.3441 1526.23 -0.744603 -1.04017 0.698605 0.731239 1523.58 -30.0839 0.955424 0.983833 30.0534 1522.66 -0.0165852 0.000505301 0.00067896 -0.0165876 0.998908 -0.000487338 -0.000680782 0.000457233 0.000478591 0.997174 -0.0196897 0.000625319 0.000643912 0.0196697 0.99657
4.4 0.000841318 1606.25 -24.8557 0.862613 1.10363 -24.8593 1604.58 -0.674468 -1.00589 0.801631 0.66911 1602.31 -24.996 1.02415 0.946637 24.9664 1601.39 -0.0154744 0.000537035 0.000687082 -0.0154766 0.998962 -0.000419902 -0.000626234 0.000499069 0.000416566 0.997548 -0.0155617 0.000637606 0.000589346 0.0155433 0.996974
4.5 0.0008604 1659.06 -24.3317 0.950191 1.14089 -24.3352 1657.4 -0.59502 -0.957142 0.901354 0.59712 1655.43 -18.5677 1.06216 0.895818 18.5387 1654.51 -0.0146659 0.000572728 0.000687674 -0.0146681 0.998997 -0.000358649 -0.000576918 0.000543292 0.000359914 0.997812 -0.0111917 0.000640219 0.000539955 0.0111742 0.997259
4.6 0.00087948 1685.37 -23.7776 1.02937 1.15178 -23.781 1683.71 -0.508739 -0.896128 0.99207 0.517622 1681.98 -11.2725 1.07218 0.833685 11.2441 1681.07 -0.0141082 0.000610766 0.000683399 -0.0141103 0.999014 -0.000301856 -0.00053171 0.000588637 0.000307127 0.997989 -0.00668842 0.000636169 0.00049466 0.00667159 0.997446
4.7 0.000898556 1685.71 -23.2015 1.09545 1.13943 -23.2048 1684.06 -0.418381 -0.825104 1.06884 0.433261 1682.49 -3.54745 1.05756 0.762559 3.51957 1681.58 -0.0137636 0.000649841 0.000675934 -0.0137656 0.999017 -0.000248192 -0.000489469 0.00063406 0.00025702 0.99809 -0.00210442 0.000627365 0.000452366 0.00208788 0.99755
4.8 0.00091763 1661.82 -22.6107 1.14461 1.10736 -22.6138 1660.16 -0.32684 -0.746348 1.12766 0.346831 1658.7 4.2172 1.02206 0.684744 -4.24469 1657.8 -0.013606 0.000688772 0.000666353 -0.0136079 0.999005 -0.000196676 -0.000449115 0.000678568 0.000208706 0.998125 0.0025377 0.000615028 0.000412045 -0.00255424 0.99758
4.9 0.000936701 1616.29 -22.0113 1.17403 1.05924 -22.0142 1614.64 -0.237009 -0.662131 1.16552 0.26114 1613.22 11.6856 0.969675 0.602489 -11.7128 1612.32 -0.0136184 0.00072637 0.000655351 -0.0136202 0.998979 -0.000146638 -0.000409661 0.000721108 0.000161567 0.998098 0.00722989 0.000599938 0.00037276 -0.00724671 0.997541
5 0.00095577 1552.35 -21.4088 1.18188 0.998761 -21.4114 1550.7 -0.151652 -0.574694 1.18053 0.178884 1549.26 18.5806 0.904402 0.517975 -18.6076 1548.36 -0.0137912 0.00076135 0.000643388 -0.0137929 0.99894 -9.76923e-05 -0.00037021 0.000760482 0.000115235 0.99801 0.0119694 0.000582603 0.000333672 -0.0119868 0.997433
5.1 0.000974835 1473.54 -20.8077 1.16742 0.929475 -20.8101 1471.9 -0.0732866 -0.486221 1.17189 0.102533 1470.39 24.6856 0.830132 0.433286 -24.7124 1469.5 -0.0141208 0.000792255 0.000630776 -0.0141225 0.998886 -4.9735e-05 -0.000329968 0.000795289 6.95826e-05 0.997861 0.0167526 0.000563358 0.000294044 -0.0167708 0.997257
5.2 0.000993897 1383.57 -20.2121 1.13093 0.854677 -20.2144 1381.93 -0.00408699 -0.398823 1.13987 0.0342348 1380.31 29.8436 0.750497 0.350394 -29.8704 1379.43 -0.0146087 0.0008174 0.000617735 -0.0146103 0.998817 -2.95396e-06 -0.000288257 0.000823864 2.47439e-05 0.997648 0.0215701 0.000542437 0.000253255 -0.0215894 0.997008
5.3 0.00101296 1286.05 -19.6258 1.07363 0.777323 -19.6278 1284.42 0.0541915 -0.314509 1.08573 -0.0242597 1282.66 33.9549 0.668769 0.271148 -33.9816 1281.78 -0.0152605 0.000834826 0.000604426 -0.0152621 0.998731 4.21379e-05 -0.000244554 0.00084424 -1.88637e-05 0.997365 0.0264024 0.000520018 0.000210837 -0.0264232 0.99668
5.4 0.00103201 1184.43 -19.052 0.997615 0.69996 -19.0538 1182.8 0.100269 -0.235166 1.01165 -0.071651 1180.88 36.9719 0.587786 0.197247 -36.9987 1180 -0.0160854 0.000842277 0.00059097 -0.016087 0.998625 8.46563e-05 -0.000198549 0.000854126 -6.04943e-05 0.997005 0.031215 0.000496262 0.000166534 -0.0312377 0.996266
5.5 0.00105107 1081.81 -18.4938 0.905699 0.624697 -18.4955 1080.18 0.133372 -0.162535 0.920531 -0.10712 1078.09 38.8941 0.5099 0.130232 -38.921 1077.22 -0.0170953 0.000837208 0.000577456 -0.0170968 0.998499 0.000123286 -0.000150243 0.000850918 -9.90198e-05 0.996563 0.0359528 0.00047134 0.000120384 -0.0359777 0.995758
5.6 0.00107012 980.924 -17.9544 0.801263 0.553184 -17.9559 979.303 0.153243 -0.0981764 0.815889 -0.130338 977.028 39.7608 0.436957 0.0714618 -39.7878 976.161 -0.0183036 0.000816845 0.000563942 -0.0183051 0.998347 0.000156223 -0.000100086 0.000831756 -0.000132873 0.996029 0.0405341 0.000445455 7.28515e-05 -0.0405616 0.995145
5.7 0.00108916 884.059 -17.4367 0.68809 0.486624 -17.4379 882.441 0.160122 -0.0434508 0.701651 -0.14145 879.988 39.6443 0.370297 0.0220948 -39.6714 879.125 -0.0197234 0.000778331 0.000550443 -0.0197248 0.998169 0.000181121 -4.91492e-05 0.000793669 -0.00016 0.995395 0.0448435 0.00041886 2.49925e-05 -0.0448741 0.994419
5.8 0.00110821 793.051 -16.9435 0.570191 0.425798 -16.9444 791.435 0.154718 0.000515705 0.581982 -0.141042 788.813 38.6424 0.310771 -0.0169306 -38.6696 787.954 -0.021365 0.000718984 0.000536911 -0.0213661 0.997962 0.000195093 6.50279e-07 0.000733852 -0.000177847 0.994657 0.0487263 0.000391868 -2.13487e-05 -0.0487605 0.993573
5.9 0.00112725 709.283 -16.4777 0.451621 0.371102 -16.4783 707.668 0.138157 0.0328565 0.461101 -0.130094 704.894 36.8717 0.258786 -0.0449167 -36.8988 704.037 -0.0232315 0.000636729 0.000523208 -0.0232323 0.997723 0.000194784 4.63236e-05 0.000650095 -0.000183417 0.993812 0.0519844 0.000364855 -6.33269e-05 -0.0520227 0.992604
6 0.00172656 633.713 -16.042 0.33632 0.322602 -16.0422 632.099 0.111913 0.0529898 0.343107 -0.109917 629.192 34.4603 0.214347 -0.061424 -34.4875 628.337 -0.0253144 0.000530714 0.000509067 -0.0253146 0.997453 0.000176599 8.3618e-05 0.000541423 -0.00017345 0.992866 0.0543785 0.00033824 -9.69273e-05 -0.0544213 0.991517
6.2 0.00236869 509.081 -15.2706 0.129771 0.243129 -15.2698 507.466 0.037563 0.0558445 0.130634 -0.0483224 504.371 28.2539 0.146533 -0.0596224 -28.2808 503.518 -0.0299965 0.000254912 0.000477585 -0.0299948 0.996829 7.37859e-05 0.000109697 0.000256608 -9.4921e-05 0.990748 0.0554999 0.000287837 -0.000117118 -0.0555526 0.989073
6.4 0.00244479 419.826 -14.645 -0.0256836 0.183485 -14.6429 418.209 -0.0525394 0.0107246 -0.0305629 0.02952 415.039 21.0806 0.1019 -0.0136223 -21.1067 414.187 -0.0348835 -6.11769e-05 0.00043705 -0.0348784 0.996147 -0.000125146 2.55455e-05 -7.27989e-05 7.03149e-05 0.988597 0.0502126 0.00024272 -3.24475e-05 -0.0502748 0.986567
6.6 0.00252085 362.709 -14.173 -0.11569 0.138243 -14.1694 361.086 -0.142189 -0.0756317 -0.12529 0.108983 357.96 13.8882 0.0729243 0.0699858 -13.913 357.105 -0.0390755 -0.000318962 0.000381142 -0.0390654 0.995527 -0.00039202 -0.000208519 -0.000345428 0.00030047 0.986907 0.0382903 0.000201055 0.000192953 -0.0383586 0.984552
6.8 0.00259689 332.141 -13.8519 -0.136601 0.102074 -13.8467 330.513 -0.217141 -0.191966 -0.149365 0.177204 327.535 7.43876 0.0519671 0.180637 -7.46159 326.677 -0.0417049 -0.000411274 0.000307321 -0.0416891 0.995098 -0.00065376 -0.000577964 -0.000449704 0.00053352 0.98613 0.0223964 0.000156461 0.000543856 -0.0224651 0.983548
7 0.00267289 321.493 -13.6673 -0.094972 0.0709025 -13.6606 319.859 -0.266886 -0.32372 -0.109136 0.224659 317.111 2.27338 0.0328111 0.304879 -2.29371 316.25 -0.0425119 -0.000295409 0.000220541 -0.042491 0.994916 -0.000830145 -0.00100693 -0.000339467 0.000698798 0.98637 0.00707132 0.000102059 0.000948321 -0.00713454 0.98369
7.2 0.00274886 324.043 -13.5938 -0.0055745 0.042528 -13.586 322.403 -0.28564 -0.454805 -0.0194596 0.245992 319.94 -1.2923 0.0115963 0.427946 1.27488 319.074 -0.0419507 -1.7203e-05 0.000131242 -0.0419266 0.99494 -0.000881488 -0.00140353 -6.00525e-05 0.000759134 0.987338 -0.00398807 3.57862e-05 0.00132065 0.00393429 0.984666
7.4 0.0028248 333.606 -13.5981 0.111591 0.0167157 -13.5898 331.963 -0.272517 -0.56968 0.0993409 0.240108 329.803 -3.15458 -0.0128607 0.535638 3.14017 328.935 -0.040761 0.000334499 5.01062e-05 -0.040736 0.995074 -0.000816882 -0.00170764 0.000297779 0.000719735 0.9886 -0.009456 -3.85505e-05 0.0016056 0.00941282 0.985996
7.6 0.00290071 344.908 -13.643 0.234686 -0.00513317 -13.6348 343.263 -0.230993 -0.655427 0.224943 0.209649 341.394 -3.39753 -0.0392943 0.616196 3.38591 340.523 -0.0395554 0.000680431 -1.48827e-05 -0.0395316 0.995232 -0.000669722 -0.0019003 0.000652183 0.00060784 0.98981 -0.00985052 -0.000113927 0.00178655 0.00981684 0.987287
7.8 0.00297657 353.79 -13.692 0.343259 -0.0205955 -13.6848 352.146 -0.167854 -0.703483 0.336343 0.160062 350.522 -2.26222 -0.0646289 0.661889 2.25277 349.652 -0.0387011 0.000970233 -5.82139e-05 -0.0386807 0.995355 -0.000474446 -0.00198842 0.000950687 0.00045242 0.990762 -0.00639425 -0.000182676 0.00187085 0.00636755 0.988305
8 0.00305241 357.316 -13.7147 0.420836 -0.0269691 -13.7092 355.676 -0.0918727 -0.710719 0.416542 0.0984729 354.228 -0.109934 -0.0848569 0.670007 0.101696 353.362 -0.0383824 0.00117777 -7.54768e-05 -0.0383672 0.995411 -0.000257119 -0.00198905 0.00116575 0.00027559 0.991358 -0.000307667 -0.000237484 0.00187511 0.00028461 0.988933
8.2 0.0031282 353.819 -13.689 0.456592 -0.0220026 -13.6859 352.186 -0.0124325 -0.679689 0.454299 0.0325803 350.829 2.62126 -0.0959808 0.643082 -2.62951 349.969 -0.0386893 0.00129047 -6.21859e-05 -0.0386806 0.995383 -3.51379e-05 -0.00192101 0.00128399 9.20816e-05 0.991549 0.00740845 -0.00027127 0.00181754 -0.00743179 0.989118
8.4 0.00320396 342.876 -13.6039 0.445998 -0.00449546 -13.6036 341.251 0.0616926 -0.618001 0.444847 -0.030306 339.897 5.46617 -0.0948639 0.588297 -5.47578 339.045 -0.0396759 0.00130075 -1.3111e-05 -0.0396751 0.99526 0.000179927 -0.0018024 0.0012974 -8.83876e-05 0.991311 0.0159421 -0.000276671 0.00171577 -0.0159701 0.988825
8.6 0.00327968 325.205 -13.4586 0.390516 0.02531 -13.4611 323.589 0.123289 -0.536918 0.389627 -0.0839846 322.154 7.98586 -0.07987 0.516167 -7.99808 321.312 -0.0413849 0.00120083 7.78279e-05 -0.0413927 0.995033 0.000379111 -0.00165102 0.0011981 -0.000258252 0.99062 0.0245564 -0.000245599 0.00158721 -0.024594 0.988032
8.8 0.00335535 302.466 -13.2606 0.296582 0.065586 -13.2657 300.862 0.167315 -0.449449 0.295269 -0.12383 299.279 9.81944 -0.0512161 0.438742 -9.83527 298.449 -0.0438415 0.000980547 0.000216838 -0.0438586 0.994696 0.000553171 -0.00148595 0.000976206 -0.000409402 0.989464 0.0324646 -0.000169329 0.00145055 -0.032517 0.98672
9 0.00343099 276.967 -13.0232 0.174129 0.11303 -13.0305 275.374 0.191174 -0.368254 0.172076 -0.147028 273.602 10.7272 -0.0110132 0.367634 -10.7472 272.785 -0.0470208 0.0006287 0.000408101 -0.0470472 0.99425 0.000690242 -0.0013296 0.000621289 -0.000530851 0.987853 0.0387309 -3.97637e-05 0.00132736 -0.0388032 0.984904
9.2 0.00350659 251.288 -12.762 0.034977 0.163202 -12.7707 249.707 0.194671 -0.303731 0.0323438 -0.152615 247.734 10.6177 0.0369881 0.312228 -10.6419 246.931 -0.0507863 0.000139191 0.000649461 -0.0508211 0.99371 0.000774693 -0.0012087 0.000128712 -0.000607331 0.985859 0.042253 0.000147194 0.00124251 -0.0423497 0.982662
9.4 0.00358214 227.889 -12.4916 -0.108671 0.211029 -12.501 226.32 0.179729 -0.262586 -0.111248 -0.141371 224.165 9.55395 0.0878899 0.278365 -9.58202 223.375 -0.0548144 -0.000476858 0.000926014 -0.0548557 0.993116 0.000788667 -0.00115225 -0.000488167 -0.00062035 0.983658 0.0419237 0.00038567 0.00122149 -0.0420469 0.98019
9.6 0.00365765 208.747 -12.224 -0.245452 0.251418 -12.2333 207.19 0.14992 -0.247103 -0.246961 -0.115597 204.896 7.73614 0.136296 0.267697 -7.76709 204.119 -0.0585589 -0.00117583 0.00120441 -0.0586035 0.992541 0.00071819 -0.00118374 -0.00118306 -0.000553763 0.981552 0.0370598 0.000652923 0.0012824 -0.037208 0.977827
9.8 0.00373311 195.086 -11.967 -0.365705 0.279884 -11.9756 193.54 0.109892 -0.255187 -0.364953 -0.0787902 191.17 5.46348 0.177019 0.277796 -5.49607 190.405 -0.0613423 -0.00187459 0.00143468 -0.0613866 0.992077 0.000563302 -0.00130808 -0.00187074 -0.000403875 0.979931 0.0280056 0.000907394 0.00142397 -0.0281726 0.976005
10 0.00380853 187.241 -11.7242 -0.46196 0.293113 -11.7318 185.706 0.0647418 -0.28111 -0.457833 -0.0352503 183.332 3.08215 0.205747 0.302927 -3.115 182.577 -0.0626157 -0.0024672 0.00156543 -0.0626563 0.991804 0.000345768 -0.00150133 -0.00244516 -0.000188262 0.979125 0.0164609 0.00109884 0.00161785 -0.0166364 0.975094
10.2 0.0038839 184.687 -11.4958 -0.52914 0.289386 -11.5022 183.163 0.0194218 -0.316785 -0.520868 0.010381 180.853 0.928005 0.219577 0.335314 -0.959876 180.108 -0.0622448 -0.00286507 0.0015669 -0.0622796 0.991748 0.000105161 -0.00171526 -0.00282028 5.62085e-05 0.979241 0.00502475 0.00118892 0.00181558 -0.00519732 0.975209
10.4 0.00395923 186.2 -11.2794 -0.564535 0.268818 -11.2848 184.686 -0.0217827 -0.35329 -0.551922 0.0536001 182.496 -0.725291 0.217352 0.36663 0.695352 181.761 -0.0605768 -0.00303188 0.00144371 -0.0606061 0.99187 -0.000116985 -0.00189737 -0.00296414 0.000287863 0.98011 -0.00389523 0.00116731 0.00196901 0.00373444 0.976161
10.6 0.0040345 190.125 -11.0712 -0.567663 0.233351 -11.0761 188.621 -0.0556421 -0.382375 -0.55122 0.0905038 186.588 -1.70418 0.199759 0.389417 1.67667 185.861 -0.0582314 -0.00298573 0.00122736 -0.0582568 0.99209 -0.000292661 -0.00201118 -0.00289925 0.000476023 0.981395 -0.00896347 0.00105067 0.00204822 0.00881878 0.977573
10.8 0.00410973 194.691 -10.867 -0.540071 0.186524 -10.8716 193.196 -0.0802049 -0.39769 -0.52102 0.118174 191.332 -1.95323 0.169177 0.398219 1.92812 190.614 -0.0558165 -0.00277399 0.00095805 -0.0558405 0.992323 -0.00041196 -0.00204267 -0.00267614 0.000606984 0.982747 -0.0100325 0.000868954 0.00204539 0.0099035 0.979058
11 0.00418491 198.309 -10.6621 -0.485115 0.133033 -10.667 196.823 -0.0948317 -0.395557 -0.465247 0.134933 195.117 -1.53176 0.129317 0.390223 1.50851 194.407 -0.053765 -0.00244626 0.000670839 -0.05379 0.992506 -0.000478202 -0.00199465 -0.00234607 0.00068042 0.983904 -0.00772411 0.000652099 0.00196775 0.00760689 0.980323
11.2 0.00426003 199.804 -10.4521 -0.407705 0.0781479 -10.4577 198.325 -0.10005 -0.375208 -0.389116 0.140427 196.748 -0.5916 0.0846849 0.365388 0.569267 196.046 -0.0523121 -0.00204053 0.000391124 -0.05234 0.992602 -0.000500741 -0.00187788 -0.00194749 0.000702824 0.984706 -0.00296091 0.000423841 0.00182874 0.00284913 0.981193
11.4 0.00433511 198.544 -10.2329 -0.31402 0.0270509 -10.2392 197.072 -0.0972614 -0.338521 -0.298764 0.135526 195.58 0.65798 0.0399768 0.326075 -0.6806 194.886 -0.0515399 -0.00158162 0.000136247 -0.0515715 0.99259 -0.000489874 -0.00170502 -0.00150478 0.000682599 0.985072 0.00331404 0.00020135 0.00164233 -0.00342796 0.981578
11.6 0.00441013 194.459 -10.0005 -0.211145 -0.0157922 -10.0073 192.994 -0.0883638 -0.28937 -0.200862 0.122065 191.537 1.99047 -0.000529924 0.276325 -2.01463 190.852 -0.0514273 -0.00108581 -8.12108e-05 -0.0514623 0.992467 -0.000454409 -0.00148808 -0.00103293 0.000627715 0.984976 0.0102359 -2.72512e-06 0.00142099 -0.0103602 0.981452
11.8 0.0044851 187.96 -9.75179 -0.10662 -0.0471542 -9.75865 186.501 -0.0753562 -0.232748 -0.102229 0.10247 185.033 3.19957 -0.03349 0.220974 -3.22638 184.357 -0.0518822 -0.000567247 -0.000250874 -0.0519187 0.992236 -0.000400916 -0.00123828 -0.000543885 0.000545167 0.984428 0.0170226 -0.000178176 0.00117564 -0.0171652 0.980828
12 0.0139046 179.789 -9.48508 -0.00792048 -0.0653819 -9.49134 178.334 -0.0600052 -0.173869 -0.00942028 0.0793469 176.817 4.12773 -0.0568418 0.164788 -4.15799 176.149 -0.0527568 -4.40544e-05 -0.00036366 -0.0527916 0.991909 -0.000333754 -0.000967077 -5.23964e-05 0.000441334 0.983471 0.0229588 -0.000316159 0.000916562 -0.0231271 0.979755
13 0.0246683 141.817 -7.99979 0.209707 -0.00578793 -7.99349 140.379 0.021106 0.0301944 0.203401 -0.0220613 138.489 3.43071 -0.0478911 -0.0282954 -3.47522 137.859 -0.0564091 0.00147871 -4.08126e-05 -0.0563647 0.989855 0.000148825 0.000212911 0.00143425 -0.000155561 0.97653 0.024191 -0.000337696 -0.00019952 -0.0245049 0.972088
14 0.0265294 132.572 -7.07133 -0.0358821 0.0577807 -7.06174 131.139 0.0717474 0.0132848 -0.0297422 -0.0376725 129.369 0.294814 -0.0047148 -0.0294511 -0.327016 128.758 -0.0533396 -0.000270662 0.000435844 -0.0532672 0.989191 0.000541196 0.000100208 -0.000224347 -0.000284166 0.97584 0.0022238 -3.55641e-05 -0.000222152 -0.0024667 0.971234
15 0.0283823 127.785 -6.91154 -0.199228 0.0686606 -6.92183 126.352 0.0357841 -0.149314 -0.220704 0.0293101 124.857 0.707206 0.0321489 0.123913 -0.716811 124.251 -0.0540872 -0.00155908 0.000537313 -0.0541677 0.988783 0.000280033 -0.00116848 -0.00172715 0.000229371 0.977088 0.00553434 0.000251586 0.000969695 -0.0056095 0.972342
16 0.0302266 117.092 -6.61639 -0.0767491 0.0774855 -6.63788 115.656 0.0405892 -0.188891 -0.088199 0.0436254 114.052 1.44054 0.0615486 0.178565 -1.44628 113.461 -0.0565061 -0.000655462 0.000661752 -0.0566897 0.987744 0.000346645 -0.00161319 -0.000753248 0.000372575 0.974042 0.0123027 0.000525645 0.001525 -0.0123517 0.968995
17 0.0320617 111.933 -6.1712 0.0100766 0.000576265 -6.18848 110.499 0.06393 0.0233343 0.019846 0.00942272 108.831 0.683295 -0.0103528 -0.00572593 -0.695796 108.274 -0.0551328 9.00231e-05 5.14828e-06 -0.0552872 0.987184 0.000571144 0.000208466 0.000177302 8.41815e-05 0.972286 0.00610448 -9.24904e-05 -5.11548e-05 -0.00621616 0.967312
18 0.0338871 108.293 -5.19898 -0.0688658 -0.0243567 -5.21076 106.879 -0.00686605 0.0986222 -0.0862748 0.0433739 105.332 1.34024 -0.0241511 -0.0874114 -1.34459 104.808 -0.0480086 -0.000635924 -0.000224916 -0.0481174 0.986946 -6.34028e-05 0.000910701 -0.000796683 0.000400525 0.972657 0.0123761 -0.000223017 -0.000807178 -0.0124163 0.967826
19 0.0357021 99.4148 -4.158 -0.108212 0.0419043 -4.16192 98.0179 0.0299319 -0.0503788 -0.124686 -0.0112707 96.4133 1.44031 0.0418251 0.0310737 -1.4382 95.9065 -0.0418248 -0.00108849 0.000421509 -0.0418642 0.985949 0.000301081 -0.000506754 -0.0012542 -0.000113371 0.969808 0.0144878 0.000420713 0.000312566 -0.0144666 0.964711
20 0.0375062 95.4234 -4.00643 -0.0550275 0.0763409 -4.0033 94.0111 0.0691536 -0.0774193 -0.0453086 -0.060107 92.3778 0.463194 0.0722945 0.0710011 -0.46467 91.8737 -0.0419858 -0.000576667 0.000800022 -0.041953 0.985199 0.000724703 -0.000811324 -0.000474816 -0.000629898 0.968083 0.0048541 0.000757618 0.000744064 -0.00486956 0.9628
21 0.0392989 92.8224 -3.96981 -0.0756691 0.070276 -3.97175 91.3984 -0.0197777 0.0398351 -0.0560157 0.0287032 89.7802 0.463852 0.0813867 -0.0348868 -0.465209 89.287 -0.0427678 -0.000815203 0.000757102 -0.0427887 0.984659 -0.00021307 0.000429154 -0.000603472 0.000309227 0.967226 0.00499719 0.0008768 -0.000375845 -0.00501182 0.961913
22 0.0410797 88.3436 -3.5713 -0.139337 0.047706 -3.57653 86.9183 -0.068111 0.0476119 -0.136163 0.0865998 85.3268 0.663645 0.0545841 -0.0493354 -0.666166 84.8525 -0.0404251 -0.00157721 0.000540005 -0.0404844 0.983867 -0.000770979 0.000538941 -0.00154128 0.000980262 0.965851 0.00751209 0.000617862 -0.000558449 -0.00754063 0.960483
23 0.0428479 83.6815 -3.07262 -0.0705826 0.0362965 -3.06514 82.2377 -0.0811628 -0.00291477 -0.0953234 0.0990097 80.6214 0.848117 0.0316811 0.00606895 -0.845469 80.1582 -0.036718 -0.000843467 0.000433746 -0.0366286 0.982746 -0.000969901 -3.48317e-05 -0.00113912 0.00118317 0.963431 0.0101351 0.000378591 7.25244e-05 -0.0101034 0.957896
24 0.0446031 78.5947 -2.57641 0.0376013 0.0090378 -2.56381 77.1311 -0.108346 0.0752503 0.0195697 0.108703 75.478 0.529676 0.00702426 -0.0725838 -0.514029 75.0212 -0.0327809 0.000478421 0.000114992 -0.0326206 0.981378 -0.00137854 0.000957447 0.000248995 0.00138308 0.960344 0.00673933 8.93732e-05 -0.000923521 -0.00654025 0.954532
25 0.0463447 75.5282 -2.21131 0.0190616 -0.0263761 -2.20586 74.0656 -0.0973401 0.117475 0.0214219 0.0892369 72.4614 0.224148 -0.0341481 -0.114031 -0.211711 72.0166 -0.0292779 0.000252377 -0.000349221 -0.0292057 0.980635 -0.00128879 0.00155537 0.000283628 0.0011815 0.959395 0.00296773 -0.000452124 -0.00150978 -0.00280307 0.953505
26 0.0480722 73.5837 -2.06407 0.0013214 0.00744728 -2.05627 72.126 -0.0687339 0.0515367 0.00420055 0.0862175 70.4713 0.283295 0.0170348 -0.035846 -0.292445 70.0485 -0.0280506 1.79577e-05 0.000101208 -0.0279446 0.98019 -0.000934091 0.000700382 5.70853e-05 0.00117169 0.957702 0.00384996 0.000231502 -0.000487146 -0.00397432 0.951956
27 0.049785 70.7404 -1.94254 0.0666873 0.0418045 -1.92957 69.2753 -0.148972 0.0197987 0.0675631 0.166314 67.5602 0.35852 0.0808341 0.0109311 -0.37725 67.1557 -0.0274602 0.000942704 0.000590956 -0.0272767 0.979289 -0.0021059 0.000279878 0.000955086 0.00235104 0.955043 0.00506811 0.00114269 0.000154524 -0.00533288 0.949326
28 0.0514827 66.4124 -1.47142 0.127778 -0.0189515 -1.45731 64.9353 -0.245512 -0.0603965 0.136292 0.230184 63.2189 0.536303 6.61963e-05 0.083969 -0.542106 62.8235 -0.0221558 0.00192402 -0.000285361 -0.0219434 0.977759 -0.00369679 -0.000909417 0.00205221 0.00346598 0.951915 0.00807536 9.96747e-07 0.00126436 -0.00816273 0.945961
29 0.0531646 62.3078 -1.03669 0.144923 -0.0705879 -1.02014 60.8207 -0.158667 -0.0988064 0.151186 0.149852 59.0546 0.264181 -0.0899139 0.106703 -0.261062 58.6678 -0.0166382 0.00232592 -0.00113289 -0.0163726 0.976133 -0.0025465 -0.00158578 0.00242644 0.00240503 0.947788 0.00423994 -0.00144306 0.00171251 -0.00418988 0.941581
30 0.0548304 60.0925 -1.1938 0.0593092 -0.0170319 -1.17787 58.5999 -0.0436924 0.007932 0.0416248 0.0464707 56.8033 -0.144134 -0.0349398 0.0036347 0.146271 56.4274 -0.019866 0.000986964 -0.000283429 -0.0196009 0.975161 -0.000727086 0.000131996 0.000692678 0.000773318 0.945263 -0.00239854 -0.000581434 6.0485e-05 0.0024341 0.939009
31 0.0564795 57.7358 -1.24418 -0.0301334 0.0483638 -1.228 56.2488 -0.0315362 0.00451261 -0.0560353 0.0189952 54.4682 0.19086 0.0521214 -0.000539893 -0.18463 54.1148 -0.0215495 -0.000521919 0.000837674 -0.0212693 0.974245 -0.000546216 7.81596e-05 -0.000970548 0.000329002 0.943404 0.00330576 0.000902757 -9.3511e-06 -0.00319784 0.937283
32 0.0581114 53.8044 -0.698141 0.00842833 0.0314147 -0.677036 52.3298 -0.0180667 -0.0435798 -0.0015078 0.0128668 50.4655 0.491474 0.0355703 0.0466355 -0.485255 50.1316 -0.0129755 0.000156648 0.000583868 -0.0125833 0.972594 -0.000335784 -0.000809968 -2.80237e-05 0.00023914 0.937944 0.00913446 0.000661105 0.000866761 -0.00901888 0.931738
33 0.0597256 50.5655 -0.396025 0.0191457 -0.0276416 -0.376506 49.096 0.00921146 0.046834 0.00545255 0.00899157 47.1378 -0.0103721 -0.032009 -0.0245474 0.00675932 46.8067 -0.00783192 0.000378631 -0.00054665 -0.00744591 0.970938 0.000182169 0.000926205 0.000107831 0.00017782 0.932212 -0.000205121 -0.00063302 -0.000485458 0.000133675 0.925663
34 0.0613216 48.8783 -0.528917 -0.0347145 -0.0268505 -0.523238 47.4026 0.0224888 0.0834857 -0.0530245 -0.0109348 45.4864 -0.264602 -0.0204728 -0.0735746 0.259904 45.1646 -0.0108211 -0.000710223 -0.000549335 -0.0107049 0.969808 0.000460098 0.00170803 -0.00108483 -0.000223715 0.930607 -0.00541348 -0.000418852 -0.00150526 0.00531736 0.924022
35 0.0628989 46.9591 -0.47782 -0.0192804 0.0134716 -0.479413 45.4722 0.0322339 0.0160832 -0.0124309 -0.0367417 43.575 0.0158745 0.028374 -0.0196633 -0.012017 43.271 -0.0101752 -0.000410578 0.000286879 -0.0102092 0.968336 0.000686426 0.000342493 -0.000264719 -0.000782419 0.927935 0.00033805 0.000604229 -0.000418733 -0.000255903 0.921462
36 0.064457 44.5914 -0.290965 0.0152232 -0.0005971 -0.278647 43.0976 0.00820064 0.0141766 0.0312326 -0.0131778 41.1416 0.126049 0.00949851 0.00526526 -0.12761 40.8462 -0.00652512 0.000341393 -1.33905e-05 -0.0062489 0.9665 0.000183906 0.000317921 0.000700418 -0.000295522 0.922635 0.00282676 0.000213012 0.000118078 -0.00286176 0.91601
37 0.0659956 42.3656 -0.130312 0.0173105 -0.0309842 -0.107131 40.8695 -0.0545664 0.0480382 0.0224087 0.0254731 38.865 0.0218524 -0.0216433 -0.0186056 -0.037535 38.5728 -0.00307589 0.000408598 -0.000731354 -0.00252873 0.964687 -0.00128799 0.0011339 0.000528937 0.000601269 0.917372 0.000515806 -0.00051087 -0.000439167 -0.000885978 0.910474
38 0.067514 40.4366 -0.044926 0.0267541 -0.0154444 -0.0369766 38.9342 -0.0609206 0.0399454 0.0339392 0.0103721 36.9263 -0.114371 -0.0221418 -0.0173599 0.103488 36.6453 -0.00111102 0.00066163 -0.000381942 -0.000914435 0.962845 -0.00150657 0.000987852 0.000839319 0.000256502 0.913191 -0.0028284 -0.000547569 -0.000429311 0.00255927 0.906241
39 0.0690118 38.4683 -0.0374829 0.0131679 0.0375583 -0.0509909 36.9583 -0.0322778 0.0411452 0.0211027 0.00412342 34.9261 -0.0444063 0.0152313 -0.0166262 0.0498086 34.6591 -0.000974385 0.000342305 0.000976344 -0.00132553 0.960747 -0.000839078 0.00106959 0.000548575 0.00010719 0.907921 -0.00115436 0.000395945 -0.000432206 0.0012948 0.90098
40 0.10628 36.2743 0.120284 -0.00490089 0.0685814 0.103112 34.7588 -0.0724351 0.00665192 0.00629433 0.0570046 32.6629 -0.0936238 0.0584928 0.00736607 0.102664 32.4034 0.00331597 -0.000135107 0.00189064 0.00284257 0.958222 -0.00199687 0.000183379 0.00017352 0.00157149 0.900444 -0.002581 0.00161252 0.000203066 0.00283022 0.893289
42 0.146749 33.5004 -0.0562633 0.0337687 0.0277018 -0.058393 31.977 -0.00233444 -0.00852335 0.0476322 0.00432893 29.8628 -0.12743 0.0271357 0.04199 0.142447 29.6137 -0.00167948 0.00100801 0.000826908 -0.00174305 0.954524 -6.96839e-05 -0.000254425 0.00142184 0.00012922 0.891415 -0.00380382 0.000810011 0.00125342 0.0042521 0.883981
44 0.152348 29.426 0.274088 0.0148149 0.0286968 0.272121 27.8966 -0.0114429 0.0371455 -0.0147441 0.0220323 25.6259 -0.305952 0.03395 0.00340224 0.301382 25.408 0.00931447 0.000503463 0.000975218 0.00924765 0.948025 -0.000388872 0.00126234 -0.000501056 0.000748736 0.87086 -0.0103973 0.00115374 0.00011562 0.010242 0.863454
46 0.157761 26.7511 0.000932906 -0.0258683 0.0287481 0.00106094 25.239 0.0236888 -0.0463996 -0.0072888 -0.0129262 22.9106 -0.193196 0.0461304 0.0635343 0.207811 22.6921 3.48736e-05 -0.000966999 0.00107465 3.96598e-05 0.943478 0.000885526 -0.00173449 -0.000272468 -0.000483203 0.856438 -0.00722198 0.00172443 0.00237502 0.00776833 0.848267
48 0.162982 23.9179 0.0545113 0.0253851 -0.0208225 0.0681579 22.397 0.00976934 0.0368723 0.0134818 -0.0170007 20.0099 -0.343958 -0.0302063 0.00238307 0.330597 19.8098 0.00227911 0.00106135 -0.000870585 0.00284966 0.936415 0.000408454 0.00154162 0.000563672 -0.000710796 0.836609 -0.0143808 -0.00126292 9.96355e-05 0.0138222 0.828242
50 0.168004 21.4903 -0.033684 -0.037794 0.00336455 -0.0202449 19.9696 -0.0176177 0.00262509 -0.040423 0.033507 17.4249 -0.307909 -0.0150528 0.0388465 0.32081 17.2401 -0.00156741 -0.00175866 0.000156561 -0.000942049 0.929237 -0.0008198 0.000122153 -0.00188099 0.00155917 0.810825 -0.0143278 -0.000700449 0.00180763 0.0149282 0.802227
52 0.172821 19.2837 -0.16241 0.00359867 -0.0247729 -0.157496 17.7501 0.0229522 0.0270212 0.0041628 -0.0381415 15.2394 -0.429287 -0.0148767 -0.00572556 0.420957 15.0531 -0.00842211 0.000186617 -0.00128466 -0.0081673 0.92047 0.00119024 0.00140125 0.000215871 -0.00197791 0.790274 -0.0222616 -0.000771467 -0.000296912 0.0218296 0.780611
54 0.177428 17.2146 -0.172565 0.01537 -0.0181494 -0.164648 15.6831 0.0013535 0.0194286 0.0116643 -0.00254733 13.097 -0.398603 -0.0114883 0.0250097 0.397463 12.9109 -0.0100243 0.000892842 -0.0010543 -0.00956443 0.91103 7.86248e-05 0.00112861 0.000677579 -0.000147974 0.760807 -0.0231549 -0.000667356 0.00145282 0.0230887 0.749997
56 0.181819 15.4921 -0.290429 0.00199672 0.0342099 -0.277123 13.9617 0.00990553 -0.00471397 0.0043127 0.00401433 11.3156 -0.436578 -0.0024259 0.0705845 0.439945 11.1405 -0.0187469 0.000128886 0.00220821 -0.017888 0.901212 0.000639392 -0.000304282 0.000278381 0.000259121 0.730413 -0.0281807 -0.000156589 0.00455616 0.028398 0.719109
58 0.185988 13.9218 -0.308488 0.039776 -0.00487284 -0.309487 12.3862 0.0257321 0.0496429 0.0205785 0.000322028 9.67702 -0.479757 0.00852893 -0.00748486 0.483559 9.52232 -0.0221585 0.0028571 -0.000350014 -0.0222303 0.889695 0.00184832 0.00356583 0.00147815 2.31312e-05 0.695097 -0.0344608 0.00061263 -0.000537635 0.0347339 0.683985
60 0.286303 12.5838 -0.458414 -0.0254018 0.00676034 -0.455847 11.0482 -0.0372719 -0.00754675 -0.0324879 0.0595349 8.3397 -0.542851 -0.00274114 0.0554445 0.53288 8.19197 -0.036429 -0.00201862 0.000537228 -0.036225 0.877975 -0.00296191 -0.000599722 -0.00258174 0.00473109 0.662735 -0.0431391 -0.000217832 0.00440604 0.0423467 0.650995
64 0.394175 10.5247 -0.761807 0.0013702 0.0119428 -0.755439 8.99546 -0.0063876 0.0455737 0.0259594 0.0384383 6.08762 -0.622855 0.0202217 -0.0125577 0.622013 5.98477 -0.0723825 0.000130188 0.00113474 -0.0717775 0.854697 -0.000606913 0.00433015 0.00246652 0.00365219 0.57841 -0.0591801 0.00192135 -0.00119316 0.0591001 0.568639
68 0.406626 8.86778 -0.965687 -0.0169497 -0.00741968 -0.967297 7.32326 -0.0240913 0.0121553 0.0238251 -0.00872505 4.30609 -0.59192 -0.0141734 0.0283137 0.586433 4.21562 -0.108898 -0.00191138 -0.000836702 -0.10908 0.825828 -0.00271673 0.00137072 0.0026867 -0.000983905 0.485588 -0.0667496 -0.00159831 0.00319288 0.0661308 0.475386
72 0.417095 7.65206 -1.03536 0.0347643 -0.0206763 -1.0475 6.10183 -0.0206097 -0.0133612 0.010705 -0.0116353 2.95254 -0.611653 0.0138664 0.0158069 0.597125 2.91008 -0.135305 0.00454314 -0.00270206 -0.136891 0.79741 -0.00269336 -0.0017461 0.00139898 -0.00152055 0.385849 -0.0799331 0.00181212 0.00206571 0.0780345 0.380301
76 0.425533 6.74131 -1.11283 0.0312209 0.0126167 -1.10951 5.18293 0.0019032 -0.0027374 0.0164003 0.00232081 1.88145 -0.638368 -0.0026186 -0.0042177 0.650459 1.92058 -0.165077 0.00463128 0.00187155 -0.164583 0.768832 0.000282319 -0.000406064 0.0024328 0.000344268 0.279093 -0.0946951 -0.000388441 -0.00062565 0.0964885 0.284897
80 0.431897 6.1649 -1.1036 0.0206448 0.0200821 -1.1078 4.5571 0.0164182 0.000832154 -0.000612756 0.0100186 1.15628 -0.784083 -0.0039051 -0.00307088 0.787291 1.25945 -0.179013 0.00334877 0.0032575 -0.179695 0.7392 0.00266318 0.000134983 -9.93943e-05 0.00162511 0.187558 -0.127185 -0.000633442 -0.000498124 0.127705 0.204294
84 0.436158 5.83507 -1.13437 -0.00040492 0.000372726 -1.13934 4.16925 0.0146186 -0.0262961 -0.00554444 -0.0068813 0.685422 -0.881315 -0.034448 -0.010209 0.874166 0.867141 -0.194406 -6.93942e-05 6.38768e-05 -0.195257 0.714515 0.00250531 -0.00450656 -0.000950193 -0.0011793 0.117466 -0.151038 -0.00590361 -0.00174959 0.149812 0.148608
88 0.328636 5.67647 -1.10285 0.0129357 0.0215657 -1.10831 3.93059 -0.00516111 -0.0267177 -0.00342301 0.00613732 0.318904 -1.02417 -0.0377034 0.00380359 1.0142 0.633072 -0.194285 0.00227882 0.00379914 -0.195246 0.692435 -0.00090921 -0.00470675 -0.000603017 0.00108119 0.0561799 -0.180424 -0.00664205 0.000670062 0.178667 0.111526
90 0.219313 5.65584 -1.06742 -0.00695574 0.0169954 -1.06989 3.85276 0.0356305 -0.0306811 -0.0112828 -0.0114575 0.180163 -1.08457 -0.010709 -0.0318754 1.05964 0.569893 -0.188729 -0.00122983 0.00300492 -0.189166 0.681201 0.00629977 -0.00542468 -0.00199489 -0.00202579 0.0318544 -0.191762 -0.00189344 -0.00563584 0.187354 0.100762
92 0.328636 5.72478 -1.03748 -0.000686524 0.0115826 -1.03835 3.87415 0.0357885 0.00110111 -0.0212074 -0.0113464 0.0354791 -1.17289 0.0178513 0.014357 1.13942 0.509214 -0.181226 -0.000119921 0.00202324 -0.181378 0.676733 0.0062515 0.000192341 -0.00370448 -0.00198198 0.00619745 -0.20488 0.00311824 0.00250786 0.199032 0.088949
96 0.436158 5.89119 -1.07139 0.01596 -0.0123537 -1.05595 3.88446 -0.0116406 0.0219183 -0.00397382 0.020064 -0.132416 -1.28245 -3.85424e-05 -0.0122892 1.28304 0.535201 -0.181862 0.00270914 -0.00209699 -0.179242 0.659367 -0.00197594 0.00372052 -0.000674537 0.00340576 -0.022477 -0.21769 -6.54239e-06 -0.00208603 0.217791 0.0908478
100 0.431897 6.11565 -0.997906 0.0152918 -0.00283264 -0.991305 3.92464 0.0165362 -0.0207115 -0.0077696 0.0029107 -0.305668 -1.48164 -0.00786159 -0.0235191 1.47202 0.604989 -0.163173 0.00250044 -0.000463178 -0.162093 0.641738 0.00270392 -0.00338664 -0.00127045 0.000475943 -0.0499813 -0.242271 -0.00128549 -0.00384573 0.240697 0.0989248
104 0.425533 6.45015 -0.952179 0.0367941 -0.0158263 -0.962858 4.03046 0.000136784 -0.0541523 -0.0314784 0.0177205 -0.452438 -1.57464 0.0385072 -0.0510374 1.57023 0.706899 -0.147621 0.00570438 -0.00245363 -0.149277 0.624864 2.12063e-05 -0.00839551 -0.00488026 0.00274729 -0.0701438 -0.244124 0.00596997 -0.00791259 0.243441 0.109594
108 0.417095 6.81411 -0.879499 0.0466871 0.0257881 -0.897809 4.09334 0.0197268 -0.0384437 -0.0593895 -0.0272507 -0.575921 -1.71851 0.0118966 -0.024941 1.74122 0.911852 -0.12907 0.00685153 0.00378452 -0.131757 0.600715 0.00289499 -0.00564178 -0.00871567 -0.00399916 -0.084519 -0.252199 0.00174587 -0.0036602 0.255532 0.133818
112 0.406626 7.2493 -0.884599 0.0286949 -0.0351736 -0.891701 4.27797 0.0827414 -0.0651951 -0.0154951 -0.0397756 -0.675494 -1.87566 -0.0316335 -0.0864908 1.8693 1.14739 -0.122025 0.0039583 -0.004852 -0.123005 0.590121 0.0114137 -0.00899329 -0.00213747 -0.00548682 -0.0931806 -0.258736 -0.00436367 -0.0119309 0.25786 0.158276
116 0.394175 7.64758 -0.818263 0.010644 0.0252429 -0.818783 4.31953 0.0820167 -0.0837705 -0.00814995 -0.082631 -0.861136 -1.93587 0.00181239 -0.100665 1.94433 1.34384 -0.106996 0.00139181 0.00330077 -0.107064 0.564823 0.0107245 -0.0109539 -0.00106569 -0.0108048 -0.112602 -0.253134 0.000236989 -0.0131629 0.254241 0.175721
120 0.379804 7.9811 -0.782881 0.00864632 -0.00235841 -0.783458 4.33641 0.0340413 -0.0940961 0.000874873 -0.0706268 -1.23961 -1.89492 -0.0216042 -0.102672 1.90322 1.32752 -0.0980919 0.00108335 -0.0002955 -0.0981642 0.543335 0.00426524 -0.0117899 0.000109618 -0.00884926 -0.155318 -0.237426 -0.00270693 -0.0128644 0.238465 0.166333
124 0.363583 8.23414 -0.714751 0.0524677 -0.0249666 -0.714265 4.31169 0.0145261 -0.124227 -0.0352243 -0.0664314 -1.70884 -1.8826 8.72467e-05 -0.119545 1.8822 1.19404 -0.0868034 0.00637197 -0.00303208 -0.0867444 0.523635 0.00176413 -0.0150869 -0.00427783 -0.0080678 -0.207531 -0.228633 1.05957e-05 -0.0145182 0.228585 0.145011
128 0.34559 8.44302 -0.643976 0.060794 -0.0110635 -0.622648 4.22771 -0.0305557 -0.0876803 -0.0491259 0.053464 -2.01967 -1.64612 0.0205482 -0.112254 1.64292 1.23952 -0.0762732 0.00720051 -0.00131037 -0.073747 0.500735 -0.00361905 -0.0103849 -0.00581853 0.00633233 -0.239212 -0.194969 0.00243375 -0.0132954 0.194589 0.14681
132 0.325914 8.61681 -0.613302 0.0345571 0.0108746 -0.583401 4.17272 -0.0902983 -0.040485 -0.0249339 0.109486 -2.43768 -1.41936 0.025422 -0.0621194 1.4149 1.07502 -0.0711751 0.00401043 0.00126203 -0.0677051 0.484254 -0.0104793 -0.00469838 -0.00289364 0.0127061 -0.282898 -0.16472 0.00295028 -0.00720909 0.164202 0.124759
136 0.304649 8.88278 -0.624328 -0.024729 0.037761 -0.611022 4.25311 -0.0351621 -0.0374259 0.0128431 0.0460618 -2.81153 -1.25216 0.0292759 -0.0554391 1.23245 0.928893 -0.0702852 -0.00278393 0.00425104 -0.0687872 0.478804 -0.00395846 -0.00421331 0.00144584 0.00518552 -0.316515 -0.140965 0.0032958 -0.00624118 0.138746 0.104572
140 0.281901 9.24612 -0.509368 0.00691942 0.0104077 -0.502936 4.36123 -0.0517929 -0.0957876 0.025194 0.0690649 -3.37051 -1.05784 0.0263152 -0.0892064 1.05788 0.663583 -0.0550899 0.00074836 0.00112563 -0.0543943 0.471682 -0.00560158 -0.0103598 0.00272482 0.00746961 -0.364532 -0.11441 0.00284608 -0.00964799 0.114414 0.0717689
144 0.257779 9.53902 -0.485857 0.0408773 -0.0440045 -0.503637 4.46553 0.0341918 -0.101857 -0.0299405 0.0022936 -3.90196 -0.978467 -0.0310337 -0.106799 0.985617 0.346387 -0.0509337 0.00428527 -0.00461311 -0.0527976 0.468133 0.00358442 -0.0106779 -0.00313874 0.000240444 -0.409052 -0.102575 -0.00325334 -0.011196 0.103325 0.0363127
148 0.232401 9.7106 -0.339559 -0.00908187 -0.0367688 -0.369063 4.4736 0.0169413 -0.111925 0.0157518 0.00932187 -4.23928 -0.684992 -0.0682441 -0.0960743 0.680477 0.215799 -0.0349679 -0.000935253 -0.00378647 -0.0380062 0.460693 0.00174462 -0.0115261 0.00162212 0.000959969 -0.436562 -0.0705407 -0.0070278 -0.00989376 0.0700757 0.0222231
152 0.205891 10.2222 -0.333426 -0.0528047 0.0134898 -0.345664 4.96751 -0.0857962 -0.0611758 0.0713118 0.0821602 -4.70983 -0.558051 -0.00899335 -0.0432905 0.50118 -0.197342 -0.0326178 -0.00516567 0.00131965 -0.0338149 0.485952 -0.00839311 -0.00598459 0.00697616 0.00803741 -0.460744 -0.0545919 -0.000879784 -0.00423494 0.0490284 -0.0193052
156 0.178378 10.4454 -0.269536 0.0197434 -0.0603664 -0.271228 5.09956 0.0451784 0.00174061 -0.0137233 -0.0257283 -5.04649 -0.249219 -0.0334945 0.0425402 0.230509 -0.410074 -0.0258043 0.00189016 -0.00577925 -0.0259663 0.488212 0.00432521 0.00016664 -0.00131381 -0.00246312 -0.483132 -0.0238592 -0.00320664 0.00407264 0.022068 -0.0392589
160 0.0971232 10.9695 -0.117411 -0.0434341 0.0285858 -0.12031 5.5384 -0.0268954 -0.0364563 0.019715 -0.0189207 -5.52094 -0.263232 -0.00540383 -0.0137049 0.292662 -0.785611 -0.0107035 -0.00395955 0.00260595 -0.0109677 0.504893 -0.00245185 -0.00332344 0.00179726 -0.00172485 -0.503302 -0.0239968 -0.000492626 -0.00124937 0.0266797 -0.0716181
161 0.0357021 11.0754 -0.211675 -0.0395394 0.0624677 -0.219522 5.65697 -0.0652876 0.0365155 0.0279726 0.0195089 -5.62986 -0.279449 0.0401854 0.0419172 0.285817 -0.90768 -0.0191122 -0.00357003 0.00564024 -0.0198207 0.510771 -0.00589484 0.003297 0.00252566 0.00176147 -0.508322 -0.0252316 0.00362836 0.00378472 0.0258065 -0.0819548
162 0.0338871 11.1154 -0.243627 0.00542453 0.0483068 -0.27159 5.65306 -0.0588617 0.046528 0.00260252 0.052932 -5.68601 -0.205723 0.0360591 0.0344266 0.195152 -0.902168 -0.021918 0.00048802 0.00434594 -0.0244337 0.50858 -0.00529552 0.00418591 0.000234137 0.00476205 -0.511545 -0.018508 0.00324407 0.0030972 0.017557 -0.081164
163 0.0320617 11.1333 -0.17246 -0.066614 -0.0148332 -0.214004 5.66345 -0.0417136 -0.0441387 0.067563 0.0249447 -5.72628 -0.178159 -0.0338005 -0.0252069 0.16709 -0.916374 -0.0154905 -0.00598332 -0.00133233 -0.019222 0.508695 -0.00374674 -0.00396456 0.00606856 0.00224055 -0.514338 -0.0160024 -0.00303598 -0.0022641 0.0150081 -0.0823094
164 0.0302266 11.0617 -0.17304 -0.0868531 -0.0246059 -0.209517 5.70683 -0.00496026 -0.124747 0.0823263 -0.0528722 -5.71823 -0.129514 -0.0723114 -0.105387 0.122253 -1.02336 -0.0156432 -0.0078517 -0.00222442 -0.0189408 0.515909 -0.000448418 -0.0112774 0.00744247 -0.00477976 -0.51694 -0.0117083 -0.0065371 -0.00952719 0.0110519 -0.0925137
165 0.0283823 11.0286 -0.250956 0.0347009 0.028257 -0.253258 5.81426 0.021256 -0.0930997 -0.0428447 -0.0664999 -5.69199 -0.0748112 -0.0271995 -0.124601 0.0960134 -1.13651 -0.0227551 0.00314646 0.00256217 -0.0229638 0.527201 0.00192736 -0.00844169 -0.00388489 -0.00602979 -0.516114 -0.00678341 -0.00246628 -0.011298 0.00870589 -0.103052
166 0.0265294 11.1471 -0.230677 0.10088 -0.0118616 -0.188284 5.97002 -0.0138531 -0.0664601 -0.122228 0.035205 -5.73963 -0.114994 -0.0123215 -0.124969 0.130663 -1.21426 -0.0206938 0.00904989 -0.00106409 -0.0168907 0.535565 -0.00124275 -0.00596207 -0.010965 0.00315821 -0.514897 -0.010316 -0.00110535 -0.0112108 0.0117217 -0.10893
167 0.0246683 11.3429 -0.0716183 0.0556572 -0.0913626 -0.0256952 6.12413 -0.0281974 -0.131496 -0.0844751 0.0830105 -5.86616 -0.174435 -0.0303098 -0.158201 0.156877 -1.29558 -0.00631395 0.0049068 -0.00805464 -0.00226532 0.539911 -0.00248592 -0.0115929 -0.00744743 0.00731831 -0.517168 -0.0153784 -0.00267215 -0.0139472 0.0138305 -0.11422
168 0.0172754 11.4928 0.0088229 0.0145978 -0.0659373 0.0150647 6.23114 0.0346854 -0.169395 -0.0369927 -0.0213456 -6.006 -0.162344 -0.00241941 -0.158358 0.180635 -1.38254 0.000767688 0.00127017 -0.00573726 0.00131079 0.542177 0.003018 -0.0147392 -0.00321877 -0.0018573 -0.522587 -0.0141257 -0.000210515 -0.0137789 0.0157172 -0.120296
168.5 0.0109315 11.5381 -0.0160113 0.0186398 -0.0378907 -0.0341259 6.24936 0.0632445 -0.155982 -0.0309729 -0.0683008 -6.06754 -0.125203 0.0151453 -0.152224 0.165036 -1.40995 -0.00138768 0.0016155 -0.00328396 -0.00295766 0.541626 0.00548134 -0.0135188 -0.00268439 -0.00591957 -0.525868 -0.0108512 0.00131263 -0.0131931 0.0143035 -0.122199
169 0.0104622 11.5841 -0.0560516 0.0318642 -0.0240463 -0.0925461 6.26101 0.0685165 -0.13527 -0.0300591 -0.0787903 -6.13012 -0.0808506 0.0232765 -0.152509 0.120814 -1.4343 -0.00483866 0.00275067 -0.0020758 -0.00798904 0.540482 0.00591469 -0.0116772 -0.00259486 -0.00680157 -0.529183 -0.00697943 0.00200934 -0.0131654 0.0104292 -0.123816
169.5 0.00999215 11.6434 -0.0851901 0.0377383 -0.0268828 -0.127019 6.2853 0.0484195 -0.12105 -0.0222158 -0.0608011 -6.2065 -0.0387066 0.0222551 -0.154897 0.0586079 -1.47685 -0.00731659 0.00324117 -0.00230884 -0.0109091 0.539815 0.00415853 -0.0103965 -0.00190801 -0.00522193 -0.533048 -0.00332433 0.00191139 -0.0133034 0.00503356 -0.12684
170 0.0095213 11.7137 -0.0940178 0.0226484 -0.0348126 -0.125048 6.3273 0.0147899 -0.114133 0.000450272 -0.0408177 -6.30326 4.91564e-05 0.0194515 -0.14551 -0.00202114 -1.54936 -0.00802628 0.00193349 -0.00297195 -0.0106754 0.540161 0.00126261 -0.0097435 3.84397e-05 -0.0034846 -0.538109 4.19648e-06 0.00166057 -0.0124222 -0.000172544 -0.132269
170.5 0.00904972 11.7858 -0.087616 -0.0107152 -0.0324175 -0.0961028 6.37819 -0.0127919 -0.0984669 0.0338367 -0.0403384 -6.40713 0.0370005 0.024859 -0.110522 -0.0426191 -1.63438 -0.00743401 -0.00090916 -0.00275055 -0.0081541 0.541174 -0.00108536 -0.00835469 0.00287097 -0.00342262 -0.54363 0.0031394 0.00210923 -0.00937752 -0.00361613 -0.138674
171 0.00857745 11.8517 -0.0726269 -0.041697 -0.0138143 -0.0574142 6.42506 -0.0170188 -0.0523779 0.0621884 -0.0616316 -6.48448 0.0694274 0.0438067 -0.0453157 -0.0553114 -1.69075 -0.00612796 -0.00351822 -0.00116559 -0.00484437 0.54212 -0.00143597 -0.00441944 0.0052472 -0.00520022 -0.547133 0.005858 0.00369623 -0.00382355 -0.00466694 -0.142659
171.5 0.00810453 11.8999 -0.0496398 -0.0476746 0.00874009 -0.0199831 6.45508 0.00774277 0.0312226 0.0687706 -0.0928069 -6.50186 0.0927377 0.068514 0.0417291 -0.0493699 -1.68552 -0.00417144 -0.00400629 0.000734466 -0.00167926 0.542447 0.000650657 0.00262376 0.00577908 -0.00779895 -0.546378 0.00779313 0.00575752 0.00350667 -0.00414876 -0.141641
172 0.00763099 11.9121 -0.0168534 -0.0249076 0.00936346 0.0143573 6.45693 0.0512987 0.132951 0.0496814 -0.121709 -6.45516 0.106268 0.0769431 0.131646 -0.0456842 -1.62584 -0.00141482 -0.00209095 0.000786048 0.00120527 0.542049 0.00430644 0.0111611 0.00417068 -0.0102173 -0.541901 0.00892105 0.00645925 0.0110515 -0.00383512 -0.136487
172.5 0.00715688 11.8796 0.0217007 0.00681175 -0.0319263 0.0457501 6.43161 0.0921474 0.217221 0.0190467 -0.142425 -6.38194 0.110174 0.0470659 0.202739 -0.0563345 -1.56141 0.00182672 0.000573399 -0.00268749 0.00385115 0.5414 0.00775678 0.0182852 0.00160331 -0.011989 -0.537218 0.00927421 0.00396191 0.0170661 -0.00474212 -0.131436
173 0.00668221 11.8255 0.0520558 0.02192 -0.1072 0.0666846 6.40428 0.109843 0.258829 -0.000306433 -0.151433 -6.34219 0.0986076 -0.0207044 0.241333 -0.0691814 -1.55328 0.00440199 0.00185362 -0.00906511 0.00563904 0.541564 0.00928863 0.0218873 -2.59128e-05 -0.0128056 -0.536313 0.00833854 -0.00175082 0.0204078 -0.00585017 -0.13135
173.5 0.00620704 11.7991 0.0547225 0.011921 -0.177738 0.0595293 6.4146 0.0982104 0.262187 0.00570662 -0.144043 -6.3794 0.0647229 -0.0954414 0.249279 -0.0605861 -1.63175 0.00463785 0.00101033 -0.0150637 0.00504524 0.543652 0.00832354 0.0222209 0.000483648 -0.012208 -0.540668 0.00548541 -0.00808886 0.0211269 -0.00513481 -0.138294
174 0.0057314 11.843 0.0190069 -0.00964546 -0.200022 0.00955283 6.48965 0.0697866 0.25407 0.0312657 -0.118856 -6.48901 0.0129966 -0.136415 0.241356 -0.024469 -1.7721 0.0016049 -0.000814441 -0.0168894 0.000806619 0.547972 0.00589263 0.0214531 0.00264 -0.0100359 -0.547917 0.00109741 -0.0115186 0.0203796 -0.00206611 -0.149632
174.5 0.00525531 11.9694 -0.0379651 -0.0236901 -0.162328 -0.0698367 6.63415 0.047084 0.256291 0.0558036 -0.0843705 -6.61314 -0.043049 -0.127402 0.232569 0.0207825 -1.90515 -0.00317184 -0.00197922 -0.0135619 -0.00583459 0.554258 0.00393369 0.0214121 0.00466218 -0.00704884 -0.552503 -0.00359659 -0.010644 0.0194303 0.0017363 -0.159168
175 0.00477883 12.1574 -0.0662379 -0.0246873 -0.0974332 -0.124211 6.84925 0.0463862 0.265484 0.061473 -0.0567979 -6.66177 -0.0937281 -0.090588 0.225554 0.0532201 -1.96257 -0.00544838 -0.00203065 -0.00801435 -0.0102169 0.563383 0.00381549 0.0218374 0.00505644 -0.0046719 -0.547963 -0.00770958 -0.00745129 0.0185529 0.00437761 -0.16143
175.5 0.00430199 12.3427 -0.0129027 -0.0229976 -0.0548142 -0.0873686 7.13707 0.0660549 0.260236 0.0475788 -0.0485806 -6.55312 -0.117734 -0.0637131 0.210502 0.0488914 -1.93664 -0.00104537 -0.00186326 -0.00444102 -0.00707857 0.578243 0.00535174 0.0210843 0.00385482 -0.00393598 -0.530931 -0.00953874 -0.00516201 0.0170548 0.00396116 -0.156906
176 0.00382481 12.3995 0.122514 -0.0309048 -0.0552225 0.0538186 7.459 0.0879787 0.227326 0.0292217 -0.0591303 -6.26695 -0.0325029 -0.0626043 0.178787 -0.0603611 -1.91052 0.00988052 -0.00249242 -0.00445359 0.00434037 0.601554 0.00709532 0.0183334 0.00235668 -0.00476875 -0.505418 -0.0026213 -0.00504892 0.0144188 -0.00486801 -0.15408
176.5 0.00334735 12.1964 0.259289 -0.0492507 -0.0717579 0.218795 7.7057 0.0908211 0.178734 0.0222527 -0.0770927 -5.89566 0.309219 -0.0679315 0.136416 -0.401629 -2.01202 0.0212595 -0.00403815 -0.00588354 0.0179394 0.631803 0.00744657 0.0146547 0.00182454 -0.00632096 -0.483395 0.0253534 -0.00556981 0.011185 -0.0329302 -0.164969
177 0.00286963 11.7865 0.283001 -0.0675358 -0.0586259 0.278438 7.77513 0.0653746 0.141017 0.0293867 -0.0903235 -5.65651 0.992099 -0.049826 0.101643 -1.05297 -2.29457 0.0240105 -0.00572992 -0.00497398 0.0236234 0.659663 0.00554656 0.0119643 0.00249325 -0.00766329 -0.479914 0.0841724 -0.00422737 0.00862367 -0.0893369 -0.194678
177.5 0.00239169 11.5978 0.147582 -0.074242 -0.00109754 0.167869 7.73408 0.0213312 0.128176 0.0400583 -0.0925868 -5.8252 1.84873 -0.00386709 0.087233 -1.86188 -2.63385 0.0127249 -0.00640137 -9.46332e-05 0.0144742 0.666856 0.00183924 0.0110517 0.00345395 -0.00798312 -0.502267 0.159403 -0.000333432 0.0075215 -0.160537 -0.227098
178 0.00191357 12.3296 -0.0645203 -0.0655111 0.0638904 -0.039051 7.87349 -0.0191467 0.126978 0.0421061 -0.0826896 -6.59254 2.43483 0.0396779 0.0860704 -2.40942 -2.76021 -0.00523298 -0.00531334 0.00518189 -0.00316727 0.638587 -0.00155291 0.0102987 0.00341506 -0.00670661 -0.534693 0.197479 0.00321811 0.00698081 -0.195418 -0.223869
178.5 0.00143531 14.4399 -0.20139 -0.0457977 0.0801994 -0.184425 8.50262 -0.0367606 0.110964 0.0323967 -0.0617644 -7.91352 2.31403 0.0433025 0.0775422 -2.27596 -2.45373 -0.0139467 -0.00317161 0.00555401 -0.0127719 0.588828 -0.00254577 0.00768457 0.00224356 -0.00427734 -0.548031 0.160253 0.00299881 0.00536999 -0.157616 -0.169927
179 0.000956932 17.5609 -0.179403 -0.0234179 0.028478 -0.172727 9.60499 -0.0285737 0.0693943 0.0171088 -0.0342704 -9.45375 1.47233 -0.000740254 0.0500599 -1.4453 -1.76415 -0.0102161 -0.00133352 0.00162167 -0.00983585 0.546952 -0.00162712 0.00395163 0.000974252 -0.00195152 -0.53834 0.083841 -4.21535e-05 0.00285064 -0.0823021 -0.100459
179.5 0.000478484 20.4326 -0.0635739 -0.00633727 -0.0498593 -0.0623178 10.7074 -0.00948607 0.0213849 0.0046226 -0.00987176 -10.6964 0.453962 -0.0597775 0.0157512 -0.445415 -1.04762 -0.0031114 -0.000310155 -0.00244018 -0.00304992 0.524035 -0.000464261 0.00104661 0.000226236 -0.000483137 -0.523495 0.0222175 -0.00292559 0.000770887 -0.0217992 -0.0512721
180 5.98114e-05 21.6035 2.63382e-15 -4.42936e-15 -0.0868865 -2.99349e-17 11.1733 7.366e-06 2.19788e-15 5.43867e-15 7.366e-06 -11.1733 -4.33519e-16 -0.0867451 -8.06355e-16 -4.15184e-16 -0.743051 1.21916e-16 -2.0503e-16 -0.00402187 -1.38565e-18 0.517197 3.40963e-07 1.01737e-16 2.51749e-16 3.40963e-07 -0.517197 -2.00671e-17 -0.00401533 -3.73252e-17 -1.92184e-17 -0.0343949
