theta 2pi*dcos S11 S12 S13 S14 S21 S22 S23 S24 S31 S32 S33 S34 S41 S42 S43 S44 S12_norm S13_norm S14_norm S21_norm S22_norm S23_norm S24_norm S31_norm S32_norm S33_norm S34_norm S41_norm S42_norm S43_norm S44_norm
0 2.39246e-06 12496.7 1.06967e-13 -6.50324e-15 -4.2308 1.07635e-13 12495.6 1.72974 -2.03188e-15 -6.30845e-15 -1.72974 12495.6 -3.42492e-16 -4.23079 1.57202e-15 7.2685e-16 12494.9 8.55956e-18 -5.20395e-19 -0.000338552 8.61309e-18 0.999906 0.000138415 -1.62593e-19 -5.04808e-19 -0.000138415 0.999906 -2.74065e-20 -0.000338552 1.25795e-19 5.81632e-20 0.999854
0.1 1.91397e-05 12483.9 -0.00554475 -0.00256085 -4.22485 -0.00562497 12482.7 1.72669 0.00105923 -0.00266369 -1.72669 12482.7 0.271821 -4.22489 -0.00103282 -0.271835 12482 -4.44153e-07 -2.05133e-07 -0.000338425 -4.50579e-07 0.999906 0.000138314 8.48478e-08 -2.1337e-07 -0.000138314 0.999906 2.17737e-05 -0.000338428 -8.27322e-08 -2.17749e-05 0.999854
0.2 3.82793e-05 12445.3 -0.022137 -0.0102141 -4.20707 -0.0224571 12444.2 1.71758 0.00422602 -0.0106242 -1.71758 12444.2 1.08444 -4.20723 -0.00412094 -1.0845 12443.5 -1.77874e-06 -8.20719e-07 -0.000338043 -1.80445e-06 0.999906 0.00013801 3.39566e-07 -8.53667e-07 -0.00013801 0.999906 8.71364e-05 -0.000338056 -3.31123e-07 -8.7141e-05 0.999854
0.3 5.74188e-05 12381.4 -0.0496515 -0.0228723 -4.17756 -0.0503684 12380.2 1.70243 0.00946784 -0.0237902 -1.70243 12380.2 2.42938 -4.17791 -0.00923352 -2.42951 12379.6 -4.01018e-06 -1.84732e-06 -0.000337407 -4.06808e-06 0.999906 0.000137499 7.64684e-07 -1.92145e-06 -0.000137499 0.999906 0.000196213 -0.000337435 -7.45759e-07 -0.000196223 0.999853
0.4 7.65581e-05 12292.3 -0.087881 -0.0403909 -4.13653 -0.0891476 12291.1 1.68133 0.0167309 -0.0420107 -1.68133 12291.1 4.29261 -4.13715 -0.0163196 -4.29283 12290.5 -7.14927e-06 -3.28587e-06 -0.000336514 -7.25231e-06 0.999905 0.000136779 1.36109e-06 -3.41765e-06 -0.000136779 0.999905 0.000349211 -0.000336564 -1.32763e-06 -0.000349229 0.999852
0.5 9.56972e-05 12178.6 -0.136539 -0.0625699 -4.08425 -0.138502 12177.4 1.65436 0.0259411 -0.0650772 -1.65438 12177.4 6.6547 -4.0852 -0.0253088 -6.65505 12176.8 -1.12114e-05 -5.13769e-06 -0.000335363 -1.13726e-05 0.999904 0.000135842 2.13005e-06 -5.34357e-06 -0.000135843 0.999904 0.000546425 -0.00033544 -2.07814e-06 -0.000546454 0.999851
0.6 0.000114836 12040.9 -0.195263 -0.0891567 -4.02108 -0.198063 12039.7 1.62167 0.0370044 -0.092726 -1.6217 12039.7 9.49109 -4.0224 -0.0361122 -9.49157 12039.1 -1.62166e-05 -7.40448e-06 -0.000333952 -1.64492e-05 0.999903 0.00013468 3.07323e-06 -7.70091e-06 -0.000134683 0.999903 0.000788237 -0.000334061 -2.99913e-06 -0.000788277 0.99985
0.7 0.000133974 11879.9 -0.26362 -0.119849 -3.94743 -0.267387 11878.8 1.58341 0.0498089 -0.124641 -1.58346 11878.8 12.7723 -3.94917 -0.0486237 -12.773 11878.1 -2.21903e-05 -1.00884e-05 -0.000332277 -2.25075e-05 0.999902 0.000133284 4.19269e-06 -1.04918e-05 -0.000133288 0.999902 0.00107512 -0.000332423 -4.09292e-06 -0.00107517 0.999848
0.8 0.000153112 11696.5 -0.34111 -0.154299 -3.8638 -0.345966 11695.4 1.53975 0.0642256 -0.16046 -1.53984 11695.4 16.4644 -3.86597 -0.062721 -16.4652 11694.7 -2.91633e-05 -1.31918e-05 -0.000330337 -2.95784e-05 0.999901 0.000131641 5.49099e-06 -1.37186e-05 -0.000131649 0.9999 0.00140763 -0.000330522 -5.36235e-06 -0.0014077 0.999846
0.9 0.00017225 11491.7 -0.427173 -0.192116 -3.77074 -0.433227 11490.6 1.49092 0.0801103 -0.199776 -1.49106 11490.6 20.5291 -3.77335 -0.0782677 -20.5301 11489.9 -3.71722e-05 -1.67178e-05 -0.000328126 -3.7699e-05 0.9999 0.000129738 6.97113e-06 -1.73844e-05 -0.000129751 0.999898 0.00178642 -0.000328354 -6.81079e-06 -0.00178651 0.999843
1 0.000191387 11266.5 -0.521196 -0.232876 -3.66884 -0.528545 11265.4 1.43715 0.0973056 -0.242144 -1.43736 11265.4 24.9247 -3.67189 -0.0951147 -24.9259 11264.7 -4.62605e-05 -2.06697e-05 -0.000325641 -4.69128e-05 0.999898 0.000127559 8.63669e-06 -2.14924e-05 -0.000127578 0.999896 0.00221227 -0.000325911 -8.44223e-06 -0.00221238 0.99984
1.1 0.000210523 11022.2 -0.62252 -0.276119 -3.55878 -0.631249 11021 1.37871 0.115643 -0.287087 -1.37902 11021 29.6059 -3.56223 -0.113102 -29.6074 11020.3 -5.6479e-05 -2.50513e-05 -0.000322875 -5.72709e-05 0.999896 0.000125085 1.04918e-05 -2.60463e-05 -0.000125113 0.999893 0.00268604 -0.000323188 -1.02613e-05 -0.00268617 0.999836
1.2 0.000229659 10759.9 -0.730449 -0.321364 -3.44125 -0.740627 10758.7 1.31589 0.134943 -0.3341 -1.31633 10758.7 34.5251 -3.44506 -0.132062 -34.5267 10758 -6.78865e-05 -2.98669e-05 -0.000319823 -6.88324e-05 0.999894 0.000122297 1.25414e-05 -3.10506e-05 -0.000122337 0.999889 0.0032087 -0.000320177 -1.22736e-05 -0.00320885 0.999831
1.3 0.000248794 10481 -0.844254 -0.368106 -3.31698 -0.855936 10479.8 1.24902 0.155022 -0.382658 -1.24961 10479.8 39.6321 -3.32109 -0.151819 -39.6339 10479.1 -8.05512e-05 -3.51213e-05 -0.000316477 -8.16658e-05 0.999892 0.00011917 1.47908e-05 -3.65098e-05 -0.000119227 0.999884 0.00378134 -0.000316869 -1.44852e-05 -0.00378152 0.999826
1.4 0.000267929 10186.9 -0.963187 -0.415829 -3.18676 -0.976414 10185.8 1.17843 0.17569 -0.432222 -1.17922 10185.7 44.8753 -3.19109 -0.172193 -44.8773 10185.1 -9.45514e-05 -4.08199e-05 -0.000312829 -9.58499e-05 0.999889 0.000115681 1.72466e-05 -4.24291e-05 -0.000115758 0.999879 0.00440519 -0.000313254 -1.69034e-05 -0.00440539 0.999819
1.5 0.000287062 9879.14 -1.08648 -0.464009 -3.05137 -1.10128 9878.02 1.10449 0.196754 -0.482245 -1.10551 9877.89 50.2019 -3.05581 -0.193003 -50.2042 9877.28 -0.000109978 -4.69686e-05 -0.00030887 -0.000111475 0.999886 0.0001118 1.99161e-05 -4.88144e-05 -0.000111904 0.999873 0.00508161 -0.00030932 -1.95364e-05 -0.00508184 0.999812
1.6 0.000306195 9559.19 -1.21338 -0.512121 -2.91162 -1.22976 9558.07 1.0276 0.218022 -0.532179 -1.0289 9557.9 55.5589 -2.91607 -0.214067 -55.5613 9557.3 -0.000126933 -5.35737e-05 -0.000304589 -0.000128647 0.999883 0.000107498 2.28076e-05 -5.5672e-05 -0.000107634 0.999866 0.00581209 -0.000305054 -2.23939e-05 -0.00581234 0.999803
1.7 0.000325327 9228.59 -1.34311 -0.559645 -2.76834 -1.36106 9227.48 0.948153 0.239303 -0.581482 -0.949782 9227.27 60.8929 -2.77265 -0.235206 -60.8955 9226.68 -0.000145538 -6.06425e-05 -0.000299974 -0.000147483 0.99988 0.000102741 2.59306e-05 -6.30087e-05 -0.000102917 0.999857 0.00659829 -0.000300441 -2.54866e-05 -0.00659857 0.999793
1.8 0.000344457 8888.93 -1.47492 -0.606072 -2.62234 -1.49443 8887.82 0.866587 0.260411 -0.629622 -0.868598 8887.57 66.1517 -2.62638 -0.256242 -66.1543 8886.98 -0.000165928 -6.81828e-05 -0.000295011 -0.000168122 0.999876 9.74906e-05 2.92961e-05 -7.08321e-05 -9.77168e-05 0.999848 0.00744203 -0.000295466 -2.88271e-05 -0.00744233 0.999781
1.9 0.000363587 8541.79 -1.60808 -0.65091 -2.47443 -1.62911 8540.69 0.783344 0.281166 -0.676087 -0.785794 8540.39 71.2839 -2.47805 -0.277005 -71.2867 8539.81 -0.000188261 -7.6203e-05 -0.000289686 -0.000190722 0.999872 9.17073e-05 3.29165e-05 -7.91505e-05 -9.19941e-05 0.999836 0.00834531 -0.000290109 -3.24294e-05 -0.00834564 0.999768
2 0.000382716 8188.76 -1.74189 -0.693692 -2.32544 -1.76438 8187.67 0.698883 0.301395 -0.720387 -0.701832 8187.31 76.2402 -2.32846 -0.297334 -76.243 8186.73 -0.000212717 -8.47126e-05 -0.000283979 -0.000215464 0.999867 8.53466e-05 3.68059e-05 -8.79727e-05 -8.57067e-05 0.999823 0.00931034 -0.000284348 -3.631e-05 -0.00931069 0.999752
2.1 0.000401843 7831.43 -1.87566 -0.733976 -2.17613 -1.89956 7830.35 0.613674 0.320936 -0.762064 -0.617183 7829.92 80.9733 -2.1784 -0.317073 -80.9762 7829.35 -0.000239504 -9.37218e-05 -0.000277872 -0.000242556 0.999862 7.83604e-05 4.09805e-05 -9.73084e-05 -7.88085e-05 0.999807 0.0103395 -0.000278161 -4.04873e-05 -0.0103399 0.999734
2.2 0.000420969 7471.35 -2.00877 -0.771355 -2.02728 -2.03401 7470.28 0.528195 0.339639 -0.800691 -0.53233 7469.78 85.4389 -2.02861 -0.33608 -85.4418 7469.21 -0.000268863 -0.000103242 -0.000271341 -0.000272241 0.999856 7.0696e-05 4.54588e-05 -0.000107168 -7.12495e-05 0.999789 0.0114355 -0.000271519 -4.49825e-05 -0.0114359 0.999713
2.3 0.000440094 7110.06 -2.14063 -0.805459 -1.87962 -2.16712 7108.99 0.442929 0.357364 -0.835883 -0.447758 7108.41 89.5957 -1.87984 -0.354224 -89.5986 7107.85 -0.000301071 -0.000113284 -0.000264361 -0.000304796 0.99985 6.22961e-05 5.02617e-05 -0.000117563 -6.29753e-05 0.999768 0.0126013 -0.000264392 -4.98201e-05 -0.0126017 0.99969
2.4 0.000459218 6749.04 -2.2707 -0.835959 -1.73385 -2.29834 6747.98 0.358364 0.373988 -0.867295 -0.363953 6747.32 93.4061 -1.73278 -0.371384 -93.4089 6746.77 -0.000336447 -0.000123863 -0.000256903 -0.000340542 0.999843 5.30984e-05 5.54134e-05 -0.000128506 -5.39267e-05 0.999745 0.0138399 -0.000256745 -5.50276e-05 -0.0138403 0.999663
2.5 0.00047834 6389.75 -2.39849 -0.862571 -1.59062 -2.42717 6388.69 0.274983 0.3894 -0.894631 -0.281403 6387.94 96.8363 -1.5881 -0.387456 -96.839 6387.4 -0.000375365 -0.000134993 -0.000248934 -0.000379854 0.999835 4.3035e-05 6.09413e-05 -0.00014001 -4.40397e-05 0.999717 0.015155 -0.000248539 -6.06371e-05 -0.0151554 0.999632
2.6 0.000497461 6033.56 -2.52357 -0.885057 -1.45056 -2.55319 6032.51 0.193266 0.403505 -0.917642 -0.200585 6031.66 99.8569 -1.44642 -0.402348 -99.8595 6031.12 -0.000418256 -0.000146689 -0.000240415 -0.000423165 0.999826 3.20319e-05 6.68769e-05 -0.00015209 -3.32449e-05 0.999686 0.0165503 -0.00023973 -6.6685e-05 -0.0165507 0.999597
2.7 0.00051658 5681.79 -2.64557 -0.903229 -1.31423 -2.67601 5680.75 0.113685 0.416226 -0.936133 -0.121971 5679.8 102.443 -1.30832 -0.415982 -102.445 5679.27 -0.000465623 -0.000158969 -0.000231305 -0.00047098 0.999817 2.00086e-05 7.32562e-05 -0.00016476 -2.1467e-05 0.99965 0.01803 -0.000230266 -7.32132e-05 -0.0180304 0.999556
2.8 0.000535698 5335.7 -2.76418 -0.916949 -1.18215 -2.79531 5334.66 0.0366959 0.4275 -0.949958 -0.0460177 5333.61 104.574 -1.17434 -0.428296 -104.576 5333.08 -0.000518055 -0.000171852 -0.000221555 -0.000523889 0.999806 6.87743e-06 8.01207e-05 -0.000178038 -8.6245e-06 0.999609 0.0195989 -0.000220091 -8.027e-05 -0.0195993 0.99951
2.9 0.000554814 4996.44 -2.87915 -0.926131 -1.05479 -2.91084 4995.42 -0.0372585 0.437278 -0.959026 0.0268357 4994.26 106.234 -1.04495 -0.43924 -106.236 4993.73 -0.00057624 -0.000185358 -0.000211109 -0.000582583 0.999794 -7.457e-06 8.75179e-05 -0.000191942 5.37095e-06 0.999562 0.0212619 -0.000209138 -8.79106e-05 -0.0212623 0.999458
3 0.000573928 4665.11 -2.99028 -0.930739 -0.932575 -3.0224 4664.09 -0.107758 0.445531 -0.963301 0.0961704 4662.82 107.413 -0.920587 -0.44878 -107.415 4662.3 -0.000640987 -0.000199511 -0.000199904 -0.000647873 0.999781 -2.30986e-05 9.55027e-05 -0.000206491 2.06148e-05 0.999509 0.0230247 -0.000197334 -9.61993e-05 -0.0230251 0.999398
3.1 0.00059304 4342.7 -3.09743 -0.930788 -0.815854 -3.12985 4341.68 -0.174405 0.452241 -0.962797 0.161593 4340.3 108.105 -0.801636 -0.456894 -108.106 4339.79 -0.000713249 -0.000214334 -0.000187868 -0.000720716 0.999767 -4.01606e-05 0.000104138 -0.000221705 3.72103e-05 0.999448 0.0248934 -0.000184594 -0.00010521 -0.0248937 0.99933
3.2 0.000612151 4030.1 -3.20052 -0.926343 -0.704936 -3.23311 4029.1 -0.236833 0.457407 -0.95758 0.222739 4027.6 108.308 -0.688422 -0.463572 -108.309 4027.09 -0.000794153 -0.000229856 -0.000174918 -0.000802241 0.99975 -5.87661e-05 0.000113498 -0.000237607 5.52689e-05 0.999378 0.0268748 -0.00017082 -0.000115027 -0.0268751 0.999253
3.3 0.00063126 3728.13 -3.29953 -0.917514 -0.600074 -3.33216 3727.13 -0.294705 0.461041 -0.947766 0.279276 3725.52 108.027 -0.581219 -0.468818 -108.028 3725.02 -0.000885035 -0.000246106 -0.000160958 -0.000893787 0.999732 -7.9049e-05 0.000123666 -0.00025422 7.49106e-05 0.999298 0.0289762 -0.000155901 -0.000125752 -0.0289764 0.999164
3.4 0.000650367 3437.49 -3.39447 -0.904459 -0.501466 -3.42701 3436.5 -0.347719 0.463168 -0.933518 0.330908 3434.77 107.27 -0.480249 -0.472646 -107.271 3434.27 -0.000987485 -0.000263116 -0.000145881 -0.00099695 0.999711 -0.000101155 0.00013474 -0.000271569 9.62644e-05 0.999207 0.0312059 -0.000139709 -0.000137497 -0.031206 0.999063
3.5 0.000669472 3158.8 -3.48542 -0.887375 -0.409258 -3.51774 3157.81 -0.395613 0.463824 -0.915041 0.377377 3155.96 106.05 -0.385682 -0.475079 -106.05 3155.47 -0.0011034 -0.000280922 -0.000129561 -0.00111363 0.999687 -0.000125242 0.000146836 -0.00028968 0.000119468 0.999103 0.0335728 -0.000122098 -0.000150399 -0.0335728 0.998948
3.6 0.000688575 2892.55 -3.57248 -0.8665 -0.323546 -3.60446 2891.57 -0.438164 0.463054 -0.892582 0.418466 2889.61 104.382 -0.297639 -0.47615 -104.382 2889.13 -0.00123506 -0.000299563 -0.000111855 -0.00124612 0.99966 -0.00015148 0.000160085 -0.00030858 0.00014467 0.998984 0.0360866 -0.000102899 -0.000164613 -0.0360866 0.998816
3.7 0.000707676 2639.16 -3.65579 -0.842104 -0.244375 -3.68731 2638.19 -0.475193 0.460915 -0.866423 0.454003 2636.12 102.289 -0.21619 -0.475898 -102.289 2635.64 -0.00138521 -0.00031908 -9.25956e-05 -0.00139715 0.99963 -0.000180054 0.000174645 -0.000328295 0.000172025 0.998848 0.0387583 -8.19162e-05 -0.000180322 -0.0387581 0.998666
3.8 0.000726775 2398.95 -3.73552 -0.814489 -0.171747 -3.76648 2397.98 -0.506568 0.45747 -0.836879 0.483863 2395.81 99.7947 -0.14136 -0.474371 -99.7941 2395.33 -0.00155715 -0.000339519 -7.15925e-05 -0.00157005 0.999595 -0.000211162 0.000190696 -0.000348852 0.000201698 0.998692 0.0415993 -5.89259e-05 -0.000197741 -0.0415991 0.998493
3.9 0.000745871 2172.13 -3.81188 -0.783983 -0.105618 -3.84216 2171.16 -0.532203 0.452788 -0.804291 0.507966 2168.9 96.9258 -0.07313 -0.47162 -96.9249 2168.42 -0.0017549 -0.000360928 -4.86243e-05 -0.00176885 0.999554 -0.000245014 0.000208454 -0.000370277 0.000233856 0.998512 0.0446225 -3.36674e-05 -0.000217123 -0.0446221 0.998294
4 0.000764965 1958.83 -3.88507 -0.750933 -0.0459063 -3.91459 1957.86 -0.55206 0.446945 -0.769021 0.526283 1955.51 93.713 -0.0114384 -0.4677 -93.7118 1955.04 -0.00198337 -0.000383358 -2.34356e-05 -0.00199844 0.999508 -0.000281832 0.000228169 -0.000392593 0.000268672 0.998305 0.0478414 -5.83939e-06 -0.000238765 -0.0478408 0.998065
4.1 0.000784057 1759.08 -3.95534 -0.715703 0.00750917 -3.984 1758.12 -0.56615 0.440017 -0.731452 0.538832 1755.68 90.1887 0.0438139 -0.462671 -90.1874 1755.21 -0.00224852 -0.000406862 4.2688e-06 -0.00226482 0.999455 -0.000321844 0.00025014 -0.000415815 0.000306315 0.998067 0.0512704 2.49073e-05 -0.000263019 -0.0512696 0.997802
4.2 0.000803147 1572.84 -4.02291 -0.67867 0.0547819 -4.05064 1571.89 -0.574533 0.432086 -0.691974 0.545682 1569.37 86.3878 0.0927616 -0.456592 -86.3863 1568.9 -0.00255773 -0.000431493 3.48299e-05 -0.00257536 0.999392 -0.000365284 0.000274717 -0.000439952 0.00034694 0.997791 0.0549247 5.89771e-05 -0.000290298 -0.0549237 0.997497
4.3 0.000822234 1399.98 -4.08804 -0.640215 0.0960957 -4.11475 1399.03 -0.577318 0.423233 -0.650987 0.546949 1396.44 82.3463 0.135572 -0.449525 -82.3447 1395.98 -0.00292006 -0.000457302 6.86407e-05 -0.00293915 0.99932 -0.000412375 0.000302313 -0.000464997 0.000390683 0.997472 0.0588195 9.68382e-05 -0.000321094 -0.0588184 0.997143
4.4 0.000841318 1240.3 -4.15095 -0.60072 0.131661 -4.17659 1239.35 -0.57466 0.413541 -0.608892 0.542799 1236.71 78.1015 0.172441 -0.441533 -78.0999 1236.25 -0.00334673 -0.000484334 0.000106153 -0.0033674 0.999235 -0.000463323 0.00033342 -0.000490923 0.000437635 0.997101 0.0629698 0.000139031 -0.000355988 -0.0629685 0.996732
4.5 0.0008604 1093.53 -4.2119 -0.560565 0.161711 -4.2364 1092.58 -0.566761 0.40309 -0.566086 0.533443 1089.88 73.6915 0.20359 -0.432674 -73.6898 1089.43 -0.00385167 -0.000512622 0.000147881 -0.00387408 0.999135 -0.000518288 0.000368615 -0.000517671 0.000487819 0.996669 0.0673888 0.000186177 -0.000395669 -0.0673873 0.996253
4.6 0.00087948 959.323 -4.27109 -0.52012 0.1865 -4.29441 958.379 -0.553868 0.391961 -0.522959 0.519134 955.644 69.1544 0.229263 -0.42301 -69.1528 955.19 -0.00445219 -0.000542174 0.000194408 -0.0044765 0.999016 -0.000577353 0.00040858 -0.000545134 0.000541146 0.996165 0.0720866 0.000238984 -0.000440946 -0.072085 0.995692
4.7 0.000898556 837.299 -4.32874 -0.479745 0.206296 -4.35084 836.357 -0.536266 0.380228 -0.479887 0.500168 833.593 64.5283 0.249724 -0.412598 -64.5269 833.142 -0.00516989 -0.000572967 0.000246383 -0.00519628 0.998875 -0.000640471 0.000454113 -0.000573137 0.000597359 0.995574 0.0770673 0.000298249 -0.000492772 -0.0770655 0.995035
4.8 0.00091763 727.01 -4.38503 -0.439779 0.221383 -4.40587 726.07 -0.514281 0.367966 -0.437231 0.47688 723.288 59.8508 0.265252 -0.401493 -59.8496 722.839 -0.00603159 -0.000604914 0.000304511 -0.00606026 0.998707 -0.000707392 0.000506136 -0.000601409 0.000655947 0.99488 0.0823246 0.000364853 -0.000552252 -0.0823229 0.994262
4.9 0.000936701 627.97 -4.44013 -0.400545 0.232051 -4.45969 627.031 -0.488273 0.355245 -0.395328 0.449639 624.242 55.1586 0.276138 -0.389749 -55.1576 623.794 -0.00707061 -0.00063784 0.000369526 -0.00710176 0.998505 -0.000777542 0.000565704 -0.000629534 0.00071602 0.994063 0.0878363 0.000439732 -0.000620649 -0.0878347 0.99335
5 0.00095577 539.651 -4.49419 -0.362339 0.238601 -4.51244 538.714 -0.458632 0.34213 -0.354496 0.418843 535.928 50.4868 0.282686 -0.377417 -50.4861 535.481 -0.00832795 -0.000671432 0.00044214 -0.00836177 0.998262 -0.000849868 0.000633983 -0.000656897 0.000776137 0.993101 0.0935544 0.000523831 -0.000699372 -0.0935532 0.992273
5.1 0.000974835 461.497 -4.54732 -0.325433 0.241337 -4.56425 460.56 -0.425775 0.328683 -0.31502 0.384919 457.789 45.8692 0.285205 -0.364545 -45.8689 457.344 -0.0098534 -0.000705168 0.000522944 -0.0098901 0.99797 -0.000922595 0.00071221 -0.000682605 0.000834065 0.991966 0.0993921 0.000617998 -0.000789918 -0.0993915 0.991
5.2 0.000993897 392.925 -4.5996 -0.290069 0.240564 -4.61522 391.989 -0.390141 0.314961 -0.277161 0.348312 389.243 41.3376 0.284008 -0.35118 -41.3378 388.798 -0.0117061 -0.00073823 0.000612239 -0.0117458 0.997617 -0.000992914 0.000801581 -0.000705379 0.000886458 0.990629 0.105205 0.000722803 -0.000893758 -0.105205 0.989498
5.3 0.00101296 333.333 -4.65112 -0.256457 0.236587 -4.66541 332.397 -0.352184 0.301018 -0.241144 0.309486 329.686 36.9216 0.279411 -0.337365 -36.9224 329.243 -0.0139534 -0.000769373 0.000709761 -0.0139962 0.997192 -0.00105655 0.000903055 -0.000723433 0.000928459 0.989061 0.110765 0.000838235 -0.0010121 -0.110767 0.98773
5.4 0.00103201 282.107 -4.70189 -0.224777 0.229709 -4.71486 281.17 -0.312373 0.286902 -0.207163 0.268916 278.505 32.6486 0.271733 -0.323143 -32.6499 278.063 -0.0166671 -0.00079678 0.000814262 -0.0167131 0.996681 -0.00110729 0.001017 -0.000734344 0.000953244 0.987235 0.115731 0.000963227 -0.00114547 -0.115736 0.985665
5.5 0.00105107 238.624 -4.75193 -0.195173 0.220228 -4.76359 237.688 -0.271181 0.272658 -0.175377 0.227084 235.078 28.543 0.261286 -0.308556 -28.545 234.636 -0.0199139 -0.000817908 0.000922907 -0.0199627 0.996075 -0.00113643 0.00114262 -0.000734952 0.000951638 0.985138 0.119615 0.00109497 -0.00129306 -0.119623 0.983285
5.6 0.00107012 202.263 -4.80122 -0.167757 0.208438 -4.81159 201.326 -0.229083 0.258328 -0.145911 0.184471 198.78 24.6269 0.248383 -0.293644 -24.6296 198.338 -0.0237375 -0.000829399 0.00103053 -0.0237887 0.995367 -0.0011326 0.00127719 -0.000721394 0.000912033 0.982778 0.121757 0.00122802 -0.00145179 -0.12177 0.980595
5.7 0.00108916 172.404 -4.84972 -0.142607 0.194626 -4.85881 171.466 -0.186551 0.243951 -0.118855 0.141554 168.992 20.9193 0.233328 -0.278446 -20.9227 168.551 -0.02813 -0.000827169 0.00112889 -0.0281827 0.994561 -0.00108206 0.001415 -0.000689398 0.000821061 0.980208 0.121339 0.00135338 -0.00161508 -0.121359 0.977649
5.8 0.00110821 148.436 -4.89736 -0.119769 0.179068 -4.90518 147.497 -0.144047 0.229563 -0.0942637 0.0988024 145.102 17.4364 0.216421 -0.263003 -17.4406 144.661 -0.0329931 -0.000806874 0.00120636 -0.0330458 0.993677 -0.000970434 0.00154655 -0.000635046 0.000665624 0.97754 0.117468 0.00145801 -0.00177183 -0.117496 0.97457
5.9 0.00112725 129.761 -4.94405 -0.0992547 0.162034 -4.95064 128.821 -0.10202 0.215198 -0.0721597 0.0566685 126.512 14.1914 0.197952 -0.247355 -14.1965 126.071 -0.0381012 -0.000764904 0.00124871 -0.038152 0.992759 -0.000786219 0.00165842 -0.000556097 0.000436715 0.974962 0.109366 0.00152552 -0.00190624 -0.109405 0.971565
6 0.00172656 115.798 -4.98969 -0.0810467 0.143784 -4.99507 114.857 -0.0609002 0.200888 -0.0525334 0.0155861 112.64 11.1946 0.178205 -0.231544 -11.2005 112.199 -0.0430895 -0.000699896 0.00124168 -0.0431359 0.991876 -0.000525916 0.00173481 -0.000453663 0.000134597 0.972723 0.0966729 0.00153892 -0.00199955 -0.0967239 0.968918
6.2 0.00236869 99.793 -5.07731 -0.0513368 0.104621 -5.08036 98.8496 0.0170223 0.172558 -0.0205267 -0.0618133 96.8286 5.97171 0.135949 -0.199609 -5.97935 96.3881 -0.0508784 -0.000514433 0.00104838 -0.0509089 0.990547 0.000170576 0.00172916 -0.000205693 -0.000619415 0.970294 0.059841 0.00136231 -0.00200023 -0.0599175 0.96588
6.4 0.00244479 96.2394 -5.15914 -0.0299614 0.063443 -5.15997 95.2932 0.0868192 0.14482 0.00239653 -0.13048 93.4807 1.7929 0.0917 -0.167566 -1.80226 93.0401 -0.0536073 -0.000311322 0.00065922 -0.0536159 0.990168 0.000902116 0.00150478 2.49017e-05 -0.00135578 0.971335 0.0186296 0.000952832 -0.00174114 -0.0187268 0.966757
6.6 0.00252085 101.413 -5.23395 -0.0159007 0.021937 -5.23271 100.464 0.146137 0.117921 0.0172409 -0.18806 98.864 -1.35876 0.0473109 -0.135823 1.34779 98.4233 -0.0516103 -0.000156792 0.000216314 -0.051598 0.990641 0.00144101 0.00116278 0.000170007 -0.0018544 0.974866 -0.0133983 0.000466517 -0.00133931 0.0132901 0.97052
6.8 0.00259689 112.096 -5.30054 -0.00788802 -0.0183932 -5.29737 111.145 0.193252 0.0921239 0.0252806 -0.232847 109.754 -3.53692 0.00443233 -0.104825 3.52452 109.313 -0.0472856 -7.03682e-05 -0.000164084 -0.0472572 0.991508 0.00172398 0.000821827 0.000225525 -0.0020772 0.979107 -0.0315525 3.95404e-05 -0.00093513 0.0314419 0.975173
7 0.00267289 125.605 -5.35779 -0.0045125 -0.0562283 -5.35283 124.651 0.227116 0.0677068 0.0279567 -0.263826 123.46 -4.82572 -0.0355004 -0.0750484 4.81216 123.019 -0.0426558 -3.59261e-05 -0.000447659 -0.0426163 0.992402 0.00180817 0.000539045 0.000222576 -0.00210043 0.982923 -0.0384197 -0.000282634 -0.000597494 0.0383117 0.979412
7.2 0.00274886 139.788 -5.40471 -0.00432103 -0.0904353 -5.39812 138.831 0.247369 0.0449625 0.0267751 -0.280687 137.824 -5.33276 -0.0712749 -0.0469941 5.31836 137.383 -0.0386637 -3.09114e-05 -0.000646948 -0.0386166 0.993159 0.00176961 0.000321649 0.000191541 -0.00200795 0.985955 -0.038149 -0.00050988 -0.000336182 0.038046 0.982799
7.4 0.0028248 153.005 -5.44056 -0.00591435 -0.12007 -5.43252 152.047 0.254315 0.0241904 0.0232083 -0.2838 151.202 -5.18175 -0.101908 -0.0211643 5.16691 150.761 -0.0355581 -3.86547e-05 -0.00078475 -0.0355056 0.993741 0.00166214 0.000158102 0.000151684 -0.00185484 0.988221 -0.0338666 -0.000666048 -0.000138325 0.0337697 0.985339
7.6 0.00290071 164.092 -5.46485 -0.00803159 -0.144384 -5.45553 163.134 0.248864 0.00568356 0.01861 -0.274156 162.427 -4.50523 -0.126653 0.00195929 4.4904 161.987 -0.0333035 -4.89456e-05 -0.000879892 -0.0332467 0.994159 0.00151661 3.46364e-05 0.000113412 -0.00167074 0.989853 -0.0274555 -0.000771841 1.19402e-05 0.0273651 0.987167
7.8 0.00297657 172.313 -5.47736 -0.00961866 -0.162824 -5.46695 171.354 0.232446 -0.0102884 0.0141436 -0.253279 170.758 -3.43779 -0.145001 0.0219421 3.42342 170.318 -0.0317874 -5.5821e-05 -0.000944935 -0.0317269 0.994437 0.00134898 -5.9708e-05 8.20813e-05 -0.00146988 0.99098 -0.0199509 -0.000841501 0.000127339 0.0198675 0.988425
8 0.00305241 177.293 -5.47816 -0.00987756 -0.175048 -5.46685 176.335 0.206902 -0.0234994 0.0107298 -0.223114 175.822 -2.10989 -0.156685 0.0384244 2.09647 175.382 -0.0308989 -5.57133e-05 -0.000987337 -0.0308351 0.994596 0.00116701 -0.000132546 6.05204e-05 -0.00125845 0.991703 -0.0119006 -0.000883766 0.000216728 0.0118249 0.989223
8.2 0.0031282 178.963 -5.46755 -0.00829491 -0.180921 -5.45556 178.006 0.174362 -0.0337864 0.00901402 -0.185901 177.548 -0.64281 -0.16168 0.0511479 0.630783 177.109 -0.0305512 -4.63498e-05 -0.00101094 -0.0304843 0.994653 0.000974291 -0.00018879 5.0368e-05 -0.00103877 0.992091 -0.00359186 -0.000903426 0.000285801 0.00352465 0.98964
8.4 0.00320396 177.491 -5.44606 -0.00464916 -0.180524 -5.43361 176.536 0.137114 -0.0410685 0.00935458 -0.144039 176.105 0.855475 -0.160195 0.0599779 -0.865683 175.667 -0.0306836 -2.61938e-05 -0.00101709 -0.0306134 0.99462 0.000772511 -0.000231384 5.27045e-05 -0.00081153 0.992192 0.00481982 -0.000902552 0.000337921 -0.00487734 0.989726
8.6 0.00327968 173.218 -5.41439 0.00100221 -0.17415 -5.40171 172.265 0.0974685 -0.0453622 0.0118304 -0.0999519 171.837 2.29313 -0.152665 0.0649201 -2.30115 171.401 -0.0312576 5.78582e-06 -0.00100538 -0.0311844 0.9945 0.000562693 -0.000261879 6.82977e-05 -0.00057703 0.99203 0.0132384 -0.000881347 0.000374789 -0.0132847 0.98951
8.8 0.00335535 166.602 -5.37335 0.00835338 -0.162298 -5.36068 165.652 0.0576421 -0.0467906 0.0162661 -0.0559588 165.206 3.59622 -0.139735 0.0661296 -3.60175 164.77 -0.0322526 5.01397e-05 -0.000974168 -0.0321765 0.994299 0.000345987 -0.000280852 9.76345e-05 -0.000335883 0.991618 0.0215857 -0.000838732 0.000396931 -0.0216189 0.989006
9 0.00343099 158.165 -5.32382 0.0168955 -0.145657 -5.31139 157.218 0.0196435 -0.0455878 0.0222718 -0.0141631 156.735 4.70932 -0.122231 0.0639107 -4.71214 156.301 -0.0336599 0.000106822 -0.000920915 -0.0335813 0.994014 0.000124196 -0.000288229 0.000140814 -8.95465e-05 0.990958 0.0297747 -0.000772805 0.000404076 -0.0297926 0.988216
9.2 0.00350659 148.448 -5.26668 0.0259728 -0.125079 -5.25474 147.505 -0.0148131 -0.0420946 0.0292936 0.0236407 146.971 5.59518 -0.101133 0.0587082 -5.59518 146.539 -0.0354783 0.000174962 -0.000842579 -0.0353978 0.993643 -9.97861e-05 -0.000283564 0.000197332 0.000159252 0.990047 0.0376912 -0.000681269 0.00039548 -0.0376911 0.987136
9.4 0.00358214 137.978 -5.2028 0.0348444 -0.101557 -5.19156 137.037 -0.0443733 -0.0367476 0.0366704 0.0560357 136.443 6.23364 -0.0775344 0.0510888 -6.23077 136.012 -0.0377076 0.000252537 -0.000736041 -0.0376261 0.993183 -0.000321598 -0.000266331 0.000265771 0.000406122 0.988877 0.0451787 -0.000561935 0.000370269 -0.0451579 0.985756
9.6 0.00365765 127.236 -5.13294 0.0427487 -0.0761762 -5.12263 126.298 -0.0680821 -0.0300612 0.0436943 0.0820238 125.638 6.61977 -0.0525956 0.0417148 -6.61412 125.209 -0.0403419 0.00033598 -0.000598701 -0.0402609 0.992631 -0.000535086 -0.000236263 0.000343412 0.00064466 0.987443 0.0520276 -0.000413371 0.000327854 -0.0519832 0.984069
9.8 0.00373311 116.644 -5.05779 0.0489642 -0.0500739 -5.04862 115.709 -0.0853964 -0.0226029 0.049668 0.10104 114.981 6.76174 -0.0274963 0.0313114 -6.75346 114.553 -0.0433609 0.000419775 -0.000429288 -0.0432823 0.991985 -0.000732112 -0.000193777 0.000425808 0.00086623 0.985745 0.057969 -0.000235729 0.000268436 -0.0578981 0.982077
10 0.00380853 106.55 -4.97794 0.0528649 -0.0243881 -4.97007 105.617 -0.0961733 -0.0149659 0.0539582 0.112943 104.824 6.67827 -0.00338341 0.0206292 -6.66763 104.397 -0.0467193 0.000496151 -0.000228889 -0.0466454 0.991247 -0.000902611 -0.000140458 0.000506412 0.00106 0.983798 0.0626773 -3.17542e-05 0.00019361 -0.0625774 0.979795
10.2 0.0038839 97.2241 -4.89385 0.053965 -0.000206684 -4.88744 96.2932 -0.100636 -0.00773679 0.0560405 0.117974 95.4389 6.39615 0.0186806 0.0104047 -6.38346 95.0134 -0.0503358 0.000555058 -2.12585e-06 -0.0502699 0.990425 -0.00103509 -7.95768e-05 0.000576406 0.00121343 0.981638 0.0657877 0.00019214 0.000107018 -0.0656572 0.977262
10.4 0.00395923 88.8587 -4.80589 0.0519521 0.0214838 -4.80106 87.9289 -0.0993197 -0.00146508 0.0555335 0.116712 87.0217 5.94768 0.0377658 0.00132184 -5.93332 86.597 -0.0540846 0.00058466 0.000241775 -0.0540303 0.989537 -0.00111773 -1.64877e-05 0.000624964 0.00131345 0.979327 0.0669342 0.000425009 1.48757e-05 -0.0667726 0.974548
10.6 0.0040345 81.5738 -4.71433 0.0467072 0.0398438 -4.71117 80.6445 -0.0930099 0.00336723 0.0522218 0.109994 79.6943 5.36839 0.053117 -0.00602393 -5.35279 79.2702 -0.0577922 0.000572576 0.000488439 -0.0577535 0.988608 -0.00114019 4.12783e-05 0.000640178 0.0013484 0.976959 0.0658102 0.000651153 -7.38463e-05 -0.0656189 0.97176
10.8 0.00410973 75.4245 -4.6194 0.0383104 0.0542205 -4.61796 74.4951 -0.0826642 0.00637145 0.0460662 0.0988499 73.513 4.69494 0.0641884 -0.0111558 -4.67854 73.0892 -0.0612453 0.00050793 0.000718871 -0.0612263 0.987677 -0.00109599 8.44745e-05 0.000610758 0.00131058 0.974656 0.0622469 0.000851027 -0.000147906 -0.0620294 0.969038
11 0.00418491 70.4102 -4.52126 0.027033 0.0641771 -4.52157 69.4799 -0.0693388 0.00727281 0.0372018 0.0844106 68.4782 3.96342 0.0706662 -0.0137382 -3.94666 68.0544 -0.0642131 0.000383936 0.000911474 -0.0642175 0.986788 -0.000984783 0.000103292 0.000528358 0.00119884 0.972561 0.0562905 0.00100364 -0.000195117 -0.0560524 0.966542
11.2 0.00426003 66.4848 -4.42007 0.0133184 0.0695115 -4.42211 65.5532 -0.0541138 0.00592401 0.0259257 0.0678371 64.5442 3.20791 0.0724807 -0.0135916 -3.19122 64.1202 -0.0664824 0.000200323 0.00104552 -0.0665131 0.985987 -0.000813927 8.91032e-05 0.000389949 0.00102034 0.970811 0.0482502 0.00109018 -0.000204432 -0.0479992 0.964434
11.4 0.00433511 63.5675 -4.316 -0.00224794 0.0702617 -4.31973 62.6339 -0.0380271 0.00231111 0.0126744 0.0502466 61.6301 2.4594 0.0698039 -0.0106964 -2.44318 61.2055 -0.0678963 -3.53631e-05 0.00110531 -0.067955 0.985314 -0.000598216 3.63568e-05 0.000199384 0.000790445 0.969521 0.0386896 0.00109811 -0.000168268 -0.0384344 0.962843
11.6 0.00441013 61.552 -4.20924 -0.0189759 0.0666977 -4.21457 60.6162 -0.0220179 -0.00344868 -0.00200538 0.0326526 59.6289 1.74509 0.0630347 -0.00518831 -1.72967 59.2037 -0.068385 -0.00030829 0.0010836 -0.0684717 0.984795 -0.000357712 -5.60287e-05 -3.25803e-05 0.000530488 0.968757 0.0283514 0.00102409 -8.42915e-05 -0.028101 0.961848
11.8 0.0044851 60.3159 -4.10001 -0.0361124 0.0593008 -4.10685 59.3774 -0.00688425 -0.0111169 -0.0174909 0.0159182 58.4174 1.08783 0.0527724 0.00265506 -1.07352 57.9913 -0.0679756 -0.000598721 0.00098317 -0.068089 0.98444 -0.000114137 -0.000184312 -0.000289988 0.000263914 0.968524 0.0180355 0.000874934 4.40193e-05 -0.0177983 0.961461
12 0.0139046 59.7277 -3.9886 -0.0528854 0.0487318 -3.9968 58.7864 0.00674549 -0.020351 -0.0331204 0.000725222 57.8628 0.505952 0.0397781 0.0124362 -0.492965 57.4359 -0.0667797 -0.000885442 0.000815899 -0.0669171 0.984241 0.000112937 -0.000340729 -0.000554524 1.21421e-05 0.968777 0.00847097 0.00066599 0.000208215 -0.00825355 0.961629
13 0.0246683 61.9905 -3.41199 -0.107968 -0.0217596 -3.42445 61.0378 0.0428212 -0.073831 -0.0919348 -0.0417365 60.3707 -0.945298 -0.0343591 0.0718219 0.950815 59.9411 -0.0550406 -0.00174168 -0.000351015 -0.0552415 0.984632 0.00069077 -0.00119101 -0.00148305 -0.000673272 0.973871 -0.0152491 -0.000554264 0.00115859 0.0153381 0.966939
14 0.0265294 63.6745 -2.8457 -0.0865145 -0.051496 -2.8575 62.7238 0.0363704 -0.0998426 -0.0862321 -0.0401753 62.2646 -0.160356 -0.0555379 0.103535 0.161682 61.842 -0.0446914 -0.0013587 -0.000808739 -0.0448766 0.98507 0.000571193 -0.00156802 -0.00135427 -0.000630949 0.977859 -0.00251837 -0.000872216 0.00162601 0.00253919 0.971221
15 0.0283823 58.9966 -2.34852 -0.0129957 -0.013659 -2.35571 58.0633 0.0210771 -0.0789289 -0.0264437 -0.0306969 57.6098 1.37205 -0.00782902 0.0847346 -1.37072 57.2068 -0.0398077 -0.000220279 -0.000231521 -0.0399296 0.984181 0.00035726 -0.00133786 -0.000448224 -0.000520317 0.976495 0.0232564 -0.000132703 0.00143626 -0.023234 0.969664
16 0.0302266 50.3563 -1.96591 0.0515773 0.0383635 -1.96723 49.4455 0.0123714 -0.0352077 0.0360504 -0.0273523 48.8336 1.97104 0.0446633 0.0400121 -1.96976 48.4561 -0.0390401 0.00102425 0.000761842 -0.0390663 0.981913 0.000245678 -0.000699172 0.000715908 -0.000543175 0.969762 0.0391419 0.000886945 0.00079458 -0.0391164 0.962265
17 0.0320617 43.7164 -1.71746 0.0678822 0.0545512 -1.71459 42.8209 0.0118575 -0.00021979 0.058276 -0.0282874 42.0709 1.19751 0.0508357 0.00274138 -1.19995 41.7154 -0.0392863 0.00155279 0.00124784 -0.0392207 0.979515 0.000271236 -5.02763e-06 0.00133305 -0.000647067 0.96236 0.0273928 0.00116285 6.27082e-05 -0.0274486 0.954227
18 0.0338871 42.0138 -1.58322 0.0372516 0.040276 -1.57906 41.1222 0.0204816 0.0119731 0.0331494 -0.0345063 40.3925 0.0358961 0.0246238 -0.0107744 -0.0445714 40.0521 -0.0376835 0.000886651 0.000958637 -0.0375844 0.978778 0.000487496 0.00028498 0.000789013 -0.000821309 0.961411 0.000854389 0.000586088 -0.000256449 -0.00106088 0.953309
19 0.0357021 42.8804 -1.51659 -0.0130548 0.0263203 -1.51292 41.9867 0.0311615 0.00380839 -0.0142019 -0.0418108 41.3898 -0.376224 0.0066382 -0.00222537 0.363936 41.0598 -0.0353678 -0.000304448 0.000613806 -0.0352823 0.979158 0.000726706 8.88141e-05 -0.000331197 -0.000975056 0.965237 -0.0087738 0.000154807 -5.18971e-05 0.00848723 0.957542
20 0.0375062 42.5193 -1.48168 -0.0526825 0.0243343 -1.47856 41.6251 0.0307492 -0.0114021 -0.05 -0.0377059 41.1206 0.0702307 0.0106433 0.0130867 -0.0794542 40.7981 -0.0348473 -0.00123903 0.000572312 -0.0347739 0.97897 0.000723182 -0.000268163 -0.00117594 -0.000886795 0.967104 0.00165174 0.000250317 0.000307783 -0.00186866 0.95952
21 0.0392989 39.9634 -1.45613 -0.0658055 0.0253098 -1.45299 39.0721 0.0181438 -0.0171995 -0.0571138 -0.0196511 38.5409 0.672121 0.021181 0.0170976 -0.673395 38.2227 -0.0364365 -0.00164664 0.000633324 -0.0363579 0.977696 0.000454009 -0.000430382 -0.00142915 -0.000491727 0.964405 0.0168184 0.000530009 0.000427832 -0.0168503 0.956441
22 0.0410797 36.7619 -1.38976 -0.0549349 0.0198904 -1.38642 35.872 0.00535396 -0.0101281 -0.0412879 -0.0012451 35.2503 0.898918 0.0217103 0.00850753 -0.893906 34.9343 -0.0378044 -0.00149435 0.000541061 -0.0377135 0.975795 0.000145639 -0.000275505 -0.00112312 -3.38693e-05 0.958883 0.0244525 0.000590566 0.000231423 -0.0243161 0.950286
23 0.0428479 34.1397 -1.20752 -0.0294674 0.00565403 -1.20432 33.2463 -0.00265236 -0.00524616 -0.0152855 0.00737283 32.5645 0.785293 0.00896676 0.00543225 -0.780088 32.2537 -0.03537 -0.000863143 0.000165614 -0.0352762 0.973832 -7.76913e-05 -0.000153668 -0.000447734 0.000215961 0.95386 0.0230023 0.000262649 0.000159118 -0.0228499 0.944757
24 0.0446031 31.9876 -0.897313 0.00435258 -0.013445 -0.895273 31.089 -0.0138533 -0.0146763 0.0149907 0.0118041 30.4128 0.563649 -0.00929102 0.0186846 -0.561868 30.1146 -0.0280519 0.000136071 -0.000420321 -0.0279882 0.971908 -0.000433084 -0.000458813 0.000468641 0.00036902 0.95077 0.0176209 -0.000290457 0.000584122 -0.0175652 0.941446
25 0.0463447 29.9882 -0.570922 0.0377118 -0.02438 -0.572074 29.0902 -0.0315186 -0.0265979 0.043948 0.0200941 28.4571 0.335686 -0.018183 0.0319969 -0.335218 28.177 -0.0190382 0.00125755 -0.000812987 -0.0190766 0.970056 -0.00105103 -0.000886945 0.00146551 0.000670066 0.948945 0.011194 -0.000606339 0.00106698 -0.0111784 0.939603
26 0.0480722 28.3378 -0.38273 0.0526001 -0.0119237 -0.38908 27.449 -0.0457999 -0.0200288 0.0566276 0.0302509 26.8507 0.129579 -0.00444329 0.023022 -0.126832 26.588 -0.013506 0.00185618 -0.00042077 -0.0137301 0.968635 -0.00161621 -0.000706788 0.00199831 0.00106751 0.947521 0.00457267 -0.000156797 0.000812413 -0.00447572 0.93825
27 0.049785 27.2306 -0.379542 0.0361106 0.0211008 -0.390581 26.3539 -0.0494699 0.00284946 0.0410621 0.0383632 25.7547 0.00206949 0.0275716 -0.0028799 0.00251616 25.5039 -0.013938 0.0013261 0.000774891 -0.0143434 0.967803 -0.0018167 0.000104642 0.00150794 0.00140882 0.945799 7.59985e-05 0.00101252 -0.00010576 9.24018e-05 0.936589
28 0.0514827 26.4154 -0.461812 0.00177875 0.0474727 -0.473314 25.546 -0.0497807 0.0161866 0.00931982 0.0477574 24.9157 -0.0201106 0.0522093 -0.0171161 0.0227192 24.6715 -0.0174827 6.73377e-05 0.00179716 -0.0179181 0.967085 -0.00188453 0.000612769 0.000352817 0.00180794 0.943227 -0.000761319 0.00197647 -0.00064796 0.000860072 0.933981
29 0.0531646 25.5235 -0.494417 -0.0174583 0.0407826 -0.500855 24.6541 -0.0558121 0.00513326 -0.00894789 0.0604448 23.9942 0.0208625 0.0449842 -0.00559768 -0.0222271 23.7545 -0.0193711 -0.000684009 0.00159785 -0.0196233 0.965938 -0.0021867 0.000201119 -0.000350575 0.00236821 0.940084 0.000817385 0.00176246 -0.000219315 -0.000870849 0.930694
30 0.0548304 24.4502 -0.421228 -0.00403523 0.00486643 -0.42007 23.5768 -0.0620407 -0.0138182 0.000303581 0.0667996 22.9143 0.0835908 0.00934326 0.0136801 -0.0869348 22.6797 -0.017228 -0.000165039 0.000199034 -0.0171806 0.96428 -0.00253743 -0.000565159 1.24163e-05 0.00273207 0.937181 0.00341882 0.000382134 0.000559507 -0.00355559 0.92759
31 0.0564795 23.2517 -0.268401 0.0253188 -0.0301112 -0.262038 22.3735 -0.0538679 -0.0145688 0.0194961 0.0537847 21.7264 0.154906 -0.0252073 0.0151924 -0.157415 21.4981 -0.0115433 0.0010889 -0.00129501 -0.0112697 0.962231 -0.00231673 -0.00062657 0.000838482 0.00231315 0.934404 0.00666214 -0.00108411 0.000653389 -0.00677004 0.924584
32 0.0581114 21.9488 -0.0876962 0.0413856 -0.0393688 -0.0812173 21.0656 -0.0262732 0.00694026 0.0234924 0.0211505 20.4227 0.189568 -0.0325668 -0.00399815 -0.190792 20.2009 -0.0039955 0.00188556 -0.00179367 -0.00370031 0.959761 -0.00119703 0.000316203 0.00107033 0.000963631 0.930473 0.00863685 -0.00148377 -0.000182158 -0.00869258 0.920366
33 0.0597256 20.614 0.0650361 0.0350875 -0.0235973 0.0677194 19.7262 0.00960363 0.0316821 0.0101668 -0.0167704 19.0656 0.113054 -0.0131553 -0.0255154 -0.113822 18.8505 0.00315495 0.00170212 -0.00114472 0.00328511 0.956932 0.000465879 0.00153692 0.000493198 -0.000813544 0.924888 0.00548432 -0.000638172 -0.00123777 -0.00552157 0.914449
34 0.0613216 19.4702 0.129116 0.0205745 0.00111357 0.127168 18.5809 0.0364714 0.0412669 -0.00270596 -0.0433947 17.8998 -0.0702154 0.0124154 -0.0323493 0.0704567 17.6927 0.00663148 0.00105672 5.71939e-05 0.00653143 0.954325 0.00187319 0.00211949 -0.00013898 -0.00222878 0.919345 -0.00360631 0.000637664 -0.00166148 0.0036187 0.908705
35 0.0628989 18.6936 0.0792069 0.0125839 0.0222623 0.0739628 17.8088 0.0427983 0.0333902 -0.00386139 -0.0497118 17.1231 -0.232442 0.0261768 -0.0219236 0.235114 16.9267 0.0042371 0.000673166 0.0011909 0.00395657 0.952665 0.00228946 0.00178618 -0.000206562 -0.00265929 0.915984 -0.0124343 0.00140031 -0.00117278 0.0125772 0.905477
36 0.064457 18.1588 -0.0234084 0.0120194 0.0347938 -0.0300759 17.2833 0.027811 0.0175207 0.0010182 -0.0357784 16.6025 -0.243707 0.0250181 -0.00220324 0.247931 16.419 -0.0012891 0.000661908 0.00191609 -0.00165627 0.951789 0.00153154 0.000964859 5.60721e-05 -0.00197031 0.914296 -0.0134209 0.00137774 -0.000121332 0.0136535 0.904193
37 0.0659956 17.5219 -0.0632914 0.0126608 0.0348701 -0.0694577 16.6556 0.00168479 0.00476974 0.0032604 -0.0101253 15.9704 -0.117868 0.0147803 0.0153753 0.119473 15.7992 -0.00361214 0.00072257 0.00199009 -0.00396406 0.950563 9.61534e-05 0.000272217 0.000186076 -0.000577868 0.911458 -0.00672691 0.000843535 0.000877492 0.00681851 0.901682
38 0.067514 16.5825 0.0161813 0.0115143 0.0210569 0.0126232 15.7201 -0.0187134 0.00180879 0.00286088 0.0121486 15.0154 0.00151914 0.00099069 0.0204718 -0.00679818 14.8521 0.000975806 0.000694361 0.00126983 0.000761234 0.947991 -0.0011285 0.000109078 0.000172524 0.000732613 0.905498 9.1611e-05 5.97431e-05 0.00123454 -0.000409961 0.895645
39 0.0690118 15.4853 0.150386 0.00917513 0.00136301 0.150941 14.6201 -0.0205788 0.00712399 0.00331058 0.0177384 13.8915 -0.00519027 -0.0118456 0.0107073 -0.00754714 13.7308 0.00971152 0.000592507 8.802e-05 0.00974737 0.944131 -0.00132893 0.000460049 0.000213789 0.0011455 0.89708 -0.000335174 -0.000764961 0.000691453 -0.000487375 0.886701
40 0.10628 14.536 0.227153 0.00679662 -0.0100277 0.231336 13.6649 -0.00602028 0.0113064 0.00451908 0.00616232 12.9195 -0.121881 -0.0179138 -0.00330996 0.105062 12.7585 0.0156269 0.00046757 -0.000689848 0.0159146 0.940073 -0.000414163 0.000777817 0.000310888 0.000423934 0.888791 -0.00838473 -0.00123237 -0.000227707 0.00722771 0.877715
42 0.146749 13.3749 0.157835 0.0121404 0.00196166 0.162098 12.4953 0.0116778 -0.00748612 0.0104331 -0.014234 11.7407 -0.273588 -0.00340092 0.00631378 0.261431 11.5827 0.0118008 0.000907697 0.000146667 0.0121195 0.934233 0.00087311 -0.000559712 0.000780048 -0.00106423 0.877816 -0.0204552 -0.000254276 0.00047206 0.0195463 0.866003
44 0.152348 12.1904 0.16593 0.0251115 0.000625466 0.167808 11.3041 -0.00986973 -0.0201801 0.0259959 0.00335739 10.5384 -0.216527 0.0055132 0.0247332 0.216012 10.3929 0.0136116 0.00205994 5.1308e-05 0.0137655 0.927296 -0.000809631 -0.00165541 0.00213249 0.000275412 0.864481 -0.0177621 0.000452257 0.00202891 0.0177198 0.852547
46 0.157761 10.9653 0.199515 0.00951294 -0.0157862 0.201217 10.0696 -0.00372863 -0.015386 0.0217782 -0.00301991 9.2746 -0.242563 -0.00692102 0.0119492 0.244956 9.138 0.018195 0.000867547 -0.00143965 0.0183503 0.918315 -0.000340038 -0.00140315 0.00198609 -0.000275405 0.845811 -0.0221208 -0.000631172 0.00108973 0.0223391 0.833353
48 0.162982 10.0139 0.22254 0.00192257 -0.024825 0.227409 9.11784 0.0169279 -0.0153819 0.00853638 -0.0251894 8.29865 -0.279162 -0.0217306 0.0238907 0.280982 8.16312 0.0222231 0.00019199 -0.00247906 0.0227093 0.910518 0.00169044 -0.00153605 0.000852452 -0.00251544 0.828712 -0.0278775 -0.00217004 0.00238575 0.0280592 0.815179
50 0.168004 9.09099 0.190239 0.00458006 -0.00152621 0.201372 8.20323 0.00542682 -0.018532 -0.00311834 -0.00941486 7.36166 -0.320161 -0.00832751 0.0404221 0.323843 7.23396 0.0209261 0.000503802 -0.000167881 0.0221507 0.902347 0.000596945 -0.0020385 -0.000343014 -0.00103562 0.809775 -0.0352173 -0.000916017 0.00444639 0.0356224 0.795729
52 0.172821 8.26589 0.164657 0.00480774 -0.000518291 0.172738 7.37967 -0.016948 -0.0175021 0.00418755 0.0186986 6.51221 -0.283044 -0.00372892 0.0327936 0.283767 6.39527 0.0199201 0.000581637 -6.27024e-05 0.0208977 0.892786 -0.00205036 -0.00211739 0.000506606 0.00226214 0.787841 -0.0342424 -0.000451122 0.00396734 0.0343299 0.773694
54 0.177428 7.49299 0.205023 -0.00067663 -0.0208193 0.202063 6.60159 0.00440676 0.00859324 0.00820386 -0.00362451 5.72589 -0.270782 -0.00951572 0.00227344 0.27403 5.61752 0.027362 -9.03017e-05 -0.00277851 0.0269669 0.881036 0.000588117 0.00114684 0.00109487 -0.00048372 0.764166 -0.036138 -0.00126995 0.000303409 0.0365715 0.749703
56 0.181819 6.81961 0.173104 0.00361183 -0.0106345 0.170273 5.92164 0.000249554 0.0145489 0.00823216 -0.0205229 5.03364 -0.27062 -0.0017041 0.00057008 0.27477 4.92655 0.0253832 0.000529624 -0.0015594 0.0249681 0.868326 3.65936e-05 0.0021334 0.00120713 -0.0030094 0.738113 -0.0396827 -0.000249882 8.35943e-05 0.0402911 0.72241
58 0.185988 6.22414 0.143589 -0.00145664 -0.00144112 0.143359 5.32474 -0.00151225 -0.00112259 0.00459796 -0.0106078 4.40164 -0.276422 -0.00320257 0.00586583 0.284327 4.29159 0.0230696 -0.000234031 -0.000231536 0.0230327 0.855498 -0.000242965 -0.000180361 0.00073873 -0.0017043 0.707189 -0.0444112 -0.00051454 0.000942432 0.0456814 0.689507
60 0.286303 5.67297 0.0838369 -0.0078473 -0.0109656 0.0821605 4.76582 0.0145588 -0.00374295 -0.000229704 0.00150112 3.83015 -0.290127 0.0061004 0.00229323 0.289204 3.73386 0.0147783 -0.00138328 -0.00193295 0.0144828 0.840093 0.00256634 -0.000659787 -4.04909e-05 0.000264608 0.675157 -0.0511419 0.00107535 0.000404238 0.0509792 0.658185
64 0.394175 4.84406 0.0527702 0.00260826 -0.0135044 0.0495021 3.93847 -0.00191257 0.0136814 0.00154052 -0.00362371 2.96296 -0.327743 -0.0141497 0.0023483 0.3283 2.88141 0.0108938 0.000538444 -0.00278783 0.0102191 0.813051 -0.000394828 0.00282437 0.000318023 -0.000748073 0.611669 -0.0676586 -0.00292105 0.000484779 0.0677737 0.594833
68 0.406626 4.17036 -0.0192046 -0.00059675 -0.0108935 -0.025371 3.25423 0.00749364 0.00874774 0.0157221 -0.0069678 2.24104 -0.294629 0.000130363 -0.00618177 0.294621 2.183 -0.00460502 -0.000143093 -0.00261212 -0.00608365 0.780322 0.00179688 0.0020976 0.00376996 -0.00167079 0.537373 -0.0706483 3.12593e-05 -0.00148231 0.0706463 0.523454
72 0.417095 3.63503 -0.0891858 -0.0102932 0.00146881 -0.0802496 2.70985 0.00278963 0.00623461 -0.00902723 -0.000930758 1.66882 -0.33161 0.00110764 0.00584864 0.328545 1.63574 -0.0245351 -0.00283167 0.000404072 -0.0220768 0.745482 0.000767431 0.00171515 -0.0024834 -0.000256053 0.459095 -0.0912262 0.000304713 0.00160897 0.0903829 0.449995
76 0.425533 3.21147 -0.10723 -0.00283045 -0.00706405 -0.0993411 2.27926 -0.000640818 0.00557038 0.000434377 0.00210241 1.14859 -0.370285 -0.000179846 -0.000506278 0.367074 1.16324 -0.0333896 -0.000881358 -0.00219963 -0.0309332 0.709724 -0.00019954 0.00173453 0.000135258 0.000654655 0.357651 -0.115301 -5.60012e-05 -0.000157647 0.114301 0.362213
80 0.431897 2.93521 -0.176417 0.00580915 -0.00539624 -0.163948 1.99227 -0.00130903 0.000586741 0.00194284 0.0149772 0.822979 -0.351875 0.00665054 0.00823762 0.343983 0.87215 -0.0601036 0.00197912 -0.00183845 -0.0558555 0.678747 -0.000445976 0.000199897 0.00066191 0.00510259 0.280381 -0.119881 0.00226578 0.00280648 0.117192 0.297134
84 0.436158 2.80471 -0.210185 -0.00773519 0.00458509 -0.213025 1.81934 -0.0036757 -0.0153952 -0.00286431 0.00583509 0.591644 -0.437605 -0.00643423 -0.0079567 0.430181 0.679106 -0.07494 -0.00275793 0.00163478 -0.0759526 0.648674 -0.00131054 -0.00548907 -0.00102125 0.00208046 0.210947 -0.156025 -0.00229408 -0.00283691 0.153378 0.24213
88 0.328636 2.68336 -0.218863 0.00376122 -0.0046007 -0.206334 1.6692 0.00280865 -0.0182626 -0.0111101 0.00433905 0.353043 -0.436313 0.00268299 -0.0105557 0.444166 0.503461 -0.0815631 0.00140169 -0.00171453 -0.0768937 0.622057 0.00104669 -0.00680587 -0.00414036 0.00161702 0.131567 -0.162599 0.000999862 -0.00393377 0.165526 0.187623
90 0.219313 2.67351 -0.228092 0.00353655 0.00486564 -0.216408 1.64021 0.00691591 -0.0255784 -0.0108453 -0.00357371 0.274891 -0.493332 0.00667965 -0.00872009 0.493527 0.468544 -0.0853152 0.00132281 0.00181994 -0.0809451 0.613502 0.00258682 -0.00956732 -0.00405657 -0.00133671 0.10282 -0.184526 0.00249845 -0.00326166 0.184599 0.175254
92 0.328636 2.67135 -0.261801 0.00195971 0.00815458 -0.254033 1.62354 0.00418753 -0.0293776 -0.00212455 -0.00506101 0.227565 -0.505479 0.0125197 -0.010204 0.502579 0.454087 -0.0980032 0.000733604 0.00305261 -0.0950955 0.60776 0.00156757 -0.0109973 -0.000795308 -0.00189455 0.0851871 -0.189222 0.00468664 -0.0038198 0.188137 0.169984
96 0.436158 2.68787 -0.248075 0.00272235 0.000653906 -0.23536 1.59314 0.00720143 -0.0106515 0.0101313 -0.0054613 0.104096 -0.592802 0.00142941 -0.0183528 0.590304 0.415785 -0.0922944 0.00101283 0.00024328 -0.0875638 0.592716 0.00267924 -0.00396281 0.00376926 -0.00203183 0.0387279 -0.220547 0.000531802 -0.00682803 0.219618 0.15469
100 0.431897 2.72537 -0.251494 -0.00107866 -0.0035273 -0.243077 1.57399 0.00635871 -0.0272229 0.0070551 -0.00115651 0.0105935 -0.587952 0.00507564 -0.0297977 0.587975 0.410453 -0.0922788 -0.000395785 -0.00129425 -0.0891903 0.577532 0.00233315 -0.0099887 0.00258867 -0.000424348 0.00388698 -0.215733 0.00186237 -0.0109334 0.215741 0.150605
104 0.425533 2.8603 -0.271413 0.00440101 -0.000198036 -0.269264 1.6198 0.00665091 -0.0204262 -0.00707075 -0.0138949 -0.0917413 -0.733931 0.00402789 -0.032188 0.721805 0.428808 -0.0948896 0.00153865 -6.92361e-05 -0.0941386 0.566306 0.00232525 -0.0071413 -0.00247204 -0.00485785 -0.032074 -0.256593 0.00140821 -0.0112534 0.252353 0.149917
108 0.417095 3.00952 -0.27748 0.00259232 -0.00209987 -0.267165 1.62834 0.0154772 -0.0221308 -0.0153017 -0.0190194 -0.190502 -0.743486 -0.00103101 -0.0181297 0.734339 0.47656 -0.0922008 0.000861375 -0.000697742 -0.0887733 0.541065 0.00514275 -0.00735361 -0.00508443 -0.00631974 -0.0633 -0.247045 -0.000342582 -0.00602412 0.244006 0.158351
112 0.406626 3.18806 -0.3 -0.0158459 -0.00798928 -0.287842 1.65919 0.0116932 -0.0221601 -0.0103183 -0.0161198 -0.300047 -0.818049 -0.0168091 -0.0260602 0.815527 0.557685 -0.094101 -0.00497038 -0.002506 -0.0902872 0.520438 0.00366781 -0.00695095 -0.00323654 -0.00505631 -0.0941157 -0.256597 -0.00527251 -0.0081743 0.255806 0.174929
116 0.394175 3.37425 -0.318934 0.0222886 -0.00193927 -0.305405 1.68437 0.015221 -0.00851335 -0.0378324 -0.00725967 -0.396248 -0.847819 -0.00150294 -0.00916692 0.850639 0.640204 -0.0945198 0.00660551 -0.000574726 -0.0905103 0.499183 0.00451094 -0.00252303 -0.0112121 -0.00215149 -0.117433 -0.251261 -0.000445413 -0.00271673 0.252097 0.189732
120 0.379804 3.5042 -0.264749 9.85537e-05 -0.000700547 -0.246559 1.68097 0.00907869 -0.0371065 0.00459984 -0.0204648 -0.500476 -0.849844 -0.00805082 -0.0314298 0.837074 0.702894 -0.0755519 2.81244e-05 -0.000199916 -0.0703608 0.479702 0.0025908 -0.0105891 0.00131266 -0.00584008 -0.142822 -0.242521 -0.00229747 -0.00896918 0.238877 0.200586
124 0.363583 3.69444 -0.25993 0.0130421 -0.000144213 -0.244707 1.72031 0.0119518 -0.0522318 -0.0110704 -0.0066172 -0.630624 -0.843362 -0.000715329 -0.0565927 0.85151 0.743866 -0.0703571 0.00353021 -3.9035e-05 -0.0662365 0.465648 0.00323508 -0.014138 -0.00299651 -0.00179112 -0.170695 -0.228279 -0.000193623 -0.0153183 0.230484 0.201347
128 0.34559 3.85531 -0.232687 0.0368957 0.0158866 -0.221692 1.7154 0.0124581 -0.0558666 -0.0347478 -0.00225477 -0.87818 -0.82454 0.016354 -0.0570258 0.810668 0.679515 -0.060355 0.00957012 0.0041207 -0.0575032 0.444945 0.00323143 -0.0144908 -0.00901297 -0.000584848 -0.227785 -0.213872 0.00424194 -0.0147915 0.210273 0.176254
132 0.325914 3.91114 -0.221808 0.0341091 -0.00109395 -0.217836 1.6809 0.00430034 -0.0595425 -0.0450809 0.0172172 -1.04376 -0.69759 -0.00160204 -0.0837423 0.697556 0.631772 -0.0567118 0.00872099 -0.000279702 -0.0556963 0.429772 0.00109951 -0.0152238 -0.0115263 0.0044021 -0.266868 -0.17836 -0.000409609 -0.0214112 0.178351 0.161531
136 0.304649 4.10413 -0.221811 0.0143007 0.0104885 -0.211402 1.75613 -0.0301513 -0.0197399 -0.0146732 0.033044 -1.27137 -0.691769 0.0181353 -0.0372989 0.686748 0.539613 -0.0540459 0.00348446 0.0025556 -0.0515096 0.427893 -0.00734658 -0.00480977 -0.00357523 0.0080514 -0.309778 -0.168554 0.00441879 -0.00908814 0.167331 0.131481
140 0.281901 4.27428 -0.185049 -0.00927591 -0.00936061 -0.198123 1.76606 -0.0610047 0.00469355 0.0137853 0.0478563 -1.47026 -0.619284 -0.0127978 0.0038494 0.606923 0.514625 -0.0432935 -0.00217017 -0.00218998 -0.0463522 0.413182 -0.0142725 0.00109809 0.00322518 0.0111963 -0.343977 -0.144886 -0.00299414 0.000900594 0.141994 0.1204
144 0.257779 4.48476 -0.181936 0.0145838 -0.0261925 -0.192443 1.82148 -0.0232367 0.00732954 -0.0162712 0.0339053 -1.66544 -0.616491 -0.0438915 -0.00469946 0.60441 0.502677 -0.0405677 0.00325186 -0.00584034 -0.0429105 0.406148 -0.00518126 0.00163432 -0.00362811 0.00756012 -0.371357 -0.137464 -0.00978682 -0.00104787 0.13477 0.112086
148 0.232401 4.67072 -0.175158 0.00249713 -0.0335241 -0.180029 1.91632 -0.0449573 0.0441514 -0.022294 0.0465883 -1.83538 -0.5184 -0.0381339 0.0601668 0.51627 0.44395 -0.0375012 0.000534635 -0.0071775 -0.0385441 0.410284 -0.00962534 0.0094528 -0.00477314 0.00997454 -0.392954 -0.110989 -0.00816445 0.0128817 0.110533 0.0950496
152 0.205891 4.87197 -0.162694 -0.0476081 -0.0321877 -0.16359 2.10985 -0.00143517 0.029699 0.0405353 -0.0021943 -2.00984 -0.359499 -0.0152881 0.0154127 0.37793 0.289626 -0.0333939 -0.00977183 -0.0066067 -0.0335778 0.433058 -0.000294578 0.00609588 0.00832011 -0.000450392 -0.412531 -0.0737892 -0.00313797 0.00316355 0.0775722 0.0594473
156 0.178378 4.94088 -0.102585 -0.0347747 0.00491772 -0.123268 2.19464 -0.0186663 0.0920389 0.0156656 0.0314506 -2.07421 -0.22941 0.0264458 0.100153 0.242205 0.232377 -0.0207625 -0.00703816 0.000995312 -0.0249487 0.44418 -0.00377792 0.018628 0.00317062 0.00636538 -0.419806 -0.046431 0.00535245 0.0202704 0.0490206 0.0470316
160 0.0971232 5.17151 -0.193544 0.030457 0.00434527 -0.1834 2.35921 0.0109778 0.0495771 -0.0101982 -0.00414283 -2.29552 -0.197309 -0.000779692 0.0470205 0.19359 0.0915331 -0.037425 0.00588938 0.000840232 -0.0354634 0.456193 0.00212274 0.00958657 -0.001972 -0.000801086 -0.443878 -0.0381531 -0.000150767 0.00909221 0.037434 0.0176995
161 0.0357021 5.24425 -0.189312 0.0604665 0.0111089 -0.182314 2.42208 0.0158398 0.0500375 -0.046048 -0.0101354 -2.31876 -0.202187 -0.00451443 0.0513318 0.192368 0.0828379 -0.036099 0.0115301 0.0021183 -0.0347645 0.461855 0.00302041 0.0095414 -0.00878067 -0.00193268 -0.442153 -0.038554 -0.000860834 0.00978821 0.0366816 0.0157959
162 0.0338871 5.28535 -0.187336 0.0668667 0.0203639 -0.184537 2.46664 0.00918241 0.0464036 -0.062579 -0.0167138 -2.34098 -0.191952 -0.00724669 0.0554283 0.175257 0.0594909 -0.0354445 0.0126513 0.0038529 -0.0349149 0.466694 0.00173733 0.00877967 -0.0118401 -0.00316229 -0.442919 -0.0363177 -0.00137109 0.0104871 0.0331589 0.0112558
163 0.0320617 5.30772 -0.187174 0.0530645 0.0353117 -0.18432 2.48829 -0.00122441 0.0396772 -0.0587409 -0.025546 -2.39031 -0.16663 -0.00284354 0.0576725 0.145306 0.015483 -0.0352644 0.00999761 0.0066529 -0.0347268 0.468806 -0.000230685 0.00747538 -0.0110671 -0.00481299 -0.450347 -0.0313939 -0.000535737 0.0108658 0.0273763 0.00291708
164 0.0302266 5.33547 -0.166666 0.0284365 0.051166 -0.160853 2.49551 -0.0059937 0.0364002 -0.0395596 -0.0271183 -2.46177 -0.135864 0.00715814 0.0583104 0.113892 -0.025176 -0.0312375 0.00532972 0.00958979 -0.0301479 0.467721 -0.00112337 0.0068223 -0.00741445 -0.00508265 -0.461398 -0.0254642 0.00134161 0.0109288 0.0213461 -0.00471861
165 0.0283823 5.37179 -0.105802 -0.00133465 0.0577571 -0.100741 2.49574 -0.000521152 0.0393428 -0.00771678 -0.0109223 -2.52074 -0.106753 0.0148416 0.0552487 0.0873454 -0.0359338 -0.0196959 -0.000248456 0.0107519 -0.0187537 0.464601 -9.70166e-05 0.00732396 -0.00143654 -0.00203328 -0.469256 -0.0198728 0.00276288 0.010285 0.01626 -0.00668936
166 0.0265294 5.39918 -0.0157708 -0.032992 0.0514233 -0.0186452 2.49317 0.0128387 0.0435542 0.0331626 0.0190869 -2.54094 -0.0845407 0.0162199 0.0449032 0.0688744 -0.0206563 -0.00292097 -0.00611056 0.00952428 -0.00345334 0.461769 0.00237789 0.00806682 0.00614216 0.00353515 -0.470616 -0.0156581 0.00300413 0.00831667 0.0127565 -0.00382583
167 0.0246683 5.40834 0.0602122 -0.0597631 0.0415195 0.0467545 2.50004 0.0260854 0.0426109 0.0715706 0.0434539 -2.53007 -0.0777277 0.0162739 0.0278177 0.065095 -0.012396 0.0111332 -0.0110502 0.00767695 0.0086449 0.462258 0.00482319 0.00787874 0.0132334 0.00803462 -0.467809 -0.0143718 0.00300904 0.00514349 0.0120361 -0.00229201
168 0.0172754 5.40544 0.0764013 -0.0707831 0.0441056 0.0573126 2.53024 0.0303318 0.0352891 0.0895723 0.0436535 -2.51833 -0.0817229 0.0240457 0.0112195 0.0708707 -0.0432829 0.0141342 -0.0130948 0.00815949 0.0106028 0.468091 0.00561136 0.00652845 0.0165708 0.00807584 -0.465888 -0.0151186 0.00444843 0.0020756 0.013111 -0.00800729
168.5 0.0109315 5.40046 0.0557849 -0.06784 0.0532247 0.0367355 2.55253 0.0277839 0.0300862 0.0866503 0.0338041 -2.52139 -0.0775145 0.0324414 0.00602432 0.0675129 -0.0769133 0.0103297 -0.0125619 0.0098556 0.0068023 0.47265 0.00514473 0.00557105 0.016045 0.0062595 -0.466884 -0.0143533 0.00600715 0.00111552 0.0125013 -0.014242
169 0.0104622 5.39275 0.0185753 -0.0595361 0.0668246 0.000908445 2.57558 0.0226689 0.0243736 0.0758411 0.0197695 -2.53364 -0.0616063 0.0432795 0.00388284 0.0528724 -0.120941 0.0034445 -0.01104 0.0123916 0.000168457 0.4776 0.00420359 0.00451969 0.0140635 0.00366594 -0.469823 -0.0114239 0.00802549 0.000720011 0.00980434 -0.0224266
169.5 0.00999215 5.38359 -0.0294269 -0.047553 0.0824839 -0.0453054 2.59684 0.0161962 0.0184511 0.0592508 0.00466206 -2.55603 -0.030995 0.0550217 0.0048109 0.0242526 -0.172165 -0.00546604 -0.00883296 0.0153214 -0.00841547 0.482362 0.00300844 0.00342728 0.0110058 0.000865976 -0.474781 -0.00575731 0.0102203 0.000893624 0.00450491 -0.0319796
170 0.0095213 5.37735 -0.0799034 -0.0346215 0.0966347 -0.0946201 2.61688 0.00999234 0.0126339 0.0404599 -0.00822042 -2.58775 0.0121443 0.065393 0.00822359 -0.0160264 -0.226274 -0.0148592 -0.00643838 0.0179707 -0.017596 0.486649 0.00185823 0.00234946 0.00752413 -0.00152871 -0.48123 0.00225842 0.0121608 0.0015293 -0.00298035 -0.042079
170.5 0.00904972 5.38165 -0.123125 -0.0239832 0.105355 -0.138129 2.64095 0.00576721 0.00737888 0.0238319 -0.0162007 -2.62557 0.0596454 0.0718146 0.0131127 -0.0598905 -0.278423 -0.0228786 -0.00445647 0.0195767 -0.0256666 0.490732 0.00107164 0.00137112 0.00442836 -0.00301035 -0.487874 0.0110831 0.0133443 0.00243655 -0.0111287 -0.0517357
171 0.00857745 5.40512 -0.149583 -0.0185683 0.105449 -0.16669 2.67842 0.00492465 0.00335466 0.013461 -0.0178865 -2.66327 0.0992612 0.0720561 0.0183491 -0.0954143 -0.324199 -0.0276744 -0.00343532 0.0195091 -0.0308393 0.495535 0.000911109 0.000620645 0.00249041 -0.00330917 -0.492731 0.0183643 0.0133311 0.00339476 -0.0176526 -0.05998
171.5 0.00810453 5.45306 -0.151979 -0.020104 0.095528 -0.172794 2.73987 0.00820624 0.00139022 0.0120235 -0.0135052 -2.69177 0.1193 0.0649604 0.023028 -0.111364 -0.360989 -0.0278705 -0.00368675 0.0175183 -0.0316876 0.502447 0.00150489 0.000254942 0.00220492 -0.00247664 -0.493626 0.0218776 0.0119127 0.00422296 -0.0204223 -0.0661995
172 0.00763099 5.5224 -0.127178 -0.0284428 0.0767206 -0.152554 2.83226 0.0154601 0.00230063 0.0198877 -0.00480001 -2.7005 0.11465 0.0510091 0.0267537 -0.103079 -0.389466 -0.0230294 -0.00515044 0.0138926 -0.0276245 0.512868 0.00279952 0.000416599 0.00360128 -0.00086919 -0.489009 0.0207608 0.00923677 0.00484458 -0.0186657 -0.0705248
172.5 0.00715688 5.59863 -0.0775731 -0.0413741 0.0527116 -0.107255 2.95418 0.0256049 0.00664735 0.0348064 0.00549843 -2.68013 0.0917912 0.0324926 0.0297673 -0.0773565 -0.414513 -0.0138557 -0.00739003 0.00941509 -0.0191573 0.527661 0.00457342 0.00118732 0.00621694 0.000982103 -0.478712 0.0163953 0.00580367 0.00531689 -0.013817 -0.0740383
173 0.00668221 5.65722 -0.0112964 -0.0550536 0.0289773 -0.0438476 3.09343 0.0368174 0.0145208 0.0523645 0.0144732 -2.62623 0.0701867 0.0131403 0.0328597 -0.0537643 -0.444803 -0.00199681 -0.00973156 0.00512219 -0.00775074 0.546811 0.00650805 0.00256677 0.00925623 0.00255836 -0.464226 0.0124066 0.00232275 0.00580846 -0.00950366 -0.0786257
173.5 0.00620704 5.67089 0.059093 -0.0649841 0.0113608 0.0260454 3.22871 0.0469159 0.0254208 0.0671152 0.019851 -2.54281 0.0783693 -0.00276513 0.03707 -0.0607572 -0.490497 0.0104204 -0.0114593 0.00200336 0.00459282 0.569348 0.00827311 0.00448268 0.0118351 0.00350052 -0.448397 0.0138196 -0.000487601 0.0065369 -0.0107139 -0.0864938
174 0.0057314 5.62163 0.119342 -0.067287 0.00437392 0.0886103 3.33587 0.053854 0.0382691 0.0740986 0.0205969 -2.44448 0.144973 -0.011574 0.0432451 -0.126794 -0.559201 0.021229 -0.0119693 0.000778051 0.0157624 0.593399 0.00957978 0.00680748 0.013181 0.00366387 -0.434835 0.0257884 -0.00205884 0.00769264 -0.0225547 -0.0994731
174.5 0.00525531 5.51385 0.157061 -0.0598805 0.0097504 0.131277 3.39708 0.0562041 0.0515425 0.0702897 0.0170883 -2.35604 0.287163 -0.011404 0.051595 -0.26888 -0.651235 0.0284847 -0.01086 0.00176835 0.0238087 0.616098 0.0101933 0.00934783 0.0127478 0.00309916 -0.427294 0.0520803 -0.00206825 0.00935734 -0.0487645 -0.118109
175 0.00477883 5.3833 0.165106 -0.0431857 0.0257344 0.146145 3.40964 0.0534985 0.0634854 0.055519 0.0108317 -2.30899 0.50056 -0.00284404 0.0614011 -0.48257 -0.755972 0.0306701 -0.00802216 0.00478041 0.0271479 0.633373 0.00993786 0.011793 0.0103132 0.0020121 -0.428918 0.0929837 -0.000528308 0.0114058 -0.089642 -0.140429
175.5 0.00430199 5.29675 0.143675 -0.0201187 0.047379 0.132274 3.39079 0.0463301 0.0723613 0.0325656 0.00384995 -2.33549 0.754974 0.011041 0.0710091 -0.737715 -0.851182 0.0271251 -0.00379832 0.00894492 0.0249726 0.640165 0.0087469 0.0136615 0.00614822 0.000726852 -0.440929 0.142535 0.00208449 0.0134062 -0.139277 -0.160699
176 0.00382481 5.33968 0.100317 0.00465651 0.0678162 0.0959891 3.37554 0.0361793 0.0767142 0.00638012 -0.00201916 -2.46085 0.998769 0.0254636 0.0781553 -0.982765 -0.906593 0.0187871 0.000872057 0.0127004 0.0179766 0.632161 0.00677555 0.0143668 0.00119485 -0.000378142 -0.460862 0.187047 0.00476875 0.0146367 -0.184049 -0.169784
176.5 0.00334735 5.59352 0.0477117 0.0260003 0.0801526 0.0489531 3.40714 0.0250121 0.0756219 -0.017327 -0.00565481 -2.69663 1.17177 0.0352391 0.0805693 -1.1576 -0.891553 0.00852983 0.0046483 0.0143296 0.00875175 0.609122 0.00447163 0.0135196 -0.0030977 -0.00101096 -0.482099 0.209487 0.0063 0.0144041 -0.206954 -0.15939
177 0.00286963 6.108 -0.000187127 0.0397206 0.0794406 0.00452677 3.52269 0.0147651 0.0689166 -0.0337043 -0.0068479 -3.03591 1.22341 0.0363039 0.0766901 -1.2116 -0.784955 -3.06363e-05 0.00650304 0.013006 0.000741122 0.576734 0.00241733 0.011283 -0.00551805 -0.00112114 -0.497039 0.200296 0.00594367 0.0125557 -0.198363 -0.128513
177.5 0.00239169 6.87743 -0.0324007 0.0437227 0.0641502 -0.026391 3.73843 0.00686629 0.0573304 -0.0400959 -0.00613998 -3.45228 1.1303 0.0269684 0.0662735 -1.12121 -0.584357 -0.00471117 0.00635742 0.00932764 -0.00383733 0.543579 0.00099838 0.00833602 -0.00583006 -0.000892772 -0.501972 0.164349 0.00392129 0.00963637 -0.163027 -0.0849673
178 0.00191357 7.82953 -0.0441367 0.0385511 0.0367109 -0.0386251 4.04019 0.0019327 0.042503 -0.0367071 -0.00443454 -3.90271 0.907054 0.00851574 0.0506801 -0.900747 -0.310914 -0.00563721 0.00492381 0.00468878 -0.00493326 0.51602 0.000246848 0.00542856 -0.00468829 -0.000566387 -0.49846 0.11585 0.00108764 0.00647294 -0.115045 -0.0397104
178.5 0.00143531 8.83251 -0.0378415 0.0271678 0.00296498 -0.033929 4.38314 -0.000273022 0.0267985 -0.0264181 -0.00258333 -4.33396 0.605834 -0.015053 0.0327162 -0.602071 -0.00772346 -0.00428434 0.00307589 0.000335689 -0.00384138 0.49625 -3.0911e-05 0.00303408 -0.00299101 -0.00029248 -0.490682 0.0685913 -0.00170427 0.00370406 -0.0681653 -0.000874435
179 0.000956932 9.7207 -0.0217184 0.0140438 -0.0293166 -0.0197018 4.70177 -0.000623805 0.0129217 -0.0138233 -0.0011266 -4.69118 0.303762 -0.0380711 0.0160356 -0.302023 0.268796 -0.00223425 0.00144474 -0.0030159 -0.00202679 0.483687 -6.41729e-05 0.0013293 -0.00142204 -0.000115897 -0.482597 0.031249 -0.0039165 0.00164963 -0.0310701 0.027652
179.5 0.000478484 10.3326 -0.00624996 0.00383108 -0.0524499 -0.00570215 4.92768 -0.000227719 0.00339233 -0.00379515 -0.000261013 -4.92698 0.0815714 -0.0547619 0.00425046 -0.0811268 0.462488 -0.000604881 0.000370777 -0.00507618 -0.000551863 0.476908 -2.2039e-05 0.000328315 -0.0003673 -2.52612e-05 -0.47684 0.0078946 -0.00529993 0.000411366 -0.00785157 0.0447602
180 5.98114e-05 10.5508 -6.33667e-16 1.35893e-15 -0.0608417 -5.44106e-16 5.00935 1.82717e-05 -2.15765e-16 -7.70646e-16 1.82717e-05 -5.00935 -1.00396e-15 -0.0608498 3.56571e-16 1.78651e-16 0.5321 -6.00587e-17 1.28799e-16 -0.00576655 -5.15702e-17 0.474784 1.73179e-06 -2.04501e-17 -7.30415e-17 1.73179e-06 -0.474784 -9.51553e-17 -0.00576732 3.37957e-17 1.69325e-17 0.0504322
