theta 2pi*dcos S11 S12 S13 S14 S21 S22 S23 S24 S31 S32 S33 S34 S41 S42 S43 S44 S12_norm S13_norm S14_norm S21_norm S22_norm S23_norm S24_norm S31_norm S32_norm S33_norm S34_norm S41_norm S42_norm S43_norm S44_norm
0 2.39246e-06 76852.3 6.78867e-13 -5.65426e-14 5.21052 6.78155e-13 76850.3 13.6789 -9.8246e-15 -5.54847e-14 -13.6789 76850.3 -4.90594e-15 5.2105 9.90204e-15 5.83333e-15 76848.9 8.8334e-18 -7.35731e-19 6.77991e-05 8.82414e-18 0.999974 0.00017799 -1.27837e-19 -7.21966e-19 -0.00017799 0.999974 -6.3836e-20 6.77989e-05 1.28845e-19 7.59031e-20 0.999956
0.1 1.91397e-05 76648.9 0.0094525 0.0160793 5.18329 0.00951911 76646.9 13.6483 0.0139092 0.0162004 -13.6483 76646.9 2.86052 5.18311 -0.0133881 -2.86055 76645.5 1.23322e-07 2.09778e-07 6.76238e-05 1.24191e-07 0.999974 0.000178063 1.81466e-07 2.11359e-07 -0.000178063 0.999974 3.73198e-05 6.76215e-05 -1.74667e-07 -3.73202e-05 0.999956
0.2 3.82793e-05 76041.4 0.0367566 0.0638386 5.10227 0.0370221 76039.4 13.5566 0.0551897 0.0643126 -13.5566 76039.4 11.3657 5.1016 -0.0531174 -11.3658 76038 4.83376e-07 8.39525e-07 6.70986e-05 4.86867e-07 0.999974 0.00017828 7.25785e-07 8.45757e-07 -0.00017828 0.999974 0.000149468 6.70898e-05 -6.98533e-07 -0.000149469 0.999956
0.3 5.74188e-05 75038.3 0.0787926 0.141858 4.96948 0.0793863 75036.3 13.4048 0.122517 0.142886 -13.4048 75036.3 25.2888 4.968 -0.1179 -25.289 75035 1.05003e-06 1.89048e-06 6.62259e-05 1.05794e-06 0.999973 0.000178639 1.63272e-06 1.90417e-06 -0.000178639 0.999973 0.000337012 6.62062e-05 -1.57119e-06 -0.000337015 0.999956
0.4 7.65581e-05 73653.4 0.130495 0.247822 4.78821 0.131541 73651.4 13.1941 0.213736 0.249554 -13.1941 73651.4 44.2591 4.78558 -0.205639 -44.2595 73650.1 1.77174e-06 3.3647e-06 6.501e-05 1.78595e-06 0.999973 0.000179137 2.90192e-06 3.38822e-06 -0.000179138 0.999973 0.00060091 6.49743e-05 -2.79199e-06 -0.000600916 0.999955
0.5 9.56972e-05 71905.7 0.185047 0.378593 4.56292 0.186664 71903.7 12.9264 0.32594 0.381114 -12.9266 71903.7 67.7731 4.55878 -0.313512 -67.7737 71902.4 2.57347e-06 5.26513e-06 6.3457e-05 2.59596e-06 0.999973 0.000179769 4.53288e-06 5.3002e-06 -0.000179772 0.999972 0.000942527 6.33994e-05 -4.36004e-06 -0.000942536 0.999954
0.6 0.000114836 69818.9 0.234145 0.530313 4.29909 0.236442 69816.9 12.6043 0.455574 0.533631 -12.6047 69816.9 95.209 4.29309 -0.438064 -95.2099 69815.6 3.35361e-06 7.59556e-06 6.15749e-05 3.38651e-06 0.999972 0.000180529 6.52509e-06 7.64308e-06 -0.000180534 0.999971 0.00136366 6.14889e-05 -6.27429e-06 -0.00136367 0.999952
0.7 0.000133974 67421 0.268319 0.698527 4.00307 0.271394 67419.1 12.2307 0.598562 0.702563 -12.2313 67419 125.845 3.99482 -0.575341 -125.846 67417.7 3.97975e-06 1.03607e-05 5.93742e-05 4.02537e-06 0.999971 0.000181407 8.87798e-06 1.04205e-05 -0.000181416 0.999969 0.00186655 5.92519e-05 -8.53356e-06 -0.00186657 0.99995
0.8 0.000153112 64743.8 0.277297 0.87832 3.68184 0.281238 64741.9 11.8089 0.750451 0.882909 -11.8099 64741.7 158.88 3.67098 -0.721028 -158.881 64740.4 4.28299e-06 1.35661e-05 5.68679e-05 4.34386e-06 0.99997 0.000182394 1.15911e-05 1.3637e-05 -0.000182409 0.999967 0.00245398 5.67001e-05 -1.11366e-05 -0.002454 0.999948
0.9 0.00017225 61822 0.250407 1.06448 3.34286 0.255287 61820.1 11.3429 0.906567 1.06937 -11.3444 61819.8 193.456 3.329 -0.870601 -193.458 61818.6 4.05045e-06 1.72185e-05 5.40722e-05 4.12938e-06 0.999969 0.000183477 1.46641e-05 1.72975e-05 -0.000183501 0.999964 0.00312924 5.3848e-05 -1.40824e-05 -0.00312927 0.999944
1 0.000191387 58693.1 0.176992 1.25166 2.99376 0.182868 58691.2 10.8371 1.06218 1.25651 -10.8393 58690.7 228.685 2.97653 -1.01949 -228.687 58689.5 3.01555e-06 2.13254e-05 5.1007e-05 3.11567e-06 0.999968 0.00018464 1.80972e-05 2.14082e-05 -0.000184678 0.99996 0.00389628 5.07134e-05 -1.73698e-05 -0.00389632 0.999939
1.1 0.000210523 55395.9 0.0468251 1.43452 2.64219 0.0537407 55394 10.2962 1.21265 1.43895 -10.2992 55393.4 263.669 2.62122 -1.16323 -263.672 55392.2 8.45281e-07 2.58958e-05 4.76965e-05 9.70121e-07 0.999966 0.000185865 2.18907e-05 2.59758e-05 -0.00018592 0.999955 0.00475972 4.7318e-05 -2.09985e-05 -0.00475977 0.999933
1.2 0.000229659 51970.4 -0.149481 1.60794 2.29554 -0.141503 51968.6 9.72526 1.35362 1.6115 -9.72931 51967.7 297.53 2.2705 -1.29762 -297.533 51966.5 -2.87628e-06 3.09395e-05 4.41702e-05 -2.72275e-06 0.999965 0.000187131 2.6046e-05 3.1008e-05 -0.000187209 0.999948 0.00572498 4.36884e-05 -2.49684e-05 -0.00572505 0.999925
1.3 0.000248794 48457.1 -0.420104 1.76712 1.96076 -0.411056 48455.2 9.12976 1.4811 1.76934 -9.13498 48454.1 329.43 1.93135 -1.41886 -329.434 48452.9 -8.66961e-06 3.64678e-05 4.04638e-05 -8.4829e-06 0.999962 0.000188409 3.05653e-05 3.65136e-05 -0.000188517 0.999939 0.00679839 3.98569e-05 -2.92808e-05 -0.00679847 0.999915
1.4 0.000267929 44895.6 -0.77167 1.90777 1.64413 -0.761568 44893.8 8.51534 1.59166 1.90816 -8.52184 44892.3 358.596 1.61009 -1.52366 -358.6 44891.2 -1.71881e-05 4.24935e-05 3.66213e-05 -1.69631e-05 0.99996 0.00018967 3.54524e-05 4.25023e-05 -0.000189815 0.999928 0.00798733 3.58631e-05 -3.3938e-05 -0.00798743 0.999903
1.5 0.000287062 41324.7 -1.20898 2.02618 1.35115 -1.19786 41323 7.88779 1.68245 2.0243 -7.89569 41321.1 384.336 1.31229 -1.60937 -384.342 41320 -2.92557e-05 4.90306e-05 3.2696e-05 -2.89864e-05 0.999957 0.000190873 4.07129e-05 4.89851e-05 -0.000191064 0.999913 0.0093004 3.17555e-05 -3.89444e-05 -0.00930053 0.999887
1.6 0.000306195 37781.5 -1.73479 2.11936 1.08635 -1.7227 37779.7 7.25305 1.75137 2.1148 -7.2624 37777.5 406.061 1.04253 -1.674 -406.067 37776.4 -4.59164e-05 5.60952e-05 2.87535e-05 -4.55963e-05 0.999954 0.000191974 4.63552e-05 5.59744e-05 -0.000192221 0.999895 0.0107476 2.75936e-05 -4.43073e-05 -0.0107478 0.999867
1.7 0.000325327 34300.6 -2.34966 2.18512 0.853207 -2.33666 34298.8 6.61704 1.79704 2.17753 -6.62787 34296.2 423.293 0.804377 -1.71631 -423.3 34295.1 -6.8502e-05 6.37051e-05 2.48744e-05 -6.81232e-05 0.99995 0.000192913 5.2391e-05 6.34837e-05 -0.000193229 0.999872 0.0123407 2.34509e-05 -5.00374e-05 -0.0123409 0.999842
1.8 0.000344457 30913.8 -3.05187 2.22208 0.654099 -3.03807 30912.1 5.98561 1.81887 2.21121 -5.99791 30908.9 435.679 0.600298 -1.73583 -435.687 30907.9 -9.8722e-05 7.18801e-05 2.11588e-05 -9.82756e-05 0.999945 0.000193623 5.88369e-05 7.15283e-05 -0.000194021 0.999844 0.0140934 1.94185e-05 -5.61506e-05 -0.0140936 0.999811
1.9 0.000363587 27649.8 -3.83745 2.22974 0.490264 -3.82295 27648.1 5.36448 1.81702 2.21544 -5.37815 27644.4 442.995 0.431615 -1.7328 -443.004 27643.4 -0.000138788 8.06423e-05 1.77312e-05 -0.000138263 0.99994 0.000194016 6.57156e-05 8.01253e-05 -0.00019451 0.999808 0.0160217 1.56101e-05 -6.26697e-05 -0.016022 0.999772
2 0.000382716 24533.6 -4.70024 2.20842 0.361814 -4.68516 24531.9 4.7591 1.79239 2.19068 -4.77402 24527.8 445.148 0.298536 -1.7082 -445.158 24526.8 -0.000191584 9.00162e-05 1.47477e-05 -0.00019097 0.999933 0.000193983 7.30586e-05 8.92932e-05 -0.000194591 0.999764 0.0181444 1.21685e-05 -6.96269e-05 -0.0181448 0.999724
2.1 0.000401843 21586.4 -5.63204 2.15926 0.267794 -5.61652 21584.8 4.17458 1.74653 2.1382 -4.19057 21580.2 442.175 0.200197 -1.66361 -442.186 21579.2 -0.000260906 0.000100029 1.24057e-05 -0.000260188 0.999925 0.000193389 8.09086e-05 9.90527e-05 -0.00019413 0.999709 0.0204839 9.27419e-06 -7.70673e-05 -0.0204844 0.999665
2.2 0.000420969 18825.6 -6.62281 2.08416 0.206263 -6.607 18824 3.61564 1.68158 2.06002 -3.63248 18818.9 434.237 0.134745 -1.60119 -434.249 18817.9 -0.000351797 0.000110709 1.09565e-05 -0.000350958 0.999915 0.000192059 8.9324e-05 0.000109426 -0.000192954 0.99964 0.0230662 7.15751e-06 -8.50536e-05 -0.0230669 0.999591
2.3 0.000440094 16264.4 -7.66096 1.98567 0.174412 -7.64503 16262.8 3.08649 1.60016 1.95883 -3.10392 16257.2 421.609 0.0994509 -1.52354 -421.623 16256.3 -0.000471026 0.000122087 1.07235e-05 -0.000470046 0.999903 0.000189769 9.83844e-05 0.000120436 -0.000190841 0.999555 0.0259222 6.11463e-06 -9.36733e-05 -0.025923 0.999498
2.4 0.000459218 13912 -8.73368 1.86692 0.1687 -8.71779 13910.5 2.59079 1.50526 1.83788 -2.60852 13904.3 404.672 0.0908465 -1.43361 -404.687 13903.4 -0.00062778 0.000134195 1.21262e-05 -0.000626637 0.999887 0.000186226 0.000108198 0.000132107 -0.000187501 0.999447 0.0290879 6.53007e-06 -0.000103048 -0.029089 0.999383
2.5 0.00047834 11773.8 -9.82724 1.73146 0.18502 -9.81156 11772.2 2.13158 1.40008 1.70084 -2.14932 11765.7 383.892 0.10488 -1.33454 -383.908 11764.8 -0.000834671 0.00014706 1.57146e-05 -0.000833339 0.999868 0.000181044 0.000118915 0.00014446 -0.000182551 0.999312 0.0326056 8.90794e-06 -0.000113348 -0.032607 0.999237
2.6 0.000497461 9851.36 -10.9274 1.58317 0.218865 -10.9121 9849.82 1.71125 1.28797 1.55167 -1.72869 9842.9 359.808 0.137087 -1.22957 -359.826 9842.04 -0.00110923 0.000160706 2.22167e-05 -0.00110767 0.999844 0.000173707 0.000130741 0.000157508 -0.000175477 0.999141 0.0365237 1.39156e-05 -0.000124812 -0.0365256 0.999053
2.7 0.00051658 8142.94 -12.0197 1.4261 0.265508 -12.005 8141.42 1.3315 1.17226 1.39449 -1.34835 8134.18 333.015 0.182766 -1.12191 -333.035 8133.32 -0.00147609 0.000175134 3.26059e-05 -0.00147428 0.999813 0.000163516 0.00014396 0.000171251 -0.000165585 0.998924 0.0408962 2.24447e-05 -0.000137777 -0.0408986 0.998819
2.8 0.000535698 6643.58 -13.0901 1.26435 0.320182 -13.076 6642.07 0.993325 1.05613 1.23343 -1.00932 6634.57 304.143 0.237153 -1.01462 -304.165 6633.73 -0.00197034 0.000190312 4.81943e-05 -0.00196822 0.999772 0.000149516 0.000158969 0.000185657 -0.000151924 0.998644 0.04578 3.56966e-05 -0.000152722 -0.0457832 0.998517
2.9 0.000554814 5345.53 -14.1248 1.10192 0.378247 -14.1116 5344.02 0.697025 0.942543 1.07249 -0.711931 5336.34 273.837 0.295595 -0.91051 -273.861 5335.51 -0.00264237 0.000206139 7.07595e-05 -0.00263989 0.999719 0.000130394 0.000176324 0.000200633 -0.000133183 0.998282 0.0512274 5.52976e-05 -0.000170331 -0.0512318 0.998126
3 0.000573928 4238.63 -15.1113 0.942593 0.435345 -15.0991 4237.14 0.442217 0.834149 0.91543 -0.455852 4229.35 242.745 0.353702 -0.812045 -242.77 4228.52 -0.00356514 0.000222381 0.000102709 -0.00356225 0.999647 0.00010433 0.000196797 0.000215973 -0.000107547 0.997809 0.0572695 8.34471e-05 -0.000191582 -0.0572755 0.997614
3.1 0.00059304 3310.77 -16.038 0.789821 0.487547 -16.0268 3309.28 0.227868 0.733185 0.765654 -0.240106 3301.45 211.492 0.407492 -0.721292 -211.519 3300.63 -0.0048442 0.000238561 0.000147261 -0.00484082 0.99955 6.88265e-05 0.000221455 0.000231262 -7.25228e-05 0.997187 0.06388 0.000123081 -0.000217863 -0.0638882 0.99694
3.2 0.000612151 2548.21 -16.8948 0.646635 0.531462 -16.8848 2546.72 0.0523454 0.641443 0.626103 -0.0631228 2538.94 180.672 0.453508 -0.639863 -180.701 2538.13 -0.00663007 0.000253761 0.000208563 -0.00662614 0.999417 2.05421e-05 0.000251723 0.000245703 -2.47715e-05 0.996364 0.0709016 0.000177971 -0.000251103 -0.0709128 0.996045
3.3 0.00063126 1936.1 -17.6732 0.515563 0.564331 -17.6644 1934.62 -0.0865239 0.560237 0.499192 0.0772028 1926.96 150.831 0.488909 -0.56889 -150.861 1926.15 -0.00912826 0.00026629 0.000291478 -0.00912371 0.999235 -4.46898e-05 0.000289364 0.000257834 3.98754e-05 0.995278 0.0779046 0.000252522 -0.000293833 -0.0779201 0.994859
3.4 0.000650367 1458.84 -18.3665 0.398575 0.584087 -18.359 1457.36 -0.19138 0.490388 0.386755 0.183443 1449.88 122.455 0.511538 -0.509017 -122.486 1449.08 -0.0125899 0.000273215 0.000400379 -0.0125847 0.998986 -0.000131187 0.000336151 0.000265112 0.000125746 0.993864 0.08394 0.000350648 -0.00034892 -0.0839617 0.993311
3.5 0.000669472 1100.46 -18.9698 0.297048 0.589395 -18.9636 1098.98 -0.265249 0.432241 0.290018 0.25856 1091.76 95.9605 0.519959 -0.460419 -95.9934 1090.96 -0.0172381 0.000269932 0.000535591 -0.0172324 0.998657 -0.000241036 0.000392783 0.000263543 0.000234956 0.9921 0.0872006 0.000472494 -0.000418389 -0.0872304 0.991369
3.6 0.000688575 845.016 -19.4801 0.211756 0.579649 -19.475 843.538 -0.311457 0.385685 0.209593 0.305815 836.637 71.691 0.513466 -0.422833 -71.725 835.834 -0.0230529 0.000250594 0.000685963 -0.0230469 0.998251 -0.000368581 0.000456424 0.000248034 0.000361904 0.990084 0.0848398 0.00060764 -0.000500385 -0.08488 0.989134
3.7 0.000707676 676.896 -19.8959 0.142881 0.554954 -19.892 675.418 -0.333534 0.350209 0.145494 0.328688 668.882 49.9097 0.49206 -0.395607 -49.9446 668.08 -0.0293929 0.000211082 0.000819851 -0.0293871 0.997816 -0.00049274 0.000517374 0.000214944 0.000485581 0.988161 0.0737331 0.000726935 -0.000584442 -0.0737847 0.986976
3.8 0.000726775 581.103 -20.2178 0.0900456 0.516075 -20.215 579.624 -0.335124 0.324951 0.0971801 0.330778 573.495 30.7999 0.45641 -0.377759 -30.8355 572.693 -0.0347922 0.000154956 0.000888096 -0.0347873 0.997454 -0.000576704 0.000559196 0.000167234 0.000569225 0.986907 0.0530024 0.00078542 -0.000650073 -0.0530637 0.985527
3.9 0.000745871 543.503 -20.4479 0.0523631 0.464367 -20.4459 542.023 -0.319896 0.308772 0.063606 0.315721 536.331 14.4659 0.407783 -0.368054 -14.502 535.53 -0.0376223 9.63437e-05 0.000854397 -0.0376188 0.997276 -0.000588582 0.000568115 0.00011703 0.000580901 0.986804 0.026616 0.000750287 -0.000677189 -0.0266824 0.98533
4 0.000764965 551.022 -20.5894 0.0285041 0.401686 -20.5882 549.54 -0.291452 0.300331 0.0433013 0.287099 544.307 0.936442 0.347958 -0.365075 -0.972825 543.506 -0.0373658 5.17294e-05 0.000728984 -0.0373637 0.997309 -0.00052893 0.000545043 7.85836e-05 0.000521029 0.987814 0.00169946 0.000631478 -0.00066254 -0.00176549 0.986359
4.1 0.000784057 591.793 -20.6471 0.0167764 0.330284 -20.6465 590.308 -0.253251 0.298157 0.0344531 0.24836 585.545 -9.82997 0.279126 -0.367301 9.79354 584.743 -0.034889 2.83484e-05 0.000558108 -0.0348881 0.997491 -0.000427938 0.00050382 5.82182e-05 0.000419674 0.989443 -0.0166105 0.000471662 -0.000620657 0.0165489 0.988087
4.2 0.000803147 655.258 -20.6267 0.0152143 0.252697 -20.6265 653.771 -0.208534 0.300729 0.0350001 0.202752 649.477 -17.938 0.203777 -0.373186 17.9018 648.675 -0.0314787 2.32187e-05 0.000385645 -0.0314785 0.997731 -0.000318246 0.000458948 5.34143e-05 0.000309422 0.991178 -0.0273755 0.000310988 -0.000569525 0.0273202 0.989953
4.3 0.000822234 732.231 -20.5345 0.0216724 0.171626 -20.5346 730.742 -0.160268 0.306547 0.0427312 0.153255 726.907 -23.5472 0.124587 -0.381227 23.5113 726.105 -0.0280438 2.95978e-05 0.000234388 -0.0280438 0.997967 -0.000218876 0.000418647 5.83575e-05 0.000209298 0.992729 -0.0321581 0.000170147 -0.000520638 0.0321091 0.991633
4.4 0.000841318 814.914 -20.3778 0.0339221 0.0898216 -20.3777 813.423 -0.111095 0.31419 0.0553835 0.102536 810.028 -26.8624 0.0442986 -0.390029 26.8271 809.226 -0.025006 4.16267e-05 0.000110222 -0.025006 0.998171 -0.000136328 0.000385549 6.79624e-05 0.000125824 0.994005 -0.0329635 5.43598e-05 -0.000478614 0.0329201 0.99302
4.5 0.0008604 896.877 -20.1637 0.0497448 0.00997001 -20.1634 895.385 -0.0632981 0.322375 0.0707376 0.0529075 892.403 -28.1244 -0.0343896 -0.398352 28.0897 891.601 -0.0224821 5.54644e-05 1.11164e-05 -0.0224817 0.998336 -7.05761e-05 0.000359442 7.8871e-05 5.89908e-05 0.995011 -0.0313581 -3.83437e-05 -0.000444154 0.0313195 0.994117
4.6 0.00087948 973.012 -19.8999 0.0670197 -0.0654099 -19.899 971.518 -0.0187753 0.329999 0.0867056 0.00630645 968.915 -27.5993 -0.108929 -0.405153 27.5655 968.113 -0.0204519 6.88786e-05 -6.72242e-05 -0.0204509 0.998464 -1.92961e-05 0.000339152 8.91105e-05 6.48137e-06 0.99579 -0.0283648 -0.000111951 -0.00041639 0.02833 0.994965
4.7 0.000898556 1039.45 -19.5939 0.083803 -0.134058 -19.5922 1037.95 0.0209656 0.33616 0.101408 -0.0357209 1035.69 -25.5692 -0.177015 -0.409613 25.5363 1034.89 -0.0188503 8.06226e-05 -0.00012897 -0.0188486 0.998561 2.01699e-05 0.000323403 9.75591e-05 -3.43652e-05 0.996384 -0.0245988 -0.000170297 -0.000394068 0.0245672 0.995613
4.8 0.00091763 1093.46 -19.2529 0.0983944 -0.194047 -19.2501 1091.96 0.0548062 0.340182 0.113237 -0.0720166 1089.99 -22.3224 -0.23666 -0.411147 22.2904 1089.19 -0.0176074 8.99848e-05 -0.000177463 -0.0176048 0.998631 5.0122e-05 0.000311107 0.000103559 -6.58615e-05 0.996832 -0.0204146 -0.000216433 -0.000376007 0.0203853 0.9961
4.9 0.000936701 1133.33 -18.8838 0.109391 -0.243844 -18.8798 1131.83 0.0820022 0.34161 0.120909 -0.101799 1130.11 -18.1448 -0.286263 -0.409406 18.1138 1129.31 -0.0166623 9.65217e-05 -0.000215158 -0.0166587 0.998679 7.23553e-05 0.000301423 0.000106685 -8.98233e-05 0.997163 -0.0160102 -0.000252586 -0.000361243 0.0159829 0.996458
5 0.00095577 1158.25 -18.4932 0.115723 -0.282343 -18.4877 1156.75 0.102159 0.340207 0.123495 -0.124641 1155.24 -13.3122 -0.324643 -0.404261 13.2821 1154.44 -0.0159665 9.99118e-05 -0.000243766 -0.0159617 0.998707 8.82009e-05 0.000293725 0.000106622 -0.000107611 0.997398 -0.0114934 -0.000280287 -0.000349027 0.0114674 0.996709
5.1 0.000974835 1168.18 -18.0871 0.11668 -0.308891 -18.08 1166.68 0.115198 0.335929 0.120436 -0.140437 1165.32 -8.08351 -0.351069 -0.395784 8.05435 1164.52 -0.0154831 9.98815e-05 -0.00026442 -0.015477 0.998718 9.86129e-05 0.000287566 0.000103097 -0.000120218 0.997551 -0.00691974 -0.000300527 -0.000338804 0.00689478 0.996869
5.2 0.000993897 1163.69 -17.6709 0.11191 -0.323284 -17.6619 1162.19 0.121317 0.328898 0.111545 -0.149365 1160.93 -2.69546 -0.365264 -0.384213 2.66709 1160.14 -0.0151852 9.61681e-05 -0.00027781 -0.0151775 0.998714 0.000104252 0.000282634 9.58546e-05 -0.000128354 0.997633 -0.00231631 -0.000313884 -0.000330168 0.00229193 0.99695
5.3 0.00101296 1145.85 -17.2494 0.101415 -0.325755 -17.2386 1144.35 0.120946 0.31937 0.0969888 -0.151842 1143.16 2.64165 -0.367388 -0.369915 -2.66935 1142.37 -0.0150538 8.85061e-05 -0.000284291 -0.0150444 0.998694 0.000105551 0.000278719 8.46436e-05 -0.000132515 0.997651 0.00230541 -0.000320625 -0.00032283 -0.00232959 0.996959
5.4 0.00103201 1116.1 -16.827 0.0855224 -0.316931 -16.8141 1114.6 0.1147 0.307695 0.0772566 -0.148478 1113.43 7.74687 -0.358011 -0.353348 -7.77405 1112.64 -0.0150766 7.66261e-05 -0.000283963 -0.0150651 0.99866 0.000102769 0.000275687 6.92201e-05 -0.000133033 0.997608 0.00694102 -0.000320769 -0.000316592 -0.00696537 0.9969
5.5 0.00105107 1076.13 -16.4072 0.0648499 -0.297798 -16.3923 1074.64 0.103332 0.294276 0.0531169 -0.140027 1073.45 12.4702 -0.338069 -0.335017 -12.497 1072.66 -0.0152465 6.0262e-05 -0.00027673 -0.0152326 0.998611 9.60213e-05 0.000273457 4.93591e-05 -0.00013012 0.997506 0.011588 -0.000314152 -0.000311316 -0.0116129 0.996773
5.6 0.00107012 1027.79 -15.9934 0.0402559 -0.269631 -15.9764 1026.29 0.0876824 0.279536 0.025564 -0.127336 1025.05 16.6932 -0.308808 -0.315434 -16.7199 1024.27 -0.015561 3.91676e-05 -0.000262342 -0.0155445 0.998547 8.5312e-05 0.000271979 2.48729e-05 -0.000123894 0.997343 0.0162419 -0.00030046 -0.000306907 -0.0162678 0.996578
5.7 0.00108916 972.951 -15.5881 0.012784 -0.233935 -15.5692 971.459 0.0686415 0.263875 -0.00424331 -0.111305 970.146 20.3283 -0.271719 -0.295081 -20.355 969.362 -0.0160215 1.31394e-05 -0.000240439 -0.016002 0.998467 7.05498e-05 0.000271211 -4.36128e-06 -0.000114399 0.997117 0.0208935 -0.000279273 -0.000303285 -0.0209209 0.996312
5.8 0.00110821 913.499 -15.1937 -0.0163977 -0.192372 -15.1729 912.009 0.0471045 0.247649 -0.0350468 -0.092838 910.6 23.3178 -0.228467 -0.274383 -23.3446 909.819 -0.0166325 -1.79505e-05 -0.000210588 -0.0166097 0.998368 5.15649e-05 0.000271099 -3.83655e-05 -0.000101629 0.996826 0.0255258 -0.000250101 -0.000300364 -0.0255552 0.995971
5.9 0.00112725 851.215 -14.8122 -0.0460608 -0.146686 -14.7896 849.726 0.0239395 0.23114 -0.0655552 -0.0728121 848.205 25.631 -0.180819 -0.253679 -25.6582 847.426 -0.0174012 -5.41118e-05 -0.000172325 -0.0173746 0.998251 2.81239e-05 0.000271542 -7.70137e-05 -8.5539e-05 0.996464 0.030111 -0.000212425 -0.00029802 -0.030143 0.995549
6 0.00172656 787.747 -14.4451 -0.0749789 -0.0986322 -14.4208 786.26 -4.15716e-05 0.214548 -0.0945089 -0.0520426 784.616 27.2623 -0.130573 -0.233213 -27.29 783.839 -0.0183372 -9.51814e-05 -0.000125208 -0.0183064 0.998112 -5.27728e-08 0.000272356 -0.000119974 -6.6065e-05 0.996025 0.0346079 -0.000165755 -0.00029605 -0.0346431 0.995039
6.2 0.00236869 662.971 -13.7595 -0.126038 -0.0021133 -13.7324 661.486 -0.0476094 0.181441 -0.143227 -0.011091 659.587 28.5608 -0.029216 -0.193445 -28.5899 658.814 -0.0207543 -0.000190111 -3.18762e-06 -0.0207134 0.99776 -7.18121e-05 0.000273679 -0.000216038 -1.67293e-05 0.994896 0.04308 -4.40682e-05 -0.000291784 -0.0431239 0.99373
6.4 0.00244479 548.578 -13.1455 -0.161915 0.0852629 -13.1164 547.096 -0.0908953 0.148144 -0.173858 0.025465 544.957 27.5383 0.063083 -0.155026 -27.5692 544.188 -0.0239629 -0.000295154 0.000155425 -0.0239098 0.997298 -0.000165693 0.000270052 -0.000316925 4.642e-05 0.993398 0.0501995 0.000114994 -0.000282597 -0.0502557 0.991996
6.6 0.00252085 450.671 -12.6092 -0.178033 0.15482 -12.579 449.191 -0.126838 0.113463 -0.182543 0.05491 446.856 24.703 0.136944 -0.116749 -24.7355 446.091 -0.0279786 -0.00039504 0.000343532 -0.0279118 0.996715 -0.000281443 0.000251765 -0.000405047 0.00012184 0.991535 0.0548137 0.000303868 -0.000259056 -0.0548858 0.989836
6.8 0.00259689 372.279 -12.1542 -0.173534 0.201894 -12.124 370.8 -0.153888 0.0759146 -0.16941 0.0762364 368.335 20.6457 0.187031 -0.0770042 -20.6796 367.572 -0.032648 -0.00046614 0.000542317 -0.0325668 0.996026 -0.000413368 0.000203918 -0.000455062 0.000204783 0.989405 0.0554576 0.000502394 -0.000206845 -0.0555485 0.987356
7 0.00267289 313.899 -11.7817 -0.151194 0.225869 -11.7522 312.42 -0.171659 0.0345665 -0.138341 0.0897471 309.898 15.9595 0.212219 -0.0346654 -15.9941 309.138 -0.0375334 -0.000481665 0.000719561 -0.0374396 0.995289 -0.000546862 0.00011012 -0.00044072 0.000285911 0.987256 0.050843 0.000676075 -0.000110435 -0.0509531 0.984834
7.2 0.00274886 274.154 -11.4898 -0.116699 0.229591 -11.4618 272.675 -0.180487 -0.0102292 -0.0960818 0.0965199 270.172 11.1804 0.215113 0.0101431 -11.2149 269.414 -0.04191 -0.000425668 0.000837453 -0.041808 0.994606 -0.000658342 -3.7312e-05 -0.000350467 0.000352065 0.985475 0.0407816 0.000784645 3.6998e-05 -0.0409072 0.982712
7.4 0.0028248 250.457 -11.2729 -0.077458 0.218322 -11.247 248.977 -0.18102 -0.0564121 -0.050908 0.0978675 246.561 6.7514 0.20107 0.0555941 -6.7847 245.806 -0.0450095 -0.000309267 0.000871696 -0.044906 0.994093 -0.000722758 -0.000225237 -0.000203261 0.000390756 0.984445 0.0269564 0.000802814 0.000221971 -0.0270893 0.981431
7.6 0.00290071 239.569 -11.1217 -0.0412029 0.198491 -11.0982 238.089 -0.173915 -0.100218 -0.0111161 0.0949009 235.815 3.00497 0.176945 0.0981456 -3.0361 235.063 -0.046424 -0.000171987 0.000828533 -0.0463257 0.993821 -0.000725952 -0.000418328 -4.64004e-05 0.000396132 0.984331 0.0125432 0.000738598 0.000409676 -0.0126732 0.981191
7.8 0.00297657 238.038 -11.0232 -0.0146266 0.176456 -11.0023 236.557 -0.1597 -0.13664 0.0163922 0.0882689 234.466 0.159544 0.149802 0.132992 -0.187513 233.717 -0.0463087 -6.14465e-05 0.00074129 -0.0462206 0.993776 -0.000670902 -0.000574027 6.88638e-05 0.000370818 0.984994 0.000670246 0.00062932 0.000558701 -0.000787742 0.981847
8 0.00305241 242.509 -10.9617 -0.00230971 0.157489 -10.9433 241.026 -0.138778 -0.16026 0.0271883 0.0780965 239.14 -1.67556 0.125789 0.154898 1.6516 238.394 -0.0452011 -9.52423e-06 0.000649416 -0.0451253 0.993886 -0.000572258 -0.000660841 0.000112113 0.000322036 0.986111 -0.00690926 0.000518701 0.000638731 0.00681049 0.983034
8.2 0.0031282 249.924 -10.9197 -0.00609305 0.145109 -10.9039 248.44 -0.111555 -0.166287 0.0198951 0.0641022 246.762 -2.49024 0.109329 0.159239 2.47095 246.019 -0.0436922 -2.43796e-05 0.000580611 -0.0436287 0.994064 -0.000446356 -0.000665351 7.96047e-05 0.000256487 0.987349 -0.00996398 0.000437451 0.00063715 0.00988683 0.984377
8.4 0.00320396 257.66 -10.8803 -0.0249768 0.140811 -10.8668 256.176 -0.0786269 -0.151602 -0.00379679 0.0458425 254.69 -2.36121 0.102705 0.143049 2.347 253.95 -0.0422274 -9.6937e-05 0.000546499 -0.0421748 0.99424 -0.000305157 -0.000588378 -1.47356e-05 0.000177918 0.988471 -0.00916403 0.000398607 0.000555185 0.00910888 0.985601
8.6 0.00327968 263.612 -10.8281 -0.055522 0.144183 -10.8167 262.128 -0.0409467 -0.115563 -0.0396397 0.0230087 260.801 -1.43766 0.106042 0.105836 1.42867 260.066 -0.0410758 -0.00021062 0.00054695 -0.0410326 0.994371 -0.000155329 -0.000438382 -0.000150371 8.72824e-05 0.989338 -0.00545368 0.000402264 0.000401484 0.00541959 0.986548
8.8 0.00335535 266.248 -10.7509 -0.0926454 0.153306 -10.7414 264.765 6.83582e-05 -0.0604308 -0.0817372 -0.00429657 263.554 0.0751863 0.117623 0.0500027 -0.0790504 262.822 -0.0403791 -0.000347966 0.000575802 -0.0403436 0.994431 2.56746e-07 -0.000226972 -0.000306996 -1.61375e-05 0.989881 0.000282392 0.00044178 0.000187805 -0.000296905 0.987134
9 0.00343099 264.646 -10.6408 -0.130637 0.165343 -10.6332 263.165 0.0425319 0.00871376 -0.123664 -0.0353665 262.017 1.93524 0.134443 -0.019232 -1.93431 261.289 -0.0402078 -0.000493629 0.00062477 -0.0401788 0.994406 0.000160713 3.29261e-05 -0.000467283 -0.000133637 0.990065 0.00731258 0.000508012 -7.26708e-05 -0.00730904 0.987317
9.2 0.00350659 258.496 -10.4948 -0.164202 0.17716 -10.4888 257.019 0.0841927 0.0845474 -0.159591 -0.0688213 255.877 3.88562 0.152861 -0.0944171 -3.88038 255.155 -0.0405996 -0.000635219 0.000685351 -0.0405762 0.994286 0.000325702 0.000327074 -0.000617384 -0.000266238 0.98987 0.0150316 0.000591349 -0.000365255 -0.0150114 0.987075
9.4 0.00358214 248.071 -10.3143 -0.189342 0.185894 -10.3097 246.599 0.122629 0.158491 -0.185214 -0.102675 245.412 5.67863 0.169249 -0.166863 -5.66972 244.695 -0.041578 -0.000763256 0.000749358 -0.0415595 0.994065 0.000494331 0.000638894 -0.000746615 -0.000413892 0.989281 0.0228911 0.000682258 -0.000672643 -0.0228552 0.986389
9.6 0.00365765 234.15 -10.1045 -0.203932 0.189358 -10.1012 232.684 0.155498 0.221939 -0.198348 -0.134523 231.407 7.09998 0.180526 -0.227881 -7.08812 230.696 -0.0431538 -0.000870945 0.000808705 -0.0431399 0.993737 0.000664094 0.000947849 -0.000847096 -0.000574514 0.988287 0.0303224 0.000770983 -0.000973227 -0.0302717 0.985248
9.8 0.00373311 217.895 -9.87324 -0.207911 0.18627 -9.8712 216.436 0.180789 0.267513 -0.199109 -0.161819 215.039 7.99044 0.18453 -0.27005 -7.97638 214.334 -0.0453118 -0.000954177 0.000854861 -0.0453025 0.993303 0.000829706 0.00122771 -0.00091378 -0.000742643 0.986892 0.036671 0.000846875 -0.00123935 -0.0366065 0.983655
10 0.00380853 200.694 -9.62996 -0.203086 0.176288 -9.62896 199.243 0.19705 0.290136 -0.189679 -0.182189 197.71 8.26192 0.18019 -0.288298 -8.24643 197.012 -0.0479832 -0.00101192 0.000878389 -0.0479783 0.99277 0.000981844 0.00144566 -0.000945114 -0.000907792 0.985133 0.0411667 0.000897833 -0.0014365 -0.0410895 0.981653
10.2 0.0038839 183.976 -9.38397 -0.192618 0.159891 -9.38386 182.534 0.203534 0.287739 -0.173734 -0.193736 180.867 7.90544 0.167517 -0.280627 -7.88926 180.177 -0.0510066 -0.00104697 0.000869088 -0.051006 0.992162 0.00110631 0.00156401 -0.000944332 -0.00105305 0.983105 0.04297 0.000910539 -0.00152535 -0.0428821 0.97935
10.4 0.00395923 169.031 -9.14361 -0.180294 0.138172 -9.14423 167.598 0.200261 0.261499 -0.155656 -0.195289 165.817 6.9894 0.147455 -0.24835 -6.97324 165.135 -0.0540944 -0.00106664 0.00081744 -0.0540981 0.991525 0.00118476 0.00154705 -0.000920878 -0.00115535 0.980991 0.0413499 0.000872354 -0.00146926 -0.0412543 0.976954
10.6 0.0040345 156.855 -8.91536 -0.169752 0.112579 -8.91657 155.432 0.187997 0.215569 -0.139684 -0.186563 153.57 5.64794 0.12163 -0.19583 -5.63244 152.897 -0.0568384 -0.00108222 0.000717727 -0.0568461 0.99093 0.00119854 0.00137432 -0.000890534 -0.0011894 0.979059 0.0360075 0.000775432 -0.00124848 -0.0359087 0.974767
10.8 0.00410973 148.04 -8.70348 -0.163778 0.0846744 -8.70516 146.627 0.168143 0.156377 -0.129153 -0.168214 144.726 4.0609 0.0920687 -0.129777 -4.04663 144.062 -0.0587915 -0.00110631 0.000571971 -0.058803 0.990456 0.0011358 0.00105632 -0.000872419 -0.00113628 0.977614 0.0274312 0.00062192 -0.000876639 -0.0273348 0.973134
11 0.00418491 142.725 -8.50987 -0.163814 0.0559473 -8.51199 141.322 0.142589 0.0916176 -0.125943 -0.141785 139.428 2.42826 0.0609114 -0.0582185 -2.41571 138.775 -0.0596242 -0.00114776 0.000391993 -0.059639 0.990168 0.000999043 0.000641916 -0.000882417 -0.000993412 0.976897 0.0170135 0.000426774 -0.000407906 -0.0169256 0.972324
11.2 0.00426003 140.617 -8.33438 -0.169741 0.027684 -8.33692 139.223 0.113521 0.0291107 -0.130225 -0.109556 137.379 0.942826 0.0301732 0.0106602 -0.932375 136.738 -0.0592702 -0.00120711 0.000196876 -0.0592882 0.990086 0.00080731 0.000207021 -0.0009261 -0.00077911 0.976978 0.00670493 0.000214578 7.58101e-05 -0.00663061 0.972415
11.4 0.00433511 141.062 -8.17511 -0.179945 0.000906475 -8.17813 139.677 0.0832427 -0.0242838 -0.140505 -0.0743182 137.921 -0.234791 0.00156043 0.0696294 0.242863 137.291 -0.057954 -0.00127564 6.42607e-06 -0.0579754 0.990177 0.000590113 -0.00017215 -0.000996053 -0.000526847 0.97773 -0.00166445 1.1062e-05 0.000493608 0.00172168 0.973263
11.6 0.00441013 143.174 -8.02895 -0.191659 -0.0236414 -8.03253 141.796 0.0539945 -0.0635246 -0.153954 -0.0391006 140.152 -0.995303 -0.0236488 0.113314 1.00084 139.533 -0.0560784 -0.00133865 -0.000165124 -0.0561035 0.990377 0.000377126 -0.00044369 -0.0010753 -0.0002731 0.978895 -0.00695173 -0.000165176 0.000791442 0.00699039 0.974574
11.8 0.0044851 145.971 -7.89198 -0.201472 -0.0454777 -7.89624 144.6 0.0278092 -0.0859094 -0.166933 -0.0068784 143.079 -1.29146 -0.044662 0.138748 1.29442 142.471 -0.0540653 -0.00138022 -0.000311553 -0.0540945 0.990609 0.000190511 -0.000588537 -0.0011436 -4.71217e-05 0.980187 -0.00884737 -0.000305965 0.000950516 0.00886765 0.976024
12 0.0139046 148.527 -7.75995 -0.205928 -0.0643564 -7.76495 147.162 0.00638861 -0.0912016 -0.175624 0.0197058 145.759 -1.1393 -0.0611788 0.14554 1.13976 145.162 -0.0522462 -0.00138648 -0.000433299 -0.0522799 0.990812 4.30133e-05 -0.000614043 -0.00118244 0.000132675 0.981365 -0.00767068 -0.000411905 0.00097989 0.00767378 0.977346
13 0.0246683 140.536 -7.0398 -0.0840338 -0.119369 -7.04739 139.19 -0.00214505 0.0268101 -0.0748504 0.0234434 137.978 2.81898 -0.0932793 0.0154351 -2.82703 137.416 -0.0500925 -0.000597952 -0.000849384 -0.0501465 0.990426 -1.52634e-05 0.000190771 -0.000532607 0.000166814 0.981796 0.0200588 -0.00066374 0.00010983 -0.0201161 0.977802
14 0.0265294 113.822 -6.12416 0.154523 -0.149824 -6.12797 112.479 0.0963931 0.0772761 0.16374 -0.103988 110.939 3.11069 -0.119502 -0.0499061 -3.12015 110.377 -0.0538047 0.00135759 -0.0013163 -0.0538381 0.9882 0.000846874 0.000678919 0.00143856 -0.000913598 0.974669 0.0273294 -0.0010499 -0.000438457 -0.0274125 0.969727
15 0.0283823 106.67 -5.47748 0.206534 -0.160199 -5.47894 105.323 0.147643 0.0671547 0.215589 -0.151909 103.785 0.321105 -0.146523 -0.0399908 -0.329901 103.216 -0.0513496 0.00193619 -0.00150181 -0.0513632 0.987371 0.0013841 0.000629553 0.00202108 -0.0014241 0.972953 0.00301025 -0.00137361 -0.000374901 -0.00309271 0.967615
16 0.0302266 107.58 -5.37442 0.0672842 -0.086699 -5.37861 106.236 0.15036 0.0913192 0.0723651 -0.146796 104.959 0.191957 -0.0881951 -0.0646106 -0.196311 104.409 -0.0499576 0.000625437 -0.000805906 -0.0499966 0.987511 0.00139767 0.000848852 0.000672666 -0.00136454 0.975639 0.00178433 -0.000819813 -0.000600584 -0.00182479 0.970527
17 0.0320617 100.591 -5.15792 -0.0511038 -0.0223519 -5.15954 99.2551 0.136884 0.0482592 -0.0350528 -0.152315 97.9764 1.51122 -0.0261989 -0.0159672 -1.50718 97.4614 -0.0512764 -0.000508038 -0.000222207 -0.0512925 0.986724 0.00136081 0.000479759 -0.000348471 -0.00151421 0.974013 0.0150235 -0.000260451 -0.000158735 -0.0149833 0.968893
18 0.0338871 91.2935 -4.57329 -0.010221 -0.0808637 -4.57029 89.9568 0.0569483 -0.0292001 -0.00224609 -0.0858015 88.5269 1.36499 -0.0749597 0.061955 -1.35865 88.0402 -0.0500944 -0.000111957 -0.000885755 -0.0500615 0.985357 0.000623793 -0.000319849 -2.46029e-05 -0.000939842 0.969695 0.0149517 -0.000821084 0.000678635 -0.0148822 0.964364
19 0.0357021 86.422 -3.86209 0.0687081 -0.16091 -3.86037 85.082 -0.0174013 -0.0438433 0.0453211 0.00214556 83.7046 0.71687 -0.151047 0.0620038 -0.716482 83.2343 -0.0446888 0.000795031 -0.00186191 -0.0446689 0.984495 -0.000201353 -0.000507317 0.000524416 2.48266e-05 0.968557 0.008295 -0.00174779 0.000717454 -0.00829051 0.963115
20 0.0375062 82.0295 -3.15304 0.0504858 -0.156336 -3.15353 80.6966 -0.00512611 -0.0379595 0.0240812 -1.70945e-05 79.3969 0.783335 -0.14885 0.0543222 -0.788885 78.9369 -0.0384379 0.000615458 -0.00190585 -0.0384438 0.983751 -6.2491e-05 -0.000462754 0.000293568 -2.08394e-07 0.967906 0.00954943 -0.00181459 0.000662227 -0.00961708 0.962299
21 0.0392989 77.7918 -2.86761 0.0121551 -0.08015 -2.86321 76.4622 0.0150402 -0.042053 0.00702256 -0.0189582 75.1107 0.549018 -0.0660313 0.0698799 -0.556832 74.6618 -0.0368626 0.000156252 -0.00103031 -0.036806 0.982908 0.000193339 -0.000540584 9.02737e-05 -0.000243704 0.965535 0.00705752 -0.000848821 0.000898294 -0.00715797 0.959764
22 0.0410797 75.6746 -2.84189 0.0284479 -0.0171937 -2.82545 74.3332 -0.0434415 -0.0066628 0.0340429 0.0461177 72.9452 0.392366 -0.00180082 0.0430253 -0.397907 72.5065 -0.0375541 0.000375924 -0.000227206 -0.0373368 0.982274 -0.000574057 -8.80454e-05 0.000449859 0.000609422 0.963933 0.00518491 -2.37969e-05 0.000568557 -0.00525814 0.958136
23 0.0428479 72.3406 -2.50796 0.0388094 -0.035272 -2.48374 70.9856 -0.116026 0.0441084 0.0436582 0.124903 69.5975 0.539269 -0.0408729 -0.0053624 -0.540567 69.1708 -0.0346688 0.000536481 -0.000487582 -0.0343339 0.981269 -0.00160388 0.000609732 0.000603509 0.0017266 0.96208 0.00745458 -0.000565006 -7.41271e-05 -0.00747252 0.956181
24 0.0446031 68.5809 -2.14708 -0.020038 -0.0502827 -2.13026 67.2234 -0.122167 0.0680861 -0.0221083 0.130268 65.8595 0.4811 -0.0574575 -0.040629 -0.482514 65.455 -0.0313073 -0.00029218 -0.000733187 -0.031062 0.980205 -0.00178135 0.000992785 -0.000322368 0.00189948 0.960318 0.00701507 -0.000837806 -0.000592425 -0.00703568 0.95442
25 0.0463447 65.529 -1.91969 -0.0414582 -0.00934862 -1.92105 64.1754 -0.151471 0.0422909 -0.0469367 0.138644 62.7866 0.587015 0.0236004 -0.0278393 -0.589924 62.3988 -0.0292953 -0.00063267 -0.000142664 -0.029316 0.979344 -0.00231151 0.000645376 -0.000716274 0.00211576 0.95815 0.00895809 0.000360151 -0.000424839 -0.00900249 0.952232
26 0.0480722 62.0268 -1.5593 0.0707292 -0.0176552 -1.56854 60.6669 -0.228977 -0.0138203 0.070317 0.20048 59.2253 0.453406 0.0324501 0.0278036 -0.454042 58.8348 -0.0251391 0.0011403 -0.000284638 -0.0252881 0.978077 -0.00369158 -0.000222812 0.00113366 0.00323216 0.954834 0.00730985 0.000523163 0.000448252 -0.0073201 0.94854
27 0.049785 59.5267 -1.27577 0.12393 -0.0723624 -1.27313 58.1479 -0.218065 0.0156556 0.120917 0.209233 56.7478 0.0862182 -0.0510476 -0.00310515 -0.0857614 56.3557 -0.021432 0.00208192 -0.00121563 -0.0213875 0.976837 -0.00366331 0.000263001 0.00203131 0.00351494 0.953316 0.00144839 -0.000857558 -5.2164e-05 -0.00144072 0.946729
28 0.0514827 57.7888 -1.22383 0.0053699 -0.0631586 -1.21618 56.3969 -0.118453 0.0801308 -0.0077857 0.110292 54.9969 0.173905 -0.0607866 -0.0696154 -0.176523 54.6113 -0.0211776 9.29228e-05 -0.00109292 -0.0210453 0.975915 -0.00204976 0.00138662 -0.000134727 0.00190854 0.951688 0.00300932 -0.00105188 -0.00120465 -0.00305462 0.945015
29 0.0531646 55.1832 -1.10061 -0.0758433 0.0164462 -1.10761 53.7911 -0.0591303 0.0159162 -0.0913065 0.0165964 52.3063 0.368119 0.0192637 0.00785397 -0.372937 51.9268 -0.0199446 -0.00137439 0.000298028 -0.0200714 0.974772 -0.00107153 0.000288424 -0.00165461 0.000300751 0.947867 0.00667086 0.000349086 0.000142325 -0.00675816 0.940988
30 0.0548304 51.9232 -0.750413 -0.0341416 0.0840693 -0.763739 50.5334 -0.0983597 -0.080201 -0.0432721 0.0507555 49.0263 0.320826 0.0826072 0.114277 -0.326079 48.6623 -0.0144524 -0.00065754 0.00161911 -0.014709 0.973234 -0.00189433 -0.00154461 -0.000833387 0.000977511 0.944207 0.00617887 0.00159095 0.00220089 -0.00628003 0.937198
31 0.0564795 48.944 -0.487284 0.0160537 0.0499954 -0.493624 47.5552 -0.156521 -0.0665909 0.0105103 0.131915 46.0555 0.115275 0.0500658 0.0813948 -0.123159 45.7125 -0.00995595 0.000328001 0.00102148 -0.0100855 0.971625 -0.00319796 -0.00136055 0.000214742 0.00269521 0.940984 0.00235524 0.00102292 0.00166302 -0.00251632 0.933975
32 0.0581114 46.9669 -0.570329 0.0473173 -0.0261356 -0.575356 45.5762 -0.0996075 -0.018354 0.0365195 0.08364 44.0504 -0.0182235 -0.0247534 0.00684464 0.00965064 43.7154 -0.0121432 0.00100746 -0.000556469 -0.0122502 0.97039 -0.0021208 -0.000390786 0.000777557 0.00178083 0.937903 -0.000388007 -0.000527039 0.000145733 0.000205477 0.93077
33 0.0597256 45.1194 -0.616804 0.0568864 0.0121329 -0.620972 43.7206 0.0282188 0.0032596 0.0519995 -0.0386346 42.1664 0.150147 -0.00551604 -0.00881636 -0.152053 41.8368 -0.0136705 0.0012608 0.000268906 -0.0137628 0.968996 0.000625424 7.22439e-05 0.00115249 -0.000856275 0.934551 0.00332776 -0.000122254 -0.000195401 -0.00337001 0.927246
34 0.0613216 42.3937 -0.320651 0.0132952 0.0881555 -0.324237 40.9829 0.0626749 0.0349744 0.0301788 -0.0546578 39.4035 0.267163 0.067085 -0.00758332 -0.263352 39.0882 -0.00756366 0.000313614 0.00207945 -0.00764825 0.966722 0.0014784 0.00082499 0.000711871 -0.00128929 0.929466 0.00630195 0.00158243 -0.000178879 -0.00621207 0.922031
35 0.0628989 39.8945 -0.108746 -0.0225918 0.0549377 -0.12535 38.4731 -0.00614304 0.0552392 -0.00678474 0.0200566 36.8509 0.0494341 0.0649248 -0.0102107 -0.0487802 36.5467 -0.00272585 -0.000566288 0.00137708 -0.00314204 0.964373 -0.000153982 0.00138463 -0.000170067 0.000502742 0.92371 0.00123912 0.00162741 -0.000255943 -0.00122273 0.916084
36 0.064457 38.3614 -0.206878 0.000803045 0.00475535 -0.230799 36.9328 -0.0554562 0.0182191 -0.00586422 0.0577401 35.2878 -0.135512 0.019953 0.00758489 0.135082 34.9848 -0.00539287 2.09337e-05 0.000123962 -0.00601644 0.962758 -0.00144562 0.000474932 -0.000152867 0.00150516 0.919876 -0.00353251 0.000520132 0.000197722 0.00352129 0.911977
37 0.0659956 36.7391 -0.192448 0.00947981 0.0195632 -0.198613 35.3095 -0.018581 -0.0236395 0.00186783 0.027475 33.6839 -0.0101077 0.00667527 0.0303032 0.0216423 33.3841 -0.00523822 0.00025803 0.000532491 -0.00540605 0.961087 -0.000505756 -0.000643441 5.08403e-05 0.00074784 0.916839 -0.000275121 0.000181694 0.000824822 0.000589082 0.908679
38 0.067514 34.6572 0.0597779 -0.0243438 0.0315061 0.0686828 33.2301 0.02814 -0.0033849 -0.0200929 -0.00562754 31.5679 0.0647871 0.0206695 0.0285095 -0.0461816 31.2835 0.00172483 -0.000702415 0.000909078 0.00198177 0.958823 0.000811951 -9.76679e-05 -0.00057976 -0.000162377 0.910862 0.00186937 0.000596398 0.000822613 -0.00133252 0.902655
39 0.0690118 33.0518 0.148833 -0.0386112 0.01908 0.14967 31.6196 0.00463789 0.0320772 -0.0407808 -0.00320623 29.8766 -0.213929 0.0260693 0.0195601 0.21615 29.6138 0.004503 -0.0011682 0.000577276 0.00452836 0.956668 0.000140322 0.000970511 -0.00123384 -9.7006e-05 0.903933 -0.00647252 0.00078874 0.000591801 0.00653972 0.895982
40 0.10628 31.9952 -0.0165906 -0.0417794 0.0203144 -0.0248367 30.5537 -0.0197163 0.0110679 -0.053552 -0.00114346 28.8153 -0.355801 0.0143389 0.0394283 0.342099 28.569 -0.000518536 -0.0013058 0.000634922 -0.000776265 0.954947 -0.000616228 0.000345924 -0.00167375 -3.57386e-05 0.900614 -0.0111205 0.000448158 0.00123232 0.0106922 0.892916
42 0.146749 28.4161 0.225883 -0.0507146 0.0169399 0.227359 26.987 -0.00814309 -0.00337949 -0.0473374 0.0235981 25.1919 0.0715076 0.0283301 0.0522007 -0.0636505 24.9704 0.0079491 -0.00178471 0.000596136 0.00800106 0.949708 -0.000286566 -0.000118929 -0.00166587 0.000830448 0.886536 0.00251644 0.000996974 0.00183701 -0.00223994 0.878739
44 0.152348 25.6873 0.186525 0.0224049 -0.00799897 0.180875 24.2615 -0.014579 0.00707532 0.00771271 -0.000875997 22.3848 -0.414675 0.00475175 -0.00765972 0.410475 22.1733 0.00726137 0.000872216 -0.000311398 0.00704143 0.944494 -0.000567555 0.00027544 0.000300254 -3.41023e-05 0.871434 -0.0161432 0.000184985 -0.000298191 0.0159797 0.863202
46 0.157761 23.1133 0.139025 0.0359208 -0.00423108 0.153502 21.6825 0.0503205 0.0156152 0.035059 -0.0549576 19.7371 -0.208144 0.00622029 0.0127469 0.213043 19.533 0.00601493 0.00155412 -0.000183058 0.00664126 0.938097 0.00217712 0.000675595 0.00151683 -0.00237775 0.853929 -0.00900538 0.000269122 0.000551495 0.00921731 0.845095
48 0.162982 20.6098 0.119851 0.0384355 0.0340515 0.0985361 19.1795 -0.0604453 0.0518058 0.0121691 0.0378199 17.1962 -0.333641 0.0394325 -0.0394402 0.310607 16.9956 0.00581524 0.00186492 0.0016522 0.00478104 0.930602 -0.00293285 0.00251365 0.000590452 0.00183505 0.834373 -0.0161885 0.00191329 -0.00191366 0.0150708 0.824637
50 0.168004 18.5237 0.0691418 -0.013172 -0.00612758 0.0583714 17.0918 -0.039376 0.00193954 -0.0130157 0.0198711 15.0353 -0.3547 -0.0194699 0.0247557 0.339569 14.8396 0.00373262 -0.000711088 -0.000330798 0.00315118 0.922698 -0.00212571 0.000104706 -0.000702653 0.00107274 0.81168 -0.0191485 -0.00105108 0.00133644 0.0183317 0.801118
52 0.172821 16.6305 0.0158382 0.0124023 0.05022 0.011831 15.2025 -0.0310691 -0.0100995 0.0128019 0.00408927 13.1017 -0.387003 0.039672 0.0140164 0.385868 12.9157 0.000952358 0.000745755 0.00301974 0.000711402 0.914132 -0.0018682 -0.000607284 0.00076978 0.000245889 0.787808 -0.0232706 0.00238549 0.000842809 0.0232024 0.776626
54 0.177428 15.0606 -0.0792943 0.011074 -0.0301567 -0.0805304 13.6254 0.00341102 0.0202677 0.0227163 0.0527486 11.4442 -0.458186 -0.0218348 0.0179435 0.457503 11.2824 -0.005265 0.000735295 -0.00200235 -0.00534708 0.904706 0.000226486 0.00134574 0.00150833 0.00350242 0.759877 -0.0304228 -0.0014498 0.00119142 0.0303774 0.749135
56 0.181819 13.4566 -0.12761 0.0120512 0.0113001 -0.132498 12.0269 -0.0142875 0.0294752 0.0126468 0.0169019 9.81827 -0.392261 0.0334063 -0.00119124 0.390519 9.66459 -0.00948311 0.000895564 0.000839742 -0.00984631 0.893759 -0.00106175 0.00219039 0.000939825 0.00125603 0.729627 -0.0291502 0.00248252 -8.8525e-05 0.0290207 0.718206
58 0.185988 12.3386 -0.204389 0.0105096 -0.0208826 -0.211322 10.9002 -0.0285347 0.025704 0.018751 0.0255489 8.59728 -0.436691 -0.0342125 -0.00989787 0.411095 8.44609 -0.016565 0.000851762 -0.00169246 -0.0171268 0.883422 -0.00231263 0.00208321 0.0015197 0.00207065 0.696778 -0.0353922 -0.0027728 -0.000802187 0.0333178 0.684525
60 0.286303 11.0988 -0.201336 -0.0265821 -0.00935437 -0.220439 9.66802 -0.0201919 0.0105844 0.00383775 -0.00250893 7.32359 -0.558349 -0.0103538 0.00433442 0.561775 7.17827 -0.0181403 -0.00239504 -0.000842828 -0.0198615 0.871088 -0.00181929 0.000953656 0.000345781 -0.000226054 0.659855 -0.0503072 -0.000932877 0.000390531 0.0506159 0.646762
64 0.394175 9.15411 -0.452054 -0.00617738 -0.0117273 -0.440851 7.73455 -0.0183809 0.0309714 -0.00302055 -0.00675948 5.27906 -0.574743 -0.0271424 -0.0160424 0.574054 5.16919 -0.0493827 -0.000674821 -0.00128109 -0.0481588 0.844927 -0.00200794 0.00338333 -0.000329966 -0.00073841 0.576687 -0.0627853 -0.00296505 -0.00175248 0.06271 0.564686
68 0.406626 7.72309 -0.558623 -0.00212938 0.0198944 -0.560429 6.27412 0.00444054 0.0171631 0.00353872 0.0100344 3.68426 -0.560083 -0.027543 0.0157613 0.555832 3.58812 -0.0723315 -0.000275715 0.00257596 -0.0725653 0.812384 0.000574969 0.00222231 0.0004582 0.00129928 0.477045 -0.0725206 -0.00356631 0.00204079 0.0719701 0.464596
72 0.417095 6.6892 -0.691098 0.000727713 0.0119973 -0.690479 5.22832 -0.00442526 0.0191646 0.0332369 0.0239225 2.61551 -0.537974 -0.00525361 0.010101 0.534229 2.57721 -0.103315 0.000108789 0.00179353 -0.103223 0.781606 -0.000661552 0.002865 0.00496874 0.00357629 0.391004 -0.0804243 -0.000785386 0.00151004 0.0798643 0.385279
76 0.425533 5.96417 -0.848677 -0.00983299 -0.0092421 -0.833809 4.48529 0.0192306 0.0126508 0.0261771 -0.0251047 1.74712 -0.627343 0.0227276 -0.0066012 0.626576 1.75394 -0.142296 -0.00164868 -0.0015496 -0.139803 0.75204 0.00322435 0.00212114 0.00438906 -0.00420925 0.292936 -0.105185 0.00381069 -0.00110681 0.105057 0.294079
80 0.431897 5.43197 -0.831055 -0.00653978 0.00790336 -0.834507 3.92197 0.00937516 0.0176827 0.00560802 0.0114639 1.06114 -0.631565 -0.00138957 0.0132865 0.640373 1.15541 -0.152993 -0.00120394 0.00145497 -0.153629 0.722015 0.00172592 0.00325531 0.00103241 0.00211044 0.195351 -0.116268 -0.000255813 0.00244597 0.11789 0.212705
84 0.436158 5.12227 -0.864677 -0.00263394 0.0125337 -0.865334 3.57077 -0.0126597 -0.0241021 -0.00767386 -0.0245905 0.648085 -0.719829 -0.00907466 -0.0190636 0.728973 0.814284 -0.168807 -0.000514213 0.0024469 -0.168936 0.697106 -0.0024715 -0.00470535 -0.00149814 -0.00480071 0.126523 -0.140529 -0.00177161 -0.00372171 0.142314 0.158969
88 0.328636 4.97744 -0.827693 -0.0065505 0.0188425 -0.82939 3.35543 0.00934737 -0.0197885 0.022269 -0.0109362 0.313993 -0.839067 -0.0189012 -0.0289612 0.836996 0.600376 -0.166289 -0.00131604 0.00378557 -0.16663 0.674128 0.00187795 -0.00397564 0.00447398 -0.00219716 0.0630832 -0.168574 -0.00379738 -0.0058185 0.168158 0.120619
90 0.219313 5.02151 -0.859278 -0.0158041 0.0322306 -0.855326 3.34261 0.0123428 -0.0455067 -0.00508321 -0.0149269 0.227471 -0.999943 -0.00325125 -0.00751309 0.984605 0.573981 -0.171119 -0.00314729 0.00641851 -0.170332 0.665658 0.00245799 -0.00906235 -0.00101229 -0.0029726 0.0452993 -0.199132 -0.000647464 -0.00149618 0.196077 0.114305
92 0.328636 5.05345 -0.834615 0.00492099 0.00830951 -0.815516 3.32887 -0.00400726 -0.0099756 -0.00823761 -0.00325948 0.0957507 -0.992175 0.0171843 -0.0122238 1.00143 0.505083 -0.165158 0.000973789 0.00164433 -0.161378 0.658732 -0.000792975 -0.00197402 -0.0016301 -0.000645001 0.0189476 -0.196336 0.0034005 -0.00241891 0.198167 0.0999483
96 0.436158 5.17205 -0.783219 -0.0124631 0.0211335 -0.791644 3.32664 -0.00767251 -0.00115026 -0.00583767 0.0138237 -0.0386102 -1.1072 0.0287426 -0.0142556 1.11049 0.533737 -0.151433 -0.00240969 0.0040861 -0.153062 0.643195 -0.00148346 -0.0002224 -0.0011287 0.00267278 -0.00746517 -0.214074 0.00555729 -0.00275627 0.21471 0.103196
100 0.431897 5.4248 -0.798066 -0.0136453 -0.00172535 -0.78386 3.4184 -0.00567289 -0.00715357 -0.00354031 0.0134518 -0.172826 -1.28187 0.00508923 -0.00202155 1.2796 0.610295 -0.147114 -0.00251535 -0.000318049 -0.144496 0.630144 -0.00104573 -0.00131868 -0.000652616 0.0024797 -0.0318586 -0.236299 0.000938143 -0.00037265 0.23588 0.112501
104 0.425533 5.64794 -0.720149 0.0115697 -0.0210628 -0.716059 3.4536 0.0229235 -0.0284821 -0.00114582 -0.00982688 -0.329879 -1.40551 -0.00948124 -0.0485853 1.39688 0.701491 -0.127507 0.00204848 -0.00372928 -0.126783 0.61148 0.00405873 -0.00504292 -0.000202874 -0.00173991 -0.058407 -0.248853 -0.00167871 -0.00860231 0.247326 0.124203
108 0.417095 6.0202 -0.805929 0.0418261 0.00624113 -0.803286 3.58203 0.0189496 -0.0829915 -0.0234814 -0.0283739 -0.462115 -1.54221 0.0289651 -0.0830537 1.53913 0.853291 -0.133871 0.00694762 0.0010367 -0.133432 0.595001 0.00314766 -0.0137855 -0.00390043 -0.00471311 -0.0767607 -0.256172 0.00481131 -0.0137958 0.255661 0.141738
112 0.406626 6.31984 -0.707308 -0.00354245 0.00899873 -0.670952 3.62295 0.0806591 -0.0605865 -0.0303489 -0.0757554 -0.641456 -1.61776 -0.0106836 -0.0756289 1.62743 0.982424 -0.111919 -0.000560528 0.00142389 -0.106166 0.573266 0.0127628 -0.00958671 -0.00480217 -0.0119869 -0.101499 -0.255981 -0.00169049 -0.0119669 0.257512 0.155451
116 0.394175 6.69951 -0.703821 -0.0187748 0.0230437 -0.699486 3.68578 0.075136 -0.0891858 0.000734834 -0.0634275 -0.760301 -1.63165 0.0214834 -0.0826721 1.65253 1.19942 -0.105056 -0.00280242 0.00343961 -0.104408 0.550156 0.0112151 -0.0133123 0.000109685 -0.00946748 -0.113486 -0.243547 0.00320671 -0.01234 0.246665 0.179031
120 0.379804 7.00716 -0.670438 0.011861 -0.000675689 -0.664224 3.6889 0.0472611 -0.0734323 -0.0181462 -0.0424659 -1.10269 -1.67316 -0.000732821 -0.0756465 1.67654 1.21286 -0.0956791 0.0016927 -9.64283e-05 -0.0947922 0.526447 0.00674469 -0.0104796 -0.00258966 -0.00606036 -0.157366 -0.238779 -0.000104582 -0.0107956 0.239261 0.173089
124 0.363583 7.21583 -0.575153 0.0403698 -0.0026132 -0.559603 3.64268 0.0340821 -0.0794313 -0.0320754 -0.0613223 -1.44695 -1.5824 0.0311958 -0.0676374 1.59462 1.17748 -0.0797072 0.00559461 -0.000362148 -0.0775521 0.504818 0.00472324 -0.0110079 -0.00444515 -0.00849831 -0.200525 -0.219295 0.00432325 -0.00937348 0.22099 0.163181
128 0.34559 7.48308 -0.52387 0.0201057 0.0473858 -0.517587 3.65567 -0.0441786 -0.0913286 -0.0126083 0.044639 -1.75246 -1.43299 0.0501056 -0.0692599 1.43386 1.17053 -0.0700073 0.00268682 0.00633239 -0.0691676 0.488524 -0.0059038 -0.0122047 -0.00168491 0.00596532 -0.234189 -0.191498 0.00669585 -0.00925553 0.191613 0.156424
132 0.325914 7.6519 -0.495984 0.0340406 0.00910207 -0.487013 3.66844 -0.047651 -0.104339 -0.0612203 0.0192309 -2.10202 -1.28657 0.0319953 -0.113482 1.3127 1.00909 -0.0648185 0.00444865 0.00118952 -0.0636461 0.479416 -0.00622734 -0.0136356 -0.00800067 0.00251322 -0.274706 -0.168137 0.00418136 -0.0148305 0.171552 0.131874
136 0.304649 7.86664 -0.509275 -0.0391808 -0.0151401 -0.525837 3.67141 -0.0648217 -0.0687731 0.019642 0.0993935 -2.45221 -1.15363 -0.00353179 -0.0644737 1.13886 0.914975 -0.0647385 -0.00498063 -0.00192459 -0.0668439 0.466706 -0.00824008 -0.00874237 0.00249687 0.0126348 -0.311723 -0.146648 -0.000448958 -0.00819584 0.14477 0.116311
140 0.281901 8.14807 -0.479512 -0.0835255 -0.0273141 -0.475367 3.82495 -0.0536769 -0.0834774 0.0561619 0.0598174 -2.89518 -1.06437 -0.037929 -0.0587925 1.05968 0.639163 -0.0588498 -0.010251 -0.00335222 -0.058341 0.46943 -0.00658768 -0.0102451 0.00689266 0.00734129 -0.355321 -0.130628 -0.00465497 -0.00721551 0.130053 0.0784435
144 0.257779 8.36385 -0.363256 -0.0599628 -0.0456104 -0.347492 3.852 -0.0564535 -0.0213032 0.0455272 0.0842954 -3.31312 -0.950148 -0.0419928 -0.000232163 0.960284 0.427207 -0.0434317 -0.00716927 -0.00545328 -0.0415469 0.460553 -0.0067497 -0.00254706 0.00544333 0.0100785 -0.396124 -0.113602 -0.00502074 -2.77579e-05 0.114814 0.0510778
148 0.232401 8.80986 -0.360343 -0.0650328 -0.00589106 -0.384774 4.08431 0.000557582 -0.044472 0.0387842 0.010446 -3.75809 -0.732902 -0.0273254 -0.0199638 0.736817 0.227279 -0.0409023 -0.00738183 -0.00066869 -0.0436754 0.463607 6.32907e-05 -0.00504798 0.00440236 0.00118572 -0.426578 -0.0831911 -0.00310169 -0.00226608 0.0836356 0.0257983
152 0.205891 9.15849 -0.213954 0.0143966 -0.00834883 -0.227798 4.28346 -0.00292669 0.055846 -0.00948622 -0.0196802 -4.15148 -0.459096 0.00698675 0.0792986 0.451312 0.00619895 -0.0233613 0.00157194 -0.000911595 -0.0248728 0.467703 -0.00031956 0.00609773 -0.00103578 -0.00214885 -0.453293 -0.0501279 0.000762871 0.00865848 0.049278 0.000676852
156 0.178378 9.43271 -0.186644 -0.0106037 -0.0847887 -0.176 4.53694 -0.0132195 0.122186 0.0175033 0.0365435 -4.53897 -0.290642 -0.0654895 0.159483 0.279461 -0.328134 -0.0197869 -0.00112414 -0.0089888 -0.0186585 0.480979 -0.00140145 0.0129534 0.0018556 0.00387412 -0.481195 -0.0308122 -0.00694281 0.0169075 0.0296268 -0.0347868
160 0.0971232 9.81983 -0.135465 -0.0821351 -0.0259657 -0.146539 4.87746 -0.0892723 0.0336953 0.0438028 0.0616035 -4.85592 -0.322057 -0.026371 0.0791302 0.320455 -0.562376 -0.013795 -0.00836421 -0.00264421 -0.0149228 0.496695 -0.00909103 0.00343136 0.00446065 0.00627338 -0.494502 -0.0327966 -0.00268549 0.00805821 0.0326335 -0.0572694
161 0.0357021 9.8994 -0.150377 -0.0625665 0.00266653 -0.169977 4.96347 -0.0769162 0.0122793 0.0430402 0.0388932 -4.95795 -0.263198 0.0232007 0.0276608 0.26683 -0.663462 -0.0151905 -0.00632023 0.000269363 -0.0171705 0.501391 -0.00776978 0.00124041 0.00434776 0.00392884 -0.500833 -0.0265873 0.00234365 0.00279419 0.0269541 -0.0670204
162 0.0338871 9.97737 -0.137024 -0.0366864 0.0383281 -0.1488 4.969 -0.0140321 0.0332933 0.025404 -0.011924 -5.11073 -0.193792 0.0709784 0.00793846 0.174354 -0.737977 -0.0137334 -0.00367696 0.00384151 -0.0149138 0.498027 -0.00140639 0.00333688 0.00254616 -0.0011951 -0.512232 -0.0194231 0.00711394 0.000795646 0.017475 -0.0739651
163 0.0320617 10.0566 -0.131313 -0.0430452 0.037502 -0.13473 5.03967 0.0328586 0.0929576 0.0261138 -0.0550877 -5.15843 -0.224641 0.0753262 0.0696212 0.19425 -0.770546 -0.0130574 -0.0042803 0.00372909 -0.0133972 0.50113 0.00326737 0.00924345 0.00259669 -0.00547777 -0.512941 -0.0223376 0.00749023 0.00692294 0.0193157 -0.076621
164 0.0302266 10.0148 -0.179761 -0.0626215 0.0102851 -0.183742 5.12053 0.0438973 0.115915 0.0301701 -0.0622026 -5.00662 -0.213894 0.0517172 0.121807 0.204335 -0.730324 -0.0179496 -0.00625291 0.00102699 -0.018347 0.511298 0.00438325 0.0115744 0.00301255 -0.00621108 -0.499923 -0.0213578 0.00516408 0.0121628 0.0204033 -0.0729246
165 0.0283823 9.95172 -0.205507 -0.0389364 -0.00806244 -0.204671 5.15824 0.0440936 0.0758719 -0.0196957 -0.0381034 -4.88533 -0.120096 0.0102124 0.0801334 0.129531 -0.701804 -0.0206504 -0.00391253 -0.000810155 -0.0205664 0.518326 0.00443075 0.00762399 -0.00197913 -0.00382882 -0.490903 -0.0120679 0.0010262 0.00805221 0.0130159 -0.0705208
166 0.0265294 10.0671 -0.134042 0.051576 -0.0341538 -0.131189 5.25862 0.0684741 -0.00555999 -0.11116 -0.037384 -5.02793 -0.10039 -0.0277902 -0.0155686 0.110265 -0.825402 -0.0133149 0.00512322 -0.00339261 -0.0130315 0.522357 0.00680177 -0.000552293 -0.0110419 -0.00371349 -0.499442 -0.00997204 -0.0027605 -0.00154649 0.0109531 -0.0819901
167 0.0246683 10.2383 -0.0379316 0.132423 -0.0776028 -0.0429595 5.41386 0.0806261 -0.0833141 -0.16149 -0.0640815 -5.27165 -0.160566 -0.0388606 -0.0728965 0.162357 -1.0475 -0.00370487 0.0129341 -0.00757965 -0.00419596 0.528785 0.00787495 -0.00813749 -0.0157731 -0.006259 -0.514894 -0.0156828 -0.00379561 -0.00711997 0.0158578 -0.102312
168 0.0172754 10.3076 -0.0205587 0.112873 -0.0683269 -0.0289952 5.52799 0.0511741 -0.150643 -0.116142 -0.0722864 -5.34445 -0.197305 -0.0142267 -0.11335 0.184576 -1.16202 -0.00199452 0.0109505 -0.00662881 -0.002813 0.536303 0.00496471 -0.0146148 -0.0112677 -0.00701294 -0.518497 -0.0191418 -0.00138022 -0.0109968 0.0179068 -0.112735
168.5 0.0109315 10.312 -0.0469768 0.0681672 -0.0304887 -0.0531226 5.54862 0.0438617 -0.189067 -0.0649283 -0.0694707 -5.32982 -0.178455 0.0113768 -0.149054 0.156994 -1.16469 -0.00455552 0.00661044 -0.00295661 -0.00515151 0.538071 0.00425344 -0.0183346 -0.00629635 -0.00673684 -0.516854 -0.0173055 0.00110326 -0.0144543 0.0152244 -0.112944
169 0.0104622 10.3153 -0.0799442 0.0141534 0.0174602 -0.0831431 5.54488 0.0550768 -0.224361 -0.00720485 -0.0682764 -5.32625 -0.128868 0.0403132 -0.189204 0.101062 -1.15517 -0.00775003 0.00137207 0.00169264 -0.00806013 0.537537 0.00533931 -0.0217502 -0.00069846 -0.00661891 -0.516342 -0.0124928 0.00390808 -0.018342 0.00979722 -0.111985
169.5 0.00999215 10.337 -0.097059 -0.0376702 0.0583154 -0.0989828 5.53222 0.0828651 -0.242964 0.0471224 -0.0720229 -5.3599 -0.0617955 0.0642328 -0.21807 0.0331572 -1.1531 -0.00938948 -0.00364421 0.00564143 -0.00957559 0.535187 0.00801637 -0.0235043 0.00455861 -0.00696749 -0.518517 -0.00597809 0.00621388 -0.0210961 0.00320762 -0.111551
170 0.0095213 10.3959 -0.0797113 -0.0773729 0.0777138 -0.0835279 5.53595 0.115757 -0.234122 0.0900955 -0.0813927 -5.43543 -0.0046285 0.0750421 -0.22255 -0.0183833 -1.16865 -0.0076676 -0.00744266 0.00747545 -0.00803473 0.532515 0.0111349 -0.0225207 0.00866648 -0.00782934 -0.522845 -0.000445225 0.00721846 -0.0214075 -0.00176833 -0.112415
170.5 0.00904972 10.4991 -0.0258721 -0.0970842 0.0711385 -0.0348755 5.57705 0.140485 -0.198793 0.116153 -0.0946378 -5.53778 0.0157542 0.069003 -0.201214 -0.0294441 -1.20228 -0.00246422 -0.00924687 0.00677565 -0.00332175 0.531191 0.0133806 -0.0189342 0.0110631 -0.00901387 -0.527451 0.00150053 0.00657225 -0.0191648 -0.00280443 -0.114513
171 0.00857745 10.6344 0.0448901 -0.0933083 0.0457662 0.0282987 5.65826 0.149677 -0.150221 0.12299 -0.107732 -5.64289 -0.00972236 0.0481845 -0.164709 0.00352955 -1.24826 0.00422122 -0.00877421 0.00430361 0.00266105 0.532072 0.0140748 -0.014126 0.0115654 -0.0101305 -0.530627 -0.000914238 0.00453101 -0.0154883 0.0003319 -0.117379
171.5 0.00810453 10.7736 0.0996652 -0.0711732 0.0157361 0.0744493 5.76208 0.144307 -0.105746 0.113842 -0.115082 -5.7297 -0.0659228 0.0180241 -0.127828 0.0605321 -1.29776 0.00925089 -0.00660628 0.00146062 0.00691036 0.534834 0.0133946 -0.00981531 0.0105668 -0.0106818 -0.531829 -0.00611893 0.00167299 -0.0118649 0.00561857 -0.120458
172 0.00763099 10.8861 0.109162 -0.0461139 -0.00679072 0.0761253 5.86029 0.130732 -0.0767794 0.0990261 -0.111977 -5.78859 -0.120876 -0.0166654 -0.100053 0.109021 -1.34235 0.0100277 -0.00423605 -0.000623799 0.00699291 0.53833 0.0120091 -0.007053 0.00909659 -0.0102862 -0.531743 -0.0111037 -0.00153089 -0.00919092 0.0100147 -0.123309
172.5 0.00715688 10.9496 0.0625948 -0.0377353 -0.0187705 0.0251555 5.92512 0.116106 -0.0640919 0.092638 -0.0977549 -5.8243 -0.13953 -0.0529894 -0.0815199 0.118575 -1.37817 0.00571664 -0.00344628 -0.00171427 0.0022974 0.541128 0.0106037 -0.00585338 0.00846043 -0.00892774 -0.531921 -0.012743 -0.00483941 -0.00744503 0.0108292 -0.125866
173 0.00668221 10.9565 -0.0270745 -0.0565729 -0.0255935 -0.0626301 5.93815 0.10565 -0.0597283 0.103405 -0.076491 -5.85191 -0.0981597 -0.0865933 -0.0658834 0.0722104 -1.40729 -0.0024711 -0.00516342 -0.00233593 -0.00571627 0.541977 0.0096427 -0.00545142 0.00943783 -0.00698136 -0.534105 -0.00895906 -0.00790339 -0.00601319 0.00659067 -0.128444
173.5 0.00620704 10.9212 -0.127321 -0.0928555 -0.0323556 -0.15342 5.90236 0.102129 -0.0520881 0.125494 -0.0535932 -5.8843 0.000465358 -0.107027 -0.0459941 -0.0236213 -1.43138 -0.0116582 -0.00850231 -0.00296264 -0.0140479 0.54045 0.00935147 -0.00476944 0.0114909 -0.00490726 -0.538796 4.26105e-05 -0.00979989 -0.00421145 -0.00216289 -0.131065
174 0.0057314 10.8859 -0.196012 -0.118482 -0.0348995 -0.207251 5.85669 0.105864 -0.0311987 0.138539 -0.0311694 -5.91459 0.116635 -0.098653 -0.0177678 -0.131789 -1.44233 -0.0180061 -0.010884 -0.00320594 -0.0190384 0.538006 0.0097249 -0.00286597 0.0127265 -0.00286327 -0.543325 0.0107143 -0.00906245 -0.00163218 -0.0121064 -0.132495
174.5 0.00525531 10.9039 -0.195988 -0.104758 -0.020602 -0.192369 5.87391 0.114338 0.00621404 0.120627 -0.0071607 -5.90534 0.186661 -0.0504468 0.0186669 -0.195696 -1.42456 -0.0179741 -0.00960734 -0.00188941 -0.0176421 0.538697 0.0104859 0.00056989 0.0110627 -0.000656708 -0.54158 0.0171187 -0.00462648 0.00171194 -0.0179473 -0.130646
175 0.00477883 10.9889 -0.11389 -0.0447578 0.0193089 -0.101078 6.02064 0.122322 0.0526778 0.066416 0.0203451 -5.80037 0.172406 0.0310756 0.0585429 -0.182889 -1.37782 -0.0103641 -0.004073 0.00175712 -0.00919821 0.547884 0.0111314 0.00479373 0.00604392 0.00185142 -0.527839 0.0156891 0.00282791 0.00532746 -0.016643 -0.125383
175.5 0.00430199 11.0644 0.0239594 0.0372481 0.0766292 0.0380769 6.29374 0.123706 0.0905462 -0.00438252 0.0481058 -5.56421 0.122489 0.118095 0.0919881 -0.14064 -1.3444 0.00216545 0.00336647 0.00692572 0.00344138 0.568826 0.0111805 0.00818353 -0.00039609 0.00434778 -0.502891 0.0110705 0.0106734 0.00831385 -0.012711 -0.121506
176 0.00382481 10.9894 0.153645 0.0987437 0.127083 0.163706 6.5925 0.114514 0.100256 -0.0571647 0.0678872 -5.23262 0.181413 0.175065 0.105846 -0.204731 -1.40454 0.0139813 0.00898537 0.0115642 0.0148967 0.599898 0.0104204 0.00912301 -0.00520182 0.00617753 -0.476153 0.0165081 0.0159304 0.00963165 -0.0186299 -0.127809
176.5 0.00334735 10.6971 0.203585 0.106471 0.149218 0.209216 6.78094 0.0950825 0.0731325 -0.065255 0.0724082 -4.93941 0.499695 0.18387 0.0900481 -0.515734 -1.61972 0.0190319 0.00995329 0.0139494 0.0195583 0.633906 0.00888865 0.00683668 -0.00610027 0.00676898 -0.461754 0.0467132 0.0171889 0.00841802 -0.0482127 -0.151417
177 0.00286963 10.3694 0.140566 0.0586789 0.147515 0.144954 6.81787 0.069788 0.0194478 -0.0283294 0.061415 -4.88829 1.08408 0.162363 0.046122 -1.07776 -1.95374 0.0135558 0.00565883 0.0142259 0.0139789 0.657496 0.00673016 0.0018755 -0.00273201 0.00592269 -0.471413 0.104545 0.0156579 0.00444788 -0.103936 -0.188414
177.5 0.00239169 10.4702 -0.000925286 -0.0141168 0.158143 0.00529419 6.84478 0.0446097 -0.0358708 0.0276191 0.0419912 -5.26787 1.71323 0.159273 -0.00924289 -1.67817 -2.24394 -8.83732e-05 -0.00134828 0.015104 0.000505643 0.653738 0.00426063 -0.00342598 0.00263788 0.00401054 -0.503129 0.163629 0.0152121 -0.00088278 -0.16028 -0.214317
178 0.00191357 11.5143 -0.135241 -0.0699361 0.22722 -0.126927 7.12145 0.0243135 -0.0679692 0.0683133 0.0231637 -6.14552 2.0308 0.224568 -0.0511791 -1.97608 -2.27587 -0.0117455 -0.00607387 0.0197338 -0.0110234 0.61849 0.0021116 -0.00590304 0.00593294 0.00201174 -0.533732 0.176373 0.0195035 -0.00444484 -0.17162 -0.197656
178.5 0.00143531 13.6613 -0.183751 -0.0823576 0.374193 -0.175715 7.81872 0.0108923 -0.0667038 0.0734268 0.0102368 -7.39733 1.79173 0.373402 -0.0616898 -1.73782 -1.93386 -0.0134505 -0.00602854 0.0273908 -0.0128623 0.572328 0.000797311 -0.00488269 0.00537481 0.000749327 -0.541482 0.131154 0.0273329 -0.00451567 -0.127208 -0.141558
179 0.000956932 16.4265 -0.132735 -0.0553253 0.56769 -0.127633 8.8231 0.00370491 -0.0411505 0.0476256 0.0034834 -8.71968 1.08355 0.568583 -0.0422362 -1.04924 -1.31947 -0.00808055 -0.00336806 0.0345595 -0.00776995 0.537128 0.000225545 -0.00250514 0.00289932 0.00021206 -0.530831 0.0659638 0.0346138 -0.00257123 -0.0638752 -0.0803262
179.5 0.000478484 18.791 -0.043024 -0.0172418 0.734789 -0.0414635 9.73571 0.000718066 -0.0122829 0.014607 0.000698947 -9.72836 0.324284 0.735324 -0.0133339 -0.313775 -0.729995 -0.00228961 -0.000917554 0.0391032 -0.00220656 0.518105 3.82133e-05 -0.00065366 0.000777338 3.71958e-05 -0.517713 0.0172574 0.0391317 -0.00070959 -0.0166981 -0.0388481
180 5.98114e-05 19.7237 3.30178e-17 6.02006e-15 0.80093 -8.02877e-16 10.1055 -1.76021e-05 -3.39118e-15 -7.39398e-15 -1.76021e-05 -10.1055 -6.96373e-15 0.800881 -2.57338e-15 7.27404e-15 -0.487403 1.67402e-18 3.0522e-16 0.0406075 -4.07063e-17 0.512356 -8.92437e-07 -1.71934e-16 -3.74878e-16 -8.92437e-07 -0.512356 -3.53065e-16 0.0406051 -1.30472e-16 3.68798e-16 -0.0247116
