theta 2pi*dcos S11 S12 S13 S14 S21 S22 S23 S24 S31 S32 S33 S34 S41 S42 S43 S44 S12_norm S13_norm S14_norm S21_norm S22_norm S23_norm S24_norm S31_norm S32_norm S33_norm S34_norm S41_norm S42_norm S43_norm S44_norm
0 2.39246e-06 19.3059 1.81619e-16 2.93244e-17 0.0244996 1.80168e-16 19.2446 -0.045192 -5.54245e-18 2.19614e-17 0.045192 19.2446 2.65093e-18 0.0244994 9.74152e-18 -5.2527e-19 19.2027 9.40743e-18 1.51894e-18 0.00126903 9.33228e-18 0.996827 -0.00234084 -2.87086e-19 1.13755e-18 0.00234084 0.996827 1.37312e-19 0.00126901 5.04588e-19 -2.72078e-20 0.994656
0.1 1.91397e-05 19.3047 -3.51208e-05 -6.19585e-08 0.0244972 -3.51569e-05 19.2434 -0.0451889 -1.49321e-07 6.81272e-08 0.0451889 19.2434 0.000104937 0.024497 -1.04073e-07 -0.000104821 19.2015 -1.81929e-06 -3.2095e-09 0.00126898 -1.82116e-06 0.996827 -0.00234083 -7.73496e-09 3.52905e-09 0.00234083 0.996827 5.43584e-06 0.00126897 -5.39109e-09 -5.42981e-06 0.994656
0.2 3.82793e-05 19.3012 -0.000140467 -2.47782e-07 0.02449 -0.000140611 19.2399 -0.0451796 -5.97169e-07 2.72443e-07 0.0451796 19.2399 0.000419686 0.02449 -4.16221e-07 -0.000419221 19.198 -7.27763e-06 -1.28377e-08 0.00126884 -7.28512e-06 0.996827 -0.00234077 -3.09395e-08 1.41154e-08 0.00234077 0.996827 2.17441e-05 0.00126883 -2.15646e-08 -2.172e-05 0.994656
0.3 5.74188e-05 19.2953 -0.000315988 -5.57314e-07 0.0244779 -0.000316313 19.234 -0.0451641 -1.3432e-06 6.1275e-07 0.0451641 19.234 0.000944059 0.0244782 -9.36227e-07 -0.000943013 19.1921 -1.63764e-05 -2.88835e-08 0.0012686 -1.63933e-05 0.996827 -0.00234069 -6.96128e-08 3.17565e-08 0.00234069 0.996827 4.8927e-05 0.00126861 -4.85211e-08 -4.88728e-05 0.994656
0.4 7.65581e-05 19.287 -0.000561601 -9.90295e-07 0.024461 -0.000562179 19.2258 -0.0451424 -2.38683e-06 1.08872e-06 0.0451424 19.2258 0.00167774 0.0244617 -1.66373e-06 -0.00167588 19.1839 -2.91181e-05 -5.13452e-08 0.00126827 -2.91481e-05 0.996826 -0.00234056 -1.23753e-07 5.64483e-08 0.00234056 0.996826 8.69883e-05 0.0012683 -8.62616e-08 -8.68919e-05 0.994656
0.5 9.56972e-05 19.2764 -0.000877191 -1.54636e-06 0.0244393 -0.000878092 19.2152 -0.0451145 -3.72725e-06 1.69989e-06 0.0451145 19.2152 0.0026203 0.0244405 -2.59822e-06 -0.0026174 19.1733 -4.5506e-05 -8.02205e-08 0.00126784 -4.55528e-05 0.996826 -0.00234041 -1.93358e-07 8.81851e-08 0.00234041 0.996826 0.000135933 0.0012679 -1.34788e-07 -0.000135783 0.994655
0.6 0.000114836 19.2634 -0.00126261 -2.22504e-06 0.0244128 -0.0012639 19.2022 -0.0450805 -5.36343e-06 2.44567e-06 0.0450805 19.2022 0.00377117 0.0244147 -3.73905e-06 -0.00376699 19.1604 -6.55443e-05 -1.15506e-07 0.00126731 -6.56117e-05 0.996825 -0.00234021 -2.78426e-07 1.26959e-07 0.00234021 0.996825 0.000195768 0.00126741 -1.94101e-07 -0.000195551 0.994654
0.7 0.000133974 19.2481 -0.00171767 -3.02577e-06 0.0243815 -0.00171943 19.187 -0.0450402 -7.2941e-06 3.32534e-06 0.0450402 19.187 0.00512966 0.0243841 -5.08543e-06 -0.00512397 19.1452 -8.92384e-05 -1.57198e-07 0.0012667 -8.933e-05 0.996824 -0.00233998 -3.78952e-07 1.72762e-07 0.00233998 0.996824 0.000266502 0.00126683 -2.64204e-07 -0.000266207 0.994653
0.8 0.000153112 19.2304 -0.00224216 -3.94787e-06 0.0243454 -0.00224446 19.1693 -0.0449939 -9.51777e-06 4.33805e-06 0.0449939 19.1693 0.00669496 0.0243489 -6.63642e-06 -0.00668754 19.1276 -0.000116594 -2.05293e-07 0.00126598 -0.000116714 0.996823 -0.00233972 -4.94932e-07 2.25582e-07 0.00233972 0.996823 0.000348144 0.00126616 -3.451e-07 -0.000347758 0.994653
0.9 0.00017225 19.2105 -0.00283584 -4.99057e-06 0.0243046 -0.00283875 19.1494 -0.0449414 -1.20327e-05 5.48282e-06 0.0449414 19.1494 0.00846614 0.024309 -8.39094e-06 -0.00845675 19.1077 -0.000147619 -2.59784e-07 0.00126517 -0.000147771 0.996822 -0.00233942 -6.26363e-07 2.85408e-07 0.00233942 0.996822 0.000440705 0.00126541 -4.3679e-07 -0.000440216 0.994652
1 0.000191387 19.1881 -0.00349842 -6.15299e-06 0.024259 -0.003502 19.1271 -0.0448827 -1.4837e-05 6.75854e-06 0.0448827 19.1271 0.0104421 0.0242645 -1.03478e-05 -0.0104306 19.0855 -0.000182322 -3.20667e-07 0.00126427 -0.000182509 0.99682 -0.00233909 -7.73237e-07 3.52225e-07 0.00233909 0.99682 0.000544198 0.00126456 -5.39279e-07 -0.000543594 0.99465
1.1 0.000210523 19.1635 -0.00422959 -7.43415e-06 0.0242086 -0.00423392 19.1025 -0.044818 -1.79284e-05 8.16397e-06 0.044818 19.1025 0.0126218 0.0242154 -1.25055e-05 -0.0126078 19.0609 -0.000220711 -3.87933e-07 0.00126327 -0.000220937 0.996819 -0.00233872 -9.3555e-07 4.26017e-07 0.00233872 0.996819 0.000658637 0.00126362 -6.52571e-07 -0.000657907 0.994649
1.2 0.000229659 19.1365 -0.005029 -8.83298e-06 0.0241536 -0.00503415 19.0756 -0.0447472 -2.13046e-05 9.69776e-06 0.0447472 19.0756 0.0150038 0.0241617 -1.48628e-05 -0.0149871 19.0341 -0.000262796 -4.61577e-07 0.00126217 -0.000263065 0.996817 -0.00233831 -1.11329e-06 5.06767e-07 0.00233831 0.996817 0.000784038 0.0012626 -7.76669e-07 -0.000783169 0.994648
1.3 0.000248794 19.1073 -0.00589629 -1.03483e-05 0.0240939 -0.00590232 19.0464 -0.0446704 -2.49629e-05 1.13584e-05 0.0446704 19.0464 0.0175867 0.0241034 -1.74178e-05 -0.0175672 19.005 -0.000308589 -5.41589e-07 0.00126098 -0.000308905 0.996816 -0.00233787 -1.30646e-06 5.94455e-07 0.00233787 0.996815 0.000920417 0.00126148 -9.11578e-07 -0.000919397 0.994646
1.4 0.000267929 19.0757 -0.00683104 -1.19788e-05 0.0240295 -0.00683802 19.0149 -0.0445875 -2.89006e-05 1.31443e-05 0.0445875 19.0149 0.0203689 0.0240406 -2.01688e-05 -0.0203464 18.9735 -0.000358101 -6.27961e-07 0.00125969 -0.000358468 0.996814 -0.0023374 -1.51505e-06 6.89061e-07 0.0023374 0.996813 0.00106779 0.00126027 -1.0573e-06 -0.00106661 0.994644
1.5 0.000287062 19.0419 -0.00783282 -1.37232e-05 0.0239605 -0.00784082 18.9812 -0.0444986 -3.31145e-05 1.50538e-05 0.0444986 18.9811 0.0233489 0.0239732 -2.31139e-05 -0.0233231 18.9398 -0.000411347 -7.20684e-07 0.00125831 -0.000411767 0.996812 -0.00233688 -1.73904e-06 7.90561e-07 0.00233688 0.996811 0.00122619 0.00125898 -1.21385e-06 -0.00122483 0.994642
1.6 0.000306195 19.0058 -0.00890115 -1.55799e-05 0.0238869 -0.00891023 18.9451 -0.0444038 -3.76014e-05 1.70849e-05 0.0444038 18.9451 0.0265249 0.0239014 -2.62511e-05 -0.0264955 18.9039 -0.00046834 -8.19746e-07 0.00125682 -0.000468818 0.99681 -0.00233634 -1.97842e-06 8.98931e-07 0.00233634 0.996808 0.00139562 0.00125759 -1.38122e-06 -0.00139408 0.99464
1.7 0.000325327 18.9674 -0.0100355 -1.75474e-05 0.0238087 -0.0100458 18.9068 -0.0443031 -4.23578e-05 1.92357e-05 0.0443031 18.9068 0.0298948 0.0238251 -2.95781e-05 -0.0298617 18.8657 -0.000529095 -9.25136e-07 0.00125525 -0.000529634 0.996807 -0.00233575 -2.23319e-06 1.01415e-06 0.00233575 0.996806 0.00157612 0.00125611 -1.55942e-06 -0.00157437 0.994638
1.8 0.000344457 18.9267 -0.0112354 -1.96241e-05 0.023726 -0.0112469 18.8663 -0.0441964 -4.73801e-05 2.15041e-05 0.0441964 18.8662 0.0334569 0.0237443 -3.30927e-05 -0.0334198 18.8252 -0.000593628 -1.03684e-06 0.00125357 -0.000594232 0.996805 -0.00233513 -2.50334e-06 1.13617e-06 0.00233513 0.996803 0.0017677 0.00125454 -1.74846e-06 -0.00176574 0.994635
1.9 0.000363587 18.8839 -0.0125003 -2.18081e-05 0.0236388 -0.012513 18.8235 -0.0440839 -5.26643e-05 2.38879e-05 0.0440839 18.8234 0.0372088 0.0236591 -3.67922e-05 -0.0371675 18.7825 -0.000661957 -1.15485e-06 0.0012518 -0.000662631 0.996802 -0.00233447 -2.78885e-06 1.26499e-06 0.00233447 0.9968 0.0019704 0.00125287 -1.94834e-06 -0.00196821 0.994632
2 0.000382716 18.8388 -0.0138296 -2.40977e-05 0.0235471 -0.0138436 18.7785 -0.0439656 -5.82064e-05 2.63848e-05 0.0439656 18.7784 0.0411484 0.0235696 -4.06743e-05 -0.0411028 18.7376 -0.000734101 -1.27915e-06 0.00124992 -0.000734846 0.996799 -0.00233378 -3.08971e-06 1.40056e-06 0.00233378 0.996796 0.00218424 0.00125112 -2.15907e-06 -0.00218181 0.994629
2.1 0.000401843 18.7915 -0.0152226 -2.64909e-05 0.0234509 -0.015238 18.7313 -0.0438415 -6.4002e-05 2.89923e-05 0.0438415 18.7312 0.0452733 0.0234757 -4.47361e-05 -0.0452231 18.6905 -0.000810078 -1.40973e-06 0.00124796 -0.0008109 0.996796 -0.00233305 -3.4059e-06 1.54284e-06 0.00233305 0.996793 0.00240924 0.00124927 -2.38066e-06 -0.00240657 0.994626
2.2 0.000420969 18.742 -0.0166787 -2.89856e-05 0.0233504 -0.0166956 18.6819 -0.0437117 -7.00467e-05 3.17079e-05 0.0437117 18.6818 0.049581 0.0233776 -4.89748e-05 -0.0495261 18.6412 -0.00088991 -1.54656e-06 0.00124589 -0.000890811 0.996793 -0.00233228 -3.73742e-06 1.69181e-06 0.00233228 0.996789 0.00264545 0.00124734 -2.6131e-06 -0.00264252 0.994623
2.3 0.000440094 18.6904 -0.0181972 -3.15799e-05 0.0232456 -0.0182157 18.6304 -0.0435761 -7.63358e-05 3.4529e-05 0.0435761 18.6303 0.0540691 0.0232752 -5.33875e-05 -0.0540092 18.5898 -0.000973617 -1.68963e-06 0.00124372 -0.000974602 0.99679 -0.00233148 -4.08423e-06 1.84742e-06 0.00233148 0.996785 0.00289289 0.0012453 -2.85642e-06 -0.00288968 0.994619
2.4 0.000459218 18.6365 -0.0197775 -3.42714e-05 0.0231364 -0.0197975 18.5767 -0.043435 -8.28643e-05 3.74528e-05 0.043435 18.5765 0.0587348 0.0231685 -5.79709e-05 -0.0586697 18.5362 -0.00106122 -1.83893e-06 0.00124146 -0.00106229 0.996787 -0.00233064 -4.44634e-06 2.00964e-06 0.00233064 0.996781 0.00315159 0.00124318 -3.1106e-06 -0.0031481 0.994615
2.5 0.00047834 18.5806 -0.0214188 -3.70579e-05 0.023023 -0.0214404 18.5208 -0.0432882 -8.96273e-05 4.04764e-05 0.0432882 18.5207 0.0635753 0.0230577 -6.27219e-05 -0.0635048 18.4804 -0.00115275 -1.99444e-06 0.00123909 -0.00115391 0.996783 -0.00232976 -4.82371e-06 2.17843e-06 0.00232976 0.996776 0.0034216 0.00124096 -3.37567e-06 -0.00341781 0.994611
2.6 0.000497461 18.5225 -0.0231203 -3.9937e-05 0.0229054 -0.0231436 18.4628 -0.0431359 -9.66195e-05 4.35969e-05 0.0431359 18.4627 0.0685878 0.0229428 -6.76372e-05 -0.0685118 18.4226 -0.00124823 -2.15613e-06 0.00123663 -0.00124949 0.996779 -0.00232884 -5.21633e-06 2.35373e-06 0.00232884 0.996771 0.00370294 0.00123865 -3.65162e-06 -0.00369884 0.994606
2.7 0.00051658 18.4623 -0.0248813 -4.29063e-05 0.0227836 -0.0249063 18.4028 -0.0429781 -0.000103835 4.68112e-05 0.0429782 18.4026 0.0737692 0.0228238 -7.27132e-05 -0.0736874 18.3626 -0.00134768 -2.32399e-06 0.00123406 -0.00134904 0.996775 -0.00232789 -5.62418e-06 2.5355e-06 0.00232789 0.996766 0.00399566 0.00123624 -3.93847e-06 -0.00399124 0.994602
2.8 0.000535698 18.4 -0.0267009 -4.59633e-05 0.0226578 -0.0267277 18.3406 -0.0428149 -0.00011127 5.01162e-05 0.0428149 18.3404 0.0791165 0.0227008 -7.79465e-05 -0.0790288 18.3006 -0.00145113 -2.498e-06 0.0012314 -0.00145259 0.996771 -0.00232689 -6.04724e-06 2.7237e-06 0.00232689 0.99676 0.0042998 0.00123373 -4.23621e-06 -0.00429503 0.994597
2.9 0.000554814 18.3357 -0.0285784 -4.91053e-05 0.0225278 -0.028607 18.2764 -0.0426463 -0.000118916 5.35085e-05 0.0426464 18.2762 0.0846265 0.0225738 -8.33332e-05 -0.0845327 18.2365 -0.00155862 -2.67813e-06 0.00122863 -0.00156018 0.996767 -0.00232586 -6.48548e-06 2.91827e-06 0.00232586 0.996754 0.00461539 0.00123114 -4.54485e-06 -0.00461028 0.994591
3 0.000573928 18.2693 -0.0305128 -5.23298e-05 0.0223939 -0.0305433 18.2102 -0.0424724 -0.000126769 5.6985e-05 0.0424724 18.2099 0.0902959 0.0224428 -8.88695e-05 -0.0901958 18.1704 -0.00167016 -2.86435e-06 0.00122576 -0.00167183 0.996763 -0.00232479 -6.93889e-06 3.11916e-06 0.00232479 0.996748 0.00494248 0.00122844 -4.86441e-06 -0.004937 0.994585
3.1 0.00059304 18.201 -0.0325033 -5.56339e-05 0.022256 -0.0325357 18.1419 -0.0422933 -0.000134822 6.05421e-05 0.0422933 18.1416 0.0961213 0.022308 -9.45517e-05 -0.0960148 18.1023 -0.0017858 -3.05665e-06 0.00122279 -0.00178758 0.996758 -0.00232368 -7.40743e-06 3.32631e-06 0.00232368 0.996741 0.00528112 0.00122565 -5.19487e-06 -0.00527526 0.994579
3.2 0.000612151 18.1306 -0.034549 -5.90148e-05 0.0221142 -0.0345833 18.0717 -0.0421089 -0.00014307 6.41763e-05 0.0421089 18.0714 0.102099 0.0221693 -0.000100375 -0.101986 18.0322 -0.00190557 -3.25499e-06 0.00121972 -0.00190746 0.996753 -0.00232254 -7.89107e-06 3.53967e-06 0.00232254 0.996734 0.00563134 0.00122276 -5.53626e-06 -0.0056251 0.994573
3.3 0.00063126 18.0582 -0.0366489 -6.24696e-05 0.0219686 -0.0366852 17.9995 -0.0419194 -0.000151505 6.7884e-05 0.0419194 17.9991 0.108226 0.0220269 -0.000106337 -0.108106 17.9601 -0.00202949 -3.45935e-06 0.00121654 -0.0020315 0.996748 -0.00232135 -8.3898e-06 3.75918e-06 0.00232135 0.996727 0.0059932 0.00121977 -5.88857e-06 -0.00598656 0.994566
3.4 0.000650367 17.9839 -0.0388021 -6.59955e-05 0.0218192 -0.0388405 17.9253 -0.0417248 -0.000160121 7.16616e-05 0.0417248 17.9249 0.114499 0.0218808 -0.000112432 -0.114372 17.886 -0.0021576 -3.6697e-06 0.00121327 -0.00215974 0.996743 -0.00232012 -8.90358e-06 3.98477e-06 0.00232013 0.996719 0.00636674 0.00121669 -6.2518e-06 -0.00635969 0.994558
3.5 0.000669472 17.9076 -0.0410076 -6.95893e-05 0.0216661 -0.0410481 17.8492 -0.0415252 -0.000168911 7.55054e-05 0.0415253 17.8487 0.120913 0.021731 -0.000118655 -0.120779 17.81 -0.00228995 -3.88601e-06 0.00120988 -0.00229221 0.996738 -0.00231886 -9.43237e-06 4.21638e-06 0.00231886 0.996711 0.00675202 0.00121351 -6.62596e-06 -0.00674454 0.994551
3.6 0.000688575 17.8295 -0.0432645 -7.3248e-05 0.0215094 -0.0433071 17.7712 -0.0413207 -0.00017787 7.94114e-05 0.0413208 17.7707 0.127464 0.0215776 -0.000125003 -0.127323 17.7322 -0.00242657 -4.10825e-06 0.00120639 -0.00242896 0.996732 -0.00231755 -9.97616e-06 4.45394e-06 0.00231755 0.996702 0.00714909 0.00121022 -7.01105e-06 -0.00714116 0.994542
3.7 0.000707676 17.7494 -0.0455716 -7.69685e-05 0.0213491 -0.0456164 17.6913 -0.0411113 -0.000186988 8.33758e-05 0.0411114 17.6907 0.13415 0.0214207 -0.000131472 -0.134002 17.6524 -0.0025675 -4.33639e-06 0.0012028 -0.00257002 0.996727 -0.0023162 -1.05349e-05 4.69738e-06 0.00231621 0.996693 0.00755799 0.00120684 -7.40708e-06 -0.00754962 0.994534
3.8 0.000726775 17.6676 -0.0479281 -8.07475e-05 0.0211852 -0.0479751 17.6096 -0.0408972 -0.000196261 8.73947e-05 0.0408972 17.609 0.140966 0.0212604 -0.000138055 -0.14081 17.5708 -0.00271277 -4.57038e-06 0.0011991 -0.00271543 0.996721 -0.00231482 -1.11085e-05 4.94662e-06 0.00231482 0.996683 0.00797879 0.00120336 -7.81404e-06 -0.00796995 0.994524
3.9 0.000745871 17.5839 -0.0503328 -8.45819e-05 0.0210179 -0.050382 17.5261 -0.0406783 -0.000205679 9.1464e-05 0.0406783 17.5253 0.147907 0.0210966 -0.000144749 -0.147743 17.4874 -0.00286244 -4.8102e-06 0.0011953 -0.00286524 0.996715 -0.00231339 -1.16971e-05 5.20159e-06 0.00231339 0.996672 0.00841154 0.00119977 -8.23193e-06 -0.00840222 0.994515
4 0.000764965 17.4984 -0.0527847 -8.84682e-05 0.0208473 -0.0528362 17.4408 -0.0404547 -0.000215237 9.55797e-05 0.0404548 17.4399 0.154971 0.0209294 -0.000151549 -0.154799 17.4022 -0.00301655 -5.0558e-06 0.00119139 -0.00301949 0.996708 -0.00231192 -1.23004e-05 5.46221e-06 0.00231192 0.996661 0.00885629 0.00119608 -8.66076e-06 -0.00884648 0.994504
4.1 0.000784057 17.4111 -0.0552827 -9.24032e-05 0.0206733 -0.0553364 17.3536 -0.0402266 -0.000224926 9.97376e-05 0.0402267 17.3527 0.162151 0.020759 -0.00015845 -0.161972 17.3152 -0.00317514 -5.30715e-06 0.00118736 -0.00317823 0.996702 -0.00231041 -1.29186e-05 5.7284e-06 0.00231041 0.99665 0.00931311 0.00119229 -9.10051e-06 -0.0093028 0.994494
4.2 0.000803147 17.3221 -0.0578256 -9.63835e-05 0.0204961 -0.0578817 17.2648 -0.039994 -0.000234739 0.000103933 0.0399941 17.2638 0.169445 0.0205854 -0.000165446 -0.169258 17.2265 -0.00333827 -5.56421e-06 0.00118324 -0.0033415 0.996695 -0.00230885 -1.35514e-05 6.00007e-06 0.00230886 0.996638 0.00978206 0.00118839 -9.55119e-06 -0.00977123 0.994482
4.3 0.000822234 17.2313 -0.0604125 -0.000100406 0.0203157 -0.0604709 17.1742 -0.039757 -0.000244668 0.000108163 0.0397571 17.1732 0.176848 0.0204087 -0.000172534 -0.176653 17.136 -0.00350597 -5.82693e-06 0.001179 -0.00350936 0.996688 -0.00230726 -1.4199e-05 6.27713e-06 0.00230726 0.996625 0.0102632 0.00118439 -1.00128e-05 -0.0102518 0.99447
4.4 0.000841318 17.1389 -0.0630421 -0.000104466 0.0201322 -0.0631028 17.082 -0.0395157 -0.000254706 0.000112422 0.0395158 17.0808 0.184356 0.0202289 -0.000179707 -0.184152 17.0439 -0.00367831 -6.09527e-06 0.00117465 -0.00368185 0.996681 -0.00230562 -1.48613e-05 6.55949e-06 0.00230562 0.996612 0.0107566 0.00118029 -1.04853e-05 -0.0107447 0.994457
4.5 0.0008604 17.0448 -0.0657133 -0.000108561 0.0199457 -0.0657764 16.9881 -0.0392701 -0.000264844 0.000116707 0.0392702 16.9868 0.191964 0.020046 -0.00018696 -0.191751 16.9501 -0.00385532 -6.36918e-06 0.00117019 -0.00385903 0.996673 -0.00230393 -1.55381e-05 6.84705e-06 0.00230394 0.996597 0.0112623 0.00117608 -1.09687e-05 -0.0112498 0.994444
4.6 0.00087948 16.9491 -0.0684249 -0.000112688 0.0197562 -0.0684904 16.8926 -0.0390204 -0.000275075 0.000121012 0.0390205 16.8912 0.199667 0.0198603 -0.000194289 -0.199446 16.8547 -0.00403708 -6.64861e-06 0.00116562 -0.00404095 0.996666 -0.00230221 -1.62295e-05 7.13973e-06 0.00230222 0.996583 0.0117804 0.00117176 -1.14631e-05 -0.0117673 0.994429
4.7 0.000898556 16.8518 -0.0711758 -0.000116842 0.0195639 -0.0712437 16.7955 -0.0387665 -0.000285391 0.000125334 0.0387667 16.7939 0.207461 0.0196716 -0.000201687 -0.207232 16.7577 -0.00422363 -6.93351e-06 0.00116094 -0.00422766 0.996658 -0.00230044 -1.69354e-05 7.4374e-06 0.00230045 0.996567 0.0123109 0.00116733 -1.19683e-05 -0.0122973 0.994414
4.8 0.00091763 16.7529 -0.0739648 -0.00012102 0.0193688 -0.0740351 16.6968 -0.0385087 -0.000295784 0.000129667 0.0385088 16.6951 0.215342 0.0194802 -0.00020915 -0.215103 16.6591 -0.00441504 -7.22383e-06 0.00115614 -0.00441924 0.99665 -0.00229863 -1.76557e-05 7.73998e-06 0.00229863 0.996551 0.012854 0.0011628 -1.24844e-05 -0.0128398 0.994399
4.9 0.000936701 16.6525 -0.0767907 -0.000125219 0.0191709 -0.0768634 16.5966 -0.038247 -0.000306245 0.000134008 0.0382471 16.5948 0.223304 0.0192861 -0.000216672 -0.223057 16.559 -0.00461136 -7.51952e-06 0.00115123 -0.00461572 0.996641 -0.00229677 -1.83903e-05 8.04734e-06 0.00229678 0.996533 0.0134096 0.00115815 -1.30113e-05 -0.0133948 0.994382
5 0.00095577 16.5506 -0.0796523 -0.000129434 0.0189704 -0.0797274 16.4949 -0.0379814 -0.000316767 0.000138353 0.0379815 16.4929 0.231344 0.0190893 -0.000224247 -0.231087 16.4573 -0.00481265 -7.82051e-06 0.00114621 -0.00481719 0.996633 -0.00229486 -1.91393e-05 8.35937e-06 0.00229487 0.996515 0.0139779 0.00115339 -1.35491e-05 -0.0139625 0.994365
5.1 0.000974835 16.4472 -0.0825483 -0.000133663 0.0187674 -0.082626 16.3917 -0.0377121 -0.00032734 0.000142695 0.0377123 16.3896 0.239455 0.01889 -0.000231869 -0.23919 16.3542 -0.00501898 -8.12675e-06 0.00114107 -0.0050237 0.996624 -0.00229292 -1.99025e-05 8.67596e-06 0.00229293 0.996496 0.014559 0.00114852 -1.40978e-05 -0.0145429 0.994347
5.2 0.000993897 16.3424 -0.0854777 -0.0001379 0.0185618 -0.0855577 16.2871 -0.0374391 -0.000337958 0.000147032 0.0374393 16.2848 0.247634 0.0186882 -0.000239534 -0.24736 16.2497 -0.00523042 -8.43818e-06 0.00113581 -0.00523532 0.996615 -0.00229092 -2.06798e-05 8.99698e-06 0.00229093 0.996477 0.0151529 0.00114354 -1.46572e-05 -0.0151361 0.994327
5.3 0.00101296 16.2362 -0.088439 -0.000142143 0.0183539 -0.0885215 16.1811 -0.0371626 -0.00034861 0.000151359 0.0371628 16.1786 0.255876 0.018484 -0.000247235 -0.255592 16.1437 -0.00544704 -8.75473e-06 0.00113043 -0.00545212 0.996605 -0.00228888 -2.14712e-05 9.32232e-06 0.00228889 0.996456 0.0157596 0.00113845 -1.52274e-05 -0.0157422 0.994307
5.4 0.00103201 16.1286 -0.0914312 -0.000146388 0.0181437 -0.0915161 16.0737 -0.0368827 -0.00035929 0.00015567 0.0368829 16.0711 0.264175 0.0182774 -0.000254967 -0.263882 16.0364 -0.0056689 -9.07632e-06 0.00112494 -0.00567416 0.996596 -0.00228679 -2.22766e-05 9.65182e-06 0.00228681 0.996434 0.0163793 0.00113323 -1.58084e-05 -0.0163612 0.994286
5.5 0.00105107 16.0196 -0.0944529 -0.000150631 0.0179312 -0.0945403 15.9649 -0.0365994 -0.000369989 0.000159962 0.0365996 15.9621 0.272527 0.0180686 -0.000262724 -0.272225 15.9277 -0.00589607 -9.40291e-06 0.00111933 -0.00590153 0.996586 -0.00228466 -2.3096e-05 9.98537e-06 0.00228467 0.996411 0.017012 0.00112791 -1.64001e-05 -0.0169932 0.994264
5.6 0.00107012 15.9094 -0.097503 -0.000154868 0.0177165 -0.0975928 15.8549 -0.0363128 -0.000380698 0.00016423 0.036313 15.8519 0.280926 0.0178576 -0.000270499 -0.280616 15.8178 -0.00612865 -9.7344e-06 0.00111359 -0.00613429 0.996575 -0.00228248 -2.39291e-05 1.03228e-05 0.00228249 0.996387 0.0176579 0.00112246 -1.70025e-05 -0.0176384 0.994241
5.7 0.00108916 15.7979 -0.10058 -0.000159096 0.0174998 -0.100672 15.7436 -0.036023 -0.000391408 0.000168469 0.0360233 15.7404 0.289369 0.0176446 -0.000278288 -0.289049 15.7065 -0.00636669 -1.00707e-05 0.00110773 -0.00637253 0.996565 -0.00228025 -2.4776e-05 1.0664e-05 0.00228026 0.996362 0.018317 0.0011169 -1.76155e-05 -0.0182967 0.994216
5.8 0.00110821 15.6851 -0.103683 -0.00016331 0.0172811 -0.103778 15.6311 -0.0357301 -0.000402112 0.000172675 0.0357304 15.6276 0.29785 0.0174295 -0.000286084 -0.29752 15.594 -0.00661028 -1.04118e-05 0.00110175 -0.00661632 0.996554 -0.00227797 -2.56365e-05 1.10088e-05 0.00227798 0.996336 0.0189893 0.00111121 -1.82392e-05 -0.0189683 0.994191
5.9 0.00112725 15.5711 -0.10681 -0.000167507 0.0170605 -0.106907 15.5173 -0.0354343 -0.0004128 0.000176843 0.0354346 15.5137 0.306363 0.0172124 -0.000293882 -0.306024 15.4803 -0.00685951 -1.07576e-05 0.00109565 -0.00686575 0.996543 -0.00227564 -2.65106e-05 1.13571e-05 0.00227566 0.996309 0.019675 0.00110541 -1.88735e-05 -0.0196533 0.994164
6 0.00172656 15.456 -0.109961 -0.000171684 0.0168381 -0.110061 15.4024 -0.0351356 -0.000423465 0.000180969 0.0351359 15.3985 0.314904 0.0169935 -0.000301674 -0.314556 15.3654 -0.00711446 -1.11079e-05 0.00108942 -0.0071209 0.996531 -0.00227326 -2.73981e-05 1.17087e-05 0.00227328 0.99628 0.0203742 0.00109948 -1.95183e-05 -0.0203517 0.994136
6.2 0.00236869 15.2224 -0.116328 -0.000179959 0.0163881 -0.116432 15.1692 -0.0345298 -0.000444691 0.000189077 0.0345302 15.1648 0.332049 0.0165505 -0.000317223 -0.331682 15.1322 -0.00764187 -1.1822e-05 0.00107658 -0.00764872 0.996507 -0.00226836 -2.9213e-05 1.2421e-05 0.00226838 0.996219 0.0218132 0.00108725 -2.08392e-05 -0.0217891 0.994076
6.4 0.00244479 14.9845 -0.122772 -0.000188105 0.0159319 -0.122881 14.9318 -0.0339137 -0.00046572 0.000196962 0.0339141 14.9268 0.349245 0.016101 -0.000332681 -0.348859 14.8947 -0.00819326 -1.25533e-05 0.00106322 -0.00820052 0.996482 -0.00226325 -3.10801e-05 1.31444e-05 0.00226328 0.996152 0.0233071 0.00107451 -2.22017e-05 -0.0232813 0.99401
6.6 0.00252085 14.7427 -0.129284 -0.000196093 0.0154701 -0.129398 14.6904 -0.0332881 -0.000486487 0.00020459 0.0332885 14.6849 0.366451 0.0156457 -0.000348001 -0.366046 14.6533 -0.0087694 -1.3301e-05 0.00104934 -0.00877709 0.996455 -0.00225794 -3.29986e-05 1.38774e-05 0.00225797 0.996079 0.0248565 0.00106126 -2.3605e-05 -0.024829 0.993938
6.8 0.00259689 14.4971 -0.135855 -0.000203893 0.0150034 -0.135972 14.4453 -0.0326536 -0.000506925 0.000211926 0.0326541 14.4392 0.383626 0.0151853 -0.000363136 -0.383202 14.4081 -0.00937114 -1.40643e-05 0.00103492 -0.00937926 0.996427 -0.00225242 -3.49673e-05 1.46185e-05 0.00225245 0.996 0.0264622 0.00104747 -2.50488e-05 -0.0264329 0.99386
7 0.00267289 14.2482 -0.142473 -0.000211475 0.0145325 -0.142595 14.1969 -0.0320112 -0.000526968 0.000218936 0.0320118 14.19 0.400729 0.0147204 -0.000378036 -0.400287 14.1595 -0.00999935 -1.48422e-05 0.00101995 -0.0100079 0.996397 -0.00224668 -3.69848e-05 1.53658e-05 0.00224672 0.995914 0.0281248 0.00103314 -2.65321e-05 -0.0280938 0.993775
7.2 0.00274886 13.9962 -0.14913 -0.000218812 0.0140581 -0.149256 13.9454 -0.0313617 -0.000546552 0.000225587 0.0313623 13.9378 0.417722 0.0142517 -0.000392656 -0.417261 13.9078 -0.010655 -1.56336e-05 0.00100442 -0.010664 0.996365 -0.00224072 -3.90499e-05 1.61177e-05 0.00224077 0.995821 0.0298453 0.00101825 -2.80544e-05 -0.0298123 0.993682
7.4 0.0028248 13.7415 -0.155815 -0.000225876 0.0135808 -0.155945 13.6911 -0.0307059 -0.000565613 0.000231846 0.0307066 13.6826 0.434562 0.0137798 -0.000406947 -0.434083 13.6533 -0.011339 -1.64375e-05 0.000988309 -0.0113485 0.996332 -0.00223454 -4.1161e-05 1.6872e-05 0.00223459 0.995719 0.0316242 0.00100279 -2.96145e-05 -0.0315893 0.993581
7.6 0.00290071 13.4842 -0.162519 -0.000232638 0.0131014 -0.162653 13.4342 -0.0300446 -0.000584089 0.000237684 0.0300454 13.425 0.451212 0.0133053 -0.000420862 -0.450715 13.3961 -0.0120526 -1.72527e-05 0.000971613 -0.0120625 0.996297 -0.00222814 -4.33166e-05 1.76269e-05 0.00222819 0.995609 0.0334623 0.000986736 -3.12115e-05 -0.0334254 0.993471
7.8 0.00297657 13.2247 -0.169233 -0.000239073 0.0126205 -0.16937 13.1752 -0.0293787 -0.000601919 0.000243069 0.0293795 13.165 0.467631 0.012829 -0.000434356 -0.467116 13.1368 -0.0127967 -1.80778e-05 0.000954313 -0.0128071 0.99626 -0.0022215 -4.55148e-05 1.83799e-05 0.00222156 0.99549 0.0353605 0.000970081 -3.28443e-05 -0.0353215 0.993352
8 0.00305241 12.9633 -0.175946 -0.000245154 0.0121388 -0.176087 12.9143 -0.0287089 -0.000619045 0.000247973 0.0287098 12.9032 0.483781 0.0123515 -0.000447383 -0.483249 12.8754 -0.0135727 -1.89114e-05 0.000936395 -0.0135835 0.996221 -0.00221463 -4.77537e-05 1.91288e-05 0.0022147 0.995361 0.0373193 0.000952805 -3.45115e-05 -0.0372783 0.993223
8.2 0.0031282 12.7003 -0.182651 -0.000250858 0.0116569 -0.182795 12.6518 -0.0280361 -0.00063541 0.000252368 0.0280371 12.6396 0.499625 0.0118734 -0.000459898 -0.499076 12.6124 -0.0143817 -1.97522e-05 0.000917843 -0.014393 0.996179 -0.00220752 -5.00312e-05 1.9871e-05 0.0022076 0.995221 0.0393397 0.000934889 -3.62116e-05 -0.0392964 0.993084
8.4 0.00320396 12.4359 -0.189339 -0.00025616 0.0111754 -0.189485 12.3879 -0.0273612 -0.000650959 0.000256229 0.0273623 12.3746 0.515125 0.0113953 -0.000471857 -0.514559 12.3481 -0.0152251 -2.05983e-05 0.000898641 -0.0152369 0.996136 -0.00220017 -5.23449e-05 2.06039e-05 0.00220025 0.995071 0.0414223 0.000916316 -3.7943e-05 -0.0413767 0.992932
8.6 0.00327968 12.1706 -0.196 -0.000261037 0.0106952 -0.196149 12.123 -0.0266849 -0.000665638 0.00025953 0.026686 12.1086 0.530245 0.0109178 -0.000483219 -0.529662 12.0826 -0.0161044 -2.14482e-05 0.000878771 -0.0161167 0.996089 -0.00219257 -5.46923e-05 2.13244e-05 0.00219267 0.994908 0.0435677 0.000897065 -3.97039e-05 -0.0435198 0.992769
8.8 0.00335535 11.9045 -0.202627 -0.000265468 0.0102166 -0.202779 11.8574 -0.026008 -0.000679398 0.000262249 0.0260093 11.8418 0.544949 0.0104416 -0.000493942 -0.54435 11.8163 -0.0170211 -2.22998e-05 0.000858214 -0.0170338 0.996041 -0.00218472 -5.70707e-05 2.20294e-05 0.00218483 0.994732 0.0457767 0.000877116 -4.14921e-05 -0.0457265 0.992592
9 0.00343099 11.6379 -0.209212 -0.000269432 0.0097404 -0.209365 11.5913 -0.0253314 -0.00069219 0.000264365 0.0253328 11.5744 0.559203 0.00996728 -0.000503985 -0.558589 11.5495 -0.0179767 -2.31512e-05 0.000836952 -0.0179899 0.995989 -0.00217663 -5.9477e-05 2.27158e-05 0.00217674 0.994543 0.04805 0.000856447 -4.33054e-05 -0.0479973 0.992402
9.2 0.00350659 11.3712 -0.215747 -0.000272912 0.00926714 -0.215902 11.325 -0.0246559 -0.000703969 0.000265857 0.0246573 11.3068 0.572973 0.00949537 -0.00051331 -0.572346 11.2825 -0.0189731 -2.40002e-05 0.000814965 -0.0189867 0.995935 -0.00216827 -6.1908e-05 2.33799e-05 0.0021684 0.994339 0.0503881 0.000835036 -4.51412e-05 -0.0503329 0.992196
9.4 0.00358214 11.1046 -0.222224 -0.000275888 0.00879742 -0.22238 11.0588 -0.0239821 -0.000714692 0.000266709 0.0239837 11.0393 0.586229 0.00902646 -0.000521881 -0.585587 11.0155 -0.0200119 -2.48444e-05 0.000792232 -0.0200259 0.995878 -0.00215966 -6.436e-05 2.40179e-05 0.0021598 0.99412 0.0527915 0.000812858 -4.69968e-05 -0.0527337 0.991974
9.6 0.00365765 10.8384 -0.228637 -0.000278344 0.0083318 -0.228794 10.793 -0.023311 -0.00072432 0.000266903 0.0233127 10.7721 0.598938 0.00856111 -0.00052966 -0.598283 10.7488 -0.0210951 -2.56813e-05 0.000768731 -0.0211096 0.995818 -0.00215078 -6.68292e-05 2.46258e-05 0.00215094 0.993883 0.0552608 0.000789888 -4.88689e-05 -0.0552004 0.991735
9.8 0.00373311 10.5728 -0.234978 -0.000280266 0.00787081 -0.235136 10.5279 -0.0226433 -0.000732815 0.000266427 0.0226451 10.5055 0.611071 0.00809985 -0.000536616 -0.610404 10.4827 -0.0222248 -2.65082e-05 0.000744438 -0.0222397 0.995754 -0.00214165 -6.93112e-05 2.51992e-05 0.00214182 0.99363 0.0577964 0.000766102 -5.07543e-05 -0.0577333 0.991478
10 0.00380853 10.3082 -0.241242 -0.000281641 0.007415 -0.2414 10.2637 -0.0219796 -0.000740144 0.000265267 0.0219816 10.2397 0.6226 0.00764321 -0.000542715 -0.621921 10.2175 -0.023403 -2.7322e-05 0.000719331 -0.0234183 0.995686 -0.00213225 -7.18015e-05 2.57336e-05 0.00213244 0.993357 0.0603986 0.00074147 -5.26489e-05 -0.0603327 0.991201
10.2 0.0038839 10.0447 -0.247423 -0.000282455 0.00696486 -0.24758 10.0007 -0.0213208 -0.000746275 0.000263414 0.0213229 9.97507 0.633498 0.00719168 -0.000547928 -0.632808 9.95338 -0.024632 -2.81197e-05 0.000693384 -0.0246478 0.995615 -0.00212258 -7.42951e-05 2.6224e-05 0.00212279 0.993064 0.0630676 0.000715965 -5.45487e-05 -0.0629989 0.990904
10.4 0.00395923 9.78275 -0.253514 -0.0002827 0.00652089 -0.253671 9.73912 -0.0206676 -0.000751182 0.000260859 0.0206698 9.71182 0.64374 0.00674575 -0.000552227 -0.643039 9.69064 -0.0259144 -2.88978e-05 0.000666571 -0.0259304 0.99554 -0.00211266 -7.67864e-05 2.66652e-05 0.00211289 0.992749 0.0658036 0.000689556 -5.64491e-05 -0.065732 0.990584
10.6 0.0040345 9.52245 -0.25951 -0.000282367 0.00608356 -0.259667 9.47922 -0.0200206 -0.000754839 0.000257597 0.020023 9.45019 0.653301 0.00630589 -0.000555587 -0.652592 9.42952 -0.0272525 -2.96527e-05 0.000638865 -0.0272689 0.995461 -0.00210246 -7.92694e-05 2.70515e-05 0.00210271 0.992412 0.0686064 0.000662213 -5.83449e-05 -0.0685319 0.990241
10.8 0.00410973 9.2641 -0.265407 -0.000281448 0.0056533 -0.265563 9.22126 -0.0193805 -0.000757227 0.000253623 0.0193831 9.19044 0.662161 0.00587254 -0.000557983 -0.661442 9.17027 -0.028649 -3.03805e-05 0.000610237 -0.0286658 0.995377 -0.00209201 -8.17378e-05 2.73769e-05 0.00209228 0.99205 0.071476 0.000633903 -6.02307e-05 -0.0713985 0.989873
11 0.00418491 9.00792 -0.271201 -0.000279938 0.00523054 -0.271354 8.96547 -0.0187481 -0.000758326 0.000248935 0.0187508 8.93281 0.670297 0.00544613 -0.000559394 -0.669571 8.91313 -0.0301069 -3.10769e-05 0.00058066 -0.030124 0.995288 -0.00208129 -8.41844e-05 2.76351e-05 0.00208159 0.991662 0.074412 0.000604593 -6.21003e-05 -0.0743314 0.989477
11.2 0.00426003 8.75416 -0.276886 -0.000277834 0.00481568 -0.277037 8.71208 -0.0181239 -0.000758124 0.000243534 0.0181268 8.67753 0.677692 0.00502705 -0.000559802 -0.676959 8.65833 -0.0316291 -3.17374e-05 0.000550102 -0.0316464 0.995194 -0.00207032 -8.66017e-05 2.78192e-05 0.00207065 0.991247 0.0774137 0.000574247 -6.3947e-05 -0.07733 0.989053
11.4 0.00433511 8.50303 -0.282459 -0.000275133 0.00440909 -0.282608 8.46132 -0.0175085 -0.00075661 0.000237421 0.0175116 8.42481 0.684328 0.00461569 -0.00055919 -0.683589 8.40608 -0.0332187 -3.23571e-05 0.000518532 -0.0332362 0.995095 -0.00205909 -8.89812e-05 2.79219e-05 0.00205945 0.990802 0.0804805 0.000542829 -6.57637e-05 -0.0803937 0.988599
11.6 0.00441013 8.25475 -0.287917 -0.000271836 0.00401112 -0.288064 8.21339 -0.0169026 -0.000753775 0.000230601 0.0169058 8.17489 0.690189 0.0042124 -0.000557544 -0.689446 8.15662 -0.034879 -3.29309e-05 0.000485917 -0.0348967 0.99499 -0.00204762 -9.13141e-05 2.79356e-05 0.00204801 0.990326 0.0836112 0.000510301 -6.75422e-05 -0.0835212 0.988113
11.8 0.0044851 8.00953 -0.293257 -0.000267944 0.00362211 -0.2934 7.96852 -0.0163067 -0.000749617 0.000223081 0.0163101 7.92797 0.695263 0.00381753 -0.000554852 -0.694516 7.91014 -0.0366136 -3.34532e-05 0.000452226 -0.0366314 0.99488 -0.00203591 -9.35906e-05 2.78519e-05 0.00203634 0.989817 0.0868045 0.000476624 -6.9274e-05 -0.0867112 0.987592
12 0.0139046 7.76757 -0.298477 -0.00026346 0.00324235 -0.298616 7.72689 -0.0157214 -0.000744134 0.000214868 0.015725 7.68424 0.699537 0.00343139 -0.000551106 -0.698787 7.66686 -0.038426 -3.3918e-05 0.000417422 -0.038444 0.994763 -0.00202397 -9.58002e-05 2.76621e-05 0.00202444 0.989273 0.0900586 0.000441759 -7.09496e-05 -0.0899621 0.987035
13 0.0246683 6.6131 -0.322697 -0.000232395 0.00149111 -0.322813 6.57387 -0.0129707 -0.000697095 0.000163851 0.0129754 6.52015 0.708626 0.00164086 -0.000516431 -0.707878 6.50476 -0.0487967 -3.51416e-05 0.000225478 -0.0488142 0.994069 -0.00196137 -0.000105411 2.47767e-05 0.00196208 0.985946 0.107155 0.000248123 -7.80921e-05 -0.107042 0.983618
14 0.0265294 5.56522 -0.343719 -0.000187982 1.73087e-06 -0.343802 5.52712 -0.0105516 -0.000618872 9.79006e-05 0.0105576 5.46156 0.697015 0.000101731 -0.000455596 -0.696294 5.44782 -0.061762 -3.37779e-05 3.11016e-07 -0.0617769 0.993153 -0.00189599 -0.000111203 1.75915e-05 0.00189707 0.981374 0.125245 1.82798e-05 -8.18648e-05 -0.125115 0.978904
15 0.0283823 4.63893 -0.361599 -0.000132431 -0.00121658 -0.361641 4.60158 -0.00850196 -0.000513117 2.01149e-05 0.00850943 4.52386 0.665301 -0.00117362 -0.000370519 -0.664632 4.51139 -0.0779489 -2.85478e-05 -0.000262254 -0.077958 0.991949 -0.00183274 -0.000110611 4.33612e-06 0.00183435 0.975195 0.143417 -0.000252995 -7.98716e-05 -0.143273 0.972507
16 0.0302266 3.84325 -0.376549 -6.87749e-05 -0.00216938 -0.376544 3.8063 -0.00684137 -0.000385203 -6.55509e-05 0.00685053 3.71656 0.615169 -0.00218695 -0.000264741 -0.614575 3.70499 -0.0979766 -1.7895e-05 -0.000564464 -0.0979754 0.990385 -0.0017801 -0.000100228 -1.70561e-05 0.00178248 0.967036 0.160065 -0.000569036 -6.88846e-05 -0.15991 0.964025
17 0.0320617 3.18143 -0.388881 -6.5191e-07 -0.00287515 -0.388826 3.14452 -0.00557122 -0.000241837 -0.000154566 0.00558228 3.04343 0.549264 -0.00295256 -0.000143245 -0.548765 3.0324 -0.122235 -2.04911e-07 -0.000903729 -0.122217 0.988399 -0.00175117 -7.60151e-05 -4.85838e-05 0.00175465 0.956626 0.172647 -0.000928061 -4.50255e-05 -0.17249 0.953157
18 0.0338871 2.65121 -0.398942 6.79481e-05 -0.00336273 -0.398836 2.61403 -0.00467567 -9.06039e-05 -0.000242137 0.00468881 2.50278 0.471009 -0.00349512 -1.21679e-05 -0.470621 2.49194 -0.150475 2.56291e-05 -0.00126837 -0.150435 0.985976 -0.00176359 -3.41745e-05 -9.13304e-05 0.00176855 0.944014 0.177658 -0.00131831 -4.58954e-06 -0.177511 0.939926
19 0.0357021 2.24554 -0.407056 0.000132967 -0.0036683 -0.406901 2.2078 -0.00412349 6.05304e-05 -0.000323527 0.00413889 2.08806 0.384386 -0.00384697 0.000121575 -0.384119 2.07712 -0.181273 5.92138e-05 -0.00163359 -0.181204 0.983196 -0.0018363 2.69558e-05 -0.000144075 0.00184316 0.92987 0.171178 -0.00171316 5.41407e-05 -0.171059 0.924998
20 0.0375062 1.95327 -0.413463 0.000190563 -0.00383214 -0.413263 1.91475 -0.00387066 0.000203731 -0.00039436 0.0038884 1.7886 0.293685 -0.00404518 0.000250727 -0.293542 1.77731 -0.211678 9.7561e-05 -0.00196191 -0.211575 0.980279 -0.00198163 0.000104303 -0.000201897 0.00199072 0.915695 0.150355 -0.00207098 0.000128363 -0.150282 0.909915
21 0.0392989 1.76015 -0.418276 0.000237379 -0.00389534 -0.418039 1.72066 -0.00386341 0.000331776 -0.000450882 0.0038835 1.59052 0.203243 -0.00412848 0.000368164 -0.203223 1.5787 -0.237637 0.000134863 -0.00221307 -0.237502 0.977566 -0.00219493 0.000188494 -0.000256161 0.00220635 0.903629 0.115469 -0.00234553 0.000209167 -0.115458 0.896912
22 0.0410797 1.64978 -0.421452 0.000270771 -0.00389675 -0.421187 1.6092 -0.00404168 0.000438482 -0.000490168 0.00406402 1.47771 0.117194 -0.00413448 0.000467363 -0.117289 1.46523 -0.255459 0.000164125 -0.00236198 -0.255298 0.975404 -0.00244983 0.000265782 -0.000297111 0.00246337 0.895697 0.0710358 -0.00250607 0.000283287 -0.0710935 0.888132
23 0.0428479 1.60467 -0.422781 0.000288976 -0.00387044 -0.4225 1.56293 -0.00434281 0.000519054 -0.000510266 0.00436712 1.43278 0.0392342 -0.00409708 0.000542837 -0.039431 1.41959 -0.263469 0.000180084 -0.00241199 -0.263294 0.973989 -0.00270636 0.000323464 -0.000317988 0.0027215 0.892881 0.02445 -0.00255322 0.000338286 -0.0245726 0.884659
24 0.0446031 1.60716 -0.421894 0.000291217 -0.00384363 -0.421609 1.56424 -0.00470504 0.00057033 -0.000510261 0.00473088 1.43809 -0.0275723 -0.00404451 0.000590504 0.0272918 1.42418 -0.262509 0.0001812 -0.00239157 -0.262332 0.973295 -0.00292756 0.000354869 -0.000317493 0.00294363 0.894802 -0.017156 -0.00251656 0.000367421 0.0169814 0.88615
25 0.0463447 1.64033 -0.418292 0.000277728 -0.00383538 -0.418017 1.59626 -0.00507091 0.000590928 -0.000490278 0.00509764 1.47656 -0.0809468 -0.00399789 0.000607948 0.0806039 1.46201 -0.255005 0.000169312 -0.00233818 -0.254837 0.973132 -0.0030914 0.00036025 -0.00029889 0.0031077 0.900162 -0.0493479 -0.00243725 0.000370625 0.0491389 0.891289
26 0.0480722 1.68876 -0.411394 0.000249701 -0.00385608 -0.411141 1.6436 -0.00539013 0.000581264 -0.00045142 0.00541691 1.53249 -0.119491 -0.0039705 0.000594573 0.11911 1.5174 -0.243607 0.00014786 -0.00228338 -0.243458 0.973258 -0.00319177 0.000344196 -0.000267309 0.00320763 0.907468 -0.0707569 -0.00235113 0.000352077 0.0705309 0.898529
27 0.049785 1.73911 -0.400587 0.000209161 -0.00390754 -0.400369 1.69295 -0.00562192 0.000543472 -0.000395643 0.00564773 1.59214 -0.142729 -0.00396768 0.000551628 0.142333 1.57666 -0.230341 0.000120269 -0.00224687 -0.230215 0.97346 -0.00323265 0.000312501 -0.000227498 0.00324749 0.915495 -0.0820704 -0.00228145 0.000317191 0.0818425 0.90659
28 0.0514827 1.78054 -0.385302 0.000158784 -0.0039839 -0.385127 1.7335 -0.00573664 0.00048121 -0.000325604 0.00576028 1.64418 -0.151086 -0.00398742 0.000482095 0.150699 1.62848 -0.216396 8.91777e-05 -0.00223747 -0.216298 0.973583 -0.00322186 0.000270262 -0.000182869 0.00323514 0.92342 -0.0848545 -0.00223945 0.000270759 0.0846371 0.914601
29 0.0531646 1.80495 -0.365072 0.000101669 -0.00407299 -0.364949 1.75716 -0.00571665 0.00039939 -0.000244471 0.00573684 1.67995 -0.14582 -0.00402142 0.000390466 0.145464 1.66423 -0.202262 5.63281e-05 -0.00225657 -0.202194 0.973522 -0.00316721 0.000221275 -0.000135445 0.0031784 0.930751 -0.0807893 -0.002228 0.000216331 0.0805919 0.922041
30 0.0548304 1.80704 -0.339605 4.10848e-05 -0.00415817 -0.339539 1.75862 -0.00555641 0.000303827 -0.000155729 0.00557182 1.69358 -0.1289 -0.00405664 0.000282419 0.128593 1.67804 -0.187935 2.2736e-05 -0.00230109 -0.187898 0.973207 -0.00307487 0.000168135 -8.61791e-05 0.00308339 0.937212 -0.0713322 -0.00224491 0.000156288 0.0711625 0.928613
31 0.0564795 1.78421 -0.308835 -1.97844e-05 -0.00422039 -0.308826 1.73529 -0.00526182 0.000200856 -6.29782e-05 0.00527114 1.68187 -0.10285 -0.00407709 0.000164417 0.102607 1.66671 -0.173094 -1.10886e-05 -0.00236542 -0.173089 0.972582 -0.00294911 0.000112574 -3.52976e-05 0.00295433 0.942644 -0.0576445 -0.0022851 9.21513e-05 0.0575085 0.934148
32 0.0581114 1.7363 -0.27296 -7.80727e-05 -0.00424035 -0.273008 1.68699 -0.00484887 9.69123e-05 3.02502e-05 0.00485095 1.64414 -0.0705659 -0.00406571 4.32699e-05 0.0703968 1.62955 -0.157208 -4.4965e-05 -0.00244218 -0.157236 0.971601 -0.00279265 5.58155e-05 1.74222e-05 0.00279385 0.946925 -0.0406416 -0.0023416 2.49208e-05 0.0405442 0.93852
33 0.0597256 1.66525 -0.23247 -0.000131431 -0.00420045 -0.23257 1.61564 -0.00434176 -1.8659e-06 0.000120662 0.00433565 1.58186 -0.0351199 -0.00400632 -7.43135e-05 0.0350291 1.568 -0.139601 -7.89258e-05 -0.00252242 -0.139661 0.970214 -0.00260728 -1.1205e-06 7.2459e-05 0.00260361 0.949926 -0.0210899 -0.00240584 -4.46261e-05 0.0210354 0.941602
34 0.0613216 1.57466 -0.188143 -0.00017817 -0.00408666 -0.188287 1.52484 -0.00377057 -9.00193e-05 0.000205342 0.00375565 1.49826 0.000438269 -0.00388528 -0.000182146 -0.000451174 1.48527 -0.119482 -0.000113148 -0.00259526 -0.119573 0.968363 -0.00239453 -5.71674e-05 0.000130404 0.00238505 0.951482 0.000278326 -0.00246737 -0.000115673 -0.000286521 0.94323
35 0.0628989 1.46933 -0.141027 -0.000217344 -0.00388982 -0.141205 1.41936 -0.00316876 -0.000163087 0.000281867 0.00314481 1.39787 0.0332662 -0.00369288 -0.000274931 -0.0332063 1.38586 -0.0959799 -0.00014792 -0.00264734 -0.0961012 0.965986 -0.0021566 -0.000110994 0.000191833 0.0021403 0.951367 0.0226403 -0.0025133 -0.000187113 -0.0225996 0.943189
36 0.064457 1.35476 -0.0923963 -0.00024876 -0.00360659 -0.0925967 1.30465 -0.00257054 -0.000217853 0.000348382 0.00253778 1.28606 0.060892 -0.00342439 -0.000348542 -0.0607684 1.2751 -0.0682014 -0.000183619 -0.00266217 -0.0683493 0.963016 -0.00189742 -0.000160806 0.000257154 0.00187324 0.949293 0.0449468 -0.00252768 -0.000257273 -0.0448556 0.941204
37 0.0659956 1.23666 -0.0436962 -0.000272927 -0.00323982 -0.0439054 1.18644 -0.00200836 -0.000252509 0.000403652 0.00196751 1.16854 0.0813459 -0.00308056 -0.00040022 -0.0811708 1.15868 -0.0353342 -0.000220698 -0.00261982 -0.0355034 0.959393 -0.00162403 -0.000204187 0.000326406 0.00159099 0.944916 0.0657789 -0.00249104 -0.000323631 -0.0656373 0.936945
38 0.067514 1.12057 0.00353612 -0.000290951 -0.00279839 0.00333172 1.07023 -0.00151071 -0.000266712 0.000447077 0.00146296 1.05095 0.0932531 -0.00266772 -0.000428652 -0.0930409 1.04221 0.00315566 -0.000259647 -0.0024973 0.00297325 0.955081 -0.00134817 -0.000238015 0.000398974 0.00130556 0.937874 0.0832197 -0.00238069 -0.000382532 -0.0830303 0.930074
39 0.0690118 1.01147 0.0477527 -0.000304372 -0.0022966 0.0475665 0.960995 -0.00110028 -0.000261542 0.000478672 0.00104728 0.938508 0.0958856 -0.0021974 -0.000433952 -0.0956517 0.930871 0.0472112 -0.000300921 -0.00227055 0.0470271 0.950098 -0.0010878 -0.000258576 0.000473244 0.00103541 0.927866 0.0947984 -0.00217248 -0.000429032 -0.0945671 0.920315
40 0.10628 0.913528 0.0874826 -0.000314985 -0.00175311 0.087327 0.862881 -0.000792614 -0.000239366 0.000499026 0.00073641 0.835688 0.0891707 -0.0016855 -0.000417547 -0.0889302 0.829117 0.0957635 -0.000344801 -0.00191905 0.0955931 0.944559 -0.000867641 -0.000262024 0.000546263 0.000806116 0.914792 0.0976113 -0.00184505 -0.000457071 -0.0973481 0.907598
42 0.146749 0.762556 0.148487 -0.000335065 -0.000629066 0.148422 0.711431 -0.000508303 -0.000158473 0.000510783 0.000452785 0.671941 0.0504498 -0.000615632 -0.000330615 -0.0502371 0.667305 0.194723 -0.000439396 -0.000824944 0.194637 0.932955 -0.000666578 -0.000207818 0.00066983 0.000593772 0.881169 0.0661588 -0.000807327 -0.000433561 -0.0658798 0.87509
44 0.152348 0.679331 0.179315 -0.000363456 0.000393203 0.17936 0.627535 -0.000625579 -5.85199e-05 0.000495259 0.000580549 0.574805 -0.0124955 0.000374444 -0.000196545 0.012642 0.571756 0.263957 -0.00053502 0.000578809 0.264024 0.923754 -0.000920875 -8.61434e-05 0.00072904 0.000854589 0.846133 -0.0183938 0.000551196 -0.000289322 0.0186094 0.841646
46 0.157761 0.658793 0.178144 -0.0004059 0.00116034 0.178294 0.606159 -0.00100776 2.51526e-05 0.000467993 0.000981391 0.542467 -0.0840599 0.00113337 -4.7904e-05 0.0841249 0.540601 0.270409 -0.000616127 0.00176132 0.270637 0.920105 -0.00152971 3.81799e-05 0.000710381 0.00148968 0.823426 -0.127597 0.00172038 -7.27148e-05 0.127696 0.820594
48 0.162982 0.683538 0.149002 -0.000459734 0.00158522 0.149226 0.629964 -0.00145936 6.71005e-05 0.000443051 0.00145627 0.559886 -0.147716 0.00156538 8.78025e-05 0.147706 0.558796 0.217986 -0.00067258 0.00231914 0.218314 0.921623 -0.00213502 9.81665e-05 0.000648173 0.00213049 0.819101 -0.216105 0.00229012 0.000128453 0.216091 0.817505
50 0.168004 0.73022 0.100838 -0.00051507 0.00166521 0.101086 0.675687 -0.00178321 5.91914e-05 0.000429519 0.00180351 0.604764 -0.190024 0.00165286 0.000194207 0.18996 0.604071 0.138092 -0.000705363 0.00228043 0.138432 0.925321 -0.00244201 8.10597e-05 0.000588205 0.00246981 0.828194 -0.260229 0.0022635 0.000265956 0.260141 0.827246
52 0.172821 0.775994 0.0454911 -0.000558393 0.00147627 0.045705 0.720566 -0.00183291 1.26222e-05 0.000429539 0.00187261 0.653906 -0.203462 0.00145677 0.000268083 0.203371 0.653296 0.058623 -0.000719584 0.00190242 0.0588987 0.928572 -0.00236202 1.62659e-05 0.000553535 0.00241318 0.84267 -0.262196 0.0018773 0.00034547 0.262078 0.841884
54 0.177428 0.803476 -0.00491575 -0.000577259 0.00114635 -0.00478894 0.74728 -0.00154772 -4.5901e-05 0.000438482 0.00160028 0.688436 -0.187546 0.00109644 0.000317346 0.18745 0.687678 -0.00611811 -0.000718452 0.00142673 -0.00596028 0.930059 -0.00192627 -5.7128e-05 0.000545732 0.00199169 0.856821 -0.233419 0.00136462 0.000394966 0.233299 0.855878
56 0.181819 0.803382 -0.0405094 -0.000564655 0.000817412 -0.0405059 0.746571 -0.000962357 -8.25147e-05 0.000447261 0.00102084 0.696898 -0.148182 0.000715334 0.000356214 0.148098 0.695876 -0.0504236 -0.000702848 0.00101746 -0.0504193 0.929286 -0.00119788 -0.000102709 0.000556723 0.00127067 0.867456 -0.184448 0.000890403 0.000443394 0.184343 0.866184
58 0.185988 0.77473 -0.0555301 -0.000521806 0.000607203 -0.0556608 0.717441 -0.000191915 -6.64775e-05 0.000446102 0.000250872 0.67604 -0.0956179 0.000443111 0.000399349 0.0955563 0.674778 -0.0716768 -0.000673534 0.000783761 -0.0718455 0.926054 -0.000247719 -8.58074e-05 0.000575817 0.000323818 0.872614 -0.123421 0.000571956 0.000515469 0.123341 0.870986
60 0.286303 0.723123 -0.0491402 -0.000458751 0.000581117 -0.0493876 0.665428 0.000602174 2.06858e-05 0.000428562 -0.000545733 0.629591 -0.0416609 0.00036401 0.000456798 0.0416271 0.628282 -0.0679555 -0.000634402 0.000803622 -0.0682976 0.920214 0.000832741 2.86062e-05 0.000592655 -0.000754689 0.870656 -0.0576125 0.000503386 0.000631702 0.0575658 0.868846
64 0.394175 0.589365 0.00968326 -0.000343444 0.00103038 0.00934725 0.530631 0.00163667 0.000393568 0.000350795 -0.00158724 0.49466 0.0314636 0.000807519 0.00061735 -0.0314257 0.494506 0.01643 -0.000582736 0.00174829 0.0158599 0.900343 0.00277701 0.000667783 0.000595209 -0.00269314 0.83931 0.0533856 0.00137015 0.00104748 -0.0533213 0.839048
68 0.406626 0.473176 0.0784946 -0.000363216 0.00162559 0.0783115 0.41237 0.00140414 0.000857786 0.000286455 -0.00136735 0.364266 0.032117 0.00156913 0.000782378 -0.0319917 0.367653 0.165889 -0.000767612 0.00343548 0.165502 0.871493 0.00296749 0.00181283 0.000605387 -0.00288973 0.769832 0.0678753 0.00331616 0.00165346 -0.0676105 0.776989
72 0.417095 0.405134 0.106545 -0.000556973 0.00170585 0.106646 0.341083 0.000219716 0.00115836 0.000329505 -0.000212512 0.278694 -0.0165097 0.0018794 0.000870475 0.0166851 0.287592 0.262986 -0.00137479 0.00421058 0.263237 0.841902 0.00054233 0.00285921 0.000813322 -0.000524548 0.687905 -0.0407512 0.00463896 0.00214861 0.0411842 0.709868
76 0.425533 0.373752 0.0857697 -0.000771345 0.00116725 0.0860798 0.30656 -0.000958703 0.00119658 0.000468207 0.000934465 0.235966 -0.0644852 0.00145226 0.000862002 0.0645978 0.250291 0.229483 -0.00206379 0.00312306 0.230313 0.820223 -0.00256508 0.00320154 0.00125272 0.00250023 0.631343 -0.172535 0.00388564 0.00230635 0.172836 0.669671
80 0.431897 0.354594 0.0443906 -0.000738975 0.000500797 0.0446937 0.28637 -0.00141086 0.00108917 0.000542058 0.00140043 0.215127 -0.0794353 0.000706934 0.000804823 0.0793768 0.23239 0.125187 -0.002084 0.00141231 0.126042 0.807598 -0.00397881 0.00307159 0.00152867 0.00394939 0.606684 -0.224017 0.00199364 0.0022697 0.223852 0.655369
84 0.436158 0.332535 0.0148431 -0.000299217 0.00025433 0.014955 0.266047 -0.00120654 0.00101306 0.000356364 0.00127473 0.19807 -0.0624261 0.000297666 0.000757942 0.0622113 0.215372 0.0446361 -0.000899808 0.000764821 0.0449728 0.800057 -0.00362833 0.00304649 0.00107166 0.00383337 0.595638 -0.187728 0.000895143 0.00227929 0.187082 0.647667
88 0.328636 0.304515 0.00924166 0.000412522 0.000501607 0.00913268 0.24019 -0.00101714 0.00100664 -0.000113315 0.0011612 0.17493 -0.0337687 0.000460171 0.00074434 0.0335519 0.192232 0.0303488 0.00135469 0.00164723 0.0299909 0.788763 -0.0033402 0.00330571 -0.000372116 0.00381327 0.574454 -0.110893 0.00151116 0.00244435 0.110182 0.631273
90 0.219313 0.289146 0.0132449 0.000749887 0.000682434 0.0130621 0.224715 -0.00113075 0.000989219 -0.00038417 0.00127443 0.159601 -0.0213113 0.00064795 0.000743669 0.0211632 0.178303 0.0458069 0.00259346 0.00236017 0.0451746 0.777169 -0.00391067 0.00342118 -0.00132864 0.00440757 0.551975 -0.0737043 0.00224091 0.00257195 0.0731921 0.616654
92 0.328636 0.273769 0.0193868 0.000998986 0.000800388 0.0191682 0.207811 -0.00141654 0.000929375 -0.000613898 0.00152015 0.141681 -0.0121288 0.000793901 0.000737574 0.0120807 0.163291 0.0708145 0.00364901 0.00292359 0.0700161 0.759074 -0.00517422 0.00339474 -0.00224239 0.00555267 0.517521 -0.0443029 0.00289989 0.00269415 0.0441273 0.596454
96 0.436158 0.246712 0.0321485 0.00107744 0.000611184 0.0319714 0.173209 -0.0023002 0.000615093 -0.000766918 0.00222135 0.100923 -0.00577634 0.000648651 0.000665881 0.00593483 0.132717 0.130308 0.00436718 0.00247731 0.12959 0.702067 -0.00932343 0.00249316 -0.00310855 0.0090038 0.40907 -0.0234133 0.00262918 0.00269902 0.0240557 0.537944
100 0.431897 0.231025 0.0410064 0.000594171 -0.000227712 0.0409753 0.147339 -0.00294203 5.67767e-05 -0.000417211 0.0026752 0.0635615 -0.0149351 -0.000254835 0.000440515 0.0151722 0.107369 0.177497 0.00257188 -0.000985658 0.177363 0.637763 -0.0127347 0.00024576 -0.00180591 0.0115797 0.275128 -0.0646469 -0.00110306 0.00190678 0.0656731 0.464748
104 0.425533 0.229752 0.0453655 -8.53259e-05 -0.00133288 0.0455022 0.140014 -0.00266503 -0.000566703 0.000138427 0.00239028 0.042519 -0.034414 -0.00150303 2.18519e-05 0.0345467 0.0931402 0.197454 -0.000371383 -0.00580138 0.198049 0.609414 -0.0115996 -0.00246658 0.000602507 0.0104037 0.185064 -0.149787 -0.00654196 9.51109e-05 0.150365 0.405394
108 0.417095 0.235629 0.0447276 -0.00040507 -0.00200021 0.0449609 0.147048 -0.00152709 -0.00104803 0.000325033 0.00145075 0.0396203 -0.0534528 -0.00223308 -0.000531549 0.0533991 0.0893725 0.189822 -0.0017191 -0.00848881 0.190812 0.624065 -0.00648088 -0.00444781 0.00137943 0.00615693 0.168147 -0.226851 -0.00947708 -0.00225587 0.226623 0.379293
112 0.406626 0.235901 0.0378669 -1.04072e-05 -0.00166952 0.0380574 0.14911 -0.000343749 -0.00134455 -0.000230811 0.000484297 0.0399147 -0.0596264 -0.0017802 -0.00112117 0.0594706 0.0886799 0.16052 -4.41166e-05 -0.00707718 0.161327 0.632085 -0.00145717 -0.00569964 -0.000978421 0.00205296 0.169201 -0.25276 -0.00754638 -0.00475273 0.2521 0.375919
116 0.394175 0.227313 0.0274309 0.000980923 -0.000351043 0.0274647 0.12992 3.51671e-05 -0.00163619 -0.00134628 0.000134557 0.0240276 -0.0495911 -0.000251022 -0.00174459 0.0494995 0.0852144 0.120675 0.0043153 -0.00154432 0.120823 0.571549 0.000154708 -0.00719799 -0.00592259 0.000591948 0.105703 -0.218162 -0.0011043 -0.00767487 0.217759 0.374877
120 0.379804 0.2246 0.0216627 0.00202211 0.00129779 0.0215622 0.0972056 -0.000485528 -0.00218556 -0.0023744 0.000503188 -0.0111282 -0.0361779 0.00147138 -0.00252064 0.0362404 0.0824016 0.09645 0.00900314 0.00577822 0.0960025 0.432794 -0.00216174 -0.00973089 -0.0105717 0.00224037 -0.0495468 -0.161077 0.00655111 -0.0112228 0.161355 0.366881
124 0.363583 0.247543 0.0280826 0.00245606 0.00238804 0.0279984 0.0801558 -0.00119523 -0.00307328 -0.00263512 0.00108342 -0.0466132 -0.039097 0.00239222 -0.00348343 0.0392495 0.0886583 0.113445 0.00992172 0.00964694 0.113105 0.323805 -0.00482837 -0.0124151 -0.0106451 0.00437669 -0.188303 -0.15794 0.00966384 -0.014072 0.158556 0.358153
128 0.34559 0.296284 0.0447181 0.00188516 0.00245519 0.0447721 0.0995874 -0.00132493 -0.00400358 -0.00181752 0.00126184 -0.06109 -0.0637968 0.00222825 -0.00433796 0.0639003 0.103927 0.15093 0.00636266 0.0082866 0.151112 0.336121 -0.00447183 -0.0135126 -0.00613437 0.00425887 -0.206187 -0.215323 0.00752066 -0.0146412 0.215672 0.350766
132 0.325914 0.34464 0.0593118 0.000370626 0.0018104 0.059456 0.140614 -0.000799472 -0.00441481 -0.000111588 0.000894466 -0.0570704 -0.0912604 0.00161665 -0.0045475 0.0912442 0.114782 0.172098 0.0010754 0.00525303 0.172516 0.408003 -0.00231973 -0.0128099 -0.00032378 0.00259536 -0.165594 -0.264799 0.00469083 -0.0131949 0.264752 0.333049
136 0.304649 0.366084 0.0592883 -0.00161125 0.00123853 0.0593573 0.16164 -0.000198576 -0.00393338 0.00191882 0.000363677 -0.0631592 -0.0947896 0.00144554 -0.00382452 0.0947022 0.108874 0.161953 -0.0044013 0.00338318 0.162141 0.441539 -0.000542433 -0.0107445 0.00524147 0.000993425 -0.172526 -0.258928 0.00394867 -0.0104471 0.25869 0.297401
140 0.281901 0.366613 0.0433272 -0.00339478 0.00128315 0.0432324 0.136239 -1.95788e-05 -0.00281182 0.00360692 7.36242e-05 -0.105164 -0.0695663 0.00193133 -0.00255734 0.0695031 0.0936393 0.118182 -0.00925984 0.00350002 0.117924 0.371616 -5.34045e-05 -0.00766973 0.00983849 0.000200823 -0.286853 -0.189754 0.00526802 -0.00697559 0.189582 0.255417
144 0.257779 0.381437 0.0227411 -0.00442272 0.00176551 0.02258 0.0844979 -0.000110067 -0.0018267 0.00448237 -2.34123e-05 -0.174832 -0.041051 0.00238778 -0.00160027 0.0410661 0.0919065 0.0596196 -0.0115949 0.00462858 0.0591973 0.221525 -0.00028856 -0.004789 0.0117513 -6.13793e-05 -0.45835 -0.107622 0.00625997 -0.00419538 0.107662 0.240948
148 0.232401 0.429773 0.010983 -0.00448636 0.0019828 0.0109332 0.0566929 9.29344e-05 -0.00156994 0.00445448 -0.000314404 -0.231693 -0.0376647 0.00195396 -0.00147917 0.0377515 0.111344 0.0255554 -0.0104389 0.0046136 0.0254395 0.131914 0.000216241 -0.00365295 0.0103647 -0.000731558 -0.539106 -0.0876387 0.00454649 -0.00344174 0.0878405 0.259076
152 0.205891 0.478841 0.011752 -0.00377667 0.0014024 0.0118679 0.0836159 0.00083491 -0.00180343 0.00375995 -0.000977604 -0.239774 -0.0553505 0.000546097 -0.00180372 0.0554644 0.122915 0.0245427 -0.00788711 0.00292874 0.0247847 0.174621 0.00174361 -0.00376625 0.00785221 -0.00204161 -0.500738 -0.115593 0.00114046 -0.00376684 0.115831 0.256692
156 0.178378 0.471984 0.017295 -0.00271223 0.000208476 0.0174255 0.14724 0.00169496 -0.00165173 0.00273821 -0.00167994 -0.202681 -0.0570138 -0.000948679 -0.00160798 0.0570877 0.0850024 0.0366432 -0.00574645 0.000441702 0.0369197 0.311959 0.00359115 -0.00349955 0.00580148 -0.00355932 -0.429424 -0.120796 -0.00200998 -0.00340686 0.120953 0.180096
160 0.0971232 0.405525 0.0176213 -0.00168092 -0.000799037 0.0175377 0.20402 0.00201011 -0.000555501 0.00165911 -0.00189564 -0.161318 -0.0137323 -0.00143524 -0.000379482 0.0136989 -0.000301772 0.0434531 -0.00414504 -0.00197038 0.0432468 0.503101 0.00495682 -0.00136983 0.00409125 -0.00467454 -0.3978 -0.0338631 -0.00353921 -0.00093578 0.0337806 -0.000744151
161 0.0357021 0.388398 0.0163866 -0.00145684 -0.000920112 0.0162265 0.213707 0.00196284 -0.000166747 0.00140446 -0.00184195 -0.155798 0.00310755 -0.0013336 4.18572e-05 -0.00317363 -0.0217936 0.0421904 -0.0037509 -0.002369 0.041778 0.550227 0.0050537 -0.000429319 0.00361603 -0.00474243 -0.40113 0.00800094 -0.0034336 0.000107769 -0.00817108 -0.0561116
162 0.0338871 0.374964 0.0146979 -0.00125 -0.000970361 0.0144592 0.221527 0.00186834 0.000237897 0.00116178 -0.00174838 -0.153224 0.0210217 -0.00114609 0.000475006 -0.0211203 -0.0402911 0.0391981 -0.00333366 -0.00258788 0.0385616 0.590795 0.00498273 0.000634452 0.00309837 -0.00466278 -0.408637 0.0560633 -0.00305653 0.0012668 -0.0563263 -0.107453
163 0.0320617 0.367336 0.0126533 -0.00106116 -0.000945598 0.0123384 0.22776 0.00173304 0.000638895 0.000934006 -0.00162049 -0.153836 0.0390838 -0.000881517 0.000898926 -0.0392134 -0.0541616 0.0344461 -0.00288881 -0.0025742 0.033589 0.620032 0.00471787 0.00173927 0.00254265 -0.00441146 -0.418789 0.106398 -0.00239976 0.00244715 -0.106751 -0.147444
164 0.0302266 0.36749 0.0103736 -0.000890602 -0.000844889 0.00998918 0.232819 0.00156542 0.00101615 0.000724015 -0.00146554 -0.157704 0.0563133 -0.000551821 0.0012924 -0.0564707 -0.0618843 0.0282282 -0.00242347 -0.00229908 0.0271822 0.633536 0.00425977 0.00276511 0.00197016 -0.00398797 -0.429139 0.153238 -0.00150159 0.00351682 -0.153666 -0.168397
165 0.0283823 0.377119 0.00799169 -0.000738222 -0.000670516 0.00754826 0.2372 0.00137533 0.00135043 0.000534472 -0.0012919 -0.164734 0.0717469 -0.000171198 0.00163549 -0.0719276 -0.0621619 0.0211914 -0.00195753 -0.001778 0.0200156 0.628981 0.00364695 0.00358092 0.00141725 -0.0034257 -0.436823 0.19025 -0.000453962 0.0043368 -0.190729 -0.164834
166 0.0265294 0.397487 0.00564171 -0.000603624 -0.000427778 0.00515314 0.241436 0.00117324 0.00162477 0.000367699 -0.00110841 -0.174682 0.0845104 0.000244843 0.00191096 -0.0847088 -0.0540239 0.0141935 -0.0015186 -0.00107621 0.0129643 0.607407 0.00295165 0.0040876 0.000925061 -0.00278856 -0.439466 0.212612 0.000615977 0.00480761 -0.213111 -0.135914
167 0.0246683 0.429314 0.00344846 -0.000486167 -0.000124643 0.00293121 0.246035 0.000969472 0.0018257 0.000225496 -0.00092382 -0.187176 0.0938861 0.000680445 0.00210551 -0.0940954 -0.0369151 0.00803249 -0.00113243 -0.000290331 0.00682766 0.573088 0.00225819 0.0042526 0.000525246 -0.00215185 -0.435989 0.218688 0.00158496 0.00490435 -0.219176 -0.0859861
168 0.0172754 0.472685 0.00151817 -0.000385023 0.000228692 0.000990256 0.25143 0.000773484 0.0019443 0.000108964 -0.000746099 -0.201747 0.0993696 0.00112033 0.00221074 -0.0995827 -0.0107611 0.0032118 -0.000814544 0.000483815 0.00209496 0.531918 0.00163636 0.00411332 0.000230521 -0.00157843 -0.42681 0.210224 0.00237013 0.00467699 -0.210675 -0.0227659
168.5 0.0109315 0.498537 0.000677873 -0.000340263 0.000420518 0.000151574 0.254529 0.000680975 0.00197136 6.04422e-05 -0.000661986 -0.209643 0.100563 0.00133745 0.00222875 -0.100775 0.00558986 0.00135973 -0.000682524 0.000843505 0.000304038 0.510553 0.00136595 0.00395428 0.000121239 -0.00132786 -0.420517 0.201717 0.00268275 0.00447058 -0.202142 0.0112125
169 0.0104622 0.526992 -6.89367e-05 -0.000299199 0.00062033 -0.000589036 0.257935 0.000593263 0.00197687 1.83635e-05 -0.000582004 -0.217852 0.100712 0.00155057 0.00222381 -0.100921 0.0239947 -0.000130812 -0.000567749 0.00117711 -0.00111773 0.489448 0.00112575 0.00375123 3.48459e-05 -0.00110439 -0.413388 0.191107 0.0029423 0.00421982 -0.191505 0.0455315
169.5 0.00999215 0.557866 -0.00071711 -0.000261686 0.000826465 -0.00122655 0.261661 0.000511039 0.00196124 -1.73884e-05 -0.000506741 -0.2263 0.0998284 0.00175826 0.00219649 -0.100033 0.0443163 -0.00128545 -0.000469084 0.00148148 -0.00219865 0.46904 0.000916061 0.00351562 -3.11695e-05 -0.000908357 -0.405653 0.178947 0.00315176 0.00393731 -0.179314 0.0794391
170 0.0095213 0.590932 -0.0012636 -0.000227571 0.00103723 -0.00175812 0.265713 0.000434858 0.00192524 -4.6992e-05 -0.000436672 -0.234913 0.0979431 0.00195926 0.00214769 -0.0981419 0.0663866 -0.00213832 -0.000385105 0.00175524 -0.00297517 0.449652 0.000735885 0.00325798 -7.95219e-05 -0.000738955 -0.39753 0.165744 0.00331554 0.00363442 -0.16608 0.112342
170.5 0.00904972 0.625924 -0.00170746 -0.000196695 0.0012509 -0.00218307 0.270084 0.000365127 0.00186994 -7.06875e-05 -0.000372149 -0.243618 0.0951039 0.00215244 0.00207868 -0.0952949 0.0900079 -0.0027279 -0.000314247 0.00199848 -0.00348776 0.431497 0.000583341 0.00298749 -0.000112933 -0.000594559 -0.389213 0.151942 0.00343883 0.00332099 -0.152247 0.1438
171 0.00857745 0.662539 -0.0020498 -0.000168893 0.00146575 -0.00250285 0.274756 0.000302111 0.00179675 -8.8775e-05 -0.000313406 -0.252341 0.0913752 0.00233688 0.00199104 -0.091557 0.114956 -0.00309385 -0.000254917 0.00221233 -0.00377766 0.414702 0.00045599 0.00271192 -0.000133992 -0.000473037 -0.380869 0.137917 0.00352716 0.00300516 -0.138191 0.173508
171.5 0.00810453 0.700444 -0.00229373 -0.000143994 0.00168009 -0.00272095 0.279702 0.000245935 0.00170737 -0.000101612 -0.00026056 -0.261011 0.086837 0.00251179 0.00188664 -0.0870084 0.140981 -0.00327468 -0.000205575 0.00239861 -0.0038846 0.399321 0.000351113 0.00243755 -0.000145068 -0.000371993 -0.372637 0.123974 0.00358599 0.00269349 -0.124219 0.201273
172 0.00763099 0.739273 -0.00244421 -0.000121823 0.00189223 -0.00284277 0.284882 0.000196584 0.00160374 -0.000109608 -0.000213616 -0.269561 0.0815835 0.00267655 0.00176762 -0.0817433 0.167813 -0.00330623 -0.000164788 0.00255958 -0.00384536 0.385355 0.000265915 0.00216935 -0.000148264 -0.000288954 -0.36463 0.110356 0.00362052 0.00239103 -0.110573 0.226997
172.5 0.00715688 0.778639 -0.00250788 -0.000102203 0.00210053 -0.00287548 0.29025 0.000153917 0.00148807 -0.00011322 -0.00017247 -0.277924 0.0757214 0.00283071 0.00163637 -0.0758687 0.195164 -0.00322085 -0.000131258 0.00269769 -0.00369296 0.372766 0.000197674 0.00191112 -0.000145408 -0.000221501 -0.356935 0.0972485 0.00363546 0.00210158 -0.0974376 0.250647
173 0.00668221 0.818135 -0.00249291 -8.49516e-05 0.0023034 -0.00282776 0.29575 0.000117676 0.00136274 -0.000112946 -0.000136924 -0.286037 0.0693682 0.00297395 0.00149545 -0.0695023 0.222732 -0.00304707 -0.000103836 0.00281542 -0.00345634 0.361493 0.000143835 0.00166566 -0.000138053 -0.000167361 -0.349621 0.0847881 0.00363504 0.00182787 -0.084952 0.272243
173.5 0.00620704 0.857343 -0.00240874 -6.98881e-05 0.00249932 -0.00270961 0.30132 8.74998e-05 0.00123027 -0.000109317 -0.000106694 -0.293842 0.0626496 0.00310611 0.00134756 -0.06277 0.250205 -0.00280954 -8.15171e-05 0.00291519 -0.00316047 0.351458 0.000102059 0.00143497 -0.000127507 -0.000124447 -0.342736 0.0730741 0.00362295 0.00157179 -0.0732146 0.291838
174 0.0057314 0.895835 -0.00226584 -5.68318e-05 0.00268684 -0.00253209 0.30689 6.29379e-05 0.00109329 -0.000102888 -8.14217e-05 -0.301284 0.0556977 0.00322713 0.00119553 -0.0558043 0.277267 -0.00252931 -6.344e-05 0.00299926 -0.00282652 0.342574 7.02561e-05 0.00122042 -0.000114852 -9.08892e-05 -0.336317 0.0621741 0.00360237 0.00133455 -0.062293 0.309507
174.5 0.00525531 0.933183 -0.00207546 -4.56044e-05 0.00286459 -0.00230706 0.312388 4.3469e-05 0.000954522 -9.42285e-05 -6.06915e-05 -0.308312 0.0486486 0.00333706 0.00104222 -0.0487412 0.303601 -0.00222406 -4.88697e-05 0.0030697 -0.00247224 0.334755 4.65814e-05 0.00102287 -0.000100975 -6.5037e-05 -0.330388 0.0521319 0.00357599 0.00111685 -0.0522312 0.325339
175 0.00477883 0.968966 -0.00184932 -3.60321e-05 0.0030313 -0.00204682 0.317739 2.85188e-05 0.000816654 -8.39137e-05 -4.40421e-05 -0.31488 0.0416395 0.00343605 0.000890502 -0.0417184 0.328891 -0.00190855 -3.71861e-05 0.00312839 -0.00211238 0.327915 2.94322e-05 0.000842809 -8.66013e-05 -4.54527e-05 -0.324965 0.0429731 0.0035461 0.000919023 -0.0430546 0.339425
175.5 0.00430199 1.00277 -0.00159936 -2.79471e-05 0.00318578 -0.00176392 0.322867 1.74784e-05 0.000682361 -7.25141e-05 -3.09844e-05 -0.320946 0.0348063 0.00352431 0.000743189 -0.0348721 0.352835 -0.00159494 -2.78699e-05 0.00317698 -0.00175905 0.321974 1.74301e-05 0.000680476 -7.23138e-05 -3.08988e-05 -0.320059 0.0347101 0.00351457 0.000741135 -0.0347757 0.35186
176 0.00382481 1.03421 -0.00133744 -2.11901e-05 0.00332696 -0.00147077 0.327696 9.72417e-06 0.000554232 -6.05847e-05 -2.10159e-05 -0.326472 0.0282814 0.00360211 0.000603013 -0.0283347 0.375138 -0.00129321 -2.04892e-05 0.00321692 -0.00142213 0.316858 9.40255e-06 0.000535901 -5.85809e-05 -2.03208e-05 -0.315674 0.027346 0.00348298 0.000583069 -0.0273976 0.362731
176.5 0.00334735 1.0629 -0.00107506 -1.56116e-05 0.00345385 -0.00117942 0.332155 4.6364e-06 0.000434722 -4.86547e-05 -1.3637e-05 -0.331423 0.0221909 0.00366976 0.00047256 -0.0222326 0.395527 -0.00101144 -1.46878e-05 0.00324947 -0.00110963 0.312499 4.36204e-06 0.000408997 -4.57755e-05 -1.283e-05 -0.311811 0.0208777 0.00345259 0.000444596 -0.0209169 0.372122
177 0.00286963 1.08851 -0.000823081 -1.10745e-05 0.0035656 -0.000901228 0.336174 1.61798e-06 0.000326115 -3.72183e-05 -8.36582e-06 -0.335773 0.0166522 0.00372756 0.000354228 -0.0166834 0.413749 -0.000756154 -1.0174e-05 0.00327567 -0.000827947 0.308839 1.48641e-06 0.000299598 -3.4192e-05 -7.68558e-06 -0.30847 0.0152982 0.00342447 0.000325425 -0.0153268 0.380106
177.5 0.00239169 1.11073 -0.000591479 -7.4555e-06 0.00366144 -0.000646628 0.33969 1.11817e-07 0.000230479 -2.67247e-05 -4.75245e-06 -0.339494 0.011772 0.00377583 0.000250188 -0.0117941 0.429575 -0.000532515 -6.71226e-06 0.00329643 -0.000582165 0.305827 1.0067e-07 0.000207503 -2.40605e-05 -4.27868e-06 -0.30565 0.0105985 0.00339942 0.000225246 -0.0106183 0.38675
178 0.00191357 1.12929 -0.000389126 -4.64715e-06 0.00374073 -0.000424887 0.342648 -3.83032e-07 0.000149632 -1.757e-05 -2.39218e-06 -0.342567 0.00764443 0.00381487 0.000162343 -0.00765871 0.442806 -0.000344576 -4.1151e-06 0.00331246 -0.000376242 0.303419 -3.39179e-07 0.000132501 -1.55585e-05 -2.1183e-06 -0.303347 0.00676923 0.00337812 0.000143757 -0.00678187 0.39211
178.5 0.00143531 1.14397 -0.000223569 -2.55916e-06 0.00380295 -0.00024389 0.345001 -2.97152e-07 8.5107e-05 -1.00892e-05 -9.37006e-07 -0.344975 0.00434875 0.00384494 9.22996e-05 -0.00435686 0.453276 -0.000195433 -2.23709e-06 0.00332435 -0.000213196 0.301582 -2.59755e-07 7.43963e-05 -8.81952e-06 -8.19084e-07 -0.30156 0.00380146 0.00336106 8.06837e-05 -0.00380855 0.396231
179 0.000956932 1.15458 -0.000100865 -1.11988e-06 0.00384769 -0.000109962 0.346709 2.14086e-08 3.81255e-05 -4.55006e-06 -1.0557e-07 -0.346703 0.00194837 0.00386626 4.13359e-05 -0.001952 0.46085 -8.73604e-05 -9.69942e-07 0.00333254 -9.52399e-05 0.300289 1.85423e-08 3.30211e-05 -3.94087e-06 -9.14359e-08 -0.300285 0.00168751 0.00334862 3.58016e-05 -0.00169066 0.399149
179.5 0.000478484 1.161 -2.54427e-05 -2.7733e-07 0.00387465 -2.7727e-05 0.347745 3.16881e-07 9.57663e-06 -1.14746e-06 3.08923e-07 -0.347744 0.000489445 0.00387898 1.03813e-05 -0.000490356 0.465434 -2.19144e-05 -2.38871e-07 0.00333733 -2.38819e-05 0.299521 2.72937e-07 8.24858e-06 -9.88334e-07 2.66082e-07 -0.299521 0.00042157 0.00334105 8.94162e-06 -0.000422356 0.40089
180 5.98114e-05 1.16315 7.22595e-18 -5.06707e-17 0.00388365 1.8848e-17 0.348092 4.32907e-07 -1.47055e-17 3.84641e-17 4.32907e-07 -0.348092 1.93147e-17 0.00388321 -2.0855e-17 -5.72676e-18 0.466969 6.21238e-18 -4.35632e-17 0.0033389 1.62043e-17 0.299266 3.72184e-07 -1.26428e-17 3.30689e-17 3.72184e-07 -0.299266 1.66055e-17 0.00333852 -1.79297e-17 -4.92348e-18 0.401468
