theta 2pi*dcos S11 S12 S13 S14 S21 S22 S23 S24 S31 S32 S33 S34 S41 S42 S43 S44 S12_norm S13_norm S14_norm S21_norm S22_norm S23_norm S24_norm S31_norm S32_norm S33_norm S34_norm S41_norm S42_norm S43_norm S44_norm
0 2.39246e-06 4.26023 1.91675e-17 1.79648e-18 0.000113717 1.8439e-17 4.25728 0.000288347 -2.04367e-18 1.31445e-18 -0.000288347 4.25728 1.87434e-18 0.000113726 2.46784e-18 -1.58376e-18 4.25445 4.49917e-18 4.21686e-19 2.66927e-05 4.32817e-18 0.999308 6.76834e-05 -4.79709e-19 3.08539e-19 -6.76834e-05 0.999308 4.39963e-19 2.66949e-05 5.79274e-19 -3.71755e-19 0.998643
0.1 1.91397e-05 4.26018 -8.49864e-07 -3.99212e-10 0.000113717 -8.49862e-07 4.25723 0.000288341 3.27521e-10 3.81085e-10 -0.000288341 4.25723 4.9849e-06 0.000113726 2.52032e-10 -4.9849e-06 4.2544 -1.9949e-07 -9.37079e-11 2.6693e-05 -1.9949e-07 0.999308 6.76829e-05 7.68796e-11 8.94527e-11 -6.76829e-05 0.999308 1.17012e-06 2.66951e-05 5.916e-11 -1.17011e-06 0.998643
0.2 3.82793e-05 4.26004 -3.39921e-06 -1.59683e-09 0.000113716 -3.3992e-06 4.25709 0.000288325 1.31003e-09 1.52432e-09 -0.000288325 4.25709 1.99391e-05 0.000113726 1.00808e-09 -1.99391e-05 4.25426 -7.97928e-07 -3.7484e-10 2.66937e-05 -7.97926e-07 0.999308 6.76812e-05 3.07516e-10 3.57819e-10 -6.76812e-05 0.999308 4.68049e-06 2.66959e-05 2.36637e-10 -4.68048e-06 0.998643
0.3 5.74188e-05 4.25981 -7.64728e-06 -3.59281e-09 0.000113716 -7.64726e-06 4.25686 0.000288298 2.94738e-09 3.42967e-09 -0.000288298 4.25686 4.48608e-05 0.000113725 2.26802e-09 -4.48608e-05 4.25403 -1.79522e-06 -8.43421e-10 2.6695e-05 -1.79521e-06 0.999308 6.76785e-05 6.91904e-10 8.05123e-10 -6.76785e-05 0.999308 1.05312e-05 2.66971e-05 5.32423e-10 -1.05312e-05 0.998643
0.4 7.65581e-05 4.25948 -1.35928e-05 -6.38707e-09 0.000113715 -1.35928e-05 4.25654 0.00028826 5.2393e-09 6.09705e-09 -0.00028826 4.25654 7.97475e-05 0.000113723 4.03162e-09 -7.97474e-05 4.2537 -3.19119e-06 -1.49949e-09 2.66968e-05 -3.19119e-06 0.999308 6.76748e-05 1.23003e-09 1.43141e-09 -6.76748e-05 0.999308 1.87223e-05 2.66989e-05 9.46505e-10 -1.87223e-05 0.998642
0.5 9.56972e-05 4.25906 -2.12341e-05 -9.97949e-09 0.000113713 -2.12341e-05 4.25612 0.00028821 8.18544e-09 9.52636e-09 -0.00028821 4.25612 0.000124595 0.000113722 6.29857e-09 -0.000124595 4.25328 -4.98564e-06 -2.34312e-09 2.66991e-05 -4.98562e-06 0.999308 6.76699e-05 1.92189e-09 2.23672e-09 -6.76699e-05 0.999308 2.92541e-05 2.67011e-05 1.47886e-09 -2.92541e-05 0.998642
0.6 0.000114836 4.25855 -3.05689e-05 -1.43699e-08 0.000113711 -3.05689e-05 4.2556 0.000288151 1.17853e-08 1.37174e-08 -0.000288151 4.2556 0.000179399 0.00011372 9.06847e-09 -0.000179399 4.25277 -7.17825e-06 -3.37437e-09 2.67019e-05 -7.17823e-06 0.999308 6.76639e-05 2.76745e-09 3.22115e-09 -6.76639e-05 0.999308 4.21267e-05 2.67039e-05 2.12947e-09 -4.21267e-05 0.998642
0.7 0.000133974 4.25795 -4.15945e-05 -1.95582e-08 0.000113709 -4.15944e-05 4.255 0.00028808 1.60384e-08 1.86702e-08 -0.00028808 4.255 0.000244153 0.000113718 1.23408e-08 -0.000244153 4.25217 -9.76867e-06 -4.59333e-09 2.67052e-05 -9.76865e-06 0.999307 6.76569e-05 3.76669e-09 4.38478e-09 -6.76569e-05 0.999307 5.73405e-05 2.67071e-05 2.8983e-09 -5.73405e-05 0.998642
0.8 0.000153112 4.25725 -5.43076e-05 -2.55441e-08 0.000113707 -5.43075e-05 4.2543 0.000287998 2.0944e-08 2.43843e-08 -0.000287998 4.2543 0.00031885 0.000113715 1.61151e-08 -0.00031885 4.25147 -1.27565e-05 -6.00013e-09 2.6709e-05 -1.27565e-05 0.999307 6.76488e-05 4.91959e-09 5.7277e-09 -6.76488e-05 0.999307 7.48957e-05 2.67109e-05 3.78532e-09 -7.48956e-05 0.998642
0.9 0.00017225 4.25646 -6.87045e-05 -3.23273e-08 0.000113704 -6.87043e-05 4.25351 0.000287905 2.65013e-08 3.08596e-08 -0.000287905 4.25351 0.000403481 0.000113712 2.03905e-08 -0.000403481 4.25068 -1.61412e-05 -7.59488e-09 2.67133e-05 -1.61412e-05 0.999307 6.76396e-05 6.22612e-09 7.25006e-09 -6.76396e-05 0.999307 9.47926e-05 2.67151e-05 4.79048e-09 -9.47926e-05 0.998641
1 0.000191387 4.25558 -8.4781e-05 -3.99077e-08 0.000113701 -8.47807e-05 4.25263 0.000287802 3.27094e-08 3.80958e-08 -0.000287802 4.25263 0.000498038 0.000113709 2.51664e-08 -0.000498038 4.2498 -1.99223e-05 -9.37773e-09 2.67182e-05 -1.99223e-05 0.999306 6.76293e-05 7.68624e-09 8.95197e-09 -6.76293e-05 0.999306 0.000117032 2.67199e-05 5.91374e-09 -0.000117032 0.998641
1.1 0.000210523 4.2546 -0.000102532 -4.82848e-08 0.000113698 -0.000102532 4.25165 0.000287688 3.95674e-08 4.60927e-08 -0.000287688 4.25165 0.000602511 0.000113705 3.04419e-08 -0.00060251 4.24882 -2.40991e-05 -1.13488e-08 2.67235e-05 -2.40991e-05 0.999306 6.7618e-05 9.2999e-09 1.08336e-08 -6.7618e-05 0.999306 0.000141614 2.67251e-05 7.15505e-09 -0.000141614 0.998641
1.2 0.000229659 4.25354 -0.000121953 -5.74584e-08 0.000113694 -0.000121953 4.25058 0.000287563 4.70742e-08 5.48499e-08 -0.000287563 4.25058 0.000716886 0.000113701 3.62161e-08 -0.000716886 4.24775 -2.8671e-05 -1.35084e-08 2.67294e-05 -2.86709e-05 0.999305 6.76055e-05 1.10671e-08 1.28951e-08 -6.76055e-05 0.999305 0.000168539 2.67309e-05 8.51434e-09 -0.000168539 0.99864
1.3 0.000248794 4.25238 -0.000143038 -6.7428e-08 0.00011369 -0.000143038 4.24942 0.000287427 5.52286e-08 6.4367e-08 -0.000287427 4.24942 0.000841153 0.000113696 4.24879e-08 -0.000841153 4.24659 -3.36372e-05 -1.58565e-08 2.67357e-05 -3.36371e-05 0.999305 6.7592e-05 1.29877e-08 1.51367e-08 -6.7592e-05 0.999305 0.000197808 2.67371e-05 9.99156e-09 -0.000197808 0.99864
1.4 0.000267929 4.25112 -0.000165781 -7.81933e-08 0.000113686 -0.00016578 4.24817 0.00028728 6.40293e-08 7.46438e-08 -0.00028728 4.24817 0.000975297 0.000113692 4.92562e-08 -0.000975297 4.24534 -3.89969e-05 -1.83936e-08 2.67426e-05 -3.89968e-05 0.999304 6.75774e-05 1.50617e-08 1.75586e-08 -6.75774e-05 0.999304 0.000229421 2.67439e-05 1.15866e-08 -0.000229421 0.998639
1.5 0.000287062 4.24978 -0.000190174 -8.97537e-08 0.000113682 -0.000190174 4.24682 0.000287122 7.34749e-08 8.56797e-08 -0.000287122 4.24682 0.0011193 0.000113686 5.65199e-08 -0.0011193 4.24399 -4.47493e-05 -2.11196e-08 2.675e-05 -4.47491e-05 0.999304 6.75617e-05 1.72891e-08 2.0161e-08 -6.75617e-05 0.999304 0.00026338 2.67511e-05 1.32995e-08 -0.000263379 0.998639
1.6 0.000306195 4.24834 -0.000216212 -1.02109e-07 0.000113677 -0.000216211 4.24538 0.000286954 8.35639e-08 9.74743e-08 -0.000286954 4.24538 0.00127316 0.000113681 6.42776e-08 -0.00127316 4.24255 -5.08933e-05 -2.4035e-08 2.67579e-05 -5.08931e-05 0.999303 6.75449e-05 1.96698e-08 2.29441e-08 -6.75449e-05 0.999303 0.000299684 2.67589e-05 1.51301e-08 -0.000299684 0.998638
1.7 0.000325327 4.24681 -0.000243886 -1.15258e-07 0.000113671 -0.000243885 4.24385 0.000286775 9.42948e-08 1.10027e-07 -0.000286775 4.24385 0.00143684 0.000113675 7.2528e-08 -0.00143684 4.24102 -5.7428e-05 -2.714e-08 2.67663e-05 -5.74278e-05 0.999303 6.75271e-05 2.22037e-08 2.59082e-08 -6.75271e-05 0.999303 0.000338334 2.67671e-05 1.70782e-08 -0.000338334 0.998638
1.8 0.000344457 4.24519 -0.000273187 -1.29201e-07 0.000113666 -0.000273187 4.24222 0.000286585 1.05666e-07 1.23338e-07 -0.000286585 4.24222 0.00161034 0.000113669 8.12696e-08 -0.00161034 4.2394 -6.43523e-05 -3.04348e-08 2.67752e-05 -6.43521e-05 0.999302 6.75081e-05 2.48907e-08 2.90536e-08 -6.75081e-05 0.999302 0.000379333 2.67759e-05 1.9144e-08 -0.000379332 0.998637
1.9 0.000363587 4.24347 -0.000304108 -1.43938e-07 0.00011366 -0.000304108 4.24051 0.000286384 1.17675e-07 1.37406e-07 -0.000286384 4.24051 0.00179363 0.000113662 9.05009e-08 -0.00179362 4.23769 -7.1665e-05 -3.39198e-08 2.67846e-05 -7.16649e-05 0.999301 6.74881e-05 2.77309e-08 3.23805e-08 -6.74881e-05 0.999301 0.000422679 2.67851e-05 2.13271e-08 -0.000422679 0.998637
2 0.000382716 4.24166 -0.00033664 -1.59466e-07 0.000113653 -0.000336639 4.2387 0.000286172 1.30321e-07 1.5223e-07 -0.000286172 4.2387 0.00198669 0.000113655 1.0022e-07 -0.00198669 4.23588 -7.93651e-05 -3.75952e-08 2.67945e-05 -7.93649e-05 0.9993 6.7467e-05 3.0724e-08 3.58892e-08 -6.7467e-05 0.9993 0.000468374 2.67949e-05 2.36276e-08 -0.000468374 0.998636
2.1 0.000401843 4.23977 -0.000370772 -1.75787e-07 0.000113647 -0.000370771 4.2368 0.00028595 1.43601e-07 1.6781e-07 -0.00028595 4.2368 0.0021895 0.000113648 1.10426e-07 -0.0021895 4.23398 -8.74511e-05 -4.14615e-08 2.6805e-05 -8.74509e-05 0.9993 6.74448e-05 3.387e-08 3.95801e-08 -6.74448e-05 0.999299 0.00051642 2.68051e-05 2.60453e-08 -0.00051642 0.998635
2.2 0.000420969 4.23778 -0.000406495 -1.92899e-07 0.00011364 -0.000406494 4.2348 0.000285717 1.57513e-07 1.84146e-07 -0.000285717 4.2348 0.00240204 0.00011364 1.21116e-07 -0.00240204 4.23199 -9.59218e-05 -4.55189e-08 2.68159e-05 -9.59215e-05 0.999299 6.74215e-05 3.71689e-08 4.34535e-08 -6.74215e-05 0.999299 0.000566816 2.68159e-05 2.85801e-08 -0.000566816 0.998635
2.3 0.000440094 4.23569 -0.000443798 -2.10801e-07 0.000113632 -0.000443797 4.23272 0.000285474 1.72056e-07 2.01237e-07 -0.000285474 4.23272 0.00262429 0.000113632 1.32289e-07 -0.00262429 4.22991 -0.000104776 -4.97677e-08 2.68274e-05 -0.000104775 0.999298 6.73971e-05 4.06205e-08 4.75098e-08 -6.73971e-05 0.999298 0.000619565 2.68271e-05 3.12318e-08 -0.000619565 0.998634
2.4 0.000459218 4.23352 -0.00048267 -2.29493e-07 0.000113625 -0.000482668 4.23054 0.000285219 1.87226e-07 2.19082e-07 -0.000285219 4.23054 0.00285622 0.000113623 1.43942e-07 -0.00285622 4.22773 -0.000114011 -5.42085e-08 2.68393e-05 -0.000114011 0.999297 6.73717e-05 4.42248e-08 5.17493e-08 -6.73717e-05 0.999297 0.000674667 2.68389e-05 3.40005e-08 -0.000674667 0.998633
2.5 0.00047834 4.23126 -0.000523099 -2.48974e-07 0.000113617 -0.000523098 4.22828 0.000284954 2.03022e-07 2.3768e-07 -0.000284954 4.22828 0.0030978 0.000113614 1.56074e-07 -0.0030978 4.22547 -0.000123627 -5.88416e-08 2.68518e-05 -0.000123627 0.999296 6.73451e-05 4.79816e-08 5.61724e-08 -6.73451e-05 0.999296 0.000732124 2.68511e-05 3.68859e-08 -0.000732124 0.998632
2.6 0.000497461 4.2289 -0.000565074 -2.69243e-07 0.000113608 -0.000565073 4.22592 0.000284679 2.19441e-07 2.57031e-07 -0.000284679 4.22592 0.00334902 0.000113605 1.68682e-07 -0.00334902 4.22311 -0.000133622 -6.36674e-08 2.68648e-05 -0.000133622 0.999295 6.73175e-05 5.18908e-08 6.07795e-08 -6.73175e-05 0.999295 0.000791936 2.68639e-05 3.98879e-08 -0.000791936 0.998631
2.7 0.00051658 4.22645 -0.000608582 -2.903e-07 0.0001136 -0.000608581 4.22347 0.000284393 2.3648e-07 2.77133e-07 -0.000284393 4.22347 0.00360984 0.000113595 1.81764e-07 -0.00360984 4.22066 -0.000143994 -6.86864e-08 2.68782e-05 -0.000143993 0.999294 6.72887e-05 5.59524e-08 6.55711e-08 -6.72887e-05 0.999293 0.000854105 2.68771e-05 4.30063e-08 -0.000854105 0.99863
2.8 0.000535698 4.22392 -0.000653611 -3.12143e-07 0.000113591 -0.000653609 4.22093 0.000284096 2.54137e-07 2.97987e-07 -0.000284096 4.22093 0.00388023 0.000113585 1.95318e-07 -0.00388023 4.21813 -0.00015474 -7.38989e-08 2.68922e-05 -0.00015474 0.999293 6.72589e-05 6.01662e-08 7.05475e-08 -6.72589e-05 0.999292 0.000918633 2.68909e-05 4.62411e-08 -0.000918632 0.998629
2.9 0.000554814 4.22129 -0.000700146 -3.34771e-07 0.000113581 -0.000700144 4.2183 0.000283789 2.72408e-07 3.1959e-07 -0.000283789 4.21829 0.00416016 0.000113574 2.09342e-07 -0.00416016 4.2155 -0.000165861 -7.93055e-08 2.69067e-05 -0.00016586 0.999292 6.7228e-05 6.4532e-08 7.57093e-08 -6.7228e-05 0.999291 0.00098552 2.69051e-05 4.9592e-08 -0.000985519 0.998628
3 0.000573928 4.21857 -0.000748174 -3.58185e-07 0.000113571 -0.000748172 4.21557 0.000283471 2.91292e-07 3.41944e-07 -0.000283471 4.21557 0.00444961 0.000113563 2.23833e-07 -0.00444961 4.21278 -0.000177353 -8.49067e-08 2.69218e-05 -0.000177352 0.99929 6.7196e-05 6.90499e-08 8.10568e-08 -6.7196e-05 0.99929 0.00105477 2.69199e-05 5.30589e-08 -0.00105477 0.998627
3.1 0.00059304 4.21576 -0.000797681 -3.82382e-07 0.000113561 -0.000797679 4.21276 0.000283142 3.10784e-07 3.65045e-07 -0.000283142 4.21276 0.00474854 0.000113552 2.38788e-07 -0.00474854 4.20997 -0.000189214 -9.07029e-08 2.69373e-05 -0.000189214 0.999289 6.71629e-05 7.37196e-08 8.65906e-08 -6.71629e-05 0.999289 0.00112638 2.69351e-05 5.66417e-08 -0.00112638 0.998626
3.2 0.000612151 4.21286 -0.000848652 -4.07361e-07 0.00011355 -0.00084865 4.20986 0.000282803 3.30882e-07 3.88894e-07 -0.000282803 4.20985 0.00505691 0.00011354 2.54204e-07 -0.00505691 4.20706 -0.000201443 -9.66948e-08 2.69533e-05 -0.000201443 0.999288 6.71287e-05 7.85411e-08 9.23113e-08 -6.71287e-05 0.999287 0.00120035 2.69509e-05 6.03401e-08 -0.00120035 0.998625
3.3 0.00063126 4.20987 -0.000901071 -4.33123e-07 0.000113539 -0.000901069 4.20686 0.000282454 3.51583e-07 4.1349e-07 -0.000282454 4.20686 0.00537471 0.000113528 2.7008e-07 -0.0053747 4.20407 -0.000214038 -1.02883e-07 2.69698e-05 -0.000214037 0.999287 6.70934e-05 8.35141e-08 9.82192e-08 -6.70934e-05 0.999286 0.00127669 2.69671e-05 6.4154e-08 -0.00127669 0.998624
3.4 0.000650367 4.20679 -0.000954924 -4.59665e-07 0.000113528 -0.000954922 4.20378 0.000282094 3.72883e-07 4.38831e-07 -0.000282094 4.20378 0.00570188 0.000113515 2.86412e-07 -0.00570187 4.20099 -0.000226996 -1.09267e-07 2.69869e-05 -0.000226996 0.999285 6.7057e-05 8.86386e-08 1.04315e-07 -6.7057e-05 0.999284 0.0013554 2.69839e-05 6.80832e-08 -0.0013554 0.998623
3.5 0.000669472 4.20362 -0.00101019 -4.86986e-07 0.000113516 -0.00101019 4.20061 0.000281724 3.9478e-07 4.64917e-07 -0.000281724 4.2006 0.00603839 0.000113502 3.03197e-07 -0.00603839 4.19782 -0.000240315 -1.15849e-07 2.70044e-05 -0.000240315 0.999284 6.70195e-05 9.39143e-08 1.10599e-07 -6.70195e-05 0.999283 0.00143648 2.70011e-05 7.21275e-08 -0.00143647 0.998621
3.6 0.000688575 4.20036 -0.00106686 -5.15087e-07 0.000113504 -0.00106686 4.19734 0.000281344 4.17269e-07 4.91746e-07 -0.000281344 4.19734 0.00638421 0.000113489 3.20432e-07 -0.00638421 4.19456 -0.000253994 -1.22629e-07 2.70225e-05 -0.000253993 0.999283 6.69809e-05 9.93412e-08 1.17072e-07 -6.69809e-05 0.999281 0.00151992 2.70188e-05 7.62868e-08 -0.00151992 0.99862
3.7 0.000707676 4.19701 -0.00112492 -5.43964e-07 0.000113492 -0.00112492 4.19399 0.000280953 4.40347e-07 5.19317e-07 -0.000280953 4.19399 0.0067393 0.000113475 3.38114e-07 -0.0067393 4.19121 -0.000268029 -1.29608e-07 2.7041e-05 -0.000268028 0.999281 6.69412e-05 1.04919e-07 1.23735e-07 -6.69412e-05 0.99928 0.00160574 2.70371e-05 8.05608e-08 -0.00160574 0.998619
3.8 0.000726775 4.19357 -0.00118434 -5.73617e-07 0.000113479 -0.00118434 4.19055 0.000280552 4.6401e-07 5.4763e-07 -0.000280552 4.19054 0.00710363 0.00011346 3.56241e-07 -0.00710362 4.18777 -0.000282418 -1.36785e-07 2.70601e-05 -0.000282417 0.99928 6.69004e-05 1.10648e-07 1.30588e-07 -6.69005e-05 0.999278 0.00169393 2.70558e-05 8.49493e-08 -0.00169393 0.998617
3.9 0.000745871 4.19004 -0.00124511 -6.04046e-07 0.000113465 -0.0012451 4.18702 0.00028014 4.88254e-07 5.76684e-07 -0.00028014 4.18701 0.00747714 0.000113446 3.74808e-07 -0.00747713 4.18424 -0.000297158 -1.44162e-07 2.70797e-05 -0.000297158 0.999278 6.68585e-05 1.16527e-07 1.37632e-07 -6.68586e-05 0.999276 0.0017845 2.7075e-05 8.94521e-08 -0.0017845 0.998616
4 0.000764965 4.18643 -0.00130721 -6.35248e-07 0.000113451 -0.0013072 4.1834 0.000279718 5.13077e-07 6.06476e-07 -0.000279719 4.18339 0.0078598 0.00011343 3.93813e-07 -0.00785979 4.18063 -0.000312248 -1.5174e-07 2.70998e-05 -0.000312248 0.999276 6.68156e-05 1.22557e-07 1.44867e-07 -6.68156e-05 0.999275 0.00187745 2.70948e-05 9.4069e-08 -0.00187745 0.998614
4.1 0.000784057 4.18272 -0.00137061 -6.67222e-07 0.000113437 -0.00137061 4.17969 0.000279287 5.38473e-07 6.37006e-07 -0.000279287 4.17968 0.00825156 0.000113415 4.13252e-07 -0.00825156 4.17692 -0.000327685 -1.59519e-07 2.71204e-05 -0.000327684 0.999275 6.67715e-05 1.28737e-07 1.52295e-07 -6.67715e-05 0.999273 0.00197277 2.7115e-05 9.87998e-08 -0.00197277 0.998613
4.2 0.000803147 4.17893 -0.00143532 -6.99968e-07 0.000113422 -0.00143531 4.17589 0.000278844 5.64439e-07 6.68273e-07 -0.000278845 4.17588 0.0086524 0.000113398 4.33122e-07 -0.00865239 4.17313 -0.000343465 -1.67499e-07 2.71415e-05 -0.000343464 0.999273 6.67263e-05 1.35068e-07 1.59915e-07 -6.67263e-05 0.999271 0.00207048 2.71357e-05 1.03644e-07 -0.00207048 0.998611
4.3 0.000822234 4.17505 -0.00150129 -7.33483e-07 0.000113407 -0.00150129 4.17201 0.000278392 5.90971e-07 7.00275e-07 -0.000278392 4.172 0.00906225 0.000113382 4.53419e-07 -0.00906225 4.16924 -0.000359586 -1.75682e-07 2.71631e-05 -0.000359585 0.999271 6.668e-05 1.41548e-07 1.67728e-07 -6.668e-05 0.999269 0.00217057 2.7157e-05 1.08602e-07 -0.00217057 0.998609
4.4 0.000841318 4.17108 -0.00156852 -7.67767e-07 0.000113392 -0.00156851 4.16804 0.00027793 6.18064e-07 7.33011e-07 -0.00027793 4.16802 0.00948108 0.000113365 4.7414e-07 -0.00948107 4.16527 -0.000376046 -1.84069e-07 2.71852e-05 -0.000376045 0.99927 6.66326e-05 1.48178e-07 1.75736e-07 -6.66326e-05 0.999267 0.00227305 2.71787e-05 1.13673e-07 -0.00227305 0.998608
4.5 0.0008604 4.16703 -0.00163698 -8.02817e-07 0.000113376 -0.00163697 4.16398 0.000277457 6.45715e-07 7.6648e-07 -0.000277458 4.16396 0.00990883 0.000113347 4.9528e-07 -0.00990883 4.16122 -0.000392841 -1.9266e-07 2.72079e-05 -0.00039284 0.999268 6.65841e-05 1.54958e-07 1.83939e-07 -6.65841e-05 0.999265 0.00237792 2.72009e-05 1.18857e-07 -0.00237791 0.998606
4.6 0.00087948 4.16288 -0.00170665 -8.38634e-07 0.000113359 -0.00170664 4.15983 0.000276975 6.73918e-07 8.0068e-07 -0.000276975 4.15981 0.0103455 0.000113329 5.16837e-07 -0.0103455 4.15707 -0.000409968 -2.01455e-07 2.7231e-05 -0.000409967 0.999266 6.65344e-05 1.61887e-07 1.92338e-07 -6.65345e-05 0.999263 0.00248517 2.72236e-05 1.24154e-07 -0.00248517 0.998604
4.7 0.000898556 4.15865 -0.00177751 -8.75214e-07 0.000113343 -0.00177751 4.15559 0.000276483 7.02669e-07 8.35611e-07 -0.000276483 4.15558 0.010791 0.00011331 5.38805e-07 -0.0107909 4.15284 -0.000427424 -2.10456e-07 2.72546e-05 -0.000427423 0.999264 6.64837e-05 1.68966e-07 2.00933e-07 -6.64838e-05 0.999261 0.00259482 2.72469e-05 1.29562e-07 -0.00259482 0.998602
4.8 0.00091763 4.15434 -0.00184954 -9.12557e-07 0.000113325 -0.00184954 4.15127 0.00027598 7.31965e-07 8.7127e-07 -0.00027598 4.15125 0.0112452 0.000113291 5.61182e-07 -0.0112452 4.14852 -0.000445207 -2.19664e-07 2.72788e-05 -0.000445206 0.999262 6.64319e-05 1.76193e-07 2.09726e-07 -6.64319e-05 0.999258 0.00270686 2.72706e-05 1.35084e-07 -0.00270686 0.9986
4.9 0.000936701 4.14993 -0.00192272 -9.50661e-07 0.000113307 -0.00192271 4.14686 0.000275468 7.61799e-07 9.07657e-07 -0.000275468 4.14684 0.0117082 0.000113272 5.83964e-07 -0.0117082 4.14411 -0.000463313 -2.29079e-07 2.73034e-05 -0.000463312 0.99926 6.63789e-05 1.83569e-07 2.18716e-07 -6.6379e-05 0.999256 0.0028213 2.72948e-05 1.40717e-07 -0.0028213 0.998598
5 0.00095577 4.14544 -0.00199702 -9.89525e-07 0.000113289 -0.00199701 4.14237 0.000274946 7.92168e-07 9.4477e-07 -0.000274946 4.14235 0.0121799 0.000113251 6.07146e-07 -0.0121799 4.13962 -0.000481738 -2.38702e-07 2.73286e-05 -0.000481737 0.999258 6.63248e-05 1.91094e-07 2.27906e-07 -6.63249e-05 0.999254 0.00293814 2.73195e-05 1.46461e-07 -0.00293814 0.998596
5.1 0.000974835 4.14087 -0.00207242 -1.02915e-06 0.00011327 -0.00207242 4.13779 0.000274414 8.23066e-07 9.82606e-07 -0.000274414 4.13776 0.0126602 0.000113231 6.30724e-07 -0.0126602 4.13504 -0.00050048 -2.48534e-07 2.73543e-05 -0.000500479 0.999256 6.62696e-05 1.98767e-07 2.37295e-07 -6.62697e-05 0.999251 0.00305738 2.73447e-05 1.52317e-07 -0.00305738 0.998594
5.2 0.000993897 4.1362 -0.0021489 -1.06952e-06 0.000113251 -0.0021489 4.13312 0.000273872 8.54489e-07 1.02117e-06 -0.000273872 4.1331 0.0131491 0.00011321 6.54694e-07 -0.0131491 4.13038 -0.000519535 -2.58576e-07 2.73804e-05 -0.000519534 0.999254 6.62133e-05 2.06588e-07 2.46885e-07 -6.62134e-05 0.999249 0.00317903 2.73704e-05 1.58284e-07 -0.00317903 0.998592
5.3 0.00101296 4.13146 -0.00222644 -1.11066e-06 0.000113231 -0.00222643 4.12837 0.00027332 8.86431e-07 1.06045e-06 -0.000273321 4.12834 0.0136465 0.000113188 6.79052e-07 -0.0136465 4.12563 -0.0005389 -2.6883e-07 2.74071e-05 -0.000538898 0.999252 6.61559e-05 2.14557e-07 2.56676e-07 -6.6156e-05 0.999246 0.00330308 2.73966e-05 1.64361e-07 -0.00330308 0.99859
5.4 0.00103201 4.12662 -0.00230501 -1.15254e-06 0.000113211 -0.002305 4.12353 0.000272759 9.18888e-07 1.10045e-06 -0.000272759 4.1235 0.0141524 0.000113166 7.03793e-07 -0.0141524 4.12079 -0.00055857 -2.79295e-07 2.74343e-05 -0.000558569 0.99925 6.60974e-05 2.22673e-07 2.6667e-07 -6.60975e-05 0.999243 0.00342955 2.74233e-05 1.70549e-07 -0.00342954 0.998588
5.5 0.00105107 4.12171 -0.00238458 -1.19518e-06 0.00011319 -0.00238458 4.1186 0.000272188 9.51855e-07 1.14117e-06 -0.000272189 4.11858 0.0146668 0.000113143 7.28913e-07 -0.0146668 4.11587 -0.000578543 -2.89972e-07 2.7462e-05 -0.000578541 0.999247 6.60377e-05 2.30937e-07 2.76868e-07 -6.60378e-05 0.999241 0.00355842 2.74505e-05 1.76847e-07 -0.00355842 0.998585
5.6 0.00107012 4.1167 -0.00246514 -1.23857e-06 0.000113169 -0.00246513 4.1136 0.000271607 9.85326e-07 1.1826e-06 -0.000271608 4.11357 0.0151894 0.00011312 7.54407e-07 -0.0151894 4.11087 -0.000598814 -3.00864e-07 2.74902e-05 -0.000598813 0.999245 6.59769e-05 2.39348e-07 2.87269e-07 -6.59771e-05 0.999238 0.00368971 2.74782e-05 1.83255e-07 -0.00368971 0.998583
5.7 0.00108916 4.11162 -0.00254666 -1.2827e-06 0.000113147 -0.00254665 4.1085 0.000271017 1.0193e-06 1.22475e-06 -0.000271018 4.10847 0.0157204 0.000113096 7.80272e-07 -0.0157204 4.10578 -0.000619381 -3.1197e-07 2.75189e-05 -0.000619379 0.999243 6.5915e-05 2.47906e-07 2.97876e-07 -6.59152e-05 0.999235 0.00382342 2.75064e-05 1.89773e-07 -0.00382342 0.99858
5.8 0.00110821 4.10645 -0.0026291 -1.32758e-06 0.000113125 -0.0026291 4.10333 0.000270418 1.05376e-06 1.26762e-06 -0.000270418 4.10329 0.0162597 0.000113071 8.06502e-07 -0.0162597 4.10061 -0.000640238 -3.23293e-07 2.75481e-05 -0.000640236 0.999241 6.5852e-05 2.56611e-07 3.0869e-07 -6.58522e-05 0.999232 0.00395955 2.75351e-05 1.96399e-07 -0.00395955 0.998578
5.9 0.00112725 4.10119 -0.00271246 -1.37321e-06 0.000113102 -0.00271245 4.09807 0.000269809 1.08871e-06 1.31119e-06 -0.000269809 4.09803 0.0168071 0.000113046 8.33092e-07 -0.0168071 4.09535 -0.000661382 -3.34832e-07 2.75778e-05 -0.00066138 0.999238 6.57878e-05 2.65462e-07 3.1971e-07 -6.5788e-05 0.999229 0.0040981 2.75643e-05 2.03134e-07 -0.0040981 0.998575
6 0.00172656 4.09586 -0.00279669 -1.41958e-06 0.000113079 -0.00279668 4.09272 0.00026919 1.12414e-06 1.35548e-06 -0.000269191 4.09269 0.0173626 0.000113021 8.60038e-07 -0.0173626 4.09001 -0.00068281 -3.46589e-07 2.7608e-05 -0.000682808 0.999236 6.57225e-05 2.74459e-07 3.30939e-07 -6.57227e-05 0.999226 0.00423908 2.7594e-05 2.09978e-07 -0.00423908 0.998573
6.2 0.00236869 4.08493 -0.00296769 -1.51453e-06 0.00011303 -0.00296768 4.08179 0.000267925 1.19644e-06 1.44617e-06 -0.000267926 4.08174 0.0184979 0.000112968 9.14979e-07 -0.0184979 4.07908 -0.000726497 -3.70761e-07 2.767e-05 -0.000726495 0.999231 6.55886e-05 2.9289e-07 3.54026e-07 -6.55888e-05 0.99922 0.00452832 2.76548e-05 2.23989e-07 -0.00452832 0.998567
6.4 0.00244479 4.07368 -0.0031419 -1.61244e-06 0.000112979 -0.00314189 4.07052 0.000266623 1.27059e-06 1.53969e-06 -0.000266623 4.07047 0.0196649 0.000112913 9.71285e-07 -0.0196649 4.06782 -0.000771268 -3.95819e-07 2.7734e-05 -0.000771266 0.999225 6.54501e-05 3.11902e-07 3.77959e-07 -6.54503e-05 0.999213 0.00482731 2.77176e-05 2.3843e-07 -0.00482731 0.998561
6.6 0.00252085 4.0621 -0.00331908 -1.71327e-06 0.000112926 -0.00331907 4.05893 0.000265283 1.34656e-06 1.636e-06 -0.000265285 4.05887 0.0208632 0.000112855 1.02892e-06 -0.0208632 4.05623 -0.000817086 -4.21771e-07 2.78e-05 -0.000817083 0.99922 6.5307e-05 3.31493e-07 4.02748e-07 -6.53073e-05 0.999206 0.00513607 2.77824e-05 2.53297e-07 -0.00513606 0.998555
6.8 0.00259689 4.05019 -0.00349902 -1.81702e-06 0.000112871 -0.00349901 4.04701 0.000263908 1.42429e-06 1.7351e-06 -0.000263909 4.04695 0.0220922 0.000112795 1.08783e-06 -0.0220922 4.04431 -0.000863915 -4.48626e-07 2.7868e-05 -0.000863913 0.999214 6.51594e-05 3.5166e-07 4.284e-07 -6.51597e-05 0.999199 0.00545461 2.78492e-05 2.68587e-07 -0.00545461 0.998549
7 0.00267289 4.03797 -0.00368149 -1.92367e-06 0.000112813 -0.00368148 4.03477 0.000262497 1.50374e-06 1.83698e-06 -0.000262498 4.0347 0.0233515 0.000112732 1.14798e-06 -0.0233515 4.03208 -0.000911719 -4.76397e-07 2.7938e-05 -0.000911716 0.999209 6.50072e-05 3.724e-07 4.54927e-07 -6.50076e-05 0.999191 0.00578298 2.7918e-05 2.84298e-07 -0.00578297 0.998542
7.2 0.00274886 4.02542 -0.00386625 -2.0332e-06 0.000112752 -0.00386624 4.02221 0.00026105 1.58485e-06 1.94161e-06 -0.000261052 4.02213 0.0246404 0.000112666 1.20934e-06 -0.0246403 4.01952 -0.000960458 -5.05091e-07 2.80101e-05 -0.000960456 0.999203 6.48505e-05 3.93711e-07 4.82338e-07 -6.48508e-05 0.999183 0.00612119 2.79887e-05 3.00425e-07 -0.00612118 0.998535
7.4 0.0028248 4.01256 -0.00405306 -2.1456e-06 0.000112689 -0.00405305 4.00934 0.000259569 1.66758e-06 2.04899e-06 -0.000259571 4.00925 0.0259583 0.000112598 1.27184e-06 -0.0259583 4.00665 -0.00101009 -5.34721e-07 2.80841e-05 -0.00101009 0.999196 6.46891e-05 4.15591e-07 5.10643e-07 -6.46895e-05 0.999174 0.00646927 2.80614e-05 3.16966e-07 -0.00646927 0.998527
7.6 0.00290071 3.99939 -0.00424169 -2.26084e-06 0.000112624 -0.00424168 3.99615 0.000258053 1.75187e-06 2.15909e-06 -0.000258055 3.99605 0.0273049 0.000112527 1.33546e-06 -0.0273048 3.99347 -0.00106058 -5.65297e-07 2.81602e-05 -0.00106058 0.99919 6.45231e-05 4.38035e-07 5.39854e-07 -6.45235e-05 0.999165 0.00682726 2.81361e-05 3.33916e-07 -0.00682725 0.99852
7.8 0.00297657 3.98591 -0.00443188 -2.37891e-06 0.000112555 -0.00443186 3.98265 0.000256503 1.83767e-06 2.27189e-06 -0.000256505 3.98254 0.0286793 0.000112453 1.40014e-06 -0.0286793 3.97998 -0.00111189 -5.96831e-07 2.82383e-05 -0.00111188 0.999184 6.43524e-05 4.61042e-07 5.69981e-07 -6.4353e-05 0.999156 0.00719517 2.82127e-05 3.51273e-07 -0.00719517 0.998511
8 0.00305241 3.97212 -0.00462337 -2.49979e-06 0.000112484 -0.00462336 3.96885 0.000254919 1.92492e-06 2.38738e-06 -0.000254922 3.96873 0.0300811 0.000112377 1.46584e-06 -0.0300811 3.96617 -0.00116396 -6.29335e-07 2.83184e-05 -0.00116395 0.999177 6.41771e-05 4.84608e-07 6.01035e-07 -6.41777e-05 0.999146 0.00757306 2.82913e-05 3.69031e-07 -0.00757305 0.998503
8.2 0.0031282 3.95803 -0.00481593 -2.62346e-06 0.00011241 -0.00481592 3.95474 0.000253303 2.01357e-06 2.50555e-06 -0.000253305 3.95461 0.0315096 0.000112297 1.5325e-06 -0.0315096 3.95207 -0.00121675 -6.62821e-07 2.84005e-05 -0.00121675 0.99917 6.39972e-05 5.08731e-07 6.33029e-07 -6.39978e-05 0.999136 0.00796093 2.83719e-05 3.87188e-07 -0.00796093 0.998494
8.4 0.00320396 3.94364 -0.00500929 -2.74991e-06 0.000112333 -0.00500927 3.94034 0.000251654 2.10356e-06 2.62636e-06 -0.000251656 3.94019 0.0329642 0.000112214 1.60009e-06 -0.0329642 3.93766 -0.00127022 -6.97302e-07 2.84846e-05 -0.00127022 0.999163 6.38125e-05 5.33406e-07 6.65974e-07 -6.38132e-05 0.999126 0.00835883 2.84544e-05 4.0574e-07 -0.00835883 0.998485
8.6 0.00327968 3.92895 -0.00520318 -2.8791e-06 0.000112253 -0.00520317 3.92564 0.000249972 2.19483e-06 2.74981e-06 -0.000249975 3.92547 0.0344443 0.000112128 1.66855e-06 -0.0344443 3.92296 -0.00132432 -7.3279e-07 2.85707e-05 -0.00132431 0.999155 6.36231e-05 5.5863e-07 6.99885e-07 -6.36239e-05 0.999114 0.0087668 2.85389e-05 4.24681e-07 -0.00876679 0.998475
8.8 0.00335535 3.91397 -0.00539735 -3.01102e-06 0.00011217 -0.00539734 3.91064 0.00024826 2.28733e-06 2.87588e-06 -0.000248263 3.91046 0.0359493 0.000112039 1.73783e-06 -0.0359493 3.90797 -0.001379 -7.693e-07 2.86588e-05 -0.00137899 0.999148 6.34291e-05 5.844e-07 7.34772e-07 -6.34299e-05 0.999103 0.00918485 2.86254e-05 4.44008e-07 -0.00918485 0.998465
9 0.00343099 3.89871 -0.00559153 -3.14566e-06 0.000112084 -0.00559151 3.89535 0.000246516 2.38099e-06 3.00454e-06 -0.00024652 3.89516 0.0374784 0.000111947 1.80789e-06 -0.0374784 3.89268 -0.0014342 -8.06846e-07 2.87489e-05 -0.0014342 0.99914 6.32302e-05 6.10713e-07 7.7065e-07 -6.32312e-05 0.999091 0.00961303 2.87138e-05 4.63716e-07 -0.00961303 0.998454
9.2 0.00350659 3.88315 -0.00578544 -3.28298e-06 0.000111994 -0.00578542 3.87978 0.000244742 2.47576e-06 3.13577e-06 -0.000244746 3.87957 0.039031 0.000111851 1.87867e-06 -0.039031 3.87711 -0.00148988 -8.45442e-07 2.8841e-05 -0.00148988 0.999132 6.30267e-05 6.37564e-07 8.07533e-07 -6.30277e-05 0.999078 0.0100514 2.88042e-05 4.838e-07 -0.0100514 0.998443
9.4 0.00358214 3.86732 -0.00597881 -3.42297e-06 0.000111901 -0.00597879 3.86393 0.000242938 2.57157e-06 3.26957e-06 -0.000242943 3.8637 0.0406065 0.000111752 1.95012e-06 -0.0406065 3.86125 -0.00154598 -8.85102e-07 2.89351e-05 -0.00154598 0.999124 6.28183e-05 6.64949e-07 8.45435e-07 -6.28194e-05 0.999065 0.0104999 2.88965e-05 5.04257e-07 -0.0104999 0.998431
9.6 0.00365765 3.8512 -0.00617138 -3.5656e-06 0.000111805 -0.00617136 3.8478 0.000241105 2.66837e-06 3.40589e-06 -0.00024111 3.84755 0.0422042 0.000111649 2.02219e-06 -0.0422042 3.84512 -0.00160245 -9.25842e-07 2.90312e-05 -0.00160245 0.999115 6.26051e-05 6.92865e-07 8.84371e-07 -6.26063e-05 0.999052 0.0109587 2.89908e-05 5.25081e-07 -0.0109587 0.998419
9.8 0.00373311 3.83481 -0.00636285 -3.71086e-06 0.000111706 -0.00636283 3.83139 0.000239243 2.76608e-06 3.54473e-06 -0.000239248 3.83112 0.0438233 0.000111543 2.09483e-06 -0.0438233 3.8287 -0.00165923 -9.67678e-07 2.91293e-05 -0.00165923 0.999107 6.23871e-05 7.21308e-07 9.24355e-07 -6.23885e-05 0.999037 0.0114278 2.9087e-05 5.46266e-07 -0.0114277 0.998407
10 0.00380853 3.81816 -0.00655296 -3.85872e-06 0.000111602 -0.00655294 3.81471 0.000237353 2.86466e-06 3.68606e-06 -0.000237358 3.81442 0.0454632 0.000111433 2.16798e-06 -0.0454632 3.81202 -0.00171626 -1.01063e-06 2.92294e-05 -0.00171626 0.999098 6.21643e-05 7.50273e-07 9.65404e-07 -6.21657e-05 0.999023 0.0119071 2.91851e-05 5.67809e-07 -0.0119071 0.998393
10.2 0.0038839 3.80123 -0.00674143 -4.00916e-06 0.000111495 -0.0067414 3.79777 0.000235435 2.96403e-06 3.82986e-06 -0.000235441 3.79746 0.0471232 0.00011132 2.24159e-06 -0.0471232 3.79507 -0.00177349 -1.0547e-06 2.93314e-05 -0.00177348 0.999089 6.19366e-05 7.79755e-07 1.00753e-06 -6.19382e-05 0.999007 0.0123968 2.92852e-05 5.89702e-07 -0.0123968 0.99838
10.4 0.00395923 3.78404 -0.00692796 -4.16216e-06 0.000111385 -0.00692794 3.78056 0.000233491 3.06413e-06 3.97612e-06 -0.000233497 3.78022 0.0488025 0.000111203 2.31561e-06 -0.0488025 3.77785 -0.00183084 -1.09992e-06 2.94355e-05 -0.00183083 0.99908 6.1704e-05 8.09751e-07 1.05076e-06 -6.17057e-05 0.998991 0.0128969 2.93873e-05 6.11942e-07 -0.0128969 0.998365
10.6 0.0040345 3.76659 -0.00711229 -4.31768e-06 0.000111271 -0.00711226 3.76309 0.000231519 3.1649e-06 4.12479e-06 -0.000231526 3.76273 0.0505005 0.000111081 2.38999e-06 -0.0505005 3.76038 -0.00188826 -1.14631e-06 2.95415e-05 -0.00188825 0.99907 6.14666e-05 8.40256e-07 1.0951e-06 -6.14684e-05 0.998975 0.0134075 2.94912e-05 6.34522e-07 -0.0134075 0.99835
10.8 0.00410973 3.74889 -0.00729412 -4.47571e-06 0.000111153 -0.00729409 3.74537 0.000229523 3.26627e-06 4.27587e-06 -0.00022953 3.74498 0.0522163 0.000110956 2.46466e-06 -0.0522163 3.74265 -0.00194568 -1.19388e-06 2.96495e-05 -0.00194567 0.99906 6.12242e-05 8.71264e-07 1.14057e-06 -6.12262e-05 0.998957 0.0139285 2.95971e-05 6.57437e-07 -0.0139285 0.998335
11 0.00418491 3.73093 -0.00747317 -4.63623e-06 0.00011103 -0.00747315 3.72739 0.000227501 3.36818e-06 4.42934e-06 -0.000227509 3.72698 0.0539494 0.000110827 2.53957e-06 -0.0539493 3.72466 -0.00200303 -1.24265e-06 2.97594e-05 -0.00200302 0.99905 6.09768e-05 9.02771e-07 1.18719e-06 -6.0979e-05 0.998939 0.01446 2.97049e-05 6.8068e-07 -0.01446 0.998319
11.2 0.00426003 3.71273 -0.00764916 -4.7992e-06 0.000110904 -0.00764914 3.70917 0.000225454 3.47056e-06 4.58516e-06 -0.000225462 3.70872 0.0556988 0.000110694 2.61468e-06 -0.0556988 3.70643 -0.00206025 -1.29263e-06 2.98713e-05 -0.00206024 0.99904 6.07245e-05 9.34772e-07 1.23498e-06 -6.07268e-05 0.998921 0.0150021 2.98147e-05 7.04246e-07 -0.0150021 0.998302
11.4 0.00433511 3.69429 -0.00782181 -4.96461e-06 0.000110774 -0.00782178 3.6907 0.000223383 3.57334e-06 4.74331e-06 -0.000223393 3.69023 0.0574639 0.000110556 2.68992e-06 -0.0574638 3.68795 -0.00211727 -1.34386e-06 2.99852e-05 -0.00211726 0.99903 6.04672e-05 9.67261e-07 1.28396e-06 -6.04697e-05 0.998901 0.0155548 2.99263e-05 7.28128e-07 -0.0155548 0.998285
11.6 0.00441013 3.67561 -0.00799082 -5.13242e-06 0.00011064 -0.00799079 3.672 0.000221289 3.67646e-06 4.90378e-06 -0.000221299 3.67149 0.0592439 0.000110415 2.76523e-06 -0.0592438 3.66923 -0.00217401 -1.39635e-06 3.01011e-05 -0.00217401 0.999019 6.02049e-05 1.00023e-06 1.33414e-06 -6.02076e-05 0.998881 0.0161181 3.00399e-05 7.5232e-07 -0.0161181 0.998266
11.8 0.0044851 3.65669 -0.00815591 -5.30262e-06 0.000110501 -0.00815588 3.65306 0.000219173 3.77985e-06 5.06653e-06 -0.000219183 3.65252 0.061038 0.000110269 2.84057e-06 -0.061038 3.65028 -0.00223041 -1.45012e-06 3.02189e-05 -0.0022304 0.999008 5.99375e-05 1.03368e-06 1.38555e-06 -5.99404e-05 0.99886 0.0166921 3.01553e-05 7.76815e-07 -0.0166921 0.998248
12 0.0139046 3.63754 -0.0083168 -5.47518e-06 0.000110358 -0.00831677 3.63389 0.000217034 3.88345e-06 5.23154e-06 -0.000217046 3.63332 0.0628455 0.000110118 2.91588e-06 -0.0628455 3.6311 -0.00228638 -1.50519e-06 3.03386e-05 -0.00228637 0.998997 5.96651e-05 1.0676e-06 1.43821e-06 -5.96682e-05 0.998838 0.0172769 3.02727e-05 8.01607e-07 -0.0172769 0.998228
13 0.0246683 3.53851 -0.00904835 -6.37238e-06 0.000109575 -0.00904831 3.53474 0.000206034 4.40214e-06 6.08964e-06 -0.000206049 3.53397 0.0720563 0.000109297 3.28995e-06 -0.0720563 3.53185 -0.00255711 -1.80087e-06 3.09666e-05 -0.0025571 0.998937 5.82263e-05 1.24407e-06 1.72096e-06 -5.82306e-05 0.998717 0.0203635 3.0888e-05 9.29757e-07 -0.0203635 0.998118
14 0.0265294 3.43438 -0.00963284 -7.32447e-06 0.000108673 -0.0096328 3.4305 0.000194582 4.91581e-06 7.00043e-06 -0.000194602 3.42948 0.0814837 0.000108355 3.65481e-06 -0.0814836 3.42747 -0.00280483 -2.13269e-06 3.16426e-05 -0.00280481 0.99887 5.66571e-05 1.43135e-06 2.03834e-06 -5.6663e-05 0.998572 0.0237259 3.155e-05 1.06418e-06 -0.0237259 0.997986
15 0.0283823 3.32574 -0.0100366 -8.32789e-06 0.000107641 -0.0100365 3.32173 0.000182764 5.41602e-06 7.96053e-06 -0.00018279 3.32041 0.0910275 0.000107282 4.00355e-06 -0.0910275 3.31852 -0.00301785 -2.50407e-06 3.23659e-05 -0.00301783 0.998795 5.49545e-05 1.62852e-06 2.39361e-06 -5.49624e-05 0.998399 0.0273706 3.2258e-05 1.20381e-06 -0.0273706 0.997829
16 0.0302266 3.21316 -0.0102277 -9.37895e-06 0.00010647 -0.0102276 3.20902 0.000170667 5.89449e-06 8.9664e-06 -0.0001707 3.20736 0.100587 0.000106069 4.32944e-06 -0.100587 3.20558 -0.00318307 -2.91892e-06 3.31357e-05 -0.00318305 0.998713 5.3115e-05 1.83448e-06 2.79052e-06 -5.31254e-05 0.998195 0.0313048 3.30109e-05 1.34741e-06 -0.0313048 0.997642
17 0.0320617 3.09724 -0.010177 -1.04738e-05 0.000105154 -0.0101769 3.09297 0.000158378 6.34317e-06 1.00143e-05 -0.00015842 3.09091 0.110063 0.000104711 4.62603e-06 -0.110063 3.08925 -0.00328581 -3.38165e-06 3.39508e-05 -0.00328579 0.998621 5.11352e-05 2.04801e-06 3.23331e-06 -5.11487e-05 0.997955 0.0355358 3.38077e-05 1.4936e-06 -0.0355358 0.997421
18 0.0338871 2.97858 -0.00985818 -1.16084e-05 0.000103684 -0.0098581 2.97418 0.000145985 6.7544e-06 1.11005e-05 -0.000146037 2.97166 0.119356 0.000103198 4.88727e-06 -0.119356 2.97013 -0.00330969 -3.8973e-06 3.48099e-05 -0.00330966 0.99852 4.90116e-05 2.26766e-06 3.72678e-06 -4.90289e-05 0.997674 0.0400713 3.46468e-05 1.6408e-06 -0.0400713 0.997161
19 0.0357021 2.85779 -0.00924888 -1.27788e-05 0.000102056 -0.00924879 2.85324 0.000133575 7.12099e-06 1.2221e-05 -0.000133638 2.8502 0.12837 0.000101527 5.10757e-06 -0.12837 2.84881 -0.00323638 -4.47157e-06 3.57114e-05 -0.00323635 0.998409 4.67408e-05 2.49179e-06 4.27638e-06 -4.67628e-05 0.997346 0.0449194 3.55266e-05 1.78725e-06 -0.0449193 0.996858
20 0.0375062 2.73544 -0.0083307 -1.39806e-05 0.000100263 -0.0083306 2.73075 0.000121234 7.43635e-06 1.33716e-05 -0.000121309 2.72714 0.137013 9.96927e-05 5.28191e-06 -0.137013 2.72588 -0.00304547 -5.11091e-06 3.66532e-05 -0.00304543 0.998286 4.43197e-05 2.71852e-06 4.88828e-06 -4.43472e-05 0.996965 0.0500882 3.64449e-05 1.93092e-06 -0.0500882 0.996505
21 0.0392989 2.61213 -0.00708981 -1.52095e-05 9.83025e-05 -0.0070897 2.6073 0.000109044 7.69452e-06 1.45481e-05 -0.000109133 2.60305 0.145199 9.76917e-05 5.40591e-06 -0.145198 2.60193 -0.00271418 -5.82263e-06 3.76331e-05 -0.00271414 0.99815 4.17452e-05 2.94569e-06 5.56945e-06 -4.17794e-05 0.996524 0.0555862 3.73992e-05 2.06954e-06 -0.0555862 0.996095
22 0.0410797 2.48843 -0.00551721 -1.6461e-05 9.61731e-05 -0.00551708 2.48346 9.70858e-05 7.89035e-06 1.57463e-05 -9.71907e-05 2.47851 0.152844 9.55227e-05 5.4759e-06 -0.152844 2.47754 -0.00221714 -6.61502e-06 3.8648e-05 -0.00221709 0.998001 3.90148e-05 3.17081e-06 6.32778e-06 -3.9057e-05 0.996014 0.0614216 3.83867e-05 2.20054e-06 -0.0614216 0.995622
23 0.0428479 2.3649 -0.00360897 -1.77306e-05 9.38738e-05 -0.00360884 2.35978 8.54355e-05 8.01948e-06 1.69614e-05 -8.55576e-05 2.35408 0.159873 9.31856e-05 5.48894e-06 -0.159873 2.35325 -0.00152606 -7.49742e-06 3.96947e-05 -0.001526 0.997836 3.61265e-05 3.39105e-06 7.17218e-06 -3.61782e-05 0.995429 0.0676026 3.94037e-05 2.32101e-06 -0.0676025 0.995076
24 0.0446031 2.24205 -0.0013664 -1.90135e-05 9.14061e-05 -0.00136625 2.23679 7.41653e-05 8.07844e-06 1.81891e-05 -7.43059e-05 2.2303 0.166218 9.06818e-05 5.4429e-06 -0.166218 2.22961 -0.000609439 -8.48039e-06 4.07689e-05 -0.000609373 0.997654 3.30792e-05 3.60315e-06 8.11268e-06 -3.31419e-05 0.994757 0.0741367 4.04459e-05 2.42764e-06 -0.0741366 0.994448
25 0.0463447 2.12041 0.00120398 -2.03048e-05 8.87726e-05 0.00120414 2.11502 6.33423e-05 8.0647e-06 1.94243e-05 -6.3503e-05 2.10766 0.171819 8.80146e-05 5.33648e-06 -0.171819 2.10712 0.000567804 -9.57587e-06 4.18657e-05 0.000567882 0.997454 2.98726e-05 3.80336e-06 9.16064e-06 -2.99484e-05 0.993987 0.0810309 4.15082e-05 2.51672e-06 -0.0810309 0.99373
26 0.0480722 2.00045 0.00409038 -2.15996e-05 8.59778e-05 0.00409056 1.99492 5.30283e-05 7.97666e-06 2.06623e-05 -5.32104e-05 1.98667 0.176623 8.51886e-05 5.16921e-06 -0.176623 1.98627 0.00204473 -1.07973e-05 4.29792e-05 0.00204482 0.997234 2.65081e-05 3.98742e-06 1.03288e-05 -2.65992e-05 0.993109 0.0882914 4.25846e-05 2.58402e-06 -0.0882913 0.992908
27 0.049785 1.88263 0.00727595 -2.28926e-05 8.30278e-05 0.00727615 1.87696 4.32793e-05 7.81373e-06 2.1898e-05 -4.34842e-05 1.86777 0.180586 8.221e-05 4.94144e-06 -0.180586 1.86751 0.00386479 -1.21599e-05 4.41021e-05 0.00386489 0.996991 2.29888e-05 4.15044e-06 1.16316e-05 -2.30976e-05 0.992107 0.0959224 4.36677e-05 2.62476e-06 -0.0959223 0.99197
28 0.0514827 1.76735 0.010739 -2.41786e-05 7.993e-05 0.0107392 1.76156 3.41451e-05 7.57627e-06 2.3126e-05 -3.43738e-05 1.75139 0.183674 7.90868e-05 4.65438e-06 -0.183674 1.75127 0.0060763 -1.36807e-05 4.52259e-05 0.00607643 0.996723 1.93199e-05 4.2868e-06 1.30851e-05 -1.94493e-05 0.990968 0.103927 4.47488e-05 2.63354e-06 -0.103926 0.990903
29 0.0531646 1.655 0.0144531 -2.5452e-05 7.66937e-05 0.0144533 1.64909 2.56689e-05 7.26562e-06 2.43409e-05 -2.59224e-05 1.63791 0.185862 7.58281e-05 4.31003e-06 -0.185862 1.63794 0.00873296 -1.53788e-05 4.63406e-05 0.00873311 0.996428 1.55099e-05 4.3901e-06 1.47075e-05 -1.56631e-05 0.989675 0.112304 4.58176e-05 2.60425e-06 -0.112303 0.98969
30 0.0548304 1.54593 0.0183877 -2.67072e-05 7.33293e-05 0.018388 1.5399 1.78871e-05 6.88407e-06 2.55371e-05 -1.81663e-05 1.5277 0.187134 7.24447e-05 3.91116e-06 -0.187134 1.52786 0.0118943 -1.72758e-05 4.74338e-05 0.0118945 0.996102 1.15705e-05 4.45303e-06 1.6519e-05 -1.17511e-05 0.988209 0.12105 4.68616e-05 2.52998e-06 -0.12105 0.988315
31 0.0564795 1.44044 0.0225087 -2.79382e-05 6.98486e-05 0.022509 1.43431 1.08295e-05 6.43479e-06 2.67089e-05 -1.1135e-05 1.42106 0.187483 6.89485e-05 3.46125e-06 -0.187483 1.42136 0.0156263 -1.93956e-05 4.84912e-05 0.0156265 0.995742 7.51818e-06 4.46724e-06 1.85422e-05 -7.73025e-06 0.98655 0.130157 4.78663e-05 2.40292e-06 -0.130157 0.986756
32 0.0581114 1.3388 0.0267784 -2.91391e-05 6.62646e-05 0.0267787 1.33257 4.51854e-06 5.92184e-06 2.78501e-05 -4.8507e-06 1.31829 0.186912 6.53525e-05 2.96448e-06 -0.186911 1.31871 0.0200017 -2.1765e-05 4.94954e-05 0.0200019 0.995345 3.37506e-06 4.42323e-06 2.08022e-05 -3.62316e-06 0.984674 0.139611 4.88141e-05 2.21427e-06 -0.139611 0.984993
33 0.0597256 1.24126 0.0311564 -3.03035e-05 6.25914e-05 0.0311567 1.23493 -1.03012e-06 5.35004e-06 2.89546e-05 6.71084e-07 1.2196 0.185431 6.16708e-05 2.42559e-06 -0.185431 1.22016 0.0251007 -2.44136e-05 5.04258e-05 0.0251009 0.994906 -8.29905e-07 4.31018e-06 2.33268e-05 5.40649e-07 0.982556 0.14939 4.96842e-05 1.95414e-06 -0.14939 0.983002
34 0.0613216 1.14799 0.0356003 -3.1425e-05 5.88439e-05 0.0356007 1.14158 -5.80787e-06 4.72496e-06 3.00159e-05 5.42202e-06 1.12522 0.183062 5.79185e-05 1.84989e-06 -0.183062 1.1259 0.0310111 -2.7374e-05 5.12583e-05 0.0310114 0.994422 -5.05918e-06 4.11587e-06 2.61465e-05 4.72307e-06 0.980169 0.159464 5.04522e-05 1.61142e-06 -0.159464 0.980756
35 0.0628989 1.05915 0.0400662 -3.24969e-05 5.50379e-05 0.0400666 1.05268 -9.8129e-06 4.05281e-06 3.10275e-05 9.40057e-06 1.0353 0.179833 5.4111e-05 1.24311e-06 -0.179833 1.03609 0.0378285 -3.06819e-05 5.1964e-05 0.0378288 0.993887 -9.26484e-06 3.82646e-06 2.92946e-05 8.87554e-06 0.977481 0.169789 5.10889e-05 1.17369e-06 -0.169789 0.978227
36 0.064457 0.974874 0.0445092 -3.35123e-05 5.11896e-05 0.0445096 0.96834 -1.30501e-05 3.34034e-06 3.19826e-05 1.26118e-05 0.949976 0.175779 5.02648e-05 6.11379e-07 -0.175779 0.950874 0.0456563 -3.43761e-05 5.25089e-05 0.0456567 0.993297 -1.33864e-05 3.42643e-06 3.28069e-05 1.29369e-05 0.97446 0.18031 5.15602e-05 6.27136e-07 -0.18031 0.975381
37 0.0659956 0.895229 0.048884 -3.44643e-05 4.73156e-05 0.0488845 0.888646 -1.55306e-05 2.59476e-06 3.28743e-05 1.50673e-05 0.869329 0.170945 4.63962e-05 -3.89303e-08 -0.170945 0.870329 0.0546051 -3.84978e-05 5.28531e-05 0.0546055 0.992646 -1.73482e-05 2.89844e-06 3.67217e-05 1.68307e-05 0.971068 0.190951 5.18261e-05 -4.34864e-08 -0.190951 0.972185
38 0.067514 0.820266 0.0531461 -3.53457e-05 4.34331e-05 0.0531466 0.813645 -1.72718e-05 1.82367e-06 3.36954e-05 1.67847e-05 0.793416 0.165379 4.25222e-05 -7.01235e-07 -0.165379 0.794511 0.0647913 -4.30905e-05 5.295e-05 0.0647919 0.991928 -2.10564e-05 2.22327e-06 4.10787e-05 2.04625e-05 0.967268 0.201616 5.18395e-05 -8.54887e-07 -0.201616 0.968602
39 0.0690118 0.749997 0.0572516 -3.61491e-05 3.95589e-05 0.0572521 0.743351 -1.82969e-05 1.03489e-06 3.44388e-05 1.77872e-05 0.72226 0.159137 3.86596e-05 -1.36886e-06 -0.159136 0.723441 0.0763358 -4.8199e-05 5.27454e-05 0.0763364 0.991138 -2.43959e-05 1.37985e-06 4.59186e-05 2.37164e-05 0.963017 0.212183 5.15463e-05 -1.82515e-06 -0.212183 0.964592
40 0.10628 0.684405 0.0611584 -3.68672e-05 3.571e-05 0.061159 0.677745 -1.86342e-05 2.36395e-07 3.50971e-05 1.81036e-05 0.655848 0.152279 3.4825e-05 -2.03512e-06 -0.152279 0.657108 0.08936 -5.38675e-05 5.21767e-05 0.0893608 0.990269 -2.72268e-05 3.45403e-07 5.12812e-05 2.64516e-05 0.958275 0.222498 5.08836e-05 -2.97356e-06 -0.222498 0.960115
42 0.146749 0.56703 0.068219 -3.80178e-05 2.81546e-05 0.0682196 0.560381 -1.73834e-05 -1.35765e-06 3.61294e-05 1.68168e-05 0.537059 0.136979 2.73057e-05 -3.33732e-06 -0.136979 0.53845 0.120309 -6.70473e-05 4.96528e-05 0.12031 0.988274 -3.06569e-05 -2.39432e-06 6.37169e-05 2.96577e-05 0.947144 0.241573 4.81557e-05 -5.88562e-06 -0.241572 0.949597
44 0.152348 0.467439 0.0740435 -3.87384e-05 2.0895e-05 0.0740442 0.460851 -1.38364e-05 -2.89562e-06 3.67338e-05 1.32428e-05 0.436386 0.120033 2.00903e-05 -4.55753e-06 -0.120033 0.437872 0.158403 -8.28737e-05 4.4701e-05 0.158404 0.985906 -2.96004e-05 -6.19466e-06 7.85853e-05 2.83305e-05 0.933569 0.256788 4.29796e-05 -9.75001e-06 -0.256788 0.936748
46 0.157761 0.384564 0.078405 -3.89717e-05 1.40487e-05 0.0784058 0.378086 -8.36486e-06 -4.31887e-06 3.68541e-05 7.75426e-06 0.352788 0.102023 1.32945e-05 -5.6506e-06 -0.102023 0.354331 0.20388 -0.00010134 3.65315e-05 0.203883 0.983155 -2.17516e-05 -1.12306e-05 9.58334e-05 2.01638e-05 0.917371 0.265296 3.45702e-05 -1.46935e-05 -0.265296 0.921385
48 0.162982 0.317051 0.0811444 -3.86645e-05 7.7195e-06 0.0811454 0.310729 -1.37788e-06 -5.57589e-06 3.64377e-05 7.60739e-07 0.284918 0.0835361 7.01975e-06 -6.57869e-06 -0.0835359 0.286482 0.255935 -0.000121951 2.43478e-05 0.255938 0.980062 -4.34592e-06 -1.75868e-05 0.000114927 2.39942e-06 0.898651 0.263479 2.21408e-05 -2.07497e-05 -0.263478 0.903585
50 0.168004 0.263338 0.0821766 -3.77699e-05 1.99474e-06 0.0821777 0.257216 6.69539e-06 -6.62476e-06 3.54391e-05 -7.30883e-06 0.231211 0.0651361 1.35166e-06 -7.31292e-06 -0.0651358 0.232761 0.312057 -0.000143427 7.5748e-06 0.312061 0.976751 2.5425e-05 -2.51568e-05 0.000134576 -2.77545e-05 0.878001 0.247347 5.13277e-06 -2.77701e-05 -0.247347 0.883885
52 0.172821 0.221737 0.0814923 -3.62504e-05 -3.0563e-06 0.0814936 0.21585 1.54224e-05 -7.43504e-06 3.38216e-05 -1.60229e-05 0.189958 0.0473456 -3.64211e-06 -7.8345e-06 -0.0473453 0.19146 0.367518 -0.000163484 -1.37834e-05 0.367524 0.97345 6.95527e-05 -3.35309e-05 0.000152531 -7.22607e-05 0.856683 0.213522 -1.64254e-05 -3.53324e-05 -0.21352 0.863458
54 0.177428 0.190499 0.0791559 -3.40798e-05 -7.38304e-06 0.0791574 0.184876 2.43827e-05 -7.98904e-06 3.15607e-05 -2.49626e-05 0.15938 0.0306267 -7.91226e-06 -8.13534e-06 -0.0306263 0.160807 0.415519 -0.000178897 -3.87563e-05 0.415527 0.970481 0.000127994 -4.19374e-05 0.000165674 -0.000131038 0.836643 0.160771 -4.15344e-05 -4.27054e-05 -0.160769 0.844135
56 0.181819 0.167886 0.0752987 -3.12464e-05 -1.09536e-05 0.0753004 0.162546 3.31821e-05 -8.28233e-06 2.86462e-05 -3.37361e-05 0.137695 0.015367 -1.14279e-05 -8.21808e-06 -0.0153664 0.139025 0.44851 -0.000186116 -6.52443e-05 0.44852 0.968193 0.000197646 -4.93329e-05 0.000170628 -0.000200946 0.820168 0.091532 -6.8069e-05 -4.89502e-05 -0.0915284 0.82809
58 0.185988 0.152225 0.0701095 -2.7755e-05 -1.37542e-05 0.0701115 0.147177 4.1464e-05 -8.32363e-06 2.50851e-05 -4.19895e-05 0.123179 0.00187005 -1.41756e-05 -8.09565e-06 -0.00186926 0.124398 0.460565 -0.000182329 -9.03542e-05 0.460578 0.966838 0.000272386 -5.46797e-05 0.000164789 -0.000275838 0.809193 0.0122848 -9.31227e-05 -5.31821e-05 -0.0122796 0.8172
60 0.286303 0.141951 0.0638227 -2.36286e-05 -1.57875e-05 0.0638249 0.137192 4.89188e-05 -8.13402e-06 2.09027e-05 -4.94162e-05 0.114213 -0.00964945 -1.61588e-05 -7.79036e-06 0.00965043 0.115316 0.44961 -0.000166456 -0.000111218 0.449625 0.966471 0.000344617 -5.73015e-05 0.000147253 -0.000348121 0.804593 -0.0679772 -0.000113833 -5.48805e-05 0.0679841 0.812362
64 0.394175 0.132069 0.0490375 -1.36605e-05 -1.76388e-05 0.0490402 0.127824 6.03827e-05 -7.19942e-06 1.08762e-05 -6.08372e-05 0.107194 -0.0263439 -1.79188e-05 -6.75957e-06 0.0263454 0.108092 0.371303 -0.000103435 -0.000133558 0.371324 0.967861 0.000457207 -5.45127e-05 8.23529e-05 -0.000460648 0.811652 -0.199471 -0.000135678 -5.11822e-05 0.199482 0.818453
68 0.406626 0.129037 0.0331944 -1.91723e-06 -1.68065e-05 0.0331976 0.125132 6.62332e-05 -5.83076e-06 -8.30988e-07 -6.66793e-05 0.106976 -0.0347168 -1.701e-05 -5.43757e-06 0.0347187 0.107786 0.257246 -1.48579e-05 -0.000130245 0.257271 0.969736 0.000513287 -4.51866e-05 -6.4399e-06 -0.000516744 0.829029 -0.269045 -0.000131823 -4.21396e-05 0.26906 0.83531
72 0.417095 0.126671 0.0183918 1.07403e-05 -1.37575e-05 0.0183955 0.122822 6.60623e-05 -4.4501e-06 -1.33309e-05 -6.65445e-05 0.106975 -0.0358822 -1.39055e-05 -4.18329e-06 0.0358845 0.107915 0.145193 8.47887e-05 -0.000108608 0.145223 0.969614 0.000521526 -3.51311e-05 -0.000105241 -0.000525333 0.844506 -0.283271 -0.000109776 -3.30248e-05 0.283289 0.851934
76 0.425533 0.121646 0.00623998 2.32451e-05 -9.08452e-06 0.00624403 0.117478 6.0291e-05 -3.46962e-06 -2.55387e-05 -6.08488e-05 0.103577 -0.0316872 -9.20752e-06 -3.34356e-06 0.0316898 0.10496 0.0512963 0.000191088 -7.46801e-05 0.0513296 0.965739 0.000495627 -2.85223e-05 -0.000209943 -0.000500213 0.851467 -0.260487 -7.56912e-05 -2.74861e-05 0.260509 0.86283
80 0.431897 0.112991 -0.00232713 3.44485e-05 -3.4696e-06 -0.00232291 0.10807 4.99783e-05 -3.22076e-06 -3.63078e-05 -5.06306e-05 0.0956534 -0.0242869 -3.60954e-06 -3.20021e-06 0.0242897 0.0978573 -0.0205958 0.00030488 -3.0707e-05 -0.0205585 0.956451 0.000442323 -2.85047e-05 -0.000321334 -0.000448096 0.846561 -0.214946 -3.19455e-05 -2.83228e-05 0.214971 0.866066
84 0.436158 0.101397 -0.00707829 4.32715e-05 2.35251e-06 -0.00707411 0.0952756 3.65871e-05 -3.90413e-06 -4.45889e-05 -3.73203e-05 0.083862 -0.0157576 2.14524e-06 -3.92972e-06 0.0157604 0.0872966 -0.0698078 0.000426753 2.3201e-05 -0.0697666 0.93963 0.000360831 -3.85035e-05 -0.000439747 -0.000368062 0.827067 -0.155405 2.11568e-05 -3.87558e-05 0.155433 0.86094
88 0.328636 0.0884832 -0.00837486 4.88557e-05 7.64322e-06 -0.0083709 0.0807561 2.17438e-05 -5.56589e-06 -4.95824e-05 -2.25082e-05 0.0699025 -0.00780481 7.31678e-06 -5.5796e-06 0.00780765 0.0749516 -0.0946492 0.000552146 8.63805e-05 -0.0946044 0.912671 0.00024574 -6.29034e-05 -0.000560359 -0.000254379 0.790008 -0.0882067 8.26911e-05 -6.30583e-05 0.0882388 0.847071
90 0.219313 0.0821252 -0.00795444 5.02574e-05 9.87336e-06 -0.00795064 0.0734731 1.4277e-05 -6.73604e-06 -5.0694e-05 -1.50279e-05 0.0627537 -0.0044327 9.46994e-06 -6.72761e-06 0.00443551 0.0687292 -0.0968574 0.000611961 0.000120223 -0.0968112 0.894648 0.000173844 -8.20215e-05 -0.000617277 -0.000182988 0.764122 -0.0539749 0.000115311 -8.1919e-05 0.0540091 0.836884
92 0.328636 0.076134 -0.00697128 5.06898e-05 1.17262e-05 -0.00696768 0.0664989 7.02373e-06 -8.10037e-06 -5.08533e-05 -7.7376e-06 0.0558287 -0.00159717 1.12364e-05 -8.06324e-06 0.00159994 0.0627891 -0.0915659 0.000665796 0.00015402 -0.0915186 0.873446 9.22548e-05 -0.000106396 -0.000667944 -0.000101631 0.733295 -0.0209784 0.000147587 -0.000105909 0.0210148 0.824718
96 0.436158 0.0659837 -0.00378379 4.86848e-05 1.40679e-05 -0.00378064 0.0542981 -6.22037e-06 -1.12742e-05 -4.83905e-05 5.6595e-06 0.0435053 0.00227471 1.3386e-05 -1.11729e-05 -0.00227199 0.0525258 -0.0573443 0.00073783 0.000213202 -0.0572966 0.822902 -9.42713e-05 -0.000170864 -0.00073337 8.57712e-05 0.659334 0.0344738 0.000202868 -0.000169328 -0.0344326 0.796041
100 0.431897 0.059084 0.000319633 4.31853e-05 1.43603e-05 0.00032233 0.0454086 -1.69756e-05 -1.47651e-05 -4.25969e-05 1.66759e-05 0.0342445 0.00373507 1.34768e-05 -1.4608e-05 -0.00373235 0.0452755 0.00540981 0.000730913 0.00024305 0.00545545 0.768543 -0.000287313 -0.0002499 -0.000720956 0.000282241 0.57959 0.0632162 0.000228096 -0.000247242 -0.0631702 0.76629
104 0.425533 0.0557605 0.00466943 3.49137e-05 1.25858e-05 0.00467172 0.0403813 -2.46312e-05 -1.8207e-05 -3.42189e-05 2.46915e-05 0.0286293 0.00309214 1.15094e-05 -1.80152e-05 -0.00308935 0.0413939 0.0837407 0.000626137 0.000225712 0.0837818 0.724192 -0.000441732 -0.000326521 -0.000613677 0.000442813 0.513433 0.055454 0.000206407 -0.000323082 -0.0554039 0.742352
108 0.417095 0.0556388 0.00886511 2.48579e-05 9.04333e-06 0.00886708 0.0390606 -2.89886e-05 -2.12365e-05 -2.42282e-05 2.94855e-05 0.0265034 0.000879356 7.79693e-06 -2.1032e-05 -0.000876456 0.0404983 0.159333 0.000446773 0.000162536 0.159369 0.702038 -0.000521015 -0.000381686 -0.000435455 0.000529944 0.476348 0.0158047 0.000140135 -0.00037801 -0.0157526 0.727879
112 0.406626 0.0578031 0.0127669 1.41233e-05 4.32295e-06 0.0127686 0.0407104 -3.02247e-05 -2.35344e-05 -1.36812e-05 3.12044e-05 0.0270927 -0.00229546 2.93946e-06 -2.33306e-05 0.00229845 0.0416236 0.220869 0.000244335 7.47876e-05 0.220899 0.704294 -0.000522891 -0.000407147 -0.000236686 0.000539839 0.468706 -0.0397117 5.0853e-05 -0.000403623 0.0397634 0.720093
116 0.394175 0.0610392 0.0164247 3.77814e-06 -7.75637e-07 0.0164263 0.0442263 -2.88175e-05 -2.48582e-05 -3.57958e-06 3.02931e-05 0.0292126 -0.00586702 -2.25594e-06 -2.46541e-05 0.00586999 0.0434652 0.269085 6.18969e-05 -1.27072e-05 0.269111 0.724555 -0.000472115 -0.00040725 -5.86439e-05 0.000496289 0.478587 -0.0961188 -3.69588e-05 -0.000403905 0.0961675 0.712086
120 0.379804 0.0641088 0.0199722 -5.28207e-06 -5.36869e-06 0.0199736 0.0483842 -2.54461e-05 -2.50659e-05 5.24654e-06 2.73989e-05 0.0315157 -0.00938286 -6.89905e-06 -2.48438e-05 0.00938565 0.0446546 0.311537 -8.23923e-05 -8.37435e-05 0.311559 0.75472 -0.00039692 -0.00039099 8.18381e-05 0.000427381 0.491597 -0.146359 -0.000107615 -0.000387526 0.146402 0.696545
124 0.363583 0.0660018 0.0235157 -1.24283e-05 -8.63635e-06 0.0235168 0.0520797 -2.08771e-05 -2.41272e-05 1.22179e-05 2.32616e-05 0.0327334 -0.0125269 -1.01643e-05 -2.38565e-05 0.0125293 0.0440186 0.356288 -0.000188302 -0.00013085 0.356306 0.789064 -0.000316312 -0.000365554 0.000185115 0.000352438 0.495947 -0.189796 -0.000154001 -0.000361452 0.189832 0.666931
128 0.34559 0.066126 0.0270465 -1.73401e-05 -9.96419e-06 0.0270474 0.0545185 -1.58565e-05 -2.21258e-05 1.70401e-05 1.86046e-05 0.0318766 -0.0151059 -1.14338e-05 -2.17696e-05 0.0151077 0.0407795 0.409015 -0.000262228 -0.000150685 0.409028 0.824464 -0.000239793 -0.0003346 0.000257691 0.000281351 0.482058 -0.228441 -0.00017291 -0.000329214 0.228469 0.616694
132 0.325914 0.0643997 0.0303972 -1.99965e-05 -9.04941e-06 0.0303977 0.0553287 -1.10182e-05 -1.925e-05 1.96933e-05 1.4043e-05 0.0283673 -0.0170158 -1.04056e-05 -1.87756e-05 0.0170169 0.0346677 0.472009 -0.000310506 -0.000140519 0.472016 0.859146 -0.00017109 -0.000298915 0.000305797 0.00021806 0.440489 -0.264221 -0.000161579 -0.000291548 0.264238 0.538321
136 0.304649 0.0612387 0.033249 -2.06241e-05 -5.94928e-06 0.0332489 0.0545821 -6.82348e-06 -1.57744e-05 2.03864e-05 1.00208e-05 0.0220903 -0.0182033 -7.14332e-06 -1.51629e-05 0.0182036 0.0259362 0.54294 -0.000336782 -9.7149e-05 0.54294 0.891301 -0.000111424 -0.000257589 0.000332901 0.000163636 0.360724 -0.297252 -0.000116647 -0.000247603 0.297257 0.423527
140 0.281901 0.0574408 0.0351879 -1.96198e-05 -1.06047e-06 0.0351874 0.0527262 -3.53575e-06 -1.20291e-05 1.94877e-05 6.78579e-06 0.0133624 -0.0186385 -2.0558e-06 -1.12835e-05 0.018638 0.015279 0.612594 -0.000341565 -1.84619e-05 0.612585 0.917922 -6.15547e-05 -0.000209417 0.000339267 0.000118135 0.232629 -0.324481 -3.57898e-05 -0.000196437 0.324473 0.265996
144 0.257779 0.0539958 0.0357967 -1.74639e-05 4.96686e-06 0.0357958 0.0504472 -1.22887e-06 -8.36093e-06 1.74472e-05 4.40126e-06 0.00283674 -0.0183043 4.18933e-06 -7.50902e-06 0.0183033 0.00367644 0.662954 -0.000323432 9.19862e-05 0.662937 0.934281 -2.27587e-05 -0.000154844 0.000323122 8.15111e-05 0.0525364 -0.338996 7.75862e-05 -0.000139067 0.338976 0.0680875
148 0.232401 0.0518583 0.0347591 -1.46411e-05 1.13618e-05 0.0347579 0.0484929 1.76126e-07 -5.0879e-06 1.47241e-05 2.78738e-06 -0.00863766 -0.0172057 1.08003e-05 -4.17998e-06 0.0172043 -0.00779968 0.67027 -0.000282328 0.000219093 0.670247 0.935104 3.39629e-06 -9.81115e-05 0.000283929 5.37498e-05 -0.166563 -0.331783 0.000208265 -8.06039e-05 0.331756 -0.150404
152 0.205891 0.0517311 0.031954 -1.15787e-05 1.73825e-05 0.0319527 0.0474941 8.5733e-07 -2.4552e-06 1.173e-05 1.77802e-06 -0.0201694 -0.0153897 1.70144e-05 -1.55685e-06 0.0153881 -0.0181828 0.617694 -0.000223824 0.000336016 0.617669 0.918095 1.65728e-05 -4.74608e-05 0.00022675 3.43704e-05 -0.389889 -0.297494 0.0003289 -3.0095e-05 0.297464 -0.351486
156 0.178378 0.0539023 0.0275176 -8.61091e-06 2.24505e-05 0.0275164 0.0478214 1.03381e-06 -6.00492e-07 8.79316e-06 1.17913e-06 -0.0309626 -0.0129687 2.22366e-05 2.18746e-07 0.0129672 -0.0267711 0.510509 -0.00015975 0.000416503 0.510486 0.887187 1.91794e-05 -1.11404e-05 0.000163131 2.18753e-05 -0.574421 -0.240596 0.000412535 4.0582e-06 0.240568 -0.49666
160 0.0971232 0.0581708 0.0218571 -5.96633e-06 2.62399e-05 0.021856 0.0495057 9.15548e-07 4.64019e-07 6.14419e-06 8.16431e-07 -0.0404152 -0.0101342 2.61333e-05 1.14377e-06 0.0101329 -0.0332214 0.375739 -0.000102566 0.000451083 0.375721 0.85104 1.5739e-05 7.97685e-06 0.000105623 1.40351e-05 -0.694768 -0.174215 0.000449251 1.96622e-05 0.174193 -0.571101
161 0.0357021 0.0594968 0.0203215 -5.37287e-06 2.69762e-05 0.0203205 0.0501092 8.60791e-07 6.171e-07 5.54496e-06 7.46749e-07 -0.0425209 -0.00939095 2.68891e-05 1.25483e-06 0.00938975 -0.0344955 0.341556 -9.03052e-05 0.000453405 0.341539 0.842217 1.44679e-05 1.0372e-05 9.31976e-05 1.25511e-05 -0.714676 -0.15784 0.000451942 2.10907e-05 0.157819 -0.579788
162 0.0338871 0.0609 0.0187603 -4.80934e-06 2.76304e-05 0.0187594 0.0507718 8.0048e-07 7.29915e-07 4.97409e-06 6.82383e-07 -0.0445156 -0.00864311 2.75601e-05 1.32359e-06 0.00864199 -0.0356399 0.308051 -7.89711e-05 0.0004537 0.308036 0.833691 1.31442e-05 1.19855e-05 8.16763e-05 1.1205e-05 -0.730961 -0.141923 0.000452547 2.17339e-05 0.141904 -0.58522
163 0.0320617 0.0623651 0.017186 -4.27665e-06 2.82053e-05 0.0171851 0.0514846 7.36486e-07 8.05576e-07 4.43268e-06 6.22218e-07 -0.0463967 -0.0078957 2.81493e-05 1.35364e-06 0.00789466 -0.0366594 0.27557 -6.85745e-05 0.00045226 0.275556 0.825536 1.18093e-05 1.29171e-05 7.10762e-05 9.97701e-06 -0.743952 -0.126604 0.000451364 2.1705e-05 0.126588 -0.58782
164 0.0302266 0.0638757 0.0156109 -3.77546e-06 2.87045e-05 0.0156101 0.0522381 6.70459e-07 8.4749e-07 3.92157e-06 5.65373e-07 -0.0481626 -0.00715385 2.86605e-05 1.34886e-06 0.0071529 -0.03756 0.244395 -5.91063e-05 0.000449381 0.244383 0.817809 1.04963e-05 1.32678e-05 6.13937e-05 8.85114e-06 -0.754005 -0.111996 0.000448692 2.11169e-05 0.111982 -0.588017
165 0.0283823 0.0654147 0.0140481 -3.30618e-06 2.91324e-05 0.0140474 0.0530221 6.03837e-07 8.59311e-07 3.44139e-06 5.11192e-07 -0.0498123 -0.00642278 2.90982e-05 1.31341e-06 0.00642192 -0.0383482 0.214754 -5.05418e-05 0.000445349 0.214743 0.810554 9.23091e-06 1.31364e-05 5.26088e-05 7.81463e-06 -0.761486 -0.0981856 0.000444826 2.00783e-05 0.0981724 -0.586232
166 0.0265294 0.0669644 0.0125104 -2.86904e-06 2.94939e-05 0.0125097 0.0538258 5.37858e-07 8.44881e-07 2.99259e-06 4.59228e-07 -0.0513457 -0.00570776 2.94675e-05 1.25167e-06 0.00570699 -0.0390314 0.186821 -4.28443e-05 0.000440441 0.186812 0.803797 8.032e-06 1.26169e-05 4.46892e-05 6.85779e-06 -0.766761 -0.0852357 0.000440047 1.86916e-05 0.0852242 -0.582869
167 0.0246683 0.068507 0.0110107 -2.46411e-06 2.97944e-05 0.0110101 0.054638 4.73572e-07 8.08183e-07 2.57543e-06 4.09227e-07 -0.052763 -0.00501405 2.97741e-05 1.16813e-06 0.00501337 -0.0396177 0.160724 -3.59687e-05 0.00043491 0.160716 0.797554 6.91276e-06 1.17971e-05 3.75937e-05 5.97351e-06 -0.770184 -0.0731904 0.000434614 1.70513e-05 0.0731805 -0.578302
168 0.0172754 0.0700243 0.00956182 -2.09128e-06 3.00397e-05 0.00956133 0.0554476 4.11856e-07 7.53274e-07 2.19007e-06 3.61106e-07 -0.054065 -0.00434687 3.0024e-05 1.06737e-06 0.00434628 -0.0401152 0.13655 -2.98651e-05 0.000428989 0.136543 0.791834 5.88162e-06 1.07573e-05 3.12758e-05 5.15686e-06 -0.772089 -0.0620766 0.000428765 1.52429e-05 0.0620681 -0.572876
168.5 0.0109315 0.070768 0.00886032 -1.91685e-06 3.01435e-05 0.00885987 0.0558479 3.82193e-07 7.20265e-07 2.00931e-06 3.37766e-07 -0.0546732 -0.00402482 3.01296e-05 1.01197e-06 0.00402427 -0.0403334 0.125202 -2.70865e-05 0.000425948 0.125196 0.789169 5.40065e-06 1.01778e-05 2.83929e-05 4.77286e-06 -0.77257 -0.0568735 0.000425752 1.42998e-05 0.0568657 -0.569938
169 0.0104622 0.0714987 0.00817616 -1.75036e-06 3.02358e-05 0.00817574 0.0562433 3.53431e-07 6.84231e-07 1.8365e-06 3.14931e-07 -0.0552531 -0.0037113 3.02234e-05 9.53978e-07 0.0037108 -0.0405326 0.114354 -2.44811e-05 0.000422886 0.114348 0.786634 4.94318e-06 9.56984e-06 2.56859e-05 4.40471e-06 -0.772785 -0.0519073 0.000422713 1.33426e-05 0.0519002 -0.5669
169.5 0.00999215 0.0722142 0.00751081 -1.59178e-06 3.03173e-05 0.00751042 0.0566324 3.25639e-07 6.45672e-07 1.67163e-06 2.92628e-07 -0.0558048 -0.00340692 3.03062e-05 8.93963e-07 0.00340646 -0.0407138 0.104007 -2.20425e-05 0.000419825 0.104002 0.784228 4.50935e-06 8.94107e-06 2.31483e-05 4.05222e-06 -0.772768 -0.047178 0.000419671 1.23793e-05 0.0471716 -0.563793
170 0.0095213 0.0729125 0.00686573 -1.44105e-06 3.03889e-05 0.00686538 0.0570139 2.98878e-07 6.05086e-07 1.51468e-06 2.70891e-07 -0.0563287 -0.00311228 3.03788e-05 8.32478e-07 0.00311185 -0.0408783 0.094164 -1.97641e-05 0.000416786 0.0941591 0.781949 4.09913e-06 8.29879e-06 2.0774e-05 3.7153e-06 -0.772552 -0.0426852 0.000416647 1.14175e-05 0.0426793 -0.560648
170.5 0.00904972 0.0735914 0.00624234 -1.29813e-06 3.04512e-05 0.00624201 0.0573863 2.73201e-07 5.62959e-07 1.36563e-06 2.4976e-07 -0.0568249 -0.00282796 3.04419e-05 7.7007e-07 0.00282757 -0.0410269 0.0848242 -1.76397e-05 0.000413788 0.0848198 0.779796 3.71241e-06 7.64979e-06 1.85569e-05 3.39388e-06 -0.772167 -0.0384278 0.000413661 1.04641e-05 0.0384225 -0.557496
171 0.00857745 0.074249 0.00564199 -1.16297e-06 3.05051e-05 0.0056417 0.0577485 2.48657e-07 5.19769e-07 1.22446e-06 2.29278e-07 -0.0572936 -0.00255452 3.04964e-05 7.07272e-07 0.00255416 -0.0411608 0.0759875 -1.56632e-05 0.000410849 0.0759835 0.777768 3.34896e-06 7.00035e-06 1.64912e-05 3.08796e-06 -0.771642 -0.0344047 0.000410731 9.52568e-06 0.0344 -0.554362
171.5 0.00810453 0.0748832 0.00506603 -1.03552e-06 3.05512e-05 0.00506577 0.0580991 2.25286e-07 4.75981e-07 1.09114e-06 2.09491e-07 -0.0577352 -0.00229251 3.05429e-05 6.44605e-07 0.00229219 -0.0412809 0.0676524 -1.38285e-05 0.000407985 0.0676489 0.775863 3.0085e-06 6.35631e-06 1.45712e-05 2.79757e-06 -0.771004 -0.0306144 0.000407874 8.60813e-06 0.0306102 -0.551271
172 0.00763099 0.0754922 0.00451572 -9.15727e-07 3.05903e-05 0.00451548 0.0584369 2.03125e-07 4.32047e-07 9.65644e-07 1.90451e-07 -0.0581499 -0.00204246 3.05824e-05 5.82571e-07 0.00204217 -0.0413884 0.059817 -1.21301e-05 0.000405212 0.0598139 0.774078 2.69068e-06 5.72307e-06 1.27913e-05 2.52279e-06 -0.770277 -0.0270552 0.000405106 7.71697e-06 0.0270514 -0.548247
172.5 0.00715688 0.0760741 0.00399228 -8.0353e-07 3.06232e-05 0.00399207 0.0587606 1.82205e-07 3.88402e-07 8.47948e-07 1.72209e-07 -0.0585379 -0.00180487 3.06154e-05 5.21658e-07 0.00180462 -0.041484 0.0524789 -1.05625e-05 0.000402544 0.0524761 0.772413 2.3951e-06 5.10558e-06 1.11463e-05 2.26371e-06 -0.769485 -0.0237251 0.000402441 6.85724e-06 0.0237218 -0.54531
173 0.00668221 0.0766272 0.00349689 -6.98878e-07 3.06504e-05 0.00349671 0.0590692 1.62551e-07 3.45466e-07 7.38021e-07 1.5482e-07 -0.0588995 -0.00158022 3.06426e-05 4.62332e-07 0.00158001 -0.0415687 0.0456351 -9.1205e-06 0.000399994 0.0456327 0.770866 2.12132e-06 4.5084e-06 9.63132e-06 2.02043e-06 -0.76865 -0.0206223 0.000399892 6.03353e-06 0.0206194 -0.54248
173.5 0.00620704 0.0771497 0.00303064 -6.01717e-07 3.06726e-05 0.00303048 0.0593616 1.44187e-07 3.03639e-07 6.35833e-07 1.38338e-07 -0.0592349 -0.00136899 3.06649e-05 4.05039e-07 0.0013688 -0.0416435 0.0392826 -7.79934e-06 0.000397573 0.0392805 0.769434 1.86892e-06 3.9357e-06 8.24155e-06 1.79311e-06 -0.767791 -0.0177445 0.000397472 5.25004e-06 0.0177421 -0.539775
174 0.0057314 0.0776402 0.00259458 -5.11995e-07 3.06906e-05 0.00259444 0.0596367 1.27131e-07 2.63299e-07 5.41355e-07 1.22816e-07 -0.0595443 -0.00117159 3.06827e-05 3.50202e-07 0.00117142 -0.0417092 0.033418 -6.59446e-06 0.000395292 0.0334162 0.768116 1.63744e-06 3.39127e-06 6.97261e-06 1.58186e-06 -0.766926 -0.0150899 0.00039519 4.51057e-06 0.0150878 -0.537211
174.5 0.00525531 0.0780972 0.00218969 -4.29661e-07 3.07047e-05 0.00218957 0.0598935 1.11399e-07 2.24805e-07 4.54559e-07 1.08308e-07 -0.0598281 -0.000988427 3.06967e-05 2.98218e-07 0.00098829 -0.0417665 0.028038 -5.50162e-06 0.00039316 0.0280365 0.76691 1.42642e-06 2.87853e-06 5.82043e-06 1.38683e-06 -0.766072 -0.0126564 0.000393058 3.81854e-06 0.0126546 -0.534801
175 0.00477883 0.0785192 0.00181687 -3.54666e-07 3.07157e-05 0.00181677 0.0601312 9.70046e-08 1.88493e-07 3.75415e-07 9.4865e-08 -0.0600864 -0.000819891 3.07075e-05 2.49459e-07 0.000819777 -0.0418162 0.0231392 -4.51694e-06 0.000391187 0.023138 0.765816 1.23543e-06 2.40059e-06 4.78119e-06 1.20818e-06 -0.765244 -0.0104419 0.000391083 3.17704e-06 0.0104405 -0.53256
175.5 0.00430199 0.078905 0.00147697 -2.86964e-07 3.0724e-05 0.00147689 0.0603489 8.39578e-08 1.5467e-07 3.03898e-07 8.25373e-08 -0.0603194 -0.000666326 3.07156e-05 2.0427e-07 0.000666233 -0.041859 0.0187183 -3.63683e-06 0.00038938 0.0187174 0.76483 1.06404e-06 1.96021e-06 3.85145e-06 1.04603e-06 -0.764456 -0.00844466 0.000389274 2.58881e-06 0.00844349 -0.530499
176 0.00382481 0.0792534 0.00117075 -2.26512e-07 3.07301e-05 0.00117069 0.0605458 7.22673e-08 1.23623e-07 2.39983e-07 7.13711e-08 -0.0605273 -0.00052805 3.07215e-05 1.62967e-07 0.000527977 -0.0418955 0.0147723 -2.85807e-06 0.000387746 0.0147715 0.763952 9.11851e-07 1.55985e-06 3.02804e-06 9.00544e-07 -0.763719 -0.00666281 0.000387637 2.05628e-06 0.00666189 -0.528628
176.5 0.00334735 0.0795633 0.000898905 -1.73269e-07 3.07345e-05 0.000898858 0.0607212 6.19399e-08 9.56086e-08 1.83645e-07 6.14097e-08 -0.0607103 -0.000405353 3.07257e-05 1.25835e-07 0.000405297 -0.0419264 0.011298 -2.17775e-06 0.00038629 0.0112974 0.76318 7.78498e-07 1.20167e-06 2.30816e-06 7.71835e-07 -0.763044 -0.00509473 0.000386179 1.58157e-06 0.00509401 -0.526956
177 0.00286963 0.0798338 0.000662048 -1.27201e-07 3.07375e-05 0.000662013 0.0608744 5.2981e-08 7.08563e-08 1.34864e-07 5.26925e-08 -0.0608686 -0.00029849 3.07284e-05 9.31302e-08 0.000298449 -0.041952 0.00829282 -1.59332e-06 0.000385018 0.00829238 0.762514 6.63641e-07 8.87547e-07 1.6893e-06 6.60027e-07 -0.762441 -0.00373889 0.000384905 1.16655e-06 0.00373837 -0.525492
177.5 0.00239169 0.0800642 0.000460714 -8.82758e-08 3.07394e-05 0.000460689 0.0610051 4.53947e-08 4.95673e-08 9.36202e-08 4.52546e-08 -0.0610023 -0.000207685 3.07302e-05 6.50744e-08 0.000207656 -0.041973 0.0057543 -1.10256e-06 0.000383934 0.005754 0.761952 5.66978e-07 6.19094e-07 1.16931e-06 5.65229e-07 -0.761917 -0.00259398 0.000383819 8.12778e-07 0.00259362 -0.524242
178 0.00191357 0.0802536 0.000295359 -5.64658e-08 3.07406e-05 0.000295344 0.0611126 3.91841e-08 3.19129e-08 5.98985e-08 3.91264e-08 -0.0611115 -0.000133129 3.07312e-05 4.18579e-08 0.00013311 -0.0419896 0.00368033 -7.03592e-07 0.000383043 0.00368013 0.761494 4.88253e-07 3.9765e-07 7.46365e-07 4.87534e-07 -0.761479 -0.00165885 0.000382926 5.21571e-07 0.00165862 -0.523211
178.5 0.00143531 0.0804015 0.00016636 -3.17485e-08 3.07412e-05 0.000166351 0.0611966 3.43515e-08 1.80342e-08 3.36848e-08 3.43332e-08 -0.0611963 -7.49769e-05 3.07317e-05 2.36373e-08 7.49664e-05 -0.0420022 0.00206911 -3.94874e-07 0.000382347 0.00206901 0.761138 4.27249e-07 2.24302e-07 4.18957e-07 4.27021e-07 -0.761133 -0.000932531 0.000382228 2.93991e-07 0.0009324 -0.522405
179 0.000956932 0.0805075 7.40078e-05 -1.41061e-08 3.07416e-05 7.40039e-05 0.0612569 3.08986e-08 8.04166e-09 1.49684e-08 3.0895e-08 -0.0612568 -3.33523e-05 3.0732e-05 1.05348e-08 3.33477e-05 -0.042011 0.000919266 -1.75215e-07 0.000381848 0.000919217 0.760884 3.83798e-07 9.98871e-08 1.85926e-07 3.83753e-07 -0.760883 -0.000414276 0.000381728 1.30855e-07 0.000414218 -0.521827
179.5 0.000478484 0.0805712 1.85125e-05 -3.52589e-09 3.07417e-05 1.85115e-05 0.0612931 2.88265e-08 2.01439e-09 3.74172e-09 2.88262e-08 -0.0612931 -8.34247e-06 3.07321e-05 2.6381e-09 8.34131e-06 -0.0420162 0.000229765 -4.37612e-08 0.000381547 0.000229753 0.760732 3.57776e-07 2.50013e-08 4.64398e-08 3.57773e-07 -0.760732 -0.000103542 0.000381427 3.27424e-08 0.000103527 -0.521479
180 5.98114e-05 0.0805925 8.64877e-19 -9.58202e-19 3.07418e-05 -1.84586e-20 0.0613052 2.81357e-08 9.88851e-19 8.40407e-19 2.81357e-08 -0.0613052 6.74544e-19 3.07321e-05 9.16185e-19 -4.28728e-19 -0.0420179 1.07315e-17 -1.18895e-17 0.000381447 -2.29036e-19 0.760681 3.4911e-07 1.22698e-17 1.04279e-17 3.4911e-07 -0.760681 8.36982e-18 0.000381327 1.13681e-17 -5.31971e-18 -0.521363
