theta 2pi*dcos S11 S12 S13 S14 S21 S22 S23 S24 S31 S32 S33 S34 S41 S42 S43 S44 S12_norm S13_norm S14_norm S21_norm S22_norm S23_norm S24_norm S31_norm S32_norm S33_norm S34_norm S41_norm S42_norm S43_norm S44_norm
0 2.39246e-06 13.2065 8.33824e-17 -1.63008e-18 -0.0201179 8.53394e-17 13.1883 -0.00126814 -1.27518e-17 -1.3836e-18 0.00126814 13.1883 1.14181e-17 -0.020118 1.21672e-17 -1.21333e-17 13.1747 6.31374e-18 -1.2343e-19 -0.00152333 6.46193e-18 0.998626 -9.60237e-05 -9.65567e-19 -1.04766e-19 9.60237e-05 0.998626 8.64584e-19 -0.00152334 9.21301e-19 -9.18738e-19 0.997592
0.1 1.91397e-05 13.206 1.64443e-05 2.87194e-08 -0.0201171 1.64399e-05 13.1879 -0.00126786 -1.30638e-09 -3.21024e-08 0.00126786 13.1879 3.85366e-05 -0.0201172 2.93693e-10 -3.85369e-05 13.1742 1.24521e-06 2.17472e-09 -0.00152333 1.24487e-06 0.998626 -9.60061e-05 -9.89226e-11 -2.43089e-09 9.60061e-05 0.998626 2.9181e-06 -0.00152333 2.22393e-11 -2.91813e-06 0.997592
0.2 3.82793e-05 13.2047 6.57743e-05 1.14867e-07 -0.0201148 6.57565e-05 13.1865 -0.00126704 -5.22035e-09 -1.28398e-07 0.00126704 13.1865 0.000154132 -0.0201148 1.17864e-09 -0.000154134 13.1729 4.98114e-06 8.69894e-09 -0.00152331 4.97979e-06 0.998626 -9.59536e-05 -3.95341e-10 -9.72365e-09 9.59536e-05 0.998626 1.16726e-05 -0.00152331 8.92595e-11 -1.16727e-05 0.997592
0.3 5.74188e-05 13.2024 0.000147981 2.58408e-07 -0.0201109 0.000147941 13.1842 -0.00126566 -1.17265e-08 -2.88849e-07 0.00126566 13.1842 0.000346746 -0.0201109 2.66645e-09 -0.000346749 13.1706 1.12087e-05 1.95728e-08 -0.00152328 1.12057e-05 0.998626 -9.5866e-05 -8.8821e-10 -2.18786e-08 9.5866e-05 0.998626 2.62639e-05 -0.00152328 2.01967e-10 -2.62641e-05 0.997591
0.4 7.65581e-05 13.1992 0.000263051 4.59288e-07 -0.0201054 0.00026298 13.181 -0.00126373 -2.0799e-08 -5.13396e-07 0.00126373 13.181 0.000616309 -0.0201055 4.77645e-09 -0.000616314 13.1674 1.99293e-05 3.47967e-08 -0.00152323 1.9924e-05 0.998625 -9.57434e-05 -1.57578e-09 -3.88961e-08 9.57434e-05 0.998625 4.6693e-05 -0.00152324 3.61875e-10 -4.66934e-05 0.997591
0.5 9.56972e-05 13.1951 0.000410963 7.17429e-07 -0.0200984 0.000410852 13.1769 -0.00126126 -3.2402e-08 -8.01954e-07 0.00126126 13.1769 0.000962724 -0.0200984 7.5357e-09 -0.000962732 13.1633 3.11452e-05 5.43709e-08 -0.00152318 3.11368e-05 0.998625 -9.55857e-05 -2.45561e-09 -6.07768e-08 9.55857e-05 0.998625 7.29609e-05 -0.00152318 5.71099e-10 -7.29615e-05 0.997591
0.6 0.000114836 13.1901 0.000591692 1.03273e-06 -0.0200899 0.000591532 13.1719 -0.00125824 -4.6489e-08 -1.15441e-06 0.00125824 13.1719 0.00138587 -0.0200899 1.09789e-08 -0.00138588 13.1583 4.4859e-05 7.82961e-08 -0.00152311 4.48469e-05 0.998624 -9.53929e-05 -3.52455e-09 -8.75216e-08 9.53929e-05 0.998624 0.000105069 -0.00152311 8.32366e-10 -0.00010507 0.99759
0.7 0.000133974 13.1841 0.000805206 1.40507e-06 -0.0200798 0.000804989 13.166 -0.00125467 -6.30038e-08 -1.57064e-06 0.00125467 13.166 0.00188559 -0.0200797 1.51486e-08 -0.0018856 13.1523 6.10739e-05 1.06573e-07 -0.00152303 6.10575e-05 0.998624 -9.51651e-05 -4.77876e-09 -1.19131e-07 9.51651e-05 0.998624 0.00014302 -0.00152302 1.14901e-09 -0.000143021 0.997589
0.8 0.000153112 13.1773 0.00105147 1.8343e-06 -0.0200681 0.00105118 13.1591 -0.00125055 -8.18794e-08 -2.05048e-06 0.00125055 13.1591 0.0024617 -0.020068 2.00949e-08 -0.00246173 13.1455 7.9794e-05 1.39202e-07 -0.00152294 7.97725e-05 0.998623 -9.49022e-05 -6.21368e-09 -1.55607e-07 9.49022e-05 0.998623 0.000186814 -0.00152293 1.52497e-09 -0.000186816 0.997589
0.9 0.00017225 13.1695 0.00133043 2.32026e-06 -0.0200549 0.00133007 13.1514 -0.00124589 -1.03039e-07 -2.59375e-06 0.00124589 13.1514 0.00311401 -0.0200548 2.58755e-08 -0.00311404 13.1378 0.000101024 1.76184e-07 -0.00152283 0.000100996 0.998623 -9.46042e-05 -7.82406e-09 -1.96951e-07 9.46042e-05 0.998623 0.000236456 -0.00152282 1.9648e-09 -0.000236458 0.997588
1 0.000191387 13.1609 0.00164205 2.86276e-06 -0.0200402 0.00164161 13.1427 -0.00124069 -1.26396e-07 -3.20024e-06 0.00124069 13.1427 0.00384228 -0.02004 3.25557e-08 -0.00384231 13.1291 0.000124768 2.17521e-07 -0.00152271 0.000124734 0.998622 -9.4271e-05 -9.60393e-09 -2.43164e-07 9.4271e-05 0.998622 0.000291947 -0.00152269 2.47367e-09 -0.00029195 0.997587
1.1 0.000210523 13.1513 0.00198627 3.46158e-06 -0.0200239 0.00198574 13.1332 -0.00123494 -1.51853e-07 -3.86973e-06 0.00123494 13.1332 0.00464624 -0.0200236 4.02085e-08 -0.00464628 13.1195 0.000151033 2.63212e-07 -0.00152258 0.000150992 0.998621 -9.39027e-05 -1.15466e-08 -2.94247e-07 9.39028e-05 0.998621 0.000353292 -0.00152256 3.05738e-09 -0.000353295 0.997586
1.2 0.000229659 13.1408 0.00236304 4.1165e-06 -0.0200061 0.0023624 13.1227 -0.00122866 -1.79303e-07 -4.60196e-06 0.00122866 13.1227 0.00552561 -0.0200057 4.89144e-08 -0.00552566 13.1091 0.000179824 3.13261e-07 -0.00152244 0.000179776 0.99862 -9.34993e-05 -1.36447e-08 -3.50204e-07 9.34993e-05 0.99862 0.000420492 -0.00152241 3.72232e-09 -0.000420496 0.997585
1.3 0.000248794 13.1294 0.00277227 4.82726e-06 -0.0199867 0.00277153 13.1113 -0.00122184 -2.08629e-07 -5.39666e-06 0.00122184 13.1113 0.00648007 -0.0199863 5.87612e-08 -0.00648013 13.0977 0.000211149 3.67667e-07 -0.00152228 0.000211092 0.998619 -9.30607e-05 -1.58901e-08 -4.11035e-07 9.30607e-05 0.998619 0.000493553 -0.00152225 4.47553e-09 -0.000493557 0.997584
1.4 0.000267929 13.1172 0.00321391 5.59359e-06 -0.0199658 0.00321305 13.099 -0.00121448 -2.39704e-07 -6.25352e-06 0.00121448 13.099 0.00750929 -0.0199653 6.98445e-08 -0.00750935 13.0855 0.000245016 4.26433e-07 -0.00152211 0.00024495 0.998618 -9.25868e-05 -1.8274e-08 -4.76743e-07 9.25869e-05 0.998618 0.000572478 -0.00152207 5.32466e-09 -0.000572483 0.997582
1.5 0.000287062 13.104 0.00368787 6.41519e-06 -0.0199434 0.00368688 13.0859 -0.00120659 -2.72391e-07 -7.17223e-06 0.00120659 13.0859 0.00861289 -0.0199428 8.22671e-08 -0.00861296 13.0723 0.000281431 4.89559e-07 -0.00152193 0.000281356 0.998617 -9.20778e-05 -2.07869e-08 -5.47331e-07 9.20778e-05 0.998616 0.000657271 -0.00152189 6.27801e-09 -0.000657277 0.997581
1.6 0.000306195 13.0899 0.00419408 7.29173e-06 -0.0199194 0.00419295 13.0718 -0.00119817 -3.06545e-07 -8.15242e-06 0.00119817 13.0718 0.00979047 -0.0199188 9.6139e-08 -0.00979055 13.0582 0.000320405 5.57049e-07 -0.00152174 0.000320319 0.998615 -9.15334e-05 -2.34183e-08 -6.22801e-07 9.15335e-05 0.998615 0.000747939 -0.00152169 7.3445e-09 -0.000747945 0.997579
1.7 0.000325327 13.075 0.00473244 8.22288e-06 -0.019894 0.00473117 13.0569 -0.00118922 -3.42008e-07 -9.19375e-06 0.00118922 13.0568 0.0110416 -0.0198932 1.11578e-07 -0.0110417 13.0433 0.000361946 6.28903e-07 -0.00152153 0.000361849 0.998614 -9.09538e-05 -2.61574e-08 -7.03156e-07 9.09539e-05 0.998614 0.000844485 -0.00152147 8.53369e-09 -0.000844492 0.997577
1.8 0.000344457 13.0591 0.00530285 9.20828e-06 -0.019867 0.00530143 13.041 -0.00117975 -3.78615e-07 -1.02958e-05 0.00117975 13.041 0.0123659 -0.0198661 1.28708e-07 -0.012366 13.0275 0.000406065 7.05123e-07 -0.00152131 0.000405956 0.998613 -9.03388e-05 -2.89924e-08 -7.88399e-07 9.03389e-05 0.998612 0.000946915 -0.00152124 9.85579e-09 -0.000946924 0.997576
1.9 0.000363587 13.0424 0.00590522 1.02476e-05 -0.0198385 0.00590364 13.0243 -0.00116975 -4.16191e-07 -1.14582e-05 0.00116975 13.0243 0.0137628 -0.0198375 1.47661e-07 -0.0137629 13.0107 0.000452772 7.85712e-07 -0.00152108 0.00045265 0.998611 -8.96884e-05 -3.19107e-08 -8.78533e-07 8.96886e-05 0.99861 0.00105524 -0.001521 1.13217e-08 -0.00105525 0.997574
2 0.000382716 13.0248 0.00653944 1.13403e-05 -0.0198085 0.00653769 13.0066 -0.00115924 -4.54552e-07 -1.26804e-05 0.00115924 13.0066 0.0152318 -0.0198074 1.68577e-07 -0.015232 12.9931 0.000502078 8.70671e-07 -0.00152083 0.000501943 0.998609 -8.90026e-05 -3.48991e-08 -9.73562e-07 8.90028e-05 0.998608 0.00116945 -0.00152075 1.29428e-08 -0.00116946 0.997572
2.1 0.000401843 13.0063 0.00720541 1.24861e-05 -0.019777 0.00720348 12.9881 -0.00114821 -4.93503e-07 -1.39621e-05 0.00114821 12.9881 0.0167725 -0.0197758 1.91601e-07 -0.0167727 12.9746 0.000553996 9.60004e-07 -0.00152057 0.000553847 0.998608 -8.82814e-05 -3.79435e-08 -1.07349e-06 8.82816e-05 0.998607 0.00128957 -0.00152048 1.47314e-08 -0.00128958 0.997569
2.2 0.000420969 12.9869 0.00790299 1.36844e-05 -0.019744 0.00790088 12.9688 -0.00113667 -5.32842e-07 -1.53026e-05 0.00113667 12.9688 0.0183842 -0.0197427 2.16886e-07 -0.0183844 12.9553 0.000608537 1.05371e-06 -0.0015203 0.000608374 0.998606 -8.75247e-05 -4.10293e-08 -1.17832e-06 8.75249e-05 0.998605 0.0014156 -0.0015202 1.67004e-08 -0.00141561 0.997567
2.3 0.000440094 12.9666 0.00863207 1.49349e-05 -0.0197095 0.00862977 12.9485 -0.00112463 -5.72356e-07 -1.67016e-05 0.00112463 12.9485 0.0200664 -0.0197081 2.44591e-07 -0.0200666 12.935 0.000665715 1.1518e-06 -0.00152002 0.000665538 0.998604 -8.67324e-05 -4.41408e-08 -1.28805e-06 8.67327e-05 0.998602 0.00154755 -0.00151991 1.88631e-08 -0.00154756 0.997565
2.4 0.000459218 12.9455 0.00939253 1.62371e-05 -0.0196735 0.00939002 12.9274 -0.00111208 -6.11825e-07 -1.81585e-05 0.00111208 12.9274 0.0218185 -0.019672 2.74884e-07 -0.0218187 12.9139 0.000725545 1.25426e-06 -0.00151972 0.000725351 0.998602 -8.59046e-05 -4.72617e-08 -1.40269e-06 8.59049e-05 0.9986 0.00168542 -0.0015196 2.1234e-08 -0.00168543 0.997562
2.5 0.00047834 12.9235 0.0101842 1.75903e-05 -0.0196361 0.0101815 12.9054 -0.00109903 -6.51019e-07 -1.96728e-05 0.00109903 12.9054 0.0236399 -0.0196344 3.07937e-07 -0.0236401 12.8919 0.000788039 1.36111e-06 -0.00151941 0.000787829 0.9986 -8.50411e-05 -5.03749e-08 -1.52225e-06 8.50415e-05 0.998598 0.00182922 -0.00151928 2.38277e-08 -0.00182924 0.997559
2.6 0.000497461 12.9006 0.011007 1.89942e-05 -0.0195972 0.0110041 12.8825 -0.00108548 -6.89699e-07 -2.12438e-05 0.00108549 12.8825 0.0255298 -0.0195953 3.4393e-07 -0.0255301 12.8691 0.000853214 1.47235e-06 -0.00151909 0.000852987 0.998598 -8.41419e-05 -5.34624e-08 -1.64673e-06 8.41424e-05 0.998595 0.00197896 -0.00151894 2.666e-08 -0.00197898 0.997557
2.7 0.00051658 12.8769 0.0118607 2.04482e-05 -0.0195568 0.0118576 12.8588 -0.00107145 -7.27619e-07 -2.2871e-05 0.00107146 12.8588 0.0274877 -0.0195548 3.8305e-07 -0.027488 12.8454 0.000921085 1.58797e-06 -0.00151875 0.00092084 0.998596 -8.32069e-05 -5.65057e-08 -1.77612e-06 8.32075e-05 0.998593 0.00213465 -0.0015186 2.9747e-08 -0.00213467 0.997554
2.8 0.000535698 12.8523 0.0127453 2.19517e-05 -0.019515 0.0127419 12.8343 -0.00105693 -7.64522e-07 -2.45538e-05 0.00105694 12.8342 0.0295128 -0.0195129 4.25489e-07 -0.0295131 12.8209 0.000991669 1.70799e-06 -0.0015184 0.000991406 0.998593 -8.22362e-05 -5.9485e-08 -1.91045e-06 8.22369e-05 0.99859 0.0022963 -0.00151823 3.3106e-08 -0.00229632 0.99755
2.9 0.000554814 12.8269 0.0136604 2.35041e-05 -0.0194717 0.0136568 12.8088 -0.00104193 -8.00145e-07 -2.62914e-05 0.00104194 12.8088 0.0316044 -0.0194694 4.71446e-07 -0.0316047 12.7955 0.00106498 1.8324e-06 -0.00151804 0.0010647 0.998591 -8.12296e-05 -6.23802e-08 -2.04971e-06 8.12304e-05 0.998587 0.00246391 -0.00151786 3.67544e-08 -0.00246394 0.997547
3 0.000573928 12.8006 0.0146061 2.51048e-05 -0.019427 0.0146022 12.7826 -0.00102645 -8.34217e-07 -2.80834e-05 0.00102646 12.7825 0.0337618 -0.0194246 5.21127e-07 -0.0337621 12.7692 0.00114104 1.96121e-06 -0.00151766 0.00114074 0.998588 -8.01871e-05 -6.51699e-08 -2.19391e-06 8.0188e-05 0.998584 0.00263751 -0.00151747 4.07109e-08 -0.00263753 0.997544
3.1 0.00059304 12.7735 0.0155821 2.67533e-05 -0.0193809 0.0155779 12.7555 -0.0010105 -8.66457e-07 -2.9929e-05 0.00101051 12.7554 0.0359841 -0.0193783 5.74742e-07 -0.0359844 12.7421 0.00121987 2.09443e-06 -0.00151727 0.00121955 0.998586 -7.91087e-05 -6.78322e-08 -2.34304e-06 7.91096e-05 0.998581 0.00281708 -0.00151706 4.49947e-08 -0.00281711 0.99754
3.2 0.000612151 12.7456 0.0165882 2.84488e-05 -0.0193333 0.0165838 12.7275 -0.000994081 -8.96579e-07 -3.18274e-05 0.000994096 12.7275 0.0382706 -0.0193305 6.32509e-07 -0.038271 12.7142 0.00130148 2.23205e-06 -0.00151686 0.00130114 0.998583 -7.79941e-05 -7.03442e-08 -2.49713e-06 7.79953e-05 0.998577 0.00300265 -0.00151665 4.96257e-08 -0.00300268 0.997536
3.3 0.00063126 12.7168 0.0176242 3.01907e-05 -0.0192844 0.0176196 12.6988 -0.000977205 -9.24286e-07 -3.37781e-05 0.000977221 12.6987 0.0406205 -0.0192814 6.94651e-07 -0.0406208 12.6854 0.0013859 2.37408e-06 -0.00151645 0.00138553 0.99858 -7.68435e-05 -7.26822e-08 -2.65617e-06 7.68448e-05 0.998574 0.00319423 -0.00151621 5.46246e-08 -0.00319426 0.997532
3.4 0.000650367 12.6872 0.0186901 3.19783e-05 -0.019234 0.0186851 12.6692 -0.000959873 -9.49276e-07 -3.57802e-05 0.000959891 12.6691 0.0430329 -0.0192309 7.61397e-07 -0.0430332 12.6558 0.00147314 2.52052e-06 -0.00151601 0.00147275 0.998577 -7.56567e-05 -7.48215e-08 -2.82018e-06 7.56581e-05 0.99857 0.00339183 -0.00151577 6.00129e-08 -0.00339186 0.997528
3.5 0.000669472 12.6568 0.0197855 3.38111e-05 -0.0191822 0.0197803 12.6387 -0.000942091 -9.7124e-07 -3.78329e-05 0.000942111 12.6386 0.0455069 -0.0191789 8.32981e-07 -0.0455073 12.6254 0.00156323 2.67138e-06 -0.00151557 0.00156282 0.998574 -7.44337e-05 -7.67367e-08 -2.98914e-06 7.44353e-05 0.998566 0.00359545 -0.00151531 6.5813e-08 -0.00359549 0.997524
3.6 0.000688575 12.6255 0.0209103 3.56881e-05 -0.0191291 0.0209048 12.6075 -0.000923865 -9.89859e-07 -3.99356e-05 0.000923888 12.6074 0.0480417 -0.0191256 9.09644e-07 -0.0480421 12.5942 0.00165619 2.82666e-06 -0.00151511 0.00165576 0.998571 -7.31743e-05 -7.84013e-08 -3.16308e-06 7.31761e-05 0.998562 0.00380512 -0.00151483 7.20479e-08 -0.00380515 0.997519
3.7 0.000707676 12.5935 0.0220643 3.76088e-05 -0.0190745 0.0220585 12.5755 -0.000905202 -1.00481e-06 -4.20874e-05 0.000905227 12.5753 0.0506363 -0.0190708 9.9163e-07 -0.0506368 12.5622 0.00175204 2.98636e-06 -0.00151463 0.00175158 0.998568 -7.18785e-05 -7.97881e-08 -3.342e-06 7.18805e-05 0.998558 0.00402083 -0.00151434 7.87415e-08 -0.00402087 0.997514
3.8 0.000726775 12.5606 0.0232473 3.95723e-05 -0.0190186 0.0232412 12.5426 -0.000886107 -1.01576e-06 -4.42876e-05 0.000886134 12.5425 0.0532899 -0.0190148 1.07919e-06 -0.0532904 12.5294 0.00185081 3.1505e-06 -0.00151415 0.00185032 0.998565 -7.05463e-05 -8.08687e-08 -3.5259e-06 7.05485e-05 0.998553 0.00424261 -0.00151384 8.59185e-08 -0.00424265 0.997509
3.9 0.000745871 12.527 0.0244591 4.15779e-05 -0.0189614 0.0244527 12.509 -0.000866586 -1.02238e-06 -4.65352e-05 0.000866616 12.5088 0.0560015 -0.0189573 1.17258e-06 -0.056002 12.4957 0.00195251 3.31907e-06 -0.00151364 0.001952 0.998562 -6.91775e-05 -8.16141e-08 -3.7148e-06 6.918e-05 0.998549 0.00447047 -0.00151332 9.36045e-08 -0.00447051 0.997504
4 0.000764965 12.4925 0.0256994 4.36249e-05 -0.0189028 0.0256926 12.4745 -0.000846646 -1.02431e-06 -4.88294e-05 0.00084668 12.4743 0.0587701 -0.0188985 1.27206e-06 -0.0587706 12.4613 0.00205718 3.49208e-06 -0.00151313 0.00205664 0.998558 -6.77721e-05 -8.19941e-08 -3.90869e-06 6.77748e-05 0.998544 0.00470442 -0.00151279 1.01826e-07 -0.00470446 0.997499
4.1 0.000784057 12.4573 0.026968 4.57124e-05 -0.0188429 0.026961 12.4393 -0.000826293 -1.02122e-06 -5.11694e-05 0.00082633 12.4391 0.0615947 -0.0188384 1.3779e-06 -0.0615952 12.4261 0.00216484 3.66953e-06 -0.00151259 0.00216427 0.998555 -6.633e-05 -8.19775e-08 -4.10759e-06 6.6333e-05 0.998539 0.00494446 -0.00151224 1.1061e-07 -0.00494451 0.997493
4.2 0.000803147 12.4213 0.0282647 4.78397e-05 -0.0187816 0.0282574 12.4033 -0.000805534 -1.01274e-06 -5.35543e-05 0.000805575 12.4031 0.0644743 -0.0187769 1.49037e-06 -0.0644749 12.3901 0.00227551 3.85143e-06 -0.00151205 0.00227492 0.998551 -6.48511e-05 -8.15324e-08 -4.3115e-06 6.48544e-05 0.998534 0.00519063 -0.00151167 1.19985e-07 -0.00519067 0.997487
4.3 0.000822234 12.3845 0.0295894 5.00058e-05 -0.018719 0.0295817 12.3665 -0.000784376 -9.98509e-07 -5.59832e-05 0.000784421 12.3663 0.0674078 -0.0187141 1.60973e-06 -0.0674084 12.3533 0.00238922 4.03778e-06 -0.00151149 0.0023886 0.998547 -6.33353e-05 -8.06257e-08 -4.52043e-06 6.33389e-05 0.998528 0.00544292 -0.00151109 1.2998e-07 -0.00544297 0.997481
4.4 0.000841318 12.3469 0.0309416 5.22101e-05 -0.0186552 0.0309336 12.329 -0.000762826 -9.78164e-07 -5.84552e-05 0.000762874 12.3287 0.0703943 -0.0186501 1.73628e-06 -0.0703949 12.3158 0.00250601 4.22858e-06 -0.00151091 0.00250536 0.998543 -6.17825e-05 -7.92232e-08 -4.73438e-06 6.17865e-05 0.998523 0.00570135 -0.0015105 1.40624e-07 -0.00570141 0.997475
4.5 0.0008604 12.3086 0.0323212 5.44516e-05 -0.01859 0.0323128 12.2907 -0.00074089 -9.51331e-07 -6.09693e-05 0.000740943 12.2904 0.0734326 -0.0185847 1.87029e-06 -0.0734333 12.2775 0.0026259 4.42385e-06 -0.00151032 0.00262522 0.998539 -6.01927e-05 -7.72898e-08 -4.95338e-06 6.0197e-05 0.998517 0.00596595 -0.00150989 1.51949e-07 -0.005966 0.997468
4.6 0.00087948 12.2696 0.033728 5.67294e-05 -0.0185236 0.0337192 12.2516 -0.000718576 -9.17632e-07 -6.35246e-05 0.000718633 12.2513 0.0765217 -0.018518 2.01205e-06 -0.0765224 12.2384 0.00274892 4.62359e-06 -0.00150972 0.0027482 0.998535 -5.85657e-05 -7.47893e-08 -5.17741e-06 5.85704e-05 0.99851 0.00623671 -0.00150927 1.63987e-07 -0.00623677 0.997462
4.7 0.000898556 12.2297 0.0351616 5.90427e-05 -0.0184559 0.0351525 12.2118 -0.00069589 -8.76684e-07 -6.61201e-05 0.000695953 12.2114 0.0796604 -0.0184501 2.16186e-06 -0.0796612 12.1986 0.00287509 4.8278e-06 -0.0015091 0.00287435 0.998531 -5.69015e-05 -7.16846e-08 -5.4065e-06 5.69066e-05 0.998504 0.00651366 -0.00150863 1.7677e-07 -0.00651372 0.997454
4.8 0.00091763 12.1892 0.0366219 6.13907e-05 -0.0183869 0.0366125 12.1712 -0.000672842 -8.28099e-07 -6.87548e-05 0.00067291 12.1709 0.0828477 -0.0183809 2.32e-06 -0.0828485 12.1581 0.00300446 5.03649e-06 -0.00150846 0.00300368 0.998527 -5.51999e-05 -6.79372e-08 -5.64064e-06 5.52055e-05 0.998497 0.00679682 -0.00150797 1.90332e-07 -0.00679688 0.997447
4.9 0.000936701 12.1479 0.0381085 6.37723e-05 -0.0183167 0.0380987 12.1299 -0.000649437 -7.71485e-07 -7.14278e-05 0.00064951 12.1296 0.0860823 -0.0183105 2.48678e-06 -0.0860832 12.1168 0.00313705 5.24966e-06 -0.00150781 0.00313624 0.998523 -5.34608e-05 -6.35077e-08 -5.87985e-06 5.34669e-05 0.99849 0.00708619 -0.0015073 2.04709e-07 -0.00708626 0.997439
5 0.00095577 12.1059 0.0396212 6.61867e-05 -0.0182453 0.0396111 12.0879 -0.000625683 -7.06446e-07 -7.41381e-05 0.000625763 12.0875 0.0893632 -0.0182389 2.6625e-06 -0.0893641 12.0748 0.00327289 5.46732e-06 -0.00150714 0.00327205 0.998518 -5.16842e-05 -5.83556e-08 -6.12414e-06 5.16908e-05 0.998483 0.0073818 -0.00150661 2.19934e-07 -0.00738187 0.997431
5.1 0.000974835 12.0631 0.0411598 6.86329e-05 -0.0181726 0.0411492 12.0452 -0.000601589 -6.32581e-07 -7.68846e-05 0.000601675 12.0448 0.0926891 -0.018166 2.84746e-06 -0.09269 12.0321 0.00341203 5.68947e-06 -0.00150646 0.00341115 0.998513 -4.987e-05 -5.24392e-08 -6.37351e-06 4.98771e-05 0.998476 0.00768366 -0.00150591 2.36046e-07 -0.00768373 0.997423
5.2 0.000993897 12.0197 0.0427238 7.11101e-05 -0.0180988 0.0427129 12.0018 -0.000577162 -5.49486e-07 -7.96663e-05 0.000577254 12.0013 0.0960589 -0.0180919 3.04198e-06 -0.0960598 11.9886 0.00355448 5.91613e-06 -0.00150576 0.00355357 0.998509 -4.8018e-05 -4.57155e-08 -6.62797e-06 4.80256e-05 0.998468 0.00799179 -0.00150519 2.53083e-07 -0.00799187 0.997415
5.3 0.00101296 11.9756 0.0443132 7.36171e-05 -0.0180237 0.0443018 11.9576 -0.000552409 -4.56753e-07 -8.24821e-05 0.000552508 11.9571 0.0994713 -0.0180166 3.24636e-06 -0.0994723 11.9445 0.0037003 6.14728e-06 -0.00150504 0.00369936 0.998504 -4.61281e-05 -3.81405e-08 -6.88754e-06 4.61363e-05 0.99846 0.0083062 -0.00150445 2.71083e-07 -0.00830628 0.997406
5.4 0.00103201 11.9307 0.0459274 7.61532e-05 -0.0179475 0.0459157 11.9128 -0.00052734 -3.53971e-07 -8.5331e-05 0.000527446 11.9122 0.102925 -0.0179402 3.46093e-06 -0.102926 11.8996 0.00384951 6.38296e-06 -0.00150431 0.00384853 0.998499 -4.42002e-05 -2.96689e-08 -7.15222e-06 4.42091e-05 0.998451 0.00862691 -0.0015037 2.90086e-07 -0.008627 0.997396
5.5 0.00105107 11.8852 0.0475664 7.87173e-05 -0.0178702 0.0475543 11.8673 -0.000501962 -2.40725e-07 -8.8212e-05 0.000502075 11.8667 0.106419 -0.0178626 3.68599e-06 -0.10642 11.8541 0.00400216 6.62315e-06 -0.00150357 0.00400114 0.998494 -4.22342e-05 -2.02542e-08 -7.42201e-06 4.22438e-05 0.998442 0.00895394 -0.00150293 3.10133e-07 -0.00895403 0.997387
5.6 0.00107012 11.839 0.0492297 8.13084e-05 -0.0177916 0.0492172 11.8211 -0.000476283 -1.16597e-07 -9.11238e-05 0.000476404 11.8204 0.109952 -0.0177838 3.92187e-06 -0.109953 11.8079 0.00415827 6.86786e-06 -0.0015028 0.00415722 0.998489 -4.02301e-05 -9.84859e-09 -7.69694e-06 4.02404e-05 0.998433 0.00928731 -0.00150214 3.31268e-07 -0.00928741 0.997377
5.7 0.00108916 11.7921 0.050917 8.39255e-05 -0.017712 0.0509041 11.7742 -0.000450311 1.88313e-08 -9.40655e-05 0.000450441 11.7735 0.113523 -0.0177039 4.16889e-06 -0.113524 11.761 0.0043179 7.1171e-06 -0.00150202 0.0043168 0.998484 -3.81876e-05 1.59694e-09 -7.977e-06 3.81986e-05 0.998424 0.00962704 -0.00150134 3.53533e-07 -0.00962714 0.997367
5.8 0.00110821 11.7445 0.0526281 8.65676e-05 -0.0176312 0.0526148 11.7267 -0.000424056 1.65983e-07 -9.70359e-05 0.000424195 11.7259 0.11713 -0.0176229 4.42737e-06 -0.117131 11.7135 0.00448107 7.37088e-06 -0.00150123 0.00447994 0.998478 -3.61067e-05 1.41328e-08 -8.26222e-06 3.61185e-05 0.998414 0.00997314 -0.00150052 3.76973e-07 -0.00997324 0.997356
5.9 0.00112725 11.6963 0.0543626 8.92337e-05 -0.0175493 0.0543489 11.6785 -0.000397525 3.25283e-07 -0.000100034 0.000397673 11.6777 0.120772 -0.0175408 4.69764e-06 -0.120773 11.6653 0.00464784 7.62921e-06 -0.00150041 0.00464666 0.998473 -3.39872e-05 2.78107e-08 -8.55259e-06 3.39998e-05 0.998404 0.0103256 -0.00149968 4.01634e-07 -0.0103257 0.997345
6 0.00172656 11.6475 0.0561203 9.19228e-05 -0.0174663 0.0561062 11.6296 -0.000370728 4.97157e-07 -0.000103058 0.000370885 11.6288 0.124448 -0.0174575 4.98003e-06 -0.124449 11.6164 0.00481823 7.89208e-06 -0.00149958 0.00481702 0.998467 -3.1829e-05 4.26837e-08 -8.84813e-06 3.18425e-05 0.998393 0.0106845 -0.00149882 4.27563e-07 -0.0106846 0.997333
6.2 0.00236869 11.5479 0.0597036 9.73658e-05 -0.0172972 0.0596887 11.53 -0.000316367 8.80343e-07 -0.000109182 0.000316544 11.5291 0.131896 -0.0172879 5.58248e-06 -0.131897 11.5168 0.0051701 8.43149e-06 -0.00149786 0.0051688 0.998455 -2.73961e-05 7.62342e-08 -9.45475e-06 2.74115e-05 0.998371 0.0114217 -0.00149706 4.83421e-07 -0.0114218 0.997309
6.4 0.00244479 11.4458 0.0633754 0.000102888 -0.0171238 0.0633596 11.428 -0.000261044 1.31898e-06 -0.000115398 0.000261243 11.4269 0.139463 -0.017114 6.23737e-06 -0.139464 11.4147 0.00553701 8.98919e-06 -0.00149608 0.00553563 0.998443 -2.2807e-05 1.15237e-07 -1.00822e-05 2.28244e-05 0.998347 0.0121847 -0.00149523 5.44949e-07 -0.0121848 0.997283
6.6 0.00252085 11.3413 0.067133 0.000108482 -0.0169464 0.0671164 11.3235 -0.000204829 1.81653e-06 -0.000121697 0.000205052 11.3222 0.147138 -0.0169361 6.94736e-06 -0.14714 11.3101 0.00591936 9.56521e-06 -0.00149422 0.00591789 0.998431 -1.80605e-05 1.6017e-07 -1.07305e-05 1.80802e-05 0.998321 0.0129737 -0.00149332 6.12574e-07 -0.0129738 0.997256
6.8 0.00259689 11.2344 0.0709735 0.000114137 -0.016765 0.0709561 11.2166 -0.000147797 2.37644e-06 -0.000128069 0.000148045 11.2152 0.154911 -0.0167542 7.71515e-06 -0.154913 11.2032 0.00631751 1.01596e-05 -0.00149229 0.00631596 0.998418 -1.31557e-05 2.11532e-07 -1.13997e-05 1.31778e-05 0.998294 0.013789 -0.00149133 6.86742e-07 -0.0137891 0.997226
7 0.00267289 11.1253 0.0748942 0.000119847 -0.0165798 0.0748758 11.1075 -9.0019e-05 3.00219e-06 -0.000134505 9.02943e-05 11.106 0.16277 -0.0165686 8.5434e-06 -0.162772 11.0941 0.00673189 1.07725e-05 -0.00149028 0.00673024 0.998404 -8.09139e-06 2.69853e-07 -1.209e-05 8.11614e-06 0.998264 0.0146306 -0.00148927 7.67926e-07 -0.0146308 0.997194
7.2 0.00274886 11.014 0.0788919 0.000125601 -0.0163909 0.0788727 10.9962 -3.15709e-05 3.69722e-06 -0.000140995 3.18752e-05 10.9945 0.170704 -0.0163792 9.4348e-06 -0.170706 10.9827 0.00716291 1.14038e-05 -0.0014882 0.00716116 0.99839 -2.86644e-06 3.35685e-07 -1.28014e-05 2.89407e-06 0.998233 0.0154989 -0.00148713 8.56622e-07 -0.015499 0.997161
7.4 0.0028248 10.9005 0.0829638 0.000131392 -0.0161985 0.0829437 10.8828 2.74727e-05 4.46496e-06 -0.000147529 -2.71375e-05 10.8809 0.178701 -0.0161863 1.0392e-05 -0.178703 10.8692 0.00761101 1.20537e-05 -0.00148603 0.00760916 0.998375 2.52031e-06 4.0961e-07 -1.35341e-05 -2.48956e-06 0.998199 0.0163938 -0.00148491 9.53353e-07 -0.016394 0.997124
7.6 0.00290071 10.785 0.0871068 0.00013721 -0.0160027 0.0870858 10.7673 8.70358e-05 5.30882e-06 -0.000154097 -8.66678e-05 10.7652 0.18675 -0.01599 1.14177e-05 -0.186752 10.7536 0.00807665 1.27223e-05 -0.00148379 0.00807471 0.998359 8.07008e-06 4.92241e-07 -1.42881e-05 -8.03596e-06 0.998163 0.0173157 -0.00148261 1.05867e-06 -0.0173159 0.997086
7.8 0.00297657 10.6675 0.0913176 0.000143046 -0.0158036 0.0912957 10.6499 0.000147042 6.23218e-06 -0.00016069 -0.000146639 10.6475 0.19484 -0.0157904 1.25146e-05 -0.194842 10.636 0.00856032 1.34095e-05 -0.00148146 0.00855827 0.998343 1.37841e-05 5.84219e-07 -1.50635e-05 -1.37463e-05 0.998124 0.0182647 -0.00148023 1.17315e-06 -0.0182649 0.997045
8 0.00305241 10.5482 0.0955931 0.000148892 -0.0156013 0.0955704 10.5305 0.000207415 7.23837e-06 -0.000167298 -0.000206976 10.528 0.202958 -0.0155877 1.36852e-05 -0.20296 10.5165 0.00906252 1.41154e-05 -0.00147905 0.00906036 0.998327 1.96636e-05 6.8622e-07 -1.58604e-05 -1.96219e-05 0.998083 0.0192411 -0.00147776 1.2974e-06 -0.0192413 0.997001
8.2 0.0031282 10.427 0.09993 0.000154739 -0.015396 0.0999064 10.4094 0.000268077 8.33067e-06 -0.000173911 -0.000267599 10.4066 0.211094 -0.0153819 1.49321e-05 -0.211096 10.3953 0.00958376 1.48402e-05 -0.00147655 0.0095815 0.998309 2.57098e-05 7.9895e-07 -1.66789e-05 -2.5664e-05 0.998039 0.0202449 -0.0014752 1.43206e-06 -0.0202451 0.996954
8.4 0.00320396 10.3041 0.104325 0.000160577 -0.0151879 0.104301 10.2865 0.00032895 9.51229e-06 -0.000180518 -0.000328432 10.2834 0.219235 -0.0151733 1.62579e-05 -0.219237 10.2722 0.0101246 1.55838e-05 -0.00147396 0.0101222 0.998291 3.19241e-05 9.23155e-07 -1.7519e-05 -3.18739e-05 0.997992 0.0212764 -0.00147255 1.57781e-06 -0.0212767 0.996904
8.6 0.00327968 10.1796 0.108775 0.000166398 -0.014977 0.108749 10.162 0.000389957 1.07864e-05 -0.00018711 -0.000389397 10.1586 0.227369 -0.014962 1.76651e-05 -0.227372 10.1475 0.0106856 1.63463e-05 -0.00147128 0.0106831 0.998273 3.83079e-05 1.05961e-06 -1.8381e-05 -3.82528e-05 0.997942 0.0223359 -0.00146981 1.73535e-06 -0.0223361 0.996851
8.8 0.00335535 10.0534 0.113276 0.000172193 -0.0147636 0.113249 10.0359 0.000451021 1.21561e-05 -0.000193678 -0.000450416 10.0322 0.235486 -0.0147482 1.91561e-05 -0.235489 10.0212 0.0112673 1.71278e-05 -0.00146851 0.0112647 0.998253 4.48624e-05 1.20915e-06 -1.92648e-05 -4.48022e-05 0.997888 0.0234234 -0.00146698 1.90543e-06 -0.0234237 0.996795
9 0.00343099 9.92583 0.117824 0.000177954 -0.0145477 0.117797 9.90829 0.000512064 1.36243e-05 -0.00020021 -0.000511413 9.90431 0.243573 -0.0145319 2.07333e-05 -0.243576 9.89342 0.0118705 1.79283e-05 -0.00146564 0.0118677 0.998233 5.1589e-05 1.37262e-06 -2.01706e-05 -5.15234e-05 0.997831 0.0245393 -0.00146405 2.08883e-06 -0.0245396 0.996735
9.2 0.00350659 9.79682 0.122417 0.00018367 -0.0143295 0.122389 9.7793 0.000573007 1.51941e-05 -0.000206698 -0.000572309 9.77498 0.251619 -0.0143133 2.23992e-05 -0.251621 9.76421 0.0124956 1.8748e-05 -0.00146267 0.0124927 0.998212 5.84891e-05 1.55092e-06 -2.10984e-05 -5.84178e-05 0.997771 0.0256837 -0.00146102 2.28637e-06 -0.025684 0.996672
9.4 0.00358214 9.66648 0.12705 0.000189335 -0.0141092 0.127022 9.64899 0.000633775 1.68681e-05 -0.000213131 -0.000633027 9.64431 0.259611 -0.0140926 2.41559e-05 -0.259614 9.63365 0.0131434 1.95868e-05 -0.0014596 0.0131404 0.99819 6.55642e-05 1.74501e-06 -2.20484e-05 -6.54868e-05 0.997707 0.0268568 -0.00145788 2.49893e-06 -0.0268572 0.996604
9.6 0.00365765 9.53491 0.131721 0.000194939 -0.0138869 0.131691 9.51744 0.00069429 1.86492e-05 -0.0002195 -0.000693491 9.51239 0.267539 -0.0138699 2.60056e-05 -0.267542 9.50184 0.0138146 2.04448e-05 -0.00145642 0.0138115 0.998168 7.28156e-05 1.95588e-06 -2.30207e-05 -7.27318e-05 0.997638 0.0280589 -0.00145465 2.72741e-06 -0.0280592 0.996532
9.8 0.00373311 9.40218 0.136424 0.000200473 -0.0136627 0.136394 9.38473 0.000754476 2.05398e-05 -0.000225795 -0.000753624 9.37929 0.275391 -0.0136454 2.79505e-05 -0.275394 9.36886 0.0145098 2.1322e-05 -0.00145314 0.0145066 0.998145 8.02448e-05 2.18458e-06 -2.40152e-05 -8.01542e-05 0.997566 0.0292901 -0.0014513 2.97277e-06 -0.0292905 0.996456
10 0.00380853 9.26838 0.141157 0.00020593 -0.0134368 0.141126 9.25096 0.000814256 2.25426e-05 -0.000232008 -0.00081335 9.2451 0.283156 -0.0134192 2.99927e-05 -0.283159 9.23478 0.0152299 2.22186e-05 -0.00144975 0.0152266 0.99812 8.78532e-05 2.43221e-06 -2.50322e-05 -8.77554e-05 0.997489 0.0305507 -0.00144785 3.23602e-06 -0.0305511 0.996376
10.2 0.0038839 9.13359 0.145915 0.000211301 -0.0132094 0.145883 9.11619 0.000873557 2.46598e-05 -0.000238127 -0.000872595 9.10991 0.290822 -0.0131915 3.2134e-05 -0.290825 9.09971 0.0159757 2.31345e-05 -0.00144624 0.0159722 0.998095 9.56422e-05 2.6999e-06 -2.60716e-05 -9.55369e-05 0.997407 0.0318409 -0.00144428 3.51822e-06 -0.0318413 0.99629
10.4 0.00395923 8.9979 0.150696 0.000216578 -0.0129805 0.150663 8.98053 0.000932303 2.68937e-05 -0.000244145 -0.000931285 8.97379 0.298378 -0.0129623 3.43763e-05 -0.298382 8.9637 0.0167479 2.40699e-05 -0.00144262 0.0167442 0.998069 0.000103613 2.98889e-06 -2.71336e-05 -0.0001035 0.99732 0.0331609 -0.00144059 3.82048e-06 -0.0331612 0.996199
10.6 0.0040345 8.86139 0.155494 0.000221753 -0.0127505 0.155461 8.84404 0.000990421 2.92464e-05 -0.000250053 -0.000989345 8.83683 0.305814 -0.012732 3.67214e-05 -0.305817 8.82686 0.0175474 2.50247e-05 -0.00143888 0.0175436 0.998042 0.000111768 3.30043e-06 -2.82182e-05 -0.000111647 0.997228 0.0345108 -0.00143679 4.14397e-06 -0.0345112 0.996103
10.8 0.00410973 8.72415 0.160307 0.000226819 -0.0125193 0.160272 8.70682 0.00104784 3.17198e-05 -0.00025584 -0.0010467 8.69912 0.313118 -0.0125005 3.91709e-05 -0.313121 8.68927 0.018375 2.59989e-05 -0.00143501 0.0183711 0.998014 0.000120108 3.63586e-06 -2.93255e-05 -0.000119978 0.997131 0.0358909 -0.00143286 4.48994e-06 -0.0358913 0.996001
11 0.00418491 8.58626 0.165129 0.000231767 -0.0122871 0.165094 8.56895 0.00110448 3.43157e-05 -0.000261499 -0.00110329 8.56073 0.32028 -0.0122681 4.17264e-05 -0.320283 8.551 0.0192318 2.69927e-05 -0.00143102 0.0192277 0.997985 0.000128634 3.99659e-06 -3.04556e-05 -0.000128495 0.997027 0.0373014 -0.00142881 4.85968e-06 -0.0373019 0.995894
11.2 0.00426003 8.4478 0.169958 0.00023659 -0.0120541 0.169922 8.43052 0.00116029 3.70358e-05 -0.000267022 -0.00115903 8.42176 0.327289 -0.012035 4.43894e-05 -0.327293 8.41215 0.0201186 2.80061e-05 -0.00142689 0.0201144 0.997955 0.000137348 4.38408e-06 -3.16084e-05 -0.000137199 0.996918 0.0387425 -0.00142463 5.25455e-06 -0.038743 0.99578
11.4 0.00433511 8.30885 0.174789 0.000241281 -0.0118205 0.174753 8.29159 0.00121518 3.98816e-05 -0.000272399 -0.00121386 8.28228 0.334135 -0.0118011 4.71611e-05 -0.334139 8.27278 0.0210365 2.9039e-05 -0.00142264 0.0210321 0.997923 0.000146251 4.79989e-06 -3.27842e-05 -0.000146093 0.996802 0.0402144 -0.00142031 5.67601e-06 -0.0402149 0.995659
11.6 0.00441013 8.1695 0.179619 0.000245833 -0.0115863 0.179582 8.15227 0.00126909 4.28543e-05 -0.000277622 -0.00126771 8.14237 0.340809 -0.0115668 5.00427e-05 -0.340813 8.133 0.0219865 3.00915e-05 -0.00141824 0.0219819 0.997891 0.000155345 5.24565e-06 -3.39827e-05 -0.000155176 0.996679 0.0417172 -0.00141585 6.12555e-06 -0.0417177 0.995532
11.8 0.0044851 8.02984 0.184442 0.000250238 -0.0113518 0.184405 8.01263 0.00132196 4.59552e-05 -0.000282684 -0.00132052 8.00212 0.347299 -0.0113322 5.30353e-05 -0.347304 7.99288 0.0229696 3.11636e-05 -0.0014137 0.0229649 0.997857 0.000164631 5.72305e-06 -3.52042e-05 -0.000164451 0.996549 0.0432511 -0.00141126 6.60478e-06 -0.0432516 0.995397
12 0.0139046 7.88994 0.189256 0.000254491 -0.011117 0.189218 7.87275 0.00137371 4.91851e-05 -0.000287578 -0.00137221 7.86162 0.353598 -0.0110973 5.61399e-05 -0.353602 7.85249 0.023987 3.22552e-05 -0.00140901 0.0239822 0.997822 0.000174109 6.23391e-06 -3.64487e-05 -0.000173919 0.996411 0.0448163 -0.00140652 7.11538e-06 -0.0448169 0.995254
13 0.0246683 7.18968 0.213036 0.000273252 -0.00994479 0.212995 7.1726 0.00161368 6.72933e-05 -0.000309256 -0.00161188 7.15801 0.381889 -0.00992502 7.33655e-05 -0.381894 7.1495 0.0296308 3.80062e-05 -0.0013832 0.0296252 0.997625 0.000224444 9.35971e-06 -4.30139e-05 -0.000224194 0.995596 0.0531163 -0.00138045 1.02043e-05 -0.0531169 0.994411
14 0.0265294 6.49534 0.235964 0.000287345 -0.00878794 0.235922 6.47837 0.00181714 8.86706e-05 -0.000325704 -0.00181509 6.45977 0.404097 -0.00876882 9.34514e-05 -0.404102 6.45187 0.0363282 4.42387e-05 -0.00135296 0.0363217 0.997387 0.000279761 1.36514e-05 -5.01443e-05 -0.000279445 0.994524 0.0622134 -0.00135002 1.43874e-05 -0.0622141 0.993307
15 0.0283823 5.81616 0.25754 0.000296236 -0.00766293 0.257496 5.79928 0.00197813 0.000113227 -0.000336274 -0.0019759 5.77615 0.419366 -0.00764521 0.000116353 -0.419371 5.76885 0.04428 5.09332e-05 -0.00131752 0.0442725 0.997098 0.000340109 1.94676e-05 -5.78172e-05 -0.000339726 0.99312 0.0721035 -0.00131448 2.0005e-05 -0.0721044 0.991865
16 0.0302266 5.16058 0.277278 0.000299574 -0.00658487 0.277234 5.14378 0.00209207 0.000140748 -0.000340519 -0.00208979 5.11564 0.427064 -0.00656927 0.000141927 -0.427069 5.10893 0.05373 5.80505e-05 -0.00127599 0.0537215 0.996744 0.000405395 2.72737e-05 -6.59846e-05 -0.000404953 0.991291 0.082755 -0.00127297 2.75021e-05 -0.0827559 0.989991
17 0.0320617 4.5361 0.294722 0.000297205 -0.00556717 0.294679 4.51936 0.00215598 0.000170902 -0.000338204 -0.00215382 4.4858 0.426804 -0.00555435 0.000169934 -0.426809 4.47966 0.0649726 6.55199e-05 -0.0012273 0.0649631 0.996309 0.000475293 3.76759e-05 -7.45584e-05 -0.000474816 0.98891 0.0940906 -0.00122448 3.74625e-05 -0.0940915 0.987557
18 0.0338871 3.94916 0.309455 0.000289162 -0.00462138 0.309413 3.93245 0.00216845 0.00020324 -0.000329311 -0.00216662 3.89316 0.418452 -0.00461189 0.000200038 -0.418456 3.88757 0.0783597 7.32213e-05 -0.00117022 0.0783492 0.99577 0.000549093 5.14642e-05 -8.33877e-05 -0.000548629 0.985819 0.10596 -0.00116782 5.06533e-05 -0.105961 0.984404
19 0.0357021 3.40504 0.321109 0.000275666 -0.00375692 0.32107 3.38835 0.00212974 0.00023722 -0.000314031 -0.0021285 3.34311 0.402126 -0.00375122 0.000231817 -0.402128 3.33804 0.0943038 8.0958e-05 -0.00110334 0.0942923 0.995097 0.000625466 6.96673e-05 -9.22252e-05 -0.000625103 0.981811 0.118097 -0.00110166 6.80806e-05 -0.118098 0.980322
20 0.0375062 2.90785 0.329377 0.000257103 -0.00298106 0.329341 2.89114 0.00204166 0.000272215 -0.000292752 -0.00204132 2.83987 0.378189 -0.0029794 0.000264773 -0.37819 2.83528 0.113272 8.84168e-05 -0.00102518 0.113259 0.994254 0.000702121 9.3614e-05 -0.000100676 -0.000702004 0.976622 0.130058 -0.00102461 9.10546e-05 -0.130058 0.975044
21 0.0392989 2.46045 0.334023 0.000234011 -0.00229878 0.333991 2.4437 0.00190753 0.00030754 -0.00026604 -0.00190842 2.38644 0.347232 -0.00230126 0.000298345 -0.347232 2.3823 0.135757 9.51089e-05 -0.00093429 0.135744 0.993192 0.000775277 0.000124993 -0.000108126 -0.000775638 0.969919 0.141125 -0.0009353 0.000121256 -0.141125 0.968238
22 0.0410797 2.06452 0.334889 0.00020705 -0.0017128 0.334861 2.04769 0.00173199 0.000342473 -0.000234614 -0.00173446 1.98462 0.310052 -0.00171932 0.000331926 -0.310049 1.9809 0.162212 0.00010029 -0.000829637 0.162198 0.991851 0.000838931 0.000165885 -0.000113641 -0.00084013 0.961301 0.150181 -0.000832794 0.000160777 -0.15018 0.959498
23 0.0428479 1.72055 0.331898 0.000176977 -0.00122365 0.331875 1.70362 0.00152082 0.000376282 -0.000199316 -0.00152525 1.63507 0.267616 -0.00123389 0.000364885 -0.267612 1.63172 0.192902 0.00010286 -0.000711194 0.192888 0.99016 0.000883914 0.000218698 -0.000115844 -0.000886488 0.950315 0.155541 -0.000717147 0.000212074 -0.155538 0.94837
24 0.0446031 1.42799 0.325064 0.000144611 -0.000829749 0.325046 1.41092 0.00128076 0.000408252 -0.000161076 -0.0012875 1.33734 0.221033 -0.000843205 0.000396582 -0.221027 1.33433 0.227638 0.000101269 -0.000581061 0.227625 0.988046 0.000896896 0.000285893 -0.000112799 -0.000901616 0.936517 0.154786 -0.000590484 0.00027772 -0.154782 0.934411
25 0.0463447 1.18526 0.314488 0.000110805 -0.000527591 0.314474 1.16801 0.0010192 0.000437707 -0.000120881 -0.00102858 1.08999 0.171511 -0.000543566 0.000426395 -0.171503 1.08728 0.265334 9.34859e-05 -0.000445128 0.265322 0.985452 0.000859898 0.000369294 -0.000101987 -0.000867814 0.919621 0.144704 -0.000458607 0.00035975 -0.144697 0.917339
26 0.0480722 0.989904 0.30036 7.64156e-05 -0.000311929 0.30035 0.972456 0.000743956 0.000464037 -7.9736e-05 -0.000756275 0.890686 0.120315 -0.000329567 0.000453735 -0.120305 0.888249 0.303423 7.71949e-05 -0.00031511 0.303414 0.982374 0.000751543 0.000468769 -8.05493e-05 -0.000763988 0.89977 0.121542 -0.000332928 0.000458362 -0.121532 0.897308
27 0.049785 0.838743 0.282952 4.22739e-05 -0.000176019 0.282947 0.821059 0.000462998 0.000486715 -3.8634e-05 -0.000478483 0.736343 0.0687286 -0.000194335 0.000478066 -0.0687174 0.734139 0.337353 5.04015e-05 -0.000209861 0.337347 0.978916 0.000552014 0.000580291 -4.60617e-05 -0.000570476 0.877912 0.0819424 -0.000231699 0.000569979 -0.081929 0.875284
28 0.0514827 0.727972 0.262617 9.15925e-06 -0.000111884 0.262616 0.710022 0.000184174 0.000505318 1.47752e-06 -0.000202979 0.623233 0.0180099 -0.000129805 0.000498925 -0.0179978 0.621231 0.360752 1.25819e-05 -0.000153693 0.36075 0.975343 0.000252996 0.000694145 2.02964e-06 -0.000278828 0.856123 0.0247398 -0.000178311 0.000685363 -0.0247232 0.853373
29 0.0531646 0.653328 0.239775 -2.22217e-05 -0.00011059 0.239778 0.635085 -8.50296e-05 0.000519539 3.9723e-05 6.28447e-05 0.547152 -0.0306443 -0.000127002 0.000515936 0.0306567 0.545323 0.367006 -3.4013e-05 -0.000169272 0.36701 0.972078 -0.000130148 0.00079522 6.08011e-05 9.61917e-05 0.837485 -0.0469049 -0.000194392 0.000789705 0.0469239 0.834685
30 0.0548304 0.610232 0.214907 -5.12521e-05 -0.00016254 0.214913 0.591673 -0.000337724 0.000529196 7.53228e-05 0.000312204 0.503553 -0.0761347 -0.000176339 0.000528821 0.0761468 0.501868 0.352172 -8.39878e-05 -0.000266358 0.352182 0.969587 -0.000553435 0.000867203 0.000123433 0.000511615 0.825182 -0.124763 -0.00028897 0.00086659 0.124783 0.822422
31 0.0564795 0.593933 0.188538 -7.74176e-05 -0.000257764 0.188546 0.575038 -0.000567813 0.000534234 0.000107611 0.000539119 0.487688 -0.11749 -0.00026791 0.00053741 0.117501 0.486124 0.31744 -0.000130347 -0.000433995 0.317454 0.968185 -0.000956022 0.000899485 0.000181183 0.00090771 0.821115 -0.197816 -0.000451078 0.000904831 0.197835 0.818483
32 0.0581114 0.59964 0.161226 -0.000100314 -0.0003862 0.161236 0.580391 -0.000770164 0.000534729 0.000136047 0.000738575 0.494747 -0.153891 -0.000391772 0.000541643 0.1539 0.493283 0.268872 -0.00016729 -0.000644054 0.268889 0.9679 -0.00128438 0.000891751 0.000226882 0.0012317 0.825073 -0.256639 -0.000653345 0.000903281 0.256654 0.822632
33 0.0597256 0.622645 0.133546 -0.000119648 -0.000537966 0.133558 0.603033 -0.000940727 0.00053088 0.000160227 0.000906643 0.51998 -0.184689 -0.000538205 0.000541578 0.184696 0.518595 0.214482 -0.00019216 -0.000864 0.214501 0.968501 -0.00151086 0.000852621 0.000257333 0.00145611 0.835114 -0.296621 -0.000864385 0.000869802 0.296632 0.83289
34 0.0613216 0.65844 0.106075 -0.000135238 -0.000703597 0.106087 0.638456 -0.00107662 0.000523 0.000179878 0.00104056 0.558808 -0.209422 -0.000697958 0.000537381 0.209426 0.557486 0.1611 -0.000205392 -0.00106858 0.161119 0.96965 -0.00163511 0.000794302 0.000273189 0.00158034 0.848685 -0.318058 -0.00106002 0.000816143 0.318064 0.846677
35 0.0628989 0.702805 0.0793734 -0.000147008 -0.000874272 0.0793855 0.682448 -0.00117618 0.000511503 0.000194863 0.00113876 0.606925 -0.227813 -0.000862453 0.000529325 0.227814 0.605649 0.112938 -0.000209174 -0.00124398 0.112955 0.971036 -0.00167356 0.000727803 0.000277265 0.0016203 0.863575 -0.324149 -0.00122716 0.000753161 0.324149 0.86176
36 0.064457 0.751887 0.0539748 -0.000154976 -0.00104199 0.0539862 0.731161 -0.00123895 0.000496891 0.000205167 0.00120087 0.66037 -0.239777 -0.00102396 0.000517779 0.239773 0.659128 0.0717857 -0.000206115 -0.00138583 0.0718009 0.972434 -0.00164778 0.000660859 0.00027287 0.00159714 0.878284 -0.3189 -0.00136185 0.000688639 0.318895 0.876632
37 0.0659956 0.802264 0.0303683 -0.000159242 -0.00119971 0.0303786 0.781176 -0.00126562 0.000479733 0.000210888 0.00122766 0.7156 -0.245408 -0.00117573 0.000503196 0.2454 0.714381 0.0378533 -0.000198491 -0.00149541 0.0378661 0.973714 -0.00157756 0.000597973 0.000262866 0.00153024 0.891975 -0.305894 -0.00146551 0.000627219 0.305884 0.890456
38 0.067514 0.850981 0.0089876 -0.000159982 -0.00134149 0.00899628 0.829541 -0.00125798 0.000460645 0.000212222 0.00122096 0.769528 -0.244972 -0.00131209 0.000486096 0.24496 0.768322 0.0105615 -0.000187997 -0.0015764 0.0105717 0.974806 -0.00147827 0.000541311 0.000249385 0.00143477 0.904283 -0.28787 -0.00154186 0.000571219 0.287856 0.902867
39 0.0690118 0.895575 -0.00980027 -0.000157422 -0.00146251 -0.00979362 0.873799 -0.00121878 0.000440273 0.000209447 0.00118356 0.819553 -0.238885 -0.00142851 0.000467055 0.238869 0.818354 -0.010943 -0.000175778 -0.00163304 -0.0109356 0.975686 -0.0013609 0.000491609 0.000233868 0.00132156 0.915114 -0.266739 -0.00159508 0.000521514 0.266722 0.913775
40 0.10628 0.934084 -0.0257031 -0.000151835 -0.00155914 -0.0256989 0.911991 -0.00115162 0.000419267 0.000202903 0.00111901 0.863575 -0.227697 -0.0015216 0.000446679 0.227677 0.862377 -0.0275169 -0.00016255 -0.00166917 -0.0275124 0.976348 -0.00123289 0.000448854 0.000217221 0.00119798 0.924515 -0.243765 -0.00162897 0.000478199 0.243744 0.923233
42 0.146749 0.987445 -0.0480932 -0.000132796 -0.00167054 -0.0480944 0.96478 -0.000950892 0.000377877 0.000180094 0.000925815 0.927655 -0.19272 -0.00162985 0.000404411 0.192695 0.926453 -0.0487047 -0.000134484 -0.00169178 -0.0487059 0.977046 -0.000962982 0.000382682 0.000182383 0.000937586 0.939449 -0.19517 -0.00165057 0.000409553 0.195145 0.938232
44 0.152348 1.00476 -0.0575067 -0.000105405 -0.00166906 -0.0575137 0.981606 -0.000694637 0.000341088 0.000147159 0.000679549 0.954446 -0.146104 -0.00163123 0.000364119 0.146078 0.953249 -0.0572344 -0.000104906 -0.00166115 -0.0572413 0.976958 -0.000691347 0.000339472 0.000146462 0.000676331 0.949925 -0.145412 -0.00162351 0.000362395 0.145386 0.948734
46 0.157761 0.986014 -0.054581 -7.22024e-05 -0.00156328 -0.0545934 0.962451 -0.000423804 0.000312488 0.000107495 0.000420095 0.943118 -0.0943608 -0.00153431 0.000329993 0.0943378 0.941961 -0.0553552 -7.32266e-05 -0.00158545 -0.0553678 0.976103 -0.000429815 0.00031692 0.000109019 0.000426054 0.956496 -0.0956992 -0.00155608 0.000334673 0.0956759 0.955322
48 0.162982 0.935912 -0.0410992 -3.55758e-05 -0.001373 -0.0411161 0.911989 -0.000176093 0.000294283 6.42328e-05 0.000183832 0.89782 -0.0436555 -0.00135779 0.000305112 0.0436404 0.896766 -0.0439135 -3.80119e-05 -0.00146702 -0.0439316 0.974439 -0.000188152 0.000314434 6.86312e-05 0.00019642 0.959299 -0.0466449 -0.00145077 0.000326005 0.0466287 0.958173
50 0.168004 0.862122 -0.0197022 2.23961e-06 -0.00112467 -0.0197222 0.837848 1.83452e-05 0.000287121 2.01261e-05 -4.78173e-07 0.825967 0.000833556 -0.0011261 0.000291116 -0.000837193 0.825114 -0.0228532 2.59779e-06 -0.00130454 -0.0228763 0.971845 2.12791e-05 0.00033304 2.33449e-05 -5.54647e-07 0.958063 0.000966866 -0.00130619 0.000337674 -0.000971085 0.957074
52 0.172821 0.773619 0.00647279 3.90732e-05 -0.000846833 0.00645177 0.748961 0.000139717 0.000290109 -2.24044e-05 -0.00011429 0.736582 0.0353521 -0.000865154 0.00028806 -0.0353424 0.736062 0.0083669 5.0507e-05 -0.00109464 0.00833972 0.968126 0.000180601 0.000375002 -2.89605e-05 -0.000147734 0.952125 0.0456971 -0.00111832 0.000372353 -0.0456845 0.951452
54 0.177428 0.679294 0.0341762 7.26954e-05 -0.00056628 0.0341563 0.65417 0.000179697 0.00030101 -6.11204e-05 -0.000150205 0.638866 0.0577706 -0.000598973 0.000294464 -0.057748 0.638837 0.0503114 0.000107016 -0.00083363 0.050282 0.963014 0.000264535 0.000443122 -8.99764e-05 -0.000221119 0.940485 0.0850451 -0.000881758 0.000433485 -0.0850117 0.940443
56 0.181819 0.586914 0.0604007 0.00010073 -0.000305171 0.0603838 0.561208 0.000140943 0.000316592 -9.37941e-05 -0.000111346 0.541103 0.0675641 -0.000347281 0.000307559 -0.0675312 0.541741 0.102912 0.000171627 -0.000519959 0.102884 0.956201 0.000240143 0.000539418 -0.000159809 -0.000189714 0.921945 0.115118 -0.000591706 0.000524028 -0.115062 0.923033
58 0.185988 0.502494 0.0826664 0.000120662 -7.94309e-05 0.0826543 0.476071 3.52843e-05 0.000333079 -0.000118099 -9.48326e-06 0.449959 0.0656103 -0.00012434 0.000323681 -0.0655717 0.45144 0.164512 0.000240126 -0.000158073 0.164488 0.947416 7.02185e-05 0.000662853 -0.000235026 -1.88724e-05 0.895453 0.130569 -0.000247447 0.000644149 -0.130493 0.8984
60 0.286303 0.430029 0.0992108 0.000129975 0.000101654 0.0992044 0.402761 -0.000118973 0.000346657 -0.000131635 0.000137648 0.370148 0.0538617 6.11454e-05 0.000338775 -0.053823 0.372624 0.230707 0.000302248 0.000236388 0.230692 0.936591 -0.000276662 0.000806124 -0.000306107 0.000320091 0.860751 0.125251 0.000142189 0.000787794 -0.125161 0.866508
64 0.394175 0.327347 0.112071 0.000108439 0.000321546 0.112076 0.29817 -0.000486222 0.000352489 -0.000117773 0.000484948 0.253666 0.0118253 0.000307954 0.000350964 -0.0118022 0.258381 0.342363 0.000331266 0.000982278 0.342377 0.910869 -0.00148534 0.00107681 -0.000359781 0.00148145 0.774916 0.0361248 0.000940757 0.00107215 -0.036054 0.789317
68 0.406626 0.276782 0.100037 2.85564e-05 0.000375706 0.100046 0.24592 -0.000798367 0.000319035 -4.26137e-05 0.000778548 0.194193 -0.0359276 0.000398363 0.00032334 0.0359256 0.200948 0.361429 0.000103173 0.00135741 0.361463 0.888498 -0.00288446 0.00115266 -0.000153961 0.00281286 0.701611 -0.129805 0.00143927 0.00116821 0.129798 0.726016
72 0.417095 0.261465 0.0723774 -9.47735e-05 0.000313499 0.0723836 0.229871 -0.000954171 0.000249741 8.13322e-05 0.000926788 0.177294 -0.0712726 0.000360026 0.000254967 0.0712544 0.185222 0.276815 -0.000362472 0.00119901 0.276839 0.879165 -0.00364933 0.000955161 0.000311064 0.0035446 0.678081 -0.27259 0.00137696 0.000975151 0.27252 0.7084
76 0.425533 0.261126 0.0410307 -0.000220274 0.000182758 0.0410291 0.230178 -0.000938275 0.000161679 0.000212624 0.000918499 0.182483 -0.0850578 0.000226631 0.000163243 0.0850438 0.190401 0.15713 -0.000843554 0.000699886 0.157124 0.881482 -0.00359319 0.000619159 0.000814258 0.00351745 0.698829 -0.325734 0.0008679 0.000625152 0.325681 0.729155
80 0.431897 0.259371 0.0159953 -0.000291892 2.5795e-05 0.015988 0.230121 -0.00080501 7.36658e-05 0.000291954 0.00080474 0.190646 -0.0770624 4.18609e-05 7.19649e-05 0.0770684 0.197809 0.0616698 -0.00112539 9.94523e-05 0.0616416 0.887228 -0.0031037 0.000284017 0.00112562 0.00310266 0.735033 -0.297113 0.000161394 0.000277459 0.297136 0.76265
84 0.436158 0.246961 0.002975 -0.000265506 -0.000113598 0.00296735 0.219261 -0.000640442 -4.48582e-06 0.000271292 0.000661962 0.188042 -0.0535947 -0.000134978 -3.54961e-06 0.0536208 0.19494 0.0120464 -0.00107509 -0.000459982 0.0120155 0.887838 -0.00259329 -1.81641e-05 0.00109852 0.00268043 0.761424 -0.217017 -0.000546557 -1.43732e-05 0.217123 0.789356
88 0.328636 0.22254 0.00307066 -0.000139448 -0.000192452 0.00306571 0.194571 -0.000522279 -7.46697e-05 0.000146997 0.000556195 0.168304 -0.0245646 -0.00024015 -6.46324e-05 0.0245972 0.177023 0.0137982 -0.000626622 -0.000864797 0.013776 0.87432 -0.0023469 -0.000335534 0.000660541 0.00249931 0.756287 -0.110383 -0.00107913 -0.000290431 0.11053 0.795468
90 0.219313 0.207335 0.00732399 -5.46167e-05 -0.000200078 0.0073199 0.178107 -0.00049508 -0.000109175 6.15169e-05 0.000528981 0.152244 -0.0113539 -0.000251678 -9.39565e-05 0.0113837 0.163044 0.0353245 -0.000263423 -0.000965001 0.0353047 0.859029 -0.00238783 -0.000526566 0.000296703 0.00255134 0.73429 -0.0547612 -0.00121387 -0.000453163 0.0549051 0.78638
92 0.328636 0.191586 0.0136444 2.96643e-05 -0.000185771 0.0136402 0.160248 -0.000490733 -0.00014442 -2.43764e-05 0.000520077 0.133147 -0.000676376 -0.000234029 -0.000125158 0.000700887 0.146869 0.0712182 0.000154836 -0.000969651 0.0711962 0.836431 -0.00256143 -0.000753813 -0.000127235 0.00271459 0.694974 -0.0035304 -0.00122154 -0.000653273 0.00365834 0.766598
96 0.436158 0.163581 0.0296443 0.000141495 -0.000104718 0.0296368 0.125799 -0.000537082 -0.000217475 -0.000142348 0.000546468 0.0912701 0.00937901 -0.000127721 -0.000197666 -0.00936644 0.112912 0.181221 0.000864987 -0.000640158 0.181175 0.769032 -0.00328329 -0.00132947 -0.000870203 0.00334066 0.557951 0.0573357 -0.00078078 -0.00120837 -0.0572588 0.690252
100 0.431897 0.147597 0.0451326 9.7768e-05 3.63402e-06 0.0451213 0.101996 -0.000612138 -0.000287695 -0.000108431 0.000597242 0.054823 0.00164741 1.62331e-05 -0.000279188 -0.00163974 0.0853905 0.305783 0.000662398 2.46212e-05 0.305706 0.691046 -0.00414736 -0.00194919 -0.000734644 0.00404644 0.371437 0.0111616 0.000109983 -0.00189156 -0.0111096 0.578538
104 0.425533 0.14769 0.0549526 -0.000140643 8.1434e-05 0.0549424 0.0956524 -0.000651809 -0.00033965 0.000119132 0.000622899 0.0340289 -0.0212842 0.00011753 -0.000347263 0.0212952 0.0716733 0.372081 -0.00095229 0.000551386 0.372012 0.647658 -0.00441337 -0.00229975 0.000806634 0.00421762 0.230408 -0.144114 0.000795788 -0.00235131 0.144189 0.485297
108 0.417095 0.160403 0.0562743 -0.000518541 9.62389e-05 0.0562719 0.105544 -0.00061007 -0.000354935 0.000491471 0.00058615 0.032084 -0.0506446 0.000128899 -0.000370444 0.0506593 0.0727793 0.35083 -0.00323273 0.00059998 0.350815 0.657991 -0.00380335 -0.00221276 0.00306397 0.00365423 0.20002 -0.315733 0.000803594 -0.00230946 0.315824 0.453727
112 0.406626 0.17626 0.0494833 -0.000900085 6.34713e-05 0.0494915 0.12205 -0.00048392 -0.000321248 0.000879108 0.000480357 0.0430674 -0.0746443 6.98034e-05 -0.000327946 0.0746562 0.0831149 0.28074 -0.00510657 0.0003601 0.280786 0.692443 -0.00274549 -0.00182258 0.00498755 0.00272527 0.24434 -0.423489 0.000396025 -0.00186057 0.423556 0.471546
116 0.394175 0.185053 0.0379047 -0.00113172 3.74506e-05 0.0379188 0.131454 -0.000315999 -0.000241119 0.00112801 0.000333937 0.0544591 -0.0836238 1.54474e-05 -0.000226441 0.0836285 0.0939079 0.204832 -0.00611565 0.000202378 0.204908 0.71036 -0.00170761 -0.00130297 0.00609561 0.00180455 0.294289 -0.45189 8.34754e-05 -0.00122366 0.451916 0.507465
120 0.379804 0.182231 0.0263346 -0.00112286 7.32563e-05 0.026345 0.123183 -0.000171135 -0.00013687 0.00113739 0.000196746 0.0534407 -0.0748769 4.25869e-05 -0.000103094 0.0748801 0.0985535 0.144512 -0.00616171 0.000401996 0.144569 0.67597 -0.000939108 -0.00075108 0.00624144 0.00107965 0.293257 -0.410889 0.000233697 -0.000565729 0.410907 0.540815
124 0.363583 0.172379 0.019014 -0.000897398 0.000181541 0.0190118 0.0961486 -9.88785e-05 -4.79509e-05 0.000917451 0.000113587 0.0338188 -0.0544368 0.000166311 -1.18495e-05 0.0544509 0.0965863 0.110303 -0.00520594 0.00105315 0.110291 0.557773 -0.00057361 -0.000278171 0.00532227 0.000658936 0.196188 -0.315796 0.000964796 -6.87407e-05 0.315878 0.560312
128 0.34559 0.166978 0.0180567 -0.000583191 0.000306025 0.0180385 0.0603274 -0.000104517 -1.82327e-05 0.000590445 9.8654e-05 -0.000308082 -0.0343411 0.000313624 5.72818e-07 0.0343736 0.0934893 0.108138 -0.00349263 0.00183273 0.108029 0.36129 -0.000625933 -0.000109192 0.00353607 0.000590821 -0.00184504 -0.205663 0.00187823 3.4305e-06 0.205858 0.55989
132 0.325914 0.177019 0.023104 -0.000342678 0.00034347 0.0230746 0.0321336 -0.000147368 -7.5861e-05 0.000327647 0.000126646 -0.0364539 -0.0263127 0.000358468 -8.26005e-05 0.0263565 0.0960601 0.130517 -0.00193583 0.0019403 0.130351 0.181527 -0.0008325 -0.000428547 0.00185091 0.000715438 -0.205932 -0.148643 0.00202502 -0.00046662 0.148891 0.542655
136 0.304649 0.2047 0.0322303 -0.000283702 0.000201868 0.0322011 0.0257741 -0.000167886 -0.000214491 0.000254354 0.000147828 -0.0604242 -0.035067 0.000201088 -0.000237562 0.0351022 0.106168 0.157451 -0.00138594 0.000986163 0.157309 0.125911 -0.000820154 -0.00104783 0.00124256 0.000722168 -0.295184 -0.171309 0.000982353 -0.00116054 0.171481 0.51865
140 0.281901 0.239854 0.0433336 -0.000401825 -0.000133535 0.0433183 0.0454268 -0.000125798 -0.000387648 0.000378295 0.000119206 -0.0641261 -0.0551103 -0.000158449 -0.000406845 0.0551176 0.117339 0.180667 -0.00167529 -0.000556735 0.180603 0.189394 -0.000524476 -0.00161618 0.00157719 0.000496993 -0.267355 -0.229766 -0.000660605 -0.00169622 0.229796 0.489212
144 0.257779 0.264543 0.0549924 -0.000587172 -0.000568506 0.0549988 0.0829216 -2.4224e-05 -0.000523625 0.000586407 3.21424e-05 -0.0500769 -0.0732504 -0.000602425 -0.000521963 0.0732258 0.117313 0.207877 -0.00221957 -0.00214902 0.207902 0.313453 -9.15696e-05 -0.00197936 0.00221668 0.000121502 -0.189296 -0.276894 -0.00227723 -0.00197308 0.276802 0.443454
148 0.232401 0.264235 0.0662466 -0.000691267 -0.000929982 0.06627 0.122469 9.50594e-05 -0.000557385 0.000714158 -8.22171e-05 -0.0300514 -0.0758291 -0.000948237 -0.00053287 0.0757886 0.0959154 0.250711 -0.00261611 -0.00351953 0.2508 0.463484 0.000359754 -0.00210943 0.00270274 -0.000311152 -0.11373 -0.286976 -0.00358862 -0.00201665 0.286823 0.362993
152 0.205891 0.239126 0.0756662 -0.00061478 -0.00104899 0.0756882 0.149672 0.000180036 -0.000464262 0.000645945 -0.000173591 -0.0187574 -0.0567267 -0.00104098 -0.000430993 0.0566968 0.0536547 0.316428 -0.00257094 -0.00438675 0.31652 0.625913 0.000752889 -0.00194149 0.00270127 -0.00072594 -0.0784416 -0.237225 -0.00435326 -0.00180237 0.2371 0.224378
156 0.178378 0.207875 0.0807214 -0.000365053 -0.000850241 0.0807193 0.159316 0.000200213 -0.000275918 0.000384606 -0.00020484 -0.0263125 -0.0213958 -0.000830074 -0.000254072 0.0213974 0.0050057 0.388317 -0.00175611 -0.00409015 0.388307 0.7664 0.000963138 -0.00132733 0.00185018 -0.000985401 -0.126578 -0.102926 -0.00399314 -0.00122223 0.102934 0.0240803
160 0.0971232 0.199776 0.078349 -4.97227e-05 -0.00039263 0.0783104 0.157135 0.000161278 -6.67941e-05 4.7044e-05 -0.000173451 -0.0537827 0.0157321 -0.00038626 -6.88928e-05 -0.0156959 -0.0270094 0.392184 -0.000248893 -0.00196535 0.391991 0.786556 0.000807296 -0.000334345 0.000235484 -0.000868229 -0.269215 0.0787486 -0.00193347 -0.000344851 -0.0785675 -0.135198
161 0.0357021 0.204513 0.0763229 2.22324e-05 -0.000255235 0.0762757 0.156089 0.00014585 -2.10954e-05 -3.03487e-05 -0.000158812 -0.0630345 0.0233721 -0.000255375 -2.93511e-05 -0.0233291 -0.0298672 0.373194 0.000108709 -0.00124801 0.372963 0.763221 0.000713157 -0.000103149 -0.000148395 -0.000776539 -0.308218 0.114282 -0.0012487 -0.000143517 -0.114072 -0.14604
162 0.0338871 0.212483 0.0736986 8.71775e-05 -0.000114372 0.0736436 0.155224 0.000129375 1.9748e-05 -0.000100229 -0.000142673 -0.0729234 0.0299275 -0.000121545 5.77629e-06 -0.0298789 -0.0302091 0.346844 0.000410279 -0.000538263 0.346585 0.730525 0.000608874 9.29389e-05 -0.000471701 -0.000671453 -0.343196 0.140846 -0.000572021 2.71847e-05 -0.140618 -0.142172
163 0.0320617 0.223785 0.0704874 0.000143431 2.71063e-05 0.0704259 0.154706 0.000112468 5.49219e-05 -0.000160735 -0.000125678 -0.0832699 0.0352472 1.28063e-05 3.58956e-05 -0.0351943 -0.0279294 0.314978 0.000640931 0.000121126 0.314704 0.691317 0.000502574 0.000245423 -0.000718259 -0.000561604 -0.372098 0.157505 5.72257e-05 0.000160402 -0.157269 -0.124805
164 0.0302266 0.238405 0.0667167 0.00018968 0.000166511 0.0666502 0.154671 9.5699e-05 8.38309e-05 -0.000210419 -0.000108452 -0.093892 0.0392262 0.000145421 6.05945e-05 -0.0391706 -0.0230049 0.279846 0.000795621 0.00069844 0.279567 0.648776 0.000401414 0.000351633 -0.000882614 -0.000454906 -0.393835 0.164536 0.000609974 0.000254167 -0.164303 -0.096495
165 0.0283823 0.256214 0.0624297 0.000225032 0.000301406 0.0623599 0.155221 7.95739e-05 0.000106116 -0.000248295 -9.15629e-05 -0.104611 0.0418095 0.000274264 7.96529e-05 -0.0417526 -0.0154988 0.243662 0.000878296 0.00117638 0.243389 0.605825 0.000310576 0.00041417 -0.00096909 -0.000357368 -0.408295 0.163182 0.00107045 0.000310884 -0.16296 -0.0604914
166 0.0265294 0.276971 0.0576861 0.000249046 0.000429673 0.0576148 0.156421 6.45196e-05 0.000121666 -0.000273873 -7.55102e-05 -0.115256 0.0429937 0.000397569 9.30468e-05 -0.0429371 -0.00556138 0.208275 0.000899177 0.00155133 0.208018 0.564754 0.000232947 0.000439273 -0.000988817 -0.000272629 -0.416129 0.155228 0.00143542 0.000335944 -0.155024 -0.0200793
167 0.0246683 0.30032 0.052561 0.000261743 0.00054957 0.0524902 0.158293 5.08696e-05 0.000130612 -0.000287178 -6.07012e-05 -0.125668 0.0428272 0.000513868 0.000100944 -0.0427722 0.00657261 0.175017 0.000871546 0.00182995 0.174781 0.527081 0.000169385 0.000434911 -0.00095624 -0.000202122 -0.418446 0.142605 0.00171107 0.000336122 -0.142422 0.0218854
168 0.0172754 0.325805 0.047144 0.0002636 0.000659761 0.0470754 0.160821 3.88581e-05 0.000133325 -0.000288731 -4.74418e-05 -0.135703 0.0414073 0.000622002 0.000103695 -0.0413552 0.02059 0.1447 0.000809073 0.00202502 0.144489 0.49361 0.000119268 0.000409219 -0.000886207 -0.000145614 -0.416518 0.127092 0.00190913 0.000318274 -0.126932 0.0631974
168.5 0.0109315 0.33918 0.0443574 0.000260731 0.000710914 0.0442905 0.162314 3.35124e-05 0.00013252 -0.000285392 -4.14595e-05 -0.14054 0.0402703 0.000672733 0.000103296 -0.0402201 0.0281878 0.130778 0.00076871 0.00209598 0.130581 0.478548 9.8804e-05 0.000390706 -0.000841418 -0.000122234 -0.414353 0.118728 0.00198341 0.000304546 -0.11858 0.0831055
169 0.0104622 0.352878 0.0415368 0.000255524 0.000759329 0.0414721 0.163947 2.86185e-05 0.000130391 -0.000279522 -3.59308e-05 -0.145238 0.0388767 0.000721131 0.000101815 -0.0388286 0.0361079 0.117709 0.000724114 0.00215182 0.117525 0.464598 8.11002e-05 0.000369507 -0.00079212 -0.000101822 -0.411581 0.11017 0.00204357 0.000288527 -0.110034 0.102324
169.5 0.00999215 0.366818 0.0386965 0.00024815 0.000804956 0.0386344 0.165706 2.41779e-05 0.000127041 -0.000271307 -3.08638e-05 -0.149783 0.0372503 0.000767137 9.93384e-05 -0.0372045 0.0442937 0.105492 0.000676493 0.00219443 0.105323 0.451738 6.59126e-05 0.000346333 -0.000739623 -8.41391e-05 -0.40833 0.10155 0.00209133 0.000270811 -0.101425 0.120751
170 0.0095213 0.380918 0.0358512 0.000238803 0.000847768 0.0357921 0.167577 2.01867e-05 0.000122584 -0.00026096 -2.62604e-05 -0.154165 0.0354169 0.000810712 9.596e-05 -0.0353738 0.0526855 0.094118 0.000626914 0.00222559 0.0939628 0.43993 5.29948e-05 0.000321811 -0.000685081 -6.89398e-05 -0.404719 0.0929779 0.00212831 0.000251918 -0.0928645 0.138312
170.5 0.00904972 0.39509 0.0330161 0.000227693 0.000887762 0.0329602 0.169544 1.66354e-05 0.000117138 -0.000248708 -2.21166e-05 -0.158372 0.0334043 0.000851829 9.17793e-05 -0.0333638 0.0612213 0.0835661 0.000576307 0.00224698 0.0834246 0.429127 4.21053e-05 0.000296485 -0.000629497 -5.59786e-05 -0.40085 0.0845486 0.00215604 0.000232299 -0.0844461 0.154955
171 0.00857745 0.409247 0.0302065 0.000215047 0.000924954 0.0301541 0.171588 1.35099e-05 0.000110833 -0.000234799 -1.84227e-05 -0.162396 0.0312413 0.00089048 8.69008e-05 -0.0312037 0.0698376 0.0738099 0.00052547 0.00226014 0.0736818 0.419277 3.30117e-05 0.000270821 -0.000573735 -4.50161e-05 -0.396817 0.0763386 0.0021759 0.000212343 -0.0762466 0.170649
171.5 0.00810453 0.423298 0.0274377 0.000201103 0.000959381 0.027389 0.17369 1.07919e-05 0.000103801 -0.000219493 -1.5164e-05 -0.166229 0.0289582 0.000926668 8.14334e-05 -0.0289235 0.0784695 0.0648189 0.000475086 0.00226644 0.0647039 0.410324 2.54949e-05 0.000245219 -0.000518531 -3.58236e-05 -0.3927 0.0684108 0.00218916 0.000192378 -0.0683288 0.185376
172 0.00763099 0.437153 0.0247254 0.00018611 0.000991098 0.0246805 0.175829 8.45916e-06 9.61797e-05 -0.00020306 -1.23213e-05 -0.169864 0.0265857 0.00096041 7.54886e-05 -0.026554 0.0870514 0.0565599 0.000425732 0.00226716 0.0564574 0.402213 1.93505e-05 0.000220014 -0.000464506 -2.81854e-05 -0.388568 0.0608155 0.00219696 0.000172682 -0.060743 0.199132
172.5 0.00715688 0.450722 0.0220848 0.000170324 0.00102017 0.022044 0.177984 6.48619e-06 8.81101e-05 -0.000185779 -9.87136e-06 -0.173295 0.0241554 0.000991734 6.91795e-05 -0.0241267 0.0955175 0.0489987 0.000377892 0.00226342 0.0489082 0.394887 1.43907e-05 0.000195487 -0.000412181 -2.19012e-05 -0.384483 0.0535927 0.00220032 0.000153486 -0.0535291 0.211921
173 0.00668221 0.463914 0.0195312 0.000154005 0.00104669 0.0194945 0.180134 4.84496e-06 7.97337e-05 -0.000167931 -7.78761e-06 -0.176517 0.0216989 0.00102068 6.262e-05 -0.0216732 0.103803 0.042101 0.000331969 0.00225621 0.0420217 0.388292 1.04437e-05 0.000171872 -0.000361988 -1.67867e-05 -0.380494 0.0467734 0.00220014 0.000134982 -0.0467182 0.223754
173.5 0.00620704 0.476642 0.0170795 0.000137414 0.00107074 0.0170468 0.182256 3.50537e-06 7.11916e-05 -0.000149801 -6.04089e-06 -0.179526 0.0192475 0.00104728 5.59233e-05 -0.0192249 0.111843 0.035833 0.000288296 0.00224642 0.0357644 0.382376 7.35431e-06 0.000149361 -0.000314284 -1.26738e-05 -0.376647 0.0403816 0.00219721 0.000117328 -0.040334 0.234647
174 0.0057314 0.488819 0.0147441 0.00012081 0.00109242 0.0147154 0.184329 2.43591e-06 6.26233e-05 -0.000131669 -4.60004e-06 -0.182318 0.0168324 0.0010716 4.92006e-05 -0.0168127 0.119574 0.0301627 0.000247146 0.00223481 0.0301041 0.37709 4.98326e-06 0.000128111 -0.000269361 -9.41051e-06 -0.372977 0.0344348 0.00219222 0.000100652 -0.0343944 0.244619
174.5 0.00525531 0.500363 0.0125389 0.000104447 0.00111184 0.0125142 0.18633 1.60431e-06 5.41651e-05 -0.00011381 -3.43266e-06 -0.184892 0.0144836 0.00109368 4.25605e-05 -0.0144667 0.126938 0.0250595 0.000208742 0.00222206 0.0250102 0.372389 3.2063e-06 0.000108252 -0.000227456 -6.86033e-06 -0.369515 0.0289462 0.00218578 8.50593e-05 -0.0289124 0.253691
175 0.00477883 0.511194 0.0104771 8.85712e-05 0.0011291 0.0104562 0.188238 9.78142e-07 4.59483e-05 -9.64927e-05 -2.50575e-06 -0.187244 0.0122302 0.00111359 3.61074e-05 -0.012216 0.133874 0.0204953 0.000173263 0.00220876 0.0204544 0.368232 1.91344e-06 8.98843e-05 -0.000188759 -4.90177e-06 -0.366288 0.0239249 0.00217841 7.06334e-05 -0.023897 0.261885
175.5 0.00430199 0.521238 0.00857117 7.34185e-05 0.00114433 0.00855388 0.190034 5.25426e-07 3.80983e-05 -7.99708e-05 -1.78649e-06 -0.189375 0.0100999 0.00113138 2.99405e-05 -0.0100882 0.140329 0.0164439 0.000140854 0.0021954 0.0164107 0.364582 1.00804e-06 7.30919e-05 -0.000153425 -3.42739e-06 -0.363317 0.0193769 0.00217057 5.74412e-05 -0.0193543 0.269223
176 0.00382481 0.530424 0.00683279 5.9211e-05 0.00115761 0.00681887 0.191697 2.15237e-07 3.07326e-05 -6.44854e-05 -1.2428e-06 -0.191281 0.00811868 0.00114711 2.41531e-05 -0.00810926 0.146252 0.0128818 0.00011163 0.00218243 0.0128555 0.361403 4.05783e-07 5.79397e-05 -0.000121573 -2.34304e-06 -0.36062 0.015306 0.00216264 4.55354e-05 -0.0152883 0.275727
176.5 0.00334735 0.538688 0.0052726 4.61551e-05 0.00116906 0.00526176 0.19321 1.82464e-08 2.39603e-05 -5.02597e-05 -8.44108e-07 -0.192964 0.00631045 0.00116084 1.88312e-05 -0.00630314 0.151595 0.00978784 8.56806e-05 0.0021702 0.00976772 0.358667 3.38719e-08 4.4479e-05 -9.33001e-05 -1.56697e-06 -0.358211 0.0117145 0.00215495 3.49576e-05 -0.0117009 0.281414
177 0.00286963 0.545973 0.00390021 3.44387e-05 0.00117877 0.00389213 0.194556 -9.27501e-08 1.78805e-05 -3.7497e-05 -5.61844e-07 -0.194423 0.00469707 0.00117262 1.40531e-05 -0.00469163 0.156315 0.00714359 6.30778e-05 0.00215902 0.00712879 0.356348 -1.6988e-07 3.27497e-05 -6.86791e-05 -1.02907e-06 -0.356103 0.00860311 0.00214777 2.57396e-05 -0.00859316 0.286305
177.5 0.00239169 0.552227 0.00272413 2.42294e-05 0.00118682 0.00271845 0.195721 -1.42357e-07 1.25811e-05 -2.63784e-05 -3.70063e-07 -0.195657 0.00329788 0.0011825 9.88823e-06 -0.00329407 0.160375 0.00493299 4.38759e-05 0.00214916 0.00492271 0.354422 -2.57787e-07 2.27826e-05 -4.77674e-05 -6.7013e-07 -0.354305 0.00597197 0.00214134 1.79061e-05 -0.00596508 0.290415
178 0.00191357 0.557405 0.00175168 1.56723e-05 0.0011933 0.00174801 0.196693 -1.52151e-07 8.13849e-06 -1.7061e-05 -2.45919e-07 -0.196666 0.00212964 0.00119052 6.39654e-06 -0.00212719 0.163742 0.00314257 2.81166e-05 0.00214082 0.00313598 0.352872 -2.72963e-07 1.46007e-05 -3.06079e-05 -4.41186e-07 -0.352824 0.00382064 0.00213583 1.14756e-05 -0.00381623 0.293758
178.5 0.00143531 0.561471 0.000988944 8.88855e-06 0.00119827 0.000986863 0.197459 -1.4031e-07 4.61599e-06 -9.67552e-06 -1.70102e-07 -0.197451 0.00120628 0.00119672 3.628e-06 -0.00120489 0.166389 0.00176134 1.58308e-05 0.00213417 0.00175764 0.351682 -2.49897e-07 8.22124e-06 -1.72324e-05 -3.02958e-07 -0.351667 0.00214843 0.0021314 6.46159e-06 -0.00214595 0.296345
179 0.000956932 0.564397 0.000440684 3.9737e-06 0.00120179 0.000439754 0.198013 -1.21303e-07 2.06369e-06 -4.32533e-06 -1.27205e-07 -0.198011 0.000538789 0.00120113 1.62199e-06 -0.000538169 0.168296 0.000780806 7.04061e-06 0.00212933 0.000779158 0.35084 -2.14925e-07 3.65646e-06 -7.66363e-06 -2.25383e-07 -0.350837 0.000954628 0.00212816 2.87384e-06 -0.000953529 0.298187
179.5 0.000478484 0.56616 0.000110344 9.96921e-07 0.00120388 0.000110111 0.198348 -1.05643e-07 5.1775e-07 -1.08511e-06 -1.06013e-07 -0.198348 0.000135098 0.00120376 4.06932e-07 -0.000134943 0.169446 0.0001949 1.76085e-06 0.00212639 0.000194488 0.350338 -1.86596e-07 9.14494e-07 -1.91661e-06 -1.87248e-07 -0.350338 0.000238621 0.00212619 7.18758e-07 -0.000238347 0.29929
180 5.98114e-05 0.56675 -1.17375e-17 -5.40267e-18 0.00120457 -5.57703e-18 0.19846 -9.97103e-08 -3.44479e-18 3.06276e-18 -9.97103e-08 -0.19846 -1.36399e-17 0.00120464 9.21567e-18 1.83065e-17 0.16983 -2.07102e-17 -9.53273e-18 0.00212541 -9.84038e-18 0.350172 -1.75934e-07 -6.07815e-18 5.40408e-18 -1.75934e-07 -0.350172 -2.40668e-17 0.00212552 1.62606e-17 3.23008e-17 0.299657
