theta 2pi*dcos S11 S12 S13 S14 S21 S22 S23 S24 S31 S32 S33 S34 S41 S42 S43 S44 S12_norm S13_norm S14_norm S21_norm S22_norm S23_norm S24_norm S31_norm S32_norm S33_norm S34_norm S41_norm S42_norm S43_norm S44_norm
0 2.39246e-06 101.104 5.05996e-16 -4.49414e-18 0.287258 5.16943e-16 100.968 -0.287701 -8.87532e-17 1.75005e-19 0.287701 100.968 1.8049e-16 0.287259 9.02625e-17 -1.93315e-16 100.885 5.00471e-18 -4.44506e-20 0.00284121 5.11298e-18 0.998654 -0.00284559 -8.7784e-19 1.73094e-21 0.00284559 0.998654 1.78519e-18 0.00284122 8.92768e-19 -1.91203e-18 0.997836
0.1 1.91397e-05 101.097 -3.26086e-05 -1.16954e-06 0.287223 -3.26444e-05 100.961 -0.287669 -2.25332e-06 -7.86558e-07 0.287669 100.961 0.000318085 0.287224 6.58812e-07 -0.000317962 100.878 -3.22548e-07 -1.15685e-08 0.00284108 -3.22903e-07 0.998654 -0.00284548 -2.22888e-08 -7.78025e-09 0.00284548 0.998654 3.14635e-06 0.00284108 6.51665e-09 -3.14513e-06 0.997836
0.2 3.82793e-05 101.074 -0.000130399 -4.67701e-06 0.287119 -0.000130542 100.938 -0.287573 -9.01106e-06 -3.14578e-06 0.287573 100.938 0.0012721 0.287119 2.63487e-06 -0.00127161 100.856 -1.29013e-06 -4.62729e-08 0.00284067 -1.29154e-06 0.998654 -0.00284516 -8.91527e-08 -3.11234e-08 0.00284516 0.998654 1.25858e-05 0.00284067 2.60686e-08 -1.25809e-05 0.997836
0.3 5.74188e-05 101.037 -0.000293265 -1.05189e-05 0.286944 -0.000293587 100.901 -0.287412 -2.02665e-05 -7.07631e-06 0.287412 100.901 0.00286134 0.286944 5.92703e-06 -0.00286023 100.819 -2.90254e-06 -1.04109e-07 0.00283998 -2.90573e-06 0.998653 -0.00284461 -2.00584e-07 -7.00366e-08 0.00284461 0.998653 2.83196e-05 0.00283997 5.86617e-08 -2.83087e-05 0.997835
0.4 7.65581e-05 100.986 -0.00052103 -1.86895e-05 0.2867 -0.000521603 100.85 -0.287188 -3.60085e-05 -1.25759e-05 0.287188 100.85 0.00508462 0.286699 1.05334e-05 -0.00508265 100.767 -5.15945e-06 -1.85071e-07 0.00283902 -5.16513e-06 0.998653 -0.00284385 -3.56571e-07 -1.24532e-07 0.00284385 0.998653 5.03499e-05 0.00283901 1.04306e-07 -5.03304e-05 0.997835
0.5 9.56972e-05 100.919 -0.000813448 -2.91807e-05 0.286387 -0.000814343 100.783 -0.2869 -5.62216e-05 -1.96414e-05 0.2869 100.783 0.00794026 0.286384 1.64513e-05 -0.00793719 100.7 -8.0604e-06 -2.8915e-07 0.00283779 -8.06927e-06 0.998653 -0.00284287 -5.57096e-07 -1.94625e-07 0.00284287 0.998653 7.86796e-05 0.00283776 1.63015e-07 -7.86491e-05 0.997835
0.6 0.000114836 100.838 -0.0011702 -4.19821e-05 0.286004 -0.00117149 100.702 -0.286548 -8.08856e-05 -2.82687e-05 0.286548 100.702 0.0114262 0.286 2.36774e-05 -0.0114217 100.619 -1.16048e-05 -4.16334e-07 0.00283628 -1.16176e-05 0.998652 -0.00284167 -8.02137e-07 -2.80339e-07 0.00284167 0.998652 0.000113312 0.00283624 2.34807e-07 -0.000113269 0.997835
0.7 0.000133974 100.742 -0.0015909 -5.70811e-05 0.285552 -0.00159265 100.606 -0.286132 -0.000109976 -3.8453e-05 0.286132 100.606 0.0155397 0.285546 3.22074e-05 -0.0155337 100.523 -1.57919e-05 -5.66609e-07 0.0028345 -1.58093e-05 0.998652 -0.00284026 -1.09167e-06 -3.81699e-07 0.00284026 0.998652 0.000154253 0.00283444 3.19703e-07 -0.000154193 0.997834
0.8 0.000153112 100.631 -0.00207509 -7.44626e-05 0.285031 -0.00207738 100.495 -0.285653 -0.000143465 -5.01882e-05 0.285653 100.495 0.0202778 0.285024 4.20366e-05 -0.0202699 100.413 -2.06209e-05 -7.39959e-07 0.00283244 -2.06436e-05 0.998651 -0.00283863 -1.42565e-06 -4.98736e-07 0.00283863 0.998651 0.000201507 0.00283237 4.17731e-07 -0.000201429 0.997834
0.9 0.00017225 100.505 -0.00262225 -9.41096e-05 0.284442 -0.00262515 100.37 -0.285111 -0.000181318 -6.34679e-05 0.285111 100.37 0.0256369 0.284432 5.31591e-05 -0.025627 100.288 -2.60907e-05 -9.36363e-07 0.00283011 -2.61195e-05 0.998651 -0.00283677 -1.80406e-06 -6.31487e-07 0.00283677 0.998651 0.00025508 0.00283002 5.28918e-07 -0.000254981 0.997833
1 0.000191387 100.366 -0.00323179 -0.000116003 0.283785 -0.00323536 100.23 -0.284506 -0.000223498 -7.82842e-05 0.284506 100.23 0.0316131 0.283772 6.55688e-05 -0.0316009 100.148 -3.22002e-05 -1.1558e-06 0.00282751 -3.22358e-05 0.99865 -0.0028347 -2.22684e-06 -7.79991e-07 0.0028347 0.99865 0.00031498 0.00282739 6.533e-07 -0.000314858 0.997832
1.1 0.000210523 100.211 -0.00390303 -0.00014012 0.283059 -0.00390735 100.076 -0.283839 -0.000269964 -9.46287e-05 0.283839 100.076 0.0382019 0.283045 7.92584e-05 -0.0381871 99.9938 -3.89481e-05 -1.39825e-06 0.00282463 -3.89912e-05 0.998649 -0.00283241 -2.69395e-06 -9.44294e-07 0.00283241 0.998649 0.000381214 0.00282449 7.90915e-07 -0.000381067 0.997832
1.2 0.000229659 100.042 -0.00463526 -0.000166438 0.282267 -0.00464039 99.9069 -0.28311 -0.000320669 -0.000112492 0.28311 99.9069 0.0453983 0.282249 9.42202e-05 -0.0453808 99.8251 -4.6333e-05 -1.66367e-06 0.00282148 -4.63844e-05 0.998648 -0.0028299 -3.20534e-06 -1.12445e-06 0.0028299 0.998648 0.000453792 0.00282131 9.41805e-07 -0.000453617 0.997831
1.3 0.000248794 99.8588 -0.00542767 -0.00019493 0.281408 -0.00543369 99.7238 -0.282319 -0.000375564 -0.000131864 0.282318 99.7238 0.0531971 0.281387 0.000110446 -0.0531765 99.6421 -5.43534e-05 -1.95205e-06 0.00281806 -5.44137e-05 0.998648 -0.00282718 -3.76095e-06 -1.3205e-06 0.00282718 0.998647 0.000532723 0.00281785 1.10602e-06 -0.000532517 0.99783
1.4 0.000267929 99.6612 -0.00627941 -0.000225568 0.280482 -0.00628639 99.5263 -0.281466 -0.000434595 -0.000152733 0.281466 99.5263 0.0615923 0.280458 0.000127925 -0.0615686 99.4448 -6.30075e-05 -2.26335e-06 0.00281436 -6.30776e-05 0.998647 -0.00282423 -4.36072e-06 -1.53253e-06 0.00282423 0.998646 0.000618017 0.00281412 1.2836e-06 -0.000617779 0.997829
1.5 0.000287062 99.4494 -0.00718954 -0.000258323 0.279491 -0.00719755 99.3147 -0.280553 -0.000497702 -0.000175088 0.280553 99.3146 0.0705779 0.279463 0.000146649 -0.0705506 99.2333 -7.22935e-05 -2.59753e-06 0.00281038 -7.2374e-05 0.998646 -0.00282106 -5.00458e-06 -1.76058e-06 0.00282106 0.998645 0.000709686 0.00281011 1.47461e-06 -0.000709413 0.997828
1.6 0.000306195 99.2234 -0.00815709 -0.000293161 0.278434 -0.00816619 99.0889 -0.279579 -0.000564824 -0.000198916 0.279579 99.0888 0.080147 0.278403 0.000166607 -0.080116 99.0077 -8.22094e-05 -2.95455e-06 0.00280613 -8.23011e-05 0.998644 -0.00281767 -5.69245e-06 -2.00473e-06 0.00281767 0.998644 0.000807743 0.00280582 1.67912e-06 -0.000807431 0.997826
1.7 0.000325327 98.9833 -0.00918099 -0.000330048 0.277313 -0.00919126 98.849 -0.278546 -0.000635895 -0.000224203 0.278545 98.849 0.0902925 0.277278 0.000187788 -0.0902577 98.7681 -9.27529e-05 -3.33438e-06 0.00280161 -9.28566e-05 0.998643 -0.00281407 -6.42426e-06 -2.26506e-06 0.00281406 0.998643 0.000912199 0.00280126 1.89717e-06 -0.000911848 0.997825
1.8 0.000344457 98.7293 -0.0102601 -0.000368947 0.276128 -0.0102716 98.5952 -0.277453 -0.000710844 -0.000250934 0.277452 98.5952 0.101007 0.276088 0.000210179 -0.100968 98.5145 -0.000103922 -3.73696e-06 0.00279682 -0.000104038 0.998642 -0.00281024 -7.19993e-06 -2.54164e-06 0.00281023 0.998641 0.00102307 0.00279642 2.12884e-06 -0.00102268 0.997824
1.9 0.000363587 98.4615 -0.0113933 -0.000409821 0.27488 -0.0114061 98.3276 -0.276301 -0.000789598 -0.000279094 0.276301 98.3275 0.112282 0.274836 0.000233768 -0.112239 98.247 -0.000115714 -4.16225e-06 0.00279175 -0.000115844 0.998641 -0.00280619 -8.01936e-06 -2.83455e-06 0.00280618 0.99864 0.00114037 0.0027913 2.37421e-06 -0.00113993 0.997822
2 0.000382716 98.1798 -0.0125794 -0.000452629 0.273569 -0.0125935 98.0462 -0.275092 -0.000872079 -0.000308668 0.275091 98.0462 0.12411 0.27352 0.000258542 -0.124063 97.9659 -0.000128126 -4.6102e-06 0.00278641 -0.00012827 0.998639 -0.00280191 -8.88246e-06 -3.1439e-06 0.00280191 0.998638 0.00126411 0.00278591 2.63335e-06 -0.00126363 0.997821
2.1 0.000401843 97.8846 -0.013817 -0.000497328 0.272196 -0.0138326 97.7513 -0.273824 -0.000958206 -0.000339638 0.273823 97.7511 0.136482 0.272143 0.000284487 -0.13643 97.6711 -0.000141156 -5.08076e-06 0.00278079 -0.000141315 0.998638 -0.00279742 -9.78914e-06 -3.46978e-06 0.00279741 0.998636 0.00139432 0.00278024 2.90635e-06 -0.00139378 0.997819
2.2 0.000420969 97.5759 -0.0151047 -0.000543875 0.270763 -0.0151218 97.4428 -0.2725 -0.00104789 -0.000371986 0.272499 97.4426 0.149389 0.270704 0.000311589 -0.149331 97.3629 -0.0001548 -5.57387e-06 0.0027749 -0.000154975 0.998636 -0.0027927 -1.07393e-05 -3.81227e-06 0.00279269 0.998635 0.001531 0.0027743 3.1933e-06 -0.00153041 0.997817
2.3 0.000440094 97.2537 -0.0164413 -0.000592223 0.269269 -0.0164599 97.1209 -0.27112 -0.00114106 -0.000405694 0.271119 97.1207 0.16282 0.269206 0.000339832 -0.162758 97.0412 -0.000169055 -6.08946e-06 0.00276873 -0.000169247 0.998634 -0.00278776 -1.17328e-05 -4.1715e-06 0.00278775 0.998633 0.00167418 0.00276807 3.49428e-06 -0.00167354 0.997815
2.4 0.000459218 96.9183 -0.0178251 -0.000642324 0.267717 -0.0178454 96.7858 -0.269685 -0.0012376 -0.000440742 0.269683 96.7856 0.176767 0.267647 0.0003692 -0.176699 96.7064 -0.000183919 -6.62748e-06 0.00276229 -0.000184128 0.998632 -0.0027826 -1.27695e-05 -4.54756e-06 0.00278258 0.998631 0.00182387 0.00276158 3.8094e-06 -0.00182317 0.997813
2.5 0.00047834 96.5698 -0.0192548 -0.00069413 0.266106 -0.0192767 96.4376 -0.268194 -0.00133743 -0.000477111 0.268192 96.4373 0.191218 0.266031 0.000399679 -0.191145 96.3584 -0.000199387 -7.18785e-06 0.00275558 -0.000199614 0.998631 -0.00277721 -1.38494e-05 -4.94058e-06 0.00277719 0.998628 0.0019801 0.0027548 4.13876e-06 -0.00197935 0.997811
2.6 0.000497461 96.2083 -0.0207287 -0.000747588 0.264437 -0.0207524 96.0764 -0.26665 -0.00144045 -0.00051478 0.266648 96.0761 0.206164 0.264357 0.00043125 -0.206085 95.9975 -0.000215456 -7.77051e-06 0.00274859 -0.000215702 0.998629 -0.00277159 -1.49722e-05 -5.35068e-06 0.00277157 0.998626 0.00214289 0.00274775 4.48246e-06 -0.00214207 0.997808
2.7 0.00051658 95.834 -0.0222452 -0.000802646 0.262713 -0.0222707 95.7023 -0.265053 -0.00154656 -0.000553727 0.26505 95.702 0.221593 0.262626 0.000463897 -0.221508 95.6237 -0.000232122 -8.37538e-06 0.00274133 -0.000232388 0.998626 -0.00276575 -1.61379e-05 -5.77798e-06 0.00276572 0.998623 0.00231226 0.00274043 4.84063e-06 -0.00231137 0.997806
2.8 0.000535698 95.4469 -0.0238026 -0.00085925 0.260933 -0.02383 95.3156 -0.263404 -0.00165565 -0.00059393 0.2634 95.3153 0.237493 0.26084 0.000497602 -0.237402 95.2372 -0.000249381 -9.00239e-06 0.0027338 -0.000249668 0.998624 -0.00275969 -1.73463e-05 -6.22262e-06 0.00275965 0.998621 0.00248822 0.00273282 5.21339e-06 -0.00248727 0.997803
2.9 0.000554814 95.0474 -0.0253994 -0.000917344 0.259098 -0.0254287 94.9164 -0.261703 -0.00176762 -0.000635365 0.261699 94.916 0.253854 0.258999 0.000532347 -0.253757 94.8383 -0.000267228 -9.65144e-06 0.00272599 -0.000267537 0.998622 -0.00275339 -1.85973e-05 -6.68472e-06 0.00275335 0.998618 0.00267081 0.00272495 5.60086e-06 -0.00266979 0.9978
3 0.000573928 94.6354 -0.0270335 -0.00097687 0.25721 -0.0270649 94.5048 -0.259951 -0.00188236 -0.00067801 0.259947 94.5043 0.270662 0.257105 0.000568113 -0.270559 94.427 -0.00028566 -1.03225e-05 0.00271791 -0.000285991 0.99862 -0.00274687 -1.98907e-05 -7.16444e-06 0.00274683 0.998615 0.00286005 0.00271679 6.00317e-06 -0.00285896 0.997797
3.1 0.00059304 94.2113 -0.0287034 -0.00103777 0.25527 -0.0287368 94.081 -0.25815 -0.00199976 -0.000721839 0.258146 94.0805 0.287906 0.255158 0.00060488 -0.287796 94.0034 -0.000304671 -1.10154e-05 0.00270955 -0.000305025 0.998617 -0.00274012 -2.12263e-05 -7.66192e-06 0.00274007 0.998612 0.00305596 0.00270836 6.42047e-06 -0.0030548 0.997794
3.2 0.000612151 93.7751 -0.0304071 -0.00109998 0.253279 -0.0304426 93.6451 -0.256301 -0.00211969 -0.000766828 0.256295 93.6446 0.305573 0.25316 0.00064263 -0.305457 93.5679 -0.000324256 -1.173e-05 0.00270092 -0.000324634 0.998614 -0.00273314 -2.2604e-05 -8.17732e-06 0.00273309 0.998609 0.00325858 0.00269965 6.85289e-06 -0.00325733 0.997791
3.3 0.00063126 93.327 -0.0321428 -0.00116345 0.251238 -0.0321804 93.1974 -0.254403 -0.00224206 -0.000812952 0.254397 93.1968 0.32365 0.251112 0.000681342 -0.323527 93.1204 -0.000344411 -1.24664e-05 0.00269202 -0.000344814 0.998612 -0.00272593 -2.40237e-05 -8.71079e-06 0.00272587 0.998605 0.00346791 0.00269067 7.30059e-06 -0.00346659 0.997787
3.4 0.000650367 92.8672 -0.0339086 -0.0012281 0.249148 -0.0339484 92.738 -0.252459 -0.00236673 -0.000860183 0.252452 92.7373 0.342124 0.249015 0.000720995 -0.341994 92.6613 -0.00036513 -1.32243e-05 0.00268284 -0.000365558 0.998609 -0.0027185 -2.54851e-05 -9.2625e-06 0.00271842 0.998601 0.00368401 0.00268141 7.76372e-06 -0.00368261 0.997783
3.5 0.000669472 92.3959 -0.0357024 -0.00129388 0.24701 -0.0357445 92.2671 -0.250469 -0.00249358 -0.000908494 0.250462 92.2663 0.36098 0.246871 0.000761569 -0.360843 92.1907 -0.000386407 -1.40037e-05 0.00267339 -0.000386862 0.998606 -0.00271082 -2.6988e-05 -9.83262e-06 0.00271074 0.998597 0.00390689 0.00267188 8.24246e-06 -0.0039054 0.997779
3.6 0.000688575 91.9133 -0.0375223 -0.00136073 0.244826 -0.0375667 91.7849 -0.248434 -0.0026225 -0.000957859 0.248426 91.784 0.380207 0.244679 0.000803043 -0.380062 91.7088 -0.000408236 -1.48044e-05 0.00266366 -0.000408719 0.998603 -0.00270292 -2.85324e-05 -1.04213e-05 0.00270283 0.998593 0.00413658 0.00266207 8.73697e-06 -0.00413501 0.997775
3.7 0.000707676 91.4195 -0.0393663 -0.00142856 0.242597 -0.039413 91.2915 -0.246356 -0.00275336 -0.00100825 0.246347 91.2905 0.399788 0.242443 0.000845396 -0.399637 91.2157 -0.000430612 -1.56264e-05 0.00265367 -0.000431123 0.9986 -0.00269478 -3.01178e-05 -1.10288e-05 0.00269468 0.998589 0.00437312 0.00265198 9.24743e-06 -0.00437146 0.99777
3.8 0.000726775 90.9148 -0.0412323 -0.00149733 0.240324 -0.0412815 90.7872 -0.244235 -0.00288603 -0.00105963 0.244225 90.7861 0.419711 0.240162 0.000888604 -0.419552 90.7116 -0.000453527 -1.64695e-05 0.00264339 -0.000454068 0.998596 -0.00268641 -3.17443e-05 -1.16552e-05 0.0026863 0.998584 0.00461653 0.00264162 9.77403e-06 -0.00461478 0.997766
3.9 0.000745871 90.3993 -0.0431183 -0.00156695 0.238008 -0.0431699 90.2721 -0.242072 -0.00302038 -0.00111199 0.242061 90.2709 0.43996 0.237839 0.000932647 -0.439794 90.1969 -0.000476976 -1.73336e-05 0.00263285 -0.000477547 0.998593 -0.00267781 -3.34115e-05 -1.23008e-05 0.00267768 0.99858 0.00486685 0.00263098 1.0317e-05 -0.00486501 0.997761
4 0.000764965 89.8733 -0.0450221 -0.00163736 0.23565 -0.0450762 89.7465 -0.239869 -0.00315628 -0.00116528 0.239856 89.7452 0.460521 0.235474 0.000977501 -0.460347 89.6715 -0.000500951 -1.82186e-05 0.00262203 -0.000501553 0.998589 -0.00266896 -3.51192e-05 -1.29658e-05 0.00266883 0.998575 0.00512412 0.00262007 1.08764e-05 -0.00512218 0.997755
4.1 0.000784057 89.3369 -0.0469416 -0.0017085 0.233253 -0.0469982 89.2105 -0.237626 -0.00329361 -0.00121947 0.237612 89.2091 0.481379 0.233069 0.00102314 -0.481198 89.1359 -0.000525444 -1.91243e-05 0.00261094 -0.000526078 0.998586 -0.00265988 -3.68673e-05 -1.36503e-05 0.00265973 0.998569 0.00538836 0.00260888 1.14527e-05 -0.00538633 0.99775
4.2 0.000803147 88.7903 -0.0488746 -0.00178029 0.230817 -0.0489338 88.6644 -0.235345 -0.00343223 -0.00127454 0.23533 88.6628 0.502519 0.230625 0.00106955 -0.50233 88.59 -0.00055045 -2.00505e-05 0.00259957 -0.000551117 0.998582 -0.00265057 -3.86554e-05 -1.43545e-05 0.0026504 0.998564 0.00565961 0.00259742 1.20458e-05 -0.00565748 0.997744
4.3 0.000822234 88.2339 -0.0508191 -0.00185266 0.228343 -0.0508809 88.1084 -0.233026 -0.003572 -0.00133046 0.233011 88.1066 0.523925 0.228144 0.00111671 -0.523728 88.0343 -0.000575959 -2.09971e-05 0.00258793 -0.000576659 0.998578 -0.00264101 -4.04833e-05 -1.50788e-05 0.00264083 0.998558 0.00593792 0.00258568 1.26562e-05 -0.00593568 0.997738
4.4 0.000841318 87.6677 -0.0527727 -0.00192554 0.225834 -0.0528372 87.5426 -0.230672 -0.0037128 -0.00138719 0.230655 87.5407 0.545583 0.225627 0.00116458 -0.545378 87.4688 -0.000601963 -2.19641e-05 0.00257602 -0.000602698 0.998574 -0.00263121 -4.23509e-05 -1.58233e-05 0.00263101 0.998552 0.0062233 0.00257366 1.3284e-05 -0.00622097 0.997731
4.5 0.0008604 87.092 -0.0547333 -0.00199886 0.223289 -0.0548004 86.9674 -0.228283 -0.00385449 -0.0014447 0.228264 86.9653 0.567475 0.223075 0.00121315 -0.567262 86.8938 -0.000628454 -2.29511e-05 0.00256383 -0.000629225 0.998569 -0.00262117 -4.42577e-05 -1.65882e-05 0.00262096 0.998546 0.00651582 0.00256137 1.39295e-05 -0.00651337 0.997725
4.6 0.00087948 86.507 -0.0566987 -0.00207254 0.220712 -0.0567685 86.3828 -0.22586 -0.00399693 -0.00150296 0.22584 86.3806 0.589587 0.220489 0.00126239 -0.589367 86.3095 -0.000655423 -2.3958e-05 0.00255137 -0.000656231 0.998565 -0.00261089 -4.62036e-05 -1.73738e-05 0.00261065 0.998539 0.00681549 0.00254881 1.45929e-05 -0.00681294 0.997718
4.7 0.000898556 85.9129 -0.0586666 -0.00214651 0.218102 -0.0587392 85.7892 -0.223405 -0.00413999 -0.00156193 0.223383 85.7868 0.611903 0.217872 0.00131228 -0.611674 85.7162 -0.000682861 -2.49847e-05 0.00253864 -0.000683706 0.99856 -0.00260036 -4.81883e-05 -1.81804e-05 0.00260011 0.998532 0.00712237 0.00253597 1.52745e-05 -0.00711971 0.99771
4.8 0.00091763 85.31 -0.0606348 -0.00222071 0.215462 -0.0607101 85.1867 -0.220918 -0.00428354 -0.00162158 0.220894 85.1841 0.634407 0.215224 0.00136279 -0.63417 85.1139 -0.000710758 -2.6031e-05 0.00252564 -0.000711642 0.998555 -0.00258959 -5.02114e-05 -1.90081e-05 0.00258931 0.998525 0.0074365 0.00252285 1.59746e-05 -0.00743372 0.997702
4.9 0.000936701 84.6984 -0.062601 -0.00229505 0.212793 -0.0626791 84.5756 -0.218401 -0.00442742 -0.00168188 0.218376 84.5728 0.657082 0.212547 0.0014139 -0.656837 84.5031 -0.000739105 -2.70967e-05 0.00251236 -0.000740027 0.99855 -0.00257857 -5.22728e-05 -1.98573e-05 0.00257827 0.998517 0.00775791 0.00250946 1.66934e-05 -0.00775501 0.997694
5 0.00095577 84.0785 -0.064563 -0.00236946 0.210096 -0.064644 83.9562 -0.215855 -0.00457152 -0.00174279 0.215828 83.9531 0.679913 0.209843 0.00146559 -0.67966 83.8839 -0.00076789 -2.81815e-05 0.0024988 -0.000768853 0.998545 -0.00256731 -5.43721e-05 -2.07282e-05 0.00256698 0.998509 0.00808665 0.00249579 1.74313e-05 -0.00808363 0.997685
5.1 0.000974835 83.4504 -0.0665186 -0.00244387 0.207372 -0.0666024 83.3285 -0.213282 -0.0047157 -0.00180429 0.213253 83.3252 0.702883 0.207112 0.00151784 -0.702621 83.2565 -0.000797103 -2.92853e-05 0.00248498 -0.000798107 0.99854 -0.00255579 -5.6509e-05 -2.16211e-05 0.00255544 0.9985 0.00842276 0.00248185 1.81885e-05 -0.00841963 0.997676
5.2 0.000993897 82.8143 -0.0684654 -0.00251821 0.204624 -0.068552 82.693 -0.210682 -0.00485981 -0.00186632 0.210651 82.6894 0.725975 0.204356 0.00157061 -0.725705 82.6211 -0.000826734 -3.04079e-05 0.00247088 -0.00082778 0.998534 -0.00254403 -5.86832e-05 -2.25362e-05 0.00254365 0.998492 0.0087663 0.00246764 1.89654e-05 -0.00876304 0.997667
5.3 0.00101296 82.1706 -0.0704012 -0.0025924 0.201853 -0.0704907 82.0497 -0.208057 -0.00500372 -0.00192886 0.208023 82.0459 0.749174 0.201577 0.00162388 -0.748896 81.9781 -0.000856769 -3.1549e-05 0.00245651 -0.000857858 0.998529 -0.00253201 -6.08943e-05 -2.34739e-05 0.0025316 0.998482 0.0091173 0.00245315 1.97623e-05 -0.00911392 0.997657
5.4 0.00103201 81.5194 -0.0723239 -0.00266637 0.199059 -0.0724162 81.399 -0.205407 -0.0051473 -0.00199188 0.205372 81.3949 0.772463 0.198776 0.00167763 -0.772176 81.3276 -0.000887198 -3.27085e-05 0.00244187 -0.000888331 0.998523 -0.00251974 -6.3142e-05 -2.44344e-05 0.0025193 0.998473 0.00947581 0.00243839 2.05795e-05 -0.0094723 0.997647
5.5 0.00105107 80.861 -0.074231 -0.00274005 0.196245 -0.0743263 80.7411 -0.202736 -0.00529042 -0.00205533 0.202698 80.7367 0.795825 0.195955 0.00173184 -0.79553 80.6698 -0.000918008 -3.3886e-05 0.00242695 -0.000919185 0.998517 -0.00250721 -6.54261e-05 -2.54181e-05 0.00250674 0.998463 0.00984189 0.00242335 2.14175e-05 -0.00983825 0.997636
5.6 0.00107012 80.1956 -0.0761205 -0.00281336 0.193412 -0.0762186 80.0761 -0.200042 -0.00543293 -0.00211919 0.200002 80.0715 0.819244 0.193114 0.00178647 -0.818941 80.0051 -0.000949185 -3.50813e-05 0.00241176 -0.000950409 0.99851 -0.00249443 -6.7746e-05 -2.64253e-05 0.00249393 0.998452 0.0102156 0.00240804 2.22765e-05 -0.0102118 0.997624
5.7 0.00108916 79.5234 -0.07799 -0.00288624 0.190562 -0.078091 79.4045 -0.197328 -0.00557471 -0.00218341 0.197286 79.3995 0.842703 0.190256 0.00184152 -0.842392 79.3336 -0.000980717 -3.62942e-05 0.0023963 -0.000981987 0.998504 -0.00248139 -7.01015e-05 -2.74562e-05 0.00248085 0.998441 0.0105969 0.00239245 2.31569e-05 -0.010593 0.997613
5.8 0.00110821 78.8448 -0.0798374 -0.0029586 0.187695 -0.0799412 78.7263 -0.194596 -0.00571563 -0.00224796 0.194551 78.721 0.866186 0.187382 0.00189694 -0.865867 78.6556 -0.00101259 -3.75243e-05 0.00238056 -0.00101391 0.998497 -0.00246809 -7.24921e-05 -2.85112e-05 0.00246751 0.99843 0.010986 0.00237659 2.40592e-05 -0.0109819 0.9976
5.9 0.00112725 78.1599 -0.0816604 -0.00303038 0.184813 -0.0817671 78.0419 -0.191845 -0.00585555 -0.0023128 0.191798 78.0362 0.889677 0.184493 0.00195272 -0.88935 77.9713 -0.00104479 -3.87715e-05 0.00236455 -0.00104615 0.99849 -0.00245453 -7.49175e-05 -2.95907e-05 0.00245391 0.998418 0.0113828 0.00236046 2.49837e-05 -0.0113786 0.997587
6 0.00172656 77.4689 -0.0834569 -0.0031015 0.181918 -0.0835664 77.3514 -0.189079 -0.00599434 -0.0023779 0.189028 77.3454 0.913159 0.181591 0.00200884 -0.912824 77.281 -0.0010773 -4.00355e-05 0.00234827 -0.00107871 0.998483 -0.0024407 -7.73774e-05 -3.06949e-05 0.00244005 0.998406 0.0117874 0.00234405 2.59308e-05 -0.0117831 0.997574
6.2 0.00236869 76.07 -0.0869617 -0.00324152 0.176094 -0.0870769 75.9535 -0.1835 -0.00626806 -0.00250872 0.183444 75.9467 0.96003 0.175754 0.00212197 -0.959679 75.8832 -0.00114318 -4.26123e-05 0.0023149 -0.00114469 0.998468 -0.00241225 -8.23985e-05 -3.29791e-05 0.00241152 0.998379 0.0126204 0.00231042 2.78949e-05 -0.0126157 0.997545
6.4 0.00244479 74.6499 -0.0903347 -0.00337808 0.170234 -0.0904554 74.5344 -0.177871 -0.00653576 -0.00264013 0.177809 74.5268 1.00667 0.169881 0.00223615 -1.0063 74.4643 -0.00121011 -4.52522e-05 0.00228043 -0.00121173 0.998452 -0.00238274 -8.75522e-05 -3.53668e-05 0.0023819 0.99835 0.0134852 0.0022757 2.99551e-05 -0.0134803 0.997513
6.6 0.00252085 73.2107 -0.0935593 -0.00351064 0.164349 -0.0936855 73.0961 -0.172201 -0.0067965 -0.00277182 0.172133 73.0877 1.05295 0.163984 0.00235118 -1.05257 73.0261 -0.00127795 -4.79526e-05 0.00224488 -0.00127967 0.998435 -0.00235213 -9.28347e-05 -3.78609e-05 0.00235119 0.998319 0.0143825 0.00223988 3.21153e-05 -0.0143773 0.997479
6.8 0.00259689 71.7543 -0.0966194 -0.00363869 0.158451 -0.0967507 71.6406 -0.1665 -0.00704931 -0.00290351 0.166425 71.6312 1.09875 0.158073 0.00246689 -1.09835 71.5707 -0.00134653 -5.07104e-05 0.00220824 -0.00134836 0.998416 -0.00232041 -9.82423e-05 -4.04646e-05 0.00231937 0.998285 0.0153126 0.00220298 3.43796e-05 -0.0153071 0.997441
7 0.00267289 70.2827 -0.0994991 -0.00376171 0.15255 -0.0996356 70.17 -0.160777 -0.00729331 -0.0030349 0.160696 70.1596 1.14393 0.152162 0.00258308 -1.14352 70.1 -0.0014157 -5.35226e-05 0.00217052 -0.00141764 0.998397 -0.00228758 -0.000103771 -4.31814e-05 0.00228642 0.998248 0.0162761 0.00216499 3.67527e-05 -0.0162702 0.997401
7.2 0.00274886 68.7978 -0.102184 -0.00387921 0.146657 -0.102325 68.686 -0.155043 -0.00752762 -0.0031657 0.154955 68.6745 1.18838 0.146259 0.00269958 -1.18795 68.6159 -0.00148528 -5.63856e-05 0.00213171 -0.00148733 0.998376 -0.00225361 -0.000109417 -4.60145e-05 0.00225232 0.998209 0.0172735 0.00212592 3.92393e-05 -0.0172673 0.997357
7.4 0.0028248 67.3015 -0.104658 -0.00399071 0.140782 -0.104804 67.1907 -0.149307 -0.00775144 -0.00329561 0.149211 67.1781 1.23197 0.140375 0.0028162 -1.23153 67.1204 -0.00155507 -5.92959e-05 0.00209181 -0.00155724 0.998353 -0.00221848 -0.000115175 -4.89678e-05 0.00221706 0.998166 0.0183053 0.00208577 4.18446e-05 -0.0182987 0.997309
7.6 0.00290071 65.796 -0.10691 -0.00409576 0.134937 -0.10706 65.686 -0.143578 -0.00796397 -0.00342435 0.143475 65.6722 1.2746 0.134522 0.00293278 -1.27415 65.6155 -0.00162487 -6.22494e-05 0.00205084 -0.00162715 0.99833 -0.00218217 -0.00012104 -5.2045e-05 0.00218061 0.998119 0.019372 0.00204454 4.45739e-05 -0.0193651 0.997257
7.8 0.00297657 64.2829 -0.108925 -0.00419394 0.129131 -0.109079 64.1739 -0.137865 -0.00816452 -0.00355164 0.137755 64.1588 1.31615 0.128709 0.00304915 -1.31568 64.103 -0.00169446 -6.52419e-05 0.00200879 -0.00169686 0.998304 -0.00214467 -0.000127009 -5.52501e-05 0.00214295 0.998069 0.0204743 0.00200223 4.74333e-05 -0.020467 0.997201
8 0.00305241 62.7643 -0.110691 -0.00428485 0.123373 -0.110849 62.6562 -0.132178 -0.00835238 -0.00367719 0.132061 62.6397 1.3565 0.122946 0.00316513 -1.35602 62.5849 -0.0017636 -6.82689e-05 0.00196566 -0.00176612 0.998277 -0.00210595 -0.000133075 -5.85872e-05 0.00210407 0.998015 0.0216127 0.00195885 5.04288e-05 -0.021605 0.997141
8.2 0.0031282 61.242 -0.112198 -0.00436811 0.117674 -0.112359 61.1348 -0.126525 -0.00852696 -0.00380072 0.1264 61.1169 1.39557 0.117242 0.00328057 -1.39507 61.0629 -0.00183204 -7.13254e-05 0.00192146 -0.00183467 0.998248 -0.00206599 -0.000139234 -6.20607e-05 0.00206394 0.997957 0.0227877 0.0019144 5.35673e-05 -0.0227797 0.997075
8.4 0.00320396 59.7179 -0.113434 -0.00444338 0.112041 -0.113598 59.6115 -0.120915 -0.00868768 -0.00392197 0.120782 59.5921 1.43324 0.111606 0.0033953 -1.43273 59.539 -0.0018995 -7.44061e-05 0.00187618 -0.00190224 0.998218 -0.00202476 -0.000145479 -6.5675e-05 0.00202254 0.997894 0.0240001 0.00186889 5.68557e-05 -0.0239917 0.997005
8.6 0.00327968 58.1937 -0.11439 -0.00451032 0.106485 -0.114557 58.0881 -0.115355 -0.00883404 -0.00404067 0.115215 58.0672 1.46942 0.106047 0.00350918 -1.4689 58.015 -0.00196568 -7.75053e-05 0.00182983 -0.00196854 0.998185 -0.00198225 -0.000151804 -6.94349e-05 0.00197984 0.997827 0.0252504 0.00182231 6.03017e-05 -0.0252415 0.996929
8.8 0.00335535 56.6713 -0.115058 -0.00456867 0.101012 -0.115226 56.5665 -0.109853 -0.00896558 -0.00415657 0.109706 56.544 1.50402 0.100574 0.00362205 -1.50349 56.4926 -0.00203028 -8.0617e-05 0.00178242 -0.00203324 0.998151 -0.00193843 -0.000158203 -7.33452e-05 0.00193583 0.997754 0.0265393 0.00177469 6.39133e-05 -0.02653 0.996847
9 0.00343099 55.1523 -0.115431 -0.00461815 0.095631 -0.1156 55.0483 -0.104418 -0.00908193 -0.00426941 0.104264 55.0241 1.53695 0.0951934 0.00373377 -1.53642 54.9736 -0.00209294 -8.37344e-05 0.00173394 -0.00209601 0.998114 -0.00189326 -0.00016467 -7.74112e-05 0.00189047 0.997676 0.0278674 0.00172601 6.76992e-05 -0.0278577 0.996759
9.2 0.00350659 53.6385 -0.115501 -0.00465854 0.0903492 -0.11567 53.5352 -0.0990562 -0.00918275 -0.00437894 0.0988951 53.5094 1.56815 0.0899137 0.00384419 -1.5676 53.4596 -0.00215331 -8.68506e-05 0.00168441 -0.00215648 0.998074 -0.00184673 -0.000171197 -8.1638e-05 0.00184373 0.997592 0.0292354 0.00167629 7.16684e-05 -0.0292252 0.996664
9.4 0.00358214 52.1316 -0.115262 -0.00468964 0.0851736 -0.115432 52.029 -0.0937747 -0.00926778 -0.00448494 0.0936072 52.0013 1.59752 0.0847415 0.00395317 -1.59697 51.9523 -0.00221099 -8.99578e-05 0.00163382 -0.00221425 0.998032 -0.00179881 -0.000177777 -8.60313e-05 0.0017956 0.997502 0.030644 0.00162553 7.58307e-05 -0.0306334 0.996562
9.6 0.00365765 50.633 -0.114712 -0.0047113 0.0801106 -0.114881 50.5311 -0.0885802 -0.00933682 -0.00458718 0.0884066 50.5016 1.62501 0.0796835 0.00406059 -1.62445 50.4534 -0.00226556 -9.3048e-05 0.00158218 -0.0022689 0.997988 -0.00174946 -0.000184402 -9.05968e-05 0.00174603 0.997405 0.0320939 0.00157375 8.01964e-05 -0.0320828 0.996453
9.8 0.00373311 49.1444 -0.113846 -0.00472337 0.0751664 -0.114014 49.0431 -0.0834788 -0.00938971 -0.00468544 0.0832996 49.0117 1.65055 0.0747457 0.0041663 -1.64998 48.9642 -0.00231657 -9.61121e-05 0.0015295 -0.00231999 0.99794 -0.00169864 -0.000191064 -9.53404e-05 0.001695 0.997301 0.0335857 0.00152094 8.47767e-05 -0.0335741 0.996335
10 0.00380853 47.6672 -0.112663 -0.00472577 0.0703465 -0.112829 47.5666 -0.0784765 -0.0094264 -0.00477952 0.0782922 47.5333 1.67409 0.0699337 0.00427018 -1.67351 47.4865 -0.00236352 -9.91409e-05 0.00147578 -0.00236701 0.99789 -0.00164634 -0.000197754 -0.000100268 0.00164248 0.99719 0.0351203 0.00146712 8.95831e-05 -0.0351082 0.996208
10.2 0.0038839 46.203 -0.11116 -0.00471843 0.0656561 -0.111323 46.103 -0.0735787 -0.00944684 -0.00486921 0.07339 46.0676 1.69557 0.0652527 0.0043721 -1.69498 46.0215 -0.00240591 -0.000102124 0.00142104 -0.00240944 0.997836 -0.00159251 -0.000204464 -0.000105387 0.00158843 0.997071 0.0366982 0.00141231 9.46282e-05 -0.0366856 0.996073
10.4 0.00395923 44.753 -0.109339 -0.00470132 0.0610999 -0.109498 44.6536 -0.0687906 -0.00945109 -0.00495433 0.068598 44.6162 1.71495 0.0607074 0.00447195 -1.71436 44.5707 -0.00244316 -0.00010505 0.00136527 -0.00244673 0.997779 -0.00153712 -0.000211183 -0.000110704 0.00153281 0.996943 0.0383203 0.0013565 9.99251e-05 -0.0383072 0.995927
10.6 0.0040345 43.3187 -0.107199 -0.00467444 0.056682 -0.107355 43.2198 -0.0641168 -0.00943926 -0.00503471 0.0639212 43.1803 1.7322 0.0563019 0.0045696 -1.7316 43.1355 -0.00247467 -0.000107908 0.00130849 -0.00247826 0.997718 -0.00148012 -0.000217903 -0.000116225 0.0014756 0.996806 0.0399873 0.00129972 0.000105488 -0.0399736 0.995771
10.8 0.00410973 41.9012 -0.104745 -0.00463784 0.0524061 -0.104895 41.8029 -0.0595618 -0.00941149 -0.00511018 0.0593639 41.7612 1.74728 0.05204 0.00466493 -1.74668 41.717 -0.0024998 -0.000110685 0.00125071 -0.00250339 0.997653 -0.00142148 -0.000224611 -0.000121958 0.00141676 0.996659 0.0416999 0.00124197 0.000111332 -0.0416856 0.995604
11 0.00418491 40.5019 -0.101978 -0.00459157 0.0482756 -0.102122 40.404 -0.0551295 -0.00936801 -0.00518058 0.0549302 40.3602 1.76016 0.0479249 0.00475784 -1.75956 40.3165 -0.00251785 -0.000113367 0.00119194 -0.00252142 0.997583 -0.00136116 -0.000231298 -0.00012791 0.00135624 0.996503 0.0434588 0.00118328 0.000117472 -0.043444 0.995424
11.2 0.00426003 39.1218 -0.098903 -0.00453574 0.0442932 -0.0990408 39.0243 -0.0508235 -0.00930908 -0.00524578 0.0506236 38.9784 1.77084 0.0439593 0.0048482 -1.77023 38.9352 -0.00252808 -0.000115939 0.00113219 -0.0025316 0.99751 -0.00129911 -0.000237952 -0.000134089 0.001294 0.996335 0.0452647 0.00112365 0.000123926 -0.0452493 0.995232
11.4 0.00433511 37.762 -0.0955259 -0.00447047 0.0404611 -0.0956561 37.665 -0.046647 -0.00923505 -0.00530565 0.0464476 37.6168 1.77929 0.0401455 0.0049359 -1.77868 37.5742 -0.00252968 -0.000118386 0.00107148 -0.00253313 0.997431 -0.00123529 -0.000244559 -0.000140502 0.00123001 0.996155 0.0471184 0.00106312 0.000130711 -0.0471024 0.995027
11.6 0.00441013 36.4236 -0.0918529 -0.00439594 0.0367813 -0.0919748 36.327 -0.0426027 -0.00914627 -0.00536007 0.0424049 36.2765 1.7855 0.0364854 0.00502085 -1.7849 36.2344 -0.0025218 -0.00012069 0.00100982 -0.00252514 0.997348 -0.00116965 -0.000251108 -0.000147159 0.00116422 0.995963 0.0490206 0.0010017 0.000137846 -0.0490039 0.994807
11.8 0.0044851 35.1075 -0.0878918 -0.00431234 0.0332552 -0.0880043 35.0112 -0.0386931 -0.00904318 -0.00540894 0.038498 34.9585 1.78949 0.0329803 0.00510292 -1.78888 34.9169 -0.00250351 -0.000122832 0.00094724 -0.00250671 0.997259 -0.00110213 -0.000257586 -0.000154068 0.00109657 0.995758 0.0509719 0.000939411 0.000145351 -0.0509545 0.994571
12 0.0139046 33.8146 -0.0836509 -0.00421988 0.0298837 -0.0837533 33.7187 -0.0349202 -0.00892624 -0.00545216 0.0347289 33.6637 1.79126 0.0296312 0.00518201 -1.79065 33.6225 -0.00247381 -0.000124795 0.000883752 -0.00247684 0.997164 -0.0010327 -0.000263976 -0.000161237 0.00102704 0.995539 0.0529729 0.000876285 0.000153248 -0.0529549 0.994319
13 0.0246683 27.7248 -0.0586172 -0.00363441 0.01535 -0.0586557 27.6301 -0.0181516 -0.00815328 -0.00558128 0.0179993 27.5639 1.7673 0.0152271 0.0055291 -1.7667 27.5244 -0.00211425 -0.000131089 0.000553656 -0.00211564 0.996586 -0.000654708 -0.000294079 -0.00020131 0.000649215 0.994197 0.0637446 0.000549225 0.000199428 -0.0637227 0.992772
14 0.0265294 22.3118 -0.0283905 -0.00287549 0.00459542 -0.0283447 22.2178 -0.00489957 -0.00712631 -0.00556282 0.00482253 22.1408 1.69183 0.00462556 0.00578615 -1.69124 22.1024 -0.00127244 -0.000128877 0.000205964 -0.00127039 0.995788 -0.000219595 -0.000319396 -0.000249322 0.000216143 0.992333 0.0758268 0.000207314 0.000259331 -0.0758001 0.990615
15 0.0283823 17.6162 0.00506702 -0.00199591 -0.00267166 0.00521423 17.5224 0.00495895 -0.00593756 -0.00539946 -0.00492223 17.4356 1.57142 -0.00247593 0.00594065 -1.57084 17.398 0.000287635 -0.0001133 -0.00015166 0.000295991 0.994676 0.0002815 -0.000337052 -0.000306506 -0.000279416 0.989752 0.0892031 -0.000140549 0.000337228 -0.0891704 0.987617
16 0.0302266 13.643 0.0395087 -0.00105611 -0.00689895 0.0397693 13.5491 0.0117049 -0.00468366 -0.00510101 -0.0115177 13.4545 1.41494 -0.00653729 0.005981 -1.41439 13.4173 0.00289589 -7.74102e-05 -0.000505675 0.00291499 0.993116 0.000857937 -0.0003433 -0.000373891 -0.000844214 0.986182 0.103712 -0.000479167 0.000438392 -0.103671 0.983452
17 0.0320617 10.3677 0.0725874 -0.00011887 -0.00862987 0.0729668 10.2735 0.01573 -0.00345532 -0.00468355 -0.0153615 10.1733 1.23276 -0.00811448 0.00589741 -1.23224 10.1363 0.00700128 -1.14654e-05 -0.000832378 0.00703788 0.990914 0.00151721 -0.000333277 -0.000451743 -0.00148166 0.981248 0.118904 -0.000782667 0.000568824 -0.118853 0.977678
18 0.0338871 7.74187 0.10204 0.000755725 -0.00844618 0.102537 7.64734 0.0174885 -0.00232879 -0.00416809 -0.016918 7.54417 1.03581 -0.00780057 0.0056834 -1.03531 7.50735 0.0131803 9.76153e-05 -0.00109097 0.0132444 0.98779 0.00225895 -0.000300805 -0.000538383 -0.00218526 0.974464 0.133793 -0.00100758 0.000734111 -0.133729 0.969708
19 0.0357021 5.70028 0.125859 0.00151479 -0.0069186 0.126464 5.60548 0.0174524 -0.00135979 -0.00357925 -0.0166726 5.50215 0.834743 -0.00617505 0.00533751 -0.834281 5.46562 0.0220795 0.000265739 -0.00121373 0.0221855 0.98337 0.00306168 -0.000238547 -0.000627908 -0.00292487 0.965243 0.146439 -0.00108329 0.00093636 -0.146358 0.958834
20 0.0375062 4.16758 0.142435 0.00211623 -0.00456899 0.143132 4.07264 0.0160746 -0.000580558 -0.00294381 -0.0150937 3.97191 0.63927 -0.00376488 0.00486503 -0.63885 3.93584 0.0341769 0.000507783 -0.00109632 0.0343442 0.977218 0.00385705 -0.000139303 -0.000706359 -0.00362169 0.953049 0.153391 -0.000903372 0.00116735 -0.15329 0.944395
21 0.0392989 3.0643 0.150662 0.00253128 -0.00184529 0.151432 2.96934 0.0137617 -1.3654e-07 -0.00228938 -0.0126045 2.87374 0.45755 -0.00101888 0.00427926 -0.457184 2.83835 0.0491669 0.000826054 -0.000602188 0.0494181 0.96901 0.00449098 -4.45583e-08 -0.000747111 -0.00411334 0.937813 0.149316 -0.000332498 0.00139649 -0.149197 0.926264
22 0.0410797 2.31189 0.150001 0.00274584 0.000891011 0.150819 2.21703 0.010859 0.000392625 -0.00164316 -0.00956566 2.12868 0.295853 0.00170496 0.00360212 -0.295556 2.09418 0.0648823 0.0011877 0.000385403 0.0652363 0.958966 0.00469701 0.000169828 -0.000710741 -0.00413759 0.920751 0.12797 0.000737472 0.00155808 -0.127842 0.905828
23 0.0428479 1.83667 0.140493 0.00276066 0.00336687 0.141334 1.74196 0.0076446 0.000623819 -0.00103093 -0.00626857 1.66243 0.158391 0.00414093 0.00286375 -0.15818 1.629 0.0764932 0.00150308 0.00183314 0.0769513 0.948435 0.00416221 0.000339647 -0.000561302 -0.00341301 0.905135 0.0862383 0.00225459 0.00155921 -0.0861234 0.886929
24 0.0446031 1.5725 0.122733 0.00259046 0.00539201 0.123572 1.47795 0.00433396 0.000728045 -0.000476129 -0.00293796 1.40818 0.0473408 0.00610898 0.002101 -0.0472334 1.37592 0.0780493 0.00164735 0.00342894 0.0785829 0.939872 0.00275609 0.000462985 -0.000302784 -0.00186833 0.895503 0.0301054 0.00388488 0.00133609 -0.0300371 0.874985
25 0.0463447 1.46231 0.0978057 0.00226215 0.00684864 0.0986174 1.36784 0.0010896 0.000741772 8.4725e-07 0.000259184 1.3081 -0.0369832 0.00750292 0.00135498 0.0369698 1.27704 0.0668842 0.00154697 0.00468343 0.0674393 0.935398 0.000745121 0.000507259 5.7939e-07 0.000177242 0.894542 -0.0252909 0.00513085 0.000926601 0.0252818 0.873301
26 0.0480722 1.45858 0.0671904 0.00181227 0.00767956 0.0679517 1.36406 -0.0019655 0.000697495 0.000383306 0.00320095 1.31397 -0.0958312 0.00827699 0.00066762 0.0956834 1.28405 0.0460655 0.00124248 0.00526507 0.0465874 0.935195 -0.00134754 0.0004782 0.000262793 0.00219456 0.900849 -0.0657015 0.00567467 0.000457717 0.0656002 0.880343
27 0.049785 1.52305 0.0326454 0.00128395 0.00787679 0.0333353 1.42829 -0.00473467 0.000619474 0.000658777 0.00579733 1.38689 -0.131654 0.00843293 7.78849e-05 0.131365 1.358 0.0214342 0.000843012 0.00517172 0.0218872 0.93778 -0.00310867 0.000406732 0.000432537 0.00380639 0.910599 -0.0864412 0.00553686 5.11373e-05 0.086251 0.89163
28 0.0514827 1.62586 -0.00391452 0.000723523 0.00747233 -0.00331503 1.53064 -0.00713668 0.00052156 0.000819483 0.00797899 1.49653 -0.147713 0.00800934 -0.000382063 0.147283 1.46847 -0.00240766 0.00044501 0.00459593 -0.00203894 0.941437 -0.00438948 0.000320791 0.000504031 0.00490756 0.920455 -0.0908524 0.00492622 -0.000234992 0.0905876 0.903197
29 0.0531646 1.74438 -0.0405428 0.000176989 0.00653107 -0.0400508 1.6485 -0.00909933 0.000407248 0.000862713 0.0096899 1.61995 -0.147698 0.00707379 -0.00069022 0.147138 1.5925 -0.0232419 0.000101462 0.00374406 -0.0229598 0.945036 -0.00521636 0.000233462 0.000494566 0.00555491 0.928665 -0.0846706 0.00405518 -0.000395681 0.0843494 0.912929
30 0.0548304 1.86198 -0.0753767 -0.000313351 0.00514568 -0.075007 1.76525 -0.010558 0.000271743 0.000791086 0.0108846 1.74036 -0.135395 0.00571745 -0.000837133 0.134728 1.71329 -0.040482 -0.000168289 0.00276355 -0.0402835 0.948051 -0.00567033 0.000145943 0.000424863 0.0058457 0.934681 -0.0727157 0.00307063 -0.000449593 0.0723573 0.920145
31 0.0564795 1.96677 -0.106738 -0.000711967 0.00343233 -0.106503 1.86905 -0.0114593 0.00010551 0.00061264 0.0115299 1.84592 -0.11442 0.00405103 -0.000826986 0.11368 1.81903 -0.0542705 -0.000361999 0.00174516 -0.0541511 0.950317 -0.00582644 5.36466e-05 0.000311496 0.00586234 0.938553 -0.0581767 0.00205974 -0.00042048 0.0578003 0.924884
32 0.0581114 2.05059 -0.133212 -0.000992617 0.00152596 -0.133121 1.95182 -0.0117675 -0.000101449 0.000340709 0.0116102 1.92866 -0.0880266 0.0022011 -0.000677189 0.0872563 1.90181 -0.0649624 -0.000484063 0.000744156 -0.0649183 0.95183 -0.00573858 -4.9473e-05 0.000166151 0.00566185 0.940536 -0.0429273 0.0010734 -0.00033024 0.0425517 0.927443
33 0.0597256 2.10822 -0.153709 -0.00114012 -0.000425848 -0.153769 2.00838 -0.0114741 -0.000355418 -6.4732e-06 0.0111343 1.98365 -0.0589934 0.000305127 -0.000416468 0.0582437 1.95676 -0.0729095 -0.000540795 -0.000201994 -0.0729378 0.95264 -0.00544258 -0.000168587 -3.07046e-06 0.00528139 0.940913 -0.0279826 0.000144732 -0.000197545 0.027627 0.928156
34 0.0613216 2.13672 -0.167501 -0.00115121 -0.00227122 -0.167711 2.03587 -0.0106055 -0.000655675 -0.000406469 0.0101423 2.00837 -0.0295822 -0.00149525 -8.16812e-05 0.0289068 1.98142 -0.0783915 -0.000538772 -0.00106295 -0.0784899 0.952802 -0.00496345 -0.00030686 -0.00019023 0.00474667 0.939929 -0.0138447 -0.000699789 -3.82274e-05 0.0135286 0.927319
35 0.0628989 2.1351 -0.174231 -0.00103443 -0.00386443 -0.174586 2.03337 -0.00922846 -0.000992702 -0.00083363 0.00870929 2.00222 -0.00155014 -0.00306318 0.00028626 0.00100132 1.97531 -0.0816032 -0.000484487 -0.00180995 -0.0817694 0.952352 -0.00432227 -0.000464944 -0.000390441 0.00407911 0.937766 -0.000726025 -0.00143468 0.000134073 0.000468979 0.925161
36 0.064457 2.10401 -0.173913 -0.000808969 -0.00507778 -0.1744 2.00156 -0.00745132 -0.00134822 -0.00126037 0.00694589 1.96629 0.023799 -0.00427722 0.000646841 -0.024175 1.93956 -0.0826582 -0.00038449 -0.00241338 -0.0828895 0.951308 -0.00354149 -0.000640785 -0.000599033 0.00330127 0.934545 0.0113113 -0.00203289 0.000307433 -0.01149 0.92184
37 0.0659956 2.04557 -0.16691 -0.000502562 -0.00581375 -0.167507 1.9426 -0.00541934 -0.00169702 -0.00165865 0.00499342 1.90306 0.045542 -0.00504265 0.000964186 -0.0457099 1.87672 -0.0815956 -0.000245683 -0.00284212 -0.0818878 0.94966 -0.0026493 -0.000829609 -0.000810848 0.00244109 0.930332 0.0222637 -0.00246516 0.000471353 -0.0223458 0.917454
38 0.067514 1.96321 -0.153891 -0.00014863 -0.00601574 -0.154572 1.85991 -0.00330451 -0.00201039 -0.00200158 0.00301404 1.81626 0.06306 -0.00530195 0.00121055 -0.0629991 1.79054 -0.0783875 -7.57074e-05 -0.00306424 -0.0787343 0.947381 -0.00168322 -0.00102403 -0.00101954 0.00153526 0.925145 0.0321208 -0.00270065 0.000616617 -0.0320898 0.912046
39 0.0690118 1.86144 -0.135793 0.000217066 -0.00567565 -0.136523 1.75799 -0.00129043 -0.00226029 -0.00226507 0.00117667 1.71059 0.07597 -0.00504267 0.00136863 -0.0756773 1.68575 -0.0729505 0.000116612 -0.00304907 -0.0733426 0.944424 -0.000693242 -0.00121427 -0.00121684 0.000632132 0.918962 0.0408125 -0.00270902 0.000735254 -0.0406553 0.905619
40 0.10628 1.74559 -0.113756 0.000559921 -0.00483702 -0.114496 1.64214 0.000445994 -0.0024239 -0.00242935 -0.000359864 1.59152 0.0840736 -0.0043014 0.00143242 -0.0835644 1.5678 -0.0651673 0.000320763 -0.00277099 -0.0655914 0.940733 0.000255497 -0.00138859 -0.00139171 -0.000206156 0.911736 0.0481634 -0.00246415 0.000820593 -0.0478717 0.898148
42 0.146749 1.49524 -0.0630771 0.00106355 -0.00207639 -0.0637184 1.39202 0.00252509 -0.00244835 -0.00241055 -0.00204822 1.33672 0.0858222 -0.00175162 0.00130446 -0.0849946 1.31579 -0.0421853 0.00071129 -0.00138866 -0.0426141 0.930964 0.00168875 -0.00163743 -0.00161215 -0.00136983 0.893985 0.0573969 -0.00117147 0.000872411 -0.0568434 0.879984
44 0.152348 1.25835 -0.0126128 0.00121614 0.00111209 -0.0130184 1.15531 0.00232011 -0.00211371 -0.00191579 -0.00158131 1.09743 0.0696629 0.00125319 0.00095039 -0.0687471 1.07962 -0.0100233 0.000966454 0.000883769 -0.0103456 0.918119 0.00184378 -0.00167975 -0.00152246 -0.00125665 0.87212 0.0553606 0.0009959 0.000755268 -0.0546328 0.857965
46 0.157761 1.07151 0.0279024 0.00101733 0.00340848 0.0278006 0.968272 0.00018684 -0.00161333 -0.00103134 0.000598471 0.909052 0.0394041 0.00341898 0.00053296 -0.0386465 0.894196 0.0260403 0.000949435 0.00318101 0.0259453 0.903653 0.000174371 -0.00150567 -0.000962512 0.000558531 0.848386 0.0367744 0.00319081 0.000497392 -0.0360673 0.834521
48 0.162982 0.953072 0.0517694 0.000585736 0.00388066 0.0519436 0.849091 -0.00267249 -0.00119663 5.87417e-05 0.00328361 0.788864 0.00134509 0.00379351 0.00016522 -0.000915299 0.776425 0.0543185 0.000614577 0.00407174 0.0545012 0.890899 -0.00280408 -0.00125555 6.1634e-05 0.00344529 0.827707 0.00141132 0.0039803 0.000173355 -0.000960366 0.814655
50 0.168004 0.900706 0.056722 8.46174e-05 0.00237973 0.0570514 0.795527 -0.00473045 -0.00102511 0.00111849 0.00501306 0.733967 -0.0364945 0.00217908 -0.000123019 0.0365643 0.72328 0.062975 9.39456e-05 0.00264207 0.0633408 0.883226 -0.00525193 -0.00113812 0.0012418 0.0055657 0.81488 -0.0405177 0.0024193 -0.000136581 0.0405951 0.803014
52 0.172821 0.895658 0.0452804 -0.000358973 -0.00041216 0.0455866 0.78909 -0.00481853 -0.00107947 0.00192346 0.00472115 0.725604 -0.0661477 -0.00078504 -0.000351283 0.065964 0.716114 0.0505555 -0.000400792 -0.000460176 0.0508974 0.881017 -0.00537988 -0.00120522 0.00214753 0.00527115 0.810136 -0.0738538 -0.000876495 -0.000392206 0.0736487 0.79954
54 0.177428 0.911499 0.023827 -0.000700174 -0.00330148 0.0239304 0.80366 -0.00265032 -0.00117432 0.00232425 0.00222041 0.737678 -0.0819489 -0.00391152 -0.000520411 0.0817002 0.729089 0.0261405 -0.000768156 -0.00362203 0.0262539 0.88169 -0.00290765 -0.00128834 0.00254992 0.002436 0.809302 -0.0899057 -0.0042913 -0.000570939 0.0896328 0.799879
56 0.181819 0.923635 0.000559536 -0.000968366 -0.00511416 0.000340737 0.814863 0.00106121 -0.00107172 0.00228987 -0.00170776 0.74596 -0.0822961 -0.0059865 -0.000566095 0.0821682 0.738266 0.000605797 -0.00104843 -0.00553699 0.000368908 0.882234 0.00114895 -0.00116033 0.00247919 -0.00184896 0.807635 -0.0891002 -0.00648146 -0.000612899 0.0889618 0.799305
58 0.185988 0.916155 -0.0170717 -0.00121791 -0.00518918 -0.0176277 0.806832 0.00493593 -0.000626121 0.00191431 -0.00565192 0.734738 -0.0700568 -0.0062794 -0.00037442 0.0701611 0.72817 -0.018634 -0.00132938 -0.00566408 -0.0192409 0.880671 0.00538766 -0.000683422 0.00208951 -0.00616917 0.80198 -0.0764682 -0.00685408 -0.000408686 0.0765821 0.794811
60 0.286303 0.884207 -0.0245595 -0.00147281 -0.00361966 -0.0253538 0.774573 0.00753779 0.000122396 0.00138171 -0.00817528 0.699182 -0.0513331 -0.00481548 0.000143248 0.05168 0.69411 -0.0277758 -0.00166569 -0.00409368 -0.0286741 0.876009 0.00852492 0.000138425 0.00156266 -0.00924589 0.790745 -0.0580555 -0.0054461 0.000162007 0.0584479 0.785009
64 0.394175 0.769248 -0.0104293 -0.00183239 0.0011489 -0.0111427 0.658718 0.00623084 0.00158495 0.000633518 -0.0063782 0.577278 -0.0206327 0.000177699 0.0019012 0.0212345 0.576426 -0.0135578 -0.00238205 0.00149354 -0.0144852 0.856314 0.00809991 0.00206038 0.000823555 -0.00829147 0.750444 -0.0268219 0.000231004 0.0024715 0.0276042 0.749337
68 0.406626 0.647068 0.0161104 -0.00162332 0.00221308 0.0159742 0.534348 -0.000199589 0.00145352 0.000865677 0.00060954 0.448754 -0.0188705 0.00178864 0.00298141 0.0194277 0.453208 0.0248975 -0.00250873 0.00342017 0.024687 0.825798 -0.000308451 0.00224631 0.00133784 0.000942003 0.693519 -0.029163 0.00276422 0.00460756 0.0300242 0.700402
72 0.417095 0.560254 0.0290922 -0.00102963 -0.00110428 0.0292128 0.445197 -0.00323733 -0.000152773 0.00135752 0.00379402 0.35556 -0.0348077 -0.00121867 0.00185575 0.0351434 0.36514 0.0519268 -0.00183779 -0.00197103 0.052142 0.794635 -0.00577832 -0.000272686 0.00242304 0.00677196 0.634641 -0.0621285 -0.00217521 0.00331234 0.0627275 0.65174
76 0.425533 0.510792 0.0296841 -0.000499482 -0.00301421 0.0294609 0.395 -0.000652911 -0.00141705 0.00087248 0.000996263 0.297069 -0.0525144 -0.00329353 -0.000263404 0.0523256 0.311113 0.0581139 -0.000977857 -0.00590105 0.0576769 0.773308 -0.00127823 -0.00277422 0.00170809 0.00195043 0.581585 -0.10281 -0.00644789 -0.000515676 0.10244 0.60908
80 0.431897 0.485247 0.0244777 0.000310403 7.44361e-05 0.0238072 0.369104 0.00195049 -0.00124542 -0.000761758 -0.00169495 0.259875 -0.0689959 -0.000452526 -0.00106746 0.0681786 0.279448 0.0504438 0.00063968 0.000153398 0.049062 0.760652 0.00401958 -0.00256656 -0.00156984 -0.00349297 0.535553 -0.142187 -0.000932568 -0.00219984 0.140503 0.575889
84 0.436158 0.463512 0.0115111 0.00171082 0.00461339 0.010579 0.344135 -5.26302e-05 -0.000251539 -0.00227233 0.000373544 0.228305 -0.0757798 0.00432124 -0.000453139 0.0749383 0.256297 0.0248345 0.00369099 0.00995313 0.0228235 0.74245 -0.000113547 -0.000542681 -0.00490241 0.0008059 0.492555 -0.16349 0.00932282 -0.00097762 0.161675 0.552945
88 0.328636 0.429778 -0.00248124 0.00275362 0.00501162 -0.00366126 0.304222 -0.00439974 0.000329231 -0.0023113 0.00462202 0.187738 -0.0623002 0.00534212 -8.77841e-05 0.0622118 0.225065 -0.0057733 0.00640707 0.0116609 -0.00851895 0.707859 -0.0102372 0.00076605 -0.00537788 0.0107544 0.436825 -0.144959 0.01243 -0.000204254 0.144753 0.523676
90 0.219313 0.409511 -0.00425319 0.0028234 0.00344772 -0.00553498 0.281034 -0.00578199 0.000326032 -0.00184025 0.00595788 0.163561 -0.0512774 0.00401402 -0.00021478 0.0516034 0.204488 -0.010386 0.00689458 0.00841913 -0.0135161 0.686269 -0.0141193 0.00079615 -0.00449377 0.0145488 0.399406 -0.125216 0.00980198 -0.000524479 0.126012 0.499347
92 0.328636 0.390207 -0.000832416 0.00266534 0.00153357 -0.00213218 0.259545 -0.00618422 0.00024586 -0.0013529 0.00641819 0.139087 -0.042397 0.00218751 -0.000370148 0.0429783 0.182546 -0.00213327 0.00683058 0.00393014 -0.00546422 0.665146 -0.0158486 0.000630075 -0.00346714 0.0164482 0.356444 -0.108653 0.00560602 -0.000948593 0.110142 0.467818
96 0.436158 0.362579 0.0152004 0.00251153 -0.000273241 0.0142102 0.228805 -0.00526131 0.000414492 -0.00133947 0.00593821 0.0976347 -0.0421212 0.000179003 -8.15958e-07 0.0425019 0.1451 0.0419231 0.00692686 -0.000753603 0.039192 0.63105 -0.0145108 0.00114318 -0.00369428 0.0163777 0.269279 -0.116171 0.000493693 -2.25043e-06 0.117221 0.400188
100 0.431897 0.349068 0.0231717 0.00327026 0.00193497 0.0225493 0.208194 -0.00576465 0.00111365 -0.0026377 0.00653169 0.0694423 -0.0591681 0.00220989 0.0013288 0.0587375 0.126315 0.0663817 0.00936853 0.00554324 0.0645984 0.596428 -0.0165144 0.00319034 -0.0075564 0.0187118 0.198936 -0.169503 0.00633083 0.00380671 0.168269 0.361863
104 0.425533 0.339667 0.014042 0.00353433 0.00359684 0.0131382 0.184362 -0.00889097 0.00095446 -0.00291923 0.00861049 0.0450855 -0.0685102 0.00410688 0.00171035 0.0674234 0.119695 0.0413405 0.0104053 0.0105893 0.0386796 0.542774 -0.0261756 0.00280999 -0.00859441 0.0253498 0.132735 -0.201698 0.0120909 0.00503538 0.198499 0.352389
108 0.417095 0.333557 0.0047052 0.0017972 0.000327208 0.00309469 0.165407 -0.0107161 -0.000955859 -0.000835211 0.00924107 0.02029 -0.0647939 0.00113835 -0.000334018 0.0635547 0.111109 0.0141062 0.00538798 0.000980967 0.00927785 0.495887 -0.0321267 -0.00286566 -0.00250396 0.0277046 0.0608292 -0.194251 0.00341277 -0.00100138 0.190536 0.333103
112 0.406626 0.33283 0.00704126 -9.43406e-05 -0.00492875 0.00540209 0.162947 -0.0083195 -0.0029814 0.0010036 0.00709239 0.00144941 -0.0620623 -0.00430075 -0.00314904 0.0610421 0.0972825 0.0211557 -0.00028345 -0.0148086 0.0162308 0.489579 -0.0249962 -0.00895772 0.00301536 0.0213093 0.00435481 -0.186469 -0.0129218 -0.0094614 0.183403 0.292289
116 0.394175 0.330292 0.0109279 0.000983328 -0.00599991 0.0103378 0.158955 -0.0040062 -0.00338948 -0.000542439 0.00417705 -0.0132752 -0.0597509 -0.00615807 -0.00412886 0.0590818 0.0869503 0.0330856 0.00297715 -0.0181655 0.0312989 0.481256 -0.0121293 -0.0102621 -0.0016423 0.0126465 -0.0401923 -0.180903 -0.0186443 -0.0125006 0.178877 0.263253
120 0.379804 0.329264 0.00811131 0.00412438 -0.0028528 0.00858814 0.134472 -0.0014889 -0.00383264 -0.00397441 0.00244626 -0.0345585 -0.0504695 -0.00398399 -0.00419319 0.0500959 0.0907809 0.0246346 0.012526 -0.00866416 0.0260828 0.408402 -0.0045219 -0.01164 -0.0120706 0.00742946 -0.104957 -0.15328 -0.0120997 -0.012735 0.152145 0.275708
124 0.363583 0.350569 0.00704265 0.0046942 -0.0014484 0.00744802 0.113253 -0.00103429 -0.00719418 -0.00460353 0.00146003 -0.0600903 -0.0484939 -0.00303135 -0.00671474 0.0482378 0.108301 0.0200892 0.0133902 -0.00413156 0.0212455 0.323054 -0.00295032 -0.0205214 -0.0131316 0.00416475 -0.171408 -0.138329 -0.00864694 -0.0191538 0.137598 0.30893
128 0.34559 0.393134 0.0129354 0.000999768 -0.00371747 0.0124585 0.125224 -0.00066583 -0.012203 -0.00106595 0.00031329 -0.0781927 -0.0655475 -0.0048065 -0.0114321 0.0652066 0.12221 0.0329033 0.00254307 -0.00945599 0.0316901 0.318527 -0.00169365 -0.0310403 -0.00271143 0.000796905 -0.198896 -0.166731 -0.0122261 -0.0290793 0.165864 0.310861
132 0.325914 0.427568 0.0159976 -0.00277562 -0.00364055 0.0150414 0.148924 1.26036e-05 -0.0140843 0.00255945 -0.000194707 -0.0948877 -0.0788836 -0.00384198 -0.0136729 0.0783726 0.119548 0.0374154 -0.00649166 -0.00851457 0.0351789 0.348304 2.94775e-05 -0.0329405 0.00598608 -0.000455382 -0.221924 -0.184494 -0.00898567 -0.0319783 0.183299 0.279599
136 0.304649 0.456324 0.00858253 -0.00249826 0.00324345 0.00786653 0.149837 -0.000170739 -0.011446 0.00226132 0.00094411 -0.127389 -0.070598 0.00309983 -0.0113013 0.070028 0.117781 0.018808 -0.00547475 0.00710778 0.0172389 0.328358 -0.000374162 -0.025083 0.00495552 0.00206895 -0.279165 -0.15471 0.00679305 -0.0247659 0.153461 0.25811
140 0.281901 0.516416 -0.00543276 0.00016127 0.0116034 -0.00581073 0.146337 -0.00109359 -0.00842668 -0.000634675 0.00240854 -0.170834 -0.0640783 0.0105158 -0.00806955 0.0635528 0.137967 -0.0105201 0.000312288 0.0224691 -0.011252 0.28337 -0.00211765 -0.0163176 -0.001229 0.00466395 -0.330806 -0.124083 0.0203631 -0.0156261 0.123065 0.267161
144 0.257779 0.590488 -0.0217245 0.00069159 0.0131103 -0.0217947 0.169736 -0.00118219 -0.00825737 -0.00174516 0.00195612 -0.204977 -0.0704525 0.0117422 -0.00771845 0.0697585 0.153341 -0.0367907 0.00117122 0.0222025 -0.0369096 0.28745 -0.00200205 -0.013984 -0.00295545 0.00331272 -0.347132 -0.119312 0.0198855 -0.0130713 0.118137 0.259686
148 0.232401 0.610614 -0.035824 -0.00223638 0.00803571 -0.0352931 0.199251 -0.00015937 -0.00886572 0.000658911 4.24825e-05 -0.228908 -0.0540488 0.00814876 -0.00884233 0.0528932 0.121655 -0.0586688 -0.00366251 0.0131601 -0.0577994 0.326313 -0.000261 -0.0145194 0.0010791 6.95735e-05 -0.374881 -0.0885155 0.0133452 -0.0144811 0.0866231 0.199235
152 0.205891 0.590989 -0.0326015 -0.00637609 0.00410223 -0.0316784 0.212349 0.000492174 -0.00728919 0.00467388 -0.000818615 -0.249194 -0.00964135 0.00556845 -0.00825965 0.00827888 0.0732735 -0.0551644 -0.0107888 0.0069413 -0.0536024 0.359311 0.000832798 -0.0123339 0.00790857 -0.00138516 -0.421656 -0.0163139 0.00942226 -0.013976 0.0140085 0.123985
156 0.178378 0.623533 0.00141674 -0.00898992 0.00549362 0.00177086 0.244026 0.000200948 -0.00440702 0.00768929 -0.0001876 -0.245052 0.00636453 0.00585934 -0.00586916 -0.00730026 0.0807456 0.00227211 -0.0144177 0.00881048 0.00284005 0.39136 0.000322274 -0.00706782 0.0123318 -0.000300866 -0.393006 0.0102072 0.009397 -0.00941275 -0.0117079 0.129497
160 0.0971232 0.69258 0.0520501 -0.00813562 0.00828214 0.0516384 0.313417 0.00011156 -0.00241976 0.0076926 9.83452e-05 -0.200164 -0.00909912 0.00676397 -0.00342825 0.00859368 0.121387 0.075154 -0.0117468 0.0119584 0.0745595 0.452535 0.000161079 -0.00349383 0.0111072 0.000141998 -0.289012 -0.013138 0.00976634 -0.00494997 0.0124082 0.175268
161 0.0357021 0.70031 0.0630554 -0.00728361 0.00842514 0.062622 0.330947 0.000227801 -0.00208816 0.00706799 6.61342e-06 -0.186956 -0.0077013 0.00681641 -0.00290035 0.00719012 0.123111 0.0900393 -0.0104006 0.0120306 0.0894205 0.472572 0.000325287 -0.00298176 0.0100927 9.44357e-06 -0.266961 -0.010997 0.00973343 -0.00414153 0.0102671 0.175795
162 0.0338871 0.70099 0.0722224 -0.00620526 0.00820075 0.0718709 0.346306 0.000390433 -0.00178013 0.00619633 -0.000122143 -0.175689 -0.00112655 0.00675399 -0.002395 0.000550832 0.118018 0.103029 -0.00885214 0.0116988 0.102528 0.494024 0.000556974 -0.00253945 0.0088394 -0.000174244 -0.25063 -0.00160708 0.00963494 -0.0034166 0.000785792 0.168358
163 0.0320617 0.6947 0.0791257 -0.00494229 0.00758057 0.0789592 0.358817 0.000582149 -0.00147247 0.00510653 -0.000260426 -0.168008 0.0113271 0.00655643 -0.00190407 -0.0120215 0.105421 0.113899 -0.00711428 0.010912 0.113659 0.516507 0.000837985 -0.00211958 0.00735069 -0.000374876 -0.241843 0.016305 0.00943779 -0.00274086 -0.0173045 0.15175
164 0.0302266 0.682843 0.083488 -0.00355196 0.00656408 0.0835974 0.368327 0.00078191 -0.00114843 0.00384571 -0.000380442 -0.165505 0.0295616 0.00620104 -0.00142271 -0.0304176 0.0855023 0.122265 -0.00520172 0.00961288 0.122426 0.539402 0.00114508 -0.00168184 0.00563191 -0.000557144 -0.242376 0.043292 0.00908122 -0.00208351 -0.0445456 0.125215
165 0.0283823 0.66811 0.0851964 -0.0021044 0.00517675 0.0856488 0.375279 0.000967961 -0.000800762 0.00247791 -0.000458928 -0.169567 0.0526147 0.00566206 -0.000951462 -0.0536584 0.0593335 0.127519 -0.00314978 0.00774836 0.128196 0.561702 0.00144881 -0.00119855 0.00370884 -0.000686905 -0.253801 0.0787516 0.00847474 -0.00142411 -0.0803137 0.088808
166 0.0265294 0.65426 0.0843022 -0.000678103 0.00346631 0.0851328 0.380697 0.00112073 -0.000433093 0.00108048 -0.000480984 -0.181251 0.0787174 0.0049118 -0.000497154 -0.0799542 0.0287888 0.128851 -0.00103644 0.00529807 0.130121 0.581875 0.00171297 -0.000661958 0.00165145 -0.000735157 -0.277031 0.120315 0.00750742 -0.000759872 -0.122206 0.0440021
167 0.0246683 0.645711 0.0810078 0.00064623 0.00149765 0.0822145 0.386072 0.00122518 -5.92472e-05 -0.000261761 -0.00044227 -0.201164 0.105474 0.0039237 -7.23764e-05 -0.106887 -0.00365449 0.125455 0.0010008 0.00231937 0.127324 0.597901 0.00189741 -9.1755e-05 -0.000405384 -0.000684934 -0.311538 0.163345 0.00607655 -0.000112088 -0.165534 -0.00565963
168 0.0172754 0.646998 0.0756415 0.00179274 -0.000653094 0.077184 0.393151 0.00127238 0.000299184 -0.00146411 -0.000349275 -0.229397 0.130145 0.00267677 0.000306251 -0.131698 -0.0352014 0.116911 0.00277087 -0.00100942 0.119296 0.607655 0.0019666 0.000462418 -0.00226294 -0.00053984 -0.354557 0.201153 0.00413721 0.000473342 -0.203552 -0.0544073
168.5 0.0109315 0.652627 0.0723101 0.00227874 -0.00177137 0.0739944 0.397887 0.00127356 0.000464662 -0.00198848 -0.000287039 -0.246512 0.140835 0.00195253 0.000472612 -0.142437 -0.0497609 0.110799 0.00349164 -0.00271422 0.113379 0.60967 0.00195143 0.000711987 -0.00304689 -0.000439821 -0.377723 0.215797 0.0029918 0.000724169 -0.218252 -0.076247
169 0.0104622 0.662155 0.0686235 0.00269771 -0.0029046 0.0704272 0.403691 0.00126008 0.000616629 -0.00245047 -0.000217665 -0.265493 0.149999 0.00116097 0.000620763 -0.151636 -0.0630758 0.103637 0.00407413 -0.00438658 0.106361 0.609662 0.001903 0.000931245 -0.00370075 -0.000328721 -0.400952 0.226532 0.00175332 0.000937489 -0.229004 -0.0952584
169.5 0.00999215 0.67591 0.0646424 0.00304466 -0.00404275 0.0665401 0.410736 0.00123266 0.000752006 -0.00284329 -0.000144015 -0.286197 0.15736 0.000303412 0.000748769 -0.159014 -0.0748589 0.0956376 0.00450453 -0.0059812 0.0984452 0.607678 0.0018237 0.00111258 -0.00420661 -0.000213068 -0.423424 0.232812 0.000448894 0.00110779 -0.235259 -0.110753
170 0.0095213 0.694116 0.0604287 0.00331611 -0.00517619 0.0623925 0.419161 0.00119231 0.000868033 -0.00316166 -6.90689e-05 -0.308454 0.162683 -0.000617517 0.000855001 -0.164337 -0.0848653 0.0870584 0.00477745 -0.00745724 0.0898877 0.603877 0.00171774 0.00125056 -0.00455494 -9.95063e-05 -0.444383 0.234374 -0.000889645 0.00123178 -0.236757 -0.122264
170.5 0.00904972 0.716884 0.0560439 0.00351019 -0.00629574 0.0580445 0.429062 0.00114034 0.000962392 -0.00340199 4.22053e-06 -0.332063 0.165789 -0.0015978 0.000938231 -0.167424 -0.0929008 0.0781772 0.00489646 -0.0087821 0.0809678 0.59851 0.00159069 0.00134247 -0.00474552 5.88733e-06 -0.463204 0.231263 -0.00222882 0.00130876 -0.233544 -0.12959
171 0.00857745 0.744197 0.0515487 0.00362672 -0.00739286 0.0535558 0.440489 0.00107826 0.00103332 -0.00356251 7.30602e-05 -0.356802 0.166561 -0.00263198 0.0009977 -0.168159 -0.0988281 0.0692676 0.00487334 -0.009934 0.0719645 0.591898 0.00144889 0.0013885 -0.00478705 9.81732e-05 -0.479445 0.223813 -0.00353667 0.00134064 -0.225961 -0.132798
171.5 0.00810453 0.775912 0.0470015 0.00366724 -0.00845967 0.048985 0.453438 0.00100776 0.0010797 -0.00364337 0.000134943 -0.382423 0.16495 -0.00371308 0.00103318 -0.166494 -0.102572 0.0605759 0.00472636 -0.0109029 0.0631322 0.584394 0.0012988 0.00139153 -0.0046956 0.000173916 -0.49287 0.212588 -0.00478545 0.00133156 -0.214578 -0.132195
172 0.00763099 0.81175 0.0424581 0.00363495 -0.00948909 0.0443887 0.467851 0.000930603 0.00110112 -0.00364665 0.000187759 -0.408665 0.160976 -0.00483271 0.00104499 -0.162449 -0.10412 0.0523044 0.00447792 -0.0116897 0.0546827 0.576349 0.00114642 0.00135648 -0.00449233 0.000231301 -0.503436 0.198307 -0.00595345 0.00128734 -0.200122 -0.128266
172.5 0.00715688 0.851305 0.0379706 0.00353472 -0.0104748 0.0398208 0.483615 0.000848627 0.00109792 -0.00357631 0.000229882 -0.435249 0.154733 -0.00598105 0.00103407 -0.156121 -0.103527 0.0446028 0.00415212 -0.0123044 0.0467762 0.568087 0.000996854 0.00128969 -0.00420097 0.000270035 -0.511272 0.18176 -0.00702575 0.00121469 -0.18339 -0.121609
173 0.00668221 0.894045 0.0335872 0.00337293 -0.0114114 0.0353322 0.500563 0.000763643 0.00107117 -0.00343816 0.000260238 -0.461889 0.146385 -0.00714702 0.0010019 -0.147673 -0.100909 0.0375677 0.00377266 -0.0127637 0.0395195 0.559885 0.000854143 0.00119811 -0.00384562 0.000291079 -0.516629 0.163733 -0.00799402 0.00112064 -0.165174 -0.112868
173.5 0.00620704 0.939327 0.029352 0.00315732 -0.0122941 0.0309699 0.518474 0.000677411 0.00102268 -0.00323968 0.00027834 -0.488295 0.13616 -0.00831839 0.000950543 -0.137338 -0.0964436 0.0312479 0.00336125 -0.0130882 0.0329703 0.551964 0.000721166 0.00108874 -0.00344894 0.000296319 -0.519835 0.144955 -0.00885569 0.00101194 -0.146209 -0.102673
174 0.0057314 0.986404 0.0253043 0.00289681 -0.0131192 0.026777 0.537084 0.000591594 0.000954957 -0.00298983 0.000284298 -0.514174 0.12435 -0.00948199 0.000882545 -0.125409 -0.0903616 0.025653 0.00293674 -0.0133 0.0271461 0.544487 0.000599748 0.000968119 -0.00303103 0.000288216 -0.521261 0.126064 -0.00961268 0.000894709 -0.127138 -0.091607
174.5 0.00525531 1.03445 0.0214788 0.0026013 -0.0138835 0.0227928 0.556086 0.000507731 0.000871082 -0.0026988 0.000278798 -0.539236 0.111295 -0.010624 0.000800906 -0.112231 -0.0829407 0.0207634 0.00251466 -0.0134211 0.0220337 0.537566 0.000490821 0.000842071 -0.00260892 0.000269513 -0.521277 0.107589 -0.0102701 0.000774232 -0.108493 -0.0801784
175 0.00477883 1.08258 0.0179057 0.00228136 -0.0145846 0.019052 0.575144 0.00042721 0.000774651 -0.00237779 0.000263058 -0.563199 0.097381 -0.01173 0.00070898 -0.0981893 -0.0744966 0.0165399 0.00210733 -0.013472 0.0175987 0.53127 0.000394622 0.000715559 -0.0021964 0.000242991 -0.520237 0.0899526 -0.0108352 0.000654898 -0.0906992 -0.0688138
175.5 0.00430199 1.12987 0.0146111 0.00194799 -0.0152208 0.0155855 0.593896 0.000351259 0.000669639 -0.00203859 0.000238751 -0.585793 0.0830209 -0.0127856 0.000610378 -0.0837024 -0.0653724 0.0129317 0.00172409 -0.0134713 0.0137942 0.525635 0.000310886 0.000592672 -0.00180428 0.00021131 -0.518463 0.0734786 -0.011316 0.000540222 -0.0740818 -0.0578586
176 0.00382481 1.17536 0.0116165 0.00161235 -0.0157908 0.0124201 0.611973 0.000280936 0.000560266 -0.00169334 0.000207917 -0.606761 0.0686466 -0.0137764 0.000508858 -0.0692046 -0.0559276 0.00988336 0.00137179 -0.0134349 0.0105671 0.520668 0.000239021 0.000476676 -0.0014407 0.000176897 -0.516234 0.0584047 -0.011721 0.000432937 -0.0588794 -0.0475834
176.5 0.00334735 1.21814 0.00893999 0.0012854 -0.0162939 0.00957873 0.629 0.000217135 0.000450853 -0.00135414 0.000172849 -0.625864 0.0546931 -0.0146886 0.000408211 -0.0551339 -0.0465262 0.00733907 0.00105522 -0.0133761 0.00786343 0.516363 0.000178251 0.000370117 -0.00111165 0.000141896 -0.513788 0.044899 -0.0120583 0.000335111 -0.0452608 -0.0381946
177 0.00286963 1.2573 0.00659605 0.000977668 -0.0167297 0.00708068 0.644616 0.00016059 0.000345667 -0.00103267 0.000135973 -0.642884 0.0415856 -0.015509 0.000312142 -0.0419183 -0.0375246 0.00524621 0.000777596 -0.0133061 0.00563167 0.5127 0.000127727 0.000274929 -0.000821339 0.000108147 -0.511323 0.0330754 -0.0123352 0.000248265 -0.03334 -0.0298455
177.5 0.00239169 1.292 0.00459621 0.00069894 -0.0170981 0.004942 0.65848 0.000111893 0.000248775 -0.000739884 9.97234e-05 -0.657629 0.0297255 -0.0162256 0.000224148 -0.0299619 -0.0292601 0.00355743 0.000540973 -0.0132338 0.00382507 0.509658 8.66039e-05 0.000192549 -0.000572664 7.7185e-05 -0.508999 0.0230073 -0.0125584 0.000173489 -0.0231902 -0.0226471
178 0.00191357 1.32151 0.00294942 0.000457991 -0.0173991 0.00317565 0.670283 7.15022e-05 0.000163898 -0.000485686 6.6416e-05 -0.669929 0.0194776 -0.0168275 0.000147408 -0.0196317 -0.0220397 0.00223185 0.000346567 -0.013166 0.00240305 0.50721 5.41064e-05 0.000124023 -0.000367524 5.02576e-05 -0.506942 0.0147389 -0.0127335 0.000111545 -0.0148555 -0.0166776
178.5 0.00143531 1.34517 0.00166236 0.000262358 -0.0176328 0.0017918 0.679758 3.97654e-05 9.42807e-05 -0.000278606 3.81307e-05 -0.679644 0.011158 -0.0173055 8.46774e-05 -0.0112459 -0.0161295 0.0012358 0.000195037 -0.0131083 0.00133203 0.505333 2.95617e-05 7.00885e-05 -0.000207116 2.83464e-05 -0.505249 0.00829488 -0.012865 6.29494e-05 -0.00836025 -0.0119907
179 0.000956932 1.36245 0.000739845 0.000118124 -0.0177996 0.00079808 0.686686 1.69318e-05 4.2575e-05 -0.000125562 1.66053e-05 -0.686664 0.00502404 -0.0176525 3.82007e-05 -0.00506352 -0.0117466 0.000543025 8.66996e-05 -0.0130644 0.000585768 0.504008 1.24275e-05 3.12489e-05 -9.21591e-05 1.21878e-05 -0.503992 0.0036875 -0.0129564 2.80383e-05 -0.00371648 -0.00862168
179.5 0.000478484 1.37298 0.000185111 2.97608e-05 -0.0178996 0.000199776 0.690909 3.16826e-06 1.07456e-05 -3.16533e-05 3.14772e-06 -0.690908 0.00126584 -0.0178628 9.63589e-06 -0.00127577 -0.00905121 0.000134825 2.16761e-05 -0.013037 0.000145506 0.503219 2.30758e-06 7.82649e-06 -2.30545e-05 2.29262e-06 -0.503218 0.000921963 -0.0130103 7.01824e-06 -0.000929196 -0.00659239
180 5.98114e-05 1.37651 8.22106e-18 -5.05821e-17 -0.0179329 -6.8537e-18 0.692328 -1.42991e-06 -3.10825e-17 4.69269e-17 -1.42991e-06 -0.692328 -2.52993e-17 -0.0179333 -3.56151e-17 3.10985e-17 -0.00814169 5.97238e-18 -3.67466e-17 -0.0130277 -4.97903e-18 0.502957 -1.03879e-06 -2.25806e-17 3.40911e-17 -1.03879e-06 -0.502957 -1.83793e-17 -0.013028 -2.58734e-17 2.25922e-17 -0.00591472
