theta 2pi*dcos S11 S12 S13 S14 S21 S22 S23 S24 S31 S32 S33 S34 S41 S42 S43 S44 S12_norm S13_norm S14_norm S21_norm S22_norm S23_norm S24_norm S31_norm S32_norm S33_norm S34_norm S41_norm S42_norm S43_norm S44_norm
0 2.39246e-06 4.07725e-10 0 0 6.3604e-17 0 4.06788e-10 1.12878e-20 0 0 -1.12878e-20 4.06788e-10 0 6.4056e-17 0 0 4.05851e-10 0 0 1.55997e-07 0 0.997702 2.76847e-11 0 0 -2.76847e-11 0.997702 0 1.57106e-07 0 0 0.995404
0.1 1.91397e-05 4.07725e-10 -6.17321e-16 0 6.36444e-17 -6.18983e-16 4.06788e-10 1.12878e-20 0 0 -1.12878e-20 4.06788e-10 0 6.4056e-17 0 0 4.05851e-10 -1.51406e-06 0 1.56097e-07 -1.51814e-06 0.997702 2.76848e-11 0 0 -2.76848e-11 0.997702 0 1.57106e-07 0 0 0.995404
0.2 3.82793e-05 4.07723e-10 -2.47899e-15 0 6.37741e-17 -2.47933e-15 4.06786e-10 1.12878e-20 0 0 -1.12878e-20 4.06786e-10 0 6.40883e-17 0 0 4.05849e-10 -6.08008e-06 0 1.56415e-07 -6.08092e-06 0.997702 2.76849e-11 0 0 -2.76849e-11 0.997702 0 1.57186e-07 0 0 0.995404
0.3 5.74188e-05 4.0772e-10 -5.57367e-15 0 6.41453e-17 -5.57495e-15 4.06783e-10 1.12878e-20 0 0 -1.12878e-20 4.06783e-10 0 6.39532e-17 0 0 4.05846e-10 -1.36704e-05 0 1.57327e-07 -1.36735e-05 0.997702 2.76851e-11 0 0 -2.76851e-11 0.997702 0 1.56856e-07 0 0 0.995404
0.4 7.65581e-05 4.07715e-10 -9.909e-15 0 6.41453e-17 -9.90779e-15 4.06778e-10 1.12878e-20 0 0 -1.12878e-20 4.06778e-10 0 6.38429e-17 0 0 4.05841e-10 -2.43037e-05 0 1.57329e-07 -2.43008e-05 0.997702 2.76854e-11 0 0 -2.76854e-11 0.997702 0 1.56587e-07 0 0 0.995404
0.5 9.56972e-05 4.0771e-10 -1.54813e-14 0 6.41259e-17 -1.54826e-14 4.06773e-10 1.12878e-20 0 0 -1.12878e-20 4.06773e-10 0 6.39209e-17 0 0 4.05836e-10 -3.79714e-05 0 1.57283e-07 -3.79745e-05 0.997702 2.76858e-11 0 0 -2.76858e-11 0.997702 0 1.5678e-07 0 0 0.995404
0.6 0.000114836 4.07703e-10 -2.22921e-14 0 6.41958e-17 -2.22925e-14 4.06766e-10 1.12878e-20 0 0 -1.12878e-20 4.06766e-10 0 6.43626e-17 0 0 4.05829e-10 -5.46773e-05 0 1.57457e-07 -5.46783e-05 0.997702 2.76863e-11 0 0 -2.76863e-11 0.997702 0 1.57866e-07 0 0 0.995404
0.7 0.000133974 4.07695e-10 -3.03441e-14 0 6.4284e-17 -3.03441e-14 4.06758e-10 1.12878e-20 0 0 -1.12878e-20 4.06758e-10 1.44445e-34 6.4056e-17 0 -1.44445e-34 4.05821e-10 -7.44286e-05 0 1.57677e-07 -7.44284e-05 0.997702 2.76868e-11 0 0 -2.76868e-11 0.997702 3.54296e-25 1.57117e-07 0 -3.54296e-25 0.995404
0.8 0.000153112 4.07685e-10 -3.96306e-14 0 6.38579e-17 -3.96329e-14 4.06748e-10 1.12878e-20 0 0 -1.12878e-20 4.06748e-10 3.61112e-34 6.4064e-17 0 -1.1028e-19 4.05812e-10 -9.72087e-05 0 1.56635e-07 -9.72144e-05 0.997702 2.76874e-11 0 0 -2.76874e-11 0.997702 8.85761e-25 1.57141e-07 0 -2.70502e-10 0.995404
0.9 0.00017225 4.07675e-10 -5.01584e-14 0 6.38618e-17 -5.0158e-14 4.06738e-10 1.12878e-20 0 0 -1.12878e-20 4.06738e-10 7.79794e-20 6.39693e-17 0 -2.13044e-19 4.05801e-10 -0.000123035 0 1.56649e-07 -0.000123034 0.997702 2.76882e-11 0 0 -2.76882e-11 0.997702 1.91278e-10 1.56913e-07 0 -5.22582e-10 0.995404
1 0.000191387 4.07663e-10 -6.19224e-14 0 6.35633e-17 -6.19219e-14 4.06726e-10 1.12878e-20 0 0 -1.12878e-20 4.06726e-10 1.35064e-19 6.42302e-17 0 -1.50645e-19 4.05789e-10 -0.000151896 0 1.55921e-07 -0.000151895 0.997702 2.7689e-11 0 0 -2.7689e-11 0.997702 3.31314e-10 1.57557e-07 0 -3.69532e-10 0.995404
1.1 0.000210523 4.0765e-10 -7.49237e-14 0 6.34906e-17 -7.4924e-14 4.06713e-10 1.46352e-19 2.70129e-19 0 -1.46352e-19 4.06713e-10 1.75429e-19 6.42416e-17 0 -1.35064e-19 4.05776e-10 -0.000183794 0 1.55748e-07 -0.000183795 0.997702 3.59014e-10 6.62648e-10 0 -3.59014e-10 0.997702 4.30343e-10 1.5759e-07 0 -3.31324e-10 0.995404
1.2 0.000229659 4.07636e-10 -8.91633e-14 0 6.35934e-17 -8.91634e-14 4.06699e-10 1.46352e-19 1.11168e-18 0 -1.46352e-19 4.06699e-10 3.97223e-34 6.41066e-17 -4.09957e-19 -4.45371e-34 4.05762e-10 -0.000218733 0 1.56005e-07 -0.000218733 0.997702 3.59027e-10 2.72713e-09 0 -3.59027e-10 0.997702 9.74456e-25 1.57264e-07 -1.0057e-09 -1.09257e-24 0.995404
1.3 0.000248794 4.0762e-10 -1.0464e-13 0 6.38064e-17 -1.04641e-13 4.06683e-10 1.46352e-19 1.2331e-18 0 -1.46352e-19 4.06683e-10 1.1028e-19 6.43427e-17 3.50859e-19 -2.85709e-19 4.05747e-10 -0.00025671 0 1.56534e-07 -0.000256712 0.997702 3.5904e-10 3.02511e-09 0 -3.5904e-10 0.997701 2.70545e-10 1.5785e-07 8.60749e-10 -7.00919e-10 0.995404
1.4 0.000267929 4.07603e-10 -1.21355e-13 0 6.37037e-17 -1.21355e-13 4.06667e-10 1.46352e-19 6.0926e-19 0 -1.46352e-19 4.06667e-10 7.79794e-20 6.48039e-17 -4.15459e-19 -4.03651e-20 4.0573e-10 -0.000297728 0 1.56288e-07 -0.000297729 0.997701 3.59055e-10 1.49474e-09 0 -3.59055e-10 0.997701 1.91312e-10 1.58988e-07 -1.01927e-09 -9.90303e-11 0.995403
1.5 0.000287062 4.07585e-10 -1.39306e-13 0 6.35558e-17 -1.39307e-13 4.06649e-10 1.46352e-19 5.70319e-19 0 -1.46352e-19 4.06649e-10 1.55959e-19 6.53558e-17 -6.46003e-20 -4.46982e-19 4.05712e-10 -0.000341785 0 1.55932e-07 -0.000341786 0.997701 3.59071e-10 1.39926e-09 0 -3.59071e-10 0.997701 3.82641e-10 1.60349e-07 -1.58495e-10 -1.09666e-09 0.995403
1.6 0.000306195 4.07566e-10 -1.58497e-13 0 6.33884e-17 -1.58495e-13 4.06629e-10 1.46352e-19 -4.80059e-19 0 -1.46352e-19 4.06629e-10 5.60012e-19 6.48974e-17 4.57248e-19 2.88889e-34 4.05693e-10 -0.000388885 0 1.55529e-07 -0.000388882 0.997701 3.59088e-10 -1.17787e-09 0 -3.59088e-10 0.997701 1.37404e-09 1.59232e-07 1.1219e-09 7.08816e-25 0.995403
1.7 0.000325327 4.07546e-10 -1.78919e-13 0 6.37917e-17 -1.78921e-13 4.06609e-10 1.46352e-19 -7.00618e-19 0 -1.46352e-19 4.06609e-10 3.06603e-19 6.53525e-17 2.595e-19 -2.70129e-19 4.05672e-10 -0.000439015 0 1.56526e-07 -0.000439021 0.997701 3.59106e-10 -1.71912e-09 0 -3.59106e-10 0.997701 7.52317e-10 1.60356e-07 6.36739e-10 -6.62818e-10 0.995403
1.8 0.000344457 4.07524e-10 -2.00582e-13 0 6.36021e-17 -2.00582e-13 4.06587e-10 1.46352e-19 -6.72209e-19 0 -1.46352e-19 4.06587e-10 8.29147e-19 6.53525e-17 -4.6275e-19 -2.78624e-19 4.05651e-10 -0.000492198 0 1.5607e-07 -0.000492197 0.997701 3.59125e-10 -1.64949e-09 0 -3.59125e-10 0.997701 2.0346e-09 1.60365e-07 -1.13552e-09 -6.83699e-10 0.995403
1.9 0.000363587 4.07501e-10 -2.2348e-13 0 6.38797e-17 -2.23481e-13 4.06564e-10 1.46352e-19 -1.00191e-18 0 -1.46352e-19 4.06564e-10 3.41654e-19 6.49161e-17 1.08226e-18 -3.10494e-19 4.05628e-10 -0.000548415 0 1.5676e-07 -0.000548417 0.997701 3.59145e-10 -2.45866e-09 0 -3.59145e-10 0.997701 8.38414e-10 1.59303e-07 2.65585e-09 -7.61946e-10 0.995403
2 0.000382716 4.07477e-10 -2.47612e-13 0 6.44183e-17 -2.47612e-13 4.0654e-10 2.24331e-19 -6.19888e-19 0 -2.24331e-19 4.0654e-10 4.51934e-19 6.52837e-17 -5.61704e-20 -2.66238e-19 4.05604e-10 -0.000607672 0 1.58091e-07 -0.000607671 0.997701 5.50538e-10 -1.52128e-09 0 -5.50538e-10 0.997701 1.1091e-09 1.60214e-07 -1.37849e-10 -6.53383e-10 0.995403
2.1 0.000401843 4.07451e-10 -2.72981e-13 0 6.39287e-17 -2.72982e-13 4.06515e-10 2.24331e-19 -9.29527e-19 0 -2.24331e-19 4.06514e-10 1.50645e-19 6.53433e-17 -7.3838e-19 -6.57462e-19 4.05578e-10 -0.000669973 0 1.56899e-07 -0.000669974 0.997701 5.50572e-10 -2.28132e-09 0 -5.50572e-10 0.9977 3.69724e-10 1.60371e-07 -1.81219e-09 -1.6136e-09 0.995402
2.2 0.000420969 4.07425e-10 -2.99587e-13 0 6.41673e-17 -2.99585e-13 4.06488e-10 2.24331e-19 -1.17011e-18 0 -2.24331e-19 4.06488e-10 4.16883e-19 6.45978e-17 -1.66962e-19 -8.83336e-19 4.05552e-10 -0.000735318 0 1.57495e-07 -0.000735313 0.9977 5.50608e-10 -2.87196e-09 0 -5.50608e-10 0.9977 1.02321e-09 1.58552e-07 -4.09799e-10 -2.16809e-09 0.995402
2.3 0.000440094 4.07397e-10 -3.27426e-13 0 6.38725e-17 -3.27426e-13 4.0646e-10 2.24331e-19 -1.06495e-18 0 -2.24331e-19 4.0646e-10 6.13207e-19 6.50147e-17 1.08668e-19 -1.00502e-18 4.05524e-10 -0.000803703 0 1.56782e-07 -0.000803702 0.9977 5.50646e-10 -2.61404e-09 0 -5.50646e-10 0.9977 1.50518e-09 1.59586e-07 2.66738e-10 -2.46693e-09 0.995402
2.4 0.000459218 4.07368e-10 -3.56498e-13 0 6.37078e-17 -3.56498e-13 4.06431e-10 2.24331e-19 -2.66051e-19 0 -2.24331e-19 4.06431e-10 3.71753e-19 6.51305e-17 -7.59637e-19 -5.35228e-19 4.05495e-10 -0.000875126 0 1.56389e-07 -0.000875126 0.9977 5.50685e-10 -6.53098e-10 0 -5.50685e-10 0.9977 9.12574e-10 1.59881e-07 -1.86474e-09 -1.31387e-09 0.995402
2.5 0.00047834 4.07337e-10 -3.86806e-13 0 6.38607e-17 -3.86807e-13 4.064e-10 2.24331e-19 3.06791e-19 0 -2.24331e-19 4.064e-10 4.54497e-19 6.44797e-17 -8.84435e-19 -3.06603e-19 4.05464e-10 -0.000949596 0 1.56776e-07 -0.000949599 0.9977 5.50727e-10 7.53162e-10 0 -5.50727e-10 0.997699 1.11578e-09 1.58295e-07 -2.17126e-09 -7.52702e-10 0.995402
2.6 0.000497461 4.07306e-10 -4.18348e-13 0 6.357e-17 -4.18349e-13 4.06369e-10 2.24331e-19 1.35049e-18 0 -2.24331e-19 4.06369e-10 5.02927e-19 6.44952e-17 -3.50859e-19 -8.83336e-19 4.05433e-10 -0.00102711 0 1.56074e-07 -0.00102711 0.9977 5.50769e-10 3.31566e-09 0 -5.50769e-10 0.997699 1.23477e-09 1.58346e-07 -8.61414e-10 -2.16873e-09 0.995401
2.7 0.00051658 4.07273e-10 -4.51124e-13 0 6.33141e-17 -4.51123e-13 4.06336e-10 2.24331e-19 3.95399e-19 0 -2.24331e-19 4.06336e-10 7.67742e-19 6.46323e-17 6.46003e-20 -1.96909e-18 4.054e-10 -0.00110767 0 1.55459e-07 -0.00110767 0.9977 5.50814e-10 9.70845e-10 0 -5.50814e-10 0.997699 1.88508e-09 1.58695e-07 1.58617e-10 -4.83481e-09 0.995401
2.8 0.000535698 4.07239e-10 -4.8513e-13 0 6.38348e-17 -4.85131e-13 4.06302e-10 3.8029e-19 4.50567e-19 0 -3.8029e-19 4.06302e-10 1.18462e-18 6.44401e-17 9.80398e-20 -6.56323e-19 4.05366e-10 -0.00119127 0 1.5675e-07 -0.00119127 0.997699 9.33826e-10 1.10639e-09 0 -9.33826e-10 0.997699 2.90892e-09 1.58237e-07 2.40743e-10 -1.61164e-09 0.995401
2.9 0.000554814 4.07203e-10 -5.2037e-13 0 6.34442e-17 -5.20372e-13 4.06267e-10 3.8029e-19 3.06888e-19 0 -3.8029e-19 4.06266e-10 1.00388e-18 6.48361e-17 7.02897e-19 -5.95063e-19 4.05331e-10 -0.00127791 0 1.55805e-07 -0.00127792 0.997699 9.33907e-10 7.53648e-10 0 -9.33907e-10 0.997698 2.46531e-09 1.59223e-07 1.72616e-09 -1.46134e-09 0.9954
3 0.000573928 4.07167e-10 -5.56846e-13 0 6.25104e-17 -5.56844e-13 4.0623e-10 5.30935e-19 -6.54427e-19 0 -5.30935e-19 4.0623e-10 6.57462e-19 6.50734e-17 -6.29337e-19 -1.03284e-18 4.05294e-10 -0.00136761 0 1.53525e-07 -0.00136761 0.997699 1.30397e-09 -1.60727e-09 0 -1.30397e-09 0.997698 1.61472e-09 1.5982e-07 -1.54565e-09 -2.53665e-09 0.9954
3.1 0.00059304 4.07129e-10 -5.9455e-13 0 6.25307e-17 -5.94549e-13 4.06192e-10 5.30935e-19 1.97024e-19 0 -5.30935e-19 4.06192e-10 9.02806e-19 6.451e-17 -1.96707e-18 -9.38287e-19 4.05256e-10 -0.00146035 0 1.53589e-07 -0.00146035 0.997699 1.30409e-09 4.83934e-10 0 -1.30409e-09 0.997698 2.21749e-09 1.58451e-07 -4.83157e-09 -2.30464e-09 0.9954
3.2 0.000612151 4.0709e-10 -6.33487e-13 0 6.31403e-17 -6.33487e-13 4.06153e-10 5.30935e-19 5.0733e-19 0 -5.30935e-19 4.06153e-10 1.36324e-18 6.36114e-17 -8.94339e-19 -1.05506e-18 4.05217e-10 -0.00155613 0 1.55102e-07 -0.00155613 0.997699 1.30422e-09 1.24623e-09 0 -1.30422e-09 0.997697 3.34873e-09 1.56259e-07 -2.19691e-09 -2.59172e-09 0.995399
3.3 0.00063126 4.0705e-10 -6.73653e-13 0 6.3085e-17 -6.73652e-13 4.06113e-10 5.30935e-19 9.5289e-20 0 -5.30935e-19 4.06112e-10 1.0239e-18 6.33817e-17 4.29687e-20 -8.08107e-19 4.05177e-10 -0.00165496 0 1.54981e-07 -0.00165496 0.997698 1.30435e-09 2.34097e-10 0 -1.30435e-09 0.997697 2.51542e-09 1.5571e-07 1.05561e-10 -1.98528e-09 0.995399
3.4 0.000650367 4.07008e-10 -7.15051e-13 0 6.40441e-17 -7.1505e-13 4.06071e-10 5.30935e-19 2.69029e-19 0 -5.30935e-19 4.06071e-10 1.38759e-18 6.39907e-17 1.82798e-19 -7.42957e-19 4.05136e-10 -0.00175685 0 1.57353e-07 -0.00175684 0.997698 1.30448e-09 6.60992e-10 0 -1.30448e-09 0.997697 3.40924e-09 1.57222e-07 4.49125e-10 -1.82541e-09 0.995399
3.5 0.000669472 4.06966e-10 -7.57678e-13 0 6.40727e-17 -7.57678e-13 4.06029e-10 5.30935e-19 -1.07273e-18 0 -5.30935e-19 4.06028e-10 1.56247e-18 6.44209e-17 3.69917e-19 -1.34447e-18 4.05093e-10 -0.00186177 0 1.5744e-07 -0.00186177 0.997698 1.30462e-09 -2.63593e-09 0 -1.30462e-09 0.997696 3.83932e-09 1.58296e-07 9.08964e-10 -3.30366e-09 0.995398
3.6 0.000688575 4.06922e-10 -8.01534e-13 0 6.43294e-17 -8.01533e-13 4.05985e-10 3.8029e-19 -1.84135e-18 0 -3.8029e-19 4.05984e-10 2.18965e-18 6.40832e-17 5.44285e-19 -1.06903e-18 4.05049e-10 -0.00196975 0 1.58088e-07 -0.00196975 0.997698 9.34554e-10 -4.52507e-09 0 -9.34554e-10 0.997696 5.381e-09 1.57483e-07 1.33757e-09 -2.62712e-09 0.995398
3.7 0.000707676 4.06876e-10 -8.46619e-13 0 6.34427e-17 -8.46618e-13 4.05939e-10 3.8029e-19 -1.92846e-18 0 -3.8029e-19 4.05939e-10 1.81569e-18 6.36312e-17 -9.41629e-19 -1.41856e-18 4.05004e-10 -0.00208078 0 1.55926e-07 -0.00208077 0.997697 9.34658e-10 -4.73966e-09 0 -9.34658e-10 0.997695 4.46251e-09 1.5639e-07 -2.31429e-09 -3.48647e-09 0.995397
3.8 0.000726775 4.0683e-10 -8.92934e-13 0 6.40336e-17 -8.92933e-13 4.05893e-10 3.8029e-19 -6.99764e-19 0 -3.8029e-19 4.05892e-10 1.6547e-18 6.38701e-17 3.7467e-20 -1.50795e-18 4.04957e-10 -0.00219486 0 1.57397e-07 -0.00219485 0.997697 9.34765e-10 -1.72004e-09 0 -9.34765e-10 0.997695 4.06731e-09 1.56995e-07 9.20951e-11 -3.70658e-09 0.995397
3.9 0.000745871 4.06782e-10 -9.40474e-13 0 6.4421e-17 -9.40474e-13 4.05845e-10 3.8029e-19 1.50832e-19 0 -3.8029e-19 4.05844e-10 1.1509e-18 6.4172e-17 6.58454e-19 -1.65053e-18 4.0491e-10 -0.00231198 0 1.58367e-07 -0.00231198 0.997697 9.34874e-10 3.70793e-10 0 -9.34874e-10 0.997694 2.82928e-09 1.57755e-07 1.61869e-09 -4.05752e-09 0.995396
4 0.000764965 4.06733e-10 -9.89242e-13 0 6.43155e-17 -9.8924e-13 4.05797e-10 2.70011e-19 -7.68429e-19 0 -2.70011e-19 4.05795e-10 1.33252e-18 6.43226e-17 -4.49843e-19 -2.29618e-18 4.04861e-10 -0.00243216 0 1.58127e-07 -0.00243216 0.997697 6.63852e-10 -1.88927e-09 0 -6.63852e-10 0.997694 3.27615e-09 1.58144e-07 -1.10599e-09 -5.64542e-09 0.995396
4.1 0.000784057 4.06683e-10 -1.03923e-12 0 6.36878e-17 -1.03923e-12 4.05746e-10 2.70011e-19 -6.53897e-19 0 -2.70011e-19 4.05745e-10 1.35906e-18 6.41619e-17 -1.82937e-18 -1.97858e-18 4.04811e-10 -0.00255539 0 1.56603e-07 -0.00255539 0.997696 6.63934e-10 -1.60788e-09 0 -6.63934e-10 0.997693 3.34182e-09 1.57769e-07 -4.49826e-09 -4.86515e-09 0.995395
4.2 0.000803147 4.06632e-10 -1.09046e-12 0 6.39858e-17 -1.09046e-12 4.05695e-10 1.92031e-19 6.60086e-21 0 -1.92031e-19 4.05694e-10 1.43103e-18 6.39085e-17 -3.53193e-19 -1.18624e-18 4.04759e-10 -0.00268168 0 1.57355e-07 -0.00268168 0.997696 4.72249e-10 1.6233e-11 0 -4.72249e-10 0.997692 3.51923e-09 1.57165e-07 -8.68583e-10 -2.91722e-09 0.995394
4.3 0.000822234 4.06579e-10 -1.1429e-12 0 6.3409e-17 -1.1429e-12 4.05642e-10 1.92031e-19 5.12319e-19 0 -1.92031e-19 4.05641e-10 2.10557e-18 6.41867e-17 1.72695e-18 -1.88447e-18 4.04707e-10 -0.00281102 0 1.55957e-07 -0.00281102 0.997696 4.7231e-10 1.26007e-09 0 -4.7231e-10 0.997692 5.17875e-09 1.5787e-07 4.24751e-09 -4.63493e-09 0.995394
4.4 0.000841318 4.06526e-10 -1.19657e-12 0 6.37527e-17 -1.19657e-12 4.05589e-10 3.02311e-19 3.65377e-19 0 -3.02311e-19 4.05587e-10 2.12922e-18 6.38856e-17 -1.51612e-19 -2.23895e-18 4.04653e-10 -0.00294341 0 1.56823e-07 -0.00294341 0.997695 7.43645e-10 8.98781e-10 0 -7.43645e-10 0.997691 5.2376e-09 1.5715e-07 -3.72946e-10 -5.50753e-09 0.995393
4.5 0.0008604 4.06471e-10 -1.25147e-12 0 6.3211e-17 -1.25147e-12 4.05534e-10 3.02311e-19 1.35252e-19 0 -3.02311e-19 4.05532e-10 2.18993e-18 6.47478e-17 -4.70211e-19 -1.96634e-18 4.04598e-10 -0.00307886 0 1.55512e-07 -0.00307886 0.997695 7.43746e-10 3.32747e-10 0 -7.43746e-10 0.99769 5.38767e-09 1.59293e-07 -1.15681e-09 -4.83758e-09 0.995392
4.6 0.00087948 4.06414e-10 -1.30758e-12 0 6.36139e-17 -1.30758e-12 4.05477e-10 3.02311e-19 1.52846e-19 0 -3.02311e-19 4.05475e-10 2.46395e-18 6.39238e-17 1.31927e-18 -2.24614e-18 4.04541e-10 -0.00321736 0 1.56525e-07 -0.00321737 0.997695 7.43849e-10 3.76084e-10 0 -7.43849e-10 0.99769 6.06265e-09 1.57287e-07 3.24612e-09 -5.52673e-09 0.995392
4.7 0.000898556 4.06357e-10 -1.36492e-12 0 6.48836e-17 -1.36492e-12 4.0542e-10 3.02311e-19 2.82958e-19 0 -1.92031e-19 4.05418e-10 2.53052e-18 6.39382e-17 5.9152e-19 -2.72542e-18 4.04484e-10 -0.00335893 0 1.59671e-07 -0.00335893 0.997694 7.43954e-10 6.96329e-10 0 -4.72568e-10 0.997689 6.22734e-09 1.57345e-07 1.45567e-09 -6.70697e-09 0.995391
4.8 0.00091763 4.06298e-10 -1.42349e-12 0 6.41359e-17 -1.42348e-12 4.05361e-10 4.7774e-19 3.58736e-19 0 -3.42676e-19 4.05359e-10 4.04668e-18 6.3354e-17 -5.23003e-19 -3.29177e-18 4.04425e-10 -0.00350355 0 1.57854e-07 -0.00350355 0.997694 1.17584e-09 8.82939e-10 0 -8.4341e-10 0.997688 9.95988e-09 1.5593e-07 -1.28724e-09 -8.10186e-09 0.99539
4.9 0.000936701 4.06238e-10 -1.48327e-12 0 6.35705e-17 -1.48327e-12 4.05301e-10 4.7774e-19 7.28516e-19 0 -4.7774e-19 4.05299e-10 2.88501e-18 6.33204e-17 4.58372e-19 -3.14428e-18 4.04365e-10 -0.00365123 0 1.56486e-07 -0.00365123 0.997694 1.17601e-09 1.79332e-09 0 -1.17601e-09 0.997687 7.10176e-09 1.5587e-07 1.12833e-09 -7.73999e-09 0.995389
5 0.00095577 4.06177e-10 -1.54427e-12 0 6.35305e-17 -1.54427e-12 4.0524e-10 4.7774e-19 5.17084e-19 0 -4.7774e-19 4.05237e-10 3.02263e-18 6.36178e-17 9.10119e-19 -2.40591e-18 4.04304e-10 -0.00380197 0 1.56411e-07 -0.00380197 0.997693 1.17619e-09 1.27305e-09 0 -1.17619e-09 0.997686 7.44167e-09 1.56626e-07 2.24069e-09 -5.92331e-09 0.995388
5.1 0.000974835 4.06115e-10 -1.6065e-12 0 6.39184e-17 -1.60649e-12 4.05178e-10 4.7774e-19 1.3419e-19 0 -4.7774e-19 4.05175e-10 2.80285e-18 6.39168e-17 -2.27216e-19 -3.81224e-18 4.04241e-10 -0.00395577 0 1.5739e-07 -0.00395577 0.997693 1.17637e-09 3.30424e-10 0 -1.17637e-09 0.997685 6.90163e-09 1.57386e-07 -5.59487e-10 -9.38709e-09 0.995387
5.2 0.000993897 4.06051e-10 -1.66994e-12 0 6.25692e-17 -1.66994e-12 4.05114e-10 5.5572e-19 1.48709e-19 0 -5.96085e-19 4.05111e-10 2.614e-18 6.42574e-17 -8.5333e-19 -2.89165e-18 4.04178e-10 -0.00411263 0 1.54092e-07 -0.00411263 0.997693 1.3686e-09 3.66231e-10 0 -1.468e-09 0.997684 6.43762e-09 1.5825e-07 -2.10153e-09 -7.12139e-09 0.995386
5.3 0.00101296 4.05986e-10 -1.7346e-12 0 6.36957e-17 -1.7346e-12 4.05049e-10 5.96085e-19 5.02053e-19 0 -5.96085e-19 4.05046e-10 3.10744e-18 6.41332e-17 -1.06208e-18 -2.50097e-18 4.04113e-10 -0.00427256 0 1.56891e-07 -0.00427255 0.997692 1.46824e-09 1.23663e-09 0 -1.46824e-09 0.997683 7.65406e-09 1.57969e-07 -2.61605e-09 -6.16024e-09 0.995385
5.4 0.00103201 4.0592e-10 -1.80048e-12 0 6.35659e-17 -1.80047e-12 4.04983e-10 5.96085e-19 -1.05917e-19 0 -5.96085e-19 4.04979e-10 3.34153e-18 6.38831e-17 -1.39343e-18 -2.46123e-18 4.04047e-10 -0.00443554 0 1.56597e-07 -0.00443554 0.997692 1.46848e-09 -2.60931e-10 0 -1.46848e-09 0.997682 8.23198e-09 1.57378e-07 -3.43277e-09 -6.06333e-09 0.995384
5.5 0.00105107 4.05853e-10 -1.86757e-12 0 6.26252e-17 -1.86757e-12 4.04916e-10 5.96085e-19 -3.41264e-20 0 -5.96085e-19 4.04912e-10 3.34878e-18 6.41139e-17 -1.46866e-18 -3.05846e-18 4.03979e-10 -0.00460159 0 1.54305e-07 -0.00460159 0.997692 1.46872e-09 -8.40856e-11 0 -1.46872e-09 0.997681 8.25121e-09 1.57973e-07 -3.6187e-09 -7.53589e-09 0.995383
5.6 0.00107012 4.05784e-10 -1.93588e-12 0 6.32668e-17 -1.93588e-12 4.04848e-10 5.96085e-19 1.35801e-19 0 -5.96085e-19 4.04843e-10 2.68498e-18 6.4693e-17 -9.0062e-19 -3.75857e-18 4.0391e-10 -0.00477072 0 1.55912e-07 -0.00477071 0.997691 1.46897e-09 3.34664e-10 0 -1.46897e-09 0.99768 6.61676e-09 1.59427e-07 -2.21946e-09 -9.26248e-09 0.995382
5.7 0.00108916 4.05715e-10 -2.00541e-12 0 6.34152e-17 -2.0054e-12 4.04778e-10 5.96085e-19 -5.0956e-20 0 -5.96085e-19 4.04773e-10 2.80835e-18 6.44858e-17 1.1339e-18 -3.56583e-18 4.03841e-10 -0.0049429 0 1.56305e-07 -0.00494289 0.997691 1.46922e-09 -1.25596e-10 0 -1.46922e-09 0.997678 6.92199e-09 1.58944e-07 2.79482e-09 -8.78901e-09 0.995381
5.8 0.00110821 4.05644e-10 -2.07614e-12 0 6.25848e-17 -2.07614e-12 4.04707e-10 5.96085e-19 -5.77606e-19 0 -6.3645e-19 4.04702e-10 3.53353e-18 6.37966e-17 1.4481e-18 -3.32943e-18 4.03769e-10 -0.00511814 0 1.54285e-07 -0.00511815 0.99769 1.46948e-09 -1.42393e-09 0 -1.56899e-09 0.997677 8.71092e-09 1.57273e-07 3.56987e-09 -8.20776e-09 0.995379
5.9 0.00112725 4.05572e-10 -2.1481e-12 0 6.29184e-17 -2.14809e-12 4.04635e-10 5.96085e-19 -6.7462e-20 3.11918e-19 -6.3645e-19 4.04629e-10 4.38145e-18 6.41785e-17 -3.86397e-19 -3.17186e-18 4.03697e-10 -0.00529646 0 1.55135e-07 -0.00529646 0.99769 1.46974e-09 -1.66338e-10 7.69081e-10 -1.56927e-09 0.997676 1.08032e-08 1.58242e-07 -9.52722e-10 -7.8207e-09 0.995378
6 0.00172656 4.05498e-10 -2.22126e-12 3.11918e-19 6.41056e-17 -2.22126e-12 4.04561e-10 5.96085e-19 8.78745e-19 6.18521e-19 -6.3645e-19 4.04555e-10 4.22537e-18 6.32506e-17 1.12278e-19 -3.20705e-18 4.03624e-10 -0.00547786 7.69221e-10 1.58091e-07 -0.00547785 0.99769 1.47001e-09 2.16707e-09 1.52534e-09 -1.56955e-09 0.997674 1.04202e-08 1.55982e-07 2.76888e-10 -7.90891e-09 0.995377
6.2 0.00236869 4.05348e-10 -2.37122e-12 3.06603e-19 6.33197e-17 -2.37122e-12 4.04411e-10 7.87095e-19 -1.26866e-19 4.57248e-19 -7.87095e-19 4.04404e-10 5.61491e-18 6.36718e-17 1.27445e-18 -4.9335e-18 4.03473e-10 -0.00584985 7.56396e-10 1.56211e-07 -0.00584984 0.997689 1.94177e-09 -3.1298e-10 1.12804e-09 -1.94177e-09 0.997672 1.38521e-08 1.57079e-07 3.1441e-09 -1.2171e-08 0.995374
6.4 0.00244479 4.05193e-10 -2.52602e-12 4.57248e-19 6.34169e-17 -2.52602e-12 4.04256e-10 5.33242e-19 6.23135e-19 7.53223e-19 -9.0976e-19 4.04248e-10 4.92754e-18 6.43293e-17 7.75321e-20 -4.55024e-18 4.03317e-10 -0.00623413 1.12847e-09 1.56511e-07 -0.00623413 0.997688 1.31602e-09 1.53787e-09 1.85893e-09 -2.24525e-09 0.997668 1.2161e-08 1.58762e-07 1.91346e-10 -1.12298e-08 0.99537
6.6 0.00252085 4.05033e-10 -2.68565e-12 4.20773e-19 6.30365e-17 -2.68566e-12 4.04096e-10 6.11221e-19 -7.79299e-19 1.66225e-19 -6.11221e-19 4.04087e-10 4.9589e-18 6.366e-17 -9.81726e-19 -4.83275e-18 4.03156e-10 -0.00663071 1.03886e-09 1.55633e-07 -0.00663071 0.997687 1.50907e-09 -1.92404e-09 4.10399e-10 -1.50907e-09 0.997665 1.22432e-08 1.57172e-07 -2.42382e-09 -1.19318e-08 0.995367
6.8 0.00259689 4.04868e-10 -2.85011e-12 1.44445e-34 6.30442e-17 -2.85011e-12 4.03931e-10 6.11221e-19 2.89143e-19 -1.50645e-19 -6.11221e-19 4.03921e-10 5.23222e-18 6.42179e-17 3.53356e-19 -5.81894e-18 4.02991e-10 -0.00703961 3.5677e-25 1.55716e-07 -0.0070396 0.997686 1.50968e-09 7.14166e-10 -3.72083e-10 -1.50968e-09 0.997661 1.29233e-08 1.58614e-07 8.7277e-10 -1.43724e-08 0.995363
7 0.00267289 4.04698e-10 -3.01938e-12 1.50645e-19 6.26377e-17 -3.01938e-12 4.03761e-10 5.38556e-19 -6.59705e-19 6.90902e-19 -6.892e-19 4.0375e-10 3.7756e-18 6.40505e-17 -1.9798e-18 -6.09147e-18 4.0282e-10 -0.00746081 3.72239e-10 1.54776e-07 -0.00746081 0.997685 1.33076e-09 -1.63012e-09 1.7072e-09 -1.703e-09 0.997657 9.32942e-09 1.58267e-07 -4.89204e-09 -1.50519e-08 0.995359
7.2 0.00274886 4.04524e-10 -3.19346e-12 4.05193e-19 6.37985e-17 -3.19345e-12 4.03587e-10 5.38556e-19 1.31348e-19 5.55838e-19 -5.38556e-19 4.03574e-10 4.94032e-18 6.33716e-17 1.18222e-19 -5.30745e-18 4.02645e-10 -0.00789436 1.00165e-09 1.57713e-07 -0.00789435 0.997684 1.33133e-09 3.24697e-10 1.37405e-09 -1.33133e-09 0.997653 1.22127e-08 1.56657e-07 2.9225e-10 -1.31202e-08 0.995355
7.4 0.0028248 4.04344e-10 -3.37233e-12 1.35064e-19 6.31777e-17 -3.37233e-12 4.03407e-10 5.38556e-19 2.61058e-19 2.70129e-19 -5.38556e-19 4.03393e-10 5.33297e-18 6.34102e-17 -1.70347e-18 -6.28582e-18 4.02464e-10 -0.00834024 3.34033e-10 1.56247e-07 -0.00834024 0.997683 1.33192e-09 6.45632e-10 6.68066e-10 -1.33192e-09 0.997648 1.31892e-08 1.56822e-07 -4.21292e-09 -1.55457e-08 0.99535
7.6 0.00290071 4.0416e-10 -3.55599e-12 -1.55804e-20 6.26171e-17 -3.55599e-12 4.03223e-10 5.22975e-19 -3.67502e-19 -3.06603e-19 -5.38556e-19 4.03208e-10 5.84612e-18 6.29257e-17 -6.1039e-19 -6.04118e-18 4.02279e-10 -0.00879847 -3.85499e-11 1.54931e-07 -0.00879847 0.997682 1.29398e-09 -9.09298e-10 -7.58619e-10 -1.33253e-09 0.997643 1.44649e-08 1.55695e-07 -1.51027e-09 -1.49475e-08 0.995345
7.8 0.00297657 4.03971e-10 -3.74444e-12 -1.35064e-19 6.35651e-17 -3.74444e-12 4.03034e-10 4.8261e-19 -1.37996e-18 -1.2586e-19 -6.33255e-19 4.03017e-10 7.53526e-18 6.38784e-17 -1.61852e-18 -7.21927e-18 4.02089e-10 -0.00926907 -3.34341e-10 1.57351e-07 -0.00926906 0.997681 1.19466e-09 -3.41599e-09 -3.11556e-10 -1.56757e-09 0.997638 1.8653e-08 1.58126e-07 -4.00653e-09 -1.78708e-08 0.99534
8 0.00305241 4.03778e-10 -3.93765e-12 1.35064e-19 6.31109e-17 -3.93765e-12 4.02841e-10 4.8261e-19 -6.2778e-19 2.20559e-19 -6.33255e-19 4.02822e-10 5.79843e-18 6.38616e-17 -1.27867e-18 -7.42289e-18 4.01894e-10 -0.00975203 3.34502e-10 1.56301e-07 -0.00975203 0.99768 1.19524e-09 -1.55477e-09 5.46239e-10 -1.56833e-09 0.997632 1.43605e-08 1.5816e-07 -3.16676e-09 -1.83836e-08 0.995334
8.2 0.0031282 4.03579e-10 -4.13563e-12 -1.1028e-19 6.32548e-17 -4.13563e-12 4.02642e-10 3.83736e-19 -5.48474e-20 1.7488e-19 -5.39695e-19 4.02621e-10 7.05913e-18 6.32509e-17 -1.01477e-18 -8.27639e-18 4.01694e-10 -0.0102474 -2.73254e-10 1.56735e-07 -0.0102474 0.997679 9.50833e-10 -1.35902e-10 4.33322e-10 -1.33727e-09 0.997626 1.74913e-08 1.56725e-07 -2.51442e-09 -2.05075e-08 0.995328
8.4 0.00320396 4.03376e-10 -4.33836e-12 -3.06603e-19 6.31579e-17 -4.33836e-12 4.02439e-10 3.83736e-19 -1.12787e-19 1.34515e-19 -3.83736e-19 4.02416e-10 8.68857e-18 6.37114e-17 -1.35832e-19 -8.00233e-18 4.01489e-10 -0.0107551 -7.60094e-10 1.56573e-07 -0.0107551 0.997677 9.51312e-10 -2.79608e-10 3.33472e-10 -9.51312e-10 0.997619 2.15396e-08 1.57946e-07 -3.36739e-10 -1.98384e-08 0.995322
8.6 0.00327968 4.03168e-10 -4.54583e-12 1.95774e-19 6.34425e-17 -4.54583e-12 4.02231e-10 3.83736e-19 -1.10848e-20 1.55409e-19 -4.61716e-19 4.02205e-10 7.78383e-18 6.40149e-17 -1.63328e-19 -8.27085e-18 4.01279e-10 -0.0112753 4.8559e-10 1.5736e-07 -0.0112753 0.997676 9.51803e-10 -2.74942e-11 3.8547e-10 -1.14522e-09 0.997612 1.93067e-08 1.5878e-07 -4.05111e-10 -2.05146e-08 0.995315
8.8 0.00335535 4.02955e-10 -4.75803e-12 6.99144e-20 6.34834e-17 -4.75803e-12 4.02018e-10 4.61716e-19 5.03554e-19 -3.10494e-19 -4.61716e-19 4.0199e-10 8.66144e-18 6.41714e-17 -1.30315e-18 -8.14188e-18 4.01064e-10 -0.0118078 1.73504e-10 1.57545e-07 -0.0118078 0.997675 1.14582e-09 1.24965e-09 -7.70541e-10 -1.14582e-09 0.997605 2.14948e-08 1.59252e-07 -3.23398e-09 -2.02054e-08 0.995307
9 0.00343099 4.02738e-10 -4.97496e-12 0 6.27625e-17 -4.97495e-12 4.01801e-10 6.95654e-19 -3.89214e-19 -2.47848e-20 -2.94351e-19 4.0177e-10 9.55223e-18 6.37632e-17 2.41865e-19 -9.50299e-18 4.00845e-10 -0.0123528 0 1.5584e-07 -0.0123528 0.997674 1.72731e-09 -9.66421e-10 -6.15407e-11 -7.30876e-10 0.997597 2.37182e-08 1.58324e-07 6.00552e-10 -2.3596e-08 0.995299
9.2 0.00350659 4.02516e-10 -5.1966e-12 -2.47848e-20 6.40318e-17 -5.19659e-12 4.01579e-10 8.61879e-19 -1.33582e-18 -2.47848e-20 -4.5031e-19 4.01545e-10 9.09142e-18 6.29383e-17 -2.82881e-19 -9.35778e-18 4.0062e-10 -0.0129103 -6.15747e-11 1.59079e-07 -0.0129103 0.997672 2.14123e-09 -3.31869e-09 -6.15747e-11 -1.11874e-09 0.997589 2.25865e-08 1.56362e-07 -7.02784e-10 -2.32482e-08 0.995291
9.4 0.00358214 4.02289e-10 -5.42293e-12 0 6.21312e-17 -5.42293e-12 4.01352e-10 7.516e-19 1.18183e-18 -4.03651e-20 -4.5031e-19 4.01315e-10 9.82513e-18 6.32535e-17 -3.52045e-19 -9.70045e-18 4.00391e-10 -0.0134802 0 1.54444e-07 -0.0134802 0.997671 1.86831e-09 2.93777e-09 -1.00339e-10 -1.11937e-09 0.99758 2.44231e-08 1.57234e-07 -8.75105e-10 -2.41132e-08 0.995282
9.6 0.00365765 4.02057e-10 -5.65396e-12 -2.91023e-19 6.29037e-17 -5.65395e-12 4.0112e-10 7.11234e-19 -6.88163e-20 -4.03651e-20 -5.6059e-19 4.0108e-10 9.37265e-18 6.35419e-17 4.28819e-20 -9.93842e-18 4.00157e-10 -0.0140626 -7.23835e-10 1.56455e-07 -0.0140626 0.99767 1.76899e-09 -1.71161e-10 -1.00396e-10 -1.3943e-09 0.997571 2.33117e-08 1.58042e-07 1.06656e-10 -2.47189e-08 0.995273
9.8 0.00373311 4.01821e-10 -5.88966e-12 -1.96324e-19 6.35224e-17 -5.88966e-12 4.00884e-10 7.11234e-19 -1.43441e-18 3.76143e-20 -6.95654e-19 4.00841e-10 1.04529e-17 6.33353e-17 -7.76953e-19 -1.04487e-17 3.99917e-10 -0.0146574 -4.88586e-10 1.58086e-07 -0.0146574 0.997668 1.77003e-09 -3.56978e-09 9.36096e-11 -1.73125e-09 0.997561 2.60138e-08 1.57621e-07 -1.93358e-09 -2.60034e-08 0.995263
10 0.00380853 4.0158e-10 -6.13003e-12 -4.03651e-20 6.35538e-17 -6.13002e-12 4.00643e-10 8.46299e-19 -4.22654e-19 -7.26652e-20 -6.95654e-19 4.00596e-10 1.0662e-17 6.30487e-17 -1.43688e-18 -1.22872e-17 3.99673e-10 -0.0152648 -1.00516e-10 1.58259e-07 -0.0152648 0.997667 2.10742e-09 -1.05248e-09 -1.80948e-10 -1.73229e-09 0.99755 2.65502e-08 1.57002e-07 -3.57807e-09 -3.05972e-08 0.995253
10.2 0.0038839 4.01334e-10 -6.37505e-12 -1.50645e-19 6.3416e-17 -6.37505e-12 4.00397e-10 8.30718e-19 -1.88195e-19 -7.26652e-20 -6.22989e-19 4.00347e-10 1.12845e-17 6.25664e-17 -8.4633e-19 -1.23273e-17 3.99424e-10 -0.0158847 -3.7536e-10 1.58013e-07 -0.0158846 0.997666 2.06989e-09 -4.68923e-10 -1.81059e-10 -1.55229e-09 0.997539 2.81174e-08 1.55896e-07 -2.10879e-09 -3.07158e-08 0.995241
10.4 0.00395923 4.01084e-10 -6.62472e-12 1.23659e-19 6.22058e-17 -6.62472e-12 4.00147e-10 8.30718e-19 1.23835e-18 3.78491e-19 -5.82624e-19 4.00092e-10 1.08063e-17 6.40648e-17 -1.26279e-19 -1.2716e-17 3.99171e-10 -0.016517 3.08311e-10 1.55094e-07 -0.016517 0.997664 2.07118e-09 3.08752e-09 9.43672e-10 -1.45262e-09 0.997527 2.69428e-08 1.59729e-07 -3.14844e-10 -3.17042e-08 0.99523
10.6 0.0040345 4.00829e-10 -6.87902e-12 2.42003e-19 6.26628e-17 -6.87901e-12 3.99892e-10 9.08698e-19 -7.32119e-19 1.01625e-19 -6.07408e-19 3.99833e-10 1.29795e-17 6.33074e-17 -8.94248e-19 -1.23783e-17 3.98912e-10 -0.017162 6.03757e-10 1.56333e-07 -0.017162 0.997663 2.26705e-09 -1.82651e-09 2.53536e-10 -1.51538e-09 0.997515 3.23817e-08 1.57941e-07 -2.231e-09 -3.08817e-08 0.995217
10.8 0.00410973 4.00569e-10 -7.13793e-12 2.01638e-19 6.31793e-17 -7.13793e-12 3.99632e-10 7.73633e-19 5.06173e-19 1.79604e-19 -6.32193e-19 3.99569e-10 1.20458e-17 6.2899e-17 -2.22512e-19 -1.15498e-17 3.98648e-10 -0.0178195 5.03379e-10 1.57724e-07 -0.0178195 0.997661 1.93133e-09 1.26363e-09 4.48372e-10 -1.57824e-09 0.997502 3.00716e-08 1.57024e-07 -5.55488e-10 -2.88333e-08 0.995204
11 0.00418491 4.00305e-10 -7.40145e-12 1.18345e-19 6.27672e-17 -7.40145e-12 3.99368e-10 5.2829e-19 -5.8119e-19 2.89884e-19 -6.32193e-19 3.993e-10 1.30815e-17 6.30345e-17 -1.00449e-18 -1.33198e-17 3.9838e-10 -0.0184895 2.95636e-10 1.56798e-07 -0.0184895 0.99766 1.31972e-09 -1.45187e-09 7.24157e-10 -1.57928e-09 0.997488 3.26788e-08 1.57466e-07 -2.5093e-09 -3.3274e-08 0.995191
11.2 0.00426003 4.00036e-10 -7.66957e-12 3.62549e-19 6.26369e-17 -7.66956e-12 3.99099e-10 1.12592e-18 3.99783e-19 1.60911e-19 -4.97129e-19 3.99026e-10 1.33849e-17 6.22877e-17 -1.69452e-18 -1.30588e-17 3.98107e-10 -0.0191722 9.0629e-10 1.56578e-07 -0.0191722 0.997658 2.81453e-09 9.99367e-10 4.02241e-10 -1.24271e-09 0.997474 3.34592e-08 1.55705e-07 -4.23592e-09 -3.26441e-08 0.995176
11.4 0.00433511 3.99763e-10 -7.94226e-12 2.3889e-19 6.28188e-17 -7.94225e-12 3.98826e-10 1.08555e-18 -5.75973e-19 1.55804e-20 -4.56764e-19 3.98747e-10 1.40814e-17 6.27929e-17 -3.50784e-19 -1.44618e-17 3.97829e-10 -0.0198674 5.9758e-10 1.5714e-07 -0.0198674 0.997656 2.71549e-09 -1.44079e-09 3.8974e-11 -1.14259e-09 0.997459 3.52244e-08 1.57075e-07 -8.77479e-10 -3.6176e-08 0.995161
11.6 0.00441013 3.99485e-10 -8.21952e-12 9.35598e-20 6.23804e-17 -8.21951e-12 3.98548e-10 9.34906e-19 -3.56553e-19 -3.48108e-19 -4.77658e-19 3.98463e-10 1.46195e-17 6.26742e-17 -1.47081e-18 -1.47525e-17 3.97546e-10 -0.0205753 2.34201e-10 1.56152e-07 -0.0205753 0.997655 2.34028e-09 -8.92531e-10 -8.71392e-10 -1.19569e-09 0.997443 3.6596e-08 1.56887e-07 -3.68176e-09 -3.69288e-08 0.995145
11.8 0.0044851 3.99202e-10 -8.50133e-12 1.88259e-19 6.2664e-17 -8.50132e-12 3.98266e-10 9.34906e-19 7.78178e-19 -8.20936e-19 -6.28303e-19 3.98175e-10 1.51619e-17 6.36822e-17 -1.05411e-18 -1.5645e-17 3.97258e-10 -0.0212958 4.71588e-10 1.56973e-07 -0.0212958 0.997653 2.34194e-09 1.94933e-09 -2.05644e-09 -1.5739e-09 0.997426 3.79804e-08 1.59523e-07 -2.64055e-09 -3.91907e-08 0.995128
12 0.0139046 3.98915e-10 -8.78768e-12 -1.96324e-19 6.2623e-17 -8.78767e-12 3.97979e-10 8.29941e-19 -2.82976e-19 -3.31388e-19 -5.96003e-19 3.97882e-10 1.56272e-17 6.3428e-17 -6.62034e-19 -1.57945e-17 3.96965e-10 -0.0220289 -4.92144e-10 1.56983e-07 -0.0220289 0.997651 2.08049e-09 -7.09363e-10 -8.30723e-10 -1.49406e-09 0.997408 3.91741e-08 1.59001e-07 -1.65958e-09 -3.95937e-08 0.995111
13 0.0246683 3.97412e-10 -1.0287e-11 -5.76732e-19 6.31866e-17 -1.0287e-11 3.96475e-10 1.03236e-18 -1.57255e-18 4.31159e-20 -9.19326e-19 3.96342e-10 1.82063e-17 6.29576e-17 -1.75708e-18 -1.82275e-17 3.95429e-10 -0.025885 -1.45122e-09 1.58995e-07 -0.025885 0.997643 2.5977e-09 -3.95698e-09 1.08492e-10 -2.31328e-09 0.997307 4.5812e-08 1.58419e-07 -4.42131e-09 -4.58655e-08 0.99501
14 0.0265294 3.95798e-10 -1.18976e-11 3.92648e-19 6.22602e-17 -1.18976e-11 3.94861e-10 7.81698e-19 -2.77821e-20 4.27699e-19 -1.00757e-18 3.94681e-10 2.12834e-17 6.30494e-17 -1.659e-18 -2.07423e-17 3.93772e-10 -0.0300598 9.92042e-10 1.57303e-07 -0.0300598 0.997633 1.975e-09 -7.01927e-11 1.0806e-09 -2.54567e-09 0.99718 5.37735e-08 1.59297e-07 -4.19154e-09 -5.24062e-08 0.994883
15 0.0283823 3.94073e-10 -1.36175e-11 2.52859e-19 6.21373e-17 -1.36175e-11 3.93136e-10 1.26373e-18 -7.24135e-19 -7.16035e-20 -9.07558e-19 3.92901e-10 2.41237e-17 6.30622e-17 -1.74012e-18 -2.55331e-17 3.91996e-10 -0.0345558 6.41655e-10 1.5768e-07 -0.0345558 0.997623 3.20684e-09 -1.83757e-09 -1.81701e-10 -2.30302e-09 0.997024 6.12163e-08 1.60027e-07 -4.41573e-09 -6.47929e-08 0.994728
16 0.0302266 3.92241e-10 -1.54446e-11 1.5871e-19 6.17602e-17 -1.54446e-11 3.91305e-10 1.09971e-18 -1.4502e-18 4.17433e-19 -1.38959e-18 3.91e-10 2.7694e-17 6.18717e-17 -2.25635e-18 -2.78273e-17 3.90099e-10 -0.0393753 4.04622e-10 1.57455e-07 -0.0393753 0.997612 2.80365e-09 -3.69721e-09 1.06422e-09 -3.54269e-09 0.996834 7.06044e-08 1.57739e-07 -5.75245e-09 -7.09442e-08 0.994538
17 0.0320617 3.90304e-10 -1.73767e-11 -4.29285e-20 6.12975e-17 -1.73767e-11 3.89368e-10 3.25512e-19 -1.50237e-18 9.74144e-19 -1.49456e-18 3.8898e-10 3.06646e-17 6.07551e-17 -1.79724e-18 -3.13901e-17 3.88084e-10 -0.044521 -1.09987e-10 1.5705e-07 -0.0445209 0.9976 8.33996e-10 -3.84923e-09 2.49586e-09 -3.82921e-09 0.996606 7.85658e-08 1.55661e-07 -4.60471e-09 -8.04246e-08 0.99431
18 0.0338871 3.88264e-10 -1.94114e-11 2.25873e-19 6.04609e-17 -1.94114e-11 3.87328e-10 1.21219e-18 -1.01962e-18 -8.06498e-21 -7.75245e-19 3.86841e-10 3.42676e-17 6.15874e-17 -1.93915e-18 -3.57583e-17 3.8595e-10 -0.0499954 5.81751e-10 1.55721e-07 -0.0499953 0.997587 3.12207e-09 -2.62609e-09 -2.07719e-11 -1.99669e-09 0.996334 8.82585e-08 1.58622e-07 -4.9944e-09 -9.20977e-08 0.994039
19 0.0357021 3.86124e-10 -2.15463e-11 1.86933e-20 6.09683e-17 -2.15462e-11 3.85187e-10 4.20989e-19 -1.13341e-18 2.42351e-20 -8.94179e-19 3.84584e-10 3.88504e-17 6.08313e-17 -3.73557e-18 -3.79563e-17 3.83698e-10 -0.0558014 4.84127e-11 1.57898e-07 -0.0558013 0.997574 1.09029e-09 -2.93535e-09 6.27652e-11 -2.31578e-09 0.996012 1.00616e-07 1.57544e-07 -9.67454e-09 -9.83009e-08 0.993718
20 0.0375062 3.83886e-10 -2.37786e-11 7.55787e-19 6.06517e-17 -2.37786e-11 3.82949e-10 -1.78839e-19 -1.17049e-18 -1.05515e-19 -8.2789e-19 3.8221e-10 4.21075e-17 6.11354e-17 -2.07915e-18 -4.29672e-17 3.8133e-10 -0.0619418 1.96878e-09 1.57994e-07 -0.0619418 0.99756 -4.65866e-10 -3.04906e-09 -2.7486e-10 -2.1566e-09 0.995635 1.09687e-07 1.59254e-07 -5.41608e-09 -1.11927e-07 0.993341
21 0.0392989 3.81552e-10 -2.61057e-11 2.03839e-19 5.99908e-17 -2.61057e-11 3.80616e-10 1.0735e-18 -1.71119e-18 -4.41668e-19 -5.81122e-19 3.79719e-10 4.65626e-17 5.9746e-17 -4.17958e-18 -4.62321e-17 3.78845e-10 -0.0684198 5.34237e-10 1.57228e-07 -0.0684197 0.997545 2.8135e-09 -4.48481e-09 -1.15755e-09 -1.52305e-09 0.995196 1.22035e-07 1.56587e-07 -1.09541e-08 -1.21168e-07 0.992903
22 0.0410797 3.79127e-10 -2.85248e-11 -2.22533e-19 6.08552e-17 -2.85248e-11 3.7819e-10 1.90195e-18 -2.0277e-18 9.74922e-19 7.43666e-20 3.77113e-10 5.19928e-17 6.03447e-17 -3.39018e-18 -5.00636e-17 3.76244e-10 -0.0752381 -5.86961e-10 1.60514e-07 -0.0752381 0.997529 5.01666e-09 -5.34833e-09 2.57149e-09 1.96152e-10 0.994688 1.37138e-07 1.59168e-07 -8.94207e-09 -1.3205e-07 0.992396
23 0.0428479 3.76612e-10 -3.10329e-11 -4.01852e-19 6.04439e-17 -3.10329e-11 3.75675e-10 1.03562e-18 -1.8184e-18 3.37764e-19 1.58722e-19 3.74391e-10 5.43906e-17 5.98217e-17 -4.20968e-18 -5.4877e-17 3.73529e-10 -0.0824001 -1.06702e-09 1.60494e-07 -0.0824 0.997513 2.74983e-09 -4.8283e-09 8.96849e-10 4.21447e-10 0.994103 1.44421e-07 1.58842e-07 -1.11778e-08 -1.45712e-07 0.991813
24 0.0446031 3.74011e-10 -3.36269e-11 -7.35442e-19 5.92987e-17 -3.36269e-11 3.73074e-10 8.20819e-19 -1.97367e-18 -1.01235e-18 -5.53155e-20 3.71556e-10 5.95779e-17 5.90611e-17 -4.11891e-18 -6.04079e-17 3.707e-10 -0.0899088 -1.96636e-09 1.58548e-07 -0.0899087 0.997495 2.19464e-09 -5.27704e-09 -2.70673e-09 -1.47898e-10 0.993435 1.59295e-07 1.57913e-07 -1.10128e-08 -1.61514e-07 0.991147
25 0.0463447 3.71327e-10 -3.63036e-11 1.14719e-19 5.93175e-17 -3.63036e-11 3.7039e-10 -6.65193e-19 -1.21925e-18 2.67565e-19 2.79781e-20 3.68607e-10 6.50241e-17 5.98603e-17 -4.195e-18 -6.47735e-17 3.67758e-10 -0.0977673 3.08944e-10 1.59745e-07 -0.0977672 0.997477 -1.79139e-09 -3.28351e-09 7.20565e-10 7.53463e-11 0.992674 1.75113e-07 1.61206e-07 -1.12973e-08 -1.74438e-07 0.990388
26 0.0480722 3.68563e-10 -3.90599e-11 -3.41467e-19 5.83893e-17 -3.90599e-11 3.67627e-10 3.58709e-19 -3.19772e-18 3.54846e-19 -1.13461e-18 3.65546e-10 6.98686e-17 5.9426e-17 -3.83089e-18 -6.92292e-17 3.64704e-10 -0.105979 -9.26481e-10 1.58424e-07 -0.105979 0.997458 9.73263e-10 -8.67618e-09 9.62782e-10 -3.07847e-09 0.991812 1.8957e-07 1.61237e-07 -1.03941e-08 -1.87835e-07 0.989527
27 0.049785 3.65723e-10 -4.18923e-11 5.90339e-19 5.81216e-17 -4.18922e-11 3.64786e-10 4.90313e-19 -2.81506e-18 -4.29285e-20 -1.16753e-18 3.62373e-10 7.57956e-17 5.9202e-17 -4.91015e-18 -7.4157e-17 3.61538e-10 -0.114546 1.61417e-09 1.58922e-07 -0.114546 0.997439 1.34067e-09 -7.69724e-09 -1.1738e-10 -3.19239e-09 0.99084 2.07249e-07 1.61877e-07 -1.34259e-08 -2.02768e-07 0.988557
28 0.0514827 3.6281e-10 -4.47973e-11 -6.1577e-19 5.7635e-17 -4.47973e-11 3.61873e-10 3.10709e-19 -2.2555e-18 5.43341e-20 2.47142e-19 3.5909e-10 7.92843e-17 5.85447e-17 -6.30978e-18 -7.88846e-17 3.58262e-10 -0.123473 -1.69723e-09 1.58857e-07 -0.123473 0.997418 8.56396e-10 -6.21676e-09 1.49759e-10 6.81189e-10 0.989746 2.18529e-07 1.61365e-07 -1.73914e-08 -2.17427e-07 0.987466
29 0.0531646 3.59827e-10 -4.77715e-11 -4.31874e-19 5.67138e-17 -4.77714e-11 3.58891e-10 1.47091e-18 -3.39049e-18 -4.08818e-19 1.69163e-19 3.55697e-10 8.51086e-17 5.78629e-17 -5.50278e-18 -8.4777e-17 3.54878e-10 -0.132762 -1.20022e-09 1.57614e-07 -0.132762 0.997397 4.08783e-09 -9.42254e-09 -1.13615e-09 4.70122e-10 0.988521 2.36526e-07 1.60807e-07 -1.52928e-08 -2.35605e-07 0.986244
30 0.0548304 3.56779e-10 -5.08111e-11 -7.15258e-20 5.56556e-17 -5.08111e-11 3.55842e-10 3.99129e-19 -2.86826e-18 2.25471e-19 -2.40607e-19 3.52196e-10 8.99741e-17 5.87014e-17 -6.10739e-18 -9.01687e-17 3.51385e-10 -0.142416 -2.00477e-10 1.55995e-07 -0.142416 0.997375 1.1187e-09 -8.03932e-09 6.31962e-10 -6.74387e-10 0.987154 2.52184e-07 1.64531e-07 -1.71181e-08 -2.5273e-07 0.98488
31 0.0564795 3.53669e-10 -5.39125e-11 -1.37288e-18 5.79622e-17 -5.39125e-11 3.52732e-10 8.56565e-19 -4.38538e-18 9.03278e-19 4.68438e-19 3.48588e-10 9.59484e-17 5.70072e-17 -7.23981e-18 -9.68888e-17 3.47785e-10 -0.152438 -3.88184e-09 1.63888e-07 -0.152438 0.997351 2.42194e-09 -1.23997e-08 2.55402e-09 1.32451e-09 0.985633 2.71294e-07 1.61188e-07 -2.04706e-08 -2.73954e-07 0.983362
32 0.0581114 3.505e-10 -5.70719e-11 2.41454e-19 5.65722e-17 -5.70719e-11 3.49563e-10 2.11058e-19 -3.97441e-18 7.16159e-19 1.10569e-18 3.44873e-10 1.01316e-16 5.73981e-17 -7.06853e-18 -1.01289e-16 3.44078e-10 -0.16283 6.88883e-10 1.61404e-07 -0.16283 0.997328 6.02162e-10 -1.13393e-08 2.04325e-09 3.15461e-09 0.983946 2.89062e-07 1.63761e-07 -2.0167e-08 -2.88984e-07 0.981679
33 0.0597256 3.47277e-10 -6.02854e-11 -2.85709e-19 5.62162e-17 -6.02854e-11 3.46341e-10 -3.4286e-20 -4.17265e-18 6.46003e-20 2.00039e-19 3.41053e-10 1.07169e-16 5.65021e-17 -7.75783e-18 -1.07249e-16 3.40268e-10 -0.173595 -8.22712e-10 1.61877e-07 -0.173594 0.997303 -9.87281e-11 -1.20153e-08 1.86019e-10 5.76021e-10 0.982078 3.08599e-07 1.627e-07 -2.2339e-08 -3.08828e-07 0.979816
34 0.0613216 3.44004e-10 -6.35491e-11 -1.13474e-19 5.54544e-17 -6.35491e-11 3.43067e-10 -4.33278e-21 -4.13686e-18 -7.32329e-19 -5.42441e-20 3.3713e-10 1.12572e-16 5.55611e-17 -8.11599e-18 -1.12273e-16 3.36353e-10 -0.184734 -3.29864e-10 1.61203e-07 -0.184734 0.997277 -1.25952e-11 -1.20256e-08 -2.12884e-09 -1.57685e-10 0.980018 3.2724e-07 1.61513e-07 -2.35927e-08 -3.2637e-07 0.97776
35 0.0628989 3.40684e-10 -6.68591e-11 -1.11057e-19 5.51936e-17 -6.6859e-11 3.39747e-10 7.01884e-19 -4.04833e-18 5.8736e-19 8.19443e-19 3.33104e-10 1.19518e-16 5.59215e-17 -8.20083e-18 -1.1914e-16 3.32336e-10 -0.19625 -3.25982e-10 1.62008e-07 -0.196249 0.997251 2.06022e-09 -1.1883e-08 1.72406e-09 2.40529e-09 0.97775 3.50818e-07 1.64145e-07 -2.40717e-08 -3.49708e-07 0.975497
36 0.064457 3.37322e-10 -7.02112e-11 -3.61487e-19 5.41183e-17 -7.02111e-11 3.36385e-10 -2.57701e-19 -3.44519e-18 4.88674e-19 4.55942e-19 3.28976e-10 1.25227e-16 5.53635e-17 -9.57947e-18 -1.25049e-16 3.28218e-10 -0.208143 -1.07164e-09 1.60435e-07 -0.208143 0.997223 -7.63964e-10 -1.02134e-08 1.44869e-09 1.35165e-09 0.975259 3.71239e-07 1.64127e-07 -2.83986e-08 -3.70713e-07 0.973012
37 0.0659956 3.33921e-10 -7.36014e-11 4.66453e-19 5.36126e-17 -7.36013e-11 3.32984e-10 1.83522e-19 -5.4383e-18 -5.17958e-19 -2.66738e-19 3.24748e-10 1.313e-16 5.5293e-17 -9.33531e-18 -1.31491e-16 3.24e-10 -0.220416 1.3969e-09 1.60555e-07 -0.220415 0.997195 5.49598e-10 -1.62862e-08 -1.55114e-09 -7.98806e-10 0.97253 3.93208e-07 1.65587e-07 -2.79567e-08 -3.9378e-07 0.970289
38 0.067514 3.30486e-10 -7.70255e-11 -1.16733e-19 5.3207e-17 -7.70255e-11 3.29549e-10 9.08698e-19 -5.16874e-18 1.4144e-19 -2.19997e-19 3.20421e-10 1.36921e-16 5.52393e-17 -1.11627e-17 -1.37512e-16 3.19683e-10 -0.233067 -3.53216e-10 1.60996e-07 -0.233067 0.997166 2.74958e-09 -1.56398e-08 4.27976e-10 -6.65677e-10 0.969546 4.14301e-07 1.67146e-07 -3.37766e-08 -4.16092e-07 0.967312
39 0.0690118 3.27021e-10 -8.04794e-11 -4.10507e-19 5.40785e-17 -8.04794e-11 3.26085e-10 2.56737e-19 -6.22922e-18 2.12454e-19 -1.09109e-18 3.15997e-10 1.44506e-16 5.2927e-17 -9.4312e-18 -1.43231e-16 3.15269e-10 -0.246098 -1.25529e-09 1.65367e-07 -0.246098 0.997136 7.85078e-10 -1.90484e-08 6.49664e-10 -3.33646e-09 0.96629 4.41886e-07 1.61846e-07 -2.88397e-08 -4.37985e-07 0.964063
40 0.10628 3.23531e-10 -8.39589e-11 1.33925e-19 5.11275e-17 -8.39588e-11 3.22594e-10 1.22946e-18 -5.38686e-18 -8.55515e-19 -3.5286e-19 3.11477e-10 1.49078e-16 5.42299e-17 -1.15458e-17 -1.49472e-16 3.10759e-10 -0.259508 4.13948e-10 1.5803e-07 -0.259508 0.997105 3.80013e-09 -1.66502e-08 -2.64431e-09 -1.09065e-09 0.962743 4.60785e-07 1.67619e-07 -3.5687e-08 -4.62003e-07 0.960525
42 0.146749 3.16489e-10 -9.09774e-11 8.26251e-19 5.19293e-17 -9.09773e-11 3.15552e-10 3.94259e-19 -6.34859e-18 1.34474e-19 -1.24646e-18 3.02153e-10 1.61659e-16 5.21505e-17 -1.22481e-17 -1.61435e-16 3.01457e-10 -0.287458 2.61068e-09 1.64079e-07 -0.287458 0.997041 1.24573e-09 -2.00594e-08 4.24895e-10 -3.9384e-09 0.954703 5.10789e-07 1.64778e-07 -3.87e-08 -5.10081e-07 0.952503
44 0.152348 3.09396e-10 -9.80468e-11 4.76719e-19 5.03804e-17 -9.80467e-11 3.08459e-10 -1.48846e-19 -6.62616e-18 -5.40701e-19 1.31214e-19 2.92462e-10 1.74505e-16 5.13175e-17 -1.21859e-17 -1.75344e-16 2.91788e-10 -0.316898 1.54081e-09 1.62835e-07 -0.316898 0.996973 -4.81086e-10 -2.14165e-08 -1.7476e-09 4.24099e-10 0.945268 5.6402e-07 1.65864e-07 -3.9386e-08 -5.66732e-07 0.943089
46 0.157761 3.02285e-10 -1.05133e-10 3.38904e-19 5.03056e-17 -1.05133e-10 3.01348e-10 7.53613e-19 -6.87226e-18 -5.7529e-20 -8.17339e-19 2.82415e-10 1.87727e-16 4.94056e-17 -1.42476e-17 -1.87304e-16 2.81764e-10 -0.347793 1.12114e-09 1.66418e-07 -0.347793 0.996902 2.49306e-09 -2.27344e-08 -1.90314e-10 -2.70387e-09 0.934266 6.21027e-07 1.6344e-07 -4.7133e-08 -6.19626e-07 0.932113
48 0.162982 2.95192e-10 -1.122e-10 -2.17996e-19 4.75927e-17 -1.122e-10 2.94255e-10 5.71128e-20 -7.92372e-18 7.28516e-19 -1.7468e-19 2.72024e-10 2.00697e-16 4.8965e-17 -1.30349e-17 -2.00069e-16 2.71397e-10 -0.380093 -7.38489e-10 1.61227e-07 -0.380093 0.996828 1.93477e-10 -2.68426e-08 2.46794e-09 -5.91751e-10 0.921518 6.79886e-07 1.65875e-07 -4.41575e-08 -6.7776e-07 0.919394
50 0.168004 2.8815e-10 -1.19215e-10 6.35428e-19 4.75074e-17 -1.19215e-10 2.87214e-10 -1.00172e-18 -8.11512e-18 6.50134e-19 3.60978e-19 2.61303e-10 2.12133e-16 4.80882e-17 -1.47983e-17 -2.13164e-16 2.60701e-10 -0.413727 2.2052e-09 1.6487e-07 -0.413726 0.99675 -3.47638e-09 -2.81628e-08 2.25624e-09 1.25274e-09 0.906831 7.36188e-07 1.66886e-07 -5.13561e-08 -7.39768e-07 0.90474
52 0.172821 2.81195e-10 -1.26143e-10 -1.23699e-18 4.52027e-17 -1.26143e-10 2.80258e-10 -8.40809e-19 -8.3452e-18 1.28226e-18 -1.0582e-18 2.50265e-10 2.24574e-16 4.75899e-17 -1.64644e-17 -2.25156e-16 2.49688e-10 -0.448599 -4.39904e-09 1.60752e-07 -0.448598 0.99667 -2.99013e-09 -2.96777e-08 4.56005e-09 -3.76324e-09 0.890006 7.98641e-07 1.69242e-07 -5.85517e-08 -8.00714e-07 0.887954
54 0.177428 2.74359e-10 -1.32951e-10 -4.75941e-19 4.43322e-17 -1.32951e-10 2.73423e-10 1.73165e-18 -9.08856e-18 1.1062e-18 -1.77275e-18 2.38923e-10 2.36974e-16 4.67214e-17 -1.65668e-17 -2.36753e-16 2.38372e-10 -0.484588 -1.73474e-09 1.61585e-07 -0.484587 0.996587 6.31161e-09 -3.31265e-08 4.03195e-09 -6.46143e-09 0.870839 8.63737e-07 1.70293e-07 -6.03836e-08 -8.62931e-07 0.868832
56 0.181819 2.67677e-10 -1.39605e-10 -5.76732e-19 4.39065e-17 -1.39604e-10 2.6674e-10 8.73097e-19 -9.0038e-18 5.22948e-19 -9.89323e-19 2.2729e-10 2.47385e-16 4.46614e-17 -1.68334e-17 -2.487e-16 2.26766e-10 -0.521542 -2.15459e-09 1.64028e-07 -0.521542 0.996502 3.26176e-09 -3.36369e-08 1.95365e-09 -3.69596e-09 0.849124 9.24192e-07 1.66848e-07 -6.2887e-08 -9.29108e-07 0.847166
58 0.185988 2.6118e-10 -1.46072e-10 1.43129e-19 4.28022e-17 -1.46072e-10 2.60244e-10 -7.4513e-19 -9.05158e-18 -1.48484e-19 -5.7676e-19 2.15383e-10 2.59851e-16 4.47692e-17 -1.81377e-17 -2.60631e-16 2.14886e-10 -0.559277 5.48011e-10 1.6388e-07 -0.559277 0.996415 -2.85294e-09 -3.46565e-08 -5.68511e-10 -2.20829e-09 0.824653 9.94911e-07 1.71411e-07 -6.94452e-08 -9.979e-07 0.822752
60 0.286303 2.549e-10 -1.52321e-10 -2.49519e-19 4.09383e-17 -1.52321e-10 2.53964e-10 -4.29241e-19 -9.83288e-18 -1.3969e-20 1.06951e-19 2.03214e-10 2.72234e-16 4.31476e-17 -1.84458e-17 -2.72222e-16 2.02745e-10 -0.597573 -9.78888e-10 1.60605e-07 -0.597572 0.996327 -1.68396e-09 -3.85754e-08 -5.48017e-11 4.19581e-10 0.79723 1.068e-06 1.69273e-07 -7.23649e-08 -1.06795e-06 0.795391
64 0.394175 2.43113e-10 -1.64046e-10 -4.55275e-19 4.04053e-17 -1.64046e-10 2.42177e-10 1.30025e-18 -1.0514e-17 -4.4109e-19 2.05541e-19 1.78153e-10 2.91671e-16 4.05672e-17 -2.01736e-17 -2.92452e-16 1.77742e-10 -0.674773 -1.87269e-09 1.662e-07 -0.674772 0.996149 5.34832e-09 -4.32474e-08 -1.81434e-09 8.45452e-10 0.7328 1.19973e-06 1.66866e-07 -8.29803e-08 -1.20295e-06 0.73111
68 0.406626 2.32544e-10 -1.74551e-10 -3.66439e-19 3.66931e-17 -1.74551e-10 2.31608e-10 -4.43654e-19 -1.14507e-17 -1.41962e-19 -1.1676e-18 1.52232e-10 3.11324e-16 3.89866e-17 -2.18846e-17 -3.10886e-16 1.5188e-10 -0.750613 -1.57578e-09 1.5779e-07 -0.750613 0.995975 -1.90782e-09 -4.9241e-08 -6.10473e-10 -5.02098e-09 0.654635 1.33877e-06 1.67652e-07 -9.41095e-08 -1.33689e-06 0.653124
72 0.417095 2.23398e-10 -1.83631e-10 2.79255e-19 3.37261e-17 -1.83631e-10 2.22462e-10 7.43821e-20 -1.15403e-17 2.7716e-19 -1.15622e-19 1.25576e-10 3.27586e-16 3.73555e-17 -2.41629e-17 -3.26873e-16 1.25286e-10 -0.821989 1.25003e-09 1.50968e-07 -0.821988 0.99581 3.32958e-10 -5.16581e-08 1.24065e-09 -5.17558e-10 0.562116 1.46637e-06 1.67215e-07 -1.08161e-07 -1.46319e-06 0.560818
76 0.425533 2.15852e-10 -1.9111e-10 7.24626e-19 3.17138e-17 -1.9111e-10 2.14916e-10 6.27204e-19 -1.31261e-17 2.45656e-19 1.02549e-19 9.8316e-11 3.41067e-16 3.5214e-17 -2.35392e-17 -3.40841e-16 9.8089e-11 -0.885374 3.35705e-09 1.46924e-07 -0.885374 0.995664 2.90571e-09 -6.08108e-08 1.13808e-09 4.75089e-10 0.455479 1.5801e-06 1.6314e-07 -1.09052e-07 -1.57905e-06 0.454427
80 0.431897 2.10051e-10 -1.96842e-10 1.43807e-18 2.98053e-17 -1.96842e-10 2.09115e-10 -3.89063e-19 -1.35592e-17 -4.85346e-19 -1.62295e-19 7.05859e-11 3.50842e-16 3.18928e-17 -2.61269e-17 -3.51313e-16 7.04228e-11 -0.937116 6.84631e-09 1.41896e-07 -0.937116 0.995545 -1.85223e-09 -6.45522e-08 -2.31061e-09 -7.72644e-10 0.336042 1.67027e-06 1.51834e-07 -1.24384e-07 -1.67251e-06 0.335265
84 0.436158 2.06107e-10 -2.00717e-10 -5.10992e-19 2.78114e-17 -2.00716e-10 2.05171e-10 3.05139e-19 -1.36014e-17 1.18372e-19 -1.18372e-19 4.25208e-11 3.58399e-16 3.00511e-17 -2.3795e-17 -3.58162e-16 4.24224e-11 -0.973848 -2.47926e-09 1.34937e-07 -0.973848 0.99546 1.48049e-09 -6.59921e-08 5.74326e-10 -5.74326e-10 0.206305 1.7389e-06 1.45804e-07 -1.1545e-07 -1.73775e-06 0.205827
88 0.328636 2.04095e-10 -2.02658e-10 -9.82827e-19 2.63533e-17 -2.02658e-10 2.03159e-10 -1.19484e-19 -1.40002e-17 4.74358e-19 -6.59623e-19 1.42577e-11 3.61546e-16 2.91269e-17 -2.68702e-17 -3.61338e-16 1.42245e-11 -0.992962 -4.81554e-09 1.29123e-07 -0.992961 0.995416 -5.85434e-10 -6.85965e-08 2.3242e-09 -3.23195e-09 0.0698585 1.77146e-06 1.42713e-07 -1.31655e-07 -1.77044e-06 0.0696955
90 0.219313 2.03827e-10 -2.02891e-10 1.15044e-19 2.5293e-17 -2.02891e-10 2.02891e-10 -3.37292e-19 -1.52118e-17 -6.10153e-20 -3.37724e-19 9.50306e-14 3.61613e-16 2.69549e-17 -2.4991e-17 -3.61733e-16 9.44304e-14 -0.995411 5.64421e-10 1.24091e-07 -0.99541 0.99541 -1.6548e-09 -7.4631e-08 -2.99349e-10 -1.65692e-09 0.000466232 1.77412e-06 1.32244e-07 -1.22609e-07 -1.77471e-06 0.000463288
92 0.328636 2.04053e-10 -2.0263e-10 -2.81254e-20 2.48624e-17 -2.0263e-10 2.03117e-10 8.05974e-19 -1.31016e-17 3.62654e-19 -6.73071e-19 -1.40655e-11 3.62007e-16 2.60009e-17 -2.61298e-17 -3.61942e-16 -1.40334e-11 -0.993026 -1.37834e-10 1.21843e-07 -0.993026 0.995415 3.94983e-09 -6.42066e-08 1.77726e-09 -3.29851e-09 -0.0689305 1.77408e-06 1.27422e-07 -1.28054e-07 -1.77376e-06 -0.0687734
96 0.436158 2.05981e-10 -2.00632e-10 8.45172e-19 2.28979e-17 -2.00632e-10 2.05045e-10 4.06804e-19 -1.45201e-17 -2.01374e-21 -4.82423e-19 -4.23108e-11 3.57646e-16 2.55065e-17 -2.45557e-17 -3.58011e-16 -4.22136e-11 -0.974035 4.10316e-09 1.11165e-07 -0.974035 0.995459 1.97497e-09 -7.04927e-08 -9.77635e-12 -2.34208e-09 -0.205412 1.73631e-06 1.2383e-07 -1.19213e-07 -1.73808e-06 -0.20494
100 0.431897 2.09839e-10 -1.96705e-10 9.42622e-19 2.18035e-17 -1.96705e-10 2.08903e-10 1.69338e-19 -1.38227e-17 4.55706e-19 4.20224e-19 -7.03409e-11 3.51065e-16 2.46717e-17 -2.58272e-17 -3.50812e-16 -7.01791e-11 -0.93741 4.49213e-09 1.03906e-07 -0.937409 0.995543 8.06992e-10 -6.58731e-08 2.1717e-09 2.0026e-09 -0.335214 1.67303e-06 1.17574e-07 -1.23081e-07 -1.67182e-06 -0.334443
104 0.425533 2.15551e-10 -1.90924e-10 3.99691e-19 2.00441e-17 -1.90924e-10 2.14615e-10 2.34126e-19 -1.35917e-17 -7.06638e-20 3.39856e-19 -9.80194e-11 3.40377e-16 2.3579e-17 -2.43834e-17 -3.4008e-16 -9.77936e-11 -0.88575 1.85428e-09 9.29905e-08 -0.88575 0.995661 1.08618e-09 -6.30559e-08 -3.2783e-10 1.57669e-09 -0.45474 1.57911e-06 1.0939e-07 -1.13122e-07 -1.57773e-06 -0.453692
108 0.417095 2.23004e-10 -1.83403e-10 2.0659e-19 1.92489e-17 -1.83403e-10 2.22069e-10 3.1687e-19 -1.27494e-17 8.89227e-19 -2.61474e-19 -1.25212e-10 3.27266e-16 2.14752e-17 -2.34383e-17 -3.27796e-16 -1.24923e-10 -0.82242 9.26396e-10 8.63165e-08 -0.822419 0.995806 1.42091e-09 -5.7171e-08 3.98749e-09 -1.17251e-09 -0.561477 1.46753e-06 9.62995e-08 -1.05103e-07 -1.46991e-06 -0.560184
112 0.406626 2.32053e-10 -1.74288e-10 -1.08883e-19 1.83371e-17 -1.74288e-10 2.31118e-10 7.28988e-19 -1.15433e-17 4.15154e-19 -9.23354e-19 -1.51786e-10 3.11417e-16 2.08462e-17 -2.15505e-17 -3.11869e-16 -1.51436e-10 -0.751072 -4.69219e-10 7.90213e-08 -0.751071 0.99597 3.14148e-09 -4.97445e-08 1.78905e-09 -3.97907e-09 -0.654101 1.34201e-06 8.98337e-08 -9.28689e-08 -1.34396e-06 -0.652594
116 0.394175 2.42519e-10 -1.63757e-10 6.00967e-19 1.70108e-17 -1.63757e-10 2.41584e-10 -4.06617e-19 -1.15228e-17 4.54226e-20 8.23215e-19 -1.77613e-10 2.92019e-16 1.95882e-17 -1.99848e-17 -2.93007e-16 -1.77204e-10 -0.675235 2.47802e-09 7.01419e-08 -0.675234 0.996144 -1.67664e-09 -4.75128e-08 1.87295e-10 3.39443e-09 -0.732368 1.2041e-06 8.07697e-08 -8.2405e-08 -1.20818e-06 -0.73068
120 0.379804 2.54199e-10 -1.52016e-10 8.66342e-20 1.5523e-17 -1.52015e-10 2.53264e-10 1.14056e-20 -1.09043e-17 -3.38944e-19 1.17177e-19 -2.02569e-10 2.72477e-16 1.84185e-17 -1.86014e-17 -2.71346e-16 -2.02102e-10 -0.598018 3.40812e-10 6.10662e-08 -0.598017 0.996322 4.48688e-11 -4.28967e-08 -1.33338e-09 4.60966e-10 -0.796889 1.0719e-06 7.24569e-08 -7.31766e-08 -1.06746e-06 -0.795052
124 0.363583 2.66864e-10 -1.39291e-10 4.09262e-19 1.57842e-17 -1.39291e-10 2.65929e-10 2.82958e-19 -9.08136e-18 -8.2684e-19 -3.22733e-19 -2.26531e-10 2.49072e-16 1.86961e-17 -1.79882e-17 -2.48401e-16 -2.26009e-10 -0.521956 1.5336e-09 5.91471e-08 -0.521955 0.996497 1.06031e-09 -3.40299e-08 -3.09836e-09 -1.20936e-09 -0.848863 9.3333e-07 7.00587e-08 -6.7406e-08 -9.30816e-07 -0.846905
128 0.34559 2.80267e-10 -1.25832e-10 -3.14119e-19 1.44896e-17 -1.25832e-10 2.79332e-10 4.57248e-19 -9.31038e-18 -2.04429e-19 -2.47848e-20 -2.49385e-10 2.24333e-16 1.76754e-17 -1.57442e-17 -2.23624e-16 -2.48809e-10 -0.448971 -1.12079e-09 5.16993e-08 -0.448971 0.996664 1.63148e-09 -3.32197e-08 -7.29409e-10 -8.84328e-11 -0.889812 8.00426e-07 6.30664e-08 -5.61757e-08 -7.97899e-07 -0.887759
132 0.325914 2.94146e-10 -1.11899e-10 -6.37992e-19 1.42774e-17 -1.11899e-10 2.93211e-10 2.59313e-19 -7.99667e-18 1.87857e-19 -1.74258e-18 -2.71019e-10 1.99066e-16 1.71481e-17 -1.37768e-17 -2.00196e-16 -2.70394e-10 -0.38042 -2.16897e-09 4.85385e-08 -0.38042 0.996822 8.8158e-10 -2.71861e-08 6.38652e-10 -5.92422e-09 -0.921377 6.76761e-07 5.8298e-08 -4.68366e-08 -6.80602e-07 -0.919251
136 0.304649 3.0823e-10 -9.77637e-11 -1.39427e-19 1.47525e-17 -9.77636e-11 3.07295e-10 9.0482e-19 -6.22442e-18 -4.28101e-19 7.31002e-19 -2.91329e-10 1.75274e-16 1.68514e-17 -1.21427e-17 -1.73387e-16 -2.90657e-10 -0.317178 -4.52345e-10 4.78619e-08 -0.317177 0.996967 2.93553e-09 -2.01941e-08 -1.3889e-09 2.37161e-09 -0.945168 5.68646e-07 5.46715e-08 -3.93948e-08 -5.62525e-07 -0.942987
140 0.281901 3.22246e-10 -8.37007e-11 -3.95399e-19 1.43672e-17 -8.37007e-11 3.21312e-10 4.68064e-19 -6.35035e-18 8.03932e-19 -5.47183e-19 -3.10218e-10 1.48242e-16 1.69061e-17 -1.06384e-17 -1.49183e-16 -3.09502e-10 -0.259742 -1.22701e-09 4.45845e-08 -0.259741 0.997099 1.4525e-09 -1.97065e-08 2.49478e-09 -1.69803e-09 -0.962674 4.60027e-07 5.24634e-08 -3.30132e-08 -4.62949e-07 -0.960453
144 0.257779 3.3592e-10 -6.99832e-11 -4.29285e-20 1.46053e-17 -6.99832e-11 3.34986e-10 6.04308e-19 -5.27013e-18 5.10443e-19 -8.07302e-20 -3.27594e-10 1.24585e-16 1.66074e-17 -8.54823e-18 -1.23818e-16 -3.26838e-10 -0.208333 -1.27794e-10 4.34785e-08 -0.208333 0.997218 1.79896e-09 -1.56886e-08 1.51953e-09 -2.40325e-10 -0.975213 3.70878e-07 4.94385e-08 -2.54472e-08 -3.68593e-07 -0.972963
148 0.232401 3.48987e-10 -5.68777e-11 -1.68386e-19 1.39362e-17 -5.68777e-11 3.48052e-10 -2.91023e-19 -3.7864e-18 1.55959e-19 -4.56793e-20 -3.43373e-10 1.01601e-16 1.68722e-17 -6.4912e-18 -1.02042e-16 -3.42581e-10 -0.16298 -4.825e-10 3.99333e-08 -0.162979 0.997322 -8.33909e-10 -1.08497e-08 4.4689e-10 -1.30891e-10 -0.983915 2.91132e-07 4.83463e-08 -1.86001e-08 -2.92394e-07 -0.981644
152 0.205891 3.61191e-10 -4.46386e-11 3.11918e-19 1.47918e-17 -4.46386e-11 3.60256e-10 -6.9764e-19 -3.15823e-18 1.1334e-18 2.14468e-19 -3.5748e-10 7.85128e-17 1.66232e-17 -6.57653e-18 -7.98949e-17 -3.56655e-10 -0.123587 8.63582e-10 4.09528e-08 -0.123587 0.997413 -1.9315e-09 -8.74395e-09 3.13797e-09 5.9378e-10 -0.989726 2.17372e-07 4.60234e-08 -1.82079e-08 -2.21199e-07 -0.987442
156 0.178378 3.72295e-10 -3.35036e-11 -2.99865e-19 1.42065e-17 -3.35036e-11 3.7136e-10 3.95211e-19 -1.94371e-18 -1.22047e-19 -2.48095e-19 -3.69846e-10 5.94522e-17 1.70624e-17 -5.28448e-18 -5.99462e-17 -3.68992e-10 -0.0899922 -8.05451e-10 3.81593e-08 -0.0899921 0.99749 1.06155e-09 -5.22088e-09 -3.27824e-10 -6.66393e-10 -0.993422 1.59691e-07 4.58302e-08 -1.41943e-08 -1.61018e-07 -0.991129
160 0.0971232 3.82083e-10 -2.36889e-11 -7.08524e-19 1.44896e-17 -2.36889e-11 3.81149e-10 -1.91962e-19 -1.96935e-18 6.55773e-19 1.66225e-19 -3.80412e-10 4.28459e-17 1.56791e-17 -2.21059e-18 -4.20568e-17 -3.79534e-10 -0.0619994 -1.85437e-09 3.79227e-08 -0.0619994 0.997554 -5.02408e-10 -5.15425e-09 1.71631e-09 4.35049e-10 -0.995626 1.12138e-07 4.10357e-08 -5.78563e-09 -1.10072e-07 -0.993327
161 0.0357021 3.84302e-10 -2.14645e-11 -9.66727e-20 1.41707e-17 -2.14645e-11 3.83367e-10 -1.96324e-19 -2.43147e-18 4.71032e-20 -3.63688e-19 -3.82766e-10 3.879e-17 1.62226e-17 -2.53683e-18 -3.90528e-17 -3.81882e-10 -0.0558533 -2.51554e-10 3.6874e-08 -0.0558532 0.997568 -5.10859e-10 -6.32698e-09 1.22568e-10 -9.46361e-10 -0.996003 1.00936e-07 4.22133e-08 -6.60114e-09 -1.0162e-07 -0.993704
162 0.0338871 3.86423e-10 -1.93374e-11 7.70305e-19 1.40943e-17 -1.93373e-11 3.85489e-10 8.01104e-19 -4.52447e-19 -7.30274e-20 -2.50658e-19 -3.85004e-10 3.46315e-17 1.63092e-17 -2.35768e-18 -3.42991e-17 -3.84115e-10 -0.0500419 1.99342e-09 3.64738e-08 -0.0500419 0.997582 2.07312e-09 -1.17086e-09 -1.88983e-10 -6.48662e-10 -0.996326 8.96206e-08 4.22056e-08 -6.10129e-09 -8.87605e-08 -0.994026
163 0.0320617 3.88445e-10 -1.73101e-11 -6.23286e-19 1.38296e-17 -1.731e-11 3.87511e-10 1.41564e-20 -9.45896e-19 -7.48271e-19 -2.44567e-19 -3.87124e-10 3.14873e-17 1.57508e-17 -2.4098e-18 -3.11746e-17 -3.8623e-10 -0.0445624 -1.60456e-09 3.56023e-08 -0.0445624 0.997594 3.64438e-11 -2.43508e-09 -1.92632e-09 -6.29603e-10 -0.996598 8.10597e-08 4.05484e-08 -6.2037e-09 -8.02547e-08 -0.994298
164 0.0302266 3.90365e-10 -1.53851e-11 4.98753e-19 1.35533e-17 -1.53851e-11 3.89431e-10 -1.67198e-20 -1.4767e-18 5.31417e-21 7.52286e-20 -3.89127e-10 2.77278e-17 1.58905e-17 -2.90601e-18 -2.78704e-17 -3.88229e-10 -0.039412 1.27766e-09 3.47196e-08 -0.039412 0.997606 -4.28311e-11 -3.78287e-09 1.36133e-11 1.92713e-10 -0.996827 7.10304e-08 4.07068e-08 -7.44434e-09 -7.13956e-08 -0.994526
165 0.0283823 3.92181e-10 -1.35648e-11 7.94033e-20 1.34458e-17 -1.35647e-11 3.91247e-10 -3.92257e-20 -3.56003e-19 3.46068e-20 2.64627e-19 -3.91011e-10 2.56598e-17 1.60299e-17 -6.27976e-19 -2.49927e-17 -3.90109e-10 -0.034588 2.02466e-10 3.42847e-08 -0.034588 0.997617 -1.00019e-10 -9.07751e-10 8.8242e-11 6.74757e-10 -0.997017 6.54286e-08 4.08738e-08 -1.60124e-09 -6.37274e-08 -0.994716
166 0.0265294 3.9389e-10 -1.18513e-11 1.8712e-19 1.50389e-17 -1.18513e-11 3.92956e-10 -2.95198e-19 1.69677e-19 -6.81982e-19 3.08762e-20 -3.92777e-10 2.04017e-17 1.62456e-17 -1.30761e-18 -2.16521e-17 -3.9187e-10 -0.0300878 4.75055e-10 3.81804e-08 -0.0300878 0.997628 -7.49442e-10 4.30773e-10 -1.7314e-09 7.83879e-11 -0.997174 5.17954e-08 4.12439e-08 -3.31973e-09 -5.49698e-08 -0.994872
167 0.0246683 3.9549e-10 -1.02468e-11 -4.54497e-19 1.44087e-17 -1.02468e-11 3.94556e-10 2.59862e-19 -5.91539e-19 -2.24449e-19 1.65163e-19 -3.94423e-10 1.87543e-17 1.58244e-17 -1.22626e-18 -1.75689e-17 -3.93512e-10 -0.0259091 -1.1492e-09 3.64324e-08 -0.0259091 0.997637 6.57064e-10 -1.49571e-09 -5.67521e-10 4.17616e-10 -0.997301 4.74204e-08 4.0012e-08 -3.1006e-09 -4.44231e-08 -0.994999
168 0.0172754 3.9698e-10 -8.7532e-12 -6.12596e-20 1.47332e-17 -8.75319e-12 3.96046e-10 -6.73511e-20 -1.22077e-18 2.04389e-19 1.98887e-19 -3.95949e-10 1.53493e-17 1.583e-17 -2.10341e-18 -1.59629e-17 -3.95035e-10 -0.0220494 -1.54314e-10 3.71132e-08 -0.0220494 0.997646 -1.69658e-10 -3.07515e-09 5.14859e-10 5.01e-10 -0.997402 3.86652e-08 3.9876e-08 -5.29852e-09 -4.02107e-08 -0.9951
168.5 0.0109315 3.97683e-10 -8.04855e-12 -2.36453e-20 1.48099e-17 -8.04855e-12 3.96749e-10 -7.26652e-20 -3.33065e-19 -1.07529e-19 -3.50509e-20 -3.96667e-10 1.41204e-17 1.62507e-17 -4.76359e-19 -1.46308e-17 -3.95751e-10 -0.0202386 -5.94577e-11 3.72405e-08 -0.0202386 0.99765 -1.82721e-10 -8.37515e-10 -2.70388e-10 -8.81379e-11 -0.997445 3.55065e-08 4.08636e-08 -1.19784e-09 -3.67901e-08 -0.995142
169 0.0104622 3.98358e-10 -7.37231e-12 -2.63675e-19 1.35754e-17 -7.3723e-12 3.97423e-10 -2.00644e-19 -5.59105e-19 -5.09381e-19 -7.79794e-20 -3.97355e-10 1.29566e-17 1.59123e-17 7.22673e-19 -1.32552e-17 -3.96438e-10 -0.0185068 -6.61905e-10 3.40784e-08 -0.0185067 0.997654 -5.03679e-10 -1.40353e-09 -1.2787e-09 -1.95752e-10 -0.997483 3.25251e-08 3.99447e-08 1.81413e-09 -3.32745e-08 -0.99518
169.5 0.00999215 3.99004e-10 -6.72466e-12 1.99665e-19 1.42218e-17 -6.72466e-12 3.98069e-10 -7.51537e-21 4.49414e-19 -2.9235e-19 -9.35598e-20 -3.98012e-10 1.2699e-17 1.71703e-17 -4.1584e-19 -1.23496e-17 -3.97094e-10 -0.0168536 5.00408e-10 3.56433e-08 -0.0168536 0.997658 -1.88353e-11 1.12634e-09 -7.327e-10 -2.34483e-10 -0.997516 3.18269e-08 4.30329e-08 -1.0422e-09 -3.09511e-08 -0.995213
170 0.0095213 3.99621e-10 -6.10581e-12 3.69003e-19 1.39214e-17 -6.10581e-12 3.98687e-10 -1.32313e-19 -7.77924e-19 -3.56763e-19 -1.67198e-20 -3.9864e-10 1.19974e-17 1.74194e-17 -2.39985e-18 -1.05649e-17 -3.97719e-10 -0.015279 9.23381e-10 3.48365e-08 -0.015279 0.997662 -3.31097e-10 -1.94666e-09 -8.92753e-10 -4.18391e-11 -0.997545 3.00221e-08 4.35898e-08 -6.00531e-09 -2.64372e-08 -0.995242
170.5 0.00904972 4.00209e-10 -5.51595e-12 6.99144e-20 1.48099e-17 -5.51594e-12 3.99275e-10 -1.18345e-19 -1.09631e-18 -5.51947e-19 -2.68989e-19 -3.99237e-10 9.31139e-18 1.6472e-17 -2.54005e-19 -8.45624e-18 -3.98315e-10 -0.0137827 1.74695e-10 3.70054e-08 -0.0137826 0.997665 -2.95707e-10 -2.73934e-09 -1.37915e-09 -6.72121e-10 -0.99757 2.32663e-08 4.11584e-08 -6.3468e-10 -2.11295e-08 -0.995267
171 0.00857745 4.00769e-10 -4.95525e-12 4.26087e-19 1.50067e-17 -4.95524e-12 3.99834e-10 1.26999e-19 -1.39223e-18 -1.7488e-19 1.21685e-19 -3.99803e-10 7.92755e-18 1.56436e-17 -6.78133e-19 -9.37434e-18 -3.98881e-10 -0.0123644 1.06318e-09 3.74447e-08 -0.0123643 0.997668 3.16889e-10 -3.47389e-09 -4.36361e-10 3.03629e-10 -0.997592 1.97809e-08 3.9034e-08 -1.69208e-09 -2.33909e-08 -0.995289
171.5 0.00810453 4.01299e-10 -4.42388e-12 5.31946e-20 1.42959e-17 -4.42388e-12 4.00364e-10 3.02429e-19 -2.33956e-19 1.08158e-20 3.02429e-19 -4.0034e-10 7.52812e-18 1.5896e-17 -8.71559e-19 -7.91728e-18 -3.99416e-10 -0.0110239 1.32556e-10 3.56241e-08 -0.0110239 0.997671 7.53625e-10 -5.82998e-10 2.6952e-11 7.53625e-10 -0.997611 1.87594e-08 3.96114e-08 -2.17185e-09 -1.97291e-08 -0.995308
172 0.00763099 4.01799e-10 -3.92201e-12 -2.47848e-20 1.41459e-17 -3.92201e-12 4.00865e-10 1.1028e-19 -5.23987e-19 -5.85088e-20 1.2586e-19 -4.00846e-10 6.26026e-18 1.66472e-17 -1.06992e-18 -7.58333e-18 -3.9992e-10 -0.00976112 -6.16844e-11 3.52065e-08 -0.00976111 0.997674 2.74464e-10 -1.3041e-09 -1.45617e-10 3.13241e-10 -0.997627 1.55806e-08 4.14316e-08 -2.66281e-09 -1.88734e-08 -0.995324
172.5 0.00715688 4.0227e-10 -3.44979e-12 -3.44218e-19 1.51301e-17 -3.44979e-12 4.01336e-10 -8.06498e-21 -5.63095e-19 3.84583e-19 2.52859e-19 -4.01321e-10 6.18723e-18 1.69608e-17 -7.42969e-19 -5.53003e-18 -4.00395e-10 -0.00857579 -8.55688e-10 3.76118e-08 -0.00857579 0.997677 -2.00487e-11 -1.39979e-09 9.56031e-10 6.2858e-10 -0.99764 1.53808e-08 4.21628e-08 -1.84694e-09 -1.37471e-08 -0.995337
173 0.00668221 4.02712e-10 -3.00736e-12 -9.46992e-20 1.36484e-17 -3.00736e-12 4.01777e-10 -1.67198e-20 -4.00699e-19 -1.1303e-19 -1.67198e-20 -4.01766e-10 5.77204e-18 1.66681e-17 -1.63122e-18 -4.94996e-18 -4.00838e-10 -0.00746777 -2.35154e-10 3.38911e-08 -0.00746776 0.99768 -4.1518e-11 -9.95003e-10 -2.80673e-10 -4.1518e-11 -0.997652 1.43329e-08 4.13896e-08 -4.05059e-09 -1.22916e-08 -0.995349
173.5 0.00620704 4.03123e-10 -2.59485e-12 1.39239e-19 1.37322e-17 -2.59485e-12 4.02189e-10 -4.98753e-19 9.36112e-19 -6.12596e-20 -4.98753e-19 -4.0218e-10 4.73196e-18 1.56377e-17 2.4184e-19 -5.78593e-18 -4.01252e-10 -0.00643687 3.45401e-10 3.40645e-08 -0.00643687 0.997682 -1.23722e-09 2.32215e-09 -1.51963e-10 -1.23722e-09 -0.997661 1.17383e-08 3.87914e-08 5.99917e-10 -1.43528e-08 -0.995358
174 0.0057314 4.03505e-10 -2.2124e-12 -9.46992e-20 1.45855e-17 -2.2124e-12 4.0257e-10 6.46003e-20 -8.6227e-19 3.93238e-19 -4.56793e-20 -4.02564e-10 4.236e-18 1.51316e-17 2.6783e-20 -3.89292e-18 -4.01635e-10 -0.00548296 -2.34692e-10 3.61471e-08 -0.00548296 0.997684 1.60098e-10 -2.13695e-09 9.74556e-10 -1.13206e-10 -0.997669 1.0498e-08 3.75003e-08 6.63759e-11 -9.64778e-09 -0.995366
174.5 0.00525531 4.03856e-10 -1.86011e-12 -2.20559e-19 1.43724e-17 -1.86011e-12 4.02922e-10 -2.37828e-19 2.30351e-19 2.20559e-19 -2.37828e-19 -4.02917e-10 3.5506e-18 1.57165e-17 -7.90853e-19 -3.51465e-18 -4.01987e-10 -0.00460588 -5.46133e-10 3.5588e-08 -0.00460588 0.997686 -5.88894e-10 5.70379e-10 5.46133e-10 -5.88894e-10 -0.997676 8.79175e-09 3.89161e-08 -1.95826e-09 -8.70273e-09 -0.995372
175 0.00477883 4.04177e-10 -1.5381e-12 0 1.33388e-17 -1.5381e-12 4.03243e-10 1.1028e-19 -4.47888e-19 0 1.1028e-19 -4.0324e-10 3.03679e-18 1.64901e-17 8.30488e-19 -3.14373e-18 -4.02309e-10 -0.00380551 0 3.30025e-08 -0.00380551 0.997688 2.72849e-10 -1.10815e-09 0 2.72849e-10 -0.997681 7.51351e-09 4.07991e-08 2.05476e-09 -7.7781e-09 -0.995378
175.5 0.00430199 4.04468e-10 -1.24646e-12 0 1.41918e-17 -1.24646e-12 4.03534e-10 6.99144e-20 -1.86132e-18 0 6.99144e-20 -4.03532e-10 2.7789e-18 1.60355e-17 -2.49652e-19 -2.76249e-18 -4.026e-10 -0.00308173 0 3.50877e-08 -0.00308173 0.99769 1.72855e-10 -4.60191e-09 0 1.72855e-10 -0.997685 6.87051e-09 3.96459e-08 -6.17235e-10 -6.82993e-09 -0.995382
176 0.00382481 4.04729e-10 -9.85282e-13 0 1.4449e-17 -9.85282e-13 4.03794e-10 -4.03651e-20 -9.2724e-19 0 -4.03651e-20 -4.03793e-10 1.79508e-18 1.60308e-17 -6.44743e-19 -1.79409e-18 -4.02861e-10 -0.00243443 0 3.57005e-08 -0.00243443 0.997691 -9.97338e-11 -2.29102e-09 0 -9.97338e-11 -0.997688 4.43527e-09 3.96087e-08 -1.59302e-09 -4.43282e-09 -0.995385
176.5 0.00334735 4.04959e-10 -7.54644e-13 0 1.4402e-17 -7.54643e-13 4.04024e-10 1.50645e-19 -7.05216e-19 0 7.26652e-20 -4.04024e-10 1.90669e-18 1.64524e-17 8.60605e-19 -1.49178e-18 -4.03091e-10 -0.00186351 0 3.55641e-08 -0.00186351 0.997693 3.72e-10 -1.74145e-09 0 1.79439e-10 -0.997691 4.70835e-09 4.06275e-08 2.12517e-09 -3.68378e-09 -0.995388
177 0.00286963 4.05158e-10 -5.54614e-13 0 1.46454e-17 -5.54614e-13 4.04224e-10 7.79794e-20 3.54916e-19 0 7.79794e-20 -4.04223e-10 9.02806e-19 1.6343e-17 -2.03249e-19 -1.18994e-18 -4.0329e-10 -0.00136888 0 3.61475e-08 -0.00136888 0.997694 1.92467e-10 8.75993e-10 0 1.92467e-10 -0.997693 2.22828e-09 4.03374e-08 -5.01655e-10 -2.93697e-09 -0.995389
177.5 0.00239169 4.05327e-10 -3.85256e-13 0 1.367e-17 -3.85257e-13 4.04393e-10 5.31417e-21 2.24657e-20 0 5.31417e-21 -4.04393e-10 1.88259e-19 1.60916e-17 -6.95036e-19 -3.76518e-19 -4.03459e-10 -0.000950482 0 3.37259e-08 -0.000950483 0.997695 1.31108e-11 5.54261e-11 0 1.31108e-11 -0.997694 4.64462e-10 3.97003e-08 -1.71475e-09 -9.28923e-10 -0.995391
178 0.00191357 4.05465e-10 -2.4662e-13 0 1.44706e-17 -2.46619e-13 4.04531e-10 -4.81482e-35 8.64415e-19 0 -4.81482e-35 -4.04531e-10 5.86998e-19 1.68109e-17 7.88939e-20 -2.28624e-19 -4.03597e-10 -0.000608238 0 3.5689e-08 -0.000608238 0.997695 -1.18748e-25 2.13191e-09 0 -1.18748e-25 -0.997695 1.44771e-09 4.14608e-08 1.94576e-10 -5.63856e-10 -0.995392
178.5 0.00143531 4.05573e-10 -1.38747e-13 0 1.39037e-17 -1.38749e-13 4.04639e-10 1.56482e-34 -9.36208e-19 0 1.56482e-34 -4.04639e-10 2.33938e-19 1.6408e-17 -6.46003e-20 -7.79794e-20 -4.03704e-10 -0.000342102 0 3.42816e-08 -0.000342105 0.997696 3.85829e-25 -2.30836e-09 0 3.85829e-25 -0.997696 5.76809e-10 4.04564e-08 -1.59281e-10 -1.9227e-10 -0.995393
179 0.000956932 4.0565e-10 -6.16742e-14 0 1.38553e-17 -6.16734e-14 4.04716e-10 -1.1028e-19 -1.41296e-18 0 -1.1028e-19 -4.04716e-10 1.35064e-19 1.6309e-17 0 -9.62965e-35 -4.03781e-10 -0.000152038 0 3.41558e-08 -0.000152036 0.997696 -2.71859e-10 -3.48321e-09 0 -2.71859e-10 -0.997696 3.32958e-10 4.02045e-08 0 -2.37388e-25 -0.995393
179.5 0.000478484 4.05696e-10 -1.54198e-14 0 1.4327e-17 -1.54183e-14 4.04762e-10 2.0463e-34 0 0 2.0463e-34 -4.04762e-10 0 1.62686e-17 0 0 -4.03827e-10 -3.80083e-05 0 3.53147e-08 -3.80046e-05 0.997697 5.04392e-25 0 0 5.04392e-25 -0.997697 0 4.01005e-08 0 0 -0.995393
180 5.98114e-05 4.05711e-10 0 0 1.43824e-17 0 4.04777e-10 2.0463e-34 0 0 2.0463e-34 -4.04777e-10 0 1.59372e-17 0 0 -4.03843e-10 0 0 3.54499e-08 0 0.997697 5.04373e-25 0 0 5.04373e-25 -0.997697 0 3.92821e-08 0 0 -0.995394
