theta 2pi*dcos S11 S12 S13 S14 S21 S22 S23 S24 S31 S32 S33 S34 S41 S42 S43 S44 S12_norm S13_norm S14_norm S21_norm S22_norm S23_norm S24_norm S31_norm S32_norm S33_norm S34_norm S41_norm S42_norm S43_norm S44_norm
0 2.39246e-06 0.000113438 0 0 1.47124e-10 0 0.00011312 4.12463e-12 0 0 -4.12463e-12 0.00011312 0 1.47134e-10 0 0 0.000112802 0 0 1.29696e-06 0 0.997197 3.63603e-08 0 0 -3.63603e-08 0.997197 0 1.29705e-06 0 0 0.994394
0.1 1.91397e-05 0.000113437 -1.67323e-10 -3.29567e-18 1.47124e-10 -1.67323e-10 0.000113119 4.12462e-12 -9.24344e-17 3.10333e-18 -4.12462e-12 0.000113119 -1.60523e-13 1.47134e-10 -1.70208e-16 1.60522e-13 0.000112801 -1.47503e-06 -2.90528e-14 1.29696e-06 -1.47503e-06 0.997197 3.63603e-08 -8.1485e-13 2.73573e-14 -3.63603e-08 0.997197 -1.41508e-09 1.29705e-06 -1.50046e-12 1.41507e-09 0.994394
0.2 3.82793e-05 0.000113437 -6.6929e-10 -1.58734e-17 1.47123e-10 -6.6929e-10 0.000113119 4.1246e-12 -3.71815e-16 1.12023e-17 -4.1246e-12 0.000113119 -6.42086e-13 1.47133e-10 -6.82636e-16 6.42086e-13 0.000112801 -5.90012e-06 -1.39932e-13 1.29696e-06 -5.90012e-06 0.997197 3.63604e-08 -3.27773e-12 9.87541e-14 -3.63603e-08 0.997197 -5.6603e-09 1.29705e-06 -6.01777e-12 5.6603e-09 0.994394
0.3 5.74188e-05 0.000113436 -1.50589e-09 -3.56426e-17 1.47122e-10 -1.50589e-09 0.000113118 4.12457e-12 -8.3954e-16 2.31365e-17 -4.12457e-12 0.000113118 -1.44469e-12 1.47132e-10 -1.5355e-15 1.44468e-12 0.0001128 -1.32753e-05 -3.1421e-13 1.29696e-06 -1.32753e-05 0.997197 3.63604e-08 -7.40102e-12 2.03961e-13 -3.63604e-08 0.997197 -1.27357e-08 1.29705e-06 -1.35363e-11 1.27357e-08 0.994394
0.4 7.65581e-05 0.000113434 -2.67712e-09 -6.28244e-17 1.4712e-10 -2.67712e-09 0.000113117 4.12453e-12 -1.49156e-15 4.2149e-17 -4.12453e-12 0.000113117 -2.56831e-12 1.47131e-10 -2.72767e-15 2.56831e-12 0.000112799 -2.36006e-05 -5.53838e-13 1.29696e-06 -2.36006e-05 0.997197 3.63605e-08 -1.31491e-11 3.71571e-13 -3.63605e-08 0.997197 -2.26414e-08 1.29706e-06 -2.40463e-11 2.26414e-08 0.994394
0.5 9.56972e-05 0.000113433 -4.18296e-09 -9.9289e-17 1.47118e-10 -4.18296e-09 0.000113115 4.12447e-12 -2.33042e-15 6.66619e-17 -4.12447e-12 0.000113115 -4.01295e-12 1.47129e-10 -4.26256e-15 4.01294e-12 0.000112797 -3.68761e-05 -8.75312e-13 1.29697e-06 -3.68761e-05 0.997197 3.63605e-08 -2.05446e-11 5.87678e-13 -3.63605e-08 0.997197 -3.53774e-08 1.29706e-06 -3.75779e-11 3.53773e-08 0.994394
0.6 0.000114836 0.000113431 -6.02338e-09 -1.42818e-16 1.47116e-10 -6.02338e-09 0.000113113 4.12441e-12 -3.35597e-15 9.46393e-17 -4.12441e-12 0.000113113 -5.77859e-12 1.47127e-10 -6.13763e-15 5.77857e-12 0.000112795 -5.31019e-05 -1.25908e-12 1.29697e-06 -5.31019e-05 0.997197 3.63606e-08 -2.95861e-11 8.34336e-13 -3.63606e-08 0.997197 -5.09438e-08 1.29706e-06 -5.41091e-11 5.09437e-08 0.994394
0.7 0.000133974 0.000113428 -8.19837e-09 -1.92631e-16 1.47113e-10 -8.19836e-09 0.00011311 4.12433e-12 -4.56794e-15 1.28402e-16 -4.12433e-12 0.00011311 -7.86519e-12 1.47124e-10 -8.35331e-15 7.86517e-12 0.000112792 -7.22781e-05 -1.69826e-12 1.29697e-06 -7.2278e-05 0.997197 3.63607e-08 -4.02717e-11 1.13202e-12 -3.63607e-08 0.997197 -6.93407e-08 1.29707e-06 -7.36441e-11 6.93406e-08 0.994394
0.8 0.000153112 0.000113425 -1.07079e-08 -2.52625e-16 1.47109e-10 -1.07079e-08 0.000113107 4.12424e-12 -5.9657e-15 1.68968e-16 -4.12424e-12 0.000113107 -1.02727e-11 1.4712e-10 -1.0911e-14 1.02727e-11 0.000112789 -9.44048e-05 -2.22724e-12 1.29697e-06 -9.44047e-05 0.997197 3.63608e-08 -5.25959e-11 1.48969e-12 -3.63608e-08 0.997197 -9.05684e-08 1.29707e-06 -9.61952e-11 9.05682e-08 0.994394
0.9 0.00017225 0.000113422 -1.35519e-08 -3.19774e-16 1.47105e-10 -1.35519e-08 0.000113104 4.12413e-12 -7.55073e-15 2.13867e-16 -4.12413e-12 0.000113104 -1.30012e-11 1.47117e-10 -1.38088e-14 1.30012e-11 0.000112786 -0.000119482 -2.81933e-12 1.29698e-06 -0.000119482 0.997197 3.6361e-08 -6.6572e-11 1.88559e-12 -3.6361e-08 0.997197 -1.14627e-07 1.29708e-06 -1.21748e-10 1.14627e-07 0.994394
1 0.000191387 0.000113418 -1.67303e-08 -3.94755e-16 1.47101e-10 -1.67303e-08 0.0001131 4.12402e-12 -9.32246e-15 2.63215e-16 -4.12402e-12 0.0001131 -1.60505e-11 1.47113e-10 -1.70483e-14 1.60505e-11 0.000112782 -0.00014751 -3.48053e-12 1.29698e-06 -0.00014751 0.997197 3.63611e-08 -8.21954e-11 2.32075e-12 -3.63611e-08 0.997197 -1.41516e-07 1.29708e-06 -1.50314e-10 1.41516e-07 0.994394
1.1 0.000210523 0.000113414 -2.02432e-08 -4.76626e-16 1.47096e-10 -2.02432e-08 0.000113096 4.12389e-12 -1.12789e-14 3.17938e-16 -4.12389e-12 0.000113096 -1.94207e-11 1.47108e-10 -2.06283e-14 1.94207e-11 0.000112778 -0.000178489 -4.20252e-12 1.29698e-06 -0.000178489 0.997197 3.63613e-08 -9.94484e-11 2.80333e-12 -3.63613e-08 0.997197 -1.71237e-07 1.29709e-06 -1.81884e-10 1.71237e-07 0.994394
1.2 0.000229659 0.00011341 -2.40904e-08 -5.68804e-16 1.47091e-10 -2.40904e-08 0.000113092 4.12375e-12 -1.34231e-14 3.78859e-16 -4.12375e-12 0.000113092 -2.31117e-11 1.47103e-10 -2.45478e-14 2.31117e-11 0.000112774 -0.000212419 -5.01547e-12 1.29699e-06 -0.000212419 0.997197 3.63615e-08 -1.18359e-10 3.34062e-12 -3.63615e-08 0.997197 -2.03789e-07 1.29709e-06 -2.16452e-10 2.03789e-07 0.994394
1.3 0.000248794 0.000113405 -2.8272e-08 -6.66893e-16 1.47085e-10 -2.82719e-08 0.000113087 4.1236e-12 -1.57527e-14 4.44096e-16 -4.1236e-12 0.000113087 -2.71235e-11 1.47098e-10 -2.88081e-14 2.71234e-11 0.000112769 -0.000249301 -5.88063e-12 1.29699e-06 -0.000249301 0.997196 3.63617e-08 -1.38906e-10 3.91602e-12 -3.63617e-08 0.997196 -2.39173e-07 1.2971e-06 -2.54028e-10 2.39173e-07 0.994394
1.4 0.000267929 0.0001134 -3.27877e-08 -7.7412e-16 1.47079e-10 -3.27877e-08 0.000113082 4.12343e-12 -1.82682e-14 5.13967e-16 -4.12343e-12 0.000113082 -3.14559e-11 1.47092e-10 -3.341e-14 3.14558e-11 0.000112764 -0.000289134 -6.82646e-12 1.297e-06 -0.000289134 0.997196 3.63619e-08 -1.61096e-10 4.53234e-12 -3.63619e-08 0.997196 -2.77389e-07 1.29711e-06 -2.94622e-10 2.77389e-07 0.994393
1.5 0.000287062 0.000113394 -3.76377e-08 -8.88724e-16 1.47072e-10 -3.76376e-08 0.000113076 4.12326e-12 -2.09717e-14 5.90901e-16 -4.12325e-12 0.000113076 -3.6109e-11 1.47086e-10 -3.83508e-14 3.61089e-11 0.000112758 -0.000331919 -7.83747e-12 1.297e-06 -0.000331918 0.997196 3.63621e-08 -1.84945e-10 5.21103e-12 -3.63621e-08 0.997196 -3.18438e-07 1.29712e-06 -3.38208e-10 3.18437e-07 0.994393
1.6 0.000306195 0.000113388 -4.28217e-08 -1.01072e-15 1.47065e-10 -4.28217e-08 0.00011307 4.12307e-12 -2.38587e-14 6.71729e-16 -4.12307e-12 0.00011307 -4.10827e-11 1.47079e-10 -4.36337e-14 4.10826e-11 0.000112753 -0.000377655 -8.91381e-12 1.29701e-06 -0.000377655 0.997196 3.63624e-08 -2.10416e-10 5.92415e-12 -3.63624e-08 0.997196 -3.62318e-07 1.29713e-06 -3.84816e-10 3.62318e-07 0.994393
1.7 0.000325327 0.000113382 -4.83398e-08 -1.14147e-15 1.47058e-10 -4.83397e-08 0.000113064 4.12286e-12 -2.69322e-14 7.5994e-16 -4.12286e-12 0.000113064 -4.63769e-11 1.47072e-10 -4.92565e-14 4.63768e-11 0.000112746 -0.000426345 -1.00675e-11 1.29701e-06 -0.000426344 0.997196 3.63626e-08 -2.37535e-10 6.70248e-12 -3.63626e-08 0.997196 -4.09032e-07 1.29714e-06 -4.3443e-10 4.09031e-07 0.994393
1.8 0.000344457 0.000113375 -5.41918e-08 -1.2792e-15 1.4705e-10 -5.41918e-08 0.000113057 4.12265e-12 -3.01936e-14 8.51409e-16 -4.12265e-12 0.000113057 -5.19915e-11 1.47064e-10 -5.52187e-14 5.19914e-11 0.000112739 -0.000477986 -1.12828e-11 1.29702e-06 -0.000477986 0.997196 3.63629e-08 -2.66316e-10 7.50966e-12 -3.63629e-08 0.997196 -4.58579e-07 1.29715e-06 -4.87044e-10 4.58578e-07 0.994393
1.9 0.000363587 0.000113368 -6.03777e-08 -1.42404e-15 1.47041e-10 -6.03777e-08 0.00011305 4.12243e-12 -3.36393e-14 9.48564e-16 -4.12243e-12 0.00011305 -5.79266e-11 1.47056e-10 -6.15225e-14 5.79265e-11 0.000112732 -0.000532581 -1.25612e-11 1.29702e-06 -0.000532581 0.997196 3.63632e-08 -2.96726e-10 8.36711e-12 -3.63632e-08 0.997196 -5.1096e-07 1.29716e-06 -5.42679e-10 5.10959e-07 0.994393
2 0.000382716 0.000113361 -6.68974e-08 -1.57939e-15 1.47032e-10 -6.68973e-08 0.000113043 4.12219e-12 -3.72713e-14 1.05131e-15 -4.12219e-12 0.000113043 -6.41819e-11 1.47048e-10 -6.81655e-14 6.41818e-11 0.000112725 -0.000590129 -1.39324e-11 1.29703e-06 -0.000590129 0.997195 3.63635e-08 -3.28785e-10 9.27405e-12 -3.63635e-08 0.997195 -5.66175e-07 1.29717e-06 -6.01315e-10 5.66174e-07 0.994392
2.1 0.000401843 0.000113353 -7.37508e-08 -1.74116e-15 1.47023e-10 -7.37507e-08 0.000113035 4.12194e-12 -4.10893e-14 1.15833e-15 -4.12194e-12 0.000113035 -7.07575e-11 1.47039e-10 -7.51491e-14 7.07574e-11 0.000112717 -0.000650631 -1.53605e-11 1.29704e-06 -0.00065063 0.997195 3.63638e-08 -3.62491e-10 1.02188e-11 -3.63638e-08 0.997195 -6.24225e-07 1.29718e-06 -6.62967e-10 6.24223e-07 0.994392
2.2 0.000420969 0.000113344 -8.09377e-08 -1.91065e-15 1.47013e-10 -8.09377e-08 0.000113027 4.12168e-12 -4.50926e-14 1.27121e-15 -4.12168e-12 0.000113026 -7.76533e-11 1.47029e-10 -8.24719e-14 7.76531e-11 0.000112709 -0.000714087 -1.6857e-11 1.29705e-06 -0.000714086 0.997195 3.63642e-08 -3.97837e-10 1.12155e-11 -3.63642e-08 0.997195 -6.85109e-07 1.29719e-06 -7.27622e-10 6.85108e-07 0.994392
2.3 0.000440094 0.000113336 -8.84582e-08 -2.0871e-15 1.47003e-10 -8.84581e-08 0.000113018 4.1214e-12 -4.92823e-14 1.38965e-15 -4.1214e-12 0.000113018 -8.48691e-11 1.4702e-10 -9.01328e-14 8.48689e-11 0.0001127 -0.000780496 -1.84152e-11 1.29705e-06 -0.000780496 0.997195 3.63646e-08 -4.34834e-10 1.22613e-11 -3.63645e-08 0.997195 -7.48829e-07 1.2972e-06 -7.95273e-10 7.48827e-07 0.994392
2.4 0.000459218 0.000113327 -9.6312e-08 -2.27352e-15 1.46992e-10 -9.63119e-08 0.000113009 4.12112e-12 -5.3656e-14 1.51338e-15 -4.12112e-12 0.000113009 -9.24049e-11 1.47009e-10 -9.81353e-14 9.24047e-11 0.000112691 -0.000849861 -2.00616e-11 1.29706e-06 -0.000849861 0.997195 3.63649e-08 -4.73463e-10 1.33541e-11 -3.63649e-08 0.997194 -8.15385e-07 1.29722e-06 -8.6595e-10 8.15383e-07 0.994391
2.5 0.00047834 0.000113317 -1.04499e-07 -2.46691e-15 1.46981e-10 -1.04499e-07 0.000112999 4.12082e-12 -5.82169e-14 1.64148e-15 -4.12082e-12 0.000112999 -1.00261e-10 1.46999e-10 -1.06477e-13 1.0026e-10 0.000112682 -0.000922181 -2.17699e-11 1.29707e-06 -0.00092218 0.997195 3.63653e-08 -5.13751e-10 1.44857e-11 -3.63653e-08 0.997194 -8.84777e-07 1.29723e-06 -9.39634e-10 8.84775e-07 0.994391
2.6 0.000497461 0.000113308 -1.13019e-07 -2.6677e-15 1.46969e-10 -1.13019e-07 0.00011299 4.12051e-12 -6.29621e-14 1.77525e-15 -4.12051e-12 0.00011299 -1.08436e-10 1.46988e-10 -1.15158e-13 1.08436e-10 0.000112672 -0.000997457 -2.35439e-11 1.29708e-06 -0.000997456 0.997194 3.63657e-08 -5.55674e-10 1.56675e-11 -3.63657e-08 0.997194 -9.57006e-07 1.29725e-06 -1.01633e-09 9.57004e-07 0.994391
2.7 0.00051658 0.000113297 -1.21873e-07 -2.87578e-15 1.46957e-10 -1.21872e-07 0.000112979 4.12019e-12 -6.78928e-14 1.91426e-15 -4.12019e-12 0.000112979 -1.16931e-10 1.46976e-10 -1.24177e-13 1.16931e-10 0.000112662 -0.00107569 -2.53826e-11 1.29709e-06 -0.00107569 0.997194 3.63661e-08 -5.99245e-10 1.68959e-11 -3.63661e-08 0.997193 -1.03207e-06 1.29726e-06 -1.09603e-09 1.03207e-06 0.99439
2.8 0.000535698 0.000113287 -1.31059e-07 -3.09304e-15 1.46944e-10 -1.31059e-07 0.000112969 4.11985e-12 -7.30094e-14 2.05825e-15 -4.11985e-12 0.000112969 -1.25746e-10 1.46964e-10 -1.33537e-13 1.25746e-10 0.000112651 -0.00115688 -2.73028e-11 1.2971e-06 -0.00115688 0.997194 3.63666e-08 -6.44466e-10 1.81685e-11 -3.63666e-08 0.997193 -1.10998e-06 1.29728e-06 -1.17876e-09 1.10998e-06 0.99439
2.9 0.000554814 0.000113276 -1.40578e-07 -3.31779e-15 1.46931e-10 -1.40578e-07 0.000112958 4.11951e-12 -7.83119e-14 2.20808e-15 -4.1195e-12 0.000112958 -1.3488e-10 1.46952e-10 -1.43235e-13 1.3488e-10 0.00011264 -0.00124102 -2.92895e-11 1.29711e-06 -0.00124102 0.997194 3.6367e-08 -6.91338e-10 1.9493e-11 -3.6367e-08 0.997193 -1.19072e-06 1.29729e-06 -1.26448e-09 1.19072e-06 0.99439
3 0.000573928 0.000113264 -1.50429e-07 -3.55065e-15 1.46918e-10 -1.50429e-07 0.000112947 4.11915e-12 -8.37976e-14 2.36305e-15 -4.11915e-12 0.000112946 -1.44333e-10 1.46939e-10 -1.53271e-13 1.44333e-10 0.000112629 -0.00132812 -3.13483e-11 1.29712e-06 -0.00132812 0.997193 3.63675e-08 -7.3984e-10 2.08631e-11 -3.63675e-08 0.997192 -1.2743e-06 1.29731e-06 -1.35321e-09 1.2743e-06 0.994389
3.1 0.00059304 0.000113253 -1.60613e-07 -3.79166e-15 1.46904e-10 -1.60613e-07 0.000112935 4.11877e-12 -8.94698e-14 2.52366e-15 -4.11877e-12 0.000112935 -1.54106e-10 1.46926e-10 -1.63648e-13 1.54106e-10 0.000112617 -0.00141818 -3.34796e-11 1.29713e-06 -0.00141818 0.997193 3.6368e-08 -7.90001e-10 2.22834e-11 -3.6368e-08 0.997192 -1.36073e-06 1.29733e-06 -1.44498e-09 1.36072e-06 0.994389
3.2 0.000612151 0.000113241 -1.7113e-07 -4.04034e-15 1.46889e-10 -1.7113e-07 0.000112923 4.11839e-12 -9.53254e-14 2.68794e-15 -4.11839e-12 0.000112923 -1.64198e-10 1.46912e-10 -1.7436e-13 1.64198e-10 0.000112605 -0.0015112 -3.56792e-11 1.29714e-06 -0.0015112 0.997193 3.63685e-08 -8.41795e-10 2.37365e-11 -3.63685e-08 0.997192 -1.44999e-06 1.29735e-06 -1.53973e-09 1.44999e-06 0.994388
3.3 0.00063126 0.000113228 -1.81978e-07 -4.29528e-15 1.46874e-10 -1.81978e-07 0.00011291 4.118e-12 -1.01368e-13 2.85784e-15 -4.11799e-12 0.00011291 -1.74609e-10 1.46898e-10 -1.85413e-13 1.74608e-10 0.000112593 -0.00160718 -3.79347e-11 1.29715e-06 -0.00160718 0.997192 3.6369e-08 -8.95255e-10 2.52397e-11 -3.6369e-08 0.997191 -1.5421e-06 1.29737e-06 -1.63752e-09 1.54209e-06 0.994388
3.4 0.000650367 0.000113215 -1.93159e-07 -4.55914e-15 1.46859e-10 -1.93159e-07 0.000112897 4.11759e-12 -1.07592e-13 3.03351e-15 -4.11759e-12 0.000112897 -1.85338e-10 1.46884e-10 -1.96803e-13 1.85338e-10 0.00011258 -0.00170612 -4.02697e-11 1.29716e-06 -0.00170612 0.997192 3.63695e-08 -9.50335e-10 2.67942e-11 -3.63695e-08 0.997191 -1.63704e-06 1.29738e-06 -1.73831e-09 1.63704e-06 0.994387
3.5 0.000669472 0.000113202 -2.04671e-07 -4.83169e-15 1.46843e-10 -2.04671e-07 0.000112884 4.11717e-12 -1.14004e-13 3.21484e-15 -4.11717e-12 0.000112884 -1.96387e-10 1.46869e-10 -2.08531e-13 1.96386e-10 0.000112567 -0.00180802 -4.2682e-11 1.29718e-06 -0.00180802 0.997192 3.63701e-08 -1.00708e-09 2.83991e-11 -3.63701e-08 0.99719 -1.73483e-06 1.2974e-06 -1.84211e-09 1.73483e-06 0.994387
3.6 0.000688575 0.000113188 -2.16516e-07 -5.11185e-15 1.46827e-10 -2.16515e-07 0.000112871 4.11674e-12 -1.20599e-13 3.40199e-15 -4.11673e-12 0.00011287 -2.07754e-10 1.46853e-10 -2.20597e-13 2.07753e-10 0.000112553 -0.00191288 -4.51623e-11 1.29719e-06 -0.00191288 0.997192 3.63707e-08 -1.06547e-09 3.0056e-11 -3.63706e-08 0.99719 -1.83547e-06 1.29743e-06 -1.94893e-09 1.83546e-06 0.994386
3.7 0.000707676 0.000113174 -2.28691e-07 -5.40052e-15 1.4681e-10 -2.28691e-07 0.000112857 4.11629e-12 -1.27378e-13 3.59215e-15 -4.11629e-12 0.000112856 -2.19439e-10 1.46838e-10 -2.33001e-13 2.19438e-10 0.000112539 -0.0020207 -4.77186e-11 1.2972e-06 -0.0020207 0.997191 3.63712e-08 -1.1255e-09 3.17399e-11 -3.63712e-08 0.997189 -1.93894e-06 1.29745e-06 -2.05878e-09 1.93894e-06 0.994386
3.8 0.000726775 0.00011316 -2.41199e-07 -5.69512e-15 1.46793e-10 -2.41198e-07 0.000112842 4.11584e-12 -1.34341e-13 3.78827e-15 -4.11583e-12 0.000112842 -2.31442e-10 1.46821e-10 -2.45741e-13 2.31442e-10 0.000112525 -0.00213148 -5.03281e-11 1.29722e-06 -0.00213148 0.997191 3.63718e-08 -1.18718e-09 3.34771e-11 -3.63718e-08 0.997189 -2.04527e-06 1.29747e-06 -2.17163e-09 2.04526e-06 0.994385
3.9 0.000745871 0.000113145 -2.54037e-07 -5.99941e-15 1.46775e-10 -2.54037e-07 0.000112827 4.11537e-12 -1.41488e-13 3.98968e-15 -4.11537e-12 0.000112827 -2.43764e-10 1.46805e-10 -2.5882e-13 2.43764e-10 0.00011251 -0.00224523 -5.30239e-11 1.29723e-06 -0.00224523 0.997191 3.63724e-08 -1.2505e-09 3.52615e-11 -3.63724e-08 0.997188 -2.15444e-06 1.29749e-06 -2.28751e-09 2.15443e-06 0.994385
4 0.000764965 0.00011313 -2.67206e-07 -6.3092e-15 1.46757e-10 -2.67206e-07 0.000112812 4.11489e-12 -1.48821e-13 4.19663e-15 -4.11488e-12 0.000112812 -2.56404e-10 1.46788e-10 -2.72235e-13 2.56403e-10 0.000112495 -0.00236194 -5.57694e-11 1.29724e-06 -0.00236194 0.99719 3.63731e-08 -1.31548e-09 3.70956e-11 -3.6373e-08 0.997188 -2.26645e-06 1.29751e-06 -2.40639e-09 2.26645e-06 0.994384
4.1 0.000784057 0.000113115 -2.80706e-07 -6.62843e-15 1.46739e-10 -2.80706e-07 0.000112797 4.11439e-12 -1.56336e-13 4.40947e-15 -4.11439e-12 0.000112796 -2.69361e-10 1.4677e-10 -2.85986e-13 2.69361e-10 0.000112479 -0.00248161 -5.85993e-11 1.29726e-06 -0.00248161 0.99719 3.63737e-08 -1.3821e-09 3.89823e-11 -3.63737e-08 0.997187 -2.38131e-06 1.29754e-06 -2.52829e-09 2.38131e-06 0.994383
4.2 0.000803147 0.000113099 -2.94537e-07 -6.95562e-15 1.4672e-10 -2.94537e-07 0.000112781 4.11389e-12 -1.64034e-13 4.62623e-15 -4.11389e-12 0.00011278 -2.82637e-10 1.46752e-10 -3.00075e-13 2.82636e-10 0.000112463 -0.00260425 -6.15004e-11 1.29727e-06 -0.00260425 0.99719 3.63744e-08 -1.45036e-09 4.09044e-11 -3.63743e-08 0.997186 -2.49903e-06 1.29756e-06 -2.65321e-09 2.49902e-06 0.994383
4.3 0.000822234 0.000113082 -3.08698e-07 -7.28995e-15 1.467e-10 -3.08698e-07 0.000112765 4.11337e-12 -1.71916e-13 4.84779e-15 -4.11337e-12 0.000112764 -2.96229e-10 1.46734e-10 -3.14499e-13 2.96229e-10 0.000112447 -0.00272985 -6.44659e-11 1.29729e-06 -0.00272985 0.997189 3.6375e-08 -1.52028e-09 4.28695e-11 -3.6375e-08 0.997186 -2.61959e-06 1.29758e-06 -2.78115e-09 2.61958e-06 0.994382
4.4 0.000841318 0.000113066 -3.2319e-07 -7.63207e-15 1.4668e-10 -3.23189e-07 0.000112748 4.11284e-12 -1.79982e-13 5.07483e-15 -4.11284e-12 0.000112747 -3.10139e-10 1.46715e-10 -3.29259e-13 3.10138e-10 0.00011243 -0.00285842 -6.75012e-11 1.2973e-06 -0.00285842 0.997189 3.63757e-08 -1.59184e-09 4.48839e-11 -3.63757e-08 0.997185 -2.743e-06 1.29761e-06 -2.91211e-09 2.74299e-06 0.994381
4.5 0.0008604 0.000113049 -3.38011e-07 -7.98201e-15 1.4666e-10 -3.38011e-07 0.000112731 4.1123e-12 -1.88232e-13 5.3081e-15 -4.1123e-12 0.00011273 -3.24366e-10 1.46696e-10 -3.44355e-13 3.24365e-10 0.000112413 -0.00298996 -7.06069e-11 1.29732e-06 -0.00298996 0.997188 3.63764e-08 -1.66505e-09 4.69542e-11 -3.63764e-08 0.997184 -2.86926e-06 1.29763e-06 -3.04608e-09 2.86926e-06 0.99438
4.6 0.00087948 0.000113031 -3.53162e-07 -8.3406e-15 1.46639e-10 -3.53162e-07 0.000112713 4.11175e-12 -1.96663e-13 5.54656e-15 -4.11174e-12 0.000112713 -3.3891e-10 1.46676e-10 -3.59788e-13 3.38909e-10 0.000112396 -0.00312447 -7.37902e-11 1.29733e-06 -0.00312447 0.997188 3.63771e-08 -1.7399e-09 4.9071e-11 -3.63771e-08 0.997183 -2.99838e-06 1.29766e-06 -3.18309e-09 2.99837e-06 0.994379
4.7 0.000898556 0.000113013 -3.68643e-07 -8.70745e-15 1.46618e-10 -3.68643e-07 0.000112696 4.11118e-12 -2.05278e-13 5.78833e-15 -4.11118e-12 0.000112695 -3.53771e-10 1.46656e-10 -3.75556e-13 3.5377e-10 0.000112378 -0.00326194 -7.7048e-11 1.29735e-06 -0.00326194 0.997188 3.63779e-08 -1.81641e-09 5.12181e-11 -3.63778e-08 0.997182 -3.13035e-06 1.29769e-06 -3.32311e-09 3.13034e-06 0.994378
4.8 0.00091763 0.000112995 -3.84453e-07 -9.08062e-15 1.46596e-10 -3.84453e-07 0.000112677 4.11061e-12 -2.14077e-13 6.03855e-15 -4.1106e-12 0.000112677 -3.68948e-10 1.46635e-10 -3.91657e-13 3.68948e-10 0.00011236 -0.00340239 -8.03629e-11 1.29737e-06 -0.00340239 0.997187 3.63786e-08 -1.89456e-09 5.34408e-11 -3.63786e-08 0.997181 -3.26517e-06 1.29771e-06 -3.46614e-09 3.26516e-06 0.994378
4.9 0.000936701 0.000112977 -4.00593e-07 -9.46236e-15 1.46574e-10 -4.00592e-07 0.000112659 4.11002e-12 -2.23058e-13 6.2909e-15 -4.11001e-12 0.000112658 -3.84442e-10 1.46614e-10 -4.08095e-13 3.84441e-10 0.000112341 -0.0035458 -8.37551e-11 1.29738e-06 -0.0035458 0.997187 3.63794e-08 -1.97437e-09 5.56832e-11 -3.63793e-08 0.997181 -3.40285e-06 1.29774e-06 -3.61221e-09 3.40284e-06 0.994377
5 0.00095577 0.000112958 -4.17061e-07 -9.85156e-15 1.46551e-10 -4.17061e-07 0.00011264 4.10942e-12 -2.32221e-13 6.5494e-15 -4.10941e-12 0.000112639 -4.00252e-10 1.46593e-10 -4.24866e-13 4.00251e-10 0.000112322 -0.00369219 -8.72146e-11 1.2974e-06 -0.00369219 0.997186 3.63802e-08 -2.05582e-09 5.7981e-11 -3.63801e-08 0.99718 -3.54338e-06 1.29777e-06 -3.76129e-09 3.54337e-06 0.994376
5.1 0.000974835 0.000112938 -4.33858e-07 -1.02488e-14 1.46528e-10 -4.33857e-07 0.00011262 4.1088e-12 -2.41567e-13 6.81257e-15 -4.10879e-12 0.00011262 -4.16378e-10 1.46571e-10 -4.41972e-13 4.16377e-10 0.000112303 -0.00384155 -9.07467e-11 1.29742e-06 -0.00384154 0.997186 3.6381e-08 -2.13893e-09 6.03212e-11 -3.63809e-08 0.997179 -3.68677e-06 1.2978e-06 -3.9134e-09 3.68677e-06 0.994375
5.2 0.000993897 0.000112919 -4.50983e-07 -1.06536e-14 1.46505e-10 -4.50983e-07 0.000112601 4.10818e-12 -2.51094e-13 7.08148e-15 -4.10817e-12 0.0001126 -4.3282e-10 1.46549e-10 -4.59413e-13 4.32819e-10 0.000112283 -0.00399388 -9.43475e-11 1.29744e-06 -0.00399388 0.997185 3.63818e-08 -2.22367e-09 6.27131e-11 -3.63817e-08 0.997178 -3.83302e-06 1.29783e-06 -4.06854e-09 3.83302e-06 0.994373
5.3 0.00101296 0.000112898 -4.68437e-07 -1.10672e-14 1.46481e-10 -4.68436e-07 0.000112581 4.10754e-12 -2.60804e-13 7.35633e-15 -4.10753e-12 0.00011258 -4.49577e-10 1.46526e-10 -4.77189e-13 4.49576e-10 0.000112263 -0.00414918 -9.80279e-11 1.29745e-06 -0.00414918 0.997185 3.63826e-08 -2.31008e-09 6.51588e-11 -3.63825e-08 0.997176 -3.98213e-06 1.29786e-06 -4.22671e-09 3.98213e-06 0.994372
5.4 0.00103201 0.000112878 -4.86218e-07 -1.14879e-14 1.46456e-10 -4.86218e-07 0.00011256 4.10689e-12 -2.70695e-13 7.63507e-15 -4.10688e-12 0.000112559 -4.6665e-10 1.46503e-10 -4.95297e-13 4.66649e-10 0.000112243 -0.00430746 -1.01772e-10 1.29747e-06 -0.00430746 0.997185 3.63834e-08 -2.39812e-09 6.764e-11 -3.63833e-08 0.997175 -4.1341e-06 1.29789e-06 -4.3879e-09 4.1341e-06 0.994371
5.5 0.00105107 0.000112857 -5.04327e-07 -1.19155e-14 1.46431e-10 -5.04327e-07 0.000112539 4.10623e-12 -2.80769e-13 7.91966e-15 -4.10621e-12 0.000112538 -4.84037e-10 1.4648e-10 -5.13738e-13 4.84036e-10 0.000112222 -0.00446872 -1.0558e-10 1.29749e-06 -0.00446872 0.997184 3.63843e-08 -2.48783e-09 7.01742e-11 -3.63842e-08 0.997174 -4.28894e-06 1.29792e-06 -4.5521e-09 4.28893e-06 0.99437
5.6 0.00107012 0.000112836 -5.22764e-07 -1.23522e-14 1.46406e-10 -5.22763e-07 0.000112518 4.10555e-12 -2.91023e-13 8.20824e-15 -4.10554e-12 0.000112517 -5.0174e-10 1.46456e-10 -5.32513e-13 5.01739e-10 0.000112201 -0.00463295 -1.0947e-10 1.29751e-06 -0.00463295 0.997184 3.63851e-08 -2.57917e-09 7.27449e-11 -3.6385e-08 0.997173 -4.44663e-06 1.29795e-06 -4.71936e-09 4.44662e-06 0.994369
5.7 0.00108916 0.000112814 -5.41527e-07 -1.27973e-14 1.4638e-10 -5.41527e-07 0.000112497 4.10487e-12 -3.01459e-13 8.50276e-15 -4.10485e-12 0.000112495 -5.19758e-10 1.46431e-10 -5.51619e-13 5.19757e-10 0.000112179 -0.00480016 -1.13437e-10 1.29753e-06 -0.00480016 0.997183 3.6386e-08 -2.67217e-09 7.53695e-11 -3.63859e-08 0.997172 -4.60719e-06 1.29798e-06 -4.88962e-09 4.60718e-06 0.994367
5.8 0.00110821 0.000112792 -5.60618e-07 -1.32477e-14 1.46354e-10 -5.60618e-07 0.000112475 4.10417e-12 -3.12076e-13 8.80303e-15 -4.10415e-12 0.000112473 -5.3809e-10 1.46407e-10 -5.71057e-13 5.38089e-10 0.000112157 -0.00497035 -1.17452e-10 1.29755e-06 -0.00497035 0.997183 3.63869e-08 -2.76682e-09 7.80464e-11 -3.63868e-08 0.99717 -4.77062e-06 1.29802e-06 -5.06291e-09 4.77061e-06 0.994366
5.9 0.00112725 0.00011277 -5.80035e-07 -1.37071e-14 1.46327e-10 -5.80035e-07 0.000112452 4.10346e-12 -3.22875e-13 9.10729e-15 -4.10344e-12 0.000112451 -5.56736e-10 1.46381e-10 -5.90829e-13 5.56735e-10 0.000112135 -0.00514352 -1.2155e-10 1.29757e-06 -0.00514352 0.997182 3.63878e-08 -2.86313e-09 8.07598e-11 -3.63877e-08 0.997169 -4.93691e-06 1.29805e-06 -5.23924e-09 4.9369e-06 0.994364
6 0.00172656 0.000112747 -5.99779e-07 -1.41753e-14 1.463e-10 -5.99778e-07 0.00011243 4.10273e-12 -3.33853e-13 9.41727e-15 -4.10272e-12 0.000112428 -5.75696e-10 1.46356e-10 -6.10931e-13 5.75695e-10 0.000112112 -0.00531967 -1.25726e-10 1.29759e-06 -0.00531967 0.997182 3.63888e-08 -2.96107e-09 8.35255e-11 -3.63886e-08 0.997167 -5.10607e-06 1.29809e-06 -5.41859e-09 5.10606e-06 0.994363
6.2 0.00236869 0.000112701 -6.40244e-07 -1.51334e-14 1.46244e-10 -6.40243e-07 0.000112383 4.10125e-12 -3.56352e-13 1.00515e-14 -4.10124e-12 0.000112381 -6.14558e-10 1.46303e-10 -6.52133e-13 6.14556e-10 0.000112065 -0.00568092 -1.3428e-10 1.29764e-06 -0.00568092 0.997181 3.63907e-08 -3.16193e-09 8.91873e-11 -3.63905e-08 0.997165 -5.45301e-06 1.29815e-06 -5.78641e-09 5.45299e-06 0.99436
6.4 0.00244479 0.000112653 -6.82011e-07 -1.61225e-14 1.46187e-10 -6.8201e-07 0.000112335 4.09972e-12 -3.79571e-13 1.07065e-14 -4.0997e-12 0.000112333 -6.54672e-10 1.46249e-10 -6.94656e-13 6.54671e-10 0.000112017 -0.0060541 -1.43117e-10 1.29768e-06 -0.0060541 0.99718 3.63926e-08 -3.3694e-09 9.50402e-11 -3.63924e-08 0.997161 -5.81143e-06 1.29823e-06 -6.16636e-09 5.81141e-06 0.994356
6.6 0.00252085 0.000112603 -7.25077e-07 -1.71423e-14 1.46128e-10 -7.25076e-07 0.000112285 4.09815e-12 -4.03509e-13 1.13827e-14 -4.09812e-12 0.000112283 -6.96038e-10 1.46193e-10 -7.385e-13 6.96037e-10 0.000111967 -0.00643923 -1.52236e-10 1.29772e-06 -0.00643923 0.997178 3.63946e-08 -3.58346e-09 1.01087e-10 -3.63944e-08 0.997158 -6.18135e-06 1.2983e-06 -6.55844e-09 6.18133e-06 0.994353
6.8 0.00259689 0.000112552 -7.6944e-07 -1.81937e-14 1.46067e-10 -7.6944e-07 0.000112234 4.09652e-12 -4.28165e-13 1.20791e-14 -4.09649e-12 0.000112232 -7.38653e-10 1.46135e-10 -7.83662e-13 7.38652e-10 0.000111916 -0.00683631 -1.61648e-10 1.29777e-06 -0.00683631 0.997177 3.63967e-08 -3.80416e-09 1.0732e-10 -3.63965e-08 0.997154 -6.56277e-06 1.29838e-06 -6.96267e-09 6.56276e-06 0.994349
7 0.00267289 0.000112499 -8.15098e-07 -1.92764e-14 1.46004e-10 -8.15097e-07 0.000112182 4.09485e-12 -4.53535e-13 1.27945e-14 -4.09482e-12 0.000112179 -7.82515e-10 1.46075e-10 -8.30138e-13 7.82513e-10 0.000111863 -0.00724536 -1.71347e-10 1.29782e-06 -0.00724535 0.997176 3.63989e-08 -4.03145e-09 1.13729e-10 -3.63986e-08 0.99715 -6.95573e-06 1.29846e-06 -7.37905e-09 6.95571e-06 0.994345
7.2 0.00274886 0.000112445 -8.62048e-07 -2.03878e-14 1.45939e-10 -8.62047e-07 0.000112128 4.09313e-12 -4.7962e-13 1.35308e-14 -4.09309e-12 0.000112124 -8.27621e-10 1.46014e-10 -8.77927e-13 8.2762e-10 0.000111809 -0.00766637 -1.81313e-10 1.29787e-06 -0.00766637 0.997175 3.6401e-08 -4.26536e-09 1.20332e-10 -3.64007e-08 0.997145 -7.36021e-06 1.29854e-06 -7.80759e-09 7.3602e-06 0.99434
7.4 0.0028248 0.00011239 -9.10287e-07 -2.15318e-14 1.45873e-10 -9.10286e-07 0.000112072 4.09136e-12 -5.06418e-13 1.42865e-14 -4.09132e-12 0.000112068 -8.7397e-10 1.45952e-10 -9.27024e-13 8.73969e-10 0.000111753 -0.00809938 -1.91582e-10 1.29792e-06 -0.00809937 0.997174 3.64033e-08 -4.50591e-09 1.27116e-10 -3.6403e-08 0.997141 -7.77625e-06 1.29862e-06 -8.2483e-09 7.77623e-06 0.994335
7.6 0.00290071 0.000112333 -9.59812e-07 -2.27069e-14 1.45805e-10 -9.59811e-07 0.000112015 4.08954e-12 -5.33924e-13 1.5064e-14 -4.0895e-12 0.000112011 -9.21559e-10 1.45887e-10 -9.77429e-13 9.21557e-10 0.000111696 -0.00854437 -2.02139e-10 1.29797e-06 -0.00854436 0.997172 3.64056e-08 -4.75306e-09 1.34101e-10 -3.64052e-08 0.997136 -8.20384e-06 1.29871e-06 -8.7012e-09 8.20382e-06 0.99433
7.8 0.00297657 0.000112274 -1.01062e-06 -2.39116e-14 1.45735e-10 -1.01062e-06 0.000111957 4.08767e-12 -5.62139e-13 1.58609e-14 -4.08763e-12 0.000111952 -9.70386e-10 1.45821e-10 -1.02913e-12 9.70384e-10 0.000111637 -0.00900137 -2.12975e-10 1.29802e-06 -0.00900136 0.997171 3.6408e-08 -5.00684e-09 1.4127e-10 -3.64075e-08 0.99713 -8.643e-06 1.29879e-06 -9.16627e-09 8.64298e-06 0.994325
8 0.00305241 0.000112214 -1.06271e-06 -2.51481e-14 1.45663e-10 -1.06271e-06 0.000111897 4.08576e-12 -5.91059e-13 1.66772e-14 -4.08571e-12 0.000111892 -1.02045e-09 1.45753e-10 -1.08214e-12 1.02045e-09 0.000111577 -0.00947038 -2.24108e-10 1.29808e-06 -0.00947037 0.99717 3.64104e-08 -5.26724e-09 1.4862e-10 -3.64099e-08 0.997125 -9.09375e-06 1.29888e-06 -9.64354e-09 9.09373e-06 0.994319
8.2 0.0031282 0.000112153 -1.11608e-06 -2.64144e-14 1.45589e-10 -1.11608e-06 0.000111835 4.0838e-12 -6.20683e-13 1.75134e-14 -4.08374e-12 0.00011183 -1.07174e-09 1.45683e-10 -1.13644e-12 1.07174e-09 0.000111515 -0.00995142 -2.35522e-10 1.29813e-06 -0.00995141 0.997168 3.64128e-08 -5.53427e-09 1.56156e-10 -3.64123e-08 0.997119 -9.5561e-06 1.29897e-06 -1.0133e-08 9.55608e-06 0.994313
8.4 0.00320396 0.00011209 -1.17072e-06 -2.77125e-14 1.45514e-10 -1.17072e-06 0.000111772 4.08179e-12 -6.51009e-13 1.837e-14 -4.08173e-12 0.000111766 -1.12427e-09 1.45612e-10 -1.19204e-12 1.12426e-09 0.000111451 -0.0104445 -2.47235e-10 1.29819e-06 -0.0104445 0.997167 3.64154e-08 -5.80793e-09 1.63887e-10 -3.64148e-08 0.997112 -1.00301e-05 1.29907e-06 -1.06347e-08 1.003e-05 0.994306
8.6 0.00327968 0.000112025 -1.22663e-06 -2.90409e-14 1.45437e-10 -1.22663e-06 0.000111708 4.07973e-12 -6.82035e-13 1.92467e-14 -4.07966e-12 0.000111701 -1.17802e-09 1.45539e-10 -1.24892e-12 1.17802e-09 0.000111387 -0.0109496 -2.59235e-10 1.29825e-06 -0.0109496 0.997165 3.6418e-08 -6.08823e-09 1.71807e-10 -3.64173e-08 0.997105 -1.05156e-05 1.29916e-06 -1.11486e-08 1.05156e-05 0.994299
8.8 0.00335535 0.000111959 -1.28382e-06 -3.03993e-14 1.45358e-10 -1.28381e-06 0.000111642 4.07763e-12 -7.13758e-13 2.01415e-14 -4.07755e-12 0.000111635 -1.233e-09 1.45465e-10 -1.3071e-12 1.23299e-09 0.00011132 -0.0114668 -2.71521e-10 1.29831e-06 -0.0114668 0.997164 3.64206e-08 -6.37515e-09 1.799e-10 -3.64199e-08 0.997098 -1.10129e-05 1.29926e-06 -1.16747e-08 1.10129e-05 0.994291
9 0.00343099 0.000111892 -1.34226e-06 -3.17886e-14 1.45277e-10 -1.34226e-06 0.000111575 4.07547e-12 -7.46177e-13 2.10576e-14 -4.07539e-12 0.000111566 -1.28919e-09 1.45388e-10 -1.36655e-12 1.28919e-09 0.000111252 -0.011996 -2.84101e-10 1.29837e-06 -0.011996 0.997162 3.64233e-08 -6.66872e-09 1.88195e-10 -3.64225e-08 0.99709 -1.15218e-05 1.29936e-06 -1.22131e-08 1.15217e-05 0.994284
9.2 0.00350659 0.000111823 -1.40197e-06 -3.32076e-14 1.45195e-10 -1.40197e-06 0.000111506 4.07327e-12 -7.79288e-13 2.19922e-14 -4.07318e-12 0.000111497 -1.34661e-09 1.4531e-10 -1.42728e-12 1.34661e-09 0.000111183 -0.0125374 -2.96965e-10 1.29843e-06 -0.0125374 0.997161 3.6426e-08 -6.96893e-09 1.96669e-10 -3.64252e-08 0.997082 -1.20423e-05 1.29947e-06 -1.27637e-08 1.20423e-05 0.994275
9.4 0.00358214 0.000111753 -1.46294e-06 -3.4658e-14 1.45111e-10 -1.46294e-06 0.000111436 4.07102e-12 -8.13091e-13 2.29489e-14 -4.07093e-12 0.000111426 -1.40525e-09 1.45231e-10 -1.48929e-12 1.40524e-09 0.000111112 -0.0130908 -3.1013e-10 1.2985e-06 -0.0130908 0.997159 3.64288e-08 -7.27579e-09 2.05354e-10 -3.64279e-08 0.997073 -1.25746e-05 1.29957e-06 -1.33266e-08 1.25745e-05 0.994266
9.6 0.00365765 0.000111681 -1.52516e-06 -3.61381e-14 1.45025e-10 -1.52516e-06 0.000111364 4.06873e-12 -8.47582e-13 2.39217e-14 -4.06862e-12 0.000111353 -1.46509e-09 1.4515e-10 -1.55257e-12 1.46509e-09 0.00011104 -0.0136564 -3.23583e-10 1.29856e-06 -0.0136564 0.997157 3.64316e-08 -7.5893e-09 2.14197e-10 -3.64307e-08 0.997064 -1.31185e-05 1.29968e-06 -1.39018e-08 1.31185e-05 0.994257
9.8 0.00373311 0.000111608 -1.58863e-06 -3.76484e-14 1.44937e-10 -1.58863e-06 0.000111291 4.06639e-12 -8.82759e-13 2.49161e-14 -4.06627e-12 0.000111279 -1.52615e-09 1.45067e-10 -1.61711e-12 1.52615e-09 0.000110966 -0.014234 -3.37327e-10 1.29863e-06 -0.014234 0.997156 3.64345e-08 -7.90946e-09 2.23246e-10 -3.64335e-08 0.997054 -1.36742e-05 1.29979e-06 -1.44892e-08 1.36742e-05 0.994247
10 0.00380853 0.000111533 -1.65335e-06 -3.91893e-14 1.44848e-10 -1.65335e-06 0.000111216 4.064e-12 -9.18619e-13 2.59298e-14 -4.06387e-12 0.000111204 -1.58842e-09 1.44982e-10 -1.68291e-12 1.58841e-09 0.000110891 -0.0148238 -3.51368e-10 1.29869e-06 -0.0148238 0.997154 3.64375e-08 -8.23626e-09 2.32485e-10 -3.64363e-08 0.997044 -1.42416e-05 1.2999e-06 -1.50889e-08 1.42416e-05 0.994236
10.2 0.0038839 0.000111457 -1.71932e-06 -4.07598e-14 1.44757e-10 -1.71932e-06 0.00011114 4.06156e-12 -9.55161e-13 2.69617e-14 -4.06142e-12 0.000111127 -1.65188e-09 1.44896e-10 -1.74998e-12 1.65188e-09 0.000110814 -0.0154258 -3.65699e-10 1.29876e-06 -0.0154258 0.997152 3.64405e-08 -8.56974e-09 2.41901e-10 -3.64392e-08 0.997033 -1.48208e-05 1.30001e-06 -1.57009e-08 1.48207e-05 0.994225
10.4 0.00395923 0.00011138 -1.78652e-06 -4.2361e-14 1.44664e-10 -1.78652e-06 0.000111063 4.05907e-12 -9.92379e-13 2.80129e-14 -4.05893e-12 0.000111048 -1.71655e-09 1.44808e-10 -1.8183e-12 1.71655e-09 0.000110735 -0.0160399 -3.80328e-10 1.29883e-06 -0.0160399 0.99715 3.64435e-08 -8.90985e-09 2.51507e-10 -3.64422e-08 0.997021 -1.54117e-05 1.30013e-06 -1.63252e-08 1.54117e-05 0.994214
10.6 0.0040345 0.000111301 -1.85496e-06 -4.39921e-14 1.44569e-10 -1.85496e-06 0.000110984 4.05654e-12 -1.03027e-12 2.90855e-14 -4.05638e-12 0.000110968 -1.78242e-09 1.44718e-10 -1.88787e-12 1.78242e-09 0.000110656 -0.0166662 -3.95254e-10 1.2989e-06 -0.0166662 0.997149 3.64466e-08 -9.25664e-09 2.61323e-10 -3.64452e-08 0.997009 -1.60144e-05 1.30024e-06 -1.69618e-08 1.60144e-05 0.994201
10.8 0.00410973 0.000111221 -1.92464e-06 -4.56532e-14 1.44473e-10 -1.92464e-06 0.000110903 4.05396e-12 -1.06884e-12 3.01749e-14 -4.05379e-12 0.000110887 -1.84948e-09 1.44627e-10 -1.95869e-12 1.84948e-09 0.000110574 -0.0173047 -4.10474e-10 1.29898e-06 -0.0173047 0.997147 3.64497e-08 -9.61011e-09 2.71307e-10 -3.64482e-08 0.996997 -1.66289e-05 1.30036e-06 -1.76108e-08 1.66289e-05 0.994188
11 0.00418491 0.000111139 -1.99554e-06 -4.73444e-14 1.44375e-10 -1.99554e-06 0.000110822 4.05134e-12 -1.10808e-12 3.12841e-14 -4.05115e-12 0.000110804 -1.91773e-09 1.44534e-10 -2.03074e-12 1.91773e-09 0.000110491 -0.0179554 -4.25993e-10 1.29905e-06 -0.0179554 0.997145 3.64529e-08 -9.97025e-09 2.81486e-10 -3.64512e-08 0.996983 -1.72553e-05 1.30049e-06 -1.82721e-08 1.72553e-05 0.994175
11.2 0.00426003 0.000111056 -2.06767e-06 -4.90658e-14 1.44275e-10 -2.06766e-06 0.000110738 4.04866e-12 -1.14799e-12 3.2413e-14 -4.04846e-12 0.000110719 -1.98717e-09 1.4444e-10 -2.10404e-12 1.98717e-09 0.000110407 -0.0186183 -4.41812e-10 1.29912e-06 -0.0186183 0.997143 3.64562e-08 -1.03371e-08 2.91863e-10 -3.64543e-08 0.996969 -1.78935e-05 1.30061e-06 -1.89458e-08 1.78935e-05 0.994161
11.4 0.00433511 0.000110971 -2.14101e-06 -5.08164e-14 1.44174e-10 -2.14101e-06 0.000110654 4.04594e-12 -1.18856e-12 3.35579e-14 -4.04573e-12 0.000110633 -2.0578e-09 1.44344e-10 -2.17856e-12 2.05779e-09 0.000110321 -0.0192934 -4.57924e-10 1.2992e-06 -0.0192934 0.997141 3.64594e-08 -1.07105e-08 3.02402e-10 -3.64575e-08 0.996954 -1.85436e-05 1.30073e-06 -1.96318e-08 1.85435e-05 0.994146
11.6 0.00441013 0.000110885 -2.21558e-06 -5.25957e-14 1.4407e-10 -2.21557e-06 0.000110568 4.04317e-12 -1.22979e-12 3.47257e-14 -4.04294e-12 0.000110546 -2.1296e-09 1.44246e-10 -2.25432e-12 2.1296e-09 0.000110234 -0.0199808 -4.74327e-10 1.29928e-06 -0.0199808 0.997139 3.64628e-08 -1.10907e-08 3.13168e-10 -3.64607e-08 0.996939 -1.92055e-05 1.30086e-06 -2.03302e-08 1.92055e-05 0.99413
11.8 0.0044851 0.000110798 -2.29135e-06 -5.44072e-14 1.43965e-10 -2.29135e-06 0.00011048 4.04036e-12 -1.27168e-12 3.59093e-14 -4.04011e-12 0.000110457 -2.20258e-09 1.44147e-10 -2.3313e-12 2.20258e-09 0.000110145 -0.0206805 -4.9105e-10 1.29935e-06 -0.0206805 0.997137 3.64661e-08 -1.14776e-08 3.24098e-10 -3.64639e-08 0.996922 -1.98793e-05 1.30099e-06 -2.1041e-08 1.98793e-05 0.994113
12 0.0139046 0.000110709 -2.36833e-06 -5.62456e-14 1.43859e-10 -2.36833e-06 0.000110392 4.0375e-12 -1.31423e-12 3.7113e-14 -4.03723e-12 0.000110366 -2.27674e-09 1.44046e-10 -2.40949e-12 2.27673e-09 0.000110055 -0.0213925 -5.0805e-10 1.29943e-06 -0.0213924 0.997135 3.64696e-08 -1.18711e-08 3.35231e-10 -3.64672e-08 0.996905 -2.05651e-05 1.30112e-06 -2.17642e-08 2.05651e-05 0.994096
13 0.0246683 0.000110244 -2.7712e-06 -6.58855e-14 1.433e-10 -2.7712e-06 0.000109927 4.02249e-12 -1.53671e-12 4.34066e-14 -4.02213e-12 0.000109892 -2.66497e-09 1.43517e-10 -2.81856e-12 2.66496e-09 0.000109582 -0.025137 -5.97635e-10 1.29985e-06 -0.025137 0.997124 3.64873e-08 -1.39392e-08 3.93733e-10 -3.6484e-08 0.996807 -2.41734e-05 1.30181e-06 -2.55667e-08 2.41734e-05 0.993997
14 0.0265294 0.000109744 -3.20357e-06 -7.62564e-14 1.42699e-10 -3.20356e-06 0.000109427 4.00632e-12 -1.77514e-12 5.01546e-14 -4.00583e-12 0.00010938 -3.08194e-09 1.42948e-10 -3.25732e-12 3.08193e-09 0.000109072 -0.0291912 -6.94855e-10 1.30029e-06 -0.0291912 0.997112 3.6506e-08 -1.61752e-08 4.57013e-10 -3.65015e-08 0.996685 -2.80829e-05 1.30255e-06 -2.9681e-08 2.80829e-05 0.993873
15 0.0283823 0.000109211 -3.66482e-06 -8.73457e-14 1.42057e-10 -3.66481e-06 0.000108894 3.98901e-12 -2.02909e-12 5.73468e-14 -3.98835e-12 0.000108833 -3.52712e-09 1.42339e-10 -3.72507e-12 3.52712e-09 0.000108525 -0.0335572 -7.99788e-10 1.30076e-06 -0.0335572 0.997099 3.65257e-08 -1.85795e-08 5.25101e-10 -3.65197e-08 0.996535 -3.22964e-05 1.30334e-06 -3.41089e-08 3.22963e-05 0.993722
16 0.0302266 0.000108645 -4.1543e-06 -9.91437e-14 1.41374e-10 -4.15429e-06 0.000108328 3.97055e-12 -2.29813e-12 6.49699e-14 -3.9697e-12 0.000108249 -3.99997e-09 1.41692e-10 -4.22108e-12 3.99996e-09 0.000107943 -0.0382374 -9.12548e-10 1.30125e-06 -0.0382373 0.997086 3.65461e-08 -2.11527e-08 5.98002e-10 -3.65383e-08 0.996352 -3.68169e-05 1.30417e-06 -3.88521e-08 3.68168e-05 0.993539
17 0.0320617 0.000108046 -4.67131e-06 -1.11638e-13 1.40652e-10 -4.6713e-06 0.00010773 3.95096e-12 -2.5818e-12 7.30115e-14 -3.94988e-12 0.000107629 -4.49987e-09 1.41006e-10 -4.74458e-12 4.49986e-09 0.000107325 -0.0432342 -1.03324e-09 1.30177e-06 -0.0432342 0.997071 3.65673e-08 -2.38953e-08 6.75741e-10 -3.65572e-08 0.996134 -4.16475e-05 1.30505e-06 -4.39124e-08 4.16474e-05 0.993319
18 0.0338871 0.000107416 -5.21512e-06 -1.2482e-13 1.39889e-10 -5.21511e-06 0.0001071 3.93026e-12 -2.87962e-12 8.14595e-14 -3.9289e-12 0.000106973 -5.02619e-09 1.40283e-10 -5.29473e-12 5.02618e-09 0.000106671 -0.0485504 -1.16202e-09 1.30231e-06 -0.0485504 0.997056 3.6589e-08 -2.6808e-08 7.58352e-10 -3.65763e-08 0.995873 -4.67917e-05 1.30597e-06 -4.92916e-08 4.67916e-05 0.993057
19 0.0357021 0.000106756 -5.78495e-06 -1.38669e-13 1.39088e-10 -5.78495e-06 0.00010644 3.90845e-12 -3.19107e-12 9.03007e-14 -3.90676e-12 0.000106282 -5.57829e-09 1.39522e-10 -5.87069e-12 5.57828e-09 0.000105982 -0.0541887 -1.29894e-09 1.30286e-06 -0.0541886 0.997039 3.66111e-08 -2.98913e-08 8.45863e-10 -3.65953e-08 0.995566 -5.22528e-05 1.30693e-06 -5.49918e-08 5.22527e-05 0.992749
20 0.0375062 0.000106065 -6.38001e-06 -1.53178e-13 1.3825e-10 -6.38001e-06 0.000105749 3.88555e-12 -3.51563e-12 9.95194e-14 -3.88347e-12 0.000105557 -6.15546e-09 1.38726e-10 -6.47153e-12 6.15545e-09 0.000105258 -0.0601518 -1.44419e-09 1.30344e-06 -0.0601518 0.997022 3.66336e-08 -3.3146e-08 9.38285e-10 -3.6614e-08 0.995206 -5.80347e-05 1.30793e-06 -6.10146e-08 5.80346e-05 0.992388
21 0.0392989 0.000105346 -6.99945e-06 -1.68328e-13 1.37374e-10 -6.99944e-06 0.00010503 3.86157e-12 -3.85276e-12 1.091e-13 -3.85904e-12 0.000104796 -6.75697e-09 1.37893e-10 -7.09631e-12 6.75696e-09 0.000104499 -0.0664427 -1.59787e-09 1.30403e-06 -0.0664427 0.997003 3.66563e-08 -3.65726e-08 1.03564e-09 -3.66322e-08 0.994787 -6.4141e-05 1.30896e-06 -6.73623e-08 6.41409e-05 0.991968
22 0.0410797 0.000104598 -7.64239e-06 -1.84105e-13 1.36462e-10 -7.64238e-06 0.000104282 3.83654e-12 -4.20189e-12 1.1903e-13 -3.83349e-12 0.000104002 -7.38208e-09 1.37026e-10 -7.74406e-12 7.38206e-09 0.000103707 -0.0730645 -1.76012e-09 1.30463e-06 -0.0730644 0.996984 3.66789e-08 -4.01718e-08 1.13797e-09 -3.66497e-08 0.994303 -7.05758e-05 1.31003e-06 -7.40365e-08 7.05756e-05 0.991484
23 0.0428479 0.000103823 -8.30792e-06 -2.00491e-13 1.35515e-10 -8.30792e-06 0.000103508 3.81046e-12 -4.56243e-12 1.29291e-13 -3.80681e-12 0.000103174 -8.02998e-09 1.36125e-10 -8.41375e-12 8.02997e-09 0.000102881 -0.08002 -1.93108e-09 1.30525e-06 -0.08002 0.996964 3.67015e-08 -4.39442e-08 1.2453e-09 -3.66663e-08 0.993747 -7.73429e-05 1.31112e-06 -8.10393e-08 7.73428e-05 0.990927
24 0.0446031 0.000103022 -8.99512e-06 -2.17468e-13 1.34533e-10 -8.99511e-06 0.000102707 3.78336e-12 -4.93379e-12 1.39866e-13 -3.77902e-12 0.000102312 -8.69988e-09 1.3519e-10 -9.10432e-12 8.69986e-09 0.000102022 -0.0873125 -2.11089e-09 1.30586e-06 -0.0873125 0.996942 3.67237e-08 -4.78906e-08 1.35763e-09 -3.66816e-08 0.993112 -8.44467e-05 1.31225e-06 -8.83725e-08 8.44465e-05 0.990291
25 0.0463447 0.000102196 -9.70301e-06 -2.35018e-13 1.33518e-10 -9.70301e-06 0.000101881 3.75525e-12 -5.31535e-12 1.50738e-13 -3.75012e-12 0.000101418 -9.39092e-09 1.34223e-10 -9.81469e-12 9.3909e-09 0.00010113 -0.0949451 -2.29968e-09 1.30649e-06 -0.0949451 0.99692 3.67455e-08 -5.20113e-08 1.47499e-09 -3.66954e-08 0.992389 -9.18913e-05 1.31339e-06 -9.60379e-08 9.18911e-05 0.989567
26 0.0480722 0.000101346 -1.04306e-05 -2.53122e-13 1.3247e-10 -1.04306e-05 0.000101031 3.72615e-12 -5.7065e-12 1.61892e-13 -3.72015e-12 0.000100491 -1.01022e-08 1.33225e-10 -1.05437e-11 1.01022e-08 0.000100205 -0.102921 -2.4976e-09 1.30711e-06 -0.102921 0.996896 3.67666e-08 -5.63072e-08 1.59743e-09 -3.67074e-08 0.99157 -9.96809e-05 1.31455e-06 -1.04037e-07 9.96807e-05 0.988748
27 0.049785 0.000100473 -1.11769e-05 -2.71756e-13 1.31391e-10 -1.11769e-05 0.000100158 3.69608e-12 -6.10659e-12 1.73309e-13 -3.68909e-12 9.95328e-05 -1.0833e-08 1.32195e-10 -1.12903e-11 1.08329e-08 9.92492e-05 -0.111243 -2.70478e-09 1.30773e-06 -0.111243 0.996872 3.67869e-08 -6.07787e-08 1.72493e-09 -3.67174e-08 0.990646 -0.00010782 1.31573e-06 -1.12372e-07 0.00010782 0.987824
28 0.0514827 9.95774e-05 -1.19408e-05 -2.90904e-13 1.30281e-10 -1.19408e-05 9.92634e-05 3.66507e-12 -6.51498e-12 1.8497e-13 -3.65697e-12 9.85427e-05 -1.15821e-08 1.31136e-10 -1.20532e-11 1.15821e-08 9.82617e-05 -0.119915 -2.92138e-09 1.30834e-06 -0.119915 0.996847 3.68062e-08 -6.54262e-08 1.85755e-09 -3.67248e-08 0.989608 -0.000116313 1.31692e-06 -1.21044e-07 0.000116313 0.986786
29 0.0531646 9.86615e-05 -1.27213e-05 -3.10539e-13 1.29141e-10 -1.27213e-05 9.83477e-05 3.63313e-12 -6.931e-12 1.96857e-13 -3.6238e-12 9.75216e-05 -1.23488e-08 1.30047e-10 -1.28313e-11 1.23488e-08 9.72432e-05 -0.128939 -3.14752e-09 1.30893e-06 -0.128939 0.99682 3.68242e-08 -7.02503e-08 1.99527e-09 -3.67296e-08 0.988446 -0.000125164 1.31812e-06 -1.30054e-07 0.000125164 0.985625
30 0.0548304 9.77258e-05 -1.35173e-05 -3.30639e-13 1.27973e-10 -1.35173e-05 9.74124e-05 3.60029e-12 -7.35399e-12 2.08949e-13 -3.58958e-12 9.647e-05 -1.31321e-08 1.28931e-10 -1.36232e-11 1.31321e-08 9.61943e-05 -0.138318 -3.38333e-09 1.30951e-06 -0.138318 0.996792 3.68407e-08 -7.52513e-08 2.13812e-09 -3.67312e-08 0.98715 -0.000134377 1.31931e-06 -1.39403e-07 0.000134377 0.984329
31 0.0564795 9.67717e-05 -1.43276e-05 -3.51179e-13 1.26778e-10 -1.43276e-05 9.64585e-05 3.56658e-12 -7.78328e-12 2.21231e-13 -3.55435e-12 9.53886e-05 -1.3931e-08 1.27787e-10 -1.44279e-11 1.3931e-08 9.51156e-05 -0.148056 -3.62895e-09 1.31007e-06 -0.148056 0.996764 3.68556e-08 -8.04293e-08 2.28612e-09 -3.67293e-08 0.985708 -0.000143957 1.3205e-06 -1.49092e-07 0.000143957 0.982887
32 0.0581114 9.58002e-05 -1.51512e-05 -3.72134e-13 1.25556e-10 -1.51512e-05 9.54873e-05 3.53201e-12 -8.21819e-12 2.3368e-13 -3.51811e-12 9.42777e-05 -1.47444e-08 1.26617e-10 -1.52439e-11 1.47444e-08 9.40077e-05 -0.158154 -3.88448e-09 1.3106e-06 -0.158154 0.996734 3.68685e-08 -8.57847e-08 2.43925e-09 -3.67234e-08 0.984108 -0.000153908 1.32168e-06 -1.59122e-07 0.000153908 0.981289
33 0.0597256 9.48126e-05 -1.5987e-05 -3.9348e-13 1.24309e-10 -1.59869e-05 9.45e-05 3.49662e-12 -8.65803e-12 2.46279e-13 -3.48088e-12 9.3138e-05 -1.55715e-08 1.25422e-10 -1.607e-11 1.55714e-08 9.28709e-05 -0.168616 -4.15008e-09 1.3111e-06 -0.168616 0.996703 3.68793e-08 -9.13173e-08 2.59754e-09 -3.67133e-08 0.982338 -0.000164234 1.32284e-06 -1.69492e-07 0.000164234 0.979521
34 0.0613216 9.381e-05 -1.68337e-05 -4.15186e-13 1.23037e-10 -1.68336e-05 9.34978e-05 3.46044e-12 -9.1021e-12 2.59006e-13 -3.44268e-12 9.197e-05 -1.6411e-08 1.24203e-10 -1.69049e-11 1.6411e-08 9.17059e-05 -0.179444 -4.42581e-09 1.31155e-06 -0.179444 0.996671 3.68877e-08 -9.70269e-08 2.76096e-09 -3.66984e-08 0.980386 -0.000174939 1.32398e-06 -1.80204e-07 0.000174938 0.97757
35 0.0628989 9.27938e-05 -1.76902e-05 -4.37226e-13 1.21742e-10 -1.76901e-05 9.24819e-05 3.42348e-12 -9.54973e-12 2.71842e-13 -3.40352e-12 9.07743e-05 -1.72621e-08 1.2296e-10 -1.77473e-11 1.7262e-08 9.05133e-05 -0.190639 -4.7118e-09 1.31196e-06 -0.190639 0.996638 3.68934e-08 -1.02913e-07 2.92953e-09 -3.66783e-08 0.978237 -0.000186026 1.32509e-06 -1.91255e-07 0.000186025 0.975424
36 0.064457 9.17652e-05 -1.85553e-05 -4.59572e-13 1.20425e-10 -1.85553e-05 9.14535e-05 3.38579e-12 -1.00002e-11 2.84767e-13 -3.36342e-12 8.95515e-05 -1.81235e-08 1.21695e-10 -1.85958e-11 1.81235e-08 8.92937e-05 -0.202204 -5.00813e-09 1.31232e-06 -0.202204 0.996604 3.68962e-08 -1.08976e-07 3.10321e-09 -3.66525e-08 0.975877 -0.000197499 1.32616e-06 -2.02646e-07 0.000197498 0.973068
37 0.0659956 9.07253e-05 -1.94278e-05 -4.82192e-13 1.19087e-10 -1.94278e-05 9.0414e-05 3.34738e-12 -1.04528e-11 2.97761e-13 -3.3224e-12 8.83022e-05 -1.89943e-08 1.20409e-10 -1.94492e-11 1.89943e-08 8.80476e-05 -0.214139 -5.31486e-09 1.31261e-06 -0.214139 0.996569 3.68958e-08 -1.15214e-07 3.282e-09 -3.66205e-08 0.973292 -0.000209361 1.32718e-06 -2.14374e-07 0.00020936 0.970486
38 0.067514 8.96755e-05 -2.03066e-05 -5.05057e-13 1.1773e-10 -2.03066e-05 8.93645e-05 3.3083e-12 -1.09069e-11 3.10804e-13 -3.28049e-12 8.7027e-05 -1.98734e-08 1.19102e-10 -2.03059e-11 1.98733e-08 8.67757e-05 -0.226446 -5.63205e-09 1.31284e-06 -0.226446 0.996532 3.68919e-08 -1.21627e-07 3.46588e-09 -3.65818e-08 0.970465 -0.000221614 1.32815e-06 -2.26438e-07 0.000221614 0.967663
39 0.0690118 8.8617e-05 -2.11905e-05 -5.28137e-13 1.16353e-10 -2.11905e-05 8.83064e-05 3.26857e-12 -1.13618e-11 3.23877e-13 -3.2377e-12 8.57264e-05 -2.07596e-08 1.17776e-10 -2.11648e-11 2.07595e-08 8.54785e-05 -0.239125 -5.95977e-09 1.31299e-06 -0.239124 0.996495 3.68843e-08 -1.28213e-07 3.65479e-09 -3.65359e-08 0.967381 -0.000234262 1.32905e-06 -2.38835e-07 0.000234261 0.964584
40 0.10628 8.75511e-05 -2.20782e-05 -5.51397e-13 1.14959e-10 -2.20782e-05 8.72408e-05 3.22823e-12 -1.18167e-11 3.36957e-13 -3.19405e-12 8.44011e-05 -2.16519e-08 1.16432e-10 -2.20244e-11 2.16518e-08 8.41567e-05 -0.252175 -6.298e-09 1.31305e-06 -0.252175 0.996456 3.68725e-08 -1.3497e-07 3.84869e-09 -3.64822e-08 0.964022 -0.000247305 1.32987e-06 -2.51561e-07 0.000247305 0.96123
42 0.146749 8.54021e-05 -2.38604e-05 -5.9833e-13 1.12123e-10 -2.38604e-05 8.50926e-05 3.14584e-12 -1.2724e-11 3.63066e-13 -3.10429e-12 8.16791e-05 -2.34501e-08 1.13692e-10 -2.37405e-11 2.34501e-08 8.14418e-05 -0.279389 -7.00603e-09 1.31288e-06 -0.279388 0.996375 3.68356e-08 -1.4899e-07 4.25125e-09 -3.63491e-08 0.956406 -0.000274585 1.33126e-06 -2.77985e-07 0.000274584 0.953627
44 0.152348 8.32388e-05 -2.56436e-05 -6.45587e-13 1.0923e-10 -2.56435e-05 8.293e-05 3.06141e-12 -1.36234e-11 3.88972e-13 -3.01138e-12 7.8866e-05 -2.52592e-08 1.10892e-10 -2.54433e-11 2.52591e-08 7.86361e-05 -0.308072 -7.75585e-09 1.31224e-06 -0.308072 0.99629 3.67786e-08 -1.63666e-07 4.67297e-09 -3.61776e-08 0.947467 -0.000303454 1.33221e-06 -3.05667e-07 0.000303454 0.944705
46 0.157761 8.10712e-05 -2.74182e-05 -6.92892e-13 1.06289e-10 -2.74182e-05 8.07631e-05 2.97522e-12 -1.45093e-11 4.14521e-13 -2.91554e-12 7.5967e-05 -2.70701e-08 1.08038e-10 -2.71222e-11 2.707e-08 7.57448e-05 -0.338199 -8.54671e-09 1.31105e-06 -0.338199 0.9962 3.66989e-08 -1.7897e-07 5.11305e-09 -3.59627e-08 0.937041 -0.000333905 1.33263e-06 -3.34549e-07 0.000333904 0.9343
48 0.162982 7.89094e-05 -2.91749e-05 -7.3996e-13 1.03309e-10 -2.91748e-05 7.86021e-05 2.88758e-12 -1.53764e-11 4.39564e-13 -2.81698e-12 7.29875e-05 -2.88738e-08 1.05139e-10 -2.87667e-11 2.88737e-08 7.27732e-05 -0.369726 -9.37734e-09 1.30921e-06 -0.369726 0.996106 3.65936e-08 -1.94862e-07 5.57049e-09 -3.56989e-08 0.924954 -0.00036591 1.3324e-06 -3.64554e-07 0.00036591 0.922238
50 0.168004 7.67632e-05 -3.09043e-05 -7.86497e-13 1.003e-10 -3.09043e-05 7.64567e-05 2.79879e-12 -1.62196e-11 4.63952e-13 -2.71592e-12 6.9933e-05 -3.06614e-08 1.02202e-10 -3.03666e-11 3.06613e-08 6.97268e-05 -0.402593 -1.02458e-08 1.30661e-06 -0.402592 0.996007 3.64601e-08 -2.11294e-07 6.04394e-09 -3.53805e-08 0.911023 -0.000399428 1.3314e-06 -3.95588e-07 0.000399427 0.908337
52 0.172821 7.46423e-05 -3.25975e-05 -8.32216e-13 9.72699e-11 -3.25974e-05 7.43366e-05 2.70916e-12 -1.70337e-11 4.87545e-13 -2.61262e-12 6.68089e-05 -3.2424e-08 9.9236e-11 -3.19118e-11 3.2424e-08 6.66111e-05 -0.436716 -1.11494e-08 1.30315e-06 -0.436715 0.995904 3.62952e-08 -2.28205e-07 6.53175e-09 -3.50019e-08 0.895053 -0.000434392 1.32949e-06 -4.2753e-07 0.000434391 0.892403
54 0.177428 7.25562e-05 -3.42456e-05 -8.76818e-13 9.42277e-11 -3.42456e-05 7.22513e-05 2.61901e-12 -1.78138e-11 5.10214e-13 -2.50733e-12 6.36207e-05 -3.4153e-08 9.62476e-11 -3.33931e-11 3.41529e-08 6.34315e-05 -0.471987 -1.20847e-08 1.29869e-06 -0.471987 0.995798 3.60962e-08 -2.45518e-07 7.03198e-09 -3.4557e-08 0.876846 -0.000470711 1.32652e-06 -4.60237e-07 0.00047071 0.874239
56 0.181819 7.0514e-05 -3.58402e-05 -9.20014e-13 9.11821e-11 -3.58402e-05 7.02099e-05 2.52864e-12 -1.85551e-11 5.3183e-13 -2.4003e-12 6.03739e-05 -3.58398e-08 9.32443e-11 -3.48013e-11 3.58397e-08 6.01935e-05 -0.508271 -1.30473e-08 1.29311e-06 -0.508271 0.995687 3.58602e-08 -2.63141e-07 7.54219e-09 -3.404e-08 0.856198 -0.000508266 1.32235e-06 -4.93537e-07 0.000508264 0.85364
58 0.185988 6.85243e-05 -3.73732e-05 -9.6152e-13 8.81413e-11 -3.73732e-05 6.82211e-05 2.43839e-12 -1.9253e-11 5.52276e-13 -2.29181e-12 5.70743e-05 -3.74761e-08 9.02332e-11 -3.61279e-11 3.74761e-08 5.69029e-05 -0.545401 -1.40318e-08 1.28628e-06 -0.5454 0.995574 3.55842e-08 -2.80966e-07 8.05956e-09 -3.34452e-08 0.832905 -0.000546903 1.31681e-06 -5.27228e-07 0.000546902 0.830404
60 0.286303 6.65957e-05 -3.88369e-05 -1.00105e-12 8.51136e-11 -3.88369e-05 6.62932e-05 2.34854e-12 -1.99032e-11 5.71446e-13 -2.18215e-12 5.37272e-05 -3.9054e-08 8.72212e-11 -3.73652e-11 3.90539e-08 5.3565e-05 -0.583175 -1.50318e-08 1.27807e-06 -0.583174 0.995459 3.52657e-08 -2.98866e-07 8.58083e-09 -3.27671e-08 0.806767 -0.000586434 1.30971e-06 -5.61075e-07 0.000586433 0.804331
64 0.394175 6.29526e-05 -4.15277e-05 -1.07315e-12 7.91286e-11 -4.15277e-05 6.26518e-05 2.1713e-12 -2.10439e-11 6.05569e-13 -1.96046e-12 4.69132e-05 -4.20035e-08 8.12206e-11 -3.95434e-11 4.20034e-08 4.67698e-05 -0.659667 -1.70469e-08 1.25696e-06 -0.659666 0.995223 3.4491e-08 -3.34282e-07 9.61945e-09 -3.11419e-08 0.745214 -0.000667224 1.29019e-06 -6.28145e-07 0.000667222 0.742936
68 0.406626 5.96425e-05 -4.38604e-05 -1.13432e-12 7.32867e-11 -4.38603e-05 5.93434e-05 1.99921e-12 -2.19475e-11 6.3354e-13 -1.73765e-12 3.99759e-05 -4.46308e-08 7.52919e-11 -4.12869e-11 4.46307e-08 3.98519e-05 -0.735388 -1.90186e-08 1.22877e-06 -0.735388 0.994986 3.35199e-08 -3.67984e-07 1.06223e-08 -2.91344e-08 0.670258 -0.000748306 1.26239e-06 -6.9224e-07 0.000748305 0.668179
72 0.417095 5.67146e-05 -4.5791e-05 -1.18288e-12 6.76418e-11 -4.5791e-05 5.64172e-05 1.83434e-12 -2.25889e-11 6.54861e-13 -1.51616e-12 3.29584e-05 -4.68852e-08 6.94798e-11 -4.25595e-11 4.68851e-08 3.28543e-05 -0.807395 -2.08566e-08 1.19267e-06 -0.807394 0.994757 3.23434e-08 -3.98291e-07 1.15466e-08 -2.67332e-08 0.581128 -0.000826687 1.22508e-06 -7.50416e-07 0.000826685 0.579292
76 0.425533 5.42089e-05 -4.7285e-05 -1.2175e-12 6.22408e-11 -4.7285e-05 5.39132e-05 1.67846e-12 -2.2949e-11 6.69219e-13 -1.29846e-12 2.59027e-05 -4.8723e-08 6.38238e-11 -4.33383e-11 4.87229e-08 2.58188e-05 -0.872274 -2.24594e-08 1.14817e-06 -0.872273 0.994545 3.09627e-08 -4.23344e-07 1.23452e-08 -2.39529e-08 0.477832 -0.000898801 1.17737e-06 -7.99468e-07 0.000898799 0.476284
80 0.431897 5.2156e-05 -4.83174e-05 -1.23728e-12 5.71229e-11 -4.83173e-05 5.18619e-05 1.53296e-12 -2.30158e-11 6.76476e-13 -1.08696e-12 1.88492e-05 -5.01095e-08 5.83588e-11 -4.36142e-11 5.01094e-08 1.87858e-05 -0.926401 -2.37227e-08 1.09523e-06 -0.9264 0.994362 2.93919e-08 -4.41287e-07 1.29702e-08 -2.08405e-08 0.3614 -0.000960762 1.11893e-06 -8.36226e-07 0.00096076 0.360184
84 0.436158 5.05762e-05 -4.88729e-05 -1.24178e-12 5.2318e-11 -4.88729e-05 5.02837e-05 1.39887e-12 -2.27846e-11 6.76661e-13 -8.83956e-13 1.18362e-05 -5.10185e-08 5.3114e-11 -4.33919e-11 5.10184e-08 1.17935e-05 -0.966322 -2.45527e-08 1.03444e-06 -0.966322 0.994217 2.76586e-08 -4.505e-07 1.3379e-08 -1.74777e-08 0.234027 -0.00100875 1.05018e-06 -8.57952e-07 0.00100874 0.233182
88 0.328636 4.94799e-05 -4.89464e-05 -1.23105e-12 4.78465e-11 -4.89464e-05 4.9189e-05 1.27675e-12 -2.22595e-11 6.69965e-13 -6.91586e-13 4.90021e-06 -5.14335e-08 4.81141e-11 -4.26892e-11 5.14334e-08 4.87817e-06 -0.989218 -2.48798e-08 9.66988e-07 -0.989217 0.99412 2.58035e-08 -4.49868e-07 1.35401e-08 -1.39771e-08 0.0990343 -0.00103948 9.72397e-07 -8.62759e-07 0.00103948 0.0985888
90 0.219313 4.91137e-05 -4.88034e-05 -1.22011e-12 4.57392e-11 -4.88034e-05 4.88235e-05 1.22026e-12 -2.18903e-11 6.64133e-13 -5.99993e-13 1.47182e-06 -5.14532e-08 4.57123e-11 -4.21666e-11 5.14531e-08 1.46012e-06 -0.993683 -2.48426e-08 9.31293e-07 -0.993682 0.994092 2.48455e-08 -4.45708e-07 1.35224e-08 -1.22164e-08 0.0299676 -0.00104764 9.30745e-07 -8.58551e-07 0.00104763 0.0297294
92 0.328636 4.88678e-05 -4.85423e-05 -1.20559e-12 4.37182e-11 -4.85423e-05 4.85784e-05 1.16678e-12 -2.14533e-11 6.56717e-13 -5.11751e-13 -1.92473e-06 -5.13476e-08 4.33787e-11 -4.15359e-11 5.13475e-08 -1.9261e-06 -0.99334 -2.46704e-08 8.94622e-07 -0.993339 0.994077 2.38764e-08 -4.39007e-07 1.34386e-08 -1.04722e-08 -0.0393864 -0.00105075 8.87674e-07 -8.49964e-07 0.00105074 -0.0394146
96 0.436158 4.8731e-05 -4.76744e-05 -1.16637e-12 3.99326e-11 -4.76743e-05 4.8443e-05 1.06873e-12 -2.03881e-11 6.37377e-13 -3.46077e-13 -8.60691e-06 -5.07638e-08 3.89228e-11 -3.99722e-11 5.07637e-08 -8.58776e-06 -0.978317 -2.39348e-08 8.1945e-07 -0.978316 0.99409 2.19312e-08 -4.18381e-07 1.30795e-08 -7.10178e-09 -0.176621 -0.00104171 7.98726e-07 -8.20262e-07 0.00104171 -0.176228
100 0.431897 4.90519e-05 -4.63649e-05 -1.11474e-12 3.64792e-11 -4.63649e-05 4.87652e-05 9.82009e-13 -1.90946e-11 6.12507e-13 -1.95865e-13 -1.51171e-05 -4.96946e-08 3.47568e-11 -3.80471e-11 4.96945e-08 -1.50777e-05 -0.945223 -2.27257e-08 7.43687e-07 -0.945222 0.994156 2.00198e-08 -3.89274e-07 1.24869e-08 -3.99303e-09 -0.308187 -0.0010131 7.08572e-07 -7.75651e-07 0.0010131 -0.307383
104 0.425533 4.98044e-05 -4.46444e-05 -1.05239e-12 3.33383e-11 -4.46443e-05 4.95191e-05 9.05745e-13 -1.76113e-11 5.82756e-13 -6.2069e-14 -2.14288e-05 -4.81619e-08 3.0887e-11 -3.58163e-11 4.81618e-08 -2.13694e-05 -0.896394 -2.11304e-08 6.69384e-07 -0.896393 0.99427 1.8186e-08 -3.53609e-07 1.17009e-08 -1.24626e-09 -0.430258 -0.00096702 6.20167e-07 -7.19139e-07 0.000967018 -0.429067
108 0.417095 5.09555e-05 -4.25503e-05 -9.81236e-13 3.04824e-11 -4.25502e-05 5.06713e-05 8.38849e-13 -1.5983e-11 5.48834e-13 5.47329e-14 -2.75177e-05 -4.61965e-08 2.73159e-11 -3.33399e-11 4.61964e-08 -2.74388e-05 -0.835047 -1.92567e-08 5.98216e-07 -0.835046 0.994423 1.64624e-08 -3.13666e-07 1.07709e-08 1.07413e-09 -0.540034 -0.000906605 5.36073e-07 -6.54294e-07 0.000906603 -0.538486
112 0.406626 5.24655e-05 -4.01262e-05 -9.03365e-13 2.78786e-11 -4.01262e-05 5.21825e-05 7.80094e-13 -1.42591e-11 5.11491e-13 1.5435e-13 -3.33623e-05 -4.38374e-08 2.4042e-11 -3.06801e-11 4.38373e-08 -3.32645e-05 -0.764811 -1.72183e-08 5.3137e-07 -0.76481 0.994605 1.48687e-08 -2.71781e-07 9.74909e-09 2.94194e-09 -0.63589 -0.000835548 4.58244e-07 -5.84768e-07 0.000835546 -0.634025
116 0.394175 5.42894e-05 -3.7421e-05 -8.20919e-13 2.54903e-11 -3.7421e-05 5.40074e-05 7.28196e-13 -1.24913e-11 4.71501e-13 2.36967e-13 -3.89434e-05 -4.1131e-08 2.10607e-11 -2.78996e-11 4.11309e-08 -3.88272e-05 -0.689289 -1.51212e-08 4.69527e-07 -0.689288 0.994806 1.34132e-08 -2.30087e-07 8.68496e-09 4.36489e-09 -0.71733 -0.000757625 3.87934e-07 -5.13905e-07 0.000757623 -0.715189
120 0.379804 5.63777e-05 -3.44877e-05 -7.3601e-13 2.32803e-11 -3.44877e-05 5.60967e-05 6.81905e-13 -1.07308e-11 4.29644e-13 3.03139e-13 -4.42441e-05 -3.81301e-08 1.83644e-11 -2.50587e-11 3.813e-08 -4.41102e-05 -0.611727 -1.3055e-08 4.12935e-07 -0.611726 0.995015 1.20953e-08 -1.90338e-07 7.62082e-09 5.37694e-09 -0.78478 -0.000676332 3.25739e-07 -4.44479e-07 0.000676331 -0.782405
124 0.363583 5.86779e-05 -3.13823e-05 -6.50643e-13 2.12131e-11 -3.13823e-05 5.83978e-05 6.40059e-13 -9.0261e-12 3.86684e-13 3.5375e-13 -4.92498e-05 -3.48929e-08 1.59429e-11 -2.22146e-11 3.48928e-08 -4.90989e-05 -0.534823 -1.10884e-08 3.61518e-07 -0.534822 0.995226 1.0908e-08 -1.53825e-07 6.58994e-09 6.02868e-09 -0.839324 -0.000594652 2.71702e-07 -3.78586e-07 0.00059465 -0.836753
128 0.34559 6.11351e-05 -2.81626e-05 -5.66653e-13 1.92574e-11 -2.81626e-05 6.08558e-05 6.01654e-13 -7.42044e-12 3.43364e-13 3.89988e-13 -5.39478e-05 -3.14821e-08 1.37839e-11 -1.94193e-11 3.1482e-08 -5.37809e-05 -0.460662 -9.26887e-09 3.14998e-07 -0.460661 0.995431 9.84139e-09 -1.21378e-07 5.61648e-09 6.37911e-09 -0.882436 -0.00051496 2.25466e-07 -3.17646e-07 0.000514959 -0.879705
132 0.325914 6.36933e-05 -2.48875e-05 -4.85641e-13 1.73884e-11 -2.48875e-05 6.34147e-05 5.65885e-13 -5.94966e-12 3.00392e-13 4.13291e-13 -5.83274e-05 -2.79633e-08 1.18733e-11 -1.67189e-11 2.79632e-08 -5.81453e-05 -0.390741 -7.62469e-09 2.73002e-07 -0.39074 0.995626 8.88454e-09 -9.34112e-08 4.71623e-09 6.48877e-09 -0.915755 -0.000439031 1.86413e-07 -2.6249e-07 0.00043903 -0.912896
136 0.304649 6.62963e-05 -2.16158e-05 -4.08959e-13 1.55891e-11 -2.16158e-05 6.60183e-05 5.32161e-13 -4.64065e-12 2.5843e-13 4.25299e-13 -6.23796e-05 -2.4404e-08 1.01958e-11 -1.41526e-11 2.44039e-08 -6.21833e-05 -0.326049 -6.16865e-09 2.35144e-07 -0.326049 0.995807 8.02701e-09 -6.99987e-08 3.8981e-09 6.41513e-09 -0.940922 -0.000368104 1.53791e-07 -2.13475e-07 0.000368103 -0.937961
140 0.281901 6.88888e-05 -1.84052e-05 -3.37677e-13 1.38519e-11 -1.84052e-05 6.86115e-05 5.00129e-13 -3.51035e-12 2.18094e-13 4.27794e-13 -6.6097e-05 -2.0872e-08 8.73528e-12 -1.17531e-11 2.0872e-08 -6.58875e-05 -0.267172 -4.90176e-09 2.01076e-07 -0.267172 0.995974 7.25994e-09 -5.09568e-08 3.16588e-09 6.20992e-09 -0.959473 -0.000302982 1.26803e-07 -1.70609e-07 0.000302981 -0.956433
144 0.257779 7.14173e-05 -1.53113e-05 -2.72593e-13 1.21782e-11 -1.53112e-05 7.11405e-05 4.69659e-13 -2.56547e-12 1.79948e-13 4.22645e-13 -6.94734e-05 -1.74349e-08 7.47543e-12 -9.54574e-12 1.74348e-08 -6.92519e-05 -0.214391 -3.8169e-09 1.70522e-07 -0.214391 0.996123 6.57626e-09 -3.59223e-08 2.51967e-09 5.91796e-09 -0.972781 -0.000244127 1.04673e-07 -1.33661e-07 0.000244126 -0.969679
148 0.232401 7.38307e-05 -1.2387e-05 -2.14253e-13 1.05785e-11 -1.2387e-05 7.35543e-05 4.40819e-13 -1.80297e-12 1.44492e-13 4.11748e-13 -7.25039e-05 -1.41577e-08 6.39995e-12 -7.54979e-12 1.41577e-08 -7.22714e-05 -0.167775 -2.90195e-09 1.4328e-07 -0.167775 0.996256 5.97067e-09 -2.44204e-08 1.95708e-09 5.57692e-09 -0.982029 -0.000191759 8.66841e-08 -1.02258e-07 0.000191758 -0.97888
152 0.205891 7.60814e-05 -9.68168e-06 -1.62972e-13 9.0709e-12 -9.68167e-06 7.58054e-05 4.13848e-13 -1.21116e-12 1.12179e-13 3.96966e-13 -7.51847e-05 -1.11027e-08 5.49311e-12 -5.77852e-12 1.11026e-08 -7.49424e-05 -0.127254 -2.14207e-09 1.19226e-07 -0.127254 0.996372 5.43955e-09 -1.59192e-08 1.47445e-09 5.21764e-09 -0.988213 -0.000145931 7.22004e-08 -7.59518e-08 0.000145931 -0.985029
156 0.178378 7.81257e-05 -7.24049e-06 -1.1888e-13 7.67983e-12 -7.24048e-06 7.78501e-05 3.89113e-13 -7.71432e-13 8.33994e-14 3.80079e-13 -7.75127e-05 -8.32752e-09 4.74014e-12 -4.2403e-12 8.32749e-09 -7.72619e-05 -0.0926774 -1.52165e-09 9.83008e-08 -0.0926773 0.996471 4.9806e-09 -9.87424e-09 1.0675e-09 4.86497e-09 -0.992153 -0.000106591 6.06733e-08 -5.42753e-08 0.000106591 -0.988943
160 0.0971232 7.99246e-05 -5.1037e-06 -8.19611e-14 6.43345e-12 -5.1037e-06 7.96492e-05 3.6706e-13 -4.60481e-13 5.84904e-14 3.62738e-13 -7.94856e-05 -5.88463e-09 4.12755e-12 -2.93952e-12 5.88461e-09 -7.92275e-05 -0.0638564 -1.02548e-09 8.0494e-08 -0.0638564 0.996554 4.59258e-09 -5.76144e-09 7.31819e-10 4.5385e-09 -0.994506 -7.36272e-05 5.16431e-08 -3.67787e-08 7.3627e-05 -0.991277
161 0.0357021 8.03319e-05 -4.62128e-06 -7.38397e-14 6.14795e-12 -4.62128e-06 8.00566e-05 3.62021e-13 -3.9988e-13 5.29017e-14 3.58509e-13 -7.99231e-05 -5.33137e-09 3.99491e-12 -2.65165e-12 5.33135e-09 -7.96634e-05 -0.0575274 -9.19182e-10 7.65319e-08 -0.0575273 0.996572 4.50656e-09 -4.97784e-09 6.58539e-10 4.46284e-09 -0.994911 -6.63667e-05 4.973e-08 -3.30087e-08 6.63665e-05 -0.991678
162 0.0338871 8.07212e-05 -4.1606e-06 -6.61584e-14 5.87383e-12 -4.16059e-06 8.0446e-05 3.57188e-13 -3.4532e-13 4.75777e-14 3.54363e-13 -8.03383e-05 -4.80244e-09 3.87011e-12 -2.37872e-12 4.80242e-09 -8.00771e-05 -0.0515428 -8.19591e-10 7.27668e-08 -0.0515427 0.99659 4.42496e-09 -4.27794e-09 5.89407e-10 4.38995e-09 -0.995256 -5.94941e-05 4.79442e-08 -2.94684e-08 5.94939e-05 -0.99202
163 0.0320617 8.10922e-05 -3.72211e-06 -5.89131e-14 5.61152e-12 -3.7221e-06 8.08169e-05 3.52567e-13 -2.96399e-13 4.25199e-14 3.50323e-13 -8.07312e-05 -4.29846e-09 3.75301e-12 -2.12073e-12 4.29845e-09 -8.04685e-05 -0.0458997 -7.26496e-10 6.91993e-08 -0.0458997 0.996606 4.34773e-09 -3.65509e-09 5.24341e-10 4.32006e-09 -0.995548 -5.30071e-05 4.62808e-08 -2.61521e-08 5.30069e-05 -0.992309
164 0.0302266 8.14442e-05 -3.30625e-06 -5.21026e-14 5.36149e-12 -3.30625e-06 8.1169e-05 3.48166e-13 -2.52721e-13 3.77323e-14 3.46409e-13 -8.11017e-05 -3.82003e-09 3.64344e-12 -1.87766e-12 3.82002e-09 -8.08376e-05 -0.0405953 -6.39733e-10 6.58302e-08 -0.0405953 0.996621 4.2749e-09 -3.103e-09 4.6329e-10 4.25333e-09 -0.995794 -4.69036e-05 4.47354e-08 -2.30545e-08 4.69035e-05 -0.992552
165 0.0283823 8.1777e-05 -2.91347e-06 -4.57214e-14 5.12416e-12 -2.91346e-06 8.15019e-05 3.43992e-13 -2.13898e-13 3.32201e-14 3.42636e-13 -8.14498e-05 -3.3677e-09 3.54126e-12 -1.6495e-12 3.36769e-09 -8.11844e-05 -0.035627 -5.59099e-10 6.26602e-08 -0.0356269 0.996635 4.20647e-09 -2.61562e-09 4.06228e-10 4.18988e-09 -0.995998 -4.11815e-05 4.33038e-08 -2.01707e-08 4.11814e-05 -0.992754
166 0.0265294 8.20902e-05 -2.54414e-06 -3.97685e-14 4.89997e-12 -2.54414e-06 8.18151e-05 3.40053e-13 -1.79552e-13 2.89845e-14 3.39024e-13 -8.17755e-05 -2.94202e-09 3.44633e-12 -1.43622e-12 2.94202e-09 -8.15089e-05 -0.030992 -4.84448e-10 5.96901e-08 -0.030992 0.996649 4.14243e-09 -2.18726e-09 3.53081e-10 4.1299e-09 -0.996167 -3.58389e-05 4.19823e-08 -1.74957e-08 3.58388e-05 -0.99292
167 0.0246683 8.23833e-05 -2.19864e-06 -3.42423e-14 4.68931e-12 -2.19864e-06 8.21083e-05 3.36353e-13 -1.49317e-13 2.50283e-14 3.35591e-13 -8.20788e-05 -2.54349e-09 3.35853e-12 -1.23782e-12 2.54348e-09 -8.18111e-05 -0.0266879 -4.15646e-10 5.69207e-08 -0.0266879 0.996661 4.08278e-09 -1.81247e-09 3.03804e-10 4.07353e-09 -0.996304 -3.08738e-05 4.07671e-08 -1.50251e-08 3.08737e-05 -0.993054
168 0.0172754 8.26561e-05 -1.87733e-06 -2.91381e-14 4.49258e-12 -1.87732e-06 8.23811e-05 3.32901e-13 -1.22844e-13 2.13554e-14 3.32347e-13 -8.23597e-05 -2.17256e-09 3.27772e-12 -1.05425e-12 2.17255e-09 -8.2091e-05 -0.0227125 -3.52522e-10 5.43527e-08 -0.0227125 0.996673 4.02754e-09 -1.4862e-09 2.58364e-10 4.02084e-09 -0.996414 -2.62843e-05 3.96549e-08 -1.27546e-08 2.62842e-05 -0.993162
168.5 0.0109315 8.27848e-05 -1.72584e-06 -2.67429e-14 4.39955e-12 -1.72584e-06 8.25098e-05 3.31267e-13 -1.10915e-13 1.9625e-14 3.30802e-13 -8.24918e-05 -1.99759e-09 3.23991e-12 -9.68023e-13 1.99758e-09 -8.22225e-05 -0.0208473 -3.23041e-10 5.31445e-08 -0.0208473 0.996678 4.00155e-09 -1.3398e-09 2.37061e-10 3.99592e-09 -0.99646 -2.41299e-05 3.91365e-08 -1.16932e-08 2.41298e-05 -0.993208
169 0.0104622 8.29083e-05 -1.58051e-06 -2.44525e-14 4.31014e-12 -1.58051e-06 8.26333e-05 3.297e-13 -9.98037e-14 1.79672e-14 3.2931e-13 -8.26182e-05 -1.82968e-09 3.2038e-12 -8.85496e-13 1.82967e-09 -8.23485e-05 -0.0190634 -2.94935e-10 5.19869e-08 -0.0190634 0.996683 3.97668e-09 -1.20378e-09 2.16712e-10 3.97198e-09 -0.996501 -2.20687e-05 3.86427e-08 -1.06804e-08 2.20686e-05 -0.993248
169.5 0.00999215 8.30265e-05 -1.44139e-06 -2.22676e-14 4.2244e-12 -1.44139e-06 8.27516e-05 3.28196e-13 -8.94714e-14 1.63797e-14 3.27873e-13 -8.2739e-05 -1.66888e-09 3.16939e-12 -8.06667e-13 1.66888e-09 -8.24688e-05 -0.0173606 -2.68199e-10 5.08801e-08 -0.0173606 0.996688 3.95291e-09 -1.07762e-09 1.97283e-10 3.94902e-09 -0.996537 -2.01006e-05 3.81732e-08 -9.71578e-09 2.01006e-05 -0.993283
170 0.0095213 8.31395e-05 -1.30851e-06 -2.0186e-14 4.14235e-12 -1.30851e-06 8.28645e-05 3.26758e-13 -7.988e-14 1.48657e-14 3.26491e-13 -8.28542e-05 -1.51525e-09 3.13666e-12 -7.31532e-13 1.51525e-09 -8.25836e-05 -0.0157387 -2.42797e-10 4.98241e-08 -0.0157387 0.996693 3.93024e-09 -9.60795e-10 1.78804e-10 3.92703e-09 -0.996569 -1.82254e-05 3.77277e-08 -8.79884e-09 1.82253e-05 -0.993314
170.5 0.00904972 8.32472e-05 -1.18189e-06 -1.82083e-14 4.06404e-12 -1.18189e-06 8.29722e-05 3.25387e-13 -7.09949e-14 1.34235e-14 3.25169e-13 -8.29638e-05 -1.36882e-09 3.10561e-12 -6.60086e-13 1.36882e-09 -8.26928e-05 -0.0141974 -2.18725e-10 4.8819e-08 -0.0141973 0.996697 3.90869e-09 -8.52821e-10 1.61249e-10 3.90607e-09 -0.996596 -1.64429e-05 3.73059e-08 -7.92924e-09 1.64428e-05 -0.993341
171 0.00857745 8.33495e-05 -1.06157e-06 -1.6333e-14 3.98951e-12 -1.06157e-06 8.30746e-05 3.24079e-13 -6.27798e-14 1.20535e-14 3.23906e-13 -8.30678e-05 -1.22964e-09 3.07621e-12 -5.92327e-13 1.22964e-09 -8.27964e-05 -0.0127364 -1.95958e-10 4.78649e-08 -0.0127364 0.996701 3.8882e-09 -7.53211e-10 1.44614e-10 3.88612e-09 -0.99662 -1.47528e-05 3.69074e-08 -7.10655e-09 1.47528e-05 -0.993364
171.5 0.00810453 8.34465e-05 -9.4759e-07 -1.45622e-14 3.9188e-12 -9.4759e-07 8.31716e-05 3.22842e-13 -5.52039e-14 1.07576e-14 3.22703e-13 -8.31662e-05 -1.09775e-09 3.04847e-12 -5.28253e-13 1.09775e-09 -8.28944e-05 -0.0113557 -1.74509e-10 4.69618e-08 -0.0113557 0.996705 3.86885e-09 -6.61548e-10 1.28917e-10 3.86719e-09 -0.996641 -1.31552e-05 3.6532e-08 -6.33044e-09 1.31551e-05 -0.993384
172 0.00763099 8.3538e-05 -8.39967e-07 -1.28929e-14 3.85194e-12 -8.39966e-07 8.32631e-05 3.21671e-13 -4.8236e-14 9.53297e-15 3.21562e-13 -8.32589e-05 -9.7319e-10 3.02236e-12 -4.67858e-13 9.73187e-10 -8.29868e-05 -0.0100549 -1.54336e-10 4.611e-08 -0.0100549 0.996709 3.85059e-09 -5.77414e-10 1.14115e-10 3.84928e-09 -0.996658 -1.16497e-05 3.61795e-08 -5.60054e-09 1.16496e-05 -0.993401
172.5 0.00715688 8.36242e-05 -7.3873e-07 -1.13261e-14 3.78896e-12 -7.38729e-07 8.33493e-05 3.20568e-13 -4.18445e-14 8.38175e-15 3.20484e-13 -8.3346e-05 -8.55993e-10 2.99789e-12 -4.1114e-13 8.5599e-10 -8.30736e-05 -0.00883392 -1.35441e-10 4.53094e-08 -0.00883391 0.996713 3.83344e-09 -5.00387e-10 1.00231e-10 3.83243e-09 -0.996674 -1.02362e-05 3.58495e-08 -4.91652e-09 1.02362e-05 -0.993416
173 0.00668221 8.37049e-05 -6.43905e-07 -9.86239e-15 3.72989e-12 -6.43904e-07 8.343e-05 3.19533e-13 -3.60013e-14 7.30579e-15 3.1947e-13 -8.34275e-05 -7.46195e-10 2.97503e-12 -3.58098e-13 7.46192e-10 -8.31548e-05 -0.00769256 -1.17823e-10 4.456e-08 -0.00769255 0.996716 3.81738e-09 -4.30097e-10 8.72803e-11 3.81662e-09 -0.996686 -8.91458e-06 3.55419e-08 -4.2781e-09 8.91456e-06 -0.993428
173.5 0.00620704 8.37802e-05 -5.55517e-07 -8.49979e-15 3.67477e-12 -5.55516e-07 8.35053e-05 3.18569e-13 -3.06793e-14 6.30059e-15 3.18521e-13 -8.35034e-05 -6.43828e-10 2.95379e-12 -3.08725e-13 6.43826e-10 -8.32304e-05 -0.00663065 -1.01454e-10 4.38621e-08 -0.00663064 0.996719 3.80244e-09 -3.66189e-10 7.52038e-11 3.80187e-09 -0.996697 -7.68473e-06 3.52564e-08 -3.68494e-09 7.68471e-06 -0.993438
174 0.0057314 8.38499e-05 -4.73586e-07 -7.24103e-15 3.62362e-12 -4.73586e-07 8.35751e-05 3.17675e-13 -2.58544e-14 5.3709e-15 3.1764e-13 -8.35737e-05 -5.48923e-10 2.93415e-12 -2.63024e-13 5.48922e-10 -8.33004e-05 -0.00564802 -8.6357e-11 4.32156e-08 -0.00564802 0.996722 3.78861e-09 -3.08342e-10 6.40537e-11 3.7882e-09 -0.996706 -6.5465e-06 3.49929e-08 -3.13684e-09 6.54648e-06 -0.993447
174.5 0.00525531 8.39142e-05 -3.98135e-07 -6.08196e-15 3.57647e-12 -3.98135e-07 8.36393e-05 3.16847e-13 -2.1503e-14 4.51409e-15 3.16823e-13 -8.36384e-05 -4.61508e-10 2.91611e-12 -2.20986e-13 4.61507e-10 -8.33648e-05 -0.00474455 -7.24783e-11 4.26205e-08 -0.00474455 0.996725 3.77585e-09 -2.56249e-10 5.37941e-11 3.77556e-09 -0.996713 -5.49976e-06 3.47512e-08 -2.63348e-09 5.49974e-06 -0.993454
175 0.00477883 8.39729e-05 -3.29181e-07 -5.02429e-15 3.53333e-12 -3.29181e-07 8.36981e-05 3.16093e-13 -1.76031e-14 3.7312e-15 3.16076e-13 -8.36974e-05 -3.81608e-10 2.89966e-12 -1.82613e-13 3.81607e-10 -8.34236e-05 -0.00392009 -5.98323e-11 4.20771e-08 -0.00392008 0.996727 3.76422e-09 -2.09629e-10 4.44333e-11 3.76403e-09 -0.996719 -4.54441e-06 3.4531e-08 -2.17467e-09 4.5444e-06 -0.993459
175.5 0.00430199 8.40261e-05 -2.66742e-07 -4.06889e-15 3.49424e-12 -2.66742e-07 8.37512e-05 3.1541e-13 -1.41353e-14 3.02242e-15 3.15399e-13 -8.37508e-05 -3.09246e-10 2.8848e-12 -1.47904e-13 3.09245e-10 -8.34769e-05 -0.00317452 -4.84242e-11 4.15852e-08 -0.00317452 0.996729 3.75372e-09 -1.68225e-10 3.59701e-11 3.75359e-09 -0.996724 -3.68036e-06 3.43322e-08 -1.76021e-09 3.68035e-06 -0.993464
176 0.00382481 8.40737e-05 -2.10834e-07 -3.21327e-15 3.45921e-12 -2.10834e-07 8.37989e-05 3.14797e-13 -1.10807e-14 2.3889e-15 3.1479e-13 -8.37986e-05 -2.44444e-10 2.87152e-12 -1.16852e-13 2.44443e-10 -8.35245e-05 -0.00250773 -3.82196e-11 4.1145e-08 -0.00250773 0.996731 3.7443e-09 -1.31797e-10 2.84143e-11 3.74422e-09 -0.996728 -2.9075e-06 3.41548e-08 -1.38987e-09 2.90749e-06 -0.993467
176.5 0.00334735 8.41158e-05 -1.6147e-07 -2.45959e-15 3.42826e-12 -1.6147e-07 8.38409e-05 3.14255e-13 -8.4236e-15 1.82937e-15 3.14252e-13 -8.38408e-05 -1.87221e-10 2.85981e-12 -8.94571e-14 1.87221e-10 -8.35665e-05 -0.00191962 -2.92405e-11 4.07564e-08 -0.00191962 0.996733 3.73598e-09 -1.00143e-10 2.17483e-11 3.73595e-09 -0.996731 -2.22576e-06 3.39985e-08 -1.0635e-09 2.22575e-06 -0.99347
177 0.00286963 8.41522e-05 -1.18663e-07 -1.80607e-15 3.4014e-12 -1.18663e-07 8.38774e-05 3.13786e-13 -6.15288e-15 1.34492e-15 3.13784e-13 -8.38773e-05 -1.37594e-10 2.84967e-12 -6.57188e-14 1.37594e-10 -8.36029e-05 -0.0014101 -2.14619e-11 4.04196e-08 -0.0014101 0.996734 3.72879e-09 -7.31161e-11 1.59819e-11 3.72876e-09 -0.996733 -1.63506e-06 3.38633e-08 -7.80951e-10 1.63506e-06 -0.993472
177.5 0.00239169 8.41831e-05 -8.2424e-08 -1.25464e-15 3.37865e-12 -8.24239e-08 8.39083e-05 3.13389e-13 -4.24982e-15 9.33772e-16 3.13388e-13 -8.39083e-05 -9.55772e-11 2.84109e-12 -4.5636e-14 9.55769e-11 -8.36337e-05 -0.000979104 -1.49036e-11 4.01346e-08 -0.000979103 0.996735 3.7227e-09 -5.0483e-11 1.10922e-11 3.72269e-09 -0.996735 -1.13535e-06 3.3749e-08 -5.42104e-10 1.13535e-06 -0.993474
178 0.00191357 8.42084e-05 -5.27613e-08 -8.02896e-16 3.36003e-12 -5.27612e-08 8.39336e-05 3.13062e-13 -2.70862e-15 5.98155e-16 3.13061e-13 -8.39336e-05 -6.11829e-11 2.83408e-12 -2.92047e-14 6.11827e-11 -8.36589e-05 -0.000626556 -9.53464e-12 3.99013e-08 -0.000626555 0.996736 3.71771e-09 -3.21657e-11 7.10327e-12 3.71769e-09 -0.996736 -7.26565e-07 3.36556e-08 -3.46815e-10 7.26563e-07 -0.993475
178.5 0.00143531 8.42281e-05 -2.96825e-08 -4.51015e-16 3.34553e-12 -2.96825e-08 8.39533e-05 3.12809e-13 -1.51856e-15 3.37119e-16 3.12809e-13 -8.39532e-05 -3.44213e-11 2.82864e-12 -1.64283e-14 3.44212e-11 -8.36785e-05 -0.000352407 -5.35469e-12 3.97199e-08 -0.000352406 0.996737 3.71383e-09 -1.80292e-11 4.00246e-12 3.71384e-09 -0.996737 -4.08667e-07 3.35831e-08 -1.95046e-10 4.08666e-07 -0.993476
179 0.000956932 8.42421e-05 -1.31936e-08 -2.00412e-16 3.33517e-12 -1.31936e-08 8.39673e-05 3.12628e-13 -6.72503e-16 1.48935e-16 3.12627e-13 -8.39673e-05 -1.53002e-11 2.82475e-12 -7.30116e-15 1.53002e-11 -8.36925e-05 -0.000156615 -2.37899e-12 3.95902e-08 -0.000156615 0.996738 3.71106e-09 -7.98298e-12 1.76794e-12 3.71106e-09 -0.996738 -1.81622e-07 3.35313e-08 -8.66688e-11 1.81621e-07 -0.993476
179.5 0.000478484 8.42506e-05 -3.29861e-09 -4.96425e-17 3.32895e-12 -3.29861e-09 8.39757e-05 3.1252e-13 -1.6786e-16 3.76341e-17 3.12519e-13 -8.39757e-05 -3.82533e-12 2.82241e-12 -1.8263e-15 3.82532e-12 -8.37009e-05 -3.91524e-05 -5.89225e-13 3.95125e-08 -3.91523e-05 0.996738 3.70941e-09 -1.99239e-12 4.46692e-13 3.7094e-09 -0.996738 -4.54043e-08 3.35002e-08 -2.1677e-11 4.54041e-08 -0.993476
180 5.98114e-05 8.42534e-05 0 0 3.32687e-12 0 8.39785e-05 3.12481e-13 0 0 3.12481e-13 -8.39785e-05 0 2.82163e-12 0 0 -8.37037e-05 0 0 3.94865e-08 0 0.996738 3.70883e-09 0 0 3.70883e-09 -0.996738 0 3.34899e-08 0 0 -0.993476
