   3.0182521e+02
   4.5708866e+01
   1.3670872e+01
   1.0859001e+01
   1.0607901e+01
   1.1233089e+01
   1.2367169e+01
   1.4364397e+01
   1.7825228e+01
   2.4665050e+01
   4.1184614e+01
   8.4791853e+01
   1.7995421e+02
   1.4293969e+02
   8.9108532e+01
   6.1799386e+01
   6.2060340e+01
   8.4779281e+01
   1.1522344e+02
   6.5241568e+01
   5.2508276e+01
   5.4313451e+01
   3.7211100e+01
   2.4574528e+01
   2.1602315e+01
   1.2795419e+01
   9.7529108e+00
   8.1551275e+00
   7.9355486e+00
   9.2568621e+00
   1.2740185e+01
   1.5337971e+01
   1.6344954e+01
   1.4986574e+01
   1.4424185e+01
   1.5290659e+01
   1.7594453e+01
   2.0853493e+01
   1.8471998e+01
   1.9840992e+01
   2.1706783e+01
   1.9792894e+01
   1.9672943e+01
   2.1016343e+01
   1.8985377e+01
   2.2373846e+01
   2.3499929e+01
   2.5101851e+01
   2.6470952e+01
   2.7642851e+01
   2.9743951e+01
   3.2834968e+01
